1	7	0.000003
1	8	0.000003
1	12	0.000004
1	13	0.000002
1	15	0.000015
1	41	0.017811
1	67	0.000288
1	620	0.000007
1	622	0.000005
1	759	0.000004
1	766	0.000180
1	770	0.813423
1	773	0.000048
1	782	0.000004
1	783	0.000008
1	784	0.000033
1	786	0.000005
1	787	0.000013
1	788	0.000037
1	789	0.000119
1	792	0.000097
1	793	0.000290
2	7	0.000009
2	8	0.000002
2	11	0.000005
2	12	0.000003
2	14	0.000019
2	15	0.000006
2	30	0.000057
2	39	0.000015
2	40	0.023747
2	41	0.000142
2	42	0.000355
2	46	0.000068
2	53	0.000017
2	62	0.003179
2	64	0.000009
2	65	0.000342
2	66	0.000375
2	67	0.000001
2	129	0.000035
2	619	0.000007
2	620	0.000001
2	622	0.000002
2	678	0.000002
2	758	0.000004
2	759	0.000003
2	763	0.000001
2	765	0.000206
2	766	0.000101
2	768	0.000370
2	769	0.920794
2	770	0.006064
2	773	0.000006
2	780	0.000257
2	782	0.000007
2	783	0.000030
2	784	0.000087
2	786	0.000009
2	787	0.000032
2	788	0.000194
2	789	0.000170
2	790	0.012862
2	792	0.000243
2	793	0.000045
2	795	0.003091
3	7	0.000003
3	8	0.000003
3	9	0.000002
3	11	0.000004
3	13	0.000018
3	14	0.000008
3	29	0.000057
3	39	0.023766
3	40	0.000180
3	41	0.000289
3	42	0.004919
3	46	0.000010
3	52	0.000017
3	61	0.003213
3	62	0.000025
3	64	0.000340
3	65	0.000376
3	66	0.000001
3	129	0.000019
3	618	0.000007
3	622	0.000001
3	678	0.000003
3	683	0.000001
3	758	0.000003
3	764	0.000076
3	765	0.000139
3	766	0.000019
3	768	0.919291
3	769	0.006524
3	770	0.000017
3	773	0.000002
3	780	0.000069
3	782	0.000011
3	783	0.000099
3	784	0.000046
3	786	0.000009
3	787	0.000170
3	788	0.000216
3	789	0.011682
3	790	0.005276
3	792	0.000023
3	793	0.000192
3	795	0.003568
4	8	0.000028
4	9	0.000021
4	12	0.000017
4	13	0.000008
4	28	0.000057
4	41	0.004966
4	58	0.000003
4	60	0.003310
4	61	0.000013
4	622	0.000007
4	677	0.000001
4	682	0.000001
4	690	0.000001
4	757	0.000001
4	763	0.000045
4	764	0.000067
4	766	0.003451
4	770	0.000012
4	773	0.000004
4	782	0.000084
4	783	0.000041
4	784	0.000007
4	786	0.000127
4	787	0.000164
4	788	0.009835
4	789	0.004520
4	792	0.000175
4	793	0.001408
5	10	0.000013
5	27	0.000058
5	48	0.000005
5	56	0.000012
5	57	0.000003
5	59	0.003325
5	68	0.000016
5	126	0.000006
5	128	0.000006
5	623	0.000008
5	679	0.000012
5	680	0.000002
5	689	0.000002
5	760	0.000008
5	761	0.000009
5	767	0.726487
5	794	0.005918
6	24	0.000001
6	26	0.000057
6	41	0.000596
6	55	0.000013
6	58	0.003055
6	67	0.000013
6	622	0.000039
6	688	0.000002
6	759	0.000006
6	763	0.000006
6	764	0.000002
6	766	0.588352
6	770	0.000007
6	773	0.000036
6	782	0.000018
6	783	0.000004
6	784	0.000015
6	786	0.000522
6	787	0.000154
6	788	0.000064
6	789	0.000018
6	792	0.000248
6	793	0.004796
7	25	0.000053
7	37	0.000034
7	38	0.002853
7	43	0.000437
7	44	0.000446
7	45	0.000205
7	47	0.000073
7	48	0.000006
7	49	0.000005
7	54	0.000013
7	56	0.000003
7	57	0.002813
7	63	0.000007
7	127	0.000001
7	128	0.000001
7	621	0.000039
7	687	0.000001
7	762	0.000007
7	767	0.000061
7	771	0.000003
7	772	0.000038
7	774	0.000002
7	775	0.000007
7	776	0.000011
7	777	0.000012
7	778	0.000012
7	779	0.000017
7	781	0.000018
7	785	0.000463
7	791	0.000258
7	794	0.000010
7	796	0.000035
7	797	0.000090
8	22	0.000028
8	37	0.001959
8	38	0.692151
8	43	0.000294
8	44	0.000172
8	45	0.000022
8	47	0.000021
8	48	0.000006
8	54	0.000001
8	56	0.000715
8	57	0.000001
8	63	0.000002
8	126	0.000001
8	621	0.000003
8	761	0.000005
8	767	0.000010
8	771	0.000020
8	772	0.000002
8	774	0.000004
8	775	0.000010
8	776	0.000011
8	777	0.000012
8	778	0.000015
8	779	0.000002
8	781	0.000001
8	785	0.000007
8	791	0.000131
8	794	0.000004
8	796	0.000037
8	797	0.000130
9	19	0.000005
9	21	0.000035
9	37	0.952833
9	38	0.000336
9	43	0.000054
9	44	0.000007
9	45	0.000001
9	47	0.000003
9	54	0.000004
9	130	0.000005
9	767	0.000001
9	771	0.000001
9	774	0.000004
9	775	0.000007
9	776	0.000007
9	777	0.000009
9	778	0.000001
9	791	0.000003
9	796	0.000207
9	797	0.000005
10	18	0.000006
10	20	0.000035
10	23	0.000002
10	30	0.000001
10	36	0.999432
10	42	0.000013
10	53	0.000003
10	129	0.000013
10	768	0.000001
10	795	0.000217
11	16	0.000010
11	35	0.999520
11	128	0.000013
11	767	0.000001
11	794	0.000215
12	19	0.000002
12	31	0.000004
12	34	0.991464
12	35	0.000003
12	38	0.000002
12	127	0.000012
13	31	0.000122
13	34	0.000106
13	37	0.000002
13	49	0.000006
13	126	0.000010
13	127	0.000001
14	35	0.000006
14	48	0.000007
14	126	0.000002
15	21	0.000001
15	31	0.913977
15	34	0.000008
15	47	0.000007
15	63	0.000014
15	791	0.000038
16	20	0.000001
16	28	0.000021
16	29	0.077139
16	30	0.916999
16	32	0.000048
16	33	0.000004
16	46	0.000007
16	61	0.000013
16	62	0.000018
16	790	0.000043
17	26	0.000064
17	28	0.533618
17	29	0.462553
17	60	0.000025
17	61	0.000009
17	789	0.000034
18	25	0.000136
18	27	0.988220
18	59	0.000034
19	24	0.000100
19	26	0.987272
19	28	0.010477
19	58	0.000034
20	25	0.983756
20	27	0.010727
20	57	0.000034
20	68	0.000001
21	26	0.008117
21	28	0.000001
21	29	0.000003
22	26	0.000008
22	28	0.000017
22	55	0.000003
23	27	0.000017
23	48	0.000001
24	37	0.000002
24	47	0.000001
25	36	0.000002
25	46	0.000001
25	52	0.000034
25	64	0.000063
25	782	0.000002
26	35	0.000002
26	37	0.000003
26	45	0.000001
26	51	0.000034
26	63	0.000064
26	781	0.000002
27	36	0.000004
27	50	0.000034
27	62	0.000064
27	780	0.000002
28	35	0.000004
28	49	0.000032
28	779	0.000002
29	34	0.000002
29	48	0.000026
29	49	0.000002
29	778	0.000002
30	35	0.000001
30	48	0.000004
30	59	0.000081
31	58	0.000081
32	57	0.000081
33	56	0.000081
33	771	0.000008
33	796	0.000001
34	41	0.000010
34	55	0.000079
34	61	0.000016
34	770	0.000009
35	40	0.000010
35	42	0.000005
35	46	0.000001
35	53	0.000004
35	60	0.000024
35	768	0.000037
35	769	0.000005
35	795	0.000123
36	59	0.000025
36	767	0.000042
36	794	0.000123
37	41	0.000014
37	58	0.000014
37	60	0.000004
37	61	0.000062
37	766	0.000036
37	793	0.000118
38	55	0.000001
38	58	0.007546
38	60	0.000177
38	61	0.000003
38	622	0.000005
38	766	0.000003
38	788	0.000001
38	792	0.000082
38	793	0.000002
39	48	0.001895
39	56	0.000004
39	57	0.009283
39	59	0.000221
39	68	0.000046
39	69	0.000081
39	126	0.000006
39	128	0.000041
39	132	0.000001
39	679	0.000007
39	680	0.000140
39	761	0.000021
39	767	0.000037
39	794	0.000046
40	48	0.019759
40	56	0.009305
40	57	0.000055
40	59	0.000028
40	68	0.000392
40	69	0.000012
40	71	0.000001
40	126	0.000023
40	128	0.007132
40	131	0.000002
40	623	0.000001
40	625	0.000002
40	679	0.000149
40	680	0.000007
40	760	0.000021
40	761	0.000002
40	767	0.000036
40	794	0.000044
41	45	0.000375
41	47	0.019148
41	48	0.000229
41	49	0.010286
41	51	0.000006
41	54	0.000035
41	56	0.000022
41	57	0.000248
41	63	0.000044
41	68	0.000031
41	69	0.000015
41	70	0.000002
41	127	0.007339
41	130	0.000003
41	621	0.000008
41	624	0.000013
41	679	0.000005
41	680	0.000004
41	681	0.000005
41	761	0.000006
41	762	0.000006
41	767	0.000003
41	771	0.000007
41	772	0.000007
41	774	0.000002
41	775	0.000002
41	776	0.000002
41	777	0.000002
41	778	0.000001
41	785	0.000002
41	791	0.000010
41	794	0.000006
41	796	0.000242
41	797	0.000022
42	48	0.016138
42	56	0.000389
42	57	0.000008
42	59	0.000201
42	68	0.002816
42	69	0.000003
42	126	0.007342
42	128	0.000007
42	623	0.000023
42	679	0.000020
42	680	0.000009
42	760	0.000011
42	761	0.000007
42	767	0.000582
42	794	0.005218
43	55	0.000342
43	58	0.000189
43	60	0.000005
43	61	0.000056
43	67	0.002635
43	620	0.000002
43	622	0.000033
43	759	0.000009
43	763	0.000008
43	764	0.000003
43	766	0.000520
43	770	0.000185
43	773	0.000005
43	782	0.000002
43	783	0.000013
43	784	0.000066
43	786	0.000003
43	787	0.000021
43	788	0.000093
43	789	0.000174
43	792	0.000019
43	793	0.005129
44	55	0.000015
44	58	0.000019
44	60	0.000027
44	61	0.005769
44	67	0.000015
44	620	0.000003
44	622	0.000023
44	763	0.000003
44	766	0.000038
44	770	0.000042
44	773	0.000007
44	782	0.000013
44	783	0.000074
44	784	0.000023
44	786	0.000017
44	787	0.000098
44	788	0.000200
44	789	0.000076
44	792	0.003914
44	793	0.000177
45	55	0.000013
45	58	0.000113
45	60	0.007057
45	61	0.000100
45	67	0.000007
45	620	0.000002
45	622	0.000017
45	766	0.000023
45	770	0.000026
45	773	0.000005
45	782	0.000054
45	783	0.000019
45	784	0.000004
45	786	0.000062
45	787	0.000114
45	788	0.000070
45	789	0.000019
45	792	0.000144
45	793	0.000037
46	56	0.001535
46	57	0.000111
46	59	0.007220
46	68	0.011113
46	126	0.000008
46	128	0.000014
46	623	0.000006
46	679	0.000020
46	680	0.000002
46	760	0.000120
46	767	0.015047
46	794	0.004343
47	55	0.001571
47	58	0.006597
47	60	0.000564
47	61	0.001251
47	67	0.011138
47	620	0.000002
47	622	0.000019
47	759	0.000119
47	766	0.015030
47	770	0.000242
47	773	0.000003
47	782	0.000003
47	783	0.000004
47	784	0.000015
47	786	0.000005
47	787	0.000010
47	788	0.000030
47	789	0.000099
47	792	0.000028
47	793	0.003797
48	52	0.000087
48	53	0.001435
48	55	0.000020
48	58	0.000012
48	60	0.000900
48	61	0.661568
48	62	0.136796
48	64	0.000751
48	65	0.000424
48	66	0.009874
48	125	0.000002
48	129	0.000057
48	758	0.000114
48	765	0.013651
48	766	0.000002
48	768	0.000023
48	769	0.000258
48	770	0.000002
48	780	0.000011
48	783	0.000008
48	784	0.000003
48	787	0.000010
48	788	0.000048
48	789	0.000012
48	790	0.000564
48	792	0.000439
48	793	0.000006
48	795	0.000191
49	55	0.000071
49	58	0.001428
49	60	0.841209
49	61	0.068668
49	690	0.000003
49	757	0.000020
49	763	0.000005
49	764	0.012655
49	766	0.000001
49	782	0.000004
49	783	0.000002
49	786	0.000005
49	787	0.000024
49	788	0.000010
49	789	0.000423
49	792	0.000005
49	793	0.000002
50	56	0.003752
50	57	0.001664
50	59	0.926567
50	68	0.000049
50	126	0.000003
50	128	0.000005
50	689	0.000003
50	691	0.000006
50	767	0.000110
50	794	0.000159
51	55	0.002490
51	58	0.924174
51	60	0.000441
51	61	0.000004
51	67	0.000045
51	688	0.000003
51	690	0.000006
51	763	0.000186
51	766	0.000087
51	786	0.000002
51	787	0.000024
51	788	0.000011
51	789	0.000004
51	793	0.000129
52	56	0.000664
52	57	0.915267
52	59	0.000458
52	68	0.000041
52	69	0.001572
52	126	0.000002
52	128	0.000001
52	680	0.000011
52	687	0.000003
52	689	0.000003
52	760	0.000001
52	761	0.012708
52	767	0.000002
52	794	0.000032
53	57	0.000589
53	59	0.000119
53	68	0.007622
53	623	0.000002
53	679	0.000012
53	689	0.000005
53	760	0.012722
53	761	0.000008
53	767	0.000015
53	794	0.000046
54	58	0.000082
54	60	0.000008
54	61	0.000007
54	67	0.007548
54	622	0.000004
54	688	0.000009
54	759	0.011760
54	766	0.000013
54	770	0.000007
54	773	0.000003
54	782	0.000007
54	784	0.000005
54	786	0.000085
54	787	0.000001
54	792	0.000096
54	793	0.000035
55	59	0.000007
55	63	0.000335
55	68	0.000003
55	621	0.000004
55	684	0.000016
55	687	0.000009
55	756	0.000001
55	771	0.000015
55	772	0.000003
55	781	0.000008
55	785	0.000093
55	791	0.000115
55	794	0.000008
55	796	0.000007
55	797	0.000003
56	61	0.000001
56	62	0.000438
56	64	0.000074
56	65	0.035483
56	66	0.000480
56	67	0.000007
56	129	0.000003
56	683	0.000019
56	686	0.000016
56	757	0.000002
56	758	0.010164
56	759	0.000001
56	766	0.000001
56	769	0.000514
56	770	0.000014
56	780	0.000008
56	783	0.000439
56	784	0.000062
56	790	0.000112
56	793	0.000023
56	795	0.000008
57	61	0.000185
57	62	0.000139
57	64	0.035795
57	65	0.000493
57	66	0.000009
57	129	0.000005
57	682	0.000018
57	686	0.000015
57	757	0.010132
57	758	0.000003
57	765	0.000002
57	768	0.000516
57	769	0.000014
57	780	0.000002
57	782	0.000627
57	783	0.000031
57	789	0.000053
57	790	0.000002
57	792	0.000034
57	795	0.000012
58	63	0.031341
58	128	0.000002
58	130	0.000111
58	681	0.000017
58	684	0.000019
58	685	0.000011
58	687	0.000001
58	756	0.010138
58	767	0.000494
58	774	0.000001
58	779	0.000002
58	781	0.000680
58	791	0.000035
58	794	0.000012
58	796	0.000027
59	64	0.000364
59	65	0.000089
59	66	0.000011
59	129	0.000983
59	622	0.000001
59	682	0.000010
59	683	0.000027
59	686	0.000011
59	755	0.010121
59	763	0.000006
59	766	0.000176
59	768	0.000013
59	773	0.000001
59	780	0.000688
59	787	0.000001
59	790	0.000034
59	793	0.000004
59	795	0.000037
60	128	0.000950
60	621	0.000001
60	679	0.000005
60	681	0.000017
60	685	0.000011
60	691	0.000002
60	753	0.000003
60	754	0.009845
60	762	0.000007
60	767	0.000012
60	772	0.000001
60	778	0.000002
60	779	0.000670
60	794	0.000033
60	797	0.000001
61	68	0.000004
61	69	0.000002
61	127	0.000947
61	130	0.000006
61	621	0.000001
61	624	0.000001
61	680	0.000020
61	681	0.000033
61	684	0.000009
61	691	0.000003
61	692	0.000267
61	749	0.000009
61	753	0.006467
61	754	0.000008
61	761	0.000007
61	771	0.000001
61	777	0.000003
61	778	0.000543
61	791	0.000001
61	796	0.000005
61	797	0.000002
62	68	0.002333
62	69	0.000003
62	126	0.000953
62	128	0.000030
62	131	0.000019
62	132	0.000001
62	623	0.000008
62	679	0.000032
62	680	0.000040
62	689	0.000491
62	691	0.002169
62	748	0.000010
62	751	0.000177
62	754	0.000004
62	760	0.000008
62	761	0.000001
62	767	0.000175
62	794	0.000198
63	67	0.001542
63	620	0.000001
63	622	0.000015
63	682	0.000006
63	688	0.000499
63	690	0.002173
63	747	0.000007
63	752	0.000518
63	759	0.000006
63	766	0.000145
63	770	0.000002
63	787	0.000001
63	788	0.000003
63	789	0.000003
63	792	0.000004
63	793	0.000160
64	68	0.000167
64	126	0.000020
64	128	0.000487
64	131	0.000042
64	132	0.000021
64	133	0.000020
64	679	0.000014
64	680	0.000222
64	687	0.000496
64	689	0.002158
64	751	0.000512
64	761	0.000013
64	767	0.000041
64	794	0.000058
65	126	0.000084
65	128	0.002054
65	131	0.000037
65	132	0.000049
65	679	0.000228
65	680	0.000038
65	687	0.000870
65	689	0.000004
65	691	0.000001
65	748	0.000006
65	751	0.000008
65	760	0.000013
65	761	0.000002
65	767	0.000021
65	794	0.000029
66	126	0.000195
66	128	0.928140
66	131	0.000075
66	679	0.000035
66	687	0.000051
66	760	0.000002
66	767	0.000002
66	794	0.000003
67	126	0.000146
67	127	0.948067
67	128	0.000065
67	130	0.000111
67	684	0.000020
67	685	0.000001
67	687	0.000004
67	781	0.000005
67	791	0.000027
67	796	0.000036
68	125	0.000150
68	129	0.000176
68	683	0.000022
68	686	0.000007
68	769	0.000002
68	780	0.000006
68	790	0.000034
68	795	0.000044
69	124	0.000028
69	125	0.997504
70	124	0.999467
71	123	0.999974
72	122	0.999985
73	121	0.999741
74	119	0.000046
74	120	0.999883
75	118	0.000081
75	119	0.995012
75	120	0.000001
76	115	0.000002
76	118	0.927603
76	119	0.000042
77	114	0.000002
77	119	0.000010
78	113	0.000002
78	116	0.995578
78	117	0.000911
79	115	0.999678
80	114	0.999934
81	110	0.000002
81	111	0.000011
81	112	0.000555
81	113	0.999145
82	107	0.000081
82	110	0.000014
82	111	0.020189
82	112	0.978390
82	113	0.000008
83	105	0.000001
83	107	0.000087
83	110	0.020309
83	111	0.979363
83	112	0.000011
84	104	0.000012
84	105	0.056000
84	107	0.000318
84	110	0.942411
84	111	0.000015
85	104	0.985955
85	105	0.003756
86	102	0.000003
86	103	0.999789
87	102	0.998383
87	106	0.000016
87	108	0.000001
88	101	0.999869
88	104	0.000030
88	105	0.000017
88	107	0.000001
89	100	0.999933
89	104	0.000017
90	99	0.999905
90	102	0.000049
90	103	0.000008
91	97	0.000081
91	98	0.999600
91	101	0.000058
92	97	0.987287
92	98	0.000004
92	100	0.000058
93	99	0.000058
102	107	0.000015
104	108	0.000004
104	109	0.000006
105	109	0.000028
126	620	0.000001
126	622	0.000075
126	683	0.000002
126	765	0.000002
126	769	0.000235
126	770	0.000012
126	790	0.000060
126	795	0.000003
127	620	0.000005
127	622	0.000889
127	682	0.000002
127	764	0.000001
127	766	0.000001
127	770	0.000021
127	789	0.000057
128	619	0.000001
128	620	0.000011
128	622	0.001425
128	768	0.000756
128	769	0.000013
128	788	0.000033
128	795	0.001729
129	623	0.000135
129	679	0.000013
129	680	0.000007
129	687	0.000003
129	689	0.000003
129	691	0.000003
129	767	0.000911
129	794	0.001793
130	620	0.904736
130	622	0.000202
130	690	0.000001
130	766	0.000330
130	792	0.000001
130	793	0.000635
131	618	0.000002
131	619	0.999294
131	620	0.000038
131	765	0.000007
131	792	0.000004
132	617	0.000001
132	618	0.999884
132	619	0.000028
133	617	0.999950
133	618	0.000014
134	616	0.999696
135	614	0.000010
135	615	0.999964
136	613	0.000020
136	614	0.999963
136	615	0.000003
137	613	0.998191
137	614	0.000005
138	611	0.997851
138	613	0.000006
139	610	0.998954
139	612	0.000005
140	609	0.999846
140	610	0.000011
141	608	0.999507
142	607	0.999981
143	606	0.999980
144	605	0.999511
145	604	0.999981
146	603	0.999991
147	602	0.999977
148	601	0.999512
149	600	0.999970
150	598	0.000001
150	599	0.999033
151	598	0.998869
152	597	0.999980
153	594	0.000003
153	596	0.999404
154	593	0.000008
155	592	0.000001
155	593	0.000706
156	592	0.000355
156	593	0.993424
157	592	0.998384
157	593	0.000026
158	591	0.999978
159	590	0.999977
160	589	0.999698
161	588	0.999934
162	584	0.000017
162	585	0.000073
162	586	0.000697
162	587	0.998790
163	527	0.000149
163	583	0.000021
163	584	0.000091
163	585	0.001388
163	586	0.996146
163	587	0.000330
164	170	0.000004
164	176	0.000001
164	524	0.000265
164	527	0.064792
164	582	0.000025
164	583	0.000111
164	584	0.002065
164	585	0.829015
164	586	0.000651
164	587	0.000005
165	170	0.000003
165	175	0.000002
165	523	0.000269
165	524	0.000172
165	527	0.176065
165	581	0.000028
165	582	0.000130
165	583	0.002656
165	584	0.587642
165	585	0.000331
165	586	0.000006
166	174	0.000002
166	522	0.000267
166	525	0.720395
166	526	0.094996
166	528	0.000039
167	173	0.000002
167	523	0.000015
167	524	0.958382
167	527	0.000128
167	579	0.000001
167	580	0.000226
167	581	0.005426
167	582	0.003940
167	583	0.004984
167	584	0.000002
168	172	0.000001
168	523	0.803973
168	579	0.000237
168	580	0.005348
169	523	0.001945
169	524	0.000405
169	527	0.000020
169	539	0.000001
169	578	0.000147
169	579	0.002945
169	580	0.000073
169	581	0.000767
169	582	0.000514
169	583	0.000013
170	521	0.980134
170	577	0.000100
171	520	0.999843
171	535	0.000002
172	519	0.999735
172	534	0.000002
173	518	0.999946
173	533	0.000002
174	517	0.997048
174	532	0.000002
175	516	0.751855
175	518	0.000005
175	531	0.000002
176	515	0.506324
176	516	0.248003
176	530	0.000002
177	514	0.260667
177	515	0.493604
177	529	0.000002
178	514	0.739132
178	528	0.000001
179	513	0.983946
180	510	0.000022
180	511	0.002283
180	512	0.983967
181	509	0.000003
181	513	0.000009
182	509	0.000010
182	513	0.000002
183	509	0.999569
184	508	0.999486
185	507	0.999980
186	506	0.999938
187	504	0.000003
187	505	0.998459
188	503	0.000002
188	504	0.999896
189	503	0.989627
190	501	0.000036
190	502	0.740932
191	502	0.170821
192	500	0.000090
192	503	0.000034
193	499	0.000032
193	501	0.903826
193	502	0.000025
194	500	0.999783
195	498	0.000004
195	499	0.999944
196	498	0.998464
197	497	0.999858
198	496	0.999741
199	495	0.999985
200	494	0.999957
201	493	0.999932
202	491	0.000001
202	492	0.999940
202	493	0.000024
203	491	0.999805
203	492	0.000048
204	488	0.000364
204	491	0.000072
205	487	0.000363
206	487	0.000022
206	488	0.991107
207	487	0.971029
208	487	0.001190
209	485	0.991913
210	483	0.000001
210	484	0.998179
211	483	0.999978
212	482	0.999991
213	479	0.000001
213	481	0.999975
214	478	0.000006
214	479	0.000002
214	480	0.999566
215	477	0.000008
215	479	0.997920
218	476	0.928328
220	474	0.000006
220	475	0.991153
220	477	0.000001
220	478	0.000005
221	474	0.999815
221	477	0.000004
222	473	0.999935
222	476	0.000001
223	472	0.999432
224	471	0.997579
225	469	0.000639
225	470	0.948951
226	466	0.000001
226	467	0.000019
226	468	0.000890
227	466	0.000019
227	467	0.000522
227	468	0.951221
228	467	0.989703
229	469	0.000002
230	465	0.981588
230	466	0.000952
231	464	0.999852
232	462	0.000001
232	463	0.999012
233	462	0.998626
233	463	0.000001
234	461	0.999322
235	460	0.998642
236	459	0.999851
236	460	0.000002
237	458	0.999162
238	456	0.000001
238	457	0.998121
239	456	0.999262
239	457	0.000001
240	455	0.999978
241	454	0.999818
241	455	0.000004
242	453	0.993626
243	452	0.987019
243	454	0.000120
244	451	0.950335
244	453	0.004966
245	452	0.009735
246	448	0.000058
246	449	0.010294
246	450	0.754429
246	451	0.010133
247	451	0.009083
248	448	0.014061
248	449	0.965914
248	450	0.012079
248	451	0.000010
249	446	0.000484
249	448	0.965373
249	449	0.011483
249	450	0.000014
250	446	0.992248
250	448	0.005281
250	449	0.000006
251	445	0.999930
252	444	0.999976
253	443	0.999510
254	442	0.999954
255	440	0.000022
255	441	0.999702
256	440	0.999600
257	438	0.998894
257	440	0.000001
258	437	0.999953
259	436	0.999980
260	435	0.999582
261	407	0.000002
261	434	0.999956
262	433	0.999095
263	403	0.000190
263	405	0.000850
263	406	0.000061
263	429	0.000152
263	430	0.000003
263	431	0.000024
263	432	0.996974
264	402	0.000375
264	404	0.005795
264	405	0.000396
264	406	0.000064
264	428	0.000194
264	431	0.990222
265	399	0.000001
265	401	0.000468
265	409	0.000006
265	410	0.000005
266	273	0.000042
266	278	0.000001
266	290	0.000005
266	399	0.000002
266	401	0.001019
266	407	0.001790
266	409	0.000014
266	410	0.000011
267	277	0.000001
267	289	0.000005
267	295	0.000012
267	376	0.000004
267	399	0.000009
267	401	0.911214
267	409	0.000021
268	274	0.000020
268	276	0.000001
268	291	0.000048
268	292	0.000002
268	293	0.000019
268	294	0.000015
268	375	0.000005
268	400	0.975019
268	402	0.000017
268	403	0.000018
268	404	0.000009
268	405	0.000006
268	406	0.000003
268	408	0.000024
268	427	0.000108
268	428	0.000008
268	429	0.000048
268	430	0.000013
269	273	0.000024
269	290	0.000058
269	374	0.000005
269	398	0.000161
269	399	0.995614
269	401	0.000003
269	407	0.000021
270	289	0.000055
270	290	0.000023
270	397	0.000155
270	398	0.998686
270	399	0.000001
271	288	0.000012
271	289	0.000018
271	290	0.000137
271	396	0.000148
271	397	0.998722
272	287	0.000005
272	288	0.000002
272	289	0.000134
272	290	0.000093
272	396	0.998724
273	394	0.000668
273	395	0.990774
274	288	0.000500
275	287	0.000548
275	393	0.982342
276	286	0.000553
276	392	0.998859
277	285	0.000553
277	391	0.998069
278	284	0.000553
278	390	0.999179
278	391	0.000002
279	389	0.999372
280	387	0.000021
280	388	0.997933
281	383	0.000003
281	384	0.000030
281	386	0.000032
281	387	0.992665
281	388	0.000131
281	389	0.000004
282	383	0.000037
282	384	0.000025
282	386	0.963103
282	387	0.000425
282	388	0.000005
283	383	0.000045
283	384	0.000535
283	386	0.000726
283	387	0.000011
284	380	0.000646
284	383	0.000305
284	384	0.937087
284	386	0.000005
285	379	0.000649
285	383	0.995185
285	384	0.000094
286	378	0.000643
286	381	0.000207
286	382	0.997104
287	377	0.000640
287	381	0.995807
288	373	0.000001
288	375	0.000004
288	377	0.000027
288	378	0.000906
288	381	0.000030
289	372	0.000001
289	375	0.000041
289	377	0.000613
289	378	0.982133
290	377	0.992786
291	376	0.956330
291	379	0.000006
292	376	0.003657
293	370	0.000042
293	374	0.554974
293	376	0.000037
293	380	0.000007
294	369	0.000043
294	374	0.042123
294	376	0.000017
294	379	0.000006
295	368	0.000042
295	371	0.923996
295	372	0.006514
295	373	0.021079
295	375	0.000013
295	378	0.000003
296	367	0.000037
296	370	0.999602
296	374	0.000003
297	367	0.000006
297	369	0.999928
297	370	0.000006
298	366	0.000011
298	368	0.999519
299	367	0.999547
300	365	0.479318
300	366	0.514315
301	364	0.963559
302	363	0.999933
302	365	0.000005
303	362	0.999986
303	363	0.000003
304	361	0.999988
304	362	0.000002
305	360	0.999956
305	361	0.000001
306	359	0.999917
307	358	0.999743
308	357	0.999939
309	356	0.999938
310	355	0.999499
311	354	0.999192
312	353	0.999964
313	352	0.999668
314	350	0.000006
314	351	0.999765
315	329	0.001460
315	350	0.997678
315	351	0.000005
316	321	0.000145
316	322	0.000123
316	328	0.006726
316	331	0.000065
316	349	0.539395
316	352	0.000069
317	326	0.004759
317	327	0.012140
317	329	0.000176
317	342	0.000001
317	343	0.000196
317	344	0.000718
317	350	0.000033
317	351	0.000167
318	326	0.016171
318	327	0.000091
318	329	0.121882
318	342	0.000196
318	343	0.000715
318	344	0.000008
318	350	0.000203
319	328	0.122898
319	339	0.000002
319	349	0.000158
319	352	0.000002
320	326	0.018458
320	327	0.122932
320	329	0.000044
320	342	0.000127
320	343	0.000114
320	344	0.000764
320	350	0.000013
320	351	0.000004
321	325	0.015274
321	326	0.105287
321	327	0.000007
321	329	0.000001
321	330	0.000005
321	337	0.000005
321	340	0.000051
321	342	0.000105
321	343	0.000657
321	344	0.002163
321	345	0.001268
321	347	0.000001
321	350	0.000006
322	326	0.000184
322	327	0.000002
322	329	0.000005
322	330	0.000460
322	337	0.000014
322	340	0.000026
322	342	0.000417
322	343	0.002941
322	344	0.001349
322	345	0.000120
322	350	0.000004
322	351	0.000004
323	327	0.000004
323	329	0.000527
323	335	0.000043
323	342	0.003198
323	343	0.001349
323	344	0.000126
323	350	0.000069
323	351	0.000003
324	328	0.000346
324	334	0.000021
324	339	0.000002
324	349	0.000125
325	334	0.000685
325	339	0.000070
325	349	0.002166
326	333	0.000721
326	334	0.000002
326	338	0.000063
326	339	0.005719
326	341	0.000027
326	346	0.000002
326	348	0.002332
326	349	0.408732
327	332	0.000717
327	333	0.000002
327	336	0.000055
327	338	0.006132
327	341	0.000002
327	346	0.000045
327	348	0.853259
327	349	0.000009
328	335	0.000053
328	337	0.006144
328	340	0.000002
328	345	0.000020
328	347	0.858933
329	334	0.000020
329	336	0.006114
329	338	0.000001
329	339	0.000002
329	346	0.861840
329	348	0.000247
329	349	0.000011
330	334	0.000034
330	349	0.000077
331	335	0.000040
331	343	0.000001
331	344	0.001119
331	345	0.964203
331	347	0.000011
332	342	0.000001
332	343	0.001579
332	344	0.991166
333	342	0.001594
333	343	0.991252
333	344	0.000021
334	340	0.000052
334	342	0.988808
334	343	0.000022
334	344	0.000001
334	345	0.000001
334	347	0.000093
335	339	0.000065
335	341	0.973502
335	346	0.000127
336	342	0.000072
336	343	0.000003
336	344	0.000012
338	342	0.000003
338	343	0.000140
338	344	0.000001
339	343	0.000001
341	350	0.000017
342	348	0.000008
342	349	0.000028
343	348	0.000034
344	348	0.000002
345	349	0.000005
346	350	0.000013
374	394	0.000003
376	394	0.000269
377	393	0.000552
378	392	0.000553
379	391	0.000553
380	390	0.000554
380	394	0.000002
381	389	0.000554
381	393	0.000002
382	387	0.000001
382	388	0.000541
382	392	0.000002
383	391	0.000002
384	390	0.000002
394	407	0.000002
394	409	0.000002
395	407	0.001103
396	406	0.001109
397	405	0.001110
398	404	0.001110
398	405	0.000004
399	403	0.000902
399	404	0.000008
399	405	0.000005
399	406	0.000004
399	408	0.000002
400	409	0.002719
400	410	0.000002
401	405	0.000025
401	406	0.000245
401	408	0.011036
401	428	0.000002
401	429	0.000003
401	430	0.000019
402	407	0.045685
402	409	0.000101
402	410	0.001185
402	415	0.000001
402	419	0.000016
402	422	0.000003
402	434	0.000004
403	409	0.001987
403	410	0.000745
403	415	0.000092
403	418	0.000016
403	433	0.000005
404	409	0.001311
404	410	0.000048
404	413	0.000009
404	417	0.000016
404	419	0.000023
404	433	0.000001
405	409	0.000106
405	410	0.000053
405	412	0.000009
405	413	0.000168
405	418	0.000023
405	433	0.000001
406	410	0.000015
406	412	0.000168
406	415	0.000015
406	417	0.000024
407	411	0.000166
407	414	0.000015
407	416	0.000024
407	428	0.183399
407	431	0.000226
408	415	0.000023
409	414	0.000020
409	426	0.000481
409	427	0.765402
409	428	0.000690
409	429	0.000504
409	430	0.000202
410	426	0.962647
410	427	0.000752
410	428	0.000209
410	429	0.000064
410	430	0.000008
411	425	0.999683
412	424	0.999774
413	420	0.000001
413	423	0.999739
414	419	0.000006
414	422	0.999502
414	425	0.000008
415	420	0.000569
415	421	0.990051
415	423	0.000002
415	424	0.000008
415	426	0.000021
416	422	0.000021
416	425	0.000036
417	421	0.000025
417	424	0.000035
417	430	0.000081
418	423	0.000020
418	429	0.000107
419	424	0.000001
419	428	0.000110
420	425	0.000002
422	428	0.000004
516	527	0.000001
517	526	0.000001
518	524	0.000001
521	527	0.000010
521	536	0.000003
522	532	0.000048
523	528	0.000003
523	531	0.000050
523	534	0.000070
523	542	0.000026
523	543	0.000013
524	528	0.000003
524	529	0.000003
524	530	0.000051
524	533	0.000084
524	537	0.000002
524	541	0.000073
524	542	0.000014
525	532	0.000068
525	540	0.000072
525	580	0.000002
526	532	0.000043
526	540	0.000003
526	579	0.000004
526	580	0.000002
527	531	0.000047
527	533	0.000020
527	537	0.189291
527	538	0.000192
527	541	0.000001
527	542	0.000001
528	532	0.000008
528	535	0.000108
528	536	0.214888
528	540	0.000001
528	581	0.000017
528	582	0.000982
528	583	0.299398
528	584	0.145676
528	585	0.165163
528	586	0.000794
528	587	0.000009
529	535	0.214298
529	536	0.036718
529	539	0.000001
529	540	0.000002
529	580	0.000005
529	581	0.000971
529	582	0.300559
529	583	0.172440
529	584	0.251270
529	585	0.001397
529	586	0.000009
530	535	0.037273
530	536	0.001023
530	539	0.000002
530	540	0.000001
530	579	0.000001
530	580	0.000870
530	581	0.300133
530	582	0.172339
530	583	0.270273
530	584	0.001765
530	585	0.000010
531	535	0.001017
531	536	0.000248
531	539	0.000002
531	578	0.000001
531	579	0.000151
531	580	0.290931
531	581	0.169118
531	582	0.270540
531	583	0.001841
531	584	0.000010
532	537	0.000005
532	538	0.000002
532	577	0.000001
533	578	0.000919
533	579	0.006735
533	580	0.021673
533	581	0.271272
533	582	0.000098
533	583	0.000021
534	579	0.009544
534	580	0.259659
535	542	0.000005
535	576	0.000002
535	577	0.001404
536	541	0.000005
536	576	0.001402
536	577	0.000002
537	573	0.000096
537	575	0.001194
537	578	0.000350
537	579	0.731644
537	580	0.000854
537	581	0.000104
537	582	0.000097
537	583	0.000049
537	584	0.000002
538	572	0.000118
538	573	0.000008
538	575	0.000013
538	578	0.996050
538	579	0.000046
538	580	0.000003
538	581	0.000052
538	582	0.000025
538	583	0.000009
539	571	0.000120
539	576	0.000015
539	577	0.997717
540	570	0.000120
540	574	0.000161
540	576	0.995615
540	577	0.000025
541	569	0.000119
541	573	0.000130
541	575	0.993678
541	578	0.000003
541	582	0.000509
541	583	0.000002
542	572	0.000112
542	573	0.000091
542	575	0.002351
542	581	0.000514
542	582	0.000001
543	580	0.000514
544	566	0.000087
544	572	0.000120
544	573	0.997248
544	579	0.000485
545	565	0.000073
545	566	0.000004
545	569	0.000091
545	572	0.999147
545	578	0.000486
546	564	0.000062
546	571	0.999277
546	577	0.000486
547	567	0.000289
547	568	0.000003
547	570	0.998604
547	576	0.000484
548	566	0.000478
548	569	0.998544
548	575	0.000483
549	567	0.045688
549	568	0.837211
549	574	0.000475
550	565	0.947963
550	566	0.045966
550	572	0.000004
550	573	0.000107
551	564	0.999270
551	571	0.000008
552	563	0.999458
552	565	0.000170
552	566	0.000010
553	560	0.000001
553	562	0.999192
554	560	0.000010
554	561	0.998747
554	563	0.000471
555	559	0.000509
555	560	0.873514
555	562	0.000482
556	560	0.000117
556	561	0.000493
556	566	0.000003
557	561	0.000002
557	565	0.000003
564	572	0.000003
565	571	0.000003
566	571	0.000001
576	581	0.000001
576	582	0.000035
576	583	0.000074
577	581	0.000035
577	582	0.000073
577	583	0.000001
619	680	0.000001
620	679	0.000003
620	680	0.000012
620	681	0.000041
620	767	0.000002
620	774	0.000002
621	682	0.000025
621	688	0.000002
621	690	0.000001
621	766	0.000007
621	773	0.000004
621	792	0.000004
622	679	0.021029
622	680	0.000010
622	681	0.000015
622	684	0.000001
622	687	0.000001
622	767	0.000002
622	772	0.000004
622	791	0.000005
622	796	0.000001
622	797	0.000002
623	677	0.000004
623	678	0.996916
623	790	0.000003
624	677	0.999343
624	789	0.000002
625	676	0.999976
626	675	0.999977
627	674	0.998602
628	672	0.038301
628	673	0.961195
629	671	0.999093
630	670	0.999961
631	669	0.999963
632	668	0.999963
633	667	0.999980
634	666	0.999510
635	664	0.000002
635	665	0.999963
636	664	0.996561
636	665	0.000003
638	661	0.000002
638	662	0.972159
638	664	0.000003
640	661	0.999345
640	662	0.000094
641	660	0.999956
642	659	0.999957
643	658	0.999990
644	657	0.999985
645	656	0.999500
646	655	0.999191
647	653	0.000037
647	654	0.999889
648	653	0.990948
648	654	0.000013
677	767	0.000002
678	687	0.000043
678	691	0.000013
678	694	0.000002
678	760	0.000002
678	767	0.000127
679	683	0.000033
679	686	0.001857
679	688	0.000014
679	690	0.000074
679	693	0.000011
679	704	0.000001
679	758	0.000003
679	759	0.000021
679	763	0.000002
679	764	0.000041
679	765	0.950471
679	766	0.004608
679	768	0.000007
679	769	0.000127
679	770	0.000002
680	686	0.000271
680	688	0.000003
680	690	0.000002
680	693	0.000112
680	697	0.000190
680	702	0.000019
680	757	0.000001
680	758	0.000034
680	763	0.000040
680	764	0.973534
680	765	0.007012
680	766	0.000003
680	768	0.000122
680	769	0.000002
681	688	0.000167
681	690	0.000097
681	696	0.000204
681	701	0.000019
681	757	0.000026
681	763	0.980690
681	764	0.003823
681	766	0.000003
682	687	0.000150
682	689	0.000080
682	691	0.000003
682	692	0.000542
682	695	0.000216
682	700	0.000019
682	749	0.000001
682	756	0.000010
682	761	0.001587
682	762	0.983517
683	687	0.000002
683	689	0.000182
683	691	0.001541
683	694	0.000216
683	699	0.000019
683	748	0.000001
683	760	0.005107
683	761	0.977930
684	688	0.000122
684	690	0.001351
684	696	0.000002
684	745	0.000001
684	747	0.000001
684	757	0.000005
684	759	0.007574
685	690	0.000008
685	696	0.000003
685	709	0.000003
685	744	0.000002
685	752	0.000021
685	757	0.000043
685	759	0.123136
686	691	0.000256
686	694	0.000254
686	698	0.000002
686	708	0.000003
686	743	0.000002
686	751	0.000022
686	760	0.001849
686	761	0.000007
687	693	0.000276
687	696	0.000002
687	697	0.000002
687	707	0.000003
687	742	0.000002
687	750	0.000022
687	755	0.000054
687	757	0.920475
687	758	0.006369
687	759	0.000644
688	692	0.000224
688	694	0.000002
688	695	0.000003
688	705	0.000010
688	706	0.000002
688	749	0.000013
688	753	0.000002
688	754	0.000051
688	756	0.984063
689	693	0.000003
689	696	0.000002
689	704	0.000014
689	750	0.000004
689	755	0.988667
689	757	0.000303
689	758	0.000009
690	695	0.000003
690	703	0.000014
690	749	0.000004
690	753	0.000777
690	754	0.924100
690	756	0.000325
691	702	0.000014
691	704	0.000001
691	746	0.000001
691	750	0.000002
691	752	0.000477
691	755	0.000322
692	701	0.000013
692	747	0.000003
692	752	0.798048
693	699	0.000009
693	703	0.000002
693	751	0.997820
693	754	0.000003
694	702	0.000002
694	746	0.000008
694	750	0.996481
694	752	0.000001
695	701	0.000002
695	745	0.000008
695	752	0.000001
696	700	0.000001
696	748	0.000022
696	749	0.992780
697	743	0.000010
697	748	0.999369
698	742	0.000011
698	746	0.001340
698	747	0.997034
699	741	0.000011
699	745	0.001390
699	746	0.998421
700	744	0.004863
700	745	0.945207
701	740	0.000021
701	743	0.006708
702	739	0.000022
702	740	0.000002
702	743	0.947187
703	738	0.000022
703	741	0.085260
703	742	0.882612
703	744	0.007535
704	737	0.000019
704	739	0.000016
704	740	0.146970
704	743	0.007959
706	744	0.000001
707	737	0.037893
707	739	0.954673
707	740	0.000422
708	736	0.037910
708	738	0.961945
709	735	0.037222
709	737	0.961233
709	739	0.000002
710	734	0.014681
710	736	0.961508
710	738	0.000002
711	733	0.004163
711	735	0.921437
711	737	0.000002
712	733	0.909936
712	735	0.000080
713	732	0.996280
713	734	0.000066
714	730	0.000001
714	731	0.999940
714	733	0.000021
715	729	0.000001
715	730	0.999984
715	731	0.000004
716	729	0.999968
716	730	0.000002
717	727	0.003329
717	728	0.994675
718	723	0.000022
718	724	0.001144
718	726	0.006677
718	727	0.989322
718	728	0.000004
719	723	0.001125
719	724	0.001314
719	726	0.980466
719	727	0.000013
719	728	0.000007
720	727	0.000017
721	727	0.000003
734	753	0.000002
735	752	0.000003
736	751	0.000003
737	750	0.000003
738	748	0.000003
739	747	0.000003
740	746	0.000003
740	752	0.000001
742	748	0.000001
742	751	0.000015
743	750	0.000018
744	749	0.000016
754	795	0.000007
755	794	0.000007
756	793	0.000007
758	767	0.000002
759	767	0.000001
759	771	0.000005
759	791	0.000008
760	765	0.000011
760	766	0.000005
760	769	0.000089
760	770	0.000006
760	790	0.000009
761	765	0.000006
761	768	0.000090
761	769	0.000006
761	789	0.000009
762	788	0.000009
765	794	0.000002
766	771	0.000032
766	772	0.000088
766	774	0.000064
766	775	0.000136
766	776	0.000029
766	777	0.000024
766	778	0.000019
766	779	0.000010
766	781	0.000207
766	785	0.000006
766	791	0.004065
766	794	0.000003
766	796	0.009354
766	797	0.000005
767	773	0.000064
767	780	0.000255
767	784	0.000006
767	786	0.000001
767	787	0.000004
767	788	0.000018
767	789	0.000029
767	790	0.004982
767	792	0.000028
767	793	0.000006
767	795	0.011234
768	794	0.011085
769	794	0.000163
770	774	0.000016
770	775	0.000056
770	776	0.000046
770	777	0.000111
770	778	0.000028
770	779	0.000038
770	781	0.000006
770	785	0.000923
770	791	0.000231
770	794	0.009436
770	796	0.000022
770	797	0.000004
771	782	0.000020
771	783	0.001196
771	784	0.001527
771	786	0.000206
771	787	0.340763
771	788	0.002081
771	789	0.000730
771	792	0.000432
771	793	0.029096
772	782	0.001554
772	783	0.001546
772	784	0.000183
772	786	0.448484
772	787	0.001685
772	788	0.000645
772	789	0.000179
772	792	0.033148
772	793	0.000489
773	777	0.000053
773	778	0.000194
773	779	0.000122
773	781	0.001523
773	785	0.465215
773	791	0.031272
773	794	0.001406
773	796	0.000026
773	797	0.000008
774	782	0.000064
774	783	0.001083
774	784	0.465132
774	786	0.000165
774	787	0.000450
774	788	0.001580
774	789	0.021413
774	792	0.000070
774	793	0.001763
775	782	0.001327
775	783	0.454404
775	784	0.007108
775	786	0.000502
775	787	0.001886
775	788	0.024597
775	789	0.022154
775	792	0.001515
775	793	0.000263
776	782	0.379742
776	783	0.008853
776	784	0.002748
776	786	0.001664
776	787	0.025038
776	788	0.025064
776	789	0.015119
776	792	0.000224
776	793	0.000202
777	782	0.007267
777	783	0.003145
777	784	0.002132
777	786	0.023665
777	787	0.024713
777	788	0.018511
777	789	0.001423
777	792	0.000177
777	793	0.000201
778	782	0.001999
778	783	0.001938
778	784	0.001601
778	786	0.021202
778	787	0.019149
778	788	0.001662
778	789	0.000887
778	792	0.000179
778	793	0.000165
779	783	0.001076
779	784	0.001308
779	786	0.014155
779	787	0.001443
779	788	0.000961
779	789	0.000065
779	792	0.000142
779	793	0.000036
780	794	0.013314
781	786	0.000145
781	787	0.000446
781	788	0.000636
781	789	0.000247
781	792	0.000638
781	793	0.012795
782	791	0.000847
782	794	0.000052
782	796	0.000088
782	797	0.000094
783	791	0.000842
783	794	0.000096
783	796	0.000147
783	797	0.000066
784	791	0.000332
784	794	0.001425
784	796	0.000106
784	797	0.000013
785	789	0.000127
785	792	0.000555
785	793	0.001693
786	791	0.000533
786	794	0.000159
786	796	0.000049
786	797	0.000246
787	791	0.000110
787	794	0.000523
787	796	0.000439
787	797	0.000154
788	794	0.000528
788	796	0.000314
788	797	0.000549
789	794	0.000157
789	796	0.000842
789	797	0.000044
790	794	0.000470
792	796	0.000103
792	797	0.000103
793	797	0.000039
