1	7	0.000310
1	8	0.000267
1	9	0.000064
1	12	0.000045
1	13	0.000022
1	15	0.000197
1	29	0.000003
1	33	0.000008
1	41	0.055866
1	67	0.000549
1	75	0.006686
1	76	0.004602
1	77	0.000229
1	79	0.000001
1	860	0.000002
2	7	0.000914
2	8	0.000197
2	9	0.000038
2	11	0.000060
2	12	0.000045
2	14	0.000237
2	15	0.000077
2	28	0.000007
2	30	0.000732
2	32	0.000009
2	33	0.000002
2	39	0.000095
2	40	0.075369
2	41	0.000440
2	42	0.001300
2	46	0.000528
2	50	0.000014
2	52	0.000002
2	53	0.000164
2	60	0.000001
2	62	0.002932
2	64	0.000002
2	65	0.000038
2	66	0.000616
2	67	0.000002
2	74	0.008815
2	75	0.009132
2	76	0.000386
2	77	0.000226
2	859	0.000002
2	860	0.000256
2	868	0.000391
2	871	0.000356
3	7	0.000170
3	8	0.000122
3	9	0.000054
3	11	0.000048
3	12	0.000001
3	13	0.000234
3	14	0.000100
3	29	0.000739
3	30	0.000007
3	32	0.000002
3	39	0.075481
3	40	0.000545
3	41	0.001050
3	42	0.011746
3	46	0.000035
3	50	0.000004
3	52	0.000162
3	61	0.003025
3	62	0.000015
3	64	0.000038
3	65	0.000611
3	66	0.000002
3	74	0.009598
3	75	0.000309
3	76	0.000549
3	77	0.000158
3	859	0.000301
3	868	0.000124
3	871	0.000380
4	8	0.000068
4	9	0.000037
4	12	0.000222
4	13	0.000097
4	26	0.000010
4	28	0.000743
4	29	0.000004
4	41	0.011256
4	58	0.000003
4	60	0.003059
4	61	0.000008
4	75	0.000494
4	76	0.000168
4	77	0.000032
4	79	0.000110
4	858	0.000302
4	864	0.000009
5	10	0.000158
5	16	0.000002
5	25	0.000011
5	27	0.000746
5	48	0.000007
5	56	0.000016
5	57	0.000003
5	59	0.003065
5	68	0.000005
5	71	0.003846
5	72	0.000167
5	78	0.000121
5	80	0.000075
5	850	0.000004
5	857	0.000301
5	861	0.000002
5	863	0.000010
5	865	0.000419
5	866	0.000004
5	867	0.000014
5	869	0.000260
5	870	0.000254
6	15	0.000002
6	24	0.000010
6	26	0.000741
6	41	0.000059
6	55	0.000016
6	58	0.002815
6	67	0.000004
6	75	0.000039
6	76	0.000035
6	77	0.000116
6	79	0.000072
6	849	0.000003
6	853	0.000003
6	860	0.000002
6	864	0.000413
7	22	0.000002
7	25	0.000689
7	37	0.000043
7	38	0.003464
7	43	0.000015
7	44	0.000015
7	45	0.000008
7	47	0.000008
7	48	0.000005
7	49	0.000005
7	54	0.000016
7	56	0.000003
7	57	0.002593
7	69	0.000011
7	70	0.000039
7	71	0.000004
7	72	0.000002
7	73	0.000044
7	78	0.000064
7	852	0.000003
7	855	0.000009
7	856	0.000008
7	863	0.000395
7	867	0.000004
7	869	0.000003
7	870	0.000005
7	872	0.000028
8	17	0.000002
8	21	0.000006
8	22	0.000349
8	25	0.000001
8	37	0.002236
8	38	0.706759
8	43	0.000010
8	44	0.000006
8	45	0.000001
8	47	0.000003
8	48	0.000004
8	56	0.000659
8	57	0.000001
8	68	0.000002
8	69	0.000005
8	70	0.000003
8	71	0.000001
8	72	0.000004
8	73	0.000013
8	851	0.000002
8	854	0.000005
8	855	0.000007
8	862	0.000250
8	866	0.000003
8	869	0.000002
8	870	0.000011
8	872	0.000012
9	16	0.000002
9	19	0.000036
9	21	0.000431
9	22	0.000009
9	31	0.000005
9	34	0.000002
9	37	0.950249
9	38	0.000327
9	43	0.000002
9	54	0.000003
9	73	0.000004
9	850	0.000001
9	854	0.000004
9	861	0.000132
9	865	0.000003
9	869	0.000016
9	872	0.002357
10	18	0.000042
10	20	0.000434
10	23	0.000025
10	30	0.000007
10	32	0.000003
10	33	0.000002
10	36	0.994323
10	53	0.000003
10	853	0.000002
10	858	0.000001
10	864	0.000003
10	868	0.000020
10	871	0.003814
11	16	0.000081
11	25	0.000001
11	35	0.994394
11	72	0.000002
11	857	0.000001
11	863	0.000003
11	867	0.000019
11	870	0.003817
12	16	0.000001
12	17	0.000003
12	19	0.000029
12	21	0.000006
12	22	0.000007
12	31	0.000005
12	34	0.986395
12	35	0.000003
12	71	0.000002
12	852	0.000002
12	856	0.000001
12	862	0.000003
12	866	0.000017
12	869	0.003666
13	17	0.000009
13	19	0.000004
13	21	0.000006
13	31	0.000122
13	34	0.000106
13	49	0.000005
13	70	0.000002
13	851	0.000002
13	855	0.000001
13	861	0.000002
13	862	0.000002
13	865	0.000010
13	867	0.000010
13	869	0.000001
14	35	0.000002
14	48	0.000005
14	69	0.000002
14	850	0.000002
14	861	0.000002
14	863	0.000008
14	865	0.000001
14	866	0.000011
14	867	0.003751
15	21	0.000004
15	31	0.909498
15	34	0.000004
15	47	0.000005
15	68	0.000002
15	862	0.000007
15	865	0.000010
15	866	0.003733
16	20	0.000004
16	28	0.000021
16	29	0.077115
16	30	0.912603
16	32	0.000048
16	33	0.000003
16	46	0.000005
16	61	0.000002
16	859	0.000003
16	864	0.000003
17	26	0.000068
17	28	0.531466
17	29	0.460336
17	60	0.000002
17	858	0.000003
17	860	0.000001
17	864	0.003737
18	25	0.000140
18	27	0.983894
18	59	0.000003
18	857	0.000003
18	861	0.000002
18	863	0.003729
18	865	0.000010
19	24	0.000102
19	26	0.982971
19	28	0.010428
19	58	0.000003
19	860	0.000003
19	864	0.000010
20	25	0.979473
20	27	0.010677
20	57	0.000003
20	88	0.000002
20	861	0.003418
20	863	0.000010
21	26	0.008079
21	28	0.000001
21	29	0.000003
21	87	0.000002
21	860	0.003323
22	26	0.000008
22	28	0.000017
22	858	0.003430
23	27	0.000017
23	88	0.000005
23	89	0.000005
23	95	0.000003
23	857	0.003521
24	37	0.000002
24	88	0.000004
24	94	0.000007
24	855	0.000002
24	856	0.003321
24	872	0.000001
25	36	0.000002
25	52	0.000003
25	64	0.000001
25	86	0.000019
25	93	0.000023
25	871	0.000002
26	35	0.000002
26	37	0.000003
26	51	0.000003
26	63	0.000001
26	84	0.000018
26	85	0.000012
26	92	0.000023
26	94	0.000002
26	854	0.002780
26	855	0.000001
26	869	0.000001
27	36	0.000004
27	50	0.000003
27	62	0.000001
27	83	0.000228
27	93	0.000004
27	853	0.003484
27	868	0.000004
28	35	0.000003
28	49	0.000002
28	82	0.000229
28	90	0.000023
28	92	0.000004
28	852	0.003507
28	867	0.000004
29	34	0.000002
29	48	0.000002
29	81	0.000229
29	89	0.000023
29	91	0.000003
29	92	0.000004
29	851	0.003510
29	866	0.000005
30	59	0.000002
30	80	0.000253
30	88	0.000023
30	91	0.000008
30	850	0.003509
30	865	0.000007
31	58	0.000002
31	79	0.000253
31	87	0.000021
31	848	0.000005
31	849	0.002647
31	864	0.000007
32	57	0.000002
32	78	0.000251
32	81	0.000005
32	82	0.000010
32	88	0.000005
32	89	0.003119
32	91	0.000003
32	863	0.000007
33	56	0.000002
33	80	0.000004
33	81	0.000008
33	85	0.000002
33	88	0.003156
33	90	0.000003
33	862	0.000007
33	872	0.000005
34	41	0.000003
34	55	0.000002
34	75	0.000132
34	76	0.000016
34	77	0.000017
34	79	0.000004
34	87	0.003167
34	848	0.000001
35	39	0.000001
35	40	0.000003
35	42	0.000001
35	60	0.000001
35	74	0.000139
35	75	0.000015
35	76	0.000016
35	79	0.000015
35	83	0.000035
35	86	0.003165
35	868	0.000004
35	871	0.001599
36	59	0.000001
36	72	0.000003
36	78	0.000019
36	82	0.000035
36	84	0.002507
36	867	0.000003
36	870	0.001606
37	75	0.000053
37	76	0.000191
37	77	0.000060
38	58	0.000497
38	60	0.000003
38	75	0.000401
38	76	0.000196
38	77	0.000052
38	864	0.000002
39	48	0.000119
39	56	0.000002
39	57	0.000754
39	59	0.000003
39	68	0.000001
39	69	0.000800
39	71	0.000165
39	72	0.788262
39	80	0.000007
39	81	0.004178
39	82	0.000591
39	84	0.000038
39	89	0.000001
39	91	0.000001
39	863	0.000002
39	865	0.000100
39	866	0.000845
39	867	0.012998
39	869	0.035284
39	870	0.003374
40	48	0.001248
40	56	0.000767
40	57	0.000003
40	68	0.000805
40	69	0.000160
40	71	0.795459
40	72	0.000090
40	80	0.004243
40	81	0.000597
40	82	0.000188
40	84	0.000002
40	88	0.000001
40	91	0.000618
40	863	0.000203
40	865	0.000842
40	866	0.013015
40	867	0.054358
40	869	0.003012
40	870	0.000014
41	45	0.000007
41	47	0.001163
41	48	0.000020
41	49	0.002856
41	51	0.000002
41	54	0.000003
41	56	0.000001
41	57	0.000018
41	68	0.000114
41	69	0.003998
41	70	0.791169
41	71	0.000060
41	72	0.000056
41	73	0.000970
41	80	0.000473
41	81	0.000197
41	82	0.000002
41	89	0.000001
41	90	0.000623
41	92	0.000045
41	851	0.000032
41	862	0.000218
41	863	0.000001
41	865	0.001801
41	866	0.056345
41	867	0.000421
41	869	0.000010
41	870	0.000014
42	48	0.003837
42	56	0.000075
42	59	0.000013
42	68	0.020236
42	69	0.768264
42	71	0.000118
42	72	0.001342
42	78	0.004646
42	80	0.000388
42	81	0.000011
42	82	0.000012
42	88	0.000003
42	89	0.000623
42	91	0.000056
42	850	0.000038
42	861	0.000216
42	863	0.000839
42	865	0.068875
42	866	0.000417
42	867	0.000329
42	869	0.000036
42	870	0.000012
43	55	0.000065
43	58	0.000013
43	61	0.000008
43	67	0.033583
43	75	0.000006
43	76	0.000076
43	77	0.005169
43	79	0.000336
43	87	0.000003
43	849	0.000037
43	860	0.000153
43	864	0.068002
44	55	0.000002
44	58	0.000004
44	60	0.000003
44	61	0.000440
44	67	0.015585
44	75	0.000066
44	76	0.005129
44	77	0.000895
44	79	0.000004
44	87	0.000003
44	848	0.000032
44	864	0.000036
45	55	0.000002
45	58	0.000034
45	60	0.000620
45	61	0.000012
45	67	0.002674
45	75	0.003817
45	76	0.001073
45	77	0.000687
45	79	0.000870
45	847	0.000008
45	858	0.000009
45	864	0.000203
46	56	0.000837
46	57	0.000034
46	59	0.000638
46	68	0.113726
46	69	0.000004
46	71	0.000050
46	72	0.000236
46	78	0.000984
46	80	0.000006
46	84	0.000003
46	88	0.000904
46	857	0.000009
46	861	0.072023
46	863	0.000153
46	865	0.000008
46	869	0.000026
46	870	0.000034
47	55	0.000828
47	58	0.000583
47	60	0.000115
47	61	0.000556
47	67	0.113982
47	75	0.017754
47	76	0.000111
47	77	0.001108
47	79	0.000006
47	87	0.000908
47	860	0.072513
47	864	0.000008
48	52	0.000033
48	53	0.000377
48	55	0.000004
48	58	0.000002
48	60	0.000368
48	61	0.537222
48	62	0.125041
48	64	0.002237
48	65	0.000886
48	66	0.101088
48	67	0.000002
48	74	0.020264
48	75	0.000086
48	76	0.001182
48	77	0.000014
48	83	0.000112
48	86	0.000904
48	93	0.000002
48	859	0.072541
48	868	0.000003
48	871	0.000018
49	55	0.000012
49	58	0.000421
49	60	0.745399
49	61	0.063217
49	75	0.001076
49	76	0.000020
49	77	0.000005
49	79	0.000007
49	858	0.072434
49	860	0.000002
49	864	0.000001
50	56	0.000542
50	57	0.000457
50	59	0.814256
50	68	0.000038
50	69	0.000004
50	71	0.026252
50	72	0.015027
50	78	0.000008
50	80	0.000644
50	81	0.000006
50	82	0.000274
50	84	0.000374
50	91	0.000038
50	850	0.000002
50	857	0.072153
50	861	0.000011
50	863	0.000002
50	865	0.000002
50	867	0.000002
50	869	0.000004
50	870	0.000002
51	55	0.000362
51	58	0.812093
51	60	0.000655
51	61	0.000010
51	67	0.000035
51	75	0.000004
51	76	0.000004
51	77	0.000008
51	79	0.000655
51	87	0.000002
51	848	0.000001
51	849	0.000003
51	853	0.000017
51	860	0.000007
51	864	0.000002
52	56	0.000544
52	57	0.804251
52	59	0.000678
52	68	0.000025
52	69	0.086316
52	71	0.000026
52	72	0.000082
52	78	0.000477
52	80	0.000116
52	81	0.021492
52	82	0.000109
52	88	0.000024
52	89	0.043879
52	91	0.000387
52	863	0.000002
52	866	0.000005
52	870	0.000007
53	57	0.000546
53	59	0.000141
53	68	0.089836
53	69	0.000146
53	71	0.000081
53	78	0.000497
53	80	0.021648
53	81	0.000082
53	88	0.044249
53	89	0.001034
53	91	0.000182
53	850	0.000007
53	861	0.000001
53	865	0.000005
53	869	0.000006
54	58	0.000098
54	60	0.000029
54	61	0.000018
54	67	0.088465
54	76	0.000050
54	77	0.000793
54	79	0.021589
54	87	0.038664
54	849	0.000006
54	853	0.000045
54	864	0.000004
55	59	0.000027
55	63	0.000097
55	68	0.000018
55	69	0.000017
55	70	0.000002
55	78	0.020390
55	84	0.000002
55	85	0.000101
55	88	0.000907
55	89	0.000015
55	90	0.000004
55	94	0.000004
55	851	0.000002
55	852	0.000045
55	854	0.000002
55	856	0.000005
55	863	0.000004
55	872	0.004396
56	62	0.000103
56	64	0.000019
56	65	0.092586
56	66	0.003609
56	67	0.000018
56	74	0.000014
56	75	0.012875
56	76	0.000039
56	77	0.009673
56	86	0.034461
56	87	0.005076
56	93	0.000007
56	853	0.000001
56	871	0.006695
57	61	0.000043
57	62	0.000017
57	64	0.092782
57	65	0.003513
57	66	0.000022
57	67	0.000002
57	74	0.014945
57	75	0.000027
57	76	0.007793
57	77	0.000003
57	83	0.000046
57	86	0.008485
57	87	0.000008
57	93	0.000991
57	871	0.000082
58	63	0.081277
58	72	0.000100
58	73	0.014866
58	82	0.000042
58	84	0.022179
58	85	0.005621
58	88	0.000002
58	92	0.000991
58	94	0.000003
58	854	0.000044
58	869	0.006710
58	870	0.000049
58	872	0.000554
59	64	0.001726
59	65	0.000008
59	66	0.000003
59	74	0.010921
59	83	0.047218
59	86	0.000224
59	87	0.000004
59	93	0.000009
59	853	0.000047
59	868	0.006860
59	871	0.001085
60	70	0.000231
60	71	0.014514
60	73	0.010921
60	80	0.000009
60	82	0.047194
60	85	0.000135
60	90	0.000996
60	92	0.000008
60	852	0.000048
60	867	0.006822
60	870	0.000655
60	872	0.000005
61	68	0.000003
61	69	0.000266
61	70	0.014820
61	72	0.010860
61	73	0.000027
61	81	0.047014
61	84	0.000042
61	85	0.000287
61	89	0.000989
61	91	0.000005
61	92	0.000001
61	851	0.000048
61	866	0.006785
61	869	0.000189
61	870	0.003851
61	872	0.000003
62	68	0.003140
62	69	0.014771
62	71	0.010849
62	72	0.000053
62	78	0.000009
62	80	0.047299
62	84	0.000422
62	88	0.000987
62	91	0.000002
62	850	0.000048
62	865	0.006829
62	867	0.000004
62	869	0.023117
62	870	0.000507
63	67	0.002115
63	75	0.000003
63	76	0.000002
63	77	0.000009
63	79	0.047259
63	87	0.000930
63	849	0.000036
63	864	0.006814
64	68	0.001116
64	69	0.000873
64	71	0.000032
64	72	0.000897
64	78	0.046839
64	81	0.000013
64	82	0.001193
64	84	0.000264
64	89	0.000003
64	91	0.000004
64	863	0.006699
64	866	0.000098
64	867	0.032044
64	869	0.000273
64	870	0.000088
65	69	0.000062
65	71	0.000919
65	72	0.010429
65	78	0.000098
65	80	0.000013
65	81	0.001202
65	82	0.000447
65	88	0.000003
65	89	0.000034
65	91	0.000002
65	861	0.001024
65	863	0.000028
65	865	0.000098
65	866	0.032132
65	867	0.000600
65	869	0.000086
66	71	0.010380
66	72	0.000138
66	78	0.000019
66	80	0.001200
66	81	0.000450
66	82	0.000001
66	88	0.000034
66	89	0.000023
66	861	0.002744
66	863	0.000129
66	865	0.032089
66	866	0.000607
66	867	0.000084
67	71	0.000113
67	72	0.000020
67	73	0.000094
67	78	0.000196
67	80	0.000446
67	81	0.000001
67	88	0.000023
67	861	0.000035
67	862	0.000178
67	863	0.001049
67	865	0.000596
67	866	0.000083
68	74	0.026639
68	75	0.007557
68	76	0.000246
68	77	0.000991
68	79	0.000451
68	86	0.000035
68	87	0.000025
68	859	0.000002
68	860	0.000018
68	864	0.000611
69	74	0.007852
69	75	0.000200
69	76	0.001048
69	77	0.000603
69	86	0.000026
69	859	0.000012
69	860	0.000036
69	864	0.000044
70	75	0.000923
70	76	0.000613
70	77	0.000544
70	79	0.000007
70	87	0.000057
70	848	0.000001
70	858	0.000007
70	860	0.000184
70	864	0.000001
71	75	0.000288
71	76	0.000374
71	77	0.000019
71	79	0.000001
71	83	0.000070
71	86	0.000061
71	87	0.000003
71	93	0.000297
71	847	0.000001
71	859	0.000110
71	860	0.038833
72	76	0.000014
72	77	0.000017
72	83	0.000057
72	86	0.000003
72	93	0.000403
72	846	0.000001
72	858	0.000030
72	859	0.039588
73	77	0.000072
73	79	0.000030
73	845	0.000001
73	858	0.039675
73	864	0.000009
74	78	0.000032
74	80	0.000108
74	81	0.000151
74	82	0.000053
74	84	0.000002
74	88	0.000006
74	89	0.000036
74	91	0.001545
74	844	0.000001
74	857	0.039724
74	863	0.000009
74	866	0.000003
74	870	0.000007
75	80	0.000145
75	81	0.000051
75	88	0.000034
75	89	0.000008
75	90	0.001551
75	91	0.000028
75	92	0.001222
75	843	0.000001
75	856	0.039660
75	862	0.000009
75	865	0.000003
75	869	0.000007
75	872	0.000070
76	80	0.000028
76	85	0.000027
76	88	0.000012
76	89	0.001519
76	90	0.000042
76	91	0.001522
76	92	0.000007
76	854	0.000001
76	855	0.039521
76	856	0.000002
76	861	0.000008
76	870	0.000009
76	872	0.001128
77	84	0.000034
77	88	0.001036
77	89	0.000044
77	90	0.001672
77	91	0.000009
77	94	0.000037
77	854	0.039315
77	855	0.000004
77	869	0.000015
77	872	0.540172
78	83	0.000039
78	86	0.000953
78	87	0.000222
78	93	0.000142
78	853	0.038796
78	868	0.000018
78	871	0.876562
79	84	0.000002
79	85	0.000956
79	88	0.001901
79	89	0.000036
79	90	0.000002
79	91	0.000001
79	92	0.000139
79	94	0.000014
79	850	0.000010
79	851	0.000272
79	852	0.036584
79	854	0.000072
79	861	0.000005
79	867	0.000017
79	869	0.000019
79	870	0.874283
79	872	0.000025
80	86	0.001288
80	87	0.009659
80	93	0.000364
80	846	0.000001
80	847	0.000064
80	848	0.000042
80	849	0.000099
80	853	0.000130
80	860	0.000020
80	868	0.000026
80	871	0.000052
81	86	0.010617
81	87	0.000225
81	93	0.000347
81	846	0.000064
81	847	0.000032
81	848	0.000122
81	849	0.000701
81	853	0.000002
81	859	0.000022
81	868	0.878867
81	871	0.000100
82	86	0.000289
82	87	0.000019
82	93	0.000646
82	100	0.000003
82	845	0.000036
82	846	0.000029
82	847	0.000033
82	848	0.000709
82	849	0.000263
82	853	0.000001
82	858	0.000026
82	860	0.000003
82	864	0.000005
82	868	0.001451
82	871	0.000298
83	88	0.000829
83	89	0.002340
83	91	0.001855
83	99	0.000003
83	844	0.000032
83	850	0.012634
83	857	0.000028
83	861	0.000037
83	863	0.000006
83	865	0.000048
83	866	0.879964
83	867	0.001106
83	869	0.000155
83	870	0.000283
84	93	0.000509
84	97	0.000007
84	98	0.000003
84	846	0.000069
84	847	0.000030
84	848	0.000208
84	849	0.012835
84	853	0.000003
84	859	0.001010
84	860	0.000001
84	864	0.000025
84	868	0.000167
85	842	0.000002
85	845	0.000026
85	847	0.000107
85	848	0.012463
85	849	0.000027
85	853	0.000032
85	858	0.001033
85	864	0.876637
86	91	0.000296
86	95	0.001728
86	841	0.000001
86	844	0.000001
86	850	0.000026
86	857	0.001047
86	863	0.881173
86	865	0.000024
86	866	0.000066
86	867	0.000310
87	91	0.000011
87	92	0.000113
87	94	0.005159
87	850	0.000045
87	851	0.001198
87	852	0.000081
87	854	0.001162
87	855	0.000056
87	856	0.001058
87	861	0.000665
87	862	0.859704
87	863	0.000129
87	865	0.000064
87	866	0.000306
88	93	0.011294
88	847	0.000011
88	848	0.000024
88	849	0.000160
88	853	0.001340
88	859	0.000015
88	860	0.004389
88	864	0.000024
89	93	0.000136
89	846	0.000007
89	847	0.000007
89	848	0.000218
89	849	0.001931
89	853	0.000032
89	858	0.000014
89	859	0.004859
89	860	0.258474
89	864	0.000130
90	845	0.000004
90	847	0.000161
90	848	0.001990
90	849	0.001990
90	853	0.000862
90	858	0.004723
90	860	0.598811
91	846	0.000110
91	847	0.000332
91	848	0.001834
91	849	0.006961
91	853	0.000040
91	858	0.000047
91	859	0.876559
91	860	0.000002
92	845	0.000077
92	847	0.000672
92	848	0.007397
92	849	0.007991
92	853	0.000017
92	858	0.876656
93	844	0.000032
93	850	0.003686
93	857	0.874934
93	861	0.000002
94	847	0.953664
94	848	0.002286
94	849	0.001925
94	853	0.000136
94	860	0.000001
95	845	0.000001
95	846	0.997739
95	847	0.000038
95	848	0.000072
95	853	0.000003
95	859	0.000001
96	842	0.000004
96	845	0.999351
96	847	0.000024
97	841	0.000002
97	843	0.000003
97	844	0.999907
98	841	0.000019
98	843	0.999899
99	840	0.000038
99	842	0.999110
100	841	0.999607
101	839	0.198494
101	840	0.801259
102	838	0.396863
102	839	0.603077
103	111	0.000004
103	837	0.595072
103	838	0.404865
104	110	0.000007
104	836	0.793272
104	837	0.206539
105	109	0.000007
105	113	0.000024
105	114	0.000013
105	115	0.000015
105	833	0.000004
105	835	0.990968
106	112	0.000026
106	834	0.992627
107	113	0.001448
107	114	0.000296
107	163	0.000002
107	165	0.000001
107	833	0.989658
108	112	0.001432
108	166	0.000004
108	834	0.000009
109	166	0.000532
109	834	0.000371
110	114	0.003845
110	162	0.000015
110	163	0.001420
110	165	0.000685
110	167	0.000061
110	169	0.000077
110	528	0.000036
110	529	0.000023
110	530	0.000019
110	833	0.000422
111	161	0.000011
111	162	0.000786
111	163	0.000745
111	165	0.000473
111	167	0.000333
111	169	0.000163
111	528	0.000072
111	529	0.000035
111	833	0.000041
112	161	0.000136
112	162	0.000046
112	163	0.000260
112	165	0.005051
112	167	0.000012
112	168	0.000164
112	525	0.000010
112	526	0.000003
112	528	0.000089
112	833	0.000002
113	160	0.000008
113	164	0.011785
113	166	0.000094
113	524	0.000011
113	527	0.000120
113	832	0.000006
113	836	0.000006
113	837	0.000002
114	159	0.000002
114	164	0.021409
114	166	0.000073
114	523	0.000004
114	524	0.000006
114	527	0.000011
114	831	0.000003
114	832	0.000001
114	836	0.000004
115	166	0.000004
115	523	0.000005
116	161	0.000016
116	162	0.992952
116	163	0.001975
116	165	0.000001
117	161	0.998752
117	162	0.001037
118	160	0.999416
119	159	0.999975
120	158	0.999979
121	156	0.000001
121	157	0.999033
122	156	0.999289
122	157	0.000001
123	155	0.999964
124	154	0.999511
125	153	0.999977
126	152	0.999984
127	150	0.000001
127	151	0.998870
128	150	0.999033
129	149	0.999970
130	148	0.999511
131	147	0.999977
132	146	0.999990
133	145	0.999985
134	144	0.999698
135	142	0.000009
135	143	0.999960
136	141	0.000009
136	142	0.999261
136	143	0.000005
137	141	0.756354
138	142	0.000002
162	527	0.000006
163	170	0.000781
163	524	0.000001
163	527	0.001323
163	834	0.000003
164	169	0.000830
164	528	0.916341
164	529	0.000005
164	833	0.000003
165	523	0.000003
165	524	0.000048
165	527	0.950411
166	522	0.000003
166	525	0.476277
166	526	0.506962
166	528	0.000014
167	523	0.000016
167	524	0.928090
167	527	0.000019
168	523	0.779555
169	523	0.006592
169	524	0.000433
169	527	0.000002
170	521	0.980558
171	520	0.999844
172	519	0.999739
173	518	0.999966
174	517	0.999510
175	516	0.992809
176	514	0.000001
176	515	0.985720
176	516	0.007167
177	514	0.977534
177	515	0.014265
178	514	0.021358
179	510	0.000029
179	511	0.000639
179	512	0.958558
179	513	0.026277
180	510	0.001002
180	511	0.951385
181	509	0.000186
182	509	0.020438
183	509	0.975913
184	508	0.998839
185	507	0.999978
186	506	0.999937
187	504	0.000003
187	505	0.998459
188	503	0.000002
188	504	0.999895
189	503	0.989626
190	501	0.000036
190	502	0.740932
191	502	0.170821
192	500	0.000090
192	503	0.000034
193	499	0.000032
193	501	0.903826
193	502	0.000025
194	500	0.999783
195	498	0.000004
195	499	0.999944
196	498	0.998464
197	497	0.999858
198	496	0.999741
199	495	0.999985
200	494	0.999957
201	493	0.999932
202	491	0.000001
202	492	0.999940
202	493	0.000024
203	491	0.999805
203	492	0.000048
204	488	0.000364
204	491	0.000072
205	487	0.000363
206	487	0.000022
206	488	0.991107
207	487	0.971029
208	487	0.001190
209	485	0.991913
210	483	0.000001
210	484	0.998179
211	483	0.999978
212	482	0.999991
213	479	0.000001
213	481	0.999975
214	478	0.000006
214	479	0.000002
214	480	0.999566
215	477	0.000008
215	479	0.997920
218	476	0.928328
220	474	0.000006
220	475	0.991153
220	477	0.000001
220	478	0.000005
221	474	0.999815
221	477	0.000004
222	473	0.999935
222	476	0.000001
223	472	0.999432
224	471	0.997579
225	469	0.000639
225	470	0.948951
226	466	0.000001
226	467	0.000019
226	468	0.000890
227	466	0.000019
227	467	0.000522
227	468	0.951221
228	467	0.989703
229	469	0.000002
230	465	0.981588
230	466	0.000952
231	464	0.999852
232	462	0.000001
232	463	0.999012
233	462	0.998626
233	463	0.000001
234	461	0.999322
235	460	0.998642
236	459	0.999851
236	460	0.000002
237	458	0.999162
238	456	0.000001
238	457	0.998121
239	456	0.999263
239	457	0.000001
240	455	0.999984
241	454	0.999970
242	453	0.999129
243	452	0.997045
243	454	0.000005
244	451	0.974474
244	453	0.000211
245	452	0.000412
246	448	0.000005
246	449	0.000045
246	450	0.997878
246	451	0.000054
247	449	0.997789
247	451	0.000046
248	448	0.979791
248	449	0.001272
248	450	0.000064
249	446	0.002002
249	448	0.003340
249	449	0.000015
250	446	0.966621
250	448	0.000003
251	444	0.000003
251	445	0.999977
252	444	0.999968
253	416	0.000003
253	443	0.998335
254	415	0.000001
254	417	0.000411
254	418	0.000588
254	419	0.000085
254	442	0.988239
255	415	0.003612
255	417	0.008259
255	418	0.003812
255	419	0.000727
256	415	0.898451
256	417	0.001398
256	418	0.000121
256	419	0.000004
256	440	0.000005
256	442	0.000017
257	414	0.995269
257	416	0.001037
258	413	0.999917
258	415	0.000021
259	412	0.999990
260	411	0.999963
261	410	0.999935
262	409	0.999387
263	403	0.000813
263	404	0.000024
263	405	0.000555
263	406	0.000773
263	407	0.002142
263	408	0.994584
264	402	0.001036
264	404	0.001215
264	405	0.001845
264	406	0.007701
264	407	0.985958
265	399	0.000285
266	398	0.000072
266	399	0.000143
266	401	0.029874
267	399	0.016011
268	400	0.029080
268	402	0.012479
268	403	0.092515
268	404	0.013185
268	405	0.000842
268	406	0.000195
269	397	0.000006
269	398	0.994073
269	399	0.002334
269	401	0.001530
270	396	0.000004
270	397	0.998074
270	398	0.001594
270	401	0.000052
271	295	0.000001
271	396	0.999127
271	397	0.000811
272	294	0.000002
272	394	0.000001
272	395	0.999896
273	293	0.000002
273	394	0.992282
273	395	0.000057
274	288	0.000329
274	392	0.000004
275	287	0.000377
275	392	0.000002
275	393	0.997989
276	286	0.000377
276	392	0.999156
277	285	0.000377
277	391	0.998258
278	284	0.000377
278	390	0.999357
278	391	0.000002
279	389	0.999550
280	387	0.000021
280	388	0.998111
281	383	0.000003
281	384	0.000030
281	386	0.000032
281	387	0.992842
281	388	0.000131
281	389	0.000004
282	383	0.000037
282	384	0.000025
282	386	0.963275
282	387	0.000425
282	388	0.000005
283	383	0.000045
283	384	0.000535
283	386	0.000726
283	387	0.000011
284	380	0.000646
284	383	0.000305
284	384	0.937254
284	386	0.000005
285	379	0.000649
285	383	0.995362
285	384	0.000094
286	378	0.000643
286	381	0.000207
286	382	0.997281
287	377	0.000640
287	381	0.995984
288	373	0.000001
288	375	0.000004
288	377	0.000027
288	378	0.000907
288	381	0.000030
289	372	0.000001
289	375	0.000041
289	377	0.000613
289	378	0.982307
290	377	0.992963
291	376	0.956501
291	379	0.000006
292	376	0.003659
293	370	0.000041
293	374	0.555044
293	376	0.000037
293	380	0.000007
294	369	0.000042
294	374	0.042124
294	376	0.000017
294	379	0.000006
295	368	0.000041
295	371	0.924027
295	372	0.006515
295	373	0.021079
295	375	0.000013
295	378	0.000003
296	367	0.000036
296	370	0.999603
296	374	0.000003
297	367	0.000006
297	369	0.999929
297	370	0.000006
298	366	0.000011
298	368	0.999520
299	367	0.999548
300	365	0.479317
300	366	0.514316
301	364	0.963559
302	363	0.999933
302	365	0.000005
303	362	0.999986
303	363	0.000003
304	361	0.999988
304	362	0.000002
305	360	0.999956
305	361	0.000001
306	359	0.999917
307	358	0.999743
308	357	0.999939
309	356	0.999938
310	355	0.999499
311	354	0.999192
312	353	0.999964
313	352	0.999731
314	351	0.999948
315	329	0.000020
315	350	0.999712
316	328	0.000078
316	349	0.939191
316	352	0.000012
317	327	0.000106
317	343	0.026809
317	351	0.000029
318	326	0.000106
318	329	0.000047
318	342	0.026825
318	350	0.000035
319	328	0.000047
319	341	0.026720
319	349	0.000053
320	324	0.000002
320	325	0.000002
320	327	0.000046
320	337	0.000001
320	340	0.025608
320	343	0.000001
320	344	0.000292
320	345	0.835207
321	326	0.000028
321	335	0.000001
321	337	0.000136
321	340	0.000034
321	343	0.000169
321	344	0.954147
321	345	0.001984
322	330	0.000007
322	335	0.000001
322	337	0.000584
322	340	0.000005
322	342	0.000022
322	343	0.964528
322	344	0.002125
322	345	0.000001
323	329	0.000008
323	335	0.001532
323	342	0.968378
323	343	0.001805
323	350	0.000004
324	328	0.000005
324	334	0.000772
324	339	0.000006
324	341	0.942049
324	349	0.000011
325	334	0.023646
325	339	0.002514
325	341	0.000420
325	349	0.000890
326	332	0.000011
326	333	0.024751
326	334	0.000076
326	336	0.000001
326	338	0.002168
326	339	0.938833
326	341	0.000001
326	347	0.000289
326	348	0.001793
326	349	0.000004
327	331	0.000005
327	332	0.024617
327	333	0.000076
327	336	0.001646
327	338	0.970462
327	339	0.000007
327	346	0.000294
327	347	0.001788
327	348	0.000007
328	335	0.001594
328	337	0.970489
328	345	0.000273
329	333	0.000025
329	334	0.000619
329	336	0.965571
329	338	0.000003
329	346	0.001682
329	347	0.000002
329	348	0.000002
330	334	0.005337
331	335	0.006244
331	344	0.002174
331	345	0.000003
332	343	0.002254
333	342	0.002253
334	340	0.000018
335	339	0.000014
335	341	0.000001
336	342	0.000001
342	348	0.000011
343	347	0.000011
343	348	0.000003
344	349	0.000002
376	394	0.000002
377	393	0.000374
378	392	0.000376
379	391	0.000377
380	390	0.000379
381	389	0.000379
382	387	0.000001
382	388	0.000370
396	406	0.000047
397	405	0.000095
397	406	0.000157
398	402	0.000003
398	404	0.000143
398	405	0.000313
398	406	0.000148
399	403	0.000190
399	404	0.000554
399	405	0.000412
399	406	0.000443
399	407	0.000001
401	405	0.001030
401	406	0.036315
401	407	0.000047
414	418	0.000001
414	419	0.000003
415	441	0.000005
415	443	0.000028
416	440	0.000008
416	442	0.000739
417	441	0.000471
417	443	0.000040
418	441	0.001648
418	443	0.000012
419	441	0.782754
420	439	0.000001
420	440	0.999356
421	439	0.999673
422	438	0.999914
423	437	0.999957
424	436	0.999979
425	432	0.000001
425	435	0.999264
426	433	0.000183
426	434	0.995862
427	433	0.953339
427	434	0.000397
428	433	0.000308
428	434	0.000073
429	433	0.000108
429	434	0.000011
430	434	0.000002
520	528	0.000005
521	527	0.000026
523	528	0.000001
524	528	0.000002
526	834	0.000627
527	833	0.000701
528	832	0.000985
528	834	0.000003
529	831	0.000675
529	832	0.997126
530	830	0.000354
530	831	0.999263
530	832	0.000021
531	828	0.000001
531	830	0.999615
531	831	0.000011
532	829	0.999525
533	828	0.999473
534	826	0.000002
535	827	0.999467
536	822	0.000006
536	826	0.999469
537	819	0.000003
537	820	0.000001
537	821	0.000007
537	824	0.000025
537	825	0.999938
538	818	0.000004
538	819	0.000002
538	820	0.000008
538	821	0.000002
538	822	0.000001
538	823	0.000045
538	824	0.999879
539	817	0.000006
539	822	0.002216
539	823	0.982770
541	816	0.000379
541	818	0.000001
541	819	0.967704
541	820	0.015346
541	821	0.013578
541	822	0.000070
542	789	0.000002
542	815	0.000393
542	818	0.979779
542	819	0.008040
542	820	0.011632
542	821	0.000070
542	823	0.000004
543	718	0.000001
543	788	0.000016
543	814	0.000414
543	817	0.990614
543	822	0.000014
544	566	0.000021
544	573	0.000001
544	717	0.000001
544	784	0.000034
544	787	0.000019
544	813	0.000417
544	814	0.000001
544	815	0.000012
544	816	0.991423
544	817	0.000439
544	818	0.000476
544	819	0.006923
544	820	0.000032
544	821	0.000014
545	551	0.000007
545	565	0.000023
545	572	0.000002
545	715	0.000001
545	716	0.000001
545	783	0.000036
545	786	0.000020
545	806	0.000018
545	812	0.000411
545	813	0.000006
545	814	0.000016
545	815	0.989493
545	816	0.000704
545	817	0.000233
545	818	0.006897
545	819	0.000033
545	820	0.000014
546	550	0.000032
546	552	0.000267
546	554	0.003034
546	556	0.000002
546	564	0.000023
546	571	0.000003
546	710	0.000002
546	714	0.000008
546	782	0.000036
546	785	0.000026
546	805	0.000157
547	552	0.000006
547	553	0.003033
547	554	0.000017
547	555	0.000003
547	563	0.000022
547	567	0.000291
547	568	0.000001
547	570	0.000004
547	709	0.000001
547	713	0.000009
547	731	0.000007
547	737	0.000003
547	781	0.000002
547	785	0.000004
547	811	0.000212
548	561	0.000001
548	562	0.000012
548	566	0.000341
548	569	0.000004
548	706	0.000001
548	712	0.000040
548	730	0.000008
548	734	0.000001
548	736	0.000003
548	738	0.000015
548	739	0.000008
548	783	0.000022
548	784	0.000007
548	787	0.000002
548	794	0.000001
548	803	0.000308
548	809	0.000011
548	810	0.000172
548	812	0.120203
548	813	0.740685
548	814	0.013069
548	815	0.002771
548	816	0.000587
548	817	0.000036
548	818	0.000013
548	819	0.000001
549	553	0.000003
549	554	0.000014
549	555	0.000002
549	567	0.000004
549	568	0.000003
549	710	0.000001
549	711	0.000043
549	713	0.000004
549	729	0.000007
549	731	0.000003
549	737	0.000035
549	782	0.000019
549	785	0.000003
549	793	0.000001
549	801	0.000001
549	802	0.000310
549	811	0.117128
550	559	0.000002
550	560	0.000001
550	561	0.000016
550	565	0.000510
550	566	0.000004
550	698	0.000003
550	704	0.000006
550	712	0.000621
550	730	0.000004
550	734	0.000001
550	736	0.000051
550	738	0.011486
550	783	0.000004
550	784	0.000010
550	787	0.000005
550	790	0.000001
550	794	0.000015
550	800	0.000002
550	803	0.000026
550	808	0.000011
550	809	0.000249
550	810	0.086687
550	812	0.861527
550	813	0.000292
550	814	0.000012
550	815	0.000016
550	816	0.000245
550	817	0.000037
550	819	0.000001
551	555	0.000001
551	558	0.000002
551	564	0.000514
551	567	0.000001
551	697	0.000003
551	703	0.000008
551	708	0.000021
551	709	0.000041
551	710	0.000061
551	711	0.000765
551	729	0.000003
551	731	0.000012
551	737	0.049371
551	785	0.000014
551	793	0.000016
551	801	0.000005
551	802	0.000025
551	805	0.000002
551	811	0.861690
552	560	0.000024
552	561	0.000001
552	565	0.000002
552	566	0.000002
552	584	0.000003
552	585	0.000003
552	696	0.000003
552	702	0.000008
552	705	0.000001
552	706	0.000009
552	707	0.000009
552	712	0.000005
552	728	0.000002
552	730	0.000014
552	734	0.000080
552	736	0.062290
552	783	0.000003
552	784	0.000026
552	786	0.000001
552	787	0.000067
552	789	0.000401
552	790	0.000013
552	796	0.000005
552	798	0.000002
552	799	0.000355
552	806	0.000006
552	807	0.000089
552	808	0.024562
552	809	0.000415
552	810	0.859139
552	812	0.000027
552	813	0.000017
552	814	0.000002
552	815	0.000538
552	816	0.000001
552	818	0.000003
553	559	0.000024
553	562	0.000520
553	701	0.000008
553	704	0.000001
553	707	0.000017
553	727	0.000001
553	733	0.000070
553	735	0.062278
553	786	0.000060
553	788	0.000499
553	789	0.000013
553	790	0.000022
553	795	0.000007
553	797	0.000003
553	798	0.000353
553	800	0.000043
553	804	0.000196
553	806	0.000108
553	807	0.023350
553	809	0.842536
553	810	0.000304
553	814	0.000634
553	817	0.000004
554	560	0.000008
554	561	0.000518
554	566	0.000002
554	582	0.000012
554	583	0.000026
554	584	0.000013
554	585	0.000001
554	702	0.000002
554	705	0.000080
554	706	0.000009
554	707	0.000370
554	712	0.000005
554	720	0.000001
554	723	0.000001
554	730	0.000014
554	734	0.062015
554	736	0.000097
554	783	0.000022
554	784	0.000058
554	786	0.000002
554	787	0.000539
554	788	0.000008
554	789	0.000030
554	790	0.000358
554	794	0.000009
554	796	0.000005
554	797	0.000341
554	799	0.000059
554	800	0.000001
554	803	0.000247
554	804	0.000022
554	806	0.014820
554	807	0.000027
554	808	0.695428
554	809	0.000378
554	810	0.000038
554	812	0.000006
554	813	0.000632
554	815	0.000004
554	816	0.000004
555	559	0.000008
555	562	0.000084
555	699	0.000005
555	701	0.000002
555	704	0.000074
555	707	0.701455
555	718	0.000002
555	722	0.000002
555	733	0.018500
555	735	0.000052
555	786	0.000261
555	788	0.000028
555	789	0.000493
555	790	0.000002
555	795	0.000007
555	796	0.000307
555	798	0.000029
555	800	0.000028
555	804	0.000205
555	806	0.000318
555	807	0.230066
555	809	0.000036
555	810	0.000001
555	814	0.000006
555	817	0.000001
556	560	0.000025
556	561	0.000126
556	562	0.000023
556	565	0.000087
556	566	0.004394
556	575	0.000001
556	581	0.000910
556	582	0.000747
556	583	0.000015
556	584	0.000006
556	585	0.000003
556	698	0.000006
556	699	0.000002
556	702	0.000013
556	704	0.000005
556	705	0.000022
556	706	0.969426
556	707	0.000095
556	717	0.000002
556	721	0.000002
556	730	0.000022
556	734	0.000033
556	735	0.000022
556	736	0.000003
556	784	0.000130
556	787	0.000027
556	788	0.000848
556	789	0.000002
556	790	0.000003
556	794	0.000010
556	795	0.000319
556	797	0.000012
556	798	0.000002
556	799	0.000057
556	800	0.000401
556	803	0.000201
556	804	0.000273
556	806	0.016428
556	807	0.000004
556	808	0.000026
556	809	0.000001
556	813	0.000005
556	816	0.000001
557	561	0.000034
557	562	0.000005
557	565	0.004401
557	566	0.000130
557	573	0.000010
557	580	0.000962
557	581	0.000755
557	582	0.000013
557	583	0.000006
557	584	0.000003
557	683	0.000039
557	696	0.000002
557	698	0.000002
557	701	0.000011
557	702	0.001601
557	704	0.000014
557	705	0.973907
557	706	0.000070
557	707	0.000001
557	716	0.000002
557	720	0.000002
557	728	0.000040
557	730	0.000007
557	733	0.000007
557	734	0.000032
557	736	0.000003
557	783	0.000130
557	784	0.000070
557	786	0.000022
557	787	0.000946
557	789	0.000007
557	790	0.000019
557	794	0.000325
557	796	0.000013
557	797	0.000004
557	798	0.000055
557	799	0.000489
557	800	0.000001
557	803	0.000327
557	804	0.000040
557	806	0.000013
557	807	0.000032
557	808	0.000001
557	812	0.000005
557	815	0.000001
558	562	0.000006
558	572	0.000009
558	579	0.001201
558	580	0.000526
558	682	0.000039
558	701	0.001611
558	704	0.971463
558	707	0.000002
558	715	0.000002
558	719	0.000001
558	727	0.000040
558	733	0.000033
558	735	0.000003
558	786	0.000940
558	788	0.000007
558	789	0.000020
558	790	0.000001
558	795	0.000011
558	796	0.000004
558	797	0.000051
558	798	0.000461
558	800	0.000002
558	804	0.008646
558	806	0.000050
558	807	0.000001
558	814	0.000001
559	563	0.000055
559	564	0.000169
559	567	0.000003
559	568	0.000006
559	571	0.000001
559	578	0.001417
559	681	0.000039
559	700	0.001438
559	703	0.912018
559	711	0.000014
559	714	0.000002
559	726	0.000040
559	732	0.000029
559	782	0.000140
559	785	0.000631
559	791	0.000002
559	792	0.000346
559	793	0.000003
559	801	0.000023
559	802	0.000113
559	805	0.000049
560	564	0.000028
560	577	0.001448
560	578	0.000303
560	680	0.000039
560	710	0.000017
560	713	0.000002
560	725	0.000040
560	781	0.000151
560	785	0.000024
560	791	0.000349
560	805	0.000024
561	571	0.000074
561	576	0.001447
561	577	0.000304
561	679	0.000039
561	710	0.000010
561	724	0.000040
561	780	0.000151
561	785	0.000031
561	791	0.000005
561	805	0.000023
562	567	0.000016
562	568	0.000058
562	570	0.000092
562	574	0.001507
562	576	0.000280
562	697	0.001680
562	700	0.857586
562	703	0.013833
562	708	0.000021
562	709	0.000008
562	731	0.000008
562	737	0.000006
562	779	0.000151
562	785	0.000704
562	793	0.000001
562	801	0.002151
562	802	0.000029
562	805	0.000024
563	569	0.000118
563	573	0.001564
563	575	0.000259
563	696	0.001725
563	698	0.012935
563	699	0.903953
563	701	0.004725
563	702	0.019847
563	705	0.000003
563	706	0.000072
563	707	0.000022
563	716	0.000011
563	717	0.000002
563	721	0.000002
563	723	0.000004
563	730	0.000008
563	736	0.000007
563	778	0.000151
563	783	0.000003
563	784	0.001688
563	787	0.000333
563	788	0.000028
563	794	0.000299
563	795	0.000114
563	796	0.000007
563	797	0.000015
563	798	0.000015
563	799	0.001828
563	800	0.002467
563	803	0.000069
563	804	0.000036
564	569	0.000003
564	572	0.001579
564	573	0.000064
564	696	0.008916
564	698	0.901691
564	699	0.001432
564	701	0.016593
564	702	0.000275
564	704	0.000003
564	705	0.000072
564	706	0.000022
564	715	0.000011
564	716	0.000002
564	720	0.000002
564	722	0.000002
564	730	0.000004
564	735	0.000004
564	777	0.000151
564	783	0.001687
564	786	0.000337
564	787	0.000029
564	794	0.000117
564	795	0.000005
564	796	0.000010
564	797	0.000014
564	798	0.001063
564	799	0.002412
564	800	0.000008
564	803	0.000046
564	806	0.000006
565	571	0.001583
565	695	0.007102
565	714	0.000014
565	729	0.000004
565	775	0.000113
565	782	0.001429
565	785	0.000344
565	791	0.000004
565	805	0.000007
566	571	0.000058
566	695	0.000914
566	713	0.000014
566	774	0.000112
566	775	0.000001
566	781	0.000939
566	782	0.000002
566	785	0.000016
566	791	0.000306
566	805	0.000011
567	694	0.000481
567	699	0.000248
567	701	0.000003
567	789	0.000001
567	790	0.000286
567	795	0.000028
567	796	0.000350
567	797	0.000077
567	798	0.000039
567	800	0.000001
567	804	0.000010
567	807	0.000002
568	694	0.000062
568	699	0.000066
568	701	0.000011
568	704	0.000001
568	789	0.000167
568	795	0.000272
568	796	0.000065
568	797	0.000039
568	798	0.000003
568	806	0.000007
569	695	0.982887
569	805	0.000008
570	694	0.996382
570	795	0.000001
570	804	0.000008
571	693	0.998027
571	794	0.000001
571	803	0.000008
572	692	0.997828
572	792	0.000001
572	802	0.000007
573	689	0.000005
573	691	0.998047
573	791	0.000002
574	688	0.000013
574	690	0.997622
574	790	0.000001
575	588	0.000093
575	687	0.000020
575	689	0.997788
576	581	0.000001
576	582	0.000031
576	583	0.000248
576	584	0.006516
576	585	0.023329
576	586	0.000131
576	587	0.000174
576	686	0.000011
576	688	0.958815
577	581	0.000030
577	582	0.000249
577	583	0.006591
577	584	0.023539
577	585	0.000320
577	586	0.000176
577	683	0.000030
577	686	0.000143
577	688	0.000020
578	582	0.006393
578	583	0.023187
578	584	0.000318
578	585	0.000176
578	682	0.000031
578	683	0.000002
578	686	0.965938
579	681	0.000032
579	684	0.000134
579	685	0.955730
579	687	0.000006
580	680	0.000002
580	681	0.000575
580	684	0.819124
580	685	0.000898
580	687	0.000001
581	588	0.000001
581	679	0.000001
581	680	0.000534
581	687	0.000002
582	679	0.000450
582	680	0.000505
583	588	0.000004
583	679	0.000423
583	680	0.000737
584	588	0.000001
584	679	0.000627
584	680	0.003907
585	679	0.003295
585	680	0.017881
585	687	0.000003
586	679	0.010889
586	680	0.972355
587	679	0.983671
587	680	0.000150
588	677	0.000005
588	678	0.993369
588	683	0.000004
589	682	0.000004
590	676	0.000016
590	677	0.999694
590	678	0.000017
591	676	0.999961
591	677	0.000009
592	675	0.999202
593	674	0.999929
594	673	0.999985
595	672	0.999698
596	670	0.000001
596	671	0.999965
597	670	0.996596
597	671	0.000002
599	668	0.996004
600	667	0.999975
601	666	0.999511
602	665	0.999977
603	664	0.999991
604	663	0.999991
605	662	0.999957
606	661	0.999964
607	660	0.999991
608	659	0.999957
609	657	0.000008
609	658	0.999947
610	656	0.000016
610	657	0.999966
610	658	0.000002
611	654	0.000005
611	656	0.998723
611	657	0.000003
612	616	0.000001
613	653	0.000636
614	652	0.000330
614	653	0.863852
615	652	0.865255
615	653	0.000004
616	651	0.864967
616	652	0.000003
616	655	0.131663
617	650	0.861832
617	654	0.134346
618	643	0.000001
618	648	0.004279
618	653	0.131230
619	642	0.000001
619	647	0.002164
619	648	0.858863
619	652	0.127264
619	653	0.003143
620	647	0.863075
620	652	0.006240
621	646	0.864516
622	639	0.000003
622	645	0.864182
622	651	0.116090
623	641	0.000001
623	644	0.864414
623	646	0.000002
623	650	0.134585
624	637	0.000247
624	640	0.000001
624	642	0.000013
624	643	0.748940
624	645	0.000004
624	648	0.000002
624	649	0.134693
625	636	0.000538
625	640	0.000045
625	642	0.262211
625	643	0.106717
625	647	0.000005
625	648	0.134725
626	635	0.000573
626	636	0.000003
626	638	0.001291
626	640	0.004033
626	642	0.088665
626	643	0.002778
626	647	0.134646
627	634	0.000572
627	635	0.000002
627	637	0.001305
627	638	0.000012
627	639	0.003953
627	640	0.000070
627	642	0.002969
627	643	0.000403
627	645	0.124748
628	633	0.000555
628	641	0.013289
628	644	0.130416
628	646	0.000003
629	635	0.001366
629	636	0.000936
629	638	0.002431
629	640	0.013149
629	642	0.577578
629	643	0.065416
630	641	0.979502
631	635	0.000141
631	636	0.001074
631	638	0.010738
631	640	0.980472
631	642	0.000001
632	636	0.000013
632	637	0.009247
632	638	0.000015
632	639	0.980353
633	638	0.977361
633	640	0.000001
678	687	0.000109
679	686	0.000118
679	706	0.000141
680	686	0.000009
680	702	0.000002
680	705	0.000149
681	688	0.000591
681	701	0.000003
681	704	0.000157
682	687	0.000537
682	692	0.000005
682	700	0.000003
682	703	0.000143
682	711	0.000002
682	792	0.000021
683	687	0.000007
683	689	0.000005
683	691	0.000005
683	710	0.000003
683	791	0.000024
683	805	0.000002
684	688	0.000018
684	690	0.000005
684	699	0.000002
684	701	0.000030
684	790	0.000022
684	804	0.000001
684	807	0.000002
685	699	0.000025
685	701	0.000002
685	786	0.000003
685	789	0.000012
685	806	0.000006
686	785	0.000004
686	805	0.000006
687	696	0.000003
687	698	0.001716
687	699	0.000002
687	701	0.000009
687	702	0.000004
687	704	0.000002
687	705	0.000003
687	706	0.000022
687	784	0.000003
687	803	0.000001
688	695	0.000003
688	697	0.001722
688	700	0.000010
688	703	0.000002
688	737	0.000001
688	802	0.000001
689	696	0.001723
689	698	0.000114
689	702	0.000002
689	704	0.000046
689	705	0.000001
689	736	0.000001
690	695	0.001584
690	697	0.000115
690	703	0.000052
691	696	0.000114
691	702	0.000053
691	734	0.000001
692	701	0.000051
692	733	0.000001
694	700	0.000002
694	703	0.000003
694	731	0.000002
695	699	0.000002
695	702	0.000007
695	730	0.000002
695	746	0.000016
696	710	0.000016
696	729	0.000002
696	745	0.000033
696	791	0.000025
696	805	0.000009
697	701	0.000007
697	704	0.000012
697	707	0.000003
697	715	0.000008
697	744	0.000033
697	786	0.000004
697	790	0.000025
697	795	0.000003
697	796	0.000005
697	797	0.000002
697	798	0.000002
697	800	0.000004
697	804	0.000008
697	806	0.000006
698	710	0.000143
698	714	0.000010
698	743	0.000033
698	785	0.000005
698	805	0.000007
699	703	0.000009
699	708	0.000159
699	709	0.000131
699	710	0.000002
699	713	0.000009
699	742	0.000032
699	745	0.000001
699	791	0.000002
699	792	0.000001
699	793	0.000017
699	801	0.000007
700	704	0.000004
700	707	0.000169
700	715	0.000002
700	741	0.000028
700	744	0.000002
700	790	0.000003
700	795	0.000007
700	796	0.000027
700	797	0.000022
700	798	0.000007
700	800	0.000007
701	708	0.000011
701	709	0.000003
701	710	0.000002
701	711	0.000448
701	714	0.000002
701	729	0.000002
701	743	0.000002
701	792	0.002236
701	793	0.000010
702	710	0.000534
702	713	0.000003
702	729	0.000006
702	742	0.000002
702	791	0.002563
702	805	0.000009
703	707	0.000006
703	727	0.000056
703	741	0.000002
703	790	0.002518
703	795	0.000014
703	796	0.000009
703	797	0.000004
703	798	0.000001
703	804	0.000008
704	708	0.000012
704	709	0.000014
704	710	0.000001
704	711	0.000424
704	726	0.000065
704	737	0.000002
704	791	0.000004
704	792	0.004343
704	793	0.000094
705	710	0.000504
705	714	0.000006
705	725	0.000067
705	791	0.004897
706	710	0.000028
706	713	0.000006
706	724	0.000067
706	785	0.000001
706	791	0.006169
706	805	0.000001
707	711	0.000029
707	731	0.000054
707	732	0.000072
707	737	0.001330
707	791	0.003868
707	792	0.000310
707	793	0.000068
707	801	0.000074
707	802	0.000031
707	805	0.000022
707	811	0.000002
708	719	0.000002
708	722	0.000065
708	733	0.000384
708	735	0.000186
708	786	0.000003
708	788	0.000193
708	789	0.363637
708	790	0.005037
708	795	0.000006
708	796	0.000318
708	797	0.000024
708	798	0.000080
708	800	0.000061
708	804	0.000026
708	806	0.000004
708	807	0.000014
708	810	0.000009
709	718	0.000003
709	721	0.000074
709	733	0.000993
709	735	0.097431
709	786	0.000003
709	788	0.484765
709	789	0.002780
709	790	0.000078
709	795	0.000416
709	796	0.000026
709	797	0.000100
709	798	0.000026
709	800	0.002316
709	804	0.000271
709	806	0.000017
709	807	0.000005
709	809	0.000014
709	814	0.000002
710	717	0.000003
710	720	0.000074
710	723	0.000005
710	728	0.000006
710	730	0.149119
710	733	0.000254
710	734	0.109734
710	735	0.000008
710	736	0.006883
710	783	0.000024
710	784	0.000057
710	786	0.000001
710	787	0.502929
710	788	0.000080
710	789	0.000047
710	790	0.000006
710	794	0.000420
710	795	0.000016
710	796	0.000099
710	797	0.000032
710	798	0.000011
710	799	0.002501
710	800	0.000003
710	803	0.000283
710	804	0.000001
710	806	0.000004
710	807	0.000118
710	808	0.000015
710	813	0.000002
711	719	0.000069
711	722	0.000005
711	727	0.000004
711	733	0.107931
711	735	0.006845
711	786	0.502106
711	788	0.000040
711	789	0.000005
711	790	0.000002
711	795	0.000084
711	796	0.000027
711	797	0.000015
711	798	0.002136
711	800	0.000002
711	804	0.000012
711	806	0.000140
711	807	0.000013
712	724	0.000003
712	729	0.491081
712	785	0.497969
712	805	0.000138
713	717	0.000015
713	720	0.000008
713	721	0.000003
713	723	0.000005
713	727	0.000001
713	728	0.554931
713	730	0.000053
713	734	0.000005
713	736	0.000002
713	783	0.000060
713	784	0.443728
713	795	0.000002
713	804	0.000060
714	719	0.000008
714	720	0.000015
714	722	0.000005
714	723	0.000041
714	727	0.582990
714	728	0.002218
714	730	0.000188
714	733	0.000004
714	734	0.000004
714	736	0.000004
714	783	0.410120
714	784	0.000003
714	794	0.000002
714	803	0.000058
715	724	0.000010
715	725	0.000099
715	726	0.858781
715	729	0.000138
715	731	0.000078
715	732	0.000009
715	737	0.000002
715	782	0.036226
715	793	0.000002
715	802	0.000042
716	724	0.000277
716	725	0.920063
716	729	0.000814
716	781	0.023553
716	782	0.000434
717	724	0.918909
717	725	0.000754
717	729	0.000205
717	780	0.022330
717	781	0.000243
717	782	0.000004
717	791	0.000001
718	724	0.000724
718	725	0.000021
718	726	0.000496
718	729	0.000007
718	731	0.000011
718	732	0.000031
718	737	0.000005
718	763	0.000004
718	776	0.000006
718	779	0.018677
718	780	0.000041
719	724	0.000031
719	725	0.000568
719	726	0.004689
719	729	0.000001
719	731	0.000038
719	732	0.000003
719	737	0.000012
719	761	0.000002
719	762	0.000017
719	775	0.000014
719	776	0.011136
719	779	0.000040
719	792	0.000001
720	724	0.000621
720	725	0.005220
720	729	0.000081
720	759	0.000001
720	760	0.000002
720	761	0.000018
720	774	0.000015
720	775	0.011892
720	780	0.000001
720	791	0.000001
721	725	0.000003
721	726	0.000005
721	729	0.000002
721	731	0.000053
721	732	0.000164
721	737	0.000115
721	759	0.000002
721	760	0.000018
721	774	0.011425
721	775	0.000002
721	776	0.002026
721	779	0.000003
721	793	0.000005
722	726	0.000002
722	729	0.000005
722	731	0.000212
722	732	0.000018
722	737	0.002028
722	759	0.000016
722	774	0.000007
722	775	0.002073
722	776	0.000050
722	779	0.000013
722	792	0.000006
723	729	0.000569
723	742	0.000003
723	748	0.000011
723	759	0.000001
723	772	0.011812
723	774	0.002069
723	775	0.000051
723	785	0.000004
723	791	0.000006
724	728	0.000532
724	730	0.000750
724	733	0.000014
724	734	0.000181
724	735	0.037860
724	736	0.005423
724	738	0.000130
724	739	0.000284
724	740	0.000504
724	741	0.000009
724	747	0.000016
724	752	0.000001
724	754	0.000008
724	755	0.000182
724	770	0.000023
724	771	0.011792
724	773	0.001808
724	777	0.000006
724	778	0.002941
724	784	0.000004
724	788	0.000002
724	790	0.000005
724	795	0.000005
724	799	0.000001
724	800	0.000001
725	730	0.000205
725	733	0.000099
725	734	0.049427
725	735	0.000214
725	736	0.002474
725	738	0.000285
725	739	0.000504
725	740	0.000012
725	746	0.000016
725	747	0.000002
725	751	0.000002
725	753	0.000010
725	754	0.000191
725	769	0.000038
725	770	0.011397
725	771	0.000198
725	773	0.000012
725	777	0.002938
725	778	0.000002
725	783	0.000004
725	787	0.000002
725	789	0.000004
725	794	0.000006
725	798	0.000001
725	799	0.000001
726	733	0.048592
726	735	0.002498
726	744	0.000042
726	752	0.000013
726	753	0.000187
726	786	0.000002
726	788	0.000004
726	797	0.000001
726	798	0.000001
727	731	0.000210
727	732	0.040846
727	737	0.000148
727	743	0.000044
727	748	0.000002
727	768	0.000813
727	775	0.002234
727	776	0.000081
727	785	0.000001
727	792	0.000009
728	742	0.000050
728	743	0.000009
728	745	0.000064
728	748	0.000022
728	750	0.000232
728	766	0.000002
728	772	0.000122
728	774	0.002889
728	775	0.000046
728	785	0.000004
728	791	0.000011
729	733	0.000153
729	734	0.004535
729	735	0.000303
729	736	0.007515
729	738	0.000273
729	739	0.000005
729	740	0.000006
729	741	0.000030
729	744	0.000069
729	746	0.008924
729	747	0.000100
729	749	0.000264
729	751	0.000012
729	765	0.000001
729	767	0.001833
729	769	0.000002
729	771	0.000122
729	773	0.002928
729	783	0.000096
729	784	0.000022
729	786	0.000007
729	787	0.000004
729	790	0.000011
729	794	0.000024
729	799	0.000004
729	803	0.000001
729	806	0.000054
730	742	0.000032
730	743	0.000067
730	745	0.008990
730	748	0.000263
730	750	0.000012
730	766	0.001837
730	772	0.002898
730	782	0.000053
730	785	0.000021
730	791	0.070607
730	805	0.000182
731	735	0.000383
731	741	0.000034
731	744	0.004993
731	765	0.001710
731	786	0.000048
731	788	0.000155
731	789	0.001083
731	790	0.071945
731	795	0.000008
731	796	0.000296
731	797	0.000050
731	798	0.000027
731	800	0.000002
731	804	0.000159
731	806	0.000001
731	807	0.000021
732	741	0.000033
732	744	0.004165
732	765	0.000009
732	786	0.000759
732	788	0.001257
732	789	0.068182
732	790	0.000223
732	795	0.000361
732	796	0.000056
732	797	0.000032
732	798	0.000003
732	800	0.000002
732	804	0.000003
732	806	0.000029
732	807	0.000002
733	737	0.000231
733	742	0.000058
733	743	0.008019
733	745	0.000003
733	748	0.000001
733	761	0.000010
733	762	0.000998
733	763	0.000119
733	776	0.000004
733	785	0.000738
733	791	0.000002
733	792	0.000344
733	793	0.000035
733	802	0.000005
733	805	0.000025
734	742	0.008166
734	743	0.000382
734	745	0.000009
734	748	0.000002
734	760	0.000011
734	761	0.001071
734	775	0.000004
734	782	0.000004
734	785	0.002324
734	791	0.000409
734	805	0.000015
735	742	0.000269
735	743	0.000423
735	759	0.000010
735	760	0.001056
735	761	0.000009
735	762	0.000231
735	763	0.000037
735	774	0.000002
735	775	0.000001
735	776	0.000016
735	782	0.000002
735	785	0.003099
735	791	0.000003
735	792	0.008134
735	793	0.000013
735	801	0.000001
735	802	0.000001
736	742	0.000587
736	743	0.000027
736	745	0.000492
736	759	0.001035
736	760	0.000017
736	761	0.000231
736	766	0.000002
736	774	0.000007
736	775	0.000021
736	782	0.000019
736	785	0.046262
736	791	0.009659
736	805	0.000152
737	741	0.000394
737	744	0.000504
737	756	0.000002
737	757	0.000056
737	765	0.000002
737	786	0.000222
737	788	0.000116
737	789	0.000052
737	790	0.009445
737	795	0.000002
737	796	0.000002
737	797	0.000002
737	798	0.000001
737	800	0.000002
737	804	0.000129
737	806	0.000003
737	807	0.000001
738	742	0.000005
738	743	0.000502
738	745	0.000001
738	759	0.000012
738	760	0.000250
738	761	0.000385
738	772	0.000044
738	774	0.000030
738	775	0.000684
738	781	0.000111
738	782	0.941479
738	785	0.000071
738	805	0.000001
739	743	0.000001
739	759	0.000249
739	760	0.000393
739	761	0.000019
739	772	0.000032
739	774	0.000699
739	775	0.000174
739	780	0.000061
739	781	0.974771
739	782	0.000029
740	745	0.000003
740	759	0.000392
740	760	0.000020
740	772	0.001058
740	774	0.000176
740	775	0.000003
740	780	0.977346
740	781	0.000017
741	750	0.000001
741	759	0.000020
741	772	0.000118
741	774	0.000003
741	779	0.978854
741	780	0.000004
742	747	0.000005
742	749	0.000003
742	751	0.000002
742	752	0.000692
742	753	0.000003
742	754	0.000048
742	755	0.000933
742	756	0.000033
742	757	0.000001
742	758	0.000021
742	765	0.000001
742	770	0.005829
742	771	0.000184
742	773	0.000001
742	778	0.981794
743	749	0.000003
743	751	0.000724
743	752	0.000002
743	753	0.000036
743	754	0.000933
743	755	0.000034
743	757	0.000016
743	764	0.000002
743	769	0.006079
743	770	0.000135
743	771	0.000001
743	773	0.000005
743	777	0.981779
743	778	0.000004
744	748	0.000003
744	750	0.000722
744	762	0.000001
744	763	0.000002
744	768	0.006128
744	772	0.000006
744	774	0.000046
744	775	0.000005
744	776	0.975336
745	749	0.000655
745	751	0.000986
745	752	0.000018
745	754	0.000005
745	755	0.000003
745	767	0.006076
745	769	0.000077
745	770	0.000005
745	771	0.000007
745	773	0.000241
745	777	0.000010
746	750	0.000975
746	760	0.000005
746	761	0.000003
746	766	0.005823
746	772	0.000238
746	774	0.004946
746	775	0.974468
747	759	0.000005
747	760	0.000004
747	761	0.000010
747	766	0.000232
747	772	0.003896
747	774	0.976477
747	775	0.000004
748	758	0.000005
748	764	0.001825
748	765	0.000435
748	767	0.011265
748	769	0.000325
748	770	0.000025
748	771	0.003254
748	773	0.976486
749	759	0.000013
749	761	0.000008
749	766	0.011579
749	772	0.974641
749	774	0.000007
750	754	0.000042
750	755	0.000154
750	756	0.000008
750	757	0.000012
750	758	0.000079
750	764	0.007762
750	765	0.012499
750	767	0.477073
750	769	0.000406
750	770	0.001477
750	771	0.481309
750	773	0.000016
751	759	0.000028
751	760	0.000105
751	761	0.000302
751	766	0.568603
751	772	0.000017
752	759	0.000095
752	760	0.000275
752	761	0.000056
752	762	0.013872
752	763	0.716206
752	766	0.000892
752	768	0.002774
753	759	0.000199
753	760	0.000080
753	761	0.014523
753	762	0.920948
753	763	0.001320
753	766	0.000063
753	768	0.001135
753	776	0.000013
754	759	0.000115
754	760	0.014975
754	761	0.931608
754	766	0.000118
754	775	0.000020
755	759	0.014889
755	760	0.930112
755	761	0.000102
755	766	0.001409
755	774	0.000020
755	775	0.000010
756	760	0.000091
756	761	0.000003
756	762	0.000020
756	763	0.000041
756	766	0.000038
756	768	0.000181
756	774	0.000012
756	776	0.000004
757	761	0.000017
757	762	0.000037
757	763	0.000019
757	766	0.000045
757	768	0.000037
757	775	0.000004
758	766	0.002027
758	772	0.001310
758	774	0.000005
759	764	0.000722
759	765	0.002039
759	767	0.000021
759	769	0.000032
759	770	0.036089
759	771	0.007377
759	773	0.000005
759	778	0.000019
760	764	0.001957
760	765	0.000005
760	767	0.000114
760	769	0.036126
760	770	0.008745
760	771	0.000126
760	777	0.000019
760	778	0.000017
761	765	0.000007
761	767	0.001613
761	769	0.008711
761	770	0.000162
761	771	0.000001
761	777	0.000017
764	775	0.000145
765	774	0.000147
766	770	0.000432
766	771	0.000291
766	773	0.000179
767	772	0.000181
769	775	0.000009
770	774	0.000009
770	775	0.000001
773	785	0.000001
774	784	0.000001
775	783	0.000001
781	787	0.000003
781	788	0.000003
781	794	0.000002
781	807	0.000005
781	813	0.000002
782	786	0.000007
782	787	0.000077
782	788	0.000010
782	789	0.000017
782	790	0.000007
782	794	0.000006
782	799	0.000001
782	803	0.000001
782	806	0.000623
782	807	0.000003
782	808	0.000001
782	812	0.000003
782	813	0.000004
782	815	0.000002
783	791	0.000879
783	805	0.005384
784	791	0.037505
784	805	0.005591
785	789	0.000142
785	790	0.029533
785	794	0.026054
785	795	0.000024
785	796	0.000046
785	797	0.000038
785	798	0.000031
785	799	0.000555
785	800	0.000018
785	803	0.022146
785	804	0.003999
785	806	0.000145
785	807	0.000070
785	808	0.000014
785	809	0.000009
785	810	0.000002
785	812	0.001184
785	813	0.000230
785	814	0.000022
785	815	0.000011
786	791	0.000088
786	792	0.005997
786	793	0.022413
786	801	0.000028
786	802	0.020537
786	805	0.000168
786	811	0.001116
787	791	0.008303
787	805	0.001423
788	792	0.000120
788	793	0.000072
788	801	0.001770
788	802	0.011459
788	805	0.000097
788	811	0.001353
789	793	0.000046
789	801	0.012477
789	802	0.009808
789	805	0.000048
789	811	0.000069
790	801	0.015991
790	802	0.000529
790	805	0.000075
790	811	0.000018
791	795	0.000070
791	796	0.000302
791	797	0.001398
791	798	0.002927
791	799	0.197831
791	800	0.008208
791	803	0.000875
791	804	0.000098
791	806	0.000063
791	807	0.000725
791	808	0.272973
791	809	0.000007
791	810	0.000005
792	796	0.001154
792	797	0.003185
792	798	0.193590
792	800	0.000445
792	804	0.000230
792	806	0.000603
792	807	0.391727
792	809	0.000004
793	797	0.112575
793	798	0.000613
793	800	0.000608
793	804	0.000497
793	806	0.438762
793	807	0.000094
794	805	0.444988
795	801	0.001811
795	802	0.010425
795	805	0.000333
796	801	0.012898
796	802	0.007200
796	805	0.000891
797	801	0.005479
797	802	0.016425
797	805	0.000389
798	802	0.000411
798	805	0.000238
799	805	0.011779
800	805	0.000585
800	811	0.000013
801	806	0.000349
801	807	0.000600
801	810	0.000019
802	806	0.000535
802	807	0.000259
802	809	0.000016
804	811	0.000006
805	810	0.000009
805	812	0.000074
805	813	0.000002
806	811	0.000071
845	851	0.000009
846	850	0.000021
846	857	0.000014
847	851	0.000038
847	852	0.000059
847	854	0.000351
847	855	0.000972
847	856	0.002382
847	857	0.000033
847	862	0.000001
848	852	0.000201
848	854	0.002579
848	855	0.006289
848	856	0.019149
848	857	0.000071
848	861	0.000004
849	854	0.005687
849	855	0.023199
849	856	0.007189
849	857	0.000004
849	861	0.000001
849	872	0.000002
850	859	0.000180
850	871	0.000004
851	858	0.000161
852	858	0.000005
853	857	0.000007
857	868	0.000232
857	871	0.000025
858	867	0.000231
858	870	0.000016
859	865	0.000001
859	866	0.000231
859	867	0.000001
859	869	0.000015
859	870	0.000014
860	865	0.000203
860	866	0.000001
860	867	0.000002
860	869	0.000017
861	868	0.000026
861	871	0.000002
863	868	0.000004
863	871	0.000187
864	870	0.000185
864	872	0.000037
865	871	0.000061
866	871	0.000063
867	871	0.000006
