1	7	0.000070
1	8	0.000060
1	9	0.000014
1	12	0.000015
1	13	0.000007
1	15	0.000065
1	29	0.000001
1	33	0.000002
1	41	0.410753
1	67	0.000069
1	79	0.000180
1	87	0.000228
1	112	0.000003
1	777	0.000079
1	781	0.003432
1	784	0.000034
1	793	0.000018
1	794	0.000034
1	795	0.000151
1	797	0.000019
1	798	0.000058
1	799	0.000165
1	800	0.000574
1	803	0.000468
1	804	0.001307
2	7	0.000208
2	8	0.000044
2	9	0.000008
2	11	0.000020
2	12	0.000015
2	14	0.000078
2	15	0.000025
2	28	0.000002
2	30	0.000232
2	32	0.000003
2	39	0.000342
2	40	0.547250
2	41	0.003239
2	42	0.009451
2	46	0.001366
2	50	0.000095
2	53	0.000011
2	62	0.001018
2	65	0.000006
2	66	0.000078
2	75	0.000002
2	76	0.000006
2	77	0.000236
2	79	0.000001
2	83	0.000054
2	86	0.000256
2	87	0.000061
2	98	0.000052
2	111	0.000004
2	776	0.000114
2	777	0.000033
2	779	0.000002
2	780	0.003879
2	781	0.000058
2	784	0.000025
2	791	0.001307
2	793	0.000036
2	794	0.000148
2	795	0.000431
2	797	0.000043
2	798	0.000161
2	799	0.000970
2	800	0.000869
2	801	0.066701
2	803	0.001177
2	804	0.000186
2	806	0.012196
3	7	0.000043
3	8	0.000032
3	9	0.000014
3	11	0.000016
3	13	0.000077
3	14	0.000033
3	29	0.000235
3	30	0.000002
3	39	0.547414
3	40	0.004002
3	41	0.007643
3	42	0.089147
3	46	0.000093
3	50	0.000023
3	52	0.000011
3	61	0.001044
3	62	0.000006
3	64	0.000006
3	65	0.000078
3	75	0.000008
3	76	0.000222
3	77	0.000370
3	83	0.000016
3	86	0.000071
3	87	0.000001
3	97	0.000051
3	110	0.000004
3	775	0.000106
3	776	0.000053
3	779	0.003852
3	780	0.000056
3	781	0.000005
3	784	0.000013
3	791	0.000353
3	793	0.000056
3	794	0.000493
3	795	0.000229
3	797	0.000045
3	798	0.000838
3	799	0.001102
3	800	0.060631
3	801	0.027402
3	803	0.000094
3	804	0.000789
3	806	0.014522
4	8	0.000024
4	9	0.000015
4	12	0.000073
4	13	0.000032
4	26	0.000004
4	28	0.000236
4	29	0.000001
4	41	0.085431
4	58	0.000002
4	60	0.001064
4	61	0.000003
4	74	0.000007
4	75	0.000188
4	76	0.000328
4	79	0.000163
4	87	0.000001
4	774	0.000086
4	775	0.000046
4	777	0.000011
4	781	0.000004
4	784	0.000021
4	793	0.000419
4	794	0.000205
4	795	0.000033
4	797	0.000622
4	798	0.000830
4	799	0.051034
4	800	0.023477
4	803	0.000719
4	804	0.005815
5	10	0.000052
5	25	0.000004
5	27	0.000237
5	48	0.000019
5	56	0.000006
5	57	0.000002
5	59	0.001068
5	78	0.000172
5	80	0.000710
5	81	0.000020
5	82	0.000009
5	84	0.000025
5	88	0.000316
5	89	0.000195
5	95	0.000016
5	778	0.002151
5	805	0.024450
6	24	0.000004
6	26	0.000235
6	41	0.000523
6	55	0.000006
6	58	0.000981
6	74	0.000095
6	75	0.000003
6	76	0.000002
6	79	0.000693
6	87	0.000261
6	774	0.000008
6	775	0.000001
6	777	0.001737
6	781	0.000002
6	784	0.000189
6	793	0.000092
6	794	0.000019
6	795	0.000077
6	797	0.002607
6	798	0.000780
6	799	0.000333
6	800	0.000092
6	803	0.001191
6	804	0.019789
7	25	0.000219
7	37	0.000128
7	38	0.009852
7	43	0.000147
7	44	0.000153
7	45	0.000074
7	47	0.000010
7	48	0.000004
7	49	0.000009
7	51	0.000002
7	54	0.000005
7	57	0.000904
7	73	0.000091
7	78	0.000628
7	85	0.000004
7	89	0.000004
7	90	0.000002
7	96	0.000015
7	773	0.000010
7	782	0.000014
7	783	0.000198
7	785	0.000012
7	786	0.000036
7	787	0.000056
7	788	0.000061
7	789	0.000062
7	790	0.000085
7	792	0.000090
7	796	0.002324
7	802	0.001279
7	805	0.000043
7	807	0.000089
7	808	0.000100
8	21	0.000002
8	22	0.000111
8	37	0.005283
8	38	0.838897
8	43	0.000100
8	44	0.000061
8	45	0.000008
8	47	0.000003
8	48	0.000008
8	49	0.000001
8	56	0.000230
8	72	0.000007
8	84	0.000002
8	85	0.000032
8	89	0.000005
8	95	0.000017
8	773	0.000002
8	782	0.000103
8	783	0.000009
8	785	0.000023
8	786	0.000051
8	787	0.000059
8	788	0.000060
8	789	0.000078
8	790	0.000010
8	792	0.000007
8	796	0.000034
8	802	0.000644
8	805	0.000016
8	807	0.000091
8	808	0.000331
9	19	0.000012
9	21	0.000138
9	22	0.000003
9	31	0.000002
9	34	0.000001
9	37	0.973814
9	38	0.000268
9	43	0.000019
9	44	0.000003
9	47	0.000002
9	54	0.000001
9	84	0.000031
9	94	0.000018
9	782	0.000005
9	783	0.000002
9	785	0.000023
9	786	0.000034
9	787	0.000035
9	788	0.000044
9	789	0.000007
9	790	0.000002
9	792	0.000004
9	796	0.000004
9	802	0.000013
9	805	0.000004
9	807	0.000591
9	808	0.000004
10	18	0.000014
10	20	0.000139
10	23	0.000008
10	30	0.000002
10	32	0.000001
10	36	0.998687
10	42	0.000005
10	83	0.000031
10	93	0.000018
10	791	0.000001
10	801	0.000002
10	806	0.000621
11	16	0.000026
11	35	0.998722
11	82	0.000030
11	92	0.000018
11	805	0.000615
12	19	0.000009
12	21	0.000002
12	22	0.000002
12	31	0.000005
12	34	0.990685
12	35	0.000004
12	37	0.000001
12	38	0.000003
12	81	0.000023
12	91	0.000018
13	17	0.000003
13	19	0.000001
13	21	0.000002
13	31	0.000122
13	34	0.000107
13	37	0.000003
13	49	0.000006
13	80	0.000006
13	90	0.000018
13	802	0.000002
14	35	0.000013
14	48	0.000007
14	89	0.000019
15	21	0.000002
15	31	0.913455
15	34	0.000014
15	47	0.000007
15	78	0.000003
15	88	0.000013
15	802	0.000080
16	20	0.000002
16	28	0.000021
16	29	0.077336
16	30	0.916537
16	32	0.000048
16	33	0.000006
16	46	0.000007
16	61	0.000002
16	77	0.000003
16	87	0.000004
16	800	0.000001
16	801	0.000091
17	26	0.000074
17	28	0.533645
17	29	0.462321
17	60	0.000006
17	76	0.000002
17	799	0.000001
17	800	0.000064
18	25	0.000149
18	27	0.988034
18	59	0.000007
18	88	0.000001
18	89	0.000002
19	24	0.000109
19	26	0.987088
19	28	0.010472
19	58	0.000007
19	87	0.000001
19	798	0.000001
20	25	0.983574
20	27	0.010723
20	57	0.000007
20	88	0.000009
20	89	0.000002
21	26	0.008113
21	28	0.000001
21	29	0.000003
21	87	0.000008
21	795	0.000001
22	26	0.000008
22	28	0.000017
22	794	0.000001
23	27	0.000017
23	48	0.000002
23	88	0.000015
23	89	0.000013
24	37	0.000004
24	47	0.000002
24	88	0.000012
24	792	0.000003
25	36	0.000004
25	46	0.000002
25	52	0.000007
25	86	0.000041
25	87	0.000002
25	791	0.000003
25	793	0.000004
26	35	0.000004
26	37	0.000005
26	45	0.000002
26	51	0.000007
26	84	0.000039
26	85	0.000027
26	790	0.000002
26	792	0.000004
27	36	0.000007
27	50	0.000007
27	83	0.000091
27	791	0.000004
28	35	0.000007
28	49	0.000006
28	82	0.000091
28	790	0.000004
29	34	0.000004
29	37	0.000001
29	48	0.000005
29	81	0.000095
29	789	0.000003
30	35	0.000003
30	59	0.000016
30	80	0.000119
30	84	0.000001
31	58	0.000017
31	79	0.000119
32	57	0.000017
32	78	0.000118
32	81	0.000006
32	82	0.000001
32	89	0.000184
33	56	0.000017
33	80	0.000006
33	88	0.000186
33	807	0.000006
33	808	0.000003
34	41	0.000014
34	55	0.000017
34	61	0.000003
34	75	0.000006
34	76	0.000034
34	79	0.000006
34	87	0.000186
35	40	0.000016
35	42	0.000006
35	60	0.000010
35	74	0.000006
35	75	0.000029
35	76	0.000002
35	77	0.000011
35	79	0.000001
35	83	0.000001
35	86	0.000185
35	806	0.000506
36	59	0.000011
36	78	0.000002
36	82	0.000001
36	84	0.000082
36	805	0.000508
37	41	0.000003
37	58	0.000006
37	74	0.000030
37	75	0.000045
37	76	0.000005
37	799	0.000002
37	800	0.000003
37	804	0.000486
38	58	0.000679
38	60	0.000006
38	74	0.000102
38	75	0.000007
38	76	0.000002
38	784	0.000001
38	793	0.000001
38	794	0.000002
38	795	0.000001
38	797	0.000001
38	798	0.000003
38	799	0.000007
38	800	0.000005
38	803	0.000341
38	804	0.000010
39	48	0.000349
39	57	0.000868
39	59	0.000009
39	69	0.000010
39	71	0.000002
39	72	0.010692
39	80	0.000001
39	81	0.001400
39	82	0.000316
39	84	0.000182
39	88	0.000011
39	89	0.002034
39	91	0.000002
39	92	0.004356
39	805	0.000187
40	48	0.003655
40	56	0.000873
40	57	0.000003
40	59	0.000001
40	68	0.000011
40	69	0.000002
40	71	0.010794
40	72	0.000001
40	80	0.001402
40	81	0.000364
40	82	0.000453
40	84	0.000009
40	88	0.001962
40	89	0.000733
40	91	0.005013
40	95	0.000007
40	805	0.000183
41	45	0.000084
41	47	0.003404
41	48	0.000063
41	49	0.008533
41	51	0.000006
41	54	0.000003
41	56	0.000001
41	57	0.000016
41	68	0.000002
41	69	0.000054
41	70	0.010735
41	73	0.000016
41	78	0.000009
41	80	0.000185
41	81	0.000650
41	82	0.000002
41	85	0.000129
41	88	0.000180
41	89	0.001762
41	90	0.006101
41	94	0.000007
41	782	0.000008
41	783	0.000006
41	785	0.000006
41	786	0.000008
41	787	0.000008
41	788	0.000007
41	789	0.000007
41	790	0.000005
41	792	0.000004
41	796	0.000008
41	802	0.000052
41	805	0.000023
41	807	0.000938
41	808	0.000022
42	48	0.011768
42	56	0.000039
42	59	0.000016
42	68	0.000296
42	69	0.010424
42	71	0.000001
42	72	0.000019
42	78	0.000850
42	80	0.001018
42	81	0.000032
42	82	0.000009
42	84	0.000148
42	88	0.003328
42	89	0.009319
42	91	0.000017
42	92	0.000007
42	805	0.020892
43	55	0.000034
43	58	0.000016
43	61	0.000001
43	67	0.000476
43	75	0.000003
43	76	0.000173
43	79	0.000988
43	87	0.003071
43	781	0.000004
43	784	0.000018
43	793	0.000011
43	794	0.000065
43	795	0.000320
43	797	0.000016
43	798	0.000101
43	799	0.000443
43	800	0.000885
43	803	0.000077
43	804	0.020521
44	58	0.000003
44	61	0.000110
44	67	0.000212
44	74	0.000003
44	75	0.000175
44	76	0.000403
44	79	0.000006
44	87	0.000093
44	781	0.000004
44	784	0.000025
44	793	0.000062
44	794	0.000356
44	795	0.000110
44	797	0.000082
44	798	0.000456
44	799	0.001013
44	800	0.000387
44	803	0.015613
44	804	0.000709
45	58	0.000018
45	60	0.000238
45	61	0.000002
45	67	0.000036
45	74	0.000133
45	75	0.000401
45	76	0.000052
45	79	0.000211
45	87	0.000045
45	781	0.000003
45	784	0.000018
45	793	0.000256
45	794	0.000091
45	795	0.000020
45	797	0.000273
45	798	0.000565
45	799	0.000355
45	800	0.000097
45	803	0.000573
45	804	0.000138
46	56	0.000319
46	57	0.000018
46	59	0.000253
46	68	0.001622
46	71	0.000001
46	72	0.000029
46	78	0.000230
46	80	0.000057
46	81	0.000003
46	82	0.000023
46	84	0.000856
46	88	0.671249
46	89	0.000797
46	778	0.000058
46	805	0.002125
47	55	0.000315
47	58	0.000232
47	60	0.000055
47	61	0.000031
47	67	0.001626
47	74	0.001090
47	75	0.000069
47	76	0.000201
47	79	0.000053
47	87	0.674395
47	777	0.000059
47	784	0.000002
47	793	0.000001
47	794	0.000003
47	795	0.000022
47	797	0.000002
47	798	0.000005
47	799	0.000027
47	800	0.000117
47	803	0.000018
47	804	0.001906
48	52	0.000005
48	53	0.000094
48	55	0.000001
48	60	0.000045
48	61	0.020498
48	62	0.002584
48	64	0.000031
48	65	0.000012
48	66	0.001442
48	74	0.000069
48	75	0.000251
48	76	0.000018
48	77	0.000100
48	83	0.005311
48	86	0.671198
48	87	0.000008
48	776	0.000059
48	791	0.000022
48	793	0.000001
48	794	0.000022
48	795	0.000008
48	797	0.000002
48	798	0.000023
48	799	0.000110
48	800	0.000030
48	801	0.001200
48	803	0.000614
48	804	0.000014
48	806	0.000403
49	55	0.000003
49	58	0.000207
49	60	0.039417
49	61	0.001308
49	74	0.000248
49	75	0.000017
49	76	0.000098
49	79	0.000001
49	87	0.000008
49	775	0.000052
49	793	0.000015
49	794	0.000006
49	797	0.000014
49	798	0.000062
49	799	0.000027
49	800	0.000923
49	803	0.000013
49	804	0.000005
50	56	0.000222
50	57	0.000223
50	59	0.043001
50	71	0.002139
50	72	0.000500
50	78	0.000002
50	80	0.000076
50	81	0.000017
50	82	0.065158
50	84	0.263192
50	88	0.000159
50	89	0.000003
50	91	0.000001
50	805	0.000473
51	55	0.000147
51	58	0.042912
51	60	0.000027
51	74	0.000007
51	79	0.000076
51	87	0.000156
51	795	0.000001
51	797	0.000002
51	798	0.000023
51	799	0.000012
51	800	0.000005
51	803	0.000003
51	804	0.000377
52	56	0.000041
52	57	0.042502
52	59	0.000029
52	69	0.003666
52	71	0.000004
52	72	0.000003
52	78	0.000072
52	80	0.000006
52	81	0.926865
52	82	0.013556
52	84	0.000004
52	88	0.000004
52	89	0.006855
52	114	0.000005
52	772	0.000026
52	805	0.000052
53	57	0.000029
53	59	0.000012
53	68	0.003757
53	69	0.000007
53	71	0.000003
53	80	0.934814
53	81	0.007101
53	88	0.006913
53	89	0.000128
53	113	0.000005
53	771	0.000026
53	805	0.000033
54	58	0.000008
54	60	0.000001
54	67	0.003699
54	76	0.000009
54	79	0.940820
54	87	0.006072
54	112	0.000005
54	770	0.000025
54	793	0.000013
54	795	0.000003
54	797	0.000044
54	803	0.000178
54	804	0.000021
55	63	0.000005
55	78	0.939968
55	80	0.000002
55	85	0.000017
55	88	0.000090
55	89	0.000004
55	792	0.000015
55	796	0.000048
55	802	0.000213
55	805	0.000010
55	807	0.000009
56	62	0.000007
56	65	0.003728
56	66	0.000151
56	74	0.000008
56	75	0.002271
56	76	0.000012
56	77	0.936858
56	79	0.000001
56	86	0.004556
56	87	0.000698
56	111	0.000005
56	769	0.000026
56	791	0.000015
56	794	0.000226
56	795	0.000033
56	801	0.000217
56	804	0.000032
56	806	0.000011
57	61	0.000003
57	62	0.000007
57	64	0.003746
57	65	0.000147
57	66	0.000001
57	74	0.021917
57	75	0.000432
57	76	0.860090
57	77	0.000134
57	83	0.000011
57	86	0.001231
57	87	0.000011
57	110	0.000005
57	768	0.000026
57	791	0.000005
57	793	0.000323
57	794	0.000017
57	797	0.000001
57	800	0.000112
57	801	0.000005
57	803	0.000047
57	806	0.000019
58	63	0.003282
58	70	0.000003
58	71	0.000011
58	72	0.007644
58	73	0.034954
58	78	0.000001
58	82	0.000006
58	84	0.002721
58	85	0.000788
58	88	0.000019
58	89	0.000002
58	108	0.000002
58	109	0.000003
58	767	0.000026
58	790	0.000005
58	792	0.000350
58	796	0.000001
58	802	0.000049
58	805	0.000018
58	807	0.000029
59	64	0.000074
59	74	0.861054
59	75	0.000811
59	76	0.000009
59	77	0.000003
59	83	0.005784
59	86	0.001507
59	87	0.000052
59	107	0.000003
59	766	0.000026
59	791	0.000354
59	797	0.000001
59	798	0.000002
59	801	0.000048
59	804	0.000004
59	806	0.000040
60	68	0.000002
60	69	0.000003
60	70	0.013577
60	71	0.046139
60	72	0.000032
60	73	0.872349
60	82	0.005751
60	84	0.000003
60	85	0.000895
60	88	0.000005
60	89	0.000003
60	90	0.000005
60	106	0.000003
60	765	0.000026
60	790	0.000330
60	805	0.000036
61	68	0.000003
61	69	0.013919
61	70	0.048302
61	71	0.000043
61	72	0.868481
61	73	0.004187
61	81	0.005730
61	84	0.000257
61	85	0.016902
61	88	0.000001
61	89	0.000075
61	764	0.000026
61	789	0.000146
62	68	0.014548
62	69	0.048481
62	71	0.866394
62	72	0.005150
62	80	0.005807
62	82	0.000007
62	84	0.029386
62	88	0.000274
62	89	0.000002
62	763	0.000026
62	805	0.000013
63	67	0.009780
63	74	0.000020
63	75	0.000004
63	79	0.005800
63	87	0.000270
63	105	0.000004
63	762	0.000023
63	804	0.000011
64	68	0.024256
64	69	0.069190
64	71	0.001542
64	72	0.002239
64	78	0.005665
64	81	0.001293
64	82	0.034952
64	84	0.000022
64	89	0.000001
64	104	0.000004
64	758	0.000020
64	805	0.000007
65	69	0.004658
65	71	0.002307
65	72	0.003138
65	78	0.000013
65	80	0.001295
65	81	0.035779
65	82	0.000052
65	88	0.000001
65	89	0.000009
65	103	0.000004
65	757	0.000020
65	805	0.000007
66	71	0.003171
66	72	0.000035
66	78	0.000055
66	80	0.035753
66	81	0.000060
66	82	0.000002
66	88	0.000009
66	89	0.000004
66	102	0.000004
66	756	0.000020
66	805	0.000003
67	71	0.000030
67	72	0.000005
67	73	0.000021
67	78	0.019198
67	80	0.000058
67	81	0.000002
67	88	0.000004
67	755	0.000018
67	802	0.000021
67	807	0.000008
68	74	0.000167
68	75	0.000044
68	76	0.000172
68	77	0.023535
68	79	0.000058
68	86	0.000008
68	87	0.000005
68	101	0.000001
68	801	0.000024
68	803	0.000002
68	806	0.000010
69	74	0.000019
69	75	0.000193
69	76	0.022295
69	77	0.015280
69	79	0.000015
69	86	0.000005
69	100	0.000001
69	762	0.000001
69	800	0.000021
69	801	0.000385
70	74	0.000153
70	75	0.019133
70	76	0.014790
70	79	0.000047
70	87	0.000005
70	112	0.000003
70	761	0.000003
70	799	0.000020
70	800	0.000399
70	803	0.000001
70	804	0.000005
71	75	0.006809
71	76	0.000009
71	77	0.000185
71	83	0.000008
71	86	0.000005
71	87	0.000003
71	98	0.000001
71	111	0.000003
71	725	0.000002
71	760	0.000003
71	798	0.000016
71	799	0.000401
71	800	0.000003
71	801	0.000039
71	803	0.000004
72	76	0.000078
72	77	0.000099
72	83	0.000003
72	86	0.000003
72	97	0.000001
72	110	0.000003
72	724	0.000002
72	759	0.000003
72	797	0.000009
72	798	0.000407
72	799	0.000006
72	800	0.000039
72	801	0.000013
73	79	0.000020
73	87	0.000009
73	784	0.000001
73	797	0.000415
73	798	0.000012
73	799	0.000039
73	800	0.000012
74	78	0.000018
74	80	0.000004
74	81	0.000011
74	82	0.000001
74	85	0.000007
74	88	0.000009
74	89	0.000007
74	90	0.000008
74	723	0.000002
74	756	0.000003
74	783	0.000001
74	787	0.000007
74	788	0.000002
74	789	0.000001
74	796	0.000376
74	808	0.000002
75	80	0.000018
75	81	0.000005
75	84	0.000008
75	85	0.000005
75	88	0.000012
75	89	0.000031
75	90	0.000093
75	91	0.000002
75	722	0.000002
75	755	0.000004
75	786	0.000010
75	787	0.000003
75	788	0.000001
75	796	0.000048
75	807	0.000003
75	808	0.000002
76	80	0.000004
76	81	0.000003
76	82	0.000002
76	84	0.000002
76	85	0.001559
76	88	0.000032
76	89	0.000272
76	90	0.000092
76	624	0.000004
76	721	0.000002
76	754	0.000005
76	785	0.000008
76	786	0.000002
76	787	0.000001
76	796	0.000012
76	805	0.000003
76	807	0.000004
77	81	0.000014
77	82	0.000019
77	84	0.001821
77	88	0.000350
77	89	0.000242
77	623	0.000004
77	720	0.000002
77	753	0.000006
77	805	0.000007
78	83	0.001733
78	86	0.000400
78	87	0.000177
78	97	0.000001
78	100	0.000002
78	622	0.000004
78	752	0.000005
78	784	0.000002
78	791	0.000033
78	793	0.000794
78	794	0.000002
78	797	0.000002
78	803	0.000058
78	804	0.000004
78	806	0.000020
79	85	0.000404
79	88	0.000203
79	89	0.000016
79	96	0.000001
79	99	0.000003
79	103	0.000004
79	126	0.000002
79	621	0.000004
79	751	0.000005
79	782	0.000043
79	783	0.000001
79	790	0.000032
79	792	0.000883
79	796	0.000003
79	802	0.000067
79	805	0.000019
79	807	0.000011
79	808	0.000018
80	86	0.000184
80	87	0.000532
80	98	0.000003
80	620	0.000004
80	750	0.000003
80	781	0.000056
80	791	0.000898
80	795	0.000003
80	801	0.000069
80	804	0.000012
80	806	0.000007
81	86	0.000579
81	87	0.000023
81	97	0.000003
81	98	0.000004
81	101	0.000089
81	124	0.000003
81	619	0.000004
81	780	0.000058
81	791	0.000010
81	794	0.000002
81	800	0.000056
81	801	0.000002
81	803	0.000010
81	806	0.000019
82	86	0.000038
82	87	0.000005
82	93	0.000009
82	97	0.000004
82	98	0.000003
82	100	0.000109
82	123	0.000003
82	618	0.000004
82	779	0.000058
82	791	0.000017
82	793	0.000002
82	799	0.000034
82	800	0.000001
82	801	0.000004
82	803	0.000005
82	804	0.000003
82	806	0.265605
83	88	0.000394
83	89	0.001215
83	92	0.000009
83	99	0.000126
83	122	0.000003
83	617	0.000003
83	778	0.000058
83	805	0.266626
84	97	0.000012
84	98	0.000123
84	121	0.000002
84	776	0.000010
84	777	0.000029
84	784	0.000003
84	791	0.000009
84	794	0.000001
84	795	0.000004
84	798	0.000002
84	799	0.000005
84	800	0.000005
84	801	0.000193
84	803	0.000015
84	804	0.262461
84	806	0.000052
85	775	0.000009
85	784	0.000028
85	793	0.000001
85	794	0.000004
85	797	0.000002
85	798	0.000005
85	799	0.000007
85	800	0.000169
85	803	0.253505
85	804	0.000746
86	95	0.000225
86	103	0.000009
86	119	0.000004
86	805	0.000034
87	94	0.000226
87	99	0.000004
87	102	0.000010
87	118	0.000004
87	782	0.000077
87	783	0.000173
87	785	0.001087
87	786	0.000135
87	787	0.000040
87	788	0.000012
87	789	0.000003
87	790	0.000002
87	792	0.000020
87	796	0.000018
87	802	0.237994
87	805	0.000001
87	807	0.000167
88	93	0.000226
88	98	0.000007
88	101	0.000012
88	117	0.000004
88	781	0.000031
88	784	0.001215
88	791	0.000023
88	794	0.000002
88	795	0.000020
88	797	0.000002
88	798	0.000035
88	799	0.000177
88	800	0.001794
88	801	0.242810
88	803	0.000005
88	804	0.000004
88	806	0.000198
89	97	0.000007
89	100	0.000013
89	116	0.000004
89	780	0.000011
89	781	0.001531
89	784	0.000739
89	791	0.000182
89	793	0.000011
89	794	0.000032
89	795	0.000023
89	797	0.000033
89	798	0.000168
89	799	0.001840
89	800	0.190575
89	801	0.003313
89	803	0.000011
89	804	0.000037
89	806	0.000574
90	112	0.000004
90	781	0.867979
90	784	0.000029
90	793	0.000013
90	794	0.000010
90	795	0.000002
90	797	0.000046
90	798	0.000395
90	799	0.064316
90	800	0.001341
90	803	0.000011
90	804	0.000028
91	97	0.000001
91	98	0.000047
91	101	0.000023
91	111	0.000005
91	779	0.000002
91	780	0.993617
91	781	0.000032
91	797	0.000003
91	798	0.000345
91	799	0.000017
92	97	0.000047
92	100	0.000025
92	110	0.000005
92	779	0.995196
92	780	0.000019
92	797	0.000003
92	806	0.000006
93	99	0.000101
93	113	0.000003
93	778	0.996647
93	805	0.000007
94	112	0.000003
94	777	0.996040
94	804	0.000007
95	107	0.000009
95	111	0.000003
95	775	0.000029
95	776	0.995535
95	801	0.000001
95	803	0.000003
96	105	0.000099
96	774	0.001566
96	775	0.851070
96	800	0.000001
97	103	0.000002
97	104	0.000127
97	113	0.000001
97	114	0.000774
97	772	0.000752
98	102	0.000002
98	103	0.000128
98	113	0.000762
98	114	0.000097
98	771	0.000553
98	772	0.000829
99	112	0.000398
99	116	0.003725
99	117	0.000006
99	770	0.000042
99	774	0.001594
99	775	0.000043
99	776	0.000002
100	113	0.000057
100	114	0.991928
100	772	0.000003
101	113	0.998634
101	114	0.000026
101	771	0.000002
102	107	0.000001
102	110	0.000002
102	111	0.001693
102	112	0.996518
102	770	0.000001
102	781	0.000004
103	110	0.001724
103	111	0.998062
103	112	0.000011
103	725	0.000004
103	769	0.000001
103	780	0.000005
104	110	0.997027
104	111	0.000014
104	724	0.000004
104	768	0.000001
104	779	0.000005
105	109	0.809179
105	723	0.000004
105	767	0.000001
105	778	0.000005
106	777	0.000004
107	113	0.000015
107	114	0.000003
108	112	0.000010
109	121	0.000003
110	120	0.000003
110	132	0.000004
110	721	0.000006
111	119	0.000003
111	131	0.000004
111	720	0.000006
112	118	0.000003
112	130	0.000006
112	778	0.000002
113	117	0.000003
113	129	0.000007
113	718	0.000009
113	774	0.000002
113	775	0.000002
113	776	0.000108
113	777	0.000012
114	717	0.000009
114	774	0.000072
114	775	0.000257
114	776	0.000023
115	716	0.000010
115	774	0.016984
115	775	0.000178
116	126	0.000010
116	715	0.000010
116	771	0.000024
116	772	0.986214
117	125	0.000010
117	714	0.000010
117	771	0.999275
117	772	0.000028
118	124	0.000010
118	713	0.000010
118	770	0.999381
119	123	0.000009
119	712	0.000010
119	769	0.999826
120	768	0.998643
120	769	0.000002
121	710	0.000010
121	767	0.999453
122	129	0.000001
122	709	0.000010
122	766	0.999953
123	128	0.000001
123	727	0.000001
123	765	0.999948
124	708	0.000009
124	726	0.000004
124	763	0.000102
124	764	0.995202
125	129	0.000003
125	627	0.000001
125	707	0.000010
125	725	0.000032
125	759	0.000003
125	760	0.001176
125	761	0.005331
125	762	0.000774
126	626	0.000001
126	706	0.000010
126	724	0.000031
126	759	0.001168
126	760	0.005975
126	761	0.001001
126	762	0.977203
127	622	0.000003
127	627	0.000001
127	705	0.000009
127	713	0.000004
127	761	0.981880
127	762	0.000029
128	622	0.000004
128	626	0.000001
128	676	0.000005
128	704	0.000003
128	712	0.000006
128	724	0.000001
128	725	0.000001
128	759	0.281270
128	760	0.704121
128	761	0.000016
129	623	0.260092
129	625	0.000002
129	675	0.000070
129	703	0.000002
129	711	0.000006
129	753	0.001210
129	756	0.002247
129	757	0.003641
129	758	0.544616
129	763	0.000009
130	622	0.263502
130	750	0.000005
130	752	0.001011
130	761	0.000001
130	762	0.000008
131	619	0.000007
131	620	0.997436
131	622	0.000002
131	725	0.000001
131	759	0.000013
132	618	0.000004
132	619	0.999940
132	620	0.000025
133	618	0.999970
133	619	0.000013
134	617	0.999934
135	615	0.000141
135	616	0.998337
136	614	0.000144
136	615	0.999831
137	613	0.000147
137	614	0.999840
138	611	0.000190
138	613	0.999786
139	609	0.000412
139	610	0.000255
139	612	0.998747
140	608	0.001937
140	611	0.995176
142	607	0.982147
142	608	0.014479
143	606	0.999947
143	609	0.000002
144	605	0.999509
145	604	0.999981
146	603	0.999991
147	602	0.999977
148	601	0.999510
149	600	0.999952
150	596	0.000003
150	598	0.000003
150	599	0.999027
151	595	0.000022
151	597	0.000004
151	598	0.999263
151	599	0.000001
152	594	0.000026
152	596	0.000007
152	597	0.999923
153	593	0.000028
153	594	0.000008
153	596	0.997026
153	597	0.000012
154	592	0.000015
155	592	0.000016
156	592	0.000484
157	592	0.988918
158	591	0.999943
159	590	0.999976
160	589	0.999698
161	588	0.999933
162	583	0.000001
162	584	0.000069
162	585	0.000217
162	586	0.002081
162	587	0.997572
163	582	0.000002
163	583	0.000085
163	584	0.000272
163	585	0.004153
163	586	0.995446
163	587	0.000013
164	176	0.000008
164	214	0.000001
164	413	0.000001
164	521	0.000003
164	536	0.000007
164	581	0.000002
164	582	0.000101
164	583	0.000331
164	584	0.006213
164	585	0.992599
164	586	0.000025
165	175	0.000031
165	213	0.000003
165	235	0.000001
165	412	0.000001
165	520	0.000003
165	527	0.000002
165	535	0.000010
165	536	0.000004
165	580	0.000002
165	581	0.000116
165	582	0.000389
165	583	0.008178
165	584	0.978616
165	585	0.000033
166	174	0.000035
166	212	0.000004
166	215	0.000007
166	216	0.872657
166	217	0.001833
166	234	0.000002
166	534	0.000004
167	173	0.000036
167	211	0.000004
167	212	0.000002
167	215	0.999187
167	233	0.000003
168	172	0.000024
168	214	0.999318
168	232	0.000002
168	579	0.000005
169	213	0.999753
169	232	0.000001
169	578	0.000005
170	210	0.004112
170	211	0.000536
170	212	0.995011
170	231	0.000003
170	576	0.000001
170	577	0.000004
171	175	0.000002
171	209	0.024677
171	230	0.000003
171	575	0.000003
172	206	0.000004
172	207	0.000055
172	208	0.024800
172	210	0.949904
172	211	0.000239
172	229	0.000003
172	574	0.000003
173	209	0.939299
173	228	0.000003
175	203	0.000003
175	204	0.013234
175	206	0.637037
175	210	0.000002
175	211	0.000003
176	202	0.000003
176	203	0.013010
176	204	0.984921
176	206	0.000537
176	210	0.000001
177	201	0.000003
177	202	0.012727
177	203	0.986799
177	204	0.000168
178	201	0.012438
178	202	0.987130
178	203	0.000115
179	199	0.000001
179	201	0.986547
179	202	0.000061
180	200	0.998319
181	198	0.000017
181	199	0.997967
182	198	0.998819
183	197	0.999964
184	196	0.999509
185	193	0.000002
185	195	0.999972
186	192	0.000006
186	194	0.999917
187	191	0.000024
187	193	0.991644
187	195	0.000007
188	192	0.980165
188	194	0.000008
189	193	0.000009
204	236	0.000004
205	235	0.000004
206	419	0.000021
207	418	0.000021
208	232	0.000007
208	417	0.000021
209	222	0.000002
209	231	0.000007
209	416	0.000021
209	537	0.000002
209	542	0.000006
210	221	0.000002
210	230	0.000007
210	415	0.000016
210	536	0.000002
210	583	0.000007
210	584	0.000003
211	220	0.000002
211	228	0.000008
211	413	0.000021
211	535	0.000002
211	536	0.000004
211	540	0.000010
211	582	0.000008
211	583	0.000005
212	227	0.000008
212	412	0.000021
212	535	0.000004
212	539	0.000010
212	581	0.000008
212	582	0.000004
213	411	0.000021
213	538	0.000010
214	225	0.000008
214	537	0.000010
215	224	0.000008
215	239	0.000003
215	410	0.000005
215	536	0.000011
215	581	0.000004
216	238	0.000199
216	409	0.000003
216	580	0.000007
217	226	0.000001
217	235	0.000005
217	238	0.000695
217	409	0.000001
217	540	0.000002
217	579	0.000005
217	580	0.000016
218	224	0.000011
218	227	0.000274
218	228	0.000005
218	230	0.000002
218	235	0.000009
218	236	0.993638
218	239	0.000028
218	535	0.000001
218	536	0.000005
218	539	0.000003
218	581	0.000009
218	582	0.000002
218	583	0.000002
219	226	0.000268
219	232	0.000005
219	235	0.995580
219	238	0.000036
219	422	0.000029
219	580	0.000007
220	225	0.000218
220	229	0.000001
220	231	0.000002
220	233	0.000006
220	234	0.995691
220	237	0.000042
220	421	0.000031
220	429	0.000002
220	534	0.000001
220	538	0.000003
221	231	0.000374
221	233	0.992818
221	420	0.000031
221	428	0.000002
221	533	0.000001
221	537	0.000079
222	226	0.000004
222	227	0.000291
222	228	0.000471
222	230	0.000915
222	232	0.371230
222	235	0.000003
222	236	0.001794
222	418	0.000001
222	419	0.000033
222	425	0.000003
222	535	0.000070
222	536	0.000088
222	581	0.000002
223	232	0.580231
223	235	0.001777
223	417	0.000004
223	418	0.000028
223	580	0.000002
224	231	0.885849
224	233	0.002348
224	416	0.000007
224	423	0.000014
224	533	0.000402
225	232	0.002801
225	235	0.000117
225	415	0.000007
225	417	0.000002
225	422	0.000014
225	532	0.000406
226	231	0.002651
226	234	0.000157
226	414	0.000005
226	421	0.000014
226	531	0.000406
227	231	0.000328
227	233	0.000161
227	414	0.000001
227	420	0.000014
227	530	0.000407
228	233	0.000030
228	416	0.000073
228	529	0.000406
229	415	0.000078
229	439	0.000001
230	414	0.000079
230	438	0.000001
230	528	0.000389
230	537	0.000002
231	236	0.000034
231	412	0.000041
231	413	0.000047
231	527	0.000392
231	535	0.000001
231	536	0.000002
232	411	0.000074
232	435	0.000002
232	525	0.000162
232	526	0.000238
233	410	0.000087
233	412	0.000011
233	434	0.000002
233	524	0.000310
233	581	0.000002
234	409	0.000072
234	433	0.000002
234	523	0.000302
234	580	0.000002
235	408	0.000021
235	411	0.000005
235	432	0.000002
235	522	0.000259
236	407	0.000007
236	411	0.000001
236	431	0.000002
237	409	0.458290
237	580	0.000005
238	407	0.000005
238	408	0.908219
239	406	0.000020
239	407	0.998172
240	405	0.000021
240	406	0.999327
240	407	0.000309
241	404	0.000017
241	405	0.999637
241	406	0.000319
242	404	0.999600
242	405	0.000326
243	402	0.000014
243	403	0.991076
243	404	0.000315
245	402	0.898322
246	399	0.000014
246	401	0.898322
247	399	0.991400
248	398	0.999931
248	399	0.000020
249	397	0.999976
249	398	0.000014
250	396	0.999984
250	397	0.000007
251	395	0.999991
252	394	0.999977
253	393	0.999484
254	392	0.999545
255	385	0.000001
255	390	0.000016
255	391	0.139503
256	390	0.126733
256	391	0.860112
257	381	0.000002
257	390	0.870981
257	391	0.000005
258	383	0.003693
258	384	0.115882
258	386	0.003915
258	387	0.015209
258	388	0.003286
258	389	0.840129
259	383	0.256804
259	384	0.001320
259	386	0.021439
259	387	0.005103
259	388	0.668692
259	389	0.000330
260	381	0.996121
261	380	0.999851
261	383	0.000003
261	384	0.000002
261	386	0.000062
262	379	0.999486
262	384	0.000001
263	377	0.000001
263	378	0.999484
264	377	0.999902
265	376	0.986576
266	371	0.000004
266	374	0.478259
266	376	0.000089
266	380	0.000002
267	376	0.000015
267	379	0.000002
268	372	0.942244
268	373	0.013858
268	375	0.000021
269	369	0.000003
269	370	0.002019
269	371	0.997607
269	374	0.000006
270	368	0.000003
270	369	0.002323
270	370	0.997493
270	371	0.000168
271	290	0.000002
271	367	0.000003
271	368	0.002620
271	369	0.997189
271	370	0.000167
272	289	0.000012
272	290	0.000289
272	367	0.002902
272	368	0.994957
272	369	0.000164
274	288	0.016291
274	289	0.000034
274	364	0.000005
275	287	0.018619
275	364	0.000002
275	365	0.979587
275	367	0.000007
276	286	0.018623
276	364	0.980700
277	285	0.018624
277	361	0.000221
277	362	0.000554
277	363	0.978592
278	284	0.018627
278	360	0.000593
278	361	0.001047
278	362	0.974058
278	363	0.000198
279	287	0.000003
279	289	0.000010
279	359	0.000757
280	286	0.000003
280	288	0.000012
281	287	0.000012
281	356	0.000007
281	359	0.742097
282	286	0.000009
282	355	0.000006
284	356	0.980930
284	359	0.000001
285	355	0.980792
286	353	0.000002
286	354	0.980674
287	353	0.979794
288	351	0.000586
288	353	0.000011
289	350	0.000025
289	351	0.711985
290	350	0.998624
290	351	0.000081
291	348	0.000001
291	349	0.998661
292	348	0.998851
292	349	0.000002
293	347	0.999965
294	346	0.999970
295	345	0.999562
296	344	0.999728
296	347	0.000002
296	368	0.000006
297	302	0.000001
297	341	0.000020
297	344	0.000063
297	346	0.000003
297	367	0.000008
298	340	0.000020
298	342	0.990600
298	343	0.000065
298	345	0.000004
298	366	0.000008
299	339	0.000020
299	341	0.999451
299	344	0.000005
299	365	0.000008
300	340	0.997863
300	343	0.000005
301	339	0.974896
301	364	0.000008
302	306	0.000001
302	342	0.000002
302	343	0.000132
302	363	0.000008
303	342	0.000131
303	343	0.000111
303	362	0.000008
304	342	0.000111
304	343	0.000046
304	361	0.000008
305	342	0.000046
305	360	0.000008
306	338	0.997949
306	339	0.000016
306	341	0.000027
306	359	0.000008
307	337	0.999440
307	340	0.000015
307	358	0.000008
308	336	0.999966
308	339	0.000002
309	335	0.999950
309	338	0.000001
310	334	0.982997
311	357	0.000008
312	331	0.000001
312	332	0.994305
312	333	0.000931
312	356	0.000008
313	331	0.999377
313	355	0.000008
314	330	0.999483
314	354	0.000008
315	329	0.999955
315	353	0.000008
316	328	0.999567
316	352	0.000008
317	326	0.000011
317	327	0.999907
317	351	0.000008
318	326	0.998631
318	327	0.000036
318	329	0.000002
318	350	0.000007
319	328	0.000005
319	349	0.000005
320	326	0.000214
320	327	0.000008
321	325	0.000664
321	326	0.000010
324	349	0.000002
325	348	0.000008
326	347	0.000008
327	346	0.000008
328	345	0.000008
329	344	0.000008
332	343	0.000006
333	342	0.000006
350	368	0.000578
351	367	0.018297
352	366	0.018551
353	365	0.018642
354	364	0.018633
355	362	0.000048
355	363	0.018546
356	361	0.000095
356	362	0.018497
356	363	0.000021
357	365	0.000002
358	364	0.000002
359	363	0.000002
381	386	0.000159
381	387	0.000006
381	388	0.000021
381	389	0.000068
382	387	0.000208
382	388	0.000133
383	390	0.000010
383	391	0.000001
384	390	0.000001
386	390	0.000005
386	391	0.000002
405	583	0.000002
406	536	0.000313
406	582	0.000003
407	535	0.000431
407	536	0.000615
407	581	0.000004
408	532	0.000001
408	580	0.000004
409	426	0.000015
409	427	0.000034
409	429	0.000037
409	432	0.000002
409	531	0.000001
409	534	0.449183
409	537	0.000003
410	428	0.000067
410	431	0.000004
410	528	0.000001
410	530	0.000003
410	531	0.000026
410	533	0.977976
410	537	0.000026
411	425	0.010127
411	532	0.988024
411	535	0.000003
411	536	0.000020
411	578	0.000004
412	424	0.010149
412	529	0.000103
412	530	0.000033
412	531	0.989478
412	577	0.000004
413	423	0.010148
413	528	0.000106
413	529	0.000052
413	530	0.989369
413	576	0.000004
414	419	0.000002
414	422	0.010098
414	527	0.000100
414	575	0.000004
415	421	0.010048
415	526	0.000088
415	528	0.980601
415	529	0.000018
415	574	0.000004
416	527	0.989388
417	430	0.000002
417	525	0.000040
417	526	0.986089
418	429	0.000003
418	525	0.959892
418	526	0.001068
419	428	0.000003
420	523	0.000055
420	524	0.988744
421	523	0.989138
422	522	0.988980
423	520	0.000009
423	521	0.989716
424	520	0.987736
424	521	0.000006
425	431	0.007649
425	518	0.000598
426	433	0.000042
426	517	0.000264
427	433	0.000132
427	517	0.000006
427	523	0.000003
428	433	0.000016
428	434	0.000091
428	520	0.000085
428	521	0.000011
428	523	0.000002
428	524	0.007153
428	527	0.000033
428	581	0.000011
429	433	0.000082
429	523	0.006950
429	580	0.000011
430	523	0.000024
430	579	0.000009
431	520	0.001326
431	521	0.006848
431	523	0.000002
431	524	0.000424
431	578	0.000002
432	523	0.000421
433	518	0.000002
433	519	0.985035
433	522	0.000090
434	516	0.000001
434	518	0.999212
435	517	0.999289
436	515	0.000019
436	516	0.999959
437	514	0.000034
437	515	0.999612
439	513	0.997038
439	514	0.000005
440	511	0.000070
440	512	0.999792
441	510	0.002212
441	511	0.965876
442	509	0.002221
443	509	0.987160
444	507	0.000004
444	508	0.998116
445	507	0.999974
446	506	0.999944
447	505	0.987589
448	502	0.000004
449	500	0.000009
449	503	0.997261
449	504	0.000931
450	499	0.000009
450	502	0.999967
451	498	0.000009
451	501	0.999500
452	497	0.000010
452	500	0.999946
453	496	0.000010
453	498	0.001965
453	499	0.994334
454	497	0.003924
454	500	0.000001
455	497	0.915503
458	495	0.987522
459	493	0.000014
459	494	0.999882
460	492	0.000015
460	493	0.999961
460	494	0.000012
461	491	0.000013
461	492	0.999828
461	493	0.000012
462	491	0.956921
463	487	0.000002
463	491	0.005332
464	485	0.000001
465	487	0.000003
465	491	0.000208
466	484	0.000008
466	487	0.000018
466	491	0.000067
467	483	0.000009
467	487	0.000051
467	488	0.995345
468	487	0.998876
469	478	0.000001
469	482	0.000004
469	485	0.000001
469	486	0.999417
470	477	0.000001
470	481	0.000004
470	485	0.999850
471	484	0.984543
471	487	0.000006
472	477	0.000002
472	478	0.000226
472	479	0.000012
472	481	0.000059
472	482	0.871336
472	486	0.000012
473	477	0.000224
473	479	0.000335
473	481	0.901311
473	482	0.090301
473	485	0.000013
474	480	0.887690
474	483	0.002138
474	484	0.000018
475	484	0.000002
476	481	0.001652
476	482	0.001617
477	483	0.000051
478	484	0.000004
479	483	0.000008
515	536	0.000001
516	535	0.000002
517	534	0.000002
519	532	0.000014
520	528	0.000002
520	529	0.000416
520	530	0.000005
520	531	0.000018
520	542	0.000004
521	528	0.000428
521	529	0.000006
521	530	0.000018
521	533	0.000078
521	541	0.000004
522	532	0.000079
522	540	0.000003
523	531	0.000079
523	534	0.000002
524	530	0.000079
524	533	0.000003
524	541	0.000001
525	532	0.000002
525	540	0.000001
527	537	0.002225
527	538	0.000003
528	535	0.000001
528	536	0.002530
528	582	0.000012
528	583	0.003728
528	584	0.000896
528	585	0.000640
528	586	0.000003
529	535	0.002523
529	536	0.000449
529	581	0.000012
529	582	0.003743
529	583	0.001239
529	584	0.001183
529	585	0.000005
530	535	0.000457
530	536	0.000033
530	580	0.000011
530	581	0.003737
530	582	0.001242
530	583	0.001871
530	584	0.000012
531	535	0.000032
531	536	0.000004
531	579	0.000002
531	580	0.003623
531	581	0.001219
531	582	0.001878
531	583	0.000018
533	578	0.000011
533	579	0.000050
533	580	0.000171
533	581	0.004668
533	582	0.000122
533	583	0.000297
533	584	0.000001
534	579	0.000121
534	580	0.005709
535	541	0.000001
535	542	0.000376
535	577	0.000042
536	541	0.000380
536	542	0.000012
536	576	0.000042
537	573	0.000009
537	575	0.000036
537	578	0.000515
537	579	0.866717
537	580	0.001837
537	581	0.001578
537	582	0.001551
537	583	0.000787
537	584	0.000016
538	572	0.000009
538	578	0.996758
538	579	0.000051
538	580	0.000034
538	581	0.000755
538	582	0.000370
538	583	0.000019
539	571	0.000009
539	576	0.000020
539	577	0.998964
540	570	0.000009
540	574	0.000006
540	576	0.996847
540	577	0.000049
541	569	0.000009
541	573	0.000005
541	575	0.994837
541	578	0.000030
541	579	0.000008
541	581	0.000002
541	582	0.000326
541	583	0.000001
542	572	0.000004
542	573	0.000090
542	575	0.002338
542	578	0.000008
542	580	0.000002
542	581	0.000331
543	579	0.000002
543	580	0.000332
544	566	0.000007
544	572	0.000120
544	573	0.997673
544	579	0.000313
545	565	0.000006
545	569	0.000004
545	572	0.999538
545	578	0.000314
546	564	0.000005
546	571	0.999653
546	577	0.000313
547	567	0.000181
547	568	0.000003
547	570	0.998979
547	576	0.000312
548	566	0.000363
548	569	0.998919
548	575	0.000312
549	567	0.045705
549	568	0.837526
549	574	0.000307
550	565	0.948051
550	566	0.045983
550	572	0.000003
550	573	0.000069
551	564	0.999331
551	571	0.000005
552	563	0.999464
552	565	0.000170
552	566	0.000010
553	562	0.999198
554	560	0.000010
554	561	0.998752
554	563	0.000469
555	559	0.000509
555	560	0.873520
555	562	0.000479
556	560	0.000117
556	561	0.000491
556	566	0.000002
557	561	0.000002
557	565	0.000002
564	572	0.000002
565	571	0.000002
576	581	0.000004
576	582	0.000111
576	583	0.000245
576	584	0.000002
577	581	0.000108
577	582	0.000240
577	583	0.000003
619	757	0.000001
620	675	0.000001
620	753	0.000053
620	756	0.000002
621	750	0.000001
621	752	0.000168
622	675	0.000453
622	678	0.000014
622	710	0.000001
622	722	0.000019
622	723	0.000012
622	726	0.000262
622	751	0.000177
622	753	0.000003
622	754	0.000025
622	755	0.000009
622	756	0.000002
622	757	0.000004
622	758	0.000002
623	674	0.000075
623	676	0.002209
623	677	0.000040
623	706	0.000003
623	709	0.000001
623	724	0.000046
623	725	0.000489
623	750	0.000136
623	752	0.000003
623	759	0.000029
623	760	0.000002
624	705	0.000003
624	713	0.000002
624	749	0.000054
624	750	0.000004
624	752	0.000026
625	674	0.997303
625	676	0.000004
625	712	0.000002
625	759	0.000006
626	673	0.999830
626	675	0.000006
626	711	0.000002
626	758	0.000006
627	672	0.999373
627	675	0.000038
627	710	0.000002
627	757	0.000004
628	670	0.000002
628	671	0.999293
628	674	0.000078
628	709	0.000002
629	669	0.000004
629	673	0.000078
630	668	0.000002
630	670	0.999773
630	671	0.000002
631	667	0.000002
631	669	0.999975
632	668	0.999582
633	667	0.999953
634	666	0.999508
635	664	0.000002
635	665	0.999963
636	664	0.996561
636	665	0.000003
638	661	0.000002
638	662	0.972159
638	664	0.000003
640	661	0.999345
640	662	0.000094
641	660	0.999956
642	659	0.999957
643	658	0.999990
644	657	0.999985
645	656	0.999500
646	655	0.999191
647	653	0.000037
647	654	0.999889
648	653	0.990948
648	654	0.000013
672	707	0.000002
673	706	0.000002
673	724	0.000018
673	759	0.000002
674	753	0.000001
674	758	0.000002
675	704	0.000888
675	705	0.000002
675	706	0.000001
675	709	0.000007
675	712	0.000138
675	716	0.000002
675	724	0.004099
675	725	0.003426
675	750	0.000001
675	752	0.000005
675	759	0.001193
675	760	0.000002
676	703	0.000973
676	711	0.000139
676	715	0.000002
676	720	0.000012
676	721	0.988626
676	756	0.000001
676	757	0.000021
676	758	0.001115
677	702	0.000980
677	714	0.000002
677	720	0.997504
677	721	0.000020
677	756	0.000022
677	757	0.001009
678	700	0.000003
678	701	0.000979
678	707	0.001047
678	713	0.000002
678	719	0.997239
679	686	0.000009
679	699	0.000005
679	700	0.000980
679	706	0.001151
679	707	0.000003
679	712	0.000002
679	718	0.997600
679	719	0.000003
680	686	0.000001
680	699	0.000981
680	705	0.001153
680	706	0.000004
680	717	0.996178
680	718	0.000009
681	704	0.001156
681	705	0.000002
681	716	0.997078
681	717	0.000010
681	747	0.000003
681	752	0.000001
682	696	0.000013
682	697	0.000005
682	698	0.000914
682	703	0.001157
682	714	0.000001
682	715	0.996098
682	746	0.000003
682	751	0.000001
682	754	0.000046
683	695	0.000011
683	697	0.000915
683	702	0.001158
683	711	0.000002
683	714	0.995888
683	715	0.000219
683	745	0.000003
683	753	0.000048
684	701	0.001154
684	713	0.914097
684	752	0.000039
685	700	0.001115
685	701	0.000001
685	713	0.029242
686	695	0.001297
686	697	0.000007
686	711	0.624306
686	714	0.000017
686	742	0.000003
687	694	0.001322
687	699	0.000845
687	709	0.162359
687	712	0.035689
687	713	0.000018
688	693	0.001296
688	695	0.000008
688	697	0.000001
688	698	0.000838
688	708	0.163745
688	710	0.734727
688	711	0.015759
689	694	0.000008
689	699	0.000007
689	706	0.000007
689	707	0.150870
689	709	0.789955
689	712	0.000069
689	739	0.000003
690	696	0.000763
690	697	0.000003
690	698	0.000007
690	708	0.761566
690	710	0.000011
690	711	0.000068
690	738	0.000003
691	705	0.000055
691	706	0.974882
691	707	0.021810
691	709	0.000007
692	704	0.000042
692	705	0.995833
692	707	0.000004
693	704	0.996077
693	705	0.000034
693	707	0.000002
694	702	0.002348
694	703	0.994929
695	699	0.000097
695	700	0.000136
695	701	0.003929
695	705	0.000007
695	706	0.000131
695	733	0.000003
696	700	0.003207
696	701	0.272214
696	704	0.000007
696	705	0.000128
696	707	0.000034
696	713	0.000003
696	732	0.000003
697	701	0.000354
697	704	0.000086
697	705	0.000008
697	706	0.000043
697	712	0.000004
697	731	0.000003
698	704	0.000018
698	705	0.000036
698	728	0.000001
698	730	0.000003
699	703	0.000026
699	711	0.000005
699	727	0.000001
699	729	0.000003
700	710	0.000003
700	711	0.000010
700	727	0.000004
701	710	0.000019
701	726	0.000017
702	709	0.000022
702	713	0.000002
702	725	0.000027
703	712	0.000004
703	724	0.000027
703	759	0.000004
704	711	0.000004
704	723	0.000027
704	758	0.000006
705	710	0.000004
705	722	0.000028
705	754	0.000005
705	757	0.000040
705	758	0.000002
706	711	0.000002
706	721	0.000028
706	753	0.000005
706	756	0.000056
706	757	0.000007
707	720	0.000023
707	755	0.000054
707	756	0.000006
708	716	0.000002
708	719	0.000018
708	730	0.000045
709	715	0.000002
709	720	0.000009
709	729	0.000083
709	753	0.000048
709	756	0.000001
709	763	0.000001
710	717	0.000008
710	719	0.000011
710	728	0.000057
710	752	0.000039
710	762	0.000001
711	716	0.000004
711	718	0.000011
711	728	0.001266
711	759	0.000004
712	727	0.001880
712	758	0.000004
713	726	0.001991
713	757	0.000003
714	725	0.002067
714	760	0.000116
715	724	0.002067
715	759	0.000131
716	722	0.000003
716	723	0.002011
716	758	0.000130
717	721	0.000005
717	722	0.001522
717	757	0.000130
718	756	0.000131
718	757	0.000001
719	726	0.000002
719	755	0.000129
719	756	0.000001
720	725	0.000010
720	760	0.000007
721	725	0.000027
721	750	0.000001
721	752	0.000001
721	759	0.000146
721	760	0.000052
722	728	0.000006
722	749	0.000004
722	750	0.000171
722	752	0.001707
722	762	0.000001
723	728	0.000004
723	730	0.000005
723	749	0.000060
723	750	0.000196
723	752	0.001665
723	761	0.000002
724	729	0.000007
724	742	0.000113
724	753	0.011613
724	756	0.001940
724	757	0.399359
724	758	0.040855
725	741	0.000113
725	753	0.082755
725	756	0.400343
725	757	0.041478
725	758	0.000074
725	763	0.000001
726	740	0.000114
726	749	0.000304
726	750	0.775961
726	752	0.066507
726	762	0.000001
727	739	0.000114
727	747	0.000010
727	749	0.970316
727	750	0.000952
727	752	0.000824
727	759	0.000017
728	738	0.000111
728	746	0.000009
728	748	0.991427
728	751	0.000645
728	753	0.000070
728	754	0.000065
728	755	0.000007
728	758	0.000014
729	747	0.997974
729	749	0.000025
729	750	0.000228
729	752	0.000010
730	736	0.000001
730	744	0.000002
730	745	0.000068
730	746	0.999319
730	748	0.000011
730	751	0.000003
731	743	0.000002
731	744	0.000743
731	745	0.999081
732	743	0.001371
732	744	0.996085
732	745	0.000011
732	746	0.000005
733	742	0.002026
733	743	0.996680
733	744	0.001099
733	745	0.000005
734	741	0.002657
734	742	0.996035
734	743	0.001105
734	744	0.000005
735	741	0.976387
735	742	0.001054
735	743	0.000005
736	740	0.676666
743	750	0.000002
743	760	0.000003
743	761	0.000002
744	749	0.000002
744	759	0.000004
744	760	0.000004
745	759	0.000004
746	752	0.000002
747	751	0.000002
747	754	0.000002
747	756	0.000001
748	752	0.000003
749	753	0.000004
749	754	0.000018
749	755	0.000051
749	756	0.000065
749	757	0.000038
749	758	0.000031
750	754	0.000132
750	755	0.000402
750	756	0.000290
750	757	0.000501
750	758	0.000049
750	763	0.000003
751	762	0.000004
752	756	0.000164
752	757	0.001522
752	758	0.000549
752	763	0.000002
752	764	0.000007
753	759	0.002371
753	760	0.000285
753	762	0.000008
754	761	0.000009
754	762	0.000100
755	761	0.000128
755	762	0.000004
756	760	0.000145
756	761	0.000004
759	763	0.000003
773	777	0.000001
773	784	0.000002
774	783	0.000002
775	782	0.000001
777	802	0.000011
777	807	0.000163
778	801	0.000016
778	806	0.000240
779	805	0.000237
780	805	0.000005
781	785	0.000016
781	786	0.000054
781	787	0.000044
781	788	0.000069
781	789	0.000026
781	790	0.000036
781	792	0.000006
781	796	0.000973
781	802	0.000034
781	805	0.002841
781	807	0.000007
781	808	0.000001
782	793	0.000027
782	794	0.001587
782	795	0.001782
782	797	0.000256
782	798	0.431707
782	799	0.002181
782	800	0.000571
782	803	0.000140
782	804	0.013675
783	793	0.002066
783	794	0.001823
783	795	0.000244
783	797	0.571937
783	798	0.001860
783	799	0.000550
783	800	0.000134
783	803	0.015913
783	804	0.000290
784	788	0.000072
784	789	0.000260
784	790	0.000162
784	792	0.002024
784	796	0.593586
784	802	0.015109
784	805	0.000848
784	807	0.000015
784	808	0.000005
785	793	0.000084
785	794	0.001399
785	795	0.593596
785	797	0.000179
785	798	0.000461
785	799	0.001104
785	800	0.012975
785	803	0.000046
785	804	0.001065
786	793	0.001716
786	794	0.579934
786	795	0.009316
786	797	0.000532
786	798	0.001460
786	799	0.016196
786	800	0.012700
786	803	0.000919
786	804	0.000162
787	793	0.484651
787	794	0.011553
787	795	0.003554
787	797	0.001313
787	798	0.016871
787	799	0.014919
787	800	0.011826
787	803	0.000139
787	804	0.000125
788	793	0.009453
788	794	0.004044
788	795	0.002532
788	797	0.016029
788	798	0.014915
788	799	0.015301
788	800	0.001117
788	803	0.000110
788	804	0.000124
789	793	0.002563
789	794	0.002272
789	795	0.001466
789	797	0.012839
789	798	0.016091
789	799	0.001385
789	800	0.000667
789	803	0.000112
789	804	0.000102
790	794	0.000982
790	795	0.000967
790	797	0.011921
790	798	0.001225
790	799	0.000764
790	800	0.000052
790	803	0.000089
790	804	0.000022
791	805	0.008091
792	797	0.000150
792	798	0.000529
792	799	0.000680
792	800	0.000202
792	803	0.000420
792	804	0.007778
793	802	0.000555
793	805	0.000032
793	807	0.000052
793	808	0.000056
794	802	0.000518
794	805	0.000059
794	807	0.000088
794	808	0.000039
795	802	0.000224
795	805	0.000873
795	807	0.000064
795	808	0.000008
796	800	0.000086
796	803	0.000371
796	804	0.001041
797	802	0.000363
797	805	0.000098
797	807	0.000030
797	808	0.000148
798	802	0.000081
798	805	0.000326
798	807	0.000263
798	808	0.000092
799	805	0.000334
799	807	0.000188
799	808	0.000327
800	805	0.000099
800	807	0.000502
800	808	0.000026
801	805	0.000294
803	807	0.000072
803	808	0.000072
804	808	0.000027
