1	7	0.000031
1	8	0.000027
1	9	0.000007
1	12	0.000026
1	13	0.000013
1	15	0.000112
1	29	0.000002
1	33	0.000005
1	41	0.097562
1	55	0.000002
1	67	0.002490
1	690	0.000351
1	693	0.000006
1	694	0.000006
1	700	0.000002
1	703	0.000059
1	709	0.001683
1	712	0.000008
1	722	0.009448
1	727	0.000032
1	731	0.000002
1	733	0.000212
1	734	0.001541
1	736	0.006641
1	740	0.000178
1	742	0.000387
1	743	0.001771
1	745	0.003992
1	748	0.000211
1	755	0.000308
1	757	0.000014
1	761	0.000001
1	764	0.000482
1	769	0.000002
1	775	0.000657
1	777	0.000002
1	778	0.000005
1	779	0.000008
1	821	0.000001
1	826	0.094045
1	839	0.000213
1	842	0.001101
1	847	0.000514
1	848	0.000008
1	851	0.008514
1	859	0.000011
2	7	0.000093
2	8	0.000020
2	9	0.000004
2	11	0.000034
2	12	0.000025
2	14	0.000135
2	15	0.000044
2	28	0.000004
2	30	0.000416
2	32	0.000005
2	33	0.000001
2	39	0.000099
2	40	0.129527
2	41	0.000769
2	42	0.002307
2	46	0.000907
2	50	0.000008
2	52	0.000003
2	53	0.000289
2	60	0.000001
2	62	0.014560
2	64	0.000012
2	65	0.000438
2	66	0.003300
2	67	0.000009
2	683	0.000002
2	689	0.000230
2	690	0.050312
2	693	0.000002
2	702	0.000066
2	703	0.000186
2	707	0.044468
2	708	0.001327
2	711	0.000007
2	712	0.000006
2	713	0.000009
2	719	0.000002
2	720	0.000059
2	721	0.012486
2	722	0.000120
2	723	0.000061
2	724	0.048737
2	727	0.000002
2	731	0.000001
2	732	0.000276
2	733	0.003075
2	734	0.000009
2	735	0.007433
2	736	0.002926
2	739	0.000231
2	740	0.000136
2	741	0.000507
2	742	0.003535
2	743	0.000010
2	744	0.004463
2	745	0.002867
2	747	0.000263
2	748	0.000043
2	750	0.000003
2	751	0.001185
2	753	0.000003
2	754	0.000408
2	755	0.000006
2	756	0.000015
2	757	0.000016
2	761	0.000077
2	763	0.000631
2	764	0.000498
2	765	0.000379
2	769	0.000002
2	770	0.000218
2	774	0.000730
2	775	0.000316
2	777	0.000004
2	778	0.000011
2	779	0.000034
2	780	0.001614
2	783	0.000032
2	821	0.000533
2	822	0.000057
2	824	0.000240
2	825	0.124263
2	826	0.001614
2	827	0.000794
2	828	0.272757
2	829	0.039388
2	830	0.036839
2	831	0.011565
2	832	0.025087
2	836	0.000048
2	837	0.000083
2	838	0.000280
2	839	0.000003
2	840	0.000001
2	841	0.001455
2	842	0.000002
2	843	0.000002
2	844	0.000534
2	845	0.000084
2	846	0.000679
2	847	0.000013
2	849	0.000012
2	850	0.009674
2	851	0.000004
2	853	0.000004
2	855	0.000015
2	856	0.000021
2	857	0.000107
2	861	0.000003
2	862	0.000073
2	863	0.000024
2	864	0.000002
2	865	0.000004
2	872	0.000002
2	885	0.000087
2	893	0.000072
2	896	0.002625
3	7	0.000019
3	8	0.000015
3	9	0.000007
3	11	0.000027
3	13	0.000133
3	14	0.000058
3	29	0.000420
3	30	0.000004
3	32	0.000001
3	39	0.129612
3	40	0.000957
3	41	0.001866
3	42	0.023149
3	46	0.000068
3	50	0.000002
3	52	0.000287
3	53	0.000002
3	61	0.014666
3	62	0.000079
3	64	0.000438
3	65	0.003276
3	66	0.000013
3	683	0.000005
3	688	0.000064
3	689	0.059541
3	690	0.000001
3	702	0.000223
3	703	0.000003
3	706	0.045322
3	707	0.000690
3	711	0.000008
3	712	0.000005
3	713	0.000020
3	719	0.000039
3	720	0.012414
3	721	0.000140
3	722	0.000034
3	723	0.048790
3	724	0.000030
3	731	0.000093
3	732	0.003286
3	733	0.000007
3	734	0.006994
3	735	0.003153
3	736	0.000003
3	739	0.000179
3	740	0.000285
3	741	0.003777
3	742	0.000007
3	743	0.004012
3	744	0.003092
3	745	0.000004
3	747	0.000058
3	750	0.001187
3	751	0.000006
3	753	0.000404
3	754	0.000008
3	755	0.000008
3	756	0.000020
3	761	0.000002
3	763	0.000616
3	764	0.000169
3	765	0.000414
3	769	0.000074
3	770	0.000540
3	774	0.000334
3	775	0.000005
3	777	0.000005
3	778	0.000047
3	779	0.001452
3	780	0.000777
3	783	0.000013
3	820	0.000653
3	822	0.000003
3	824	0.123258
3	825	0.001881
3	826	0.000438
3	827	0.274362
3	828	0.038828
3	829	0.036707
3	830	0.011665
3	831	0.024890
3	832	0.000101
3	835	0.000047
3	836	0.000084
3	837	0.000278
3	838	0.000003
3	840	0.001455
3	841	0.000002
3	843	0.000537
3	844	0.000082
3	845	0.000674
3	846	0.000014
3	848	0.000011
3	849	0.009668
3	850	0.000005
3	853	0.000006
3	855	0.000021
3	856	0.000092
3	857	0.000026
3	861	0.000074
3	862	0.000024
3	863	0.000002
3	864	0.000004
3	871	0.000002
3	884	0.000103
3	893	0.000056
3	896	0.001388
4	8	0.000048
4	9	0.000040
4	12	0.000127
4	13	0.000056
4	26	0.000007
4	28	0.000422
4	29	0.000002
4	41	0.022550
4	58	0.000003
4	60	0.014766
4	61	0.000040
4	682	0.000004
4	688	0.060008
4	700	0.000021
4	703	0.000013
4	705	0.045947
4	712	0.000017
4	722	0.041732
4	727	0.000003
4	731	0.002765
4	733	0.006346
4	734	0.002712
4	736	0.000004
4	740	0.003243
4	742	0.003385
4	743	0.002648
4	745	0.000007
4	748	0.000007
4	755	0.000017
4	759	0.000189
4	761	0.001443
4	764	0.000330
4	769	0.000456
4	775	0.000008
4	777	0.000044
4	778	0.001218
4	779	0.000678
4	819	0.000655
4	821	0.000002
4	826	0.235203
4	839	0.001243
4	842	0.000459
4	847	0.000027
4	848	0.008270
4	851	0.000002
4	859	0.000133
4	870	0.000002
4	883	0.000103
5	10	0.000101
5	16	0.000005
5	25	0.000007
5	27	0.000424
5	48	0.000039
5	56	0.000019
5	57	0.000003
5	59	0.014792
5	687	0.060154
5	698	0.000002
5	701	0.000909
5	704	0.045928
5	710	0.000007
5	716	0.000003
5	717	0.000005
5	749	0.001068
5	758	0.000201
5	760	0.001706
5	818	0.000655
5	823	0.003707
5	834	0.000045
5	852	0.000030
5	858	0.000139
5	869	0.000002
5	882	0.000103
5	888	0.000001
5	890	0.000036
5	892	0.000003
5	894	0.000406
5	895	0.000278
6	13	0.000002
6	15	0.000005
6	24	0.000007
6	26	0.000421
6	41	0.001071
6	55	0.000020
6	58	0.013587
6	61	0.000001
6	686	0.058891
6	700	0.000895
6	703	0.037292
6	709	0.000003
6	722	0.000006
6	727	0.000115
6	731	0.003234
6	733	0.000031
6	734	0.000003
6	736	0.000014
6	740	0.000193
6	742	0.000032
6	743	0.000004
6	745	0.000003
6	748	0.000870
6	757	0.000163
6	759	0.001238
6	761	0.000007
6	764	0.000004
6	769	0.000139
6	775	0.000017
6	777	0.000205
6	778	0.000012
6	779	0.000006
6	817	0.000539
6	826	0.000360
6	839	0.000001
6	842	0.000003
6	847	0.000088
6	851	0.000024
6	859	0.000002
6	889	0.000035
7	22	0.000001
7	25	0.000391
7	37	0.000051
7	38	0.004166
7	43	0.000315
7	44	0.000325
7	45	0.000141
7	47	0.000047
7	48	0.000017
7	49	0.000009
7	51	0.000001
7	54	0.000020
7	56	0.000013
7	57	0.012513
7	63	0.000004
7	684	0.000047
7	685	0.055037
7	699	0.000810
7	701	0.000276
7	718	0.000001
7	725	0.000002
7	726	0.000112
7	728	0.000043
7	729	0.000037
7	730	0.003397
7	737	0.000037
7	738	0.000037
7	746	0.000009
7	758	0.001012
7	760	0.000006
7	762	0.000003
7	766	0.000014
7	767	0.000018
7	768	0.000158
7	771	0.000006
7	772	0.000016
7	773	0.000028
7	776	0.000185
7	781	0.000007
7	782	0.000012
7	816	0.000468
7	823	0.000073
7	833	0.000004
7	858	0.000002
7	880	0.000003
7	881	0.000002
7	888	0.000033
7	894	0.000004
7	895	0.000006
7	897	0.000018
8	17	0.000001
8	21	0.000003
8	22	0.000199
8	37	0.002557
8	38	0.700814
8	43	0.000214
8	44	0.000121
8	45	0.000017
8	47	0.000016
8	48	0.000011
8	49	0.000001
8	54	0.000004
8	56	0.003182
8	57	0.000006
8	681	0.000001
8	684	0.029014
8	685	0.000033
8	698	0.000039
8	699	0.000017
8	701	0.000191
8	725	0.000048
8	726	0.000014
8	728	0.000024
8	729	0.002430
8	730	0.000031
8	737	0.000021
8	738	0.000019
8	746	0.000008
8	766	0.000013
8	767	0.000122
8	768	0.000008
8	771	0.000011
8	772	0.000030
8	773	0.000006
8	776	0.000003
8	781	0.000009
8	782	0.000004
8	815	0.000163
8	823	0.000005
8	833	0.000001
8	879	0.000002
8	880	0.000002
8	887	0.000016
8	894	0.000003
8	895	0.000002
8	897	0.000005
9	16	0.000001
9	19	0.000021
9	21	0.000246
9	22	0.000005
9	31	0.000006
9	34	0.000001
9	37	0.952591
9	38	0.000350
9	43	0.000039
9	44	0.000006
9	47	0.000003
9	51	0.000001
9	54	0.000016
9	56	0.000001
9	681	0.000004
9	684	0.000029
9	699	0.000009
9	701	0.000003
9	725	0.000010
9	726	0.000004
9	728	0.001103
9	729	0.000019
9	730	0.000002
9	737	0.000010
9	738	0.000001
9	766	0.000063
9	767	0.000005
9	771	0.000020
9	772	0.000004
9	781	0.000003
9	886	0.000003
9	894	0.000001
9	897	0.000066
10	14	0.000002
10	18	0.000024
10	20	0.000248
10	23	0.000014
10	30	0.000008
10	32	0.000003
10	33	0.000001
10	36	0.998239
10	42	0.000009
10	52	0.000004
10	53	0.000013
10	683	0.000005
10	702	0.000004
10	724	0.000007
10	727	0.000109
10	750	0.000002
10	765	0.000019
10	770	0.000011
10	824	0.000002
10	835	0.000002
10	896	0.000105
11	16	0.000051
11	35	0.998340
11	701	0.000004
11	749	0.000002
11	823	0.000002
11	834	0.000002
11	895	0.000104
12	17	0.000002
12	19	0.000017
12	21	0.000003
12	22	0.000004
12	31	0.000006
12	34	0.990303
12	35	0.000003
12	38	0.000001
12	51	0.000003
12	725	0.000004
12	726	0.000010
12	768	0.000003
12	833	0.000001
12	894	0.000089
13	17	0.000005
13	19	0.000002
13	21	0.000004
13	31	0.000122
13	34	0.000106
13	37	0.000001
13	49	0.000022
13	725	0.000008
13	767	0.000003
14	35	0.000004
14	48	0.000024
14	892	0.000013
15	21	0.000002
15	31	0.913202
15	34	0.000005
15	47	0.000024
15	63	0.000002
15	766	0.000003
15	891	0.000013
16	20	0.000002
16	28	0.000021
16	29	0.077418
16	30	0.916321
16	32	0.000048
16	33	0.000003
16	46	0.000023
16	61	0.000003
16	62	0.000002
16	721	0.000001
16	763	0.000004
16	765	0.000003
17	26	0.000066
17	28	0.533632
17	29	0.462212
17	60	0.000004
17	61	0.000001
17	761	0.000019
17	764	0.000002
17	889	0.000012
18	25	0.000138
18	27	0.987904
18	59	0.000005
18	760	0.000022
18	888	0.000012
19	24	0.000101
19	26	0.986956
19	28	0.010469
19	58	0.000005
19	759	0.000022
20	25	0.983442
20	27	0.010720
20	57	0.000005
20	758	0.000022
20	886	0.000011
21	26	0.008111
21	28	0.000001
21	29	0.000003
21	757	0.000020
21	885	0.000011
22	26	0.000008
22	28	0.000017
22	883	0.000011
23	27	0.000017
23	882	0.000011
24	37	0.000004
24	881	0.000011
25	36	0.000004
25	52	0.000006
25	64	0.000006
25	753	0.000016
25	896	0.000002
26	35	0.000004
26	37	0.000009
26	51	0.000006
26	63	0.000006
26	752	0.000016
26	879	0.000009
26	894	0.000001
27	36	0.000010
27	50	0.000006
27	62	0.000007
27	751	0.000016
27	878	0.000011
27	893	0.000004
28	35	0.000010
28	49	0.000005
28	877	0.000011
28	892	0.000004
29	34	0.000006
29	48	0.000004
29	876	0.000011
29	891	0.000004
30	59	0.000009
30	749	0.000004
30	875	0.000011
30	890	0.000006
31	58	0.000009
31	705	0.000002
31	748	0.000004
31	874	0.000010
31	889	0.000006
32	57	0.000009
32	704	0.000003
32	888	0.000006
33	56	0.000009
33	704	0.000031
33	746	0.000002
33	776	0.000002
33	887	0.000005
33	897	0.000003
34	41	0.000003
34	55	0.000009
34	61	0.000003
34	703	0.000493
34	745	0.000002
34	775	0.000002
34	872	0.000006
34	885	0.000002
35	40	0.000003
35	42	0.000001
35	60	0.000004
35	702	0.000550
35	744	0.000002
35	750	0.000002
35	774	0.000002
35	871	0.000006
35	884	0.000002
35	896	0.000929
36	59	0.000004
36	701	0.000551
36	749	0.000002
36	895	0.000933
37	41	0.000010
37	58	0.000003
37	60	0.000001
37	61	0.000019
37	75	0.000008
37	76	0.000031
37	77	0.000004
37	700	0.000539
37	748	0.000001
37	775	0.000003
38	58	0.003179
38	60	0.000051
38	75	0.000065
38	76	0.000026
38	77	0.000004
38	700	0.000019
38	703	0.000001
38	759	0.000003
38	761	0.000223
38	764	0.000011
38	769	0.000006
38	775	0.000014
38	777	0.000002
38	778	0.000001
38	859	0.000002
38	870	0.000005
38	883	0.000003
39	48	0.003035
39	56	0.000009
39	57	0.004333
39	59	0.000063
39	69	0.000142
39	71	0.000020
39	72	0.062967
39	696	0.000004
39	697	0.001732
39	698	0.002155
39	701	0.000015
39	715	0.000007
39	716	0.000002
39	717	0.000067
39	749	0.000005
39	758	0.000003
39	760	0.000275
39	823	0.000005
39	858	0.000002
39	869	0.000006
39	882	0.000004
39	890	0.000018
39	891	0.000478
39	892	0.007547
39	894	0.020545
39	895	0.005265
40	48	0.031656
40	56	0.004394
40	57	0.000023
40	59	0.000008
40	68	0.000145
40	69	0.000026
40	71	0.063833
40	72	0.000007
40	696	0.001938
40	697	0.002170
40	698	0.000424
40	701	0.000011
40	714	0.000007
40	715	0.000002
40	716	0.000068
40	749	0.000005
40	758	0.000003
40	760	0.000096
40	786	0.000008
40	823	0.000004
40	834	0.000002
40	868	0.000006
40	882	0.000002
40	888	0.000036
40	890	0.000478
40	891	0.007557
40	892	0.031616
40	894	0.005076
40	895	0.000047
41	45	0.000253
41	47	0.029575
41	48	0.000373
41	49	0.007563
41	51	0.000003
41	54	0.000017
41	56	0.000010
41	57	0.000101
41	63	0.000009
41	68	0.000019
41	69	0.000334
41	70	0.063493
41	71	0.000005
41	72	0.000003
41	73	0.000045
41	692	0.000009
41	695	0.001884
41	696	0.002015
41	697	0.000427
41	698	0.000001
41	699	0.000011
41	714	0.000002
41	715	0.000067
41	725	0.000001
41	726	0.000002
41	728	0.000002
41	729	0.000002
41	730	0.000002
41	737	0.000002
41	738	0.000002
41	746	0.000001
41	760	0.000025
41	762	0.000216
41	766	0.000090
41	767	0.000163
41	768	0.000216
41	771	0.000276
41	772	0.000097
41	773	0.000019
41	776	0.000004
41	781	0.000033
41	782	0.000005
41	785	0.000008
41	833	0.000003
41	876	0.000084
41	880	0.000002
41	881	0.000002
41	887	0.000038
41	890	0.001037
41	891	0.032771
41	892	0.000242
41	894	0.000037
41	895	0.000091
41	897	0.000005
42	48	0.017565
42	56	0.000321
42	57	0.000003
42	59	0.000062
42	68	0.001662
42	69	0.061654
42	71	0.000005
42	72	0.000053
42	78	0.000002
42	691	0.000010
42	696	0.000551
42	697	0.000002
42	698	0.000010
42	701	0.000066
42	704	0.000002
42	710	0.000002
42	714	0.000067
42	749	0.000041
42	758	0.000021
42	760	0.000489
42	784	0.000008
42	823	0.000005
42	852	0.000002
42	866	0.000002
42	875	0.000101
42	886	0.000036
42	888	0.000481
42	890	0.040059
42	891	0.000239
42	892	0.000141
42	894	0.000245
42	895	0.000030
43	55	0.000279
43	58	0.000059
43	60	0.000001
43	61	0.000018
43	67	0.002748
43	76	0.000001
43	77	0.000006
43	690	0.000007
43	693	0.000047
43	694	0.003337
43	700	0.000055
43	703	0.000005
43	709	0.000002
43	722	0.000002
43	727	0.000003
43	731	0.000002
43	733	0.000003
43	734	0.000014
43	736	0.000004
43	740	0.000003
43	742	0.000003
43	743	0.000013
43	745	0.000004
43	748	0.000037
43	757	0.000018
43	759	0.000215
43	761	0.001282
43	764	0.000074
43	769	0.000362
43	775	0.000007
43	777	0.000005
43	778	0.000025
43	779	0.000348
43	826	0.000011
43	851	0.000002
43	874	0.000099
43	878	0.000008
43	885	0.000031
43	889	0.039559
44	55	0.000008
44	58	0.000008
44	60	0.000009
44	61	0.001818
44	67	0.001264
44	75	0.000001
44	76	0.000011
44	77	0.000008
44	693	0.003451
44	694	0.000620
44	700	0.000003
44	703	0.000013
44	712	0.000006
44	722	0.000002
44	727	0.000004
44	731	0.000002
44	733	0.000014
44	734	0.000012
44	736	0.000010
44	740	0.000003
44	742	0.000014
44	743	0.000018
44	745	0.000008
44	748	0.000006
44	759	0.000112
44	761	0.000335
44	764	0.000248
44	769	0.000196
44	775	0.000011
44	777	0.000027
44	778	0.000432
44	779	0.000029
44	826	0.000012
44	873	0.000084
44	878	0.000003
44	889	0.000021
45	55	0.000007
45	58	0.000050
45	60	0.002227
45	61	0.000032
45	67	0.000222
45	75	0.000009
45	76	0.000011
45	77	0.000006
45	79	0.000010
45	688	0.000005
45	693	0.000723
45	694	0.000005
45	700	0.000002
45	703	0.000007
45	705	0.000117
45	722	0.000001
45	727	0.000003
45	731	0.000002
45	733	0.000011
45	734	0.000004
45	736	0.000004
45	740	0.000002
45	742	0.000017
45	743	0.000003
45	745	0.000004
45	748	0.000002
45	759	0.050808
45	761	0.000541
45	764	0.000369
45	769	0.000073
45	775	0.000010
45	777	0.000404
45	778	0.000028
45	779	0.000005
45	826	0.000007
45	859	0.000038
45	867	0.000001
45	872	0.000030
45	873	0.000001
45	878	0.000002
45	883	0.000013
45	889	0.000073
46	56	0.002880
46	57	0.000051
46	59	0.002279
46	68	0.009136
46	71	0.000001
46	72	0.000004
46	78	0.000011
46	687	0.000006
46	691	0.008643
46	701	0.000188
46	704	0.000164
46	710	0.000023
46	749	0.000895
46	758	0.055321
46	760	0.000570
46	809	0.000004
46	823	0.000060
46	834	0.000001
46	852	0.000112
46	858	0.000040
46	866	0.000001
46	875	0.000864
46	882	0.000010
46	886	0.041923
46	888	0.000044
46	894	0.000177
46	895	0.000081
47	55	0.002849
47	58	0.002082
47	60	0.000182
47	61	0.000429
47	67	0.009207
47	75	0.000283
47	76	0.000002
47	77	0.000012
47	686	0.000005
47	690	0.008881
47	700	0.000154
47	703	0.000194
47	709	0.000023
47	712	0.000002
47	722	0.000027
47	727	0.000003
47	731	0.000002
47	733	0.000198
47	734	0.000004
47	736	0.000158
47	740	0.000035
47	742	0.000133
47	743	0.000004
47	745	0.000246
47	748	0.000897
47	755	0.000006
47	757	0.055329
47	759	0.000470
47	761	0.000581
47	764	0.236540
47	769	0.000008
47	775	0.000655
47	777	0.000003
47	778	0.000008
47	779	0.000012
47	808	0.000004
47	821	0.000576
47	826	0.000503
47	839	0.000002
47	842	0.000002
47	847	0.000004
47	851	0.000113
47	859	0.000001
47	872	0.000066
47	874	0.000876
47	885	0.042215
48	52	0.000050
48	53	0.001183
48	55	0.000010
48	58	0.000004
48	60	0.000306
48	61	0.245406
48	62	0.040814
48	64	0.000240
48	65	0.000100
48	66	0.008182
48	74	0.000321
48	75	0.000001
48	76	0.000013
48	683	0.000004
48	689	0.008913
48	702	0.000184
48	706	0.000038
48	708	0.000020
48	711	0.000002
48	713	0.000005
48	720	0.000005
48	721	0.000030
48	723	0.000007
48	724	0.000008
48	732	0.000224
48	733	0.000001
48	735	0.000170
48	739	0.000036
48	741	0.000149
48	742	0.000001
48	743	0.000001
48	744	0.000269
48	747	0.000818
48	750	0.000002
48	751	0.000002
48	754	0.000007
48	756	0.055198
48	759	0.000002
48	761	0.000513
48	763	0.269464
48	764	0.000208
48	765	0.004808
48	769	0.000009
48	770	0.000359
48	774	0.000696
48	775	0.000007
48	777	0.000008
48	778	0.000014
48	779	0.000004
48	780	0.000141
48	783	0.000003
48	807	0.000004
48	820	0.000653
48	824	0.000067
48	825	0.000588
48	826	0.000004
48	827	0.000098
48	828	0.000063
48	829	0.000058
48	830	0.000054
48	831	0.000017
48	832	0.000036
48	838	0.000002
48	841	0.000002
48	846	0.000004
48	850	0.000108
48	857	0.000031
48	859	0.000002
48	861	0.000009
48	862	0.000012
48	863	0.000002
48	871	0.000086
48	873	0.000878
48	884	0.042262
48	893	0.000005
48	896	0.000407
49	55	0.000032
49	58	0.000564
49	60	0.310776
49	61	0.020537
49	75	0.000012
49	682	0.000003
49	688	0.008909
49	705	0.000041
49	712	0.000004
49	722	0.000003
49	731	0.000165
49	734	0.000100
49	740	0.000095
49	742	0.000001
49	743	0.000200
49	745	0.000005
49	755	0.051215
49	757	0.000170
49	759	0.001104
49	761	0.478429
49	764	0.002950
49	769	0.000209
49	777	0.000005
49	778	0.000002
49	779	0.000074
49	806	0.000004
49	819	0.000653
49	826	0.000031
49	859	0.000171
49	870	0.000063
49	872	0.000867
49	883	0.042214
50	56	0.001998
50	57	0.000661
50	59	0.338702
50	68	0.000004
50	71	0.000841
50	72	0.000294
50	687	0.008901
50	701	0.000003
50	704	0.000041
50	710	0.000003
50	749	0.000082
50	758	0.001197
50	760	0.499425
50	818	0.000653
50	858	0.000181
50	868	0.000007
50	869	0.000030
50	875	0.000005
50	882	0.042002
50	894	0.000014
50	895	0.000015
51	55	0.001329
51	58	0.337859
51	60	0.000173
51	61	0.000002
51	67	0.000004
51	686	0.006738
51	700	0.000002
51	703	0.000037
51	705	0.000007
51	709	0.000002
51	742	0.000001
51	748	0.000068
51	755	0.000042
51	757	0.001125
51	759	0.499146
51	761	0.000944
51	805	0.000004
51	817	0.000651
51	859	0.003814
51	867	0.000012
51	870	0.036614
51	872	0.000006
51	873	0.000004
51	874	0.000005
51	878	0.000005
52	56	0.000285
52	57	0.334611
52	59	0.000182
52	68	0.000003
52	69	0.013120
52	71	0.000004
52	72	0.000010
52	704	0.000007
52	749	0.000006
52	758	0.488074
52	760	0.001017
52	804	0.000004
52	816	0.000628
52	858	0.004197
52	866	0.000012
52	868	0.000003
52	869	0.037841
52	891	0.000002
52	894	0.000004
52	895	0.000477
53	57	0.000219
53	59	0.000053
53	68	0.013555
53	69	0.000010
53	71	0.000010
53	78	0.000005
53	701	0.000036
53	710	0.000005
53	749	0.000118
53	758	0.009920
53	760	0.000207
53	803	0.000004
53	816	0.000015
53	858	0.000349
53	866	0.000002
53	868	0.037860
53	875	0.000008
53	890	0.000002
53	894	0.000479
53	895	0.000002
54	58	0.000036
54	60	0.000004
54	61	0.000004
54	67	0.013405
54	76	0.000004
54	77	0.000019
54	682	0.000002
54	686	0.000001
54	700	0.000036
54	705	0.000022
54	709	0.000005
54	727	0.000005
54	742	0.000001
54	745	0.000002
54	748	0.000099
54	755	0.002452
54	757	0.018051
54	759	0.000212
54	777	0.000075
54	802	0.000004
54	859	0.002956
54	867	0.037632
54	874	0.000006
54	878	0.000062
54	889	0.000002
55	59	0.000004
55	63	0.000108
55	68	0.000002
55	69	0.000002
55	681	0.000001
55	684	0.000142
55	685	0.000002
55	699	0.000035
55	704	0.000028
55	725	0.000177
55	726	0.000003
55	737	0.000174
55	746	0.000029
55	749	0.000856
55	752	0.017387
55	758	0.000207
55	766	0.000016
55	771	0.000013
55	776	0.000088
55	781	0.000001
55	815	0.000528
55	833	0.000017
55	858	0.003215
55	860	0.000013
55	866	0.036766
55	876	0.000002
55	877	0.000063
55	881	0.000003
55	888	0.000002
55	897	0.000037
56	62	0.000141
56	64	0.000012
56	65	0.017193
56	66	0.001106
56	67	0.000011
56	74	0.000002
56	75	0.000566
56	76	0.000002
56	683	0.000144
56	702	0.000002
56	703	0.001035
56	707	0.000010
56	708	0.000002
56	721	0.000012
56	724	0.000203
56	732	0.000014
56	733	0.000011
56	735	0.000013
56	736	0.000201
56	739	0.000001
56	740	0.000013
56	741	0.000004
56	742	0.000038
56	744	0.000003
56	745	0.000029
56	747	0.000009
56	748	0.001853
56	750	0.000002
56	751	0.018511
56	753	0.000006
56	754	0.529987
56	755	0.000078
56	756	0.000031
56	757	0.000030
56	764	0.000005
56	765	0.000020
56	770	0.000016
56	775	0.000091
56	780	0.000002
56	801	0.000003
56	814	0.000613
56	825	0.000014
56	828	0.000004
56	829	0.000003
56	830	0.000004
56	831	0.000001
56	832	0.000021
56	837	0.000002
56	838	0.000003
56	844	0.000001
56	846	0.000002
56	850	0.000001
56	855	0.000001
56	856	0.049759
56	857	0.002544
56	861	0.000001
56	862	0.000026
56	863	0.000013
56	864	0.000045
56	865	0.012671
56	896	0.000056
57	61	0.000060
57	62	0.000039
57	64	0.017271
57	65	0.001078
57	66	0.000017
57	74	0.000718
57	75	0.000001
57	76	0.000002
57	682	0.000080
57	702	0.001238
57	703	0.000002
57	706	0.000010
57	707	0.000002
57	720	0.000012
57	723	0.000201
57	731	0.000014
57	732	0.000012
57	734	0.000011
57	735	0.000203
57	739	0.000017
57	740	0.000003
57	741	0.000041
57	743	0.000002
57	744	0.000029
57	747	0.001943
57	750	0.018507
57	751	0.000003
57	753	0.530567
57	754	0.000070
57	755	0.000017
57	756	0.000030
57	763	0.000010
57	764	0.000014
57	765	0.000007
57	769	0.000015
57	774	0.000092
57	813	0.000611
57	824	0.000014
57	827	0.000004
57	828	0.000003
57	829	0.000004
57	830	0.000001
57	831	0.000020
57	836	0.000002
57	837	0.000003
57	843	0.000001
57	845	0.000002
57	849	0.000001
57	855	0.054270
57	856	0.001328
57	857	0.000001
57	861	0.000027
57	862	0.000012
57	863	0.000076
57	864	0.010102
58	63	0.015142
58	72	0.000007
58	73	0.000715
58	681	0.000060
58	701	0.001226
58	725	0.000002
58	728	0.000009
58	730	0.000014
58	738	0.000016
58	746	0.001911
58	749	0.017512
58	752	0.529721
58	762	0.000010
58	766	0.000001
58	768	0.000015
58	773	0.000086
58	799	0.000004
58	812	0.000511
58	823	0.000006
58	852	0.000001
58	854	0.062005
58	858	0.000009
58	860	0.000028
58	879	0.000018
58	894	0.000052
58	897	0.000002
59	64	0.000632
59	65	0.000075
59	66	0.000222
59	67	0.000002
59	74	0.000202
59	680	0.000010
59	700	0.001219
59	702	0.003481
59	703	0.000042
59	706	0.000001
59	719	0.000004
59	720	0.000010
59	721	0.000112
59	724	0.000003
59	727	0.000027
59	731	0.000183
59	732	0.000102
59	733	0.000019
59	734	0.000010
59	735	0.000030
59	736	0.000002
59	739	0.000303
59	740	0.000001
59	741	0.000009
59	742	0.000004
59	743	0.000003
59	744	0.000099
59	745	0.001514
59	747	0.005711
59	748	0.004118
59	750	0.010926
59	751	0.513241
59	753	0.000066
59	754	0.000012
59	761	0.000008
59	763	0.000046
59	765	0.000002
59	769	0.000002
59	770	0.000002
59	774	0.000010
59	798	0.000004
59	825	0.000003
59	828	0.000001
59	829	0.000005
59	830	0.000004
59	835	0.000006
59	849	0.000004
59	850	0.000006
59	853	0.062179
59	855	0.000155
59	857	0.000007
59	859	0.000013
59	861	0.000518
59	862	0.000674
59	863	0.000732
59	878	0.000019
59	893	0.000053
59	896	0.000004
60	70	0.000174
60	71	0.000725
60	73	0.000207
60	679	0.000008
60	699	0.001278
60	701	0.003423
60	704	0.000024
60	718	0.000003
60	725	0.000003
60	726	0.000062
60	728	0.000020
60	729	0.000166
60	730	0.000508
60	737	0.000010
60	738	0.000344
60	746	0.005370
60	749	0.019768
60	752	0.000061
60	762	0.000040
60	768	0.000003
60	771	0.000001
60	772	0.000002
60	773	0.000010
60	797	0.000003
60	811	0.000024
60	834	0.000005
60	852	0.061062
60	854	0.000152
60	858	0.000002
60	860	0.000476
60	877	0.000019
60	892	0.000053
60	895	0.000003
61	69	0.000207
61	70	0.000804
61	72	0.000208
61	73	0.000005
61	698	0.000056
61	699	0.000455
61	701	0.001340
61	704	0.000004
61	717	0.000002
61	718	0.000005
61	725	0.000029
61	726	0.000020
61	728	0.000165
61	729	0.000475
61	730	0.000071
61	737	0.000267
61	738	0.000006
61	746	0.000278
61	749	0.011199
61	752	0.000002
61	762	0.000001
61	767	0.000002
61	771	0.000002
61	772	0.000008
61	810	0.000029
61	811	0.000001
61	833	0.000004
61	852	0.000024
61	854	0.000004
61	858	0.000004
61	860	0.000059
61	876	0.000019
61	891	0.000053
61	894	0.000001
61	895	0.000003
62	68	0.000500
62	69	0.000811
62	71	0.000211
62	72	0.000007
62	697	0.000007
62	698	0.000218
62	701	0.201875
62	704	0.000055
62	716	0.000001
62	717	0.000006
62	749	0.143261
62	758	0.000003
62	760	0.000150
62	809	0.000030
62	810	0.000001
62	852	0.000212
62	858	0.000148
62	875	0.000019
62	890	0.000053
62	894	0.000019
62	895	0.000001
63	67	0.000359
63	700	0.205786
63	703	0.000136
63	727	0.000366
63	731	0.000031
63	733	0.000006
63	734	0.000004
63	736	0.000007
63	740	0.000015
63	742	0.000036
63	743	0.000214
63	745	0.000140
63	748	0.132528
63	757	0.000002
63	759	0.000152
63	761	0.000016
63	808	0.000023
63	847	0.000040
63	848	0.000091
63	851	0.000213
63	859	0.000343
63	874	0.000015
63	889	0.000052
64	68	0.000061
64	69	0.000020
64	71	0.000004
64	72	0.000073
64	696	0.000001
64	697	0.000071
64	698	0.581471
64	701	0.000008
64	715	0.000001
64	716	0.000010
64	717	0.000072
64	749	0.005030
64	758	0.000149
64	760	0.000017
64	852	0.000002
64	858	0.000360
64	888	0.000051
64	892	0.000018
64	894	0.000003
64	895	0.000263
65	69	0.000005
65	71	0.000074
65	72	0.000165
65	696	0.000049
65	697	0.586209
65	698	0.000069
65	714	0.000001
65	715	0.000011
65	716	0.000073
65	717	0.000022
65	749	0.000366
65	758	0.000003
65	760	0.000008
65	852	0.000004
65	858	0.000009
65	886	0.000003
65	891	0.000018
65	894	0.000264
65	895	0.000222
66	71	0.000166
66	72	0.000004
66	696	0.587575
66	697	0.000059
66	714	0.000011
66	715	0.000074
66	716	0.000022
66	749	0.000113
66	758	0.000009
66	760	0.000004
66	834	0.000119
66	852	0.000019
66	858	0.000002
66	886	0.000008
66	890	0.000018
66	894	0.000226
66	895	0.000003
67	71	0.000003
67	684	0.000001
67	691	0.000006
67	695	0.586632
67	696	0.000046
67	714	0.000071
67	715	0.000022
67	725	0.094960
67	726	0.000150
67	728	0.000009
67	729	0.000005
67	730	0.000002
67	737	0.003950
67	738	0.000016
67	746	0.109067
67	749	0.000002
67	752	0.000004
67	758	0.000030
67	781	0.000002
67	833	0.000176
67	852	0.000002
67	854	0.000759
67	894	0.000002
68	74	0.000006
68	75	0.000003
68	683	0.000002
68	690	0.000086
68	693	0.002925
68	694	0.579827
68	712	0.000001
68	713	0.000061
68	724	0.111011
68	733	0.000001
68	735	0.000033
68	736	0.004609
68	739	0.000015
68	740	0.000003
68	741	0.000019
68	742	0.016375
68	743	0.000013
68	744	0.002187
68	745	0.115750
68	747	0.000008
68	748	0.000004
68	750	0.000007
68	751	0.000005
68	754	0.000012
68	757	0.000206
68	780	0.000002
68	825	0.000001
68	828	0.007680
68	829	0.000029
68	830	0.000017
68	831	0.000009
68	832	0.000184
68	841	0.003448
68	844	0.068873
68	845	0.000150
68	846	0.000026
68	849	0.000010
68	850	0.000080
68	853	0.000815
68	856	0.000003
68	857	0.000002
69	74	0.000005
69	76	0.000002
69	682	0.000001
69	683	0.000004
69	689	0.000109
69	693	0.565962
69	694	0.000096
69	711	0.000006
69	712	0.000033
69	713	0.000034
69	723	0.111091
69	732	0.000002
69	734	0.000034
69	735	0.004717
69	739	0.000004
69	740	0.000007
69	741	0.016924
69	743	0.002180
69	744	0.116361
69	747	0.000005
69	750	0.000005
69	753	0.000012
69	756	0.000228
69	765	0.000007
69	779	0.000002
69	824	0.000001
69	827	0.007796
69	828	0.000015
69	829	0.000017
69	830	0.000010
69	831	0.000181
69	840	0.003469
69	843	0.069308
69	844	0.000077
69	845	0.000023
69	848	0.000010
69	849	0.000080
69	853	0.000002
69	855	0.000003
69	856	0.000002
70	75	0.000012
70	76	0.000017
70	77	0.000018
70	682	0.000005
70	686	0.000015
70	688	0.000112
70	690	0.000179
70	693	0.000162
70	694	0.000002
70	712	0.000040
70	722	0.111066
70	731	0.000001
70	733	0.000036
70	734	0.004716
70	736	0.000018
70	740	0.016883
70	742	0.002248
70	743	0.116124
70	745	0.000013
70	748	0.000010
70	755	0.000232
70	764	0.000008
70	778	0.000002
70	826	0.007820
70	839	0.003471
70	842	0.069384
70	847	0.000021
70	848	0.000071
70	851	0.000825
71	75	0.000011
71	76	0.000022
71	77	0.000002
71	682	0.000001
71	683	0.000280
71	686	0.000010
71	688	0.000003
71	689	0.000145
71	690	0.589842
71	711	0.000040
71	720	0.000152
71	721	0.110939
71	724	0.000022
71	732	0.000037
71	733	0.004704
71	735	0.000024
71	736	0.000053
71	739	0.016471
71	740	0.000010
71	741	0.002276
71	742	0.115475
71	744	0.000015
71	745	0.000004
71	747	0.000010
71	751	0.000019
71	754	0.000233
71	763	0.000008
71	825	0.007820
71	828	0.000043
71	829	0.000051
71	830	0.000036
71	832	0.000001
71	836	0.000001
71	837	0.000010
71	838	0.003460
71	840	0.000001
71	841	0.069391
71	844	0.000021
71	845	0.000001
71	846	0.000029
71	847	0.000052
71	850	0.000831
71	885	0.000004
72	76	0.000007
72	77	0.000005
72	682	0.000270
72	683	0.003646
72	686	0.000097
72	688	0.000103
72	689	0.602782
72	690	0.000003
72	719	0.000298
72	720	0.110123
72	721	0.000002
72	723	0.000023
72	731	0.000009
72	732	0.004730
72	734	0.000028
72	735	0.000221
72	736	0.000004
72	739	0.000113
72	740	0.000937
72	741	0.115377
72	743	0.000012
72	744	0.000005
72	750	0.000018
72	753	0.000227
72	824	0.007664
72	827	0.000043
72	828	0.000050
72	829	0.000036
72	831	0.000001
72	835	0.000001
72	836	0.000019
72	837	0.003345
72	840	0.069040
72	843	0.000020
72	844	0.000001
72	845	0.000028
72	846	0.000048
72	849	0.000826
72	884	0.000004
73	77	0.000043
73	79	0.000190
73	682	0.003757
73	686	0.000511
73	688	0.608589
73	722	0.000020
73	731	0.004101
73	733	0.000025
73	734	0.000188
73	736	0.000025
73	740	0.099356
73	742	0.000010
73	743	0.000004
73	759	0.000002
73	761	0.000003
73	826	0.000037
73	839	0.058683
73	842	0.000017
73	847	0.000002
73	848	0.000700
73	883	0.000004
74	78	0.000199
74	80	0.000001
74	687	0.609674
74	691	0.000010
74	696	0.000004
74	715	0.000002
74	716	0.000185
74	717	0.001771
74	749	0.000011
74	758	0.000002
74	760	0.000003
74	823	0.000157
74	834	0.000427
74	882	0.000004
75	681	0.000061
75	684	0.006586
75	685	0.091586
75	687	0.000022
75	692	0.000007
75	695	0.000003
75	696	0.000001
75	714	0.000001
75	715	0.000026
75	716	0.001356
75	717	0.000277
75	718	0.000375
75	726	0.000007
75	728	0.000007
75	729	0.000609
75	730	0.000698
75	737	0.000152
75	738	0.015314
75	768	0.000002
75	773	0.000002
75	833	0.000373
75	834	0.000014
75	881	0.000004
76	681	0.000669
76	684	0.081375
76	685	0.051585
76	687	0.000031
76	691	0.000008
76	692	0.000001
76	714	0.000011
76	715	0.000043
76	716	0.000153
76	717	0.000364
76	718	0.000098
76	725	0.000007
76	726	0.000026
76	728	0.000506
76	729	0.000690
76	730	0.000033
76	737	0.012698
76	738	0.000435
76	767	0.000002
76	772	0.000002
76	833	0.000013
76	834	0.000015
76	880	0.000004
77	681	0.863725
77	684	0.020024
77	685	0.000144
77	687	0.000001
77	714	0.000010
77	715	0.000001
77	716	0.000061
77	717	0.000065
77	718	0.000001
77	725	0.000022
77	726	0.000009
77	728	0.000511
77	729	0.000025
77	730	0.000004
77	737	0.000272
77	738	0.000077
77	766	0.000002
77	771	0.000002
77	833	0.000011
77	834	0.000002
77	879	0.000002
78	680	0.988637
78	682	0.000026
78	683	0.007364
78	724	0.000013
78	727	0.000321
78	732	0.000002
78	735	0.000052
78	736	0.000028
78	739	0.000029
78	832	0.000005
78	835	0.000003
79	679	0.994794
79	681	0.000155
79	725	0.000002
79	726	0.000305
79	738	0.000027
79	834	0.000003
80	678	0.999866
80	680	0.000044
81	677	0.999981
81	678	0.000007
82	676	0.999988
82	677	0.000004
83	675	0.999961
84	674	0.999059
86	673	0.999475
87	672	0.999480
88	671	0.999976
89	670	0.999986
90	669	0.996724
91	665	0.000005
91	668	0.499054
92	664	0.000006
92	668	0.500471
93	663	0.000006
93	667	0.998148
94	666	0.998988
95	661	0.000001
95	664	0.002712
95	665	0.992377
96	232	0.000018
96	415	0.000004
97	215	0.000003
97	231	0.000019
97	414	0.000004
97	663	0.994754
98	116	0.000001
98	117	0.000004
98	213	0.000050
98	230	0.000019
98	413	0.000005
98	661	0.000021
98	662	0.999180
98	664	0.000004
98	665	0.000012
99	116	0.000021
99	212	0.000052
99	412	0.000004
99	661	0.990319
99	662	0.000011
99	664	0.000015
100	113	0.000037
100	114	0.982830
100	164	0.000002
100	165	0.000001
100	211	0.000052
100	215	0.000001
100	411	0.000003
100	660	0.010238
100	663	0.000009
101	113	0.998849
101	114	0.000065
101	163	0.000002
101	164	0.000001
101	171	0.000002
101	210	0.000052
101	215	0.000469
101	660	0.000002
102	107	0.000005
102	111	0.001214
102	112	0.996639
102	170	0.000002
102	209	0.000048
102	213	0.000002
102	214	0.000475
102	658	0.000002
103	110	0.001243
103	111	0.998131
103	112	0.000023
103	169	0.000002
103	170	0.000052
103	212	0.000002
103	213	0.000476
103	657	0.000002
104	110	0.997096
104	111	0.000026
104	169	0.000052
104	212	0.000473
104	656	0.000001
105	109	0.809235
105	211	0.000182
106	168	0.000327
107	167	0.000374
108	166	0.000191
109	166	0.000350
110	164	0.000020
110	165	0.000540
111	163	0.000020
111	164	0.000539
111	165	0.000001
112	162	0.000001
112	163	0.000524
114	166	0.000001
114	236	0.000006
114	535	0.000003
115	166	0.000100
115	168	0.000003
115	214	0.000004
115	232	0.000005
115	235	0.000006
116	161	0.000014
116	162	0.993221
116	163	0.001133
116	164	0.000020
116	165	0.000064
116	231	0.000003
117	161	0.999258
117	162	0.000599
117	163	0.000015
117	164	0.000049
118	160	0.999453
119	159	0.999977
120	158	0.999979
121	156	0.000001
121	157	0.999033
122	156	0.999289
122	157	0.000001
123	155	0.999964
124	154	0.999511
125	153	0.999977
126	152	0.999984
127	150	0.000001
127	151	0.998859
128	150	0.998775
129	149	0.998652
130	148	0.911101
131	146	0.000002
131	147	0.649753
131	148	0.085284
132	146	0.387791
132	147	0.350045
133	139	0.000003
133	143	0.006217
133	146	0.611800
134	138	0.000003
134	140	0.000002
134	142	0.006271
134	145	0.866866
135	139	0.000002
135	143	0.007765
135	147	0.000026
136	143	0.976668
136	146	0.000034
137	142	0.986965
137	145	0.000042
138	143	0.000033
160	216	0.000003
161	214	0.000004
161	230	0.000002
162	170	0.000002
162	213	0.000064
162	214	0.001141
162	228	0.000003
162	230	0.000296
163	168	0.000084
163	169	0.000023
163	170	0.000285
163	177	0.000013
163	178	0.000002
163	212	0.000133
163	213	0.030071
163	214	0.589561
163	221	0.000010
163	227	0.000004
163	228	0.118688
163	230	0.000062
163	232	0.000006
163	236	0.000002
163	240	0.000001
163	410	0.000002
163	535	0.000003
163	662	0.000007
163	666	0.000003
164	168	0.000018
164	169	0.000297
164	170	0.000036
164	176	0.000018
164	177	0.000003
164	212	0.029899
164	213	0.650394
164	214	0.116622
164	220	0.000008
164	221	0.000111
164	226	0.000002
164	227	0.119002
164	228	0.000139
164	236	0.000004
164	239	0.000002
164	410	0.000001
164	535	0.000001
164	661	0.000007
164	662	0.000005
164	665	0.000004
165	169	0.000037
165	175	0.000021
165	176	0.000003
165	212	0.647015
165	213	0.128789
165	214	0.001613
165	220	0.000112
165	224	0.000002
165	226	0.118860
165	227	0.000137
165	230	0.000012
165	235	0.000003
165	236	0.000002
165	238	0.000005
165	535	0.000004
165	661	0.000005
165	664	0.000005
166	174	0.000021
166	210	0.000541
166	211	0.070890
166	215	0.000310
166	216	0.000186
166	217	0.000072
166	219	0.000111
166	223	0.000002
166	225	0.119084
166	229	0.000012
166	234	0.000003
166	237	0.000007
166	534	0.000005
166	663	0.000005
167	175	0.000121
167	209	0.000590
167	212	0.139145
167	213	0.029076
167	214	0.000186
167	220	0.000001
167	224	0.119058
167	228	0.000011
167	235	0.000009
167	236	0.000006
167	535	0.000001
167	662	0.000005
168	174	0.000123
168	207	0.000047
168	208	0.000520
168	210	0.000016
168	211	0.003579
168	215	0.000047
168	216	0.000038
168	217	0.000094
168	218	0.000004
168	219	0.000008
168	222	0.000263
168	223	0.116869
168	234	0.000016
168	534	0.000001
169	173	0.000123
169	206	0.000086
169	210	0.002124
169	211	0.875632
169	215	0.000017
169	218	0.000005
169	222	0.046591
169	233	0.000016
170	206	0.000207
170	210	0.993816
170	211	0.000122
170	215	0.000011
170	218	0.000014
170	222	0.000043
170	231	0.000017
171	175	0.000007
171	209	0.997007
171	212	0.000070
171	213	0.000001
171	214	0.000005
171	220	0.000170
171	221	0.000071
171	230	0.000018
172	204	0.000002
172	205	0.000080
172	206	0.000074
172	207	0.000558
172	208	0.986484
172	210	0.000041
172	211	0.000066
172	216	0.000002
172	217	0.000003
172	218	0.000002
172	219	0.000178
172	222	0.000002
172	229	0.000018
173	209	0.000053
173	212	0.000003
173	213	0.000002
173	221	0.000041
173	228	0.000017
174	214	0.000002
174	220	0.000038
175	204	0.002941
175	206	0.241247
175	210	0.000004
175	211	0.000003
175	215	0.000008
175	218	0.000012
176	203	0.002217
176	204	0.994731
176	206	0.000006
176	210	0.000002
177	202	0.001482
177	203	0.997730
177	204	0.000019
178	201	0.000747
178	202	0.998491
178	203	0.000013
179	199	0.000001
179	201	0.999222
179	202	0.000007
180	200	0.999463
181	198	0.000001
181	199	0.998119
182	198	0.998841
183	197	0.999964
184	196	0.999509
185	193	0.000002
185	195	0.999972
186	192	0.000006
186	194	0.999917
187	191	0.000024
187	193	0.991644
187	195	0.000007
188	192	0.980165
188	194	0.000008
189	193	0.000009
202	213	0.000002
202	214	0.000001
203	212	0.000002
203	213	0.000006
203	228	0.000002
204	212	0.000006
204	213	0.000001
204	227	0.000002
204	236	0.000003
205	214	0.000422
205	226	0.000002
205	235	0.000003
206	212	0.000011
206	213	0.000442
206	221	0.000472
206	227	0.000002
207	214	0.000003
207	220	0.000463
207	226	0.000002
208	214	0.000001
208	220	0.000002
208	232	0.000004
209	215	0.000030
209	218	0.000529
209	222	0.000021
209	231	0.000004
210	214	0.000012
210	220	0.000001
210	221	0.000240
210	230	0.000004
211	220	0.000284
211	221	0.000236
211	228	0.000002
212	218	0.000929
212	222	0.000078
212	233	0.000002
212	530	0.000003
212	538	0.000002
213	218	0.001523
213	222	0.000782
213	233	0.000002
213	529	0.000003
213	537	0.000002
214	218	0.000039
214	219	0.000485
214	222	0.003876
214	223	0.000012
214	225	0.000012
214	229	0.000008
214	231	0.000017
214	237	0.000230
214	528	0.000003
214	534	0.000002
214	536	0.000002
215	220	0.000024
215	221	0.015645
215	224	0.000026
215	227	0.000024
215	228	0.000016
215	230	0.000075
215	236	0.000632
215	238	0.000053
215	239	0.001479
215	410	0.000011
215	527	0.000003
215	535	0.000009
215	661	0.000001
216	220	0.011864
216	226	0.000022
216	235	0.000552
216	238	0.002808
216	409	0.000007
217	226	0.000004
217	232	0.000001
217	235	0.000010
217	238	0.000612
218	224	0.000025
218	227	0.000313
218	228	0.000005
218	230	0.000002
218	232	0.000002
218	235	0.000008
218	236	0.873938
218	239	0.000010
219	226	0.000306
219	232	0.000175
219	235	0.875713
219	238	0.000017
220	225	0.000249
220	229	0.000001
220	231	0.000051
220	233	0.000007
220	234	0.876047
220	237	0.000023
221	231	0.000573
221	233	0.873522
222	226	0.000003
222	227	0.000267
222	228	0.000427
222	230	0.001053
222	232	0.326623
222	235	0.000003
222	236	0.001976
222	535	0.000003
223	232	0.510574
223	235	0.001957
224	231	0.779474
224	233	0.002528
224	533	0.000300
225	232	0.002912
225	235	0.000141
225	532	0.000303
226	231	0.002722
226	234	0.000188
226	531	0.000303
227	231	0.000293
227	233	0.000192
227	530	0.000304
228	233	0.000051
228	529	0.000303
229	235	0.000063
229	238	0.000019
229	415	0.000002
230	411	0.000008
230	414	0.000002
230	528	0.000291
231	235	0.000039
231	236	0.008284
231	238	0.000100
231	239	0.000002
231	409	0.000002
231	410	0.000014
231	412	0.000023
231	413	0.000001
231	527	0.000293
231	535	0.000009
231	664	0.000009
232	237	0.000148
232	411	0.000031
232	525	0.000121
232	526	0.000178
232	534	0.000009
232	663	0.000009
233	238	0.000004
233	239	0.000006
233	409	0.000004
233	410	0.000159
233	524	0.000232
233	535	0.000001
233	662	0.000009
234	238	0.000009
234	409	0.000148
234	523	0.000226
235	408	0.000048
235	411	0.000003
235	522	0.000193
235	534	0.000004
236	407	0.000017
236	411	0.000006
236	533	0.000004
237	409	0.451959
238	407	0.000005
238	408	0.905721
239	406	0.000011
239	407	0.997706
240	405	0.000010
240	406	0.999037
240	407	0.000921
241	404	0.000008
241	405	0.999041
241	406	0.000930
241	407	0.000003
242	404	0.999001
242	405	0.000934
242	406	0.000003
243	402	0.000014
243	403	0.990482
243	404	0.000890
243	405	0.000003
245	402	0.898370
246	399	0.000014
246	401	0.898371
247	399	0.991400
248	398	0.999931
248	399	0.000020
249	397	0.999976
249	398	0.000014
250	396	0.999984
250	397	0.000007
251	395	0.999991
252	394	0.999977
253	393	0.999484
254	392	0.999545
255	385	0.000001
255	390	0.000016
255	391	0.139503
256	390	0.126732
256	391	0.860113
257	381	0.000002
257	390	0.870981
257	391	0.000005
258	380	0.000001
258	383	0.003693
258	384	0.115881
258	386	0.003915
258	387	0.015209
258	388	0.003286
258	389	0.840129
259	383	0.256803
259	384	0.001320
259	386	0.021439
259	387	0.005103
259	388	0.668693
259	389	0.000330
260	381	0.996116
261	380	0.999846
261	383	0.000003
261	384	0.000002
261	386	0.000065
262	379	0.999481
262	384	0.000002
263	378	0.999479
263	382	0.000003
264	377	0.999893
264	381	0.000003
265	376	0.987407
266	374	0.146818
266	376	0.000045
266	380	0.000007
267	376	0.000040
267	379	0.000006
268	371	0.925032
268	372	0.010413
268	373	0.005395
268	375	0.000051
268	378	0.000002
269	369	0.000109
269	370	0.999503
269	374	0.000014
270	368	0.000118
270	369	0.999800
270	370	0.000069
271	367	0.000125
271	368	0.999797
271	369	0.000064
272	367	0.999594
272	368	0.000058
273	363	0.000002
273	365	0.998903
274	362	0.000001
274	364	0.996494
275	364	0.000172
276	362	0.995678
276	364	0.000003
277	358	0.000002
277	360	0.000001
277	361	0.998089
277	363	0.000003
278	357	0.000003
278	360	0.998404
278	361	0.000234
278	363	0.000008
279	356	0.000002
279	359	0.976085
279	362	0.000007
280	355	0.000002
281	356	0.001274
281	359	0.011297
282	355	0.001003
283	355	0.000009
284	355	0.000012
284	356	0.997809
285	352	0.000045
285	355	0.998338
286	351	0.000032
286	353	0.000004
286	354	0.999216
287	350	0.000009
287	351	0.000003
287	353	0.998334
288	351	0.000597
288	353	0.000011
289	350	0.000024
289	351	0.725312
290	350	0.999294
290	351	0.000082
291	348	0.000001
291	349	0.998791
292	348	0.998873
292	349	0.000001
293	347	0.999974
294	346	0.999978
295	345	0.999571
296	344	0.999736
296	347	0.000002
297	302	0.000001
297	341	0.000020
297	344	0.000063
297	346	0.000002
298	340	0.000020
298	342	0.990608
298	343	0.000065
298	345	0.000003
299	339	0.000020
299	341	0.999459
299	344	0.000005
300	340	0.997871
300	343	0.000005
301	339	0.974904
302	306	0.000001
302	342	0.000002
302	343	0.000132
303	342	0.000131
303	343	0.000111
304	342	0.000111
304	343	0.000046
305	342	0.000046
306	338	0.997957
306	339	0.000016
306	341	0.000027
307	337	0.999448
307	340	0.000015
308	336	0.999974
308	339	0.000002
309	335	0.999958
309	338	0.000001
310	334	0.983005
312	331	0.000001
312	332	0.994313
312	333	0.000931
313	331	0.999385
314	330	0.999490
315	329	0.999963
316	328	0.999575
317	326	0.000011
317	327	0.999915
318	326	0.998639
318	327	0.000036
318	329	0.000002
319	328	0.000005
320	326	0.000214
320	327	0.000008
321	325	0.000664
321	326	0.000010
381	386	0.000159
381	387	0.000006
381	388	0.000021
381	389	0.000068
382	387	0.000208
382	388	0.000133
383	390	0.000010
383	391	0.000001
384	390	0.000001
386	390	0.000005
386	391	0.000002
407	535	0.000013
409	427	0.000001
409	429	0.000004
409	534	0.456307
410	428	0.000008
410	530	0.000002
410	531	0.000019
410	533	0.990899
411	425	0.000429
411	532	0.998180
412	424	0.000430
412	529	0.000022
412	530	0.000029
412	531	0.999470
413	423	0.000430
413	528	0.000023
413	529	0.000046
413	530	0.999377
414	422	0.000428
414	527	0.000022
415	421	0.000426
415	526	0.000019
415	528	0.990496
415	529	0.000018
416	527	0.999300
417	525	0.000037
417	526	0.995964
418	429	0.000002
418	525	0.969493
418	526	0.001077
419	428	0.000002
420	523	0.000055
420	524	0.998502
421	523	0.998898
422	522	0.998738
423	520	0.000009
423	521	0.999481
424	520	0.997481
424	521	0.000006
425	431	0.007725
425	518	0.000604
426	433	0.000043
426	517	0.000267
427	433	0.000133
427	517	0.000006
428	433	0.000016
428	434	0.000091
428	520	0.000082
428	521	0.000002
428	524	0.000076
429	433	0.000083
429	523	0.000074
431	520	0.000971
431	521	0.000208
431	524	0.000004
432	523	0.000004
433	518	0.000002
433	519	0.985445
434	516	0.000001
434	518	0.999208
435	517	0.999288
436	515	0.000019
436	516	0.999961
437	514	0.000034
437	515	0.999614
439	513	0.997039
439	514	0.000005
440	511	0.000070
440	512	0.999793
441	510	0.002212
441	511	0.965877
442	509	0.002221
443	509	0.987160
444	507	0.000004
444	508	0.998116
445	507	0.999974
446	506	0.999944
447	505	0.987589
448	502	0.000004
449	500	0.000009
449	503	0.997261
449	504	0.000931
450	499	0.000009
450	502	0.999967
451	498	0.000009
451	501	0.999500
452	497	0.000010
452	500	0.999946
453	496	0.000010
453	498	0.001965
453	499	0.994334
454	497	0.003924
454	500	0.000001
455	497	0.915503
458	495	0.987522
459	493	0.000014
459	494	0.999882
460	492	0.000015
460	493	0.999961
460	494	0.000012
461	491	0.000013
461	492	0.999828
461	493	0.000012
462	491	0.956921
463	487	0.000002
463	491	0.005332
464	485	0.000001
465	487	0.000003
465	491	0.000208
466	484	0.000008
466	487	0.000018
466	491	0.000067
467	483	0.000009
467	487	0.000051
467	488	0.995345
468	487	0.998876
469	478	0.000001
469	482	0.000004
469	485	0.000001
469	486	0.999417
470	477	0.000001
470	481	0.000004
470	485	0.999850
471	484	0.984543
471	487	0.000006
472	477	0.000002
472	478	0.000226
472	479	0.000012
472	481	0.000059
472	482	0.871336
472	486	0.000012
473	477	0.000224
473	479	0.000335
473	481	0.901311
473	482	0.090301
473	485	0.000013
474	480	0.887690
474	483	0.002138
474	484	0.000018
475	484	0.000002
476	481	0.001652
476	482	0.001617
477	483	0.000051
478	484	0.000004
479	483	0.000008
519	532	0.000010
520	529	0.000012
520	530	0.000003
520	531	0.000013
521	528	0.000012
521	529	0.000003
521	530	0.000013
521	533	0.000080
522	532	0.000081
523	531	0.000081
523	534	0.000003
524	530	0.000080
524	533	0.000003
525	532	0.000002
529	666	0.000006
530	665	0.000011
531	664	0.000017
532	663	0.000017
533	661	0.000027
533	662	0.000022
534	659	0.000003
535	660	0.979955
536	659	0.997632
537	658	0.999965
538	657	0.999987
539	656	0.999979
540	655	0.999583
541	654	0.999977
542	653	0.999991
543	652	0.999963
544	650	0.000009
544	651	0.999945
545	650	0.999768
546	647	0.000026
546	648	0.998902
547	647	0.991469
547	648	0.000042
547	649	0.000019
548	646	0.991894
549	645	0.999389
550	644	0.999956
551	642	0.000557
551	643	0.997333
551	647	0.000001
552	641	0.000844
552	644	0.000001
552	646	0.000001
554	641	0.992441
554	644	0.000002
555	638	0.000683
555	640	0.993098
555	642	0.003432
555	643	0.000002
556	641	0.003442
557	641	0.000003
559	636	0.000003
559	637	0.992280
559	638	0.000025
559	639	0.000003
560	635	0.000002
560	636	0.999959
560	638	0.000001
561	635	0.999973
562	634	0.999118
563	632	0.032657
563	633	0.967284
564	631	0.064939
564	632	0.932524
564	633	0.000008
565	630	0.092225
566	628	0.000036
566	630	0.603732
567	627	0.000018
567	629	0.303668
568	629	0.678047
569	628	0.999499
570	627	0.999464
571	626	0.999978
572	625	0.999778
573	623	0.999360
574	622	0.999136
575	621	0.999194
576	620	0.999975
577	619	0.999989
578	618	0.999934
579	617	0.984959
580	612	0.000105
580	617	0.000406
581	611	0.000104
581	617	0.000050
582	597	0.000005
582	610	0.000102
582	611	0.000002
582	617	0.000010
583	596	0.000005
583	599	0.000018
583	609	0.000100
583	610	0.000002
583	611	0.000003
583	617	0.000009
584	595	0.000005
584	598	0.000023
584	609	0.000001
584	611	0.000031
584	612	0.955872
585	594	0.000005
585	597	0.000024
585	610	0.000039
585	611	0.999664
586	596	0.000024
586	606	0.000008
586	609	0.000039
586	610	0.999818
586	611	0.000002
587	594	0.000024
587	606	0.000002
587	609	0.999738
587	610	0.000002
588	593	0.000023
588	607	0.014477
588	608	0.974977
590	604	0.000002
590	605	0.999147
590	607	0.000150
590	608	0.000027
591	604	0.999743
591	605	0.000160
591	607	0.000034
592	598	0.000002
592	602	0.000005
592	603	0.998935
592	606	0.000020
593	597	0.000003
593	599	0.000157
593	602	0.998792
593	603	0.000264
593	606	0.000018
594	600	0.014523
594	605	0.000017
594	607	0.000004
596	600	0.004682
596	604	0.000014
596	605	0.000024
597	604	0.000024
599	607	0.000004
599	618	0.000003
600	606	0.000004
600	617	0.000017
601	616	0.000018
602	614	0.000007
602	615	0.000017
603	613	0.000009
603	614	0.000015
604	611	0.000024
605	610	0.000024
679	683	0.000001
679	688	0.000143
679	689	0.000002
679	694	0.000001
679	702	0.003252
679	750	0.000001
680	687	0.000170
680	691	0.000002
680	701	0.003267
680	749	0.000001
681	686	0.000153
681	688	0.000187
681	690	0.000011
681	693	0.023885
681	694	0.000068
681	700	0.003298
681	703	0.000001
681	722	0.000004
681	727	0.000004
681	731	0.000002
682	687	0.000261
682	691	0.000005
682	692	0.045400
682	695	0.000005
682	696	0.000002
682	697	0.000002
682	699	0.003320
682	717	0.000022
682	718	0.001300
682	725	0.000006
682	726	0.000005
682	728	0.000001
682	729	0.000002
682	730	0.000003
682	737	0.000001
682	738	0.000001
682	781	0.000002
683	687	0.000375
683	691	0.049671
683	696	0.000036
683	697	0.000002
683	698	0.003323
683	701	0.000040
683	704	0.000046
683	715	0.000002
683	716	0.000045
683	717	0.001554
683	749	0.000008
683	758	0.000001
683	834	0.000001
684	688	0.000055
684	690	0.044997
684	693	0.000015
684	694	0.002231
684	700	0.000023
684	703	0.000104
684	722	0.000049
684	727	0.000004
684	731	0.000001
684	733	0.000002
684	734	0.000013
684	736	0.000003
684	742	0.000002
684	743	0.000002
684	748	0.000008
684	757	0.000001
684	775	0.000001
684	777	0.000007
684	778	0.000239
684	779	0.000007
685	690	0.000142
685	693	0.002696
685	694	0.000107
685	700	0.000241
685	703	0.000034
685	722	0.000022
685	727	0.000028
685	731	0.000015
685	733	0.000014
685	734	0.000004
685	736	0.000008
685	740	0.000002
685	742	0.000002
685	769	0.000001
685	775	0.000014
685	777	0.000304
685	778	0.000007
686	691	0.000009
686	692	0.002742
686	695	0.003146
686	696	0.000004
686	697	0.000002
686	699	0.000270
686	701	0.000708
686	714	0.000001
686	716	0.000011
686	717	0.000122
686	718	0.062883
686	725	0.000040
686	726	0.000026
686	728	0.000076
686	729	0.000003
686	730	0.000016
686	737	0.000113
686	738	0.000015
686	746	0.000003
686	752	0.000001
686	766	0.000008
686	768	0.000001
686	771	0.000009
686	776	0.000296
686	781	0.000010
686	833	0.000011
686	897	0.000033
687	693	0.000064
687	694	0.003060
687	700	0.002149
687	702	0.000011
687	711	0.000009
687	713	0.000005
687	719	0.009348
687	720	0.000031
687	721	0.000026
687	723	0.000004
687	724	0.000047
687	727	0.000089
687	731	0.000013
687	732	0.000027
687	733	0.000002
687	734	0.000005
687	735	0.000130
687	736	0.000121
687	739	0.000458
687	741	0.000002
687	744	0.000003
687	745	0.000003
687	747	0.000020
687	750	0.000006
687	751	0.000002
687	753	0.000001
687	763	0.000010
687	765	0.000009
687	769	0.000001
687	770	0.000011
687	774	0.000985
687	775	0.000045
687	780	0.000012
687	783	0.000004
687	832	0.000014
687	835	0.000150
687	836	0.000114
687	837	0.000008
687	838	0.000015
687	896	0.000050
688	692	0.000066
688	695	0.000006
688	697	0.000322
688	698	0.000021
688	699	0.002274
688	701	0.000007
688	710	0.000007
688	715	0.000091
688	716	0.093462
688	717	0.000244
688	718	0.008955
688	725	0.000001
688	726	0.000081
688	728	0.000001
688	729	0.000002
688	730	0.000013
688	737	0.000005
688	738	0.000431
688	746	0.000018
688	749	0.000006
688	752	0.000001
688	762	0.000008
688	768	0.000002
688	772	0.000002
688	773	0.000960
688	782	0.000004
688	834	0.000018
688	895	0.000049
689	696	0.000433
689	697	0.000046
689	698	0.002300
689	714	0.000184
689	715	0.225492
689	716	0.000357
689	717	0.007938
689	834	0.000420
689	894	0.000048
690	695	0.000382
690	696	0.000050
690	697	0.002245
690	699	0.000002
690	714	0.230120
690	715	0.000241
690	716	0.005584
690	725	0.000017
690	728	0.000006
690	729	0.000008
690	730	0.000006
690	737	0.000005
690	738	0.000001
690	766	0.000006
690	771	0.001199
690	772	0.000001
690	781	0.000027
690	833	0.000436
690	897	0.000006
691	711	0.000134
691	712	0.000010
691	713	0.310712
691	723	0.000002
691	724	0.000020
691	727	0.000005
691	731	0.000009
691	732	0.009010
691	733	0.000001
691	734	0.000002
691	735	0.000206
691	739	0.000069
691	740	0.000004
691	741	0.000370
691	743	0.000001
691	744	0.000032
691	765	0.000008
691	770	0.001338
691	779	0.000003
691	780	0.000038
691	827	0.000002
691	830	0.000005
691	831	0.000003
691	832	0.000433
691	835	0.000002
691	836	0.000003
691	837	0.000003
691	838	0.000005
691	840	0.000002
691	843	0.000030
691	849	0.000002
691	896	0.000034
692	700	0.000002
692	709	0.000003
692	712	0.306472
692	722	0.000001
692	727	0.000127
692	731	0.009040
692	733	0.000003
692	734	0.000199
692	740	0.000367
692	742	0.000001
692	743	0.000032
692	764	0.000007
692	769	0.001335
692	778	0.000005
692	779	0.000036
692	826	0.000002
692	839	0.000001
692	842	0.000031
692	848	0.000002
693	699	0.000003
693	710	0.000315
693	714	0.000008
693	725	0.000002
693	726	0.000139
693	728	0.000050
693	729	0.001363
693	730	0.008185
693	737	0.000002
693	738	0.000814
693	767	0.000003
693	768	0.001311
693	833	0.000002
693	834	0.000002
694	698	0.000002
694	701	0.000002
694	704	0.000003
694	710	0.302165
694	725	0.000121
694	726	0.000035
694	728	0.002314
694	729	0.006594
694	730	0.000003
694	737	0.001061
694	738	0.000001
694	746	0.000005
694	758	0.000003
694	766	0.000005
694	767	0.001097
694	776	0.000042
694	833	0.000006
694	852	0.000002
695	700	0.000003
695	703	0.000069
695	709	0.375580
695	722	0.000197
695	727	0.002989
695	731	0.000002
695	733	0.000012
695	736	0.001087
695	740	0.000012
695	742	0.000003
695	745	0.000006
695	748	0.000001
695	755	0.000001
695	757	0.000004
695	764	0.000102
695	775	0.000045
695	826	0.000003
695	839	0.000152
695	842	0.000002
695	847	0.000010
695	851	0.000002
696	702	0.000075
696	703	0.000047
696	707	0.000004
696	708	0.382170
696	709	0.000010
696	721	0.000221
696	722	0.000096
696	723	0.000034
696	724	0.000256
696	727	0.000242
696	732	0.000014
696	733	0.000001
696	734	0.000035
696	735	0.001081
696	736	0.000003
696	739	0.000012
696	741	0.000003
696	744	0.000006
696	747	0.000001
696	754	0.000001
696	756	0.000004
696	763	0.000112
696	764	0.000002
696	765	0.000754
696	774	0.000045
696	780	0.000003
696	822	0.000001
696	825	0.000004
696	826	0.000002
696	828	0.000002
696	829	0.003121
696	830	0.000075
696	831	0.000022
696	832	0.000038
696	837	0.000009
696	838	0.000264
696	839	0.000002
696	841	0.000002
696	842	0.000006
696	845	0.000015
696	846	0.000012
696	850	0.000002
696	857	0.000004
697	702	0.000058
697	703	0.000004
697	706	0.000004
697	707	0.382210
697	708	0.000011
697	720	0.000221
697	721	0.000127
697	722	0.000024
697	723	0.000245
697	724	0.014849
697	727	0.000003
697	731	0.000002
697	732	0.000001
697	733	0.000476
697	734	0.000439
697	735	0.000003
697	736	0.000004
697	740	0.000002
697	753	0.000001
697	754	0.000003
697	755	0.000002
697	763	0.000003
697	764	0.000584
697	765	0.000004
697	779	0.000002
697	821	0.000001
697	824	0.000003
697	825	0.000002
697	827	0.000001
697	828	0.003145
697	829	0.000069
697	830	0.000022
697	831	0.000038
697	836	0.000009
697	837	0.000265
697	838	0.000003
697	840	0.000002
697	841	0.000007
697	844	0.000016
697	845	0.000012
697	849	0.000002
697	856	0.000004
698	702	0.000017
698	703	0.000006
698	705	0.000003
698	706	0.382195
698	707	0.000011
698	713	0.000032
698	719	0.000165
698	720	0.000134
698	721	0.000036
698	722	0.000187
698	723	0.015695
698	724	0.000195
698	727	0.000015
698	732	0.001069
698	733	0.000014
698	734	0.000003
698	735	0.000018
698	739	0.000002
698	741	0.000005
698	744	0.000006
698	753	0.000003
698	754	0.000002
698	763	0.000580
698	764	0.000003
698	765	0.000005
698	770	0.000019
698	778	0.000004
698	780	0.000002
698	820	0.000001
698	824	0.000002
698	827	0.003153
698	828	0.000063
698	829	0.000022
698	830	0.000037
698	835	0.000009
698	836	0.000262
698	837	0.000003
698	838	0.000002
698	840	0.000008
698	843	0.000016
698	844	0.000011
698	848	0.000002
698	855	0.000004
699	703	0.000248
699	705	0.375553
699	712	0.000036
699	722	0.015648
699	727	0.002532
699	731	0.001156
699	733	0.000007
699	734	0.000025
699	736	0.000005
699	740	0.000006
699	742	0.000002
699	743	0.000008
699	745	0.000002
699	748	0.000001
699	761	0.000086
699	764	0.000005
699	769	0.000022
699	777	0.000012
699	779	0.000002
699	819	0.000001
699	826	0.003043
699	839	0.000008
699	842	0.000016
699	847	0.000002
700	704	0.321679
700	717	0.000008
700	718	0.000002
700	725	0.017287
700	726	0.002290
700	728	0.000068
700	729	0.000023
700	730	0.001075
700	737	0.000010
700	738	0.000005
700	746	0.000003
700	752	0.000003
700	760	0.000083
700	762	0.000246
700	766	0.000012
700	768	0.000020
700	771	0.000014
700	776	0.000013
700	781	0.000014
700	818	0.000001
700	833	0.000008
700	854	0.000010
700	897	0.027936
701	705	0.000003
701	708	0.000002
701	711	0.000472
701	713	0.000001
701	719	0.000024
701	720	0.007896
701	721	0.016987
701	722	0.001337
701	723	0.003643
701	724	0.021442
701	727	0.000071
701	731	0.000003
701	732	0.000048
701	733	0.000001
701	734	0.000001
701	735	0.000022
701	736	0.000010
701	739	0.000023
701	741	0.000015
701	744	0.000011
701	745	0.000003
701	747	0.000011
701	750	0.000981
701	751	0.000003
701	759	0.000082
701	761	0.000251
701	763	0.000005
701	765	0.000014
701	770	0.000017
701	774	0.000006
701	775	0.000011
701	780	0.000017
701	817	0.000002
701	824	0.002744
701	825	0.000051
701	827	0.000001
701	832	0.000009
701	835	0.000346
701	840	0.000004
701	841	0.000012
701	844	0.000001
701	853	0.000012
701	896	0.042836
702	710	0.000475
702	715	0.000056
702	717	0.000001
702	749	0.000991
702	758	0.000082
702	760	0.000242
702	816	0.000002
702	823	0.002585
702	834	0.000350
702	852	0.000012
702	894	0.000001
702	895	0.042876
703	714	0.000057
703	718	0.000013
703	725	0.000367
703	726	0.000088
703	728	0.000080
703	729	0.000047
703	730	0.000038
703	737	0.000018
703	738	0.000011
703	746	0.000011
703	749	0.000003
703	766	0.000002
703	767	0.000001
703	768	0.000003
703	771	0.000001
703	772	0.000002
703	773	0.000002
703	781	0.000001
703	815	0.000002
703	833	0.000335
703	894	0.042610
703	897	0.000353
704	708	0.000022
704	709	0.000001
704	711	0.000016
704	713	0.000062
704	719	0.520566
704	720	0.001170
704	721	0.000485
704	722	0.000005
704	723	0.000019
704	724	0.000195
704	727	0.000008
704	732	0.000003
704	735	0.000002
704	736	0.000001
704	739	0.000002
704	741	0.000001
704	747	0.000032
704	765	0.000001
704	832	0.000198
704	837	0.000001
704	838	0.000011
704	840	0.000004
704	841	0.000005
704	893	0.040896
704	896	0.000631
705	710	0.000014
705	716	0.000007
705	717	0.000347
705	718	0.527280
705	726	0.000003
705	746	0.000017
705	892	0.024468
705	895	0.000630
706	715	0.000031
706	716	0.000691
706	717	0.528261
706	891	0.024130
706	892	0.015190
706	894	0.000631
707	714	0.000031
707	715	0.000879
707	716	0.528092
707	717	0.000030
707	890	0.023731
707	891	0.015256
707	892	0.001932
707	895	0.000003
708	714	0.001043
708	715	0.527649
708	716	0.000045
708	717	0.000001
708	834	0.000419
708	882	0.000001
708	886	0.000002
708	888	0.002351
708	890	0.015290
708	891	0.002224
708	894	0.000011
708	895	0.000135
709	714	0.461768
709	715	0.000059
709	716	0.000001
709	725	0.000005
709	728	0.000008
709	729	0.000006
709	730	0.000002
709	762	0.000075
709	833	0.001903
709	854	0.000108
709	881	0.000001
709	886	0.000003
709	887	0.002214
709	888	0.000010
709	890	0.002390
709	894	0.000137
709	897	0.010401
710	724	0.000007
710	727	0.000010
710	739	0.000003
710	750	0.000013
710	759	0.000004
710	761	0.000110
710	824	0.000002
710	830	0.000001
710	831	0.000026
710	832	0.002182
710	835	0.063914
710	836	0.000137
710	837	0.000004
710	838	0.000003
710	850	0.000001
710	853	0.000156
710	870	0.000003
710	883	0.000030
710	884	0.000002
710	889	0.035383
710	893	0.000129
710	896	0.018559
711	715	0.000002
711	717	0.000002
711	749	0.000013
711	758	0.000004
711	760	0.000115
711	823	0.000002
711	834	0.065884
711	852	0.000156
711	868	0.000002
711	869	0.000003
711	882	0.000031
711	886	0.000016
711	888	0.038089
711	892	0.000127
711	894	0.000015
711	895	0.018483
712	716	0.000002
712	718	0.000001
712	725	0.000050
712	726	0.000075
712	728	0.000008
712	729	0.000002
712	737	0.000008
712	746	0.000001
712	833	0.064154
712	834	0.000011
712	868	0.000003
712	876	0.000005
712	881	0.000026
712	887	0.038077
712	891	0.000122
712	894	0.014189
712	895	0.000038
713	717	0.000001
713	749	0.000002
713	758	0.000117
713	834	0.000015
713	866	0.000014
713	875	0.000007
713	882	0.000005
713	886	0.038047
713	890	0.000120
713	894	0.002074
713	895	0.000003
714	719	0.000019
714	720	0.000034
714	721	0.000363
714	722	0.000161
714	723	0.000361
714	724	0.017932
714	727	0.000010
714	732	0.000007
714	733	0.000007
714	734	0.000003
714	735	0.001185
714	736	0.000021
714	739	0.000002
714	740	0.000001
714	741	0.000053
714	742	0.000019
714	744	0.000154
714	745	0.000003
714	747	0.000002
714	748	0.000003
714	751	0.000004
714	754	0.000032
714	755	0.000005
714	756	0.000035
714	757	0.000113
714	765	0.000002
714	825	0.000022
714	826	0.000003
714	827	0.000085
714	828	0.000153
714	829	0.000311
714	830	0.104969
714	831	0.043466
714	832	0.026767
714	836	0.000001
714	837	0.000009
714	838	0.002120
714	839	0.000021
714	840	0.000005
714	841	0.000008
714	843	0.000023
714	844	0.000010
714	845	0.000009
714	846	0.004697
714	847	0.000012
714	850	0.000001
714	851	0.000001
714	864	0.000033
714	865	0.000063
714	874	0.000007
714	884	0.000030
714	885	0.026490
714	889	0.000010
714	893	0.000003
714	896	0.000001
715	719	0.000034
715	720	0.000363
715	721	0.000227
715	722	0.000366
715	723	0.018012
715	724	0.002911
715	727	0.000004
715	731	0.000006
715	732	0.000009
715	733	0.000007
715	734	0.001211
715	735	0.000025
715	736	0.000053
715	739	0.000002
715	740	0.000054
715	741	0.000024
715	742	0.000001
715	743	0.000156
715	744	0.000003
715	745	0.000008
715	747	0.000003
715	750	0.000004
715	751	0.000003
715	753	0.000032
715	754	0.000007
715	755	0.000035
715	756	0.000113
715	764	0.000002
715	765	0.000001
715	824	0.000022
715	825	0.000003
715	826	0.000087
715	827	0.000154
715	828	0.000311
715	829	0.106131
715	830	0.043046
715	831	0.026746
715	832	0.000074
715	835	0.000001
715	836	0.000009
715	837	0.002133
715	838	0.000041
715	839	0.000004
715	840	0.000008
715	842	0.000025
715	843	0.000010
715	844	0.000009
715	845	0.004731
715	846	0.000017
715	849	0.000001
715	850	0.000001
715	863	0.000033
715	864	0.000063
715	873	0.000009
715	883	0.000008
715	884	0.026087
715	885	0.000003
716	720	0.000232
716	721	0.000638
716	722	0.017698
716	723	0.003251
716	724	0.132872
716	727	0.000006
716	731	0.000006
716	732	0.000027
716	733	0.001944
716	734	0.000018
716	735	0.000210
716	736	0.001155
716	739	0.000075
716	740	0.000030
716	741	0.000005
716	742	0.000206
716	743	0.000002
716	744	0.000018
716	745	0.000067
716	747	0.000002
716	748	0.000002
716	750	0.000003
716	751	0.000046
716	753	0.000007
716	754	0.000058
716	755	0.000094
716	757	0.000003
716	763	0.000002
716	764	0.000001
716	824	0.000003
716	825	0.000119
716	826	0.000117
716	827	0.000295
716	828	0.106784
716	829	0.042464
716	830	0.026661
716	831	0.000080
716	832	0.000012
716	835	0.000007
716	836	0.002137
716	837	0.000048
716	838	0.000013
716	839	0.000006
716	841	0.000045
716	842	0.000003
716	843	0.000008
716	844	0.004743
716	845	0.000019
716	846	0.000002
716	849	0.000001
716	850	0.000007
716	862	0.000033
716	863	0.000063
716	872	0.000044
716	883	0.000646
716	884	0.000005
716	885	0.000036
717	721	0.017023
717	722	0.001997
717	723	0.133637
717	724	0.000648
717	727	0.000002
717	731	0.000013
717	732	0.002185
717	733	0.000009
717	734	0.000207
717	735	0.001346
717	736	0.000002
717	739	0.000037
717	740	0.000004
717	741	0.000234
717	742	0.000001
717	743	0.000017
717	744	0.000085
717	747	0.000003
717	750	0.000047
717	751	0.000001
717	753	0.000057
717	754	0.000093
717	756	0.000005
717	763	0.000002
717	765	0.000002
717	780	0.000001
717	824	0.000120
717	825	0.000152
717	826	0.000168
717	827	0.107310
717	828	0.041667
717	829	0.026438
717	830	0.000080
717	831	0.000012
717	835	0.002123
717	836	0.000048
717	837	0.000013
717	838	0.000006
717	840	0.000046
717	841	0.000004
717	842	0.000005
717	843	0.004739
717	844	0.000019
717	845	0.000002
717	848	0.000001
717	849	0.000007
717	861	0.000033
717	862	0.000062
717	871	0.000060
717	883	0.000003
717	884	0.000053
718	722	0.101199
718	727	0.000169
718	731	0.001932
718	733	0.000192
718	734	0.001212
718	736	0.000015
718	740	0.000212
718	742	0.000020
718	743	0.000080
718	745	0.000006
718	748	0.000006
718	755	0.000005
718	759	0.000015
718	761	0.000056
718	764	0.000002
718	779	0.000001
718	826	0.092567
718	839	0.000040
718	842	0.004024
718	847	0.000001
718	848	0.000006
718	859	0.000022
718	870	0.000060
718	883	0.000061
719	749	0.000048
719	758	0.000017
719	760	0.000062
719	823	0.000083
719	834	0.000464
719	858	0.000022
719	869	0.000059
719	882	0.000063
720	749	0.000081
720	758	0.000008
720	760	0.000010
720	823	0.000125
720	834	0.000012
720	868	0.000058
720	882	0.000001
720	894	0.000001
720	895	0.000015
721	749	0.000730
721	758	0.000068
721	760	0.000021
721	786	0.000001
721	823	0.001571
721	834	0.000050
721	866	0.000023
721	882	0.000007
721	894	0.000016
722	726	0.000305
722	728	0.000574
722	729	0.001315
722	730	0.000368
722	737	0.000225
722	738	0.000086
722	746	0.000029
722	749	0.000013
722	752	0.000002
722	760	0.000003
722	762	0.000005
722	767	0.000001
722	781	0.000005
722	782	0.000001
722	785	0.000001
722	811	0.000009
722	823	0.000006
722	833	0.000045
722	876	0.000016
722	877	0.000009
722	879	0.000002
722	881	0.000006
722	892	0.000005
723	749	0.000084
723	758	0.000007
723	760	0.000017
723	784	0.000001
723	810	0.000010
723	823	0.000043
723	834	0.000005
723	866	0.000003
723	875	0.000015
723	891	0.000006
723	895	0.000044
724	749	0.004676
724	758	0.000109
724	760	0.000077
724	809	0.000010
724	823	0.000026
724	834	0.000018
724	852	0.000002
724	866	0.000001
724	875	0.000102
724	890	0.000006
724	894	0.000045
725	731	0.000641
725	733	0.000550
725	734	0.005798
725	736	0.000440
725	740	0.000131
725	742	0.000088
725	743	0.000442
725	745	0.000100
725	748	0.004406
725	755	0.000002
725	757	0.000097
725	759	0.000064
725	761	0.000002
725	764	0.000002
725	778	0.000200
725	779	0.000006
725	808	0.000009
725	826	0.000004
725	851	0.000001
725	873	0.000004
725	874	0.000102
725	889	0.000006
726	731	0.000876
726	733	0.006212
726	734	0.002719
726	736	0.000820
726	740	0.000175
726	742	0.000505
726	743	0.000512
726	745	0.000249
726	748	0.000128
726	755	0.000003
726	757	0.000003
726	759	0.000091
726	761	0.000062
726	764	0.000002
726	769	0.000010
726	775	0.000001
726	777	0.000261
726	778	0.000006
726	779	0.000002
726	826	0.000004
726	872	0.000003
726	873	0.000085
726	878	0.000001
726	883	0.000001
727	737	0.008930
727	738	0.000436
727	746	0.003283
727	749	0.000310
727	752	0.000002
727	758	0.000103
727	760	0.000063
727	762	0.000020
727	766	0.000002
727	767	0.000002
727	768	0.000010
727	771	0.000002
727	772	0.000003
727	773	0.000001
727	776	0.000268
727	781	0.000024
727	782	0.000004
727	833	0.000016
727	834	0.000002
727	875	0.000002
727	879	0.000003
728	733	0.001322
728	734	0.002679
728	736	0.009540
728	740	0.000266
728	742	0.000178
728	743	0.000969
728	745	0.003329
728	748	0.000364
728	755	0.000003
728	757	0.000093
728	759	0.000055
728	761	0.000021
728	764	0.000002
728	769	0.000002
728	775	0.000253
728	777	0.000001
728	778	0.000009
728	779	0.000741
728	826	0.000002
728	872	0.000001
728	874	0.000003
728	878	0.000003
729	733	0.002045
729	734	0.001829
729	736	0.003828
729	740	0.000454
729	742	0.001093
729	743	0.001259
729	745	0.000277
729	748	0.000177
729	755	0.000006
729	757	0.000004
729	759	0.000003
729	761	0.000011
729	764	0.000003
729	769	0.000003
729	775	0.000005
729	777	0.000010
729	778	0.000971
729	779	0.000031
729	826	0.000002
729	870	0.000002
729	873	0.000003
729	885	0.000001
730	734	0.000693
730	736	0.001650
730	740	0.000338
730	742	0.001237
730	743	0.001390
730	745	0.000184
730	748	0.000129
730	755	0.000008
730	757	0.000005
730	759	0.000016
730	761	0.000022
730	764	0.000002
730	769	0.000025
730	775	0.000010
730	777	0.001006
730	778	0.000036
730	779	0.000008
730	826	0.000001
730	872	0.000002
730	878	0.000002
730	883	0.000006
730	889	0.000002
731	737	0.000737
731	738	0.001272
731	746	0.000066
731	749	0.000037
731	752	0.000003
731	758	0.000013
731	760	0.000018
731	762	0.000004
731	766	0.000006
731	767	0.000004
731	768	0.000026
731	771	0.000002
731	772	0.000008
731	773	0.000005
731	776	0.000905
731	781	0.000002
731	876	0.000003
731	877	0.000001
731	879	0.000001
731	882	0.000001
731	895	0.000006
732	749	0.002019
732	758	0.000057
732	760	0.000031
732	823	0.000001
732	834	0.000005
732	875	0.000004
732	882	0.000142
732	888	0.000009
732	894	0.000010
732	895	0.000004
733	737	0.000743
733	738	0.001023
733	746	0.000451
733	749	0.000266
733	752	0.000005
733	758	0.000006
733	760	0.000010
733	762	0.000010
733	766	0.000011
733	767	0.000032
733	768	0.000017
733	771	0.000008
733	772	0.000085
733	773	0.000055
733	776	0.000043
733	781	0.000002
733	782	0.000007
733	812	0.000001
733	833	0.000004
733	877	0.000024
733	880	0.000002
733	881	0.000143
733	882	0.000005
733	887	0.000005
733	888	0.000069
733	894	0.000004
734	738	0.000461
734	746	0.000197
734	749	0.000060
734	752	0.000004
734	758	0.000001
734	760	0.000002
734	762	0.000011
734	766	0.000034
734	767	0.000019
734	768	0.000004
734	771	0.000085
734	772	0.000061
734	773	0.000049
734	776	0.000038
734	781	0.000009
734	782	0.000001
734	811	0.000002
734	876	0.000032
734	879	0.000002
734	880	0.000132
734	881	0.000007
734	886	0.000002
734	887	0.000141
734	892	0.000001
734	895	0.000006
735	749	0.002775
735	758	0.000077
735	760	0.000041
735	810	0.000003
735	834	0.000005
735	875	0.000032
735	882	0.000185
735	886	0.000164
735	891	0.000002
735	894	0.000011
735	895	0.000005
736	746	0.005936
736	749	0.001139
736	752	0.000016
736	758	0.000017
736	760	0.000023
736	762	0.000146
736	766	0.000007
736	767	0.000009
736	768	0.000011
736	771	0.000045
736	772	0.000027
736	773	0.000029
736	776	0.000176
736	781	0.000002
736	782	0.000001
736	809	0.000003
736	833	0.000005
736	879	0.000111
736	880	0.000003
736	881	0.000177
736	882	0.000005
736	890	0.000002
736	894	0.000005
737	742	0.001063
737	743	0.002129
737	745	0.006481
737	748	0.001334
737	755	0.000005
737	757	0.000019
737	759	0.000017
737	761	0.000126
737	764	0.000008
737	769	0.000018
737	775	0.000180
737	777	0.000003
737	778	0.000010
737	779	0.000005
737	808	0.000002
737	873	0.000005
737	874	0.000003
737	878	0.000115
737	883	0.000030
737	885	0.000009
738	742	0.001634
738	743	0.000949
738	745	0.001872
738	748	0.000373
738	755	0.000010
738	757	0.000006
738	759	0.001509
738	761	0.002318
738	764	0.000008
738	769	0.000048
738	775	0.000015
738	777	0.000011
738	778	0.000005
738	779	0.000001
738	805	0.000001
738	817	0.000031
738	872	0.000006
738	873	0.000002
738	878	0.000019
738	883	0.012376
738	885	0.000001
738	889	0.000019
739	749	0.014129
739	758	0.001641
739	760	0.002500
739	804	0.000001
739	816	0.000038
739	823	0.000002
739	834	0.000008
739	875	0.000001
739	882	0.013920
739	888	0.000022
739	894	0.000006
739	895	0.000012
740	746	0.000541
740	749	0.000462
740	752	0.000013
740	758	0.000004
740	760	0.000003
740	762	0.000013
740	766	0.000062
740	767	0.000100
740	768	0.000058
740	771	0.000134
740	772	0.000058
740	773	0.000014
740	776	0.000002
740	781	0.000002
740	782	0.000001
740	803	0.000001
740	811	0.000006
740	815	0.000037
740	833	0.000007
740	876	0.000073
740	877	0.000005
740	879	0.000463
740	880	0.000055
740	881	0.013500
740	882	0.000002
740	887	0.000022
740	894	0.000010
740	895	0.000007
741	749	0.010086
741	758	0.001588
741	760	0.000063
741	800	0.000001
741	810	0.000006
741	834	0.000003
741	875	0.000079
741	882	0.000084
741	886	0.000022
741	894	0.000014
741	895	0.000004
742	746	0.000565
742	749	0.002339
742	752	0.000015
742	758	0.000014
742	760	0.000019
742	762	0.000120
742	766	0.000129
742	767	0.001336
742	768	0.002113
742	771	0.000031
742	772	0.000099
742	773	0.000027
742	776	0.000005
742	781	0.000004
742	782	0.000013
742	799	0.000001
742	809	0.000006
742	811	0.000013
742	812	0.000402
742	833	0.000003
742	875	0.000001
742	876	0.000020
742	877	0.018559
742	879	0.000164
742	880	0.000027
742	881	0.000072
742	894	0.000004
742	897	0.000001
743	749	0.000335
743	752	0.000043
743	758	0.000003
743	760	0.000009
743	762	0.000539
743	766	0.001468
743	767	0.002501
743	768	0.000201
743	771	0.000104
743	772	0.000032
743	773	0.000003
743	776	0.000002
743	781	0.000016
743	782	0.000004
743	810	0.000013
743	811	0.000953
743	875	0.000017
743	876	0.021119
743	877	0.000021
743	879	0.000012
743	880	0.000027
743	892	0.000001
743	895	0.000007
743	897	0.000006
744	749	0.019505
744	758	0.000142
744	760	0.000445
744	809	0.000014
744	810	0.001012
744	834	0.000003
744	869	0.000011
744	875	0.021302
744	882	0.000003
744	891	0.000002
744	894	0.000012
744	895	0.000006
745	749	0.000244
745	752	0.000083
745	758	0.000074
745	760	0.012705
745	762	0.019363
745	766	0.000576
745	767	0.000198
745	768	0.000056
745	771	0.000008
745	772	0.000006
745	773	0.000003
745	776	0.000032
745	781	0.000005
745	782	0.000003
745	797	0.000004
745	809	0.001003
745	833	0.000003
745	860	0.000004
745	868	0.000012
745	875	0.000058
745	876	0.000014
745	877	0.000002
745	879	0.000002
745	881	0.000003
745	890	0.000002
745	894	0.000005
745	897	0.000066
746	755	0.000034
746	757	0.000088
746	759	0.016016
746	761	0.022022
746	764	0.004098
746	769	0.000013
746	775	0.000033
746	777	0.000006
746	778	0.000005
746	779	0.000004
746	796	0.000005
746	808	0.000880
746	859	0.000005
746	867	0.000012
746	870	0.000006
746	872	0.000072
746	873	0.001940
746	874	0.000248
746	878	0.000002
746	883	0.000068
746	889	0.000002
747	758	0.016392
747	760	0.021827
747	800	0.000003
747	810	0.000001
747	823	0.000001
747	834	0.000211
747	858	0.000005
747	866	0.000012
747	869	0.000006
747	875	0.000011
747	882	0.000079
747	888	0.000002
747	894	0.000014
747	895	0.005350
748	752	0.000020
748	758	0.000155
748	760	0.000699
748	762	0.088871
748	766	0.003125
748	767	0.000064
748	768	0.000019
748	771	0.000259
748	772	0.000016
748	773	0.000017
748	776	0.000035
748	781	0.000328
748	782	0.000013
748	799	0.000003
748	809	0.000001
748	833	0.000217
748	854	0.000017
748	868	0.000006
748	875	0.000002
748	876	0.000001
748	881	0.000077
748	887	0.000002
748	894	0.005408
748	897	0.057801
749	753	0.000105
749	754	0.000613
749	755	0.000084
749	756	0.003588
749	757	0.000158
749	759	0.007644
749	761	0.108424
749	763	0.003379
749	764	0.000159
749	765	0.003640
749	769	0.000001
749	770	0.000298
749	774	0.000093
749	775	0.000034
749	777	0.000003
749	778	0.000002
749	779	0.000002
749	780	0.000379
749	783	0.000005
749	793	0.000035
749	798	0.000002
749	805	0.001046
749	807	0.000001
749	824	0.000056
749	825	0.000007
749	827	0.000001
749	828	0.000001
749	829	0.000001
749	832	0.000214
749	835	0.000052
749	853	0.000032
749	864	0.000003
749	867	0.000006
749	870	0.022201
749	871	0.000952
749	872	0.000002
749	883	0.000001
749	893	0.005459
749	896	0.099849
750	758	0.007701
750	760	0.088659
750	792	0.000039
750	804	0.001065
750	810	0.000005
750	823	0.000051
750	834	0.000052
750	852	0.000031
750	866	0.000006
750	869	0.024124
750	882	0.000001
750	891	0.000120
750	892	0.005345
750	894	0.000003
750	895	0.099893
751	758	0.070845
751	760	0.135919
751	791	0.000039
751	803	0.001065
751	809	0.000005
751	868	0.024129
751	890	0.000232
751	891	0.005212
751	894	0.098993
751	895	0.000002
752	757	0.051891
752	759	0.161639
752	761	0.006468
752	764	0.000013
752	769	0.000015
752	775	0.000028
752	777	0.000023
752	778	0.000020
752	779	0.000015
752	790	0.000038
752	793	0.000001
752	802	0.001040
752	805	0.000016
752	808	0.000002
752	859	0.000002
752	867	0.024102
752	870	0.000023
752	889	0.000343
753	758	0.160443
753	760	0.007014
753	792	0.000001
753	800	0.000001
753	804	0.000019
753	858	0.000002
753	866	0.023805
753	869	0.000026
753	888	0.000212
753	890	0.001876
753	891	0.000479
753	892	0.010802
753	894	0.000003
753	895	0.000106
754	758	0.001182
754	760	0.002709
754	786	0.000021
754	791	0.000001
754	800	0.000010
754	803	0.000019
754	858	0.000029
754	866	0.000147
754	868	0.000026
754	882	0.000002
754	886	0.000021
754	888	0.004937
754	890	0.000498
754	891	0.010779
754	892	0.000019
754	894	0.000108
754	895	0.000003
755	760	0.000032
755	762	0.000040
755	766	0.000047
755	767	0.000220
755	768	0.000733
755	771	0.000099
755	772	0.000213
755	773	0.000220
755	776	0.000068
755	781	0.000011
755	782	0.000021
755	785	0.000021
755	787	0.000030
755	799	0.000006
755	833	0.000002
755	858	0.000007
755	860	0.000004
755	866	0.000004
755	881	0.000002
755	887	0.005089
755	890	0.008276
755	891	0.000022
755	892	0.000005
755	894	0.000002
755	895	0.000005
755	897	0.000036
756	760	0.000092
756	784	0.000021
756	786	0.000030
756	800	0.001073
756	834	0.000031
756	858	0.000038
756	866	0.000022
756	882	0.000015
756	886	0.005059
756	888	0.003866
756	890	0.000366
756	891	0.000007
756	892	0.000001
756	894	0.000011
756	895	0.001692
757	762	0.000044
757	766	0.022247
757	767	0.000319
757	768	0.000610
757	771	0.007116
757	772	0.000157
757	773	0.000178
757	776	0.000306
757	781	0.002091
757	782	0.000031
757	784	0.000006
757	785	0.000026
757	797	0.000001
757	799	0.001080
757	833	0.000081
757	854	0.000002
757	858	0.000004
757	860	0.000007
757	866	0.000011
757	879	0.000004
757	881	0.000016
757	882	0.000004
757	886	0.000008
757	887	0.003780
757	888	0.000171
757	890	0.000008
757	891	0.000001
757	894	0.001779
757	897	0.000012
758	763	0.000836
758	764	0.000028
758	765	0.026179
758	769	0.002356
758	770	0.008225
758	774	0.007081
758	775	0.000225
758	777	0.000371
758	778	0.000012
758	779	0.000041
758	780	0.002434
758	783	0.000324
758	798	0.001084
758	824	0.000006
758	825	0.000008
758	827	0.000004
758	828	0.000003
758	829	0.000003
758	830	0.000003
758	831	0.000003
758	832	0.000089
758	853	0.000002
758	855	0.000391
758	856	0.000003
758	857	0.000002
758	859	0.000002
758	861	0.000247
758	862	0.011955
758	863	0.004555
758	864	0.000123
758	865	0.000164
758	878	0.000004
758	883	0.000015
758	884	0.001557
758	885	0.000119
758	889	0.000004
758	893	0.003456
758	896	0.000021
759	766	0.014939
759	767	0.000261
759	768	0.003953
759	771	0.004051
759	772	0.000091
759	773	0.006922
759	776	0.000418
759	781	0.001095
759	782	0.000314
759	784	0.000010
759	797	0.001070
759	799	0.000002
759	823	0.000002
759	833	0.000010
759	852	0.000002
759	854	0.000399
759	858	0.000002
759	860	0.000222
759	877	0.000004
759	879	0.000053
759	880	0.000012
759	881	0.000130
759	882	0.000112
759	886	0.000199
759	887	0.000009
759	888	0.000004
759	890	0.000003
759	892	0.003453
759	895	0.000014
759	897	0.000029
760	764	0.000048
760	765	0.021434
760	769	0.002349
760	770	0.005839
760	774	0.004569
760	775	0.000209
760	777	0.001950
760	778	0.000222
760	779	0.000032
760	780	0.001606
760	783	0.000260
760	788	0.000038
760	795	0.000150
760	796	0.000847
760	798	0.000003
760	824	0.000011
760	825	0.000006
760	827	0.000004
760	828	0.000003
760	829	0.000003
760	830	0.000011
760	831	0.000012
760	832	0.000013
760	853	0.000401
760	855	0.000004
760	857	0.000003
760	859	0.000147
760	861	0.022062
760	862	0.000022
760	863	0.000002
760	878	0.000058
760	883	0.000004
760	884	0.004339
760	885	0.000299
760	889	0.000003
760	893	0.000002
760	896	0.000127
761	766	0.000308
761	767	0.001266
761	768	0.003044
761	771	0.000168
761	772	0.000111
761	773	0.004381
761	776	0.002297
761	781	0.000028
761	782	0.000278
761	787	0.000039
761	797	0.000003
761	823	0.000004
761	852	0.000390
761	854	0.000003
761	858	0.000020
761	860	0.022142
761	877	0.000053
761	879	0.001121
761	880	0.000012
761	881	0.000034
761	882	0.000003
761	886	0.000002
761	890	0.005199
761	892	0.000001
761	894	0.000001
761	895	0.000106
762	769	0.000634
762	775	0.002206
762	777	0.000038
762	778	0.000071
762	779	0.000062
762	793	0.000610
762	794	0.000116
762	796	0.000003
762	851	0.000316
762	859	0.022141
762	878	0.001129
762	883	0.007286
762	889	0.009846
763	786	0.000101
763	792	0.000633
763	823	0.000002
763	834	0.000005
763	858	0.022068
763	882	0.007576
763	888	0.009912
763	890	0.000002
763	891	0.000001
763	892	0.000112
763	894	0.000021
763	895	0.000032
764	768	0.000299
764	771	0.000979
764	772	0.000430
764	773	0.001111
764	776	0.000115
764	781	0.005170
764	782	0.000359
764	785	0.000103
764	791	0.000054
764	792	0.000281
764	833	0.000005
764	854	0.000017
764	858	0.000002
764	876	0.001857
764	877	0.000004
764	879	0.000002
764	880	0.000009
764	881	0.007107
764	887	0.009841
764	891	0.000115
764	894	0.000025
764	895	0.000024
764	897	0.000001
765	784	0.000103
765	791	0.000902
765	823	0.000001
765	852	0.000044
765	858	0.000006
765	875	0.001975
765	882	0.000002
765	886	0.009798
765	888	0.000002
765	890	0.000171
765	891	0.000001
765	894	0.000059
765	895	0.000006
766	775	0.001471
766	777	0.000194
766	778	0.001021
766	779	0.075067
766	789	0.000004
766	790	0.000912
766	826	0.000002
766	847	0.000002
766	848	0.000003
766	851	0.000036
766	873	0.000001
766	874	0.001951
766	878	0.000016
766	883	0.000001
766	885	0.008711
766	889	0.000169
767	775	0.000951
767	777	0.001044
767	778	0.095453
767	779	0.004467
767	789	0.000819
767	790	0.000002
767	794	0.000012
767	826	0.000002
767	839	0.000002
767	847	0.000003
767	848	0.000001
767	851	0.000002
767	872	0.000002
767	873	0.001838
767	874	0.000002
767	878	0.002240
767	883	0.000053
767	885	0.000039
767	889	0.000034
768	775	0.001876
768	777	0.099055
768	778	0.005149
768	779	0.000804
768	789	0.000002
768	793	0.000015
768	826	0.000002
768	847	0.000001
768	851	0.000003
768	870	0.000012
768	872	0.001383
768	873	0.000002
768	878	0.000100
768	883	0.001992
768	885	0.000005
768	889	0.000011
769	773	0.000299
769	776	0.085715
769	781	0.000770
769	782	0.000304
769	785	0.000087
769	787	0.000807
769	792	0.000015
769	797	0.000002
769	852	0.000002
769	854	0.000006
769	869	0.000017
769	876	0.007778
769	877	0.000059
769	880	0.000003
769	881	0.000027
769	882	0.001604
769	887	0.000877
769	888	0.000003
769	895	0.000032
769	897	0.000003
770	784	0.000089
770	786	0.000826
770	791	0.000015
770	823	0.000001
770	834	0.000004
770	852	0.000172
770	868	0.000018
770	869	0.000004
770	875	0.008211
770	882	0.000383
770	886	0.000994
770	894	0.000060
770	895	0.000005
771	775	0.001135
771	777	0.000597
771	778	0.004252
771	779	0.009229
771	790	0.000015
771	796	0.000001
771	826	0.000002
771	848	0.000002
771	851	0.000146
771	867	0.000014
771	872	0.000003
771	873	0.000009
771	874	0.008111
771	878	0.000006
771	883	0.000045
771	885	0.001034
772	777	0.003772
772	778	0.011021
772	779	0.004690
772	789	0.000013
772	794	0.000145
772	826	0.000003
772	847	0.000002
772	848	0.000004
772	851	0.000002
772	870	0.000001
772	872	0.000015
772	873	0.007554
772	874	0.000005
772	878	0.000010
772	883	0.000042
772	885	0.000009
773	777	0.006726
773	778	0.003779
773	779	0.000589
773	793	0.000176
773	826	0.000003
773	847	0.000003
773	848	0.000001
773	859	0.000002
773	867	0.000010
773	870	0.000402
773	872	0.005270
773	873	0.000006
773	878	0.000033
773	883	0.003425
774	784	0.000040
774	786	0.000007
774	792	0.000180
774	823	0.000007
774	834	0.000239
774	858	0.000002
774	866	0.000011
774	869	0.000512
774	875	0.000002
774	882	0.003712
774	888	0.000001
774	894	0.000027
774	895	0.000067
775	781	0.001154
775	782	0.001599
775	784	0.000001
775	785	0.000007
775	791	0.000180
775	833	0.000238
775	868	0.000505
775	875	0.000002
775	876	0.000002
775	877	0.000004
775	879	0.001162
775	880	0.000091
775	881	0.003244
775	882	0.000001
775	894	0.000061
775	897	0.000002
776	790	0.000178
776	826	0.000011
776	867	0.000486
776	870	0.000007
776	872	0.000002
776	874	0.000002
776	878	0.001328
776	883	0.000007
777	781	0.000376
777	782	0.000606
777	785	0.000004
777	786	0.000001
777	787	0.000006
777	823	0.000001
777	833	0.000002
777	866	0.000421
777	869	0.000005
777	877	0.000963
777	879	0.000478
777	880	0.000048
777	881	0.000007
777	882	0.000007
777	895	0.000001
777	897	0.000003
778	782	0.000320
778	784	0.000004
778	785	0.000003
778	786	0.000007
778	823	0.000003
778	833	0.000002
778	868	0.000003
778	876	0.000576
778	877	0.004975
778	879	0.000024
778	880	0.000006
778	881	0.000006
778	894	0.000001
778	895	0.000001
778	897	0.000003
779	784	0.000003
779	785	0.000008
779	787	0.000179
779	823	0.000005
779	833	0.000002
779	869	0.000005
779	875	0.000175
779	876	0.005923
779	877	0.000008
779	879	0.000003
779	880	0.000004
779	887	0.000001
779	894	0.000001
779	895	0.000039
779	897	0.000002
780	784	0.000007
780	786	0.000182
780	791	0.000001
780	823	0.000039
780	852	0.000004
780	866	0.000004
780	868	0.000006
780	875	0.006346
780	886	0.000002
780	894	0.000068
780	895	0.000006
781	790	0.000001
781	794	0.000001
781	826	0.000725
781	851	0.000004
781	867	0.000004
781	872	0.000001
781	873	0.000059
781	874	0.006058
781	885	0.000001
782	789	0.000001
782	793	0.000002
782	826	0.000546
782	859	0.000001
782	872	0.000056
782	873	0.004393
782	874	0.000003
783	792	0.000002
783	823	0.930757
783	858	0.000001
783	894	0.000001
784	820	0.000083
784	822	0.998290
784	824	0.000002
784	825	0.000001
785	819	0.000083
785	821	0.998222
785	872	0.000001
786	820	0.998513
786	871	0.000001
786	884	0.000001
787	817	0.000156
787	819	0.998171
787	870	0.000001
787	883	0.000001
788	816	0.000252
788	818	0.997162
788	869	0.000001
788	882	0.000001
789	800	0.000034
789	815	0.000176
789	816	0.850578
789	818	0.000007
789	881	0.000001
790	799	0.000253
790	815	0.991835
790	816	0.000579
791	798	0.000290
791	814	0.998131
791	825	0.000023
792	798	0.000011
792	813	0.998167
792	824	0.000023
793	797	0.000009
793	811	0.000047
793	812	0.997128
793	823	0.000022
794	810	0.000093
794	811	0.996554
794	812	0.000007
795	803	0.000001
795	804	0.000013
795	809	0.000182
795	810	0.994181
796	803	0.000033
796	804	0.000007
796	809	0.797034
796	810	0.000157
796	811	0.000028
797	802	0.000064
797	805	0.059549
797	806	0.000999
797	808	0.631822
797	819	0.000028
798	803	0.014375
798	804	0.079254
798	809	0.189657
798	810	0.000003
798	818	0.000031
799	805	0.012995
799	806	0.273753
799	808	0.230511
799	817	0.000021
800	805	0.153644
800	806	0.003028
800	807	0.242163
800	808	0.000149
800	817	0.000591
800	835	0.000002
801	809	0.000151
801	810	0.000005
801	816	0.000707
801	834	0.000002
802	809	0.000013
802	815	0.000713
802	833	0.000002
803	807	0.000895
803	808	0.000070
803	814	0.000715
803	832	0.000002
804	808	0.000013
804	813	0.000715
804	831	0.000002
805	811	0.000001
805	812	0.000696
806	810	0.000002
806	811	0.000526
809	828	0.000002
810	827	0.000002
811	826	0.000002
816	824	0.000002
817	823	0.000002
818	822	0.000002
823	827	0.000058
823	828	0.000102
823	829	0.000068
823	830	0.000104
823	831	0.000032
823	832	0.000127
823	835	0.001761
823	836	0.000114
823	837	0.000008
823	838	0.000015
823	840	0.000002
823	841	0.000002
823	846	0.000001
823	850	0.000001
823	853	0.000319
823	870	0.000003
823	893	0.000002
823	896	0.020765
824	834	0.001813
824	852	0.000331
824	858	0.000002
824	869	0.000011
824	892	0.000003
824	894	0.000005
824	895	0.021893
825	834	0.003749
825	852	0.000052
825	858	0.000004
825	868	0.000011
825	882	0.000002
825	888	0.000001
825	891	0.000002
825	894	0.021866
825	895	0.000034
826	833	0.003771
826	834	0.000021
826	854	0.000003
826	858	0.000001
826	876	0.000003
826	881	0.000002
826	887	0.000001
826	890	0.000002
826	892	0.000021
826	894	0.000034
826	895	0.000019
826	897	0.000122
827	834	0.000327
827	852	0.000006
827	858	0.000003
827	866	0.000003
827	869	0.000001
827	875	0.000003
827	886	0.000001
827	891	0.000022
827	892	0.009311
827	894	0.000045
827	895	0.001977
828	834	0.000276
828	852	0.000012
828	858	0.000004
828	868	0.000001
828	869	0.000003
828	890	0.000022
828	891	0.009308
828	892	0.000228
828	894	0.002017
828	895	0.004771
829	834	0.000326
829	852	0.000011
829	858	0.000005
829	868	0.000003
829	869	0.000004
829	888	0.000001
829	890	0.009286
829	891	0.000238
829	892	0.000028
829	894	0.004932
829	895	0.017288
830	834	0.000090
830	852	0.000011
830	858	0.000003
830	868	0.000004
830	869	0.000004
830	875	0.000001
830	888	0.005504
830	890	0.000248
830	891	0.000026
830	892	0.001016
830	894	0.017520
830	895	0.037008
831	852	0.000034
831	858	0.000003
831	866	0.000002
831	868	0.000004
831	869	0.000056
831	886	0.000015
831	888	0.003581
831	890	0.000024
831	891	0.001021
831	892	0.000004
831	894	0.036755
831	895	0.417685
832	852	0.011173
832	858	0.000002
832	866	0.000003
832	868	0.000057
832	875	0.000016
832	886	0.009376
832	888	0.000004
832	890	0.001023
832	891	0.000004
832	894	0.423335
832	895	0.009149
833	839	0.001043
833	842	0.002801
833	847	0.000343
833	848	0.000016
833	851	0.011402
833	867	0.000053
833	872	0.000018
833	874	0.000015
833	885	0.009388
833	889	0.000969
834	838	0.001178
834	839	0.000039
834	840	0.000192
834	841	0.003168
834	842	0.000019
834	843	0.000236
834	844	0.000074
834	845	0.000063
834	846	0.000388
834	847	0.000016
834	848	0.000004
834	849	0.000038
834	850	0.011219
834	851	0.000002
834	853	0.011106
834	855	0.000022
834	856	0.000014
834	857	0.000019
834	859	0.000025
834	861	0.000001
834	864	0.000001
834	865	0.000003
834	867	0.000003
834	870	0.000047
834	871	0.000022
834	873	0.000009
834	883	0.000037
834	884	0.009269
834	885	0.000001
834	889	0.000100
834	893	0.694626
834	896	0.145610
835	852	0.011040
835	858	0.000026
835	866	0.000006
835	869	0.000059
835	875	0.000001
835	882	0.001339
835	886	0.000006
835	888	0.000170
835	891	0.000127
835	892	0.695930
835	894	0.000022
835	895	0.145963
836	852	0.000047
836	858	0.000001
836	868	0.000059
836	869	0.000011
836	875	0.000002
836	882	0.001571
836	886	0.000251
836	888	0.000015
836	890	0.000137
836	891	0.695859
836	892	0.000257
836	894	0.145798
836	895	0.000174
837	852	0.000023
837	858	0.000002
837	866	0.000014
837	868	0.000011
837	869	0.000019
837	875	0.000004
837	882	0.000099
837	886	0.000104
837	888	0.000009
837	890	0.695580
837	891	0.000417
837	892	0.125953
837	894	0.000218
837	895	0.000014
838	852	0.000201
838	858	0.000003
838	866	0.000025
838	868	0.000019
838	875	0.000007
838	882	0.002679
838	886	0.000140
838	888	0.684234
838	890	0.000518
838	891	0.125926
838	892	0.019624
838	894	0.000014
838	895	0.000002
839	852	0.000003
839	854	0.000017
839	876	0.000086
839	877	0.000009
839	879	0.000163
839	880	0.000033
839	881	0.002493
839	882	0.000006
839	886	0.000035
839	887	0.684127
839	888	0.000053
839	890	0.115356
839	891	0.019630
839	892	0.000016
839	894	0.000002
839	895	0.000001
839	897	0.000024
840	852	0.000026
840	858	0.000004
840	866	0.000007
840	869	0.000061
840	875	0.000090
840	882	0.000134
840	886	0.679098
840	888	0.000311
840	890	0.024906
840	891	0.000048
840	892	0.000031
840	894	0.000002
840	895	0.001049
841	852	0.000569
841	858	0.000009
841	866	0.000004
841	868	0.000066
841	869	0.000011
841	875	0.000035
841	882	0.174591
841	886	0.002064
841	888	0.156952
841	890	0.000047
841	891	0.000030
841	892	0.000001
841	894	0.001074
841	895	0.000014
842	852	0.000010
842	854	0.000020
842	868	0.000009
842	869	0.000008
842	875	0.000003
842	876	0.001075
842	877	0.000034
842	879	0.000068
842	880	0.000359
842	881	0.164146
842	882	0.012919
842	886	0.000020
842	887	0.157449
842	888	0.000003
842	890	0.000026
842	892	0.000004
842	894	0.000013
842	895	0.000005
843	852	0.000267
843	858	0.000005
843	866	0.000026
843	868	0.000021
843	869	0.000343
843	875	0.001116
843	882	0.065337
843	886	0.156169
843	888	0.000035
843	890	0.000002
843	891	0.000007
843	892	0.001127
843	894	0.000010
843	895	0.000006
844	852	0.000211
844	858	0.000009
844	866	0.000033
844	868	0.000358
844	869	0.000247
844	875	0.000055
844	882	0.052946
844	886	0.000471
844	888	0.000013
844	890	0.000007
844	891	0.001129
844	892	0.000044
844	894	0.000006
844	895	0.000008
845	852	0.000560
845	858	0.000012
845	866	0.000261
845	868	0.000253
845	869	0.000164
845	875	0.000093
845	882	0.017897
845	886	0.000026
845	888	0.000002
845	890	0.001128
845	891	0.000045
845	892	0.000003
845	894	0.000008
845	895	0.000013
846	852	0.002857
846	858	0.000022
846	866	0.000259
846	868	0.000168
846	869	0.000008
846	875	0.000498
846	882	0.127631
846	886	0.000025
846	888	0.000637
846	890	0.000046
846	891	0.000003
846	894	0.000013
846	895	0.000004
847	852	0.000219
847	854	0.000035
847	858	0.000001
847	860	0.000005
847	866	0.000012
847	868	0.000008
847	875	0.000218
847	876	0.005947
847	877	0.486237
847	879	0.003261
847	880	0.004138
847	881	0.117459
847	882	0.000851
847	887	0.000590
847	888	0.000462
847	890	0.000003
847	894	0.000004
848	852	0.000032
848	854	0.000022
848	860	0.000006
848	866	0.000006
848	869	0.000007
848	875	0.005934
848	876	0.602521
848	877	0.004584
848	879	0.003260
848	880	0.075091
848	881	0.000497
848	882	0.000091
848	886	0.000479
848	887	0.000556
848	892	0.000002
848	897	0.000001
849	858	0.000056
849	866	0.000013
849	868	0.000010
849	869	0.001023
849	875	0.610272
849	882	0.000221
849	886	0.000588
849	888	0.000002
849	891	0.000002
849	892	0.000015
849	895	0.000008
850	858	0.000069
850	866	0.000021
850	868	0.001017
850	869	0.000630
850	875	0.019599
850	882	0.000950
850	886	0.000008
850	888	0.000004
850	890	0.000002
850	891	0.000015
850	894	0.000008
850	895	0.000027
851	858	0.000119
851	860	0.007754
851	866	0.000061
851	868	0.000635
851	869	0.000004
851	875	0.001700
851	876	0.001904
851	877	0.012005
851	879	0.000589
851	880	0.000071
851	881	0.000948
851	882	0.000004
851	887	0.000004
851	890	0.000015
851	894	0.000028
851	897	0.000521
852	856	0.000068
852	857	0.000512
852	859	0.010142
852	861	0.000045
852	862	0.000006
852	863	0.000005
852	864	0.000006
852	865	0.000070
852	867	0.001107
852	870	0.000640
852	871	0.184537
852	872	0.088561
852	873	0.005695
852	874	0.003116
852	878	0.000542
852	883	0.000567
852	884	0.000033
852	885	0.000003
852	889	0.000018
852	893	0.000030
852	896	0.001347
853	858	0.010305
853	866	0.001137
853	868	0.002743
853	869	0.000683
853	875	0.054869
853	882	0.000599
853	886	0.000003
853	888	0.000018
853	892	0.000022
853	894	0.000010
853	895	0.000941
854	859	0.000007
854	867	0.002872
854	870	0.794679
854	872	0.000125
854	873	0.000241
854	874	0.031884
854	878	0.000039
854	883	0.000005
854	885	0.000002
854	889	0.000001
855	866	0.002788
855	868	0.001168
855	869	0.851689
855	875	0.000241
855	882	0.000005
855	888	0.000001
855	891	0.000010
855	892	0.000217
855	894	0.000058
855	895	0.000175
856	866	0.000060
856	868	0.851465
856	869	0.004310
856	875	0.000081
856	890	0.000010
856	891	0.000218
856	892	0.000084
856	894	0.000129
856	895	0.013199
857	866	0.846375
857	868	0.004574
857	869	0.000141
857	875	0.000684
857	888	0.000003
857	890	0.000218
857	891	0.000080
857	892	0.000007
857	894	0.015114
857	895	0.000035
858	862	0.000112
858	863	0.000844
858	864	0.001905
858	865	0.814812
858	867	0.003819
858	870	0.000016
858	871	0.009372
858	872	0.001429
858	873	0.000148
858	874	0.000632
858	878	0.000005
858	889	0.000178
858	893	0.014825
858	896	0.006134
859	866	0.000785
859	868	0.003130
859	869	0.000008
859	875	0.000004
859	876	0.000002
859	877	0.000005
859	886	0.000001
859	887	0.000003
859	888	0.000005
859	890	0.000068
859	892	0.002167
859	894	0.000071
859	895	0.005752
859	897	0.000127
860	867	0.006688
860	870	0.019182
860	872	0.000027
860	873	0.000004
860	874	0.000002
860	883	0.000001
860	889	0.000092
861	866	0.006908
861	868	0.000301
861	869	0.020607
861	875	0.000002
861	882	0.000002
861	886	0.000005
861	888	0.000095
861	890	0.000018
861	891	0.000691
861	892	0.013931
861	894	0.002659
861	895	0.013682
862	866	0.000074
862	868	0.020491
862	869	0.001246
862	875	0.000002
862	886	0.000016
862	888	0.000005
862	890	0.000684
862	891	0.014961
862	892	0.009004
862	894	0.013811
862	895	0.000007
863	868	0.001303
863	869	0.000441
863	875	0.000001
863	886	0.000041
863	888	0.000133
863	890	0.014913
863	891	0.009643
863	892	0.014531
863	894	0.000006
863	895	0.000002
864	868	0.000443
864	869	0.000006
864	875	0.000003
864	886	0.000019
864	888	0.000418
864	890	0.009676
864	891	0.014570
864	892	0.000015
864	894	0.000001
864	895	0.000312
865	869	0.000002
865	875	0.000037
865	882	0.000002
865	886	0.000325
865	888	0.023252
865	890	0.014550
865	891	0.000014
865	894	0.000318
866	871	0.000024
866	873	0.000003
866	874	0.000033
866	878	0.000006
866	884	0.000002
866	885	0.000220
866	889	0.012326
866	893	0.000319
866	896	0.000035
867	876	0.000009
867	877	0.000007
867	879	0.000008
867	880	0.000001
867	886	0.024873
867	887	0.001153
867	888	0.000962
867	890	0.000002
867	891	0.000002
867	892	0.000315
867	895	0.000035
868	874	0.000002
868	878	0.000009
868	883	0.000001
868	884	0.000856
868	885	0.044140
868	889	0.000021
869	873	0.000001
869	874	0.000009
869	878	0.000026
869	883	0.000836
869	884	0.046995
869	885	0.000110
869	889	0.000012
869	893	0.000035
870	875	0.000006
870	876	0.000432
870	877	0.000032
870	879	0.000008
870	880	0.000003
870	881	0.000005
870	882	0.000006
870	887	0.000066
870	892	0.000035
871	875	0.000777
871	882	0.074483
871	886	0.000083
871	888	0.001117
871	891	0.000034
872	876	0.000038
872	877	0.000062
872	879	0.000370
872	880	0.000972
872	881	0.076284
872	882	0.001885
872	886	0.000003
872	887	0.001147
872	888	0.000007
872	890	0.000032
873	877	0.000030
873	879	0.001222
873	880	0.073404
873	881	0.004260
873	882	0.000535
873	886	0.000951
873	887	0.000014
873	888	0.000005
874	879	0.057910
874	880	0.004903
874	881	0.001348
874	882	0.000027
874	886	0.000015
874	887	0.000009
874	888	0.000003
875	883	0.000009
875	884	0.009312
875	885	0.000017
876	883	0.008303
876	885	0.000098
877	883	0.000247
877	885	0.000039
877	889	0.000001
878	882	0.000286
878	886	0.000008
878	887	0.000001
878	888	0.000001
878	897	0.000003
879	883	0.000025
879	885	0.000107
880	885	0.000192
881	885	0.000053
881	889	0.000002
882	893	0.000721
882	896	0.000098
883	887	0.000001
883	891	0.000002
883	892	0.000720
883	895	0.000062
884	890	0.000005
884	891	0.000720
884	892	0.000003
884	894	0.000060
884	895	0.000051
885	890	0.000630
885	891	0.000004
885	892	0.000007
885	894	0.000052
886	893	0.000069
888	893	0.000002
888	896	0.000077
889	895	0.000076
889	897	0.000014
890	896	0.000023
891	896	0.000028
892	896	0.000003
