1	7	0.000014
1	8	0.000012
1	9	0.000003
1	12	0.000006
1	13	0.000003
1	15	0.000025
1	33	0.000001
1	41	0.082997
1	67	0.000541
1	75	0.000021
1	76	0.000015
1	688	0.000004
1	690	0.000638
1	707	0.002453
1	732	0.000134
1	736	0.522866
1	739	0.000046
1	748	0.000008
1	749	0.000014
1	750	0.000061
1	752	0.000008
1	753	0.000024
1	754	0.000068
1	755	0.000239
1	758	0.000196
1	759	0.000544
2	7	0.000042
2	8	0.000009
2	9	0.000002
2	11	0.000008
2	12	0.000006
2	14	0.000030
2	15	0.000010
2	30	0.000093
2	32	0.000001
2	39	0.000067
2	40	0.110060
2	41	0.000655
2	42	0.001904
2	46	0.000065
2	50	0.000002
2	53	0.000004
2	62	0.000497
2	64	0.000001
2	65	0.000053
2	66	0.000634
2	67	0.000002
2	74	0.000028
2	75	0.000029
2	683	0.000040
2	686	0.000024
2	689	0.000496
2	690	0.070516
2	694	0.000491
2	706	0.002750
2	707	0.000048
2	730	0.000002
2	731	0.000110
2	732	0.064054
2	733	0.003498
2	734	0.006618
2	735	0.591668
2	736	0.004055
2	739	0.000011
2	746	0.000506
2	748	0.000014
2	749	0.000059
2	750	0.000178
2	752	0.000017
2	753	0.000065
2	754	0.000403
2	755	0.000361
2	756	0.027651
2	758	0.000484
2	759	0.000075
2	761	0.005241
3	7	0.000011
3	8	0.000009
3	9	0.000004
3	11	0.000006
3	13	0.000030
3	14	0.000013
3	29	0.000094
3	39	0.110101
3	40	0.000814
3	41	0.001541
3	42	0.019321
3	46	0.000005
3	52	0.000004
3	61	0.000501
3	62	0.000003
3	64	0.000053
3	65	0.000630
3	66	0.000002
3	74	0.000031
3	76	0.000002
3	682	0.000017
3	683	0.000123
3	686	0.000019
3	688	0.000192
3	689	0.085490
3	690	0.000002
3	694	0.000107
3	705	0.002750
3	706	0.000051
3	730	0.000034
3	731	0.075828
3	732	0.000040
3	733	0.006224
3	734	0.587786
3	735	0.004338
3	736	0.000031
3	739	0.000005
3	746	0.000147
3	748	0.000023
3	749	0.000205
3	750	0.000095
3	752	0.000019
3	753	0.000357
3	754	0.000463
3	755	0.025306
3	756	0.011437
3	758	0.000040
3	759	0.000333
3	761	0.006273
4	8	0.000083
4	9	0.000060
4	12	0.000028
4	13	0.000012
4	26	0.000002
4	28	0.000095
4	41	0.019007
4	58	0.000004
4	60	0.000513
4	61	0.000002
4	75	0.000003
4	76	0.000002
4	79	0.000004
4	682	0.000104
4	688	0.085880
4	690	0.000003
4	704	0.002751
4	705	0.000041
4	728	0.000012
4	730	0.076810
4	732	0.004703
4	736	0.000021
4	739	0.000009
4	748	0.000174
4	749	0.000085
4	750	0.000014
4	752	0.000266
4	753	0.000350
4	754	0.021301
4	755	0.009800
4	758	0.000303
4	759	0.002453
5	10	0.000023
5	25	0.000002
5	27	0.000095
5	48	0.000007
5	56	0.000015
5	57	0.000004
5	59	0.000515
5	68	0.000008
5	71	0.000022
5	72	0.000002
5	78	0.000004
5	687	0.085763
5	691	0.000433
5	695	0.000002
5	702	0.000006
5	703	0.002735
5	727	0.000014
5	729	0.077082
5	760	0.010323
6	24	0.000002
6	26	0.000095
6	41	0.000749
6	55	0.000016
6	58	0.000473
6	67	0.000007
6	75	0.000003
6	76	0.000003
6	77	0.000004
6	682	0.000025
6	688	0.000007
6	690	0.000310
6	701	0.000008
6	704	0.000001
6	728	0.063310
6	730	0.000403
6	732	0.000007
6	736	0.000014
6	739	0.000078
6	748	0.000038
6	749	0.000008
6	750	0.000032
6	752	0.001088
6	753	0.000329
6	754	0.000139
6	755	0.000039
6	758	0.000500
6	759	0.008357
7	25	0.000088
7	37	0.000048
7	38	0.003928
7	43	0.000214
7	44	0.000220
7	45	0.000101
7	47	0.000005
7	48	0.000002
7	49	0.000006
7	51	0.000001
7	54	0.000015
7	57	0.000436
7	70	0.000001
7	73	0.000003
7	681	0.000014
7	684	0.000066
7	685	0.002981
7	687	0.000008
7	692	0.000012
7	693	0.000018
7	702	0.000002
7	703	0.000001
7	726	0.000009
7	727	0.049625
7	729	0.000360
7	737	0.000006
7	738	0.000082
7	740	0.000005
7	741	0.000015
7	742	0.000023
7	743	0.000025
7	744	0.000026
7	745	0.000035
7	747	0.000038
7	751	0.000964
7	757	0.000536
7	760	0.000018
7	762	0.000034
7	763	0.000038
8	22	0.000045
8	37	0.002461
8	38	0.714454
8	43	0.000145
8	44	0.000085
8	45	0.000011
8	47	0.000002
8	48	0.000005
8	56	0.000111
8	73	0.000001
8	681	0.000001
8	684	0.001641
8	685	0.000043
8	691	0.000004
8	692	0.000015
8	693	0.000006
8	726	0.004810
8	727	0.000036
8	729	0.000002
8	737	0.000043
8	738	0.000004
8	740	0.000009
8	741	0.000021
8	742	0.000025
8	743	0.000025
8	744	0.000032
8	745	0.000004
8	747	0.000003
8	751	0.000014
8	757	0.000270
8	760	0.000007
8	762	0.000035
8	763	0.000085
9	19	0.000005
9	21	0.000056
9	22	0.000001
9	37	0.956003
9	38	0.000330
9	43	0.000027
9	44	0.000004
9	47	0.000001
9	684	0.000023
9	685	0.000007
9	691	0.000004
9	692	0.000004
9	726	0.000011
9	737	0.000002
9	740	0.000009
9	741	0.000014
9	742	0.000014
9	743	0.000018
9	744	0.000003
9	747	0.000002
9	751	0.000002
9	757	0.000005
9	760	0.000002
9	762	0.000149
9	763	0.000001
10	18	0.000006
10	20	0.000056
10	23	0.000003
10	30	0.000001
10	36	0.999457
10	42	0.000007
10	683	0.000003
10	724	0.000005
10	725	0.000010
10	761	0.000154
11	16	0.000011
11	35	0.999534
11	760	0.000152
12	19	0.000004
12	31	0.000004
12	34	0.991480
12	35	0.000003
12	38	0.000002
12	693	0.000002
12	722	0.000001
12	723	0.000013
13	17	0.000001
13	31	0.000122
13	34	0.000106
13	37	0.000002
13	49	0.000004
13	692	0.000002
13	721	0.000001
13	722	0.000014
14	35	0.000007
14	48	0.000005
14	691	0.000002
14	720	0.000001
14	721	0.000014
15	31	0.914001
15	34	0.000008
15	47	0.000005
15	720	0.000013
15	757	0.000011
16	28	0.000021
16	29	0.077152
16	30	0.917029
16	32	0.000048
16	33	0.000004
16	46	0.000005
16	689	0.000002
16	717	0.000002
16	718	0.000004
16	719	0.000001
16	731	0.000002
16	756	0.000013
17	26	0.000065
17	28	0.533649
17	29	0.462569
17	60	0.000001
17	688	0.000002
17	716	0.000002
17	717	0.000003
17	730	0.000002
17	755	0.000008
18	25	0.000137
18	27	0.988265
18	59	0.000001
18	687	0.000002
18	715	0.000002
18	729	0.000002
19	24	0.000100
19	26	0.987318
19	28	0.010477
19	58	0.000001
19	728	0.000001
20	25	0.983802
20	27	0.010728
20	57	0.000001
20	714	0.000005
21	26	0.008117
21	28	0.000001
21	29	0.000003
21	713	0.000005
22	26	0.000008
22	28	0.000017
23	27	0.000017
23	711	0.000005
23	727	0.000002
24	37	0.000002
24	710	0.000005
24	726	0.000002
25	36	0.000003
25	46	0.000001
25	52	0.000001
25	64	0.000003
25	709	0.000005
25	725	0.000002
25	748	0.000001
26	35	0.000003
26	37	0.000003
26	51	0.000001
26	63	0.000003
26	708	0.000005
26	747	0.000001
27	36	0.000005
27	50	0.000001
27	62	0.000003
27	694	0.000002
27	707	0.000004
27	724	0.000002
27	746	0.000001
28	35	0.000004
28	49	0.000001
28	693	0.000002
28	723	0.000002
28	745	0.000001
29	34	0.000003
29	48	0.000001
29	692	0.000002
29	722	0.000002
30	35	0.000001
30	59	0.000004
30	691	0.000002
30	721	0.000002
31	58	0.000005
31	690	0.000002
31	704	0.000004
31	716	0.000011
32	57	0.000005
32	703	0.000004
32	715	0.000012
33	56	0.000005
33	702	0.000004
33	714	0.000012
33	762	0.000003
33	763	0.000001
34	41	0.000004
34	55	0.000004
34	75	0.000006
34	701	0.000004
34	713	0.000012
35	40	0.000005
35	42	0.000002
35	74	0.000007
35	700	0.000003
35	712	0.000012
35	761	0.000212
36	687	0.000001
36	711	0.000012
36	760	0.000213
37	41	0.000007
37	58	0.000001
37	61	0.000001
37	75	0.000024
37	76	0.000089
37	77	0.000011
37	700	0.000005
37	701	0.000001
37	705	0.000002
37	755	0.000001
37	759	0.000204
38	58	0.002960
38	60	0.000003
38	75	0.000186
38	76	0.000074
38	77	0.000013
38	688	0.000002
38	700	0.000006
38	701	0.000003
38	704	0.000005
38	736	0.000001
38	753	0.000001
38	754	0.000003
38	755	0.000002
38	758	0.000143
38	759	0.000004
39	48	0.000725
39	56	0.000001
39	57	0.003597
39	59	0.000004
39	68	0.000006
39	69	0.003461
39	71	0.000211
39	72	0.355398
39	687	0.000002
39	691	0.000011
39	695	0.000003
39	697	0.000021
39	703	0.000006
39	721	0.000001
39	760	0.000054
40	48	0.007565
40	56	0.003602
40	57	0.000007
40	68	0.003497
40	69	0.000556
40	71	0.364589
40	72	0.000040
40	691	0.000033
40	695	0.000017
40	697	0.017754
40	702	0.000005
40	720	0.000001
40	760	0.000052
41	45	0.000177
41	47	0.007024
41	48	0.000088
41	49	0.013053
41	51	0.000009
41	54	0.000013
41	56	0.000003
41	57	0.000032
41	68	0.000394
41	69	0.002433
41	70	0.362861
41	71	0.000027
41	72	0.000015
41	73	0.000254
41	691	0.000002
41	692	0.002141
41	693	0.000067
41	695	0.000004
41	696	0.018160
41	698	0.000006
41	722	0.000002
41	737	0.000003
41	738	0.000003
41	740	0.000002
41	741	0.000002
41	742	0.000002
41	743	0.000002
41	744	0.000002
41	745	0.000001
41	747	0.000001
41	751	0.000002
41	757	0.000015
41	760	0.000006
41	762	0.000268
41	763	0.000006
42	48	0.015366
42	56	0.000064
42	57	0.000001
42	59	0.000005
42	68	0.010327
42	69	0.352376
42	71	0.000037
42	72	0.000297
42	78	0.000007
42	691	0.002184
42	695	0.018317
42	697	0.000007
42	721	0.000002
42	760	0.005978
43	55	0.000056
43	58	0.000006
43	61	0.000004
43	67	0.016390
43	76	0.000008
43	77	0.000036
43	690	0.001458
43	736	0.000028
43	739	0.000005
43	748	0.000003
43	749	0.000018
43	750	0.000088
43	752	0.000004
43	753	0.000029
43	754	0.000129
43	755	0.000249
43	758	0.000022
43	759	0.005878
44	55	0.000002
44	58	0.000007
44	60	0.000002
44	61	0.000218
44	67	0.007156
44	75	0.000007
44	76	0.000060
44	77	0.000047
44	690	0.000004
44	736	0.000026
44	739	0.000008
44	748	0.000017
44	749	0.000098
44	750	0.000031
44	752	0.000023
44	753	0.000135
44	754	0.000285
44	755	0.000108
44	758	0.004500
44	759	0.000205
45	55	0.000001
45	58	0.000050
45	60	0.000285
45	61	0.000006
45	67	0.001230
45	75	0.000049
45	76	0.000069
45	77	0.000036
45	79	0.000033
45	688	0.000647
45	690	0.000002
45	704	0.000001
45	730	0.000002
45	736	0.000023
45	739	0.000005
45	748	0.000071
45	749	0.000025
45	750	0.000006
45	752	0.000083
45	753	0.000160
45	754	0.000099
45	755	0.000027
45	758	0.000168
45	759	0.000046
46	56	0.000409
46	57	0.000048
46	59	0.000292
46	68	0.052888
46	69	0.000003
46	71	0.000016
46	72	0.000022
46	78	0.000037
46	687	0.000671
46	691	0.520363
46	703	0.000001
46	720	0.000042
46	729	0.000002
46	760	0.001035
47	55	0.000408
47	58	0.000268
47	60	0.000049
47	61	0.000277
47	67	0.053028
47	75	0.001756
47	76	0.000012
47	77	0.000044
47	690	0.525275
47	707	0.000055
47	719	0.000043
47	728	0.000001
47	732	0.004212
47	736	0.000193
47	749	0.000001
47	750	0.000017
47	753	0.000002
47	754	0.000018
47	755	0.000085
47	758	0.000011
47	759	0.000931
48	52	0.000017
48	53	0.000159
48	55	0.000003
48	58	0.000001
48	60	0.000179
48	61	0.251274
48	62	0.059369
48	64	0.001039
48	65	0.000415
48	66	0.047031
48	74	0.001998
48	75	0.000009
48	76	0.000055
48	683	0.000056
48	686	0.000024
48	689	0.526386
48	694	0.000017
48	706	0.000061
48	718	0.000043
48	731	0.004952
48	733	0.000002
48	734	0.000022
48	735	0.000212
48	736	0.000002
48	746	0.000012
48	749	0.000019
48	750	0.000007
48	753	0.000019
48	754	0.000090
48	755	0.000028
48	756	0.001076
48	758	0.000348
48	759	0.000013
48	761	0.000394
49	55	0.000006
49	58	0.000413
49	60	0.348156
49	61	0.030008
49	75	0.000051
49	76	0.000002
49	682	0.000047
49	688	0.525751
49	704	0.000001
49	705	0.000059
49	717	0.000042
49	730	0.004955
49	732	0.000002
49	736	0.000001
49	748	0.000016
49	749	0.000006
49	752	0.000014
49	753	0.000063
49	754	0.000028
49	755	0.000917
49	758	0.000014
49	759	0.000006
50	56	0.000274
50	57	0.000442
50	59	0.380841
50	68	0.000023
50	69	0.000005
50	71	0.008654
50	72	0.001927
50	687	0.523542
50	691	0.000037
50	703	0.000001
50	729	0.004954
50	760	0.000577
51	55	0.000198
51	58	0.380085
51	60	0.000316
51	61	0.000005
51	67	0.000021
51	75	0.000041
51	76	0.000037
51	77	0.000006
51	79	0.000010
51	682	0.000044
51	688	0.000003
51	690	0.000014
51	704	0.000060
51	716	0.000041
51	728	0.004469
51	750	0.000001
51	752	0.000001
51	753	0.000018
51	754	0.000010
51	755	0.000005
51	758	0.000004
51	759	0.000455
52	56	0.000311
52	57	0.376440
52	59	0.000328
52	68	0.000055
52	69	0.562854
52	71	0.000167
52	72	0.000417
52	78	0.000009
52	687	0.000008
52	703	0.000062
52	715	0.000042
52	727	0.004061
52	760	0.000026
53	57	0.000263
53	59	0.000076
53	68	0.570819
53	69	0.000384
53	71	0.000412
53	72	0.000003
53	78	0.000219
53	687	0.000003
53	702	0.000062
53	714	0.000042
53	727	0.000088
53	760	0.000016
54	58	0.000053
54	60	0.000014
54	61	0.000009
54	67	0.562007
54	75	0.000006
54	76	0.000190
54	77	0.000844
54	79	0.000001
54	682	0.000034
54	701	0.000055
54	713	0.000037
54	748	0.000007
54	752	0.000008
54	758	0.000087
54	759	0.000010
55	59	0.000013
55	63	0.000218
55	68	0.000073
55	69	0.000088
55	70	0.000008
55	78	0.000001
55	681	0.000024
55	684	0.000682
55	685	0.000005
55	687	0.000001
55	726	0.003084
55	737	0.000002
55	747	0.000008
55	751	0.000009
55	757	0.000104
55	762	0.000004
56	62	0.000233
56	64	0.000089
56	65	0.552400
56	66	0.021786
56	67	0.000080
56	74	0.000078
56	75	0.025263
56	76	0.000086
56	77	0.000030
56	680	0.000003
56	682	0.000001
56	683	0.000718
56	686	0.000012
56	699	0.000011
56	700	0.000018
56	712	0.000022
56	725	0.003581
56	735	0.000021
56	736	0.000003
56	746	0.000008
56	749	0.000041
56	750	0.000006
56	756	0.000106
56	759	0.000002
56	761	0.000005
57	61	0.000098
57	62	0.000059
57	64	0.553577
57	65	0.021196
57	66	0.000098
57	67	0.000010
57	74	0.029920
57	75	0.000048
57	76	0.000072
57	77	0.000002
57	682	0.000399
57	683	0.000002
57	686	0.000011
57	694	0.000002
57	699	0.000021
57	724	0.003574
57	725	0.000004
57	734	0.000021
57	735	0.000003
57	746	0.000003
57	748	0.000059
57	749	0.000003
57	755	0.000053
57	756	0.000002
57	758	0.000003
57	761	0.000008
58	63	0.484935
58	72	0.000243
58	73	0.029755
58	681	0.000297
58	685	0.000010
58	693	0.000001
58	695	0.000038
58	698	0.000018
58	710	0.000022
58	722	0.000014
58	723	0.003465
58	745	0.000003
58	747	0.000064
58	757	0.000003
58	760	0.000008
58	762	0.000001
59	64	0.010395
59	65	0.000028
59	66	0.000012
59	74	0.002363
59	680	0.000050
59	686	0.000002
59	694	0.004613
59	709	0.000022
59	718	0.000009
59	719	0.000001
59	724	0.000015
59	746	0.000064
59	756	0.000002
59	761	0.000002
60	70	0.000603
60	71	0.029045
60	72	0.000001
60	73	0.002373
60	679	0.000041
60	685	0.000002
60	693	0.004641
60	696	0.000006
60	697	0.000004
60	708	0.000020
60	720	0.000030
60	721	0.000148
60	722	0.002060
60	723	0.000034
60	745	0.000063
60	760	0.000002
61	68	0.000002
61	69	0.000718
61	70	0.029741
61	72	0.002367
61	73	0.000019
61	684	0.000001
61	692	0.004712
61	695	0.000004
61	696	0.000005
61	715	0.000006
61	720	0.000179
61	721	0.002456
61	722	0.000109
61	744	0.000051
62	68	0.002393
62	69	0.029682
62	71	0.002386
62	72	0.000030
62	691	0.004745
62	695	0.000007
62	714	0.000007
62	715	0.000004
62	720	0.002518
62	721	0.000113
62	760	0.000016
63	67	0.001664
63	75	0.000001
63	79	0.000001
63	688	0.000005
63	690	0.002627
63	704	0.000008
63	713	0.000006
63	716	0.002256
63	717	0.000011
63	719	0.001194
63	759	0.000015
64	68	0.001470
64	69	0.000218
64	71	0.000029
64	72	0.000380
64	78	0.000001
64	687	0.000009
64	691	0.000045
64	695	0.000001
64	703	0.000009
64	714	0.000007
64	715	0.003435
64	760	0.000023
65	69	0.000036
65	71	0.000388
65	72	0.000859
65	687	0.000005
65	691	0.000184
65	695	0.000003
65	697	0.000002
65	702	0.000009
65	703	0.000001
65	711	0.000002
65	714	0.003401
65	715	0.000054
65	760	0.000004
66	71	0.000874
66	72	0.000044
66	687	0.000076
66	691	0.000784
66	695	0.000006
66	697	0.000026
66	702	0.000001
66	711	0.004113
66	714	0.000045
66	715	0.000004
66	760	0.000004
67	71	0.000036
67	72	0.000002
67	73	0.000002
67	684	0.000027
67	685	0.000003
67	687	0.000105
67	691	0.003870
67	692	0.000085
67	693	0.000099
67	695	0.000036
67	696	0.000025
67	708	0.000001
67	710	0.004277
67	714	0.000004
67	737	0.000026
67	740	0.000002
67	747	0.000002
67	757	0.000168
67	762	0.000036
68	74	0.000066
68	75	0.000035
68	76	0.000001
68	77	0.000003
68	683	0.000030
68	686	0.000219
68	689	0.000303
68	690	0.011421
68	694	0.002794
68	707	0.000002
68	709	0.004257
68	712	0.000002
68	713	0.000006
68	734	0.000255
68	735	0.000251
68	736	0.000029
68	739	0.000002
68	746	0.000002
68	756	0.000211
68	761	0.000044
69	74	0.000083
69	75	0.000005
69	76	0.000051
69	77	0.000015
69	682	0.000029
69	683	0.000143
69	686	0.001281
69	688	0.000281
69	689	0.014586
69	690	0.000003
69	694	0.000304
69	706	0.000002
69	709	0.000030
69	712	0.000006
69	733	0.000262
69	734	0.000250
69	735	0.000030
69	755	0.000199
69	756	0.000046
69	759	0.000001
69	761	0.000002
70	75	0.000505
70	76	0.000737
70	77	0.000789
70	79	0.000002
70	682	0.000176
70	688	0.014662
70	690	0.001905
70	705	0.000002
70	707	0.003307
70	719	0.000001
70	732	0.000251
70	736	0.001101
70	753	0.000001
70	754	0.000180
70	755	0.000044
70	758	0.000002
70	759	0.000031
71	75	0.000465
71	76	0.000977
71	77	0.000092
71	682	0.000063
71	683	0.012140
71	686	0.051138
71	688	0.000007
71	689	0.001663
71	690	0.054675
71	694	0.000051
71	704	0.000001
71	706	0.005135
71	707	0.000021
71	718	0.000002
71	731	0.000199
71	732	0.000204
71	733	0.000011
71	734	0.000024
71	735	0.001175
71	736	0.000005
71	746	0.000001
71	753	0.000035
71	754	0.000022
71	756	0.000025
71	758	0.000011
71	761	0.000007
72	76	0.000167
72	77	0.000106
72	682	0.011595
72	683	0.084646
72	686	0.056268
72	688	0.001237
72	689	0.073953
72	690	0.000002
72	694	0.000003
72	705	0.005124
72	706	0.000023
72	717	0.000002
72	730	0.000076
72	731	0.000293
72	733	0.000022
72	734	0.001154
72	735	0.000005
72	752	0.000004
72	753	0.000010
72	755	0.000019
72	756	0.000021
72	761	0.000002
73	77	0.000121
73	79	0.000024
73	682	0.084140
73	688	0.077678
73	690	0.000004
73	704	0.005120
73	705	0.000019
73	716	0.000002
73	728	0.000024
73	730	0.000346
73	732	0.000017
73	752	0.000007
73	754	0.000017
73	755	0.000018
73	759	0.000003
74	78	0.000025
74	687	0.077928
74	691	0.000044
74	697	0.000002
74	702	0.000001
74	703	0.005081
74	711	0.000005
74	715	0.000002
74	727	0.000025
74	729	0.000364
74	760	0.000013
75	681	0.000252
75	684	0.005821
75	685	0.028229
75	687	0.000007
75	691	0.000001
75	692	0.000040
75	693	0.000020
75	696	0.000002
75	702	0.001889
75	710	0.000004
75	714	0.000001
75	726	0.000013
75	742	0.000002
75	743	0.000003
75	744	0.000003
75	745	0.000002
75	763	0.000001
76	681	0.001985
76	684	0.024600
76	685	0.007677
76	687	0.000011
76	691	0.000044
76	692	0.000025
76	693	0.000005
76	695	0.000002
76	702	0.000004
76	727	0.000001
76	741	0.000002
76	742	0.000003
76	743	0.000003
76	744	0.000002
76	762	0.000002
76	763	0.000002
77	681	0.845204
77	684	0.002807
77	685	0.000026
77	691	0.000009
77	692	0.000001
77	710	0.000001
77	740	0.000001
77	741	0.000002
77	742	0.000002
77	743	0.000001
77	762	0.000003
78	680	0.997972
78	682	0.000006
78	683	0.001037
78	686	0.000003
78	761	0.000002
79	679	0.998547
79	681	0.000024
79	685	0.000003
79	760	0.000002
80	678	0.999918
80	680	0.000007
81	677	0.999988
81	678	0.000001
82	676	0.999991
83	675	0.999961
84	674	0.999059
86	673	0.999475
87	672	0.999480
88	671	0.999976
89	670	0.999991
90	669	0.999961
91	97	0.000004
91	98	0.000006
91	100	0.000010
91	164	0.000004
91	668	0.999623
92	99	0.000164
92	114	0.000894
92	163	0.000008
92	529	0.000007
92	667	0.977412
93	99	0.013704
93	102	0.000001
93	113	0.001761
93	114	0.000007
93	162	0.000008
93	163	0.000140
93	165	0.000009
93	167	0.000039
93	169	0.000003
93	528	0.000064
93	529	0.000052
93	533	0.000022
93	667	0.014756
94	112	0.001765
94	166	0.000039
94	532	0.000022
94	666	0.017015
95	100	0.000132
95	101	0.000007
95	105	0.000001
95	107	0.000159
95	110	0.000008
95	111	0.001744
95	116	0.000006
95	164	0.000048
95	170	0.000003
95	173	0.000007
95	521	0.000022
95	524	0.000139
95	527	0.000020
95	662	0.000002
95	664	0.000019
95	665	0.008292
95	666	0.000332
96	105	0.002296
96	166	0.000050
96	172	0.000007
96	523	0.000117
96	532	0.000095
96	666	0.000105
97	103	0.000003
97	104	0.002343
97	113	0.000001
97	114	0.000742
97	162	0.000007
97	163	0.000644
97	165	0.000056
97	167	0.000010
97	169	0.000001
97	171	0.000007
97	528	0.000035
97	529	0.026857
97	530	0.001082
97	531	0.000102
97	663	0.000093
97	667	0.000006
98	102	0.000003
98	103	0.002341
98	113	0.000730
98	114	0.000092
98	161	0.000005
98	162	0.000491
98	163	0.000223
98	165	0.000509
98	167	0.000006
98	528	0.027845
98	529	0.001157
98	530	0.000106
98	663	0.000060
98	667	0.000010
99	112	0.000382
99	116	0.001582
99	164	0.000550
99	166	0.000005
99	170	0.000001
99	521	0.000008
99	524	0.000005
99	527	0.026432
99	661	0.000019
99	662	0.000055
99	664	0.000003
99	666	0.000013
100	113	0.000056
100	114	0.989431
100	162	0.000003
100	163	0.000330
100	165	0.000004
100	528	0.000001
100	529	0.000002
100	663	0.000002
101	113	0.996530
101	114	0.000028
101	161	0.000003
101	162	0.000018
101	528	0.000002
102	107	0.000002
102	110	0.000002
102	111	0.001645
102	112	0.994374
102	160	0.000004
102	527	0.000001
103	110	0.001677
103	111	0.995910
103	112	0.000012
103	159	0.000004
104	110	0.994877
104	111	0.000014
104	158	0.000004
105	109	0.807434
105	157	0.000004
107	113	0.000065
107	114	0.000013
108	112	0.000043
109	121	0.000004
110	114	0.000002
110	120	0.000004
110	529	0.000001
110	530	0.000009
111	119	0.000004
111	528	0.000001
111	529	0.000010
112	118	0.000004
112	165	0.000003
112	528	0.000010
113	117	0.000004
113	164	0.000008
113	527	0.000010
114	164	0.000218
114	524	0.000002
115	166	0.000007
115	523	0.000002
115	666	0.000002
116	161	0.000011
116	162	0.992149
116	163	0.001830
116	165	0.000002
117	161	0.998958
117	162	0.000965
118	160	0.999425
119	159	0.999971
120	158	0.999872
121	156	0.001220
121	157	0.813120
123	155	0.985707
124	154	0.999122
124	155	0.000002
125	153	0.999975
126	152	0.999984
127	150	0.000001
127	151	0.998859
128	150	0.998775
129	149	0.998652
130	148	0.911101
131	146	0.000002
131	147	0.649753
131	148	0.085284
132	146	0.387791
132	147	0.350045
133	139	0.000003
133	143	0.006217
133	146	0.611800
134	138	0.000003
134	140	0.000002
134	142	0.006271
134	145	0.866866
135	139	0.000002
135	143	0.007765
135	147	0.000026
136	143	0.976668
136	146	0.000034
137	142	0.986965
137	145	0.000042
138	143	0.000033
162	170	0.000001
162	173	0.000001
162	527	0.000009
163	170	0.051489
163	172	0.000028
163	524	0.000049
163	527	0.001394
163	664	0.000009
163	666	0.000001
163	668	0.000003
164	169	0.051541
164	171	0.000039
164	528	0.885676
164	529	0.000304
164	530	0.000003
164	663	0.000009
164	667	0.000003
165	170	0.000062
165	175	0.000018
165	521	0.000002
165	523	0.000294
165	524	0.000052
165	527	0.906954
165	662	0.000008
165	664	0.000001
166	174	0.000019
166	522	0.000346
166	525	0.469579
166	526	0.464647
166	528	0.000006
166	663	0.000001
167	173	0.000019
167	521	0.000359
167	523	0.000573
167	524	0.918742
167	527	0.000006
167	661	0.000003
167	662	0.000001
168	172	0.000014
168	523	0.911874
169	520	0.000012
169	521	0.257028
169	523	0.000783
169	524	0.001532
170	528	0.000001
171	520	0.992244
171	521	0.001256
171	524	0.000003
171	527	0.000001
172	519	0.999305
173	518	0.999896
174	517	0.997025
175	516	0.754280
175	518	0.000013
176	515	0.511195
176	516	0.245581
177	514	0.267966
177	515	0.488735
178	514	0.731816
179	513	0.974085
180	510	0.000081
180	511	0.008407
180	512	0.972425
181	509	0.000012
181	513	0.000033
182	509	0.000621
183	509	0.997858
184	508	0.999411
185	507	0.999980
186	506	0.999938
187	504	0.000003
187	505	0.998459
188	503	0.000002
188	504	0.999896
189	503	0.989627
190	501	0.000036
190	502	0.740932
191	502	0.170821
192	500	0.000090
192	503	0.000034
193	499	0.000032
193	501	0.903826
193	502	0.000025
194	500	0.999783
195	498	0.000004
195	499	0.999944
196	498	0.998464
197	497	0.999858
198	496	0.999741
199	495	0.999967
200	494	0.999509
201	493	0.999950
202	491	0.000001
202	492	0.999938
202	493	0.000026
203	491	0.999803
203	492	0.000050
204	488	0.000364
204	491	0.000074
205	487	0.000363
206	487	0.000022
206	488	0.991107
207	487	0.971029
208	487	0.001190
209	485	0.991913
210	483	0.000001
210	484	0.998179
211	483	0.999978
212	482	0.999972
213	479	0.000002
213	481	0.999895
213	482	0.000019
214	477	0.000002
214	478	0.000006
214	479	0.000935
214	480	0.986581
214	481	0.000037
215	476	0.000003
216	476	0.000019
217	476	0.000328
218	476	0.010383
219	476	0.968590
220	475	0.998502
221	474	0.999922
222	473	0.999937
223	472	0.999433
224	471	0.997575
225	469	0.000695
225	470	0.948901
226	466	0.000002
226	467	0.000021
226	468	0.000998
227	465	0.000001
227	466	0.000022
227	467	0.000625
227	468	0.950904
228	467	0.989367
229	469	0.000003
230	462	0.000036
230	463	0.000036
230	465	0.974642
230	466	0.001066
230	468	0.000001
231	461	0.000040
231	464	0.992590
232	460	0.000034
232	462	0.134298
232	463	0.856581
232	465	0.000226
232	466	0.000001
233	461	0.263620
233	464	0.000234
235	459	0.000035
235	460	0.902615
235	462	0.000019
236	459	0.998998
236	460	0.000103
237	458	0.999047
238	456	0.000001
238	457	0.998105
239	456	0.999262
239	457	0.000001
240	455	0.999984
241	454	0.999970
242	453	0.999129
243	452	0.997045
243	454	0.000005
244	451	0.974474
244	453	0.000211
245	452	0.000412
246	448	0.000005
246	449	0.000045
246	450	0.997878
246	451	0.000054
247	449	0.997790
247	451	0.000046
248	448	0.979791
248	449	0.001272
248	450	0.000064
249	446	0.002002
249	448	0.003340
249	449	0.000015
250	446	0.966623
250	448	0.000003
251	444	0.000002
251	445	0.999979
252	444	0.999975
253	443	0.999355
254	442	0.997734
255	439	0.000044
256	439	0.998128
257	438	0.999917
258	437	0.999957
259	436	0.999980
260	435	0.999583
261	434	0.999964
262	433	0.999418
263	429	0.000184
263	430	0.000002
263	431	0.000009
263	432	0.998850
264	269	0.000180
264	394	0.000004
264	428	0.000237
264	431	0.996678
265	409	0.000003
265	410	0.000001
266	393	0.000010
266	396	0.000025
266	397	0.000001
266	407	0.000002
266	409	0.000002
266	410	0.000026
267	409	0.000054
267	410	0.000001
268	394	0.005232
268	395	0.002610
268	408	0.000064
268	426	0.000031
268	427	0.003972
268	428	0.000409
268	429	0.002064
268	430	0.000565
268	431	0.000001
269	393	0.007017
269	398	0.000001
269	407	0.000021
269	409	0.000002
269	425	0.000009
270	392	0.003518
270	393	0.991180
270	397	0.000001
271	392	0.996451
271	393	0.000010
271	396	0.000001
271	425	0.000001
272	390	0.000005
272	391	0.999976
272	395	0.000001
272	424	0.000001
273	390	0.999932
273	394	0.000001
273	423	0.000001
274	288	0.000154
274	384	0.000008
274	387	0.000052
274	388	0.000157
274	389	0.993303
275	287	0.000302
275	380	0.000019
275	383	0.000016
275	384	0.000004
275	386	0.000110
275	387	0.000259
275	388	0.960286
275	389	0.002218
276	286	0.000305
276	379	0.000019
276	384	0.000011
276	387	0.827098
276	388	0.005725
276	389	0.000047
277	285	0.000308
277	378	0.000020
277	382	0.002066
277	385	0.006439
278	284	0.000309
278	377	0.000020
278	381	0.002088
279	287	0.000005
279	289	0.000014
279	290	0.000010
279	376	0.000005
279	380	0.001875
279	383	0.000941
279	384	0.007713
279	386	0.116740
279	387	0.000070
279	388	0.000471
279	389	0.000001
280	286	0.000005
280	288	0.000031
280	289	0.000009
280	379	0.001724
280	384	0.922570
280	387	0.000622
280	388	0.000001
281	287	0.000044
281	288	0.000006
281	290	0.000255
281	374	0.000002
281	380	0.000023
281	383	0.957171
281	384	0.000140
281	386	0.000707
282	286	0.000033
282	288	0.000001
282	289	0.000250
282	376	0.000002
282	379	0.000022
282	384	0.000075
283	288	0.000189
283	376	0.000297
283	384	0.000248
284	290	0.000023
284	374	0.000022
284	376	0.000023
284	379	0.000001
284	380	0.997226
284	383	0.000238
285	289	0.000017
285	376	0.000299
285	379	0.997031
286	372	0.000013
286	373	0.000020
286	375	0.000284
286	377	0.000020
286	378	0.996748
286	381	0.000006
286	382	0.000198
287	377	0.994839
287	381	0.000199
288	372	0.000205
288	373	0.004275
288	375	0.034441
288	377	0.000047
288	378	0.000005
289	372	0.003700
289	373	0.002858
289	375	0.058309
289	377	0.000004
289	378	0.001029
290	377	0.001172
291	371	0.001140
291	376	0.001338
291	389	0.000001
292	371	0.917973
292	376	0.000005
292	388	0.000001
293	368	0.000003
293	369	0.000009
293	370	0.987858
293	371	0.009939
293	374	0.000018
293	387	0.000001
294	367	0.000003
294	368	0.000007
294	369	0.987857
294	370	0.010643
294	371	0.000037
294	374	0.000027
294	386	0.000001
295	366	0.000003
295	372	0.000006
295	373	0.000025
295	385	0.000001
296	367	0.000063
296	368	0.997384
296	369	0.002075
296	370	0.000090
296	371	0.000005
296	384	0.000001
297	367	0.997615
297	368	0.002071
297	369	0.000090
297	370	0.000005
297	383	0.000001
298	365	0.000079
298	366	0.985673
298	382	0.000001
299	364	0.000017
299	367	0.001811
299	368	0.000004
300	365	0.852526
300	366	0.000957
301	364	0.995133
302	362	0.000003
302	363	0.999950
303	361	0.000002
303	362	0.999987
304	361	0.999988
305	360	0.999956
306	359	0.999917
307	358	0.999743
308	357	0.999939
309	356	0.999938
310	355	0.999499
311	354	0.999192
312	353	0.999964
313	352	0.999668
314	350	0.000006
314	351	0.999765
315	329	0.001460
315	350	0.997678
315	351	0.000005
316	321	0.000145
316	322	0.000123
316	328	0.006726
316	331	0.000065
316	349	0.539395
316	352	0.000069
317	326	0.004759
317	327	0.012140
317	329	0.000176
317	342	0.000001
317	343	0.000196
317	344	0.000718
317	350	0.000033
317	351	0.000167
318	326	0.016171
318	327	0.000091
318	329	0.121882
318	342	0.000196
318	343	0.000715
318	344	0.000008
318	350	0.000203
319	328	0.122898
319	339	0.000002
319	349	0.000158
319	352	0.000002
320	326	0.018458
320	327	0.122932
320	329	0.000044
320	342	0.000127
320	343	0.000114
320	344	0.000764
320	350	0.000013
320	351	0.000004
321	325	0.015274
321	326	0.105287
321	327	0.000007
321	329	0.000001
321	330	0.000005
321	337	0.000005
321	340	0.000051
321	342	0.000105
321	343	0.000657
321	344	0.002163
321	345	0.001268
321	347	0.000001
321	350	0.000006
322	326	0.000184
322	327	0.000002
322	329	0.000005
322	330	0.000460
322	337	0.000014
322	340	0.000026
322	342	0.000417
322	343	0.002941
322	344	0.001349
322	345	0.000120
322	350	0.000004
322	351	0.000004
323	327	0.000004
323	329	0.000527
323	335	0.000043
323	342	0.003198
323	343	0.001349
323	344	0.000126
323	350	0.000069
323	351	0.000003
324	328	0.000346
324	334	0.000021
324	339	0.000002
324	349	0.000125
325	334	0.000685
325	339	0.000070
325	349	0.002166
326	333	0.000721
326	334	0.000002
326	338	0.000063
326	339	0.005719
326	341	0.000027
326	346	0.000002
326	348	0.002332
326	349	0.408732
327	332	0.000717
327	333	0.000002
327	336	0.000055
327	338	0.006132
327	341	0.000002
327	346	0.000045
327	348	0.853259
327	349	0.000009
328	335	0.000053
328	337	0.006144
328	340	0.000002
328	345	0.000020
328	347	0.858933
329	334	0.000020
329	336	0.006114
329	338	0.000001
329	339	0.000002
329	346	0.861840
329	348	0.000247
329	349	0.000011
330	334	0.000034
330	349	0.000077
331	335	0.000040
331	343	0.000001
331	344	0.001119
331	345	0.964203
331	347	0.000011
332	342	0.000001
332	343	0.001579
332	344	0.991166
333	342	0.001594
333	343	0.991252
333	344	0.000021
334	340	0.000052
334	342	0.988808
334	343	0.000022
334	344	0.000001
334	345	0.000001
334	347	0.000093
335	339	0.000065
335	341	0.973502
335	346	0.000127
336	342	0.000072
336	343	0.000003
336	344	0.000012
338	342	0.000003
338	343	0.000140
338	344	0.000001
339	343	0.000001
341	350	0.000017
342	348	0.000008
342	349	0.000028
343	348	0.000034
344	348	0.000002
345	349	0.000005
346	350	0.000013
372	376	0.000006
374	381	0.000008
376	382	0.000001
376	385	0.000002
377	383	0.000003
377	384	0.000002
377	386	0.000005
377	388	0.000001
377	389	0.000001
378	387	0.000002
378	388	0.000001
381	386	0.000022
381	388	0.000003
381	389	0.000002
382	387	0.000002
382	388	0.000002
390	413	0.000001
391	412	0.000001
392	411	0.000001
393	428	0.000001
394	407	0.002747
394	409	0.002091
394	410	0.000031
395	407	0.991518
395	409	0.000001
395	425	0.000001
396	405	0.000329
396	406	0.999497
396	424	0.000001
397	404	0.000329
397	405	0.999525
397	406	0.000090
397	423	0.000001
398	402	0.000029
398	404	0.998940
398	405	0.000123
399	403	0.810735
399	404	0.000141
402	419	0.000001
403	418	0.000001
407	428	0.001102
409	426	0.000357
409	427	0.721279
409	428	0.000845
409	429	0.000612
409	430	0.000246
410	426	0.957706
410	427	0.000908
410	428	0.000254
410	429	0.000078
410	430	0.000010
411	425	0.999879
412	424	0.999988
413	420	0.000001
413	423	0.999953
414	419	0.000006
414	422	0.999710
415	420	0.000569
415	421	0.990257
416	422	0.000017
417	421	0.000023
517	525	0.000009
518	524	0.000011
519	523	0.000008
520	528	0.000005
520	529	0.000530
520	530	0.000009
521	528	0.003349
521	529	0.000106
521	530	0.000013
521	533	0.000232
522	532	0.000234
523	528	0.000024
523	529	0.000006
523	530	0.000002
523	531	0.000233
523	534	0.000004
524	528	0.000030
524	529	0.000024
524	530	0.000240
524	533	0.000005
525	532	0.000004
525	666	0.000002
526	666	0.000014
527	663	0.000025
527	667	0.000158
528	662	0.000026
528	664	0.000123
528	665	0.000609
528	666	0.000759
528	668	0.000006
529	661	0.000026
529	662	0.000046
529	664	0.000818
529	665	0.001223
529	666	0.866032
530	661	0.000046
530	662	0.000331
530	664	0.000870
530	665	0.989029
530	666	0.000023
531	661	0.000330
531	662	0.000862
531	664	0.997402
531	665	0.000013
532	660	0.000095
532	663	0.996876
533	659	0.000004
533	661	0.003573
533	662	0.984911
533	664	0.000001
535	660	0.995827
536	659	0.999410
537	658	0.999977
538	657	0.999990
539	656	0.999980
540	655	0.999584
541	654	0.999977
542	653	0.999991
543	652	0.999963
544	650	0.000009
544	651	0.999945
545	650	0.999768
546	647	0.000026
546	648	0.998902
547	647	0.991469
547	648	0.000042
547	649	0.000019
548	646	0.991894
549	645	0.999389
550	644	0.999956
551	642	0.000557
551	643	0.997333
551	647	0.000001
552	641	0.000844
552	644	0.000001
552	646	0.000001
554	641	0.992441
554	644	0.000002
555	638	0.000683
555	640	0.993098
555	642	0.003432
555	643	0.000002
556	641	0.003442
557	641	0.000003
559	636	0.000003
559	637	0.992280
559	638	0.000025
559	639	0.000003
560	635	0.000002
560	636	0.999959
560	638	0.000001
561	635	0.999973
562	634	0.999118
563	632	0.032657
563	633	0.967284
564	631	0.064939
564	632	0.932524
564	633	0.000008
565	630	0.092225
566	628	0.000036
566	630	0.603732
567	627	0.000018
567	629	0.303668
568	629	0.678047
569	628	0.999499
570	627	0.999464
571	626	0.999978
572	625	0.999778
573	623	0.999360
574	622	0.999136
575	621	0.999190
576	615	0.000001
576	619	0.000001
576	620	0.999947
577	614	0.000002
577	618	0.000002
577	619	0.999824
577	620	0.000025
578	600	0.000211
578	613	0.000002
578	618	0.976144
578	619	0.000047
579	595	0.000006
579	596	0.000020
579	598	0.000068
579	599	0.001262
579	601	0.000004
579	612	0.000003
579	617	0.946653
580	594	0.000007
580	595	0.000033
580	597	0.000051
580	598	0.003704
580	599	0.000298
580	601	0.000050
580	611	0.000005
580	612	0.003745
580	617	0.000401
581	593	0.000007
581	594	0.000034
581	596	0.000053
581	597	0.002684
581	599	0.001552
581	610	0.000005
581	611	0.003777
581	617	0.000052
582	591	0.000009
582	593	0.000033
582	594	0.000064
582	596	0.001397
582	597	0.043073
582	609	0.000005
582	610	0.003772
582	611	0.000027
582	617	0.000009
583	590	0.000009
583	591	0.000011
583	593	0.000065
583	594	0.000064
583	596	0.044553
583	597	0.000002
583	599	0.000127
583	609	0.003759
583	610	0.000028
583	611	0.000017
583	617	0.000009
584	588	0.000002
584	589	0.000011
584	590	0.000009
584	591	0.000007
584	593	0.000058
584	594	0.000009
584	595	0.045844
584	596	0.000002
584	597	0.000002
584	598	0.000161
584	609	0.000027
584	610	0.000011
584	611	0.000110
584	612	0.907487
585	590	0.000009
585	591	0.000129
585	593	0.000012
585	594	0.045605
585	596	0.000003
585	597	0.000163
585	609	0.000013
585	610	0.000140
585	611	0.948970
586	590	0.000128
586	591	0.000046
586	593	0.045109
586	594	0.000300
586	596	0.000162
586	597	0.000006
586	603	0.000001
586	606	0.000002
586	609	0.000143
586	610	0.948989
586	611	0.000698
587	591	0.004872
587	593	0.000562
587	594	0.000155
587	596	0.000006
587	602	0.000001
587	606	0.000010
587	609	0.942806
587	610	0.000789
587	611	0.000006
588	592	0.000313
588	605	0.000011
588	607	0.003004
588	608	0.353162
590	600	0.000002
590	604	0.000130
590	605	0.206946
590	607	0.013816
590	608	0.588262
591	600	0.000028
591	604	0.206953
591	605	0.000991
591	607	0.728487
591	608	0.000005
592	597	0.000004
592	598	0.000014
592	599	0.000041
592	601	0.012551
592	602	0.000690
592	603	0.190399
592	606	0.741343
592	609	0.000019
593	600	0.037343
593	604	0.000577
593	605	0.742599
593	607	0.000054
593	608	0.000929
594	600	0.031922
594	604	0.738760
594	605	0.000051
594	607	0.001128
596	600	0.012751
596	604	0.000378
596	605	0.002267
596	608	0.000005
597	604	0.002361
597	605	0.000003
597	607	0.000005
597	608	0.000008
598	616	0.000959
599	604	0.000016
599	605	0.000003
599	607	0.000113
599	614	0.000001
599	615	0.000991
599	616	0.000008
599	618	0.023442
600	606	0.000114
600	610	0.000002
600	611	0.000001
600	617	0.038003
601	616	0.039295
602	607	0.000004
602	608	0.000020
602	613	0.000034
602	614	0.009723
602	615	0.036203
602	616	0.000002
603	607	0.000019
603	613	0.013002
603	614	0.032624
603	615	0.000002
604	609	0.000005
604	610	0.000482
604	611	0.044733
605	609	0.000479
605	610	0.045038
605	611	0.000329
606	613	0.000027
606	618	0.000006
607	611	0.000008
607	617	0.000006
608	617	0.000007
609	615	0.000028
609	616	0.000011
610	614	0.000027
610	615	0.000012
679	683	0.000003
679	686	0.000015
679	688	0.000013
679	689	0.000001
679	694	0.000003
679	706	0.000020
679	761	0.000008
680	687	0.000016
680	691	0.000010
680	760	0.000008
681	688	0.000073
681	690	0.000024
681	704	0.006986
681	705	0.000017
681	707	0.000001
681	759	0.000006
682	687	0.000100
682	691	0.000021
682	692	0.124070
682	693	0.000205
682	696	0.000008
682	698	0.000031
682	703	0.010824
682	762	0.000003
683	687	0.000012
683	691	0.141980
683	695	0.000013
683	697	0.000037
683	702	0.019911
683	703	0.000020
683	760	0.000044
684	688	0.000025
684	690	0.128603
684	700	0.000026
684	701	0.020364
684	705	0.000034
684	759	0.000045
685	690	0.000293
685	700	0.020218
685	701	0.000466
685	704	0.000043
685	728	0.000006
685	730	0.000002
685	758	0.000040
686	691	0.001712
686	695	0.002870
686	697	0.000003
686	702	0.000015
686	703	0.000044
686	711	0.000023
686	727	0.000007
686	729	0.000003
686	760	0.000089
687	694	0.019375
687	699	0.072533
687	700	0.000003
687	709	0.000368
687	712	0.000004
687	724	0.000019
687	725	0.000001
687	734	0.000004
687	735	0.000002
687	739	0.000043
687	746	0.000004
687	756	0.000004
687	758	0.000002
687	759	0.000085
687	761	0.000323
688	692	0.000041
688	693	0.016619
688	696	0.000029
688	698	0.072728
688	708	0.000360
688	711	0.000003
688	721	0.000008
688	722	0.000053
688	723	0.000010
688	737	0.000001
688	738	0.000046
688	740	0.000003
688	745	0.000004
688	757	0.000001
688	760	0.000306
689	695	0.000047
689	697	0.072786
689	711	0.000004
689	720	0.000013
689	721	0.000069
689	760	0.000009
690	695	0.000026
690	696	0.072112
690	708	0.000005
690	710	0.000005
690	720	0.000060
690	737	0.000129
690	738	0.000096
690	740	0.000021
690	741	0.000004
690	742	0.000001
690	743	0.000001
690	747	0.000004
690	751	0.000009
690	757	0.003429
690	760	0.000003
690	762	0.000118
691	706	0.001262
691	709	0.000002
691	718	0.000150
691	733	0.000057
691	734	0.000339
691	735	0.002765
691	736	0.000219
691	739	0.000032
691	746	0.000010
691	749	0.000001
691	750	0.000019
691	753	0.000002
691	754	0.000014
691	755	0.000034
691	756	0.007644
691	759	0.000026
691	761	0.000239
692	705	0.001275
692	717	0.000152
692	732	0.000050
692	736	0.003815
692	739	0.000032
692	748	0.000002
692	749	0.000021
692	750	0.000005
692	752	0.000002
692	753	0.000017
692	754	0.000055
692	755	0.007436
692	758	0.000028
692	759	0.000075
693	704	0.001278
693	716	0.000152
693	732	0.000021
693	736	0.000827
693	739	0.000012
693	748	0.000019
693	749	0.000004
693	752	0.000010
693	753	0.000032
693	754	0.005404
693	755	0.000008
693	758	0.000057
693	759	0.000014
694	702	0.000005
694	703	0.001277
694	715	0.000152
694	721	0.000001
694	729	0.000001
694	760	0.000187
695	699	0.000002
695	701	0.000007
695	706	0.000005
695	709	0.000003
695	731	0.003210
695	732	0.000008
695	733	0.894588
695	734	0.000690
695	735	0.000056
695	736	0.000002
695	756	0.000005
695	759	0.000003
695	761	0.000002
696	700	0.000006
696	701	0.000350
696	705	0.000005
696	707	0.000017
696	713	0.000151
696	719	0.000002
696	730	0.003212
696	732	0.902068
696	755	0.000003
696	758	0.000001
697	704	0.000003
697	705	0.000001
697	706	0.000018
697	712	0.000152
697	718	0.000002
697	731	0.903908
698	704	0.000006
698	705	0.000015
698	717	0.000002
698	728	0.005300
698	730	0.903837
699	703	0.000007
699	711	0.000139
699	727	0.005731
699	729	0.902954
700	710	0.000075
700	711	0.000474
700	715	0.000002
700	726	0.002984
700	727	0.779202
700	729	0.000007
700	737	0.000001
700	738	0.000023
701	708	0.000006
701	710	0.001647
701	714	0.000002
701	726	0.952294
701	727	0.000526
701	737	0.000034
702	706	0.000003
702	707	0.000006
702	709	0.001908
702	712	0.000001
702	713	0.000023
702	725	0.973074
702	732	0.000003
702	733	0.000001
702	734	0.000033
702	735	0.000051
702	736	0.000036
703	707	0.000003
703	709	0.000374
703	712	0.000100
703	724	0.973309
703	725	0.000002
703	731	0.000009
703	732	0.000001
703	733	0.000046
703	734	0.000052
703	735	0.000038
704	708	0.000307
704	710	0.000005
704	711	0.000103
704	722	0.000046
704	723	0.972299
705	710	0.000078
705	711	0.000003
705	721	0.000091
705	722	0.971743
705	723	0.000007
706	711	0.000018
706	714	0.000001
706	715	0.000014
706	720	0.000177
706	721	0.969429
706	729	0.000006
707	711	0.000002
707	714	0.000033
707	715	0.000007
707	720	0.777190
707	721	0.000153
707	722	0.000027
707	729	0.000004
708	713	0.000064
708	716	0.058066
708	717	0.000974
708	719	0.616092
708	728	0.000003
708	730	0.004381
708	732	0.000014
709	714	0.014017
709	715	0.077281
709	720	0.184943
709	721	0.000003
709	727	0.000002
709	729	0.005095
709	760	0.000004
710	716	0.012671
710	717	0.266937
710	719	0.224779
710	728	0.003354
710	730	0.000016
710	732	0.000007
710	759	0.000004
711	716	0.149819
711	717	0.002952
711	718	0.236141
711	719	0.000145
711	728	0.013621
711	731	0.000006
712	720	0.000147
712	721	0.000006
712	727	0.022081
713	720	0.000013
713	726	0.022709
714	718	0.000873
714	719	0.000068
714	725	0.022905
715	719	0.000013
715	724	0.022904
716	722	0.000037
716	723	0.022286
717	721	0.000061
717	722	0.016861
717	723	0.000007
718	727	0.000004
719	726	0.000007
720	725	0.000008
725	760	0.000002
726	749	0.000002
726	759	0.000002
727	731	0.000002
727	733	0.000004
727	748	0.000007
727	758	0.000003
727	761	0.000001
728	747	0.000009
728	757	0.000004
728	760	0.000001
728	762	0.000256
729	733	0.000004
729	734	0.000003
729	735	0.000005
729	739	0.000001
729	746	0.000013
729	756	0.000005
729	759	0.000001
729	761	0.000795
730	738	0.000001
730	745	0.000012
730	760	0.000742
731	760	0.000047
732	737	0.000002
732	738	0.000001
732	741	0.000003
732	743	0.000001
732	757	0.000023
732	760	0.000004
732	762	0.000006
732	763	0.000001
733	760	0.000070
734	760	0.000267
735	760	0.001149
736	740	0.000041
736	741	0.000143
736	742	0.000116
736	743	0.000184
736	744	0.000069
736	745	0.000095
736	747	0.000017
736	751	0.002490
736	757	0.000295
736	760	0.029148
736	762	0.000069
736	763	0.000012
737	748	0.000021
737	749	0.001232
737	750	0.003090
737	752	0.000199
737	753	0.338306
737	754	0.001926
737	755	0.000664
737	758	0.000230
737	759	0.046531
738	748	0.001610
738	749	0.003014
738	750	0.000189
738	752	0.447418
738	753	0.001592
738	754	0.000594
738	755	0.000158
738	758	0.049673
738	759	0.000453
739	743	0.000055
739	744	0.000202
739	745	0.000127
739	747	0.001587
739	751	0.464349
739	757	0.046565
739	760	0.001344
739	762	0.000024
739	763	0.000008
740	748	0.000074
740	749	0.001096
740	750	0.464340
740	752	0.000159
740	753	0.000412
740	754	0.001181
740	755	0.026138
740	758	0.000067
740	759	0.001679
741	748	0.001345
741	749	0.453644
741	750	0.007212
741	752	0.000466
741	753	0.001497
741	754	0.029351
741	755	0.029897
741	758	0.001443
741	759	0.000250
742	748	0.379110
742	749	0.008963
742	750	0.002784
742	752	0.001333
742	753	0.029759
742	754	0.033558
742	755	0.015557
742	758	0.000213
742	759	0.000192
743	748	0.007346
743	749	0.003182
743	750	0.002110
743	752	0.028103
743	753	0.032994
743	754	0.019062
743	755	0.001461
743	758	0.000169
743	759	0.000191
744	748	0.002023
744	749	0.001937
744	750	0.001628
744	752	0.028284
744	753	0.019770
744	754	0.001700
744	755	0.000858
744	758	0.000171
744	759	0.000157
745	749	0.001103
745	750	0.001571
745	752	0.014644
745	753	0.001477
745	754	0.000933
745	755	0.000063
745	758	0.000135
745	759	0.000035
746	760	0.012714
747	752	0.000149
747	753	0.000452
747	754	0.000626
747	755	0.000239
747	758	0.000613
747	759	0.012219
748	757	0.000813
748	760	0.000049
748	762	0.000083
748	763	0.000089
749	757	0.000805
749	760	0.000092
749	762	0.000140
749	763	0.000063
750	757	0.000319
750	760	0.001362
750	762	0.000101
750	763	0.000012
751	755	0.000122
751	758	0.000533
751	759	0.001617
752	757	0.000513
752	760	0.000152
752	762	0.000047
752	763	0.000235
753	757	0.000106
753	760	0.000503
753	762	0.000419
753	763	0.000147
754	760	0.000508
754	762	0.000300
754	763	0.000524
755	760	0.000151
755	762	0.000803
755	763	0.000042
756	760	0.000451
758	762	0.000102
758	763	0.000102
759	763	0.000039
