1	7	0.000064
1	8	0.000055
1	9	0.000013
1	12	0.000022
1	13	0.000011
1	15	0.000092
1	29	0.000002
1	33	0.000004
1	41	0.367476
1	67	0.001945
1	253	0.000123
1	263	0.000001
1	268	0.000002
1	830	0.000305
1	833	0.000052
1	842	0.000025
1	843	0.000049
1	844	0.000219
1	846	0.000028
1	847	0.000085
1	848	0.000237
1	849	0.000879
1	852	0.000711
1	853	0.001952
2	7	0.000190
2	8	0.000041
2	9	0.000008
2	11	0.000029
2	12	0.000021
2	14	0.000111
2	15	0.000036
2	28	0.000003
2	30	0.000343
2	32	0.000004
2	39	0.000320
2	40	0.493515
2	41	0.002900
2	42	0.008291
2	46	0.003324
2	50	0.000214
2	52	0.000006
2	53	0.000093
2	60	0.000002
2	62	0.001231
2	64	0.000004
2	65	0.000133
2	66	0.002185
2	67	0.000007
2	252	0.000162
2	253	0.000002
2	254	0.000004
2	263	0.000001
2	264	0.000165
2	825	0.000001
2	829	0.000228
2	830	0.000200
2	833	0.000035
2	840	0.001846
2	842	0.000052
2	843	0.000216
2	844	0.000665
2	846	0.000064
2	847	0.000239
2	848	0.001510
2	849	0.001341
2	850	0.102171
2	852	0.001775
2	853	0.000271
2	855	0.018851
3	7	0.000042
3	8	0.000033
3	9	0.000015
3	11	0.000023
3	13	0.000109
3	14	0.000047
3	29	0.000346
3	30	0.000003
3	39	0.493711
3	40	0.003599
3	41	0.006708
3	42	0.079623
3	46	0.000239
3	50	0.000057
3	52	0.000093
3	61	0.001295
3	62	0.000008
3	64	0.000134
3	65	0.002168
3	66	0.000008
3	251	0.000162
3	252	0.000002
3	253	0.000001
3	254	0.000004
3	263	0.000056
3	264	0.000403
3	824	0.000001
3	828	0.000146
3	829	0.000098
3	830	0.000098
3	833	0.000019
3	840	0.000550
3	842	0.000088
3	843	0.000766
3	844	0.000356
3	846	0.000074
3	847	0.001361
3	848	0.001734
3	849	0.093752
3	850	0.042322
3	852	0.000145
3	853	0.001220
3	855	0.022845
4	8	0.000026
4	9	0.000018
4	12	0.000104
4	13	0.000045
4	26	0.000004
4	28	0.000348
4	29	0.000002
4	41	0.076315
4	58	0.000006
4	60	0.001373
4	61	0.000004
4	253	0.000003
4	263	0.000338
4	268	0.000003
4	830	0.000067
4	833	0.000031
4	842	0.000652
4	843	0.000318
4	844	0.000052
4	846	0.001018
4	847	0.001318
4	848	0.078936
4	849	0.036263
4	852	0.001112
4	853	0.008999
5	10	0.000075
5	25	0.000005
5	27	0.000349
5	48	0.000062
5	56	0.000064
5	57	0.000007
5	59	0.001384
5	68	0.000016
5	250	0.000062
5	261	0.000001
5	266	0.000042
5	269	0.008767
5	270	0.000009
5	271	0.000003
5	827	0.000023
5	854	0.037633
6	24	0.000005
6	26	0.000347
6	41	0.000546
6	55	0.000064
6	58	0.001272
6	67	0.000013
6	263	0.000004
6	268	0.008722
6	826	0.000018
6	830	0.000045
6	833	0.000284
6	842	0.000142
6	843	0.000029
6	844	0.000120
6	846	0.004186
6	847	0.001230
6	848	0.000510
6	849	0.000142
6	852	0.001830
6	853	0.030425
7	25	0.000323
7	37	0.000118
7	38	0.009055
7	43	0.000147
7	44	0.000157
7	45	0.000081
7	47	0.000038
7	48	0.000016
7	49	0.000038
7	51	0.000009
7	54	0.000060
7	56	0.000001
7	57	0.001171
7	63	0.000002
7	262	0.000005
7	265	0.000002
7	266	0.000011
7	267	0.008485
7	831	0.000021
7	832	0.000298
7	834	0.000018
7	835	0.000055
7	836	0.000087
7	837	0.000095
7	838	0.000097
7	839	0.000132
7	841	0.000139
7	845	0.003718
7	851	0.001964
7	854	0.000067
7	856	0.000123
7	857	0.000140
8	21	0.000003
8	22	0.000163
8	37	0.004899
8	38	0.817587
8	43	0.000102
8	44	0.000066
8	45	0.000010
8	47	0.000013
8	48	0.000032
8	49	0.000004
8	51	0.000002
8	56	0.000298
8	265	0.000009
8	266	0.006884
8	267	0.000004
8	831	0.000156
8	832	0.000014
8	834	0.000035
8	835	0.000079
8	836	0.000092
8	837	0.000094
8	838	0.000121
8	839	0.000016
8	841	0.000011
8	845	0.000055
8	851	0.000999
8	854	0.000025
8	856	0.000128
8	857	0.000452
9	19	0.000017
9	21	0.000202
9	22	0.000004
9	31	0.000003
9	34	0.000001
9	37	0.968399
9	38	0.000278
9	43	0.000021
9	44	0.000003
9	47	0.000007
9	48	0.000002
9	54	0.000001
9	265	0.002186
9	266	0.000003
9	831	0.000008
9	832	0.000003
9	834	0.000035
9	835	0.000053
9	836	0.000054
9	837	0.000068
9	838	0.000012
9	839	0.000002
9	841	0.000007
9	845	0.000007
9	851	0.000020
9	854	0.000006
9	856	0.000805
9	857	0.000005
10	18	0.000020
10	20	0.000203
10	23	0.000012
10	30	0.000003
10	32	0.000002
10	33	0.000001
10	36	0.997965
10	42	0.000005
10	46	0.000002
10	53	0.000001
10	264	0.000254
10	840	0.000002
10	850	0.000003
10	855	0.000845
11	16	0.000040
11	35	0.998161
11	269	0.000012
11	854	0.000836
12	17	0.000001
12	19	0.000014
12	21	0.000003
12	22	0.000003
12	31	0.000005
12	34	0.990142
12	35	0.000005
12	37	0.000002
12	38	0.000004
12	51	0.000001
12	262	0.000003
12	269	0.000001
13	17	0.000004
13	19	0.000002
13	21	0.000003
13	31	0.000122
13	34	0.000109
13	37	0.000005
13	49	0.000110
13	262	0.000001
13	267	0.000115
13	851	0.000002
14	35	0.000021
14	48	0.000131
14	266	0.000132
15	21	0.000002
15	31	0.913018
15	34	0.000022
15	47	0.000130
15	265	0.000132
15	851	0.000056
16	20	0.000002
16	28	0.000021
16	29	0.077413
16	30	0.916123
16	32	0.000049
16	33	0.000009
16	46	0.000123
16	61	0.000007
16	264	0.000131
16	850	0.000064
17	26	0.000067
17	28	0.533621
17	29	0.462112
17	60	0.000038
17	263	0.000060
17	849	0.000041
18	25	0.000141
18	27	0.987836
18	59	0.000055
18	261	0.000004
19	24	0.000103
19	26	0.986889
19	28	0.010468
19	58	0.000055
19	60	0.000001
19	260	0.000004
20	25	0.983375
20	27	0.010719
20	57	0.000054
20	59	0.000001
20	259	0.000004
21	26	0.008111
21	28	0.000001
21	29	0.000003
22	26	0.000008
22	28	0.000017
22	55	0.000004
23	27	0.000017
23	35	0.000001
23	48	0.000041
23	57	0.000002
23	256	0.000003
24	34	0.000001
24	37	0.000025
24	47	0.000042
24	54	0.000001
24	56	0.000002
24	255	0.000003
25	36	0.000027
25	39	0.000005
25	46	0.000042
25	52	0.000057
25	64	0.000003
25	842	0.000004
26	35	0.000027
26	37	0.000054
26	38	0.000003
26	45	0.000039
26	47	0.000001
26	51	0.000058
26	63	0.000003
26	841	0.000004
27	36	0.000063
27	39	0.000008
27	46	0.000002
27	50	0.000058
27	62	0.000003
27	840	0.000005
28	35	0.000061
28	38	0.000008
28	45	0.000002
28	49	0.000054
28	839	0.000004
29	34	0.000036
29	37	0.000008
29	44	0.000001
29	48	0.000045
29	49	0.000005
29	838	0.000004
30	35	0.000010
30	48	0.000009
30	59	0.000105
31	58	0.000108
32	48	0.000010
32	57	0.000110
33	38	0.000001
33	43	0.000002
33	44	0.000002
33	47	0.000010
33	56	0.000109
33	856	0.000009
33	857	0.000005
34	41	0.000029
34	55	0.000106
34	61	0.000010
35	39	0.000002
35	40	0.000032
35	42	0.000013
35	46	0.000005
35	50	0.000003
35	53	0.000005
35	60	0.000052
35	855	0.000776
36	48	0.000005
36	59	0.000059
36	854	0.000779
37	41	0.000004
37	58	0.000031
37	60	0.000002
37	61	0.000003
37	844	0.000001
37	847	0.000001
37	848	0.000003
37	849	0.000005
37	852	0.000001
37	853	0.000745
38	58	0.004111
38	60	0.000029
38	268	0.000001
38	830	0.000005
38	833	0.000002
38	842	0.000002
38	843	0.000002
38	844	0.000002
38	846	0.000002
38	847	0.000005
38	848	0.000011
38	849	0.000007
38	852	0.000520
38	853	0.000015
39	48	0.002866
39	56	0.000004
39	57	0.006273
39	59	0.000036
39	68	0.000003
39	69	0.000007
39	72	0.000191
39	266	0.000006
39	269	0.000163
39	270	0.001113
39	271	0.000011
39	272	0.000030
39	854	0.000288
40	48	0.029945
40	56	0.006292
40	57	0.000029
40	59	0.000005
40	68	0.000027
40	69	0.000001
40	71	0.000193
40	266	0.000086
40	269	0.001183
40	270	0.000018
40	271	0.000043
40	281	0.000002
40	854	0.000259
41	45	0.000092
41	47	0.027784
41	48	0.000393
41	49	0.056543
41	51	0.000043
41	54	0.000022
41	56	0.000012
41	57	0.000138
41	68	0.000003
41	69	0.000003
41	70	0.000192
41	262	0.000002
41	265	0.000076
41	266	0.000001
41	267	0.001278
41	269	0.000009
41	270	0.000062
41	280	0.000002
41	831	0.000009
41	832	0.000007
41	834	0.000007
41	835	0.000009
41	836	0.000009
41	837	0.000008
41	838	0.000008
41	839	0.000005
41	841	0.000005
41	845	0.000010
41	851	0.000060
41	854	0.000027
41	856	0.001353
41	857	0.000032
42	48	0.070267
42	56	0.000268
42	57	0.000006
42	59	0.000053
42	68	0.000693
42	69	0.000186
42	261	0.000002
42	266	0.001362
42	269	0.000336
42	270	0.000005
42	271	0.000001
42	279	0.000002
42	854	0.030297
43	55	0.000233
43	58	0.000052
43	60	0.000001
43	61	0.000002
43	67	0.000651
43	263	0.000007
43	268	0.000278
43	830	0.000045
43	833	0.000019
43	842	0.000012
43	843	0.000071
43	844	0.000354
43	846	0.000019
43	847	0.000120
43	848	0.000721
43	849	0.001028
43	852	0.000088
43	853	0.030040
44	55	0.000004
44	58	0.000013
44	60	0.000003
44	61	0.000254
44	67	0.000007
44	263	0.000003
44	268	0.000006
44	830	0.000059
44	833	0.000026
44	842	0.000068
44	843	0.000394
44	844	0.000138
44	846	0.000100
44	847	0.000803
44	848	0.001185
44	849	0.000427
44	852	0.024275
44	853	0.001142
45	55	0.000003
45	58	0.000080
45	60	0.000661
45	61	0.000005
45	67	0.000002
45	263	0.000013
45	268	0.000003
45	830	0.000037
45	833	0.000019
45	842	0.000285
45	843	0.000119
45	844	0.000025
45	846	0.000596
45	847	0.000707
45	848	0.000394
45	849	0.000116
45	852	0.001012
45	853	0.000508
46	56	0.001862
46	57	0.000089
46	59	0.000710
46	68	0.002448
46	266	0.000063
46	269	0.000456
46	270	0.000007
46	271	0.000005
46	827	0.000166
46	854	0.031948
47	55	0.001834
47	58	0.000650
47	60	0.000174
47	61	0.000058
47	67	0.002454
47	263	0.000002
47	268	0.000398
47	826	0.000168
47	830	0.000090
47	833	0.000019
47	842	0.000019
47	843	0.000037
47	844	0.000603
47	846	0.000030
47	847	0.000078
47	848	0.000624
47	849	0.002926
47	852	0.000370
47	853	0.029134
48	52	0.000080
48	53	0.000514
48	55	0.000007
48	58	0.000003
48	60	0.000118
48	61	0.031871
48	62	0.001150
48	64	0.000007
48	65	0.000010
48	66	0.002174
48	254	0.000002
48	264	0.000104
48	273	0.000002
48	825	0.000169
48	829	0.000052
48	830	0.000060
48	833	0.000011
48	840	0.000437
48	842	0.000023
48	843	0.000687
48	844	0.000251
48	846	0.000035
48	847	0.000693
48	848	0.003192
48	849	0.000987
48	850	0.037958
48	852	0.012039
48	853	0.000436
48	855	0.014357
49	55	0.000010
49	58	0.000662
49	60	0.064609
49	61	0.000593
49	263	0.000047
49	268	0.000001
49	824	0.000164
49	830	0.000045
49	833	0.000020
49	842	0.000561
49	843	0.000220
49	844	0.000029
49	846	0.000510
49	847	0.002201
49	848	0.000986
49	849	0.032203
49	852	0.000470
49	853	0.000198
50	56	0.000884
50	57	0.000781
50	59	0.069783
50	68	0.000008
50	71	0.000002
50	261	0.000006
50	266	0.000012
50	269	0.001108
50	270	0.000069
50	271	0.001833
50	272	0.000012
50	854	0.021382
51	55	0.000585
51	58	0.069694
51	60	0.000038
51	67	0.000007
51	260	0.000006
51	268	0.001057
51	823	0.000002
51	830	0.000029
51	833	0.000013
51	842	0.000013
51	843	0.000015
51	844	0.000040
51	846	0.000051
51	847	0.000662
51	848	0.000385
51	849	0.000175
51	852	0.000136
51	853	0.016813
52	56	0.000105
52	57	0.069060
52	59	0.000042
52	68	0.000006
52	69	0.000350
52	259	0.000006
52	266	0.000059
52	269	0.000301
52	270	0.850349
52	271	0.000219
52	821	0.000164
52	854	0.000645
53	57	0.000054
53	59	0.000022
53	68	0.001288
53	258	0.000006
53	266	0.000608
53	269	0.904233
53	270	0.000380
53	820	0.000165
53	854	0.000353
54	58	0.000015
54	60	0.000002
54	67	0.001275
54	268	0.897784
54	817	0.000002
54	819	0.000155
54	842	0.000157
54	843	0.000003
54	844	0.000007
54	846	0.000116
54	847	0.000001
54	852	0.002048
54	853	0.000217
55	59	0.000002
55	63	0.000004
55	265	0.002527
55	266	0.000568
55	267	0.852951
55	269	0.000031
55	270	0.000009
55	816	0.000007
55	841	0.000181
55	845	0.000127
55	851	0.002457
55	854	0.000027
55	856	0.000094
55	857	0.000001
56	62	0.000005
56	65	0.001452
56	66	0.000062
56	67	0.000001
56	263	0.000005
56	264	0.003290
56	268	0.000091
56	815	0.000007
56	818	0.000157
56	840	0.000185
56	842	0.000001
56	843	0.000526
56	844	0.000090
56	847	0.000003
56	848	0.000002
56	849	0.000001
56	850	0.002508
56	853	0.000084
56	855	0.000114
57	61	0.000002
57	64	0.001457
57	65	0.000060
57	66	0.000001
57	263	0.003157
57	264	0.002623
57	268	0.000114
57	817	0.000157
57	840	0.000021
57	842	0.000752
57	843	0.000046
57	846	0.000004
57	847	0.000001
57	848	0.000004
57	849	0.001307
57	850	0.000052
57	852	0.000121
57	855	0.000079
58	63	0.001276
58	262	0.000967
58	265	0.813170
58	266	0.000336
58	267	0.000128
58	269	0.000004
58	813	0.000007
58	816	0.000157
58	838	0.000002
58	839	0.000018
58	841	0.000815
58	845	0.000004
58	851	0.000124
58	854	0.000066
58	856	0.000079
59	64	0.000030
59	263	0.005507
59	264	0.838673
59	268	0.000015
59	812	0.000007
59	815	0.000157
59	833	0.000001
59	840	0.000823
59	844	0.000002
59	846	0.000004
59	847	0.000006
59	848	0.000002
59	850	0.000120
59	852	0.000001
59	853	0.000009
59	855	0.000107
60	262	0.003457
60	265	0.000074
60	266	0.000010
60	267	0.000017
60	811	0.000006
60	814	0.000144
60	832	0.000001
60	838	0.000002
60	839	0.000761
60	845	0.000003
60	851	0.000002
60	854	0.000097
61	261	0.000099
61	262	0.906945
61	265	0.000003
61	266	0.000006
61	813	0.000032
61	837	0.000001
61	838	0.000267
62	68	0.000118
62	261	0.987168
63	67	0.000078
63	260	0.987191
64	68	0.000010
64	258	0.000011
64	259	0.987563
65	258	0.987104
65	259	0.000045
66	256	0.911480
66	258	0.000087
66	259	0.000002
67	255	0.877611
67	256	0.009659
67	258	0.000003
68	253	0.000002
68	254	0.486227
68	257	0.000058
69	252	0.000064
69	253	0.091603
69	254	0.512467
70	253	0.904754
71	251	0.000452
71	252	0.998834
71	253	0.000033
72	251	0.962233
72	252	0.000052
74	248	0.000596
74	249	0.979022
74	250	0.005281
75	247	0.000304
75	248	0.993387
75	249	0.002848
76	246	0.000010
76	247	0.997971
76	248	0.000463
77	246	0.999922
78	245	0.999915
79	244	0.999163
80	242	0.000155
80	243	0.998874
81	241	0.000157
81	242	0.999814
81	243	0.000002
82	240	0.000160
82	241	0.999823
82	242	0.000004
83	105	0.000019
83	239	0.000160
83	240	0.999794
83	241	0.000006
84	104	0.000235
84	105	0.000030
84	107	0.000020
84	236	0.000032
84	238	0.000057
84	239	0.998677
84	240	0.000007
85	105	0.002876
85	112	0.000008
85	235	0.000069
85	238	0.831770
86	95	0.000010
86	102	0.000765
86	103	0.953140
86	113	0.000021
86	114	0.000058
86	233	0.000286
87	94	0.000010
87	99	0.000003
87	102	0.963834
87	103	0.000016
87	106	0.000520
87	108	0.000003
87	113	0.000052
87	233	0.000008
87	234	0.000174
87	237	0.001219
88	93	0.000010
88	98	0.000006
88	101	0.997617
88	104	0.000705
88	105	0.000633
88	107	0.000002
88	111	0.000005
88	112	0.000003
88	235	0.000002
88	236	0.000773
89	97	0.000006
89	100	0.998049
89	101	0.000002
89	104	0.000685
89	110	0.000005
89	111	0.000003
89	235	0.000257
90	95	0.000006
90	99	0.998155
90	102	0.001376
90	103	0.000345
90	233	0.000026
91	97	0.000081
91	98	0.997859
91	101	0.001777
92	97	0.985568
92	98	0.000004
92	100	0.001780
93	99	0.001778
97	114	0.000001
98	113	0.000001
100	114	0.000152
101	113	0.000248
101	114	0.000006
102	107	0.000931
102	110	0.000253
102	111	0.024152
102	112	0.000302
102	116	0.000004
102	117	0.000011
102	236	0.000013
103	107	0.000058
103	110	0.024150
103	111	0.000333
103	112	0.000013
103	116	0.000021
103	164	0.000002
103	235	0.000009
103	236	0.000003
104	113	0.072419
104	114	0.357306
104	163	0.000007
104	233	0.000164
105	109	0.000336
105	113	0.357332
105	114	0.001797
105	115	0.001759
105	233	0.000052
105	234	0.000018
105	237	0.000008
106	112	0.313503
106	232	0.000049
106	235	0.000006
107	113	0.082242
107	114	0.017299
107	163	0.000006
107	231	0.000047
107	233	0.000205
108	112	0.054371
108	232	0.000045
108	235	0.000006
108	238	0.000001
109	232	0.000006
109	235	0.000008
109	238	0.000001
110	114	0.001744
110	162	0.000007
110	163	0.000040
110	231	0.000007
110	233	0.000052
111	161	0.000005
111	162	0.000025
111	163	0.000019
111	233	0.000183
112	161	0.000004
112	162	0.000002
112	163	0.000007
112	233	0.000009
112	234	0.000013
112	237	0.002324
113	164	0.000170
113	235	0.000003
113	236	0.002836
113	238	0.000002
113	240	0.000004
114	164	0.000713
114	232	0.000002
114	235	0.001186
114	236	0.002150
114	239	0.000005
115	232	0.000002
115	235	0.001822
115	238	0.000006
116	161	0.000010
116	162	0.995673
116	163	0.000124
116	233	0.000004
117	161	0.999844
117	162	0.000074
118	160	0.999498
119	159	0.999977
120	158	0.999979
121	156	0.000001
121	157	0.999033
122	156	0.999289
122	157	0.000001
123	155	0.999964
124	154	0.999511
125	153	0.999977
126	152	0.999984
127	150	0.000001
127	151	0.998870
128	150	0.999033
129	149	0.999970
130	148	0.999511
131	147	0.999977
132	146	0.999990
133	145	0.999985
134	144	0.999698
135	142	0.000009
135	143	0.999960
136	141	0.000009
136	142	0.999261
136	143	0.000005
137	141	0.756354
138	142	0.000002
160	237	0.000003
161	236	0.000009
162	232	0.000008
162	235	0.000014
162	236	0.000067
163	232	0.936549
163	235	0.000046
163	236	0.000280
164	231	0.996499
164	233	0.000020
165	230	0.999901
165	232	0.000001
166	229	0.999579
167	228	0.999964
168	226	0.000001
168	227	0.998841
169	226	0.998122
170	225	0.999475
171	224	0.999955
172	223	0.999731
173	222	0.999843
174	220	0.000663
174	221	0.973685
175	218	0.002238
175	222	0.000021
176	180	0.000001
176	217	0.001711
176	218	0.000226
176	219	0.857576
176	222	0.000001
176	223	0.000004
177	218	0.877455
177	222	0.000007
178	218	0.009150
179	215	0.000004
179	218	0.019416
179	222	0.000001
180	214	0.000002
180	220	0.000297
180	221	0.000003
181	216	0.001338
181	217	0.935257
181	218	0.000032
181	219	0.000183
182	215	0.000039
182	216	0.994694
182	217	0.000232
182	218	0.000048
183	215	0.999896
184	214	0.999506
185	213	0.999980
186	211	0.000026
186	212	0.999757
188	210	0.999543
188	211	0.000030
189	209	0.999141
190	206	0.000003
190	207	0.000020
190	208	0.997932
191	205	0.000011
191	206	0.000035
191	207	0.972425
191	208	0.000003
193	203	0.000023
193	204	0.000408
193	205	0.995603
193	206	0.000003
194	202	0.000031
194	203	0.001206
194	204	0.998728
195	201	0.000034
195	202	0.001961
195	203	0.997905
195	204	0.000018
196	201	0.002378
196	202	0.980295
196	203	0.000033
231	235	0.000001
231	236	0.000232
231	238	0.000005
232	237	0.000063
233	238	0.000059
233	239	0.000074
234	238	0.000125
256	855	0.012301
257	854	0.012342
258	853	0.012262
259	852	0.012317
260	851	0.012341
261	808	0.000001
261	840	0.000001
261	847	0.000012
261	848	0.000010
261	849	0.000002
261	850	0.012346
262	268	0.000087
262	807	0.000002
262	823	0.000001
262	833	0.000003
262	842	0.000002
262	844	0.000002
262	846	0.000236
262	847	0.000159
262	848	0.000052
262	849	0.011915
262	852	0.000006
262	853	0.000002
263	267	0.000078
263	269	0.000013
263	270	0.000124
263	282	0.000001
263	821	0.000013
263	822	0.000002
263	831	0.000002
263	832	0.000002
263	834	0.000008
263	835	0.000018
263	836	0.000026
263	837	0.000069
263	838	0.000022
263	839	0.000005
263	841	0.000002
263	845	0.000388
263	851	0.000007
263	854	0.000010
263	856	0.000263
263	857	0.000023
264	269	0.001820
264	270	0.000076
264	281	0.000001
264	805	0.000026
264	820	0.000031
264	854	0.000809
265	800	0.000001
265	804	0.000026
265	819	0.000032
265	833	0.000105
265	842	0.000001
265	843	0.000008
265	844	0.012836
265	846	0.000349
265	847	0.000036
265	848	0.000714
265	849	0.000014
265	852	0.000003
265	853	0.000643
266	278	0.000003
266	799	0.000001
266	803	0.000027
266	812	0.000017
266	818	0.000032
266	830	0.000002
266	833	0.000093
266	840	0.000013
266	842	0.000006
266	843	0.016648
266	844	0.000073
266	846	0.000015
266	847	0.001025
266	848	0.000025
266	849	0.000008
266	850	0.000352
266	852	0.000316
266	853	0.004710
266	855	0.000064
267	277	0.000003
267	798	0.000001
267	810	0.000002
267	817	0.000032
267	830	0.000004
267	833	0.005511
267	842	0.017100
267	843	0.000054
267	844	0.000019
267	846	0.001048
267	847	0.000021
267	848	0.000009
267	849	0.000315
267	852	0.005830
267	853	0.000008
268	276	0.000003
268	801	0.000028
268	811	0.000007
268	816	0.000032
268	831	0.000692
268	832	0.005762
268	834	0.000144
268	835	0.000003
268	836	0.000001
268	841	0.017174
268	845	0.001032
268	851	0.006252
268	854	0.000002
268	856	0.000112
269	795	0.000001
269	800	0.000030
269	809	0.000108
269	810	0.000006
269	815	0.000027
269	830	0.000704
269	833	0.000145
269	840	0.017161
269	842	0.000007
269	843	0.000005
269	844	0.000985
269	846	0.000001
269	847	0.000012
269	848	0.000004
269	849	0.000002
269	850	0.006276
269	852	0.000001
269	853	0.000002
269	855	0.000137
270	794	0.000001
270	799	0.000030
270	808	0.000152
270	809	0.000006
270	829	0.000508
270	830	0.136999
270	833	0.000006
270	840	0.000010
270	842	0.000001
270	843	0.000139
270	846	0.000001
270	848	0.000002
270	849	0.000789
270	850	0.000008
270	855	0.000005
271	798	0.000030
271	807	0.000152
271	808	0.000006
271	828	0.000264
271	829	0.992609
271	830	0.000252
271	833	0.000001
271	842	0.000002
271	848	0.000008
271	850	0.000004
271	855	0.000004
272	797	0.000028
272	806	0.000156
272	807	0.000003
272	828	0.999261
272	829	0.000139
272	855	0.000002
273	791	0.000002
273	805	0.000159
273	827	0.999763
273	854	0.000002
274	790	0.000002
274	795	0.000030
274	804	0.000159
274	826	0.998948
274	853	0.000002
275	789	0.000001
275	794	0.000030
275	803	0.000158
275	823	0.000001
275	824	0.007416
275	825	0.991910
276	788	0.000001
276	823	0.488745
276	824	0.504672
277	792	0.000064
277	801	0.000048
277	802	0.000004
277	821	0.000222
277	822	0.975266
278	284	0.000001
278	791	0.000070
278	820	0.000306
278	821	0.997177
279	736	0.000001
279	790	0.000069
279	796	0.000003
279	798	0.000001
279	799	0.000330
279	810	0.000011
279	818	0.000066
279	819	0.000094
280	735	0.000001
280	789	0.000066
280	790	0.000002
280	795	0.000004
280	797	0.000001
280	798	0.000330
280	800	0.000081
280	809	0.000012
280	817	0.000060
280	819	0.991213
281	359	0.000002
281	734	0.000001
281	788	0.000048
281	789	0.000002
281	790	0.000001
281	794	0.000004
281	796	0.000001
281	797	0.000328
281	799	0.000090
281	808	0.000012
281	815	0.000025
281	817	0.000002
281	818	0.996908
281	819	0.000006
282	733	0.000001
282	788	0.000004
282	789	0.000011
282	790	0.000021
282	795	0.000002
282	796	0.000328
282	797	0.000005
282	798	0.000093
282	800	0.000003
282	807	0.000012
282	809	0.000001
282	810	0.000006
282	817	0.870819
282	819	0.000001
283	355	0.000001
283	788	0.000024
283	789	0.000031
283	790	0.000027
283	795	0.000288
283	796	0.000010
283	797	0.000081
283	798	0.000006
283	800	0.000030
283	806	0.000009
283	809	0.000028
283	810	0.000032
283	817	0.001829
284	355	0.000010
284	356	0.994165
284	794	0.000073
284	796	0.000002
284	799	0.000013
284	812	0.000002
284	815	0.002233
285	355	0.998462
285	798	0.000007
286	353	0.000003
286	354	0.999006
286	792	0.000012
287	353	0.998255
287	791	0.000012
287	814	0.000001
288	351	0.000597
288	353	0.000012
288	813	0.000001
289	350	0.000024
289	351	0.725287
290	350	0.999302
290	351	0.000082
291	348	0.000001
291	349	0.998791
292	348	0.998873
292	349	0.000001
293	347	0.999974
294	346	0.999978
295	345	0.999571
296	344	0.999736
296	347	0.000002
297	302	0.000001
297	341	0.000020
297	344	0.000063
297	346	0.000002
298	340	0.000020
298	342	0.990608
298	343	0.000065
298	345	0.000003
299	339	0.000020
299	341	0.999459
299	344	0.000005
300	340	0.997871
300	343	0.000005
301	339	0.974904
302	306	0.000001
302	342	0.000002
302	343	0.000132
303	342	0.000131
303	343	0.000111
304	342	0.000111
304	343	0.000046
305	342	0.000046
306	338	0.997957
306	339	0.000016
306	341	0.000027
307	337	0.999447
307	340	0.000015
308	336	0.999974
308	339	0.000002
309	335	0.999958
309	338	0.000001
310	334	0.983005
312	331	0.000001
312	332	0.994312
312	333	0.000931
313	331	0.999385
314	330	0.999490
315	329	0.999963
316	328	0.999575
317	326	0.000011
317	327	0.999915
318	326	0.998639
318	327	0.000036
318	329	0.000002
319	328	0.000005
320	326	0.000214
320	327	0.000008
321	325	0.000664
321	326	0.000010
351	356	0.000005
351	794	0.000007
351	812	0.000001
352	791	0.000001
352	792	0.000006
352	793	0.000007
352	811	0.000001
353	790	0.000006
353	794	0.000001
353	810	0.000001
354	789	0.000007
354	790	0.000021
354	809	0.000001
355	792	0.000020
356	791	0.000036
357	736	0.000001
357	786	0.000009
357	787	0.996137
357	788	0.000040
357	789	0.000007
357	790	0.000007
357	794	0.000002
357	799	0.000006
357	807	0.000006
357	808	0.000001
357	815	0.000002
358	735	0.000001
358	786	0.998864
358	788	0.000003
358	789	0.000003
358	798	0.000005
358	806	0.000007
359	785	0.999414
359	805	0.000008
360	736	0.000004
360	783	0.000010
360	784	0.999166
360	795	0.000001
360	796	0.000002
360	804	0.000008
361	536	0.000024
361	730	0.000001
361	734	0.000002
361	735	0.000005
361	736	0.000004
361	783	0.993484
361	784	0.000187
361	794	0.000001
361	795	0.000002
361	803	0.000008
362	535	0.000190
362	536	0.917610
362	712	0.000001
362	730	0.000013
362	734	0.000021
362	735	0.000002
362	736	0.000046
362	783	0.000346
362	794	0.000002
363	535	0.999140
363	536	0.000009
364	534	0.999629
365	533	0.999966
366	532	0.999583
367	531	0.999969
368	530	0.999966
368	531	0.000012
369	529	0.999952
369	530	0.000023
370	528	0.998301
370	529	0.000034
371	376	0.000004
371	527	0.896047
372	376	0.000012
372	527	0.020181
373	527	0.001572
374	528	0.001349
375	523	0.000003
375	527	0.005438
376	522	0.000001
376	525	0.915214
376	526	0.007367
377	523	0.000003
377	524	0.999571
378	523	0.999444
379	519	0.000001
379	522	0.999489
380	518	0.000001
380	521	0.999927
381	520	0.997733
382	517	0.000176
383	515	0.000004
383	516	0.000204
383	518	0.000170
383	519	0.985425
384	514	0.000004
384	515	0.000197
384	516	0.000005
384	518	0.996723
384	519	0.000029
385	517	0.998670
386	514	0.000293
386	516	0.999463
387	513	0.000388
387	514	0.001385
387	515	0.992714
387	516	0.000020
388	509	0.000004
388	513	0.003346
388	514	0.967055
388	515	0.000814
389	509	0.990388
389	514	0.001352
390	507	0.000001
390	508	0.997008
390	510	0.000032
390	511	0.000019
390	512	0.000978
391	507	0.999951
391	508	0.000002
391	510	0.000002
391	511	0.000020
392	506	0.999978
392	509	0.000002
393	505	0.999510
394	504	0.999977
395	503	0.999991
396	500	0.000010
396	502	0.999772
397	499	0.000021
397	500	0.999688
398	498	0.000022
398	499	0.999919
398	500	0.000033
399	498	0.998944
399	499	0.000019
400	497	0.998195
401	495	0.000014
401	496	0.989276
402	493	0.000003
402	494	0.000010
403	494	0.994435
404	491	0.000008
404	492	0.000168
404	493	0.999743
404	494	0.000038
405	491	0.000321
405	492	0.999549
405	493	0.000054
406	488	0.000007
406	491	0.989185
406	492	0.000069
407	487	0.000021
407	488	0.982410
407	491	0.000056
408	487	0.996278
409	485	0.000118
409	486	0.998873
409	489	0.000001
410	485	0.998029
411	480	0.000001
411	483	0.955385
411	484	0.043716
412	479	0.000001
412	482	0.999972
413	479	0.000004
413	481	0.999945
413	482	0.000002
414	476	0.000001
414	480	0.999101
415	477	0.011352
415	478	0.024736
415	479	0.950704
415	481	0.000002
416	476	0.083553
416	480	0.000053
417	475	0.042848
417	477	0.024296
417	478	0.001777
417	479	0.000072
418	474	0.001379
418	475	0.916834
418	477	0.000607
418	478	0.000147
419	474	0.997852
419	477	0.000140
420	473	0.999824
420	476	0.000106
421	472	0.999405
422	471	0.999080
422	474	0.000076
422	475	0.000003
423	469	0.000001
423	470	0.999618
423	473	0.000088
424	469	0.993775
424	470	0.000084
424	472	0.000087
424	473	0.000002
425	429	0.000001
425	430	0.000004
425	431	0.000003
425	432	0.000001
425	465	0.000028
425	466	0.000006
425	467	0.000012
425	468	0.975170
425	471	0.000082
426	434	0.000002
426	464	0.000035
426	469	0.000085
427	433	0.000005
427	464	0.000081
427	469	0.000679
428	464	0.000218
428	469	0.000035
428	470	0.000021
429	464	0.006506
429	469	0.000029
430	464	0.001367
431	464	0.002845
432	461	0.000005
432	464	0.951513
433	460	0.000001
433	462	0.000051
433	463	0.991527
433	465	0.000004
433	466	0.000001
433	467	0.000002
434	462	0.997822
434	463	0.000016
435	461	0.999381
436	460	0.999977
437	459	0.999927
438	458	0.992884
439	454	0.000003
439	455	0.202549
439	456	0.058168
439	457	0.651356
440	454	0.928353
440	455	0.060372
441	453	0.994959
442	452	0.999716
442	454	0.000222
443	451	0.999294
443	453	0.000172
444	449	0.000081
444	450	0.999571
444	451	0.000025
445	449	0.967539
445	450	0.000050
445	451	0.000083
445	453	0.000008
446	452	0.000011
447	451	0.000007
510	514	0.000001
511	519	0.000003
512	518	0.000003
513	517	0.000002
536	588	0.080692
537	586	0.000407
537	587	0.997607
537	736	0.000001
538	585	0.000405
538	586	0.999528
538	587	0.000039
539	583	0.000071
539	585	0.999530
539	586	0.000029
540	584	0.995782
541	582	0.332405
541	583	0.667386
542	580	0.000002
542	581	0.661205
542	582	0.338641
543	579	0.000028
543	580	0.988804
544	578	0.000018
544	579	0.997018
544	580	0.000367
544	581	0.000194
545	578	0.999944
545	579	0.000008
545	580	0.000004
546	576	0.000001
546	577	0.999978
547	576	0.998475
548	575	0.999859
549	574	0.999583
550	573	0.999980
551	572	0.999963
552	566	0.000002
552	569	0.000001
552	571	0.999933
553	570	0.999452
554	565	0.009091
554	566	0.001588
554	569	0.986671
555	563	0.000327
555	564	0.011576
556	560	0.000004
556	561	0.000018
556	562	0.000216
556	565	0.972478
556	566	0.002388
556	569	0.000002
557	563	0.009537
557	564	0.969137
558	562	0.009073
559	563	0.002908
559	564	0.000133
559	567	0.000005
559	568	0.000025
560	564	0.000140
562	567	0.000001
562	568	0.000030
563	569	0.000004
588	677	0.000051
588	683	0.000007
588	707	0.000002
588	712	0.000004
588	730	0.000149
588	733	0.000003
588	734	0.002752
588	735	0.000009
588	736	0.006190
588	738	0.000002
588	783	0.000001
588	799	0.000001
589	682	0.000007
589	707	0.000003
589	733	0.002414
589	735	0.005605
589	798	0.000001
590	676	0.000010
590	677	0.996345
590	734	0.001453
590	736	0.000001
591	676	0.999787
591	677	0.000014
591	733	0.000148
592	675	0.999047
592	732	0.000136
593	674	0.999928
594	673	0.999985
595	672	0.999698
596	670	0.000001
596	671	0.999965
597	670	0.996596
597	671	0.000002
599	668	0.996004
600	667	0.999975
601	666	0.999511
602	665	0.999977
603	664	0.999991
604	663	0.999991
605	662	0.999957
606	661	0.999964
607	660	0.999991
608	659	0.999957
609	657	0.000008
609	658	0.999947
610	656	0.000016
610	657	0.999966
610	658	0.000002
611	654	0.000005
611	656	0.998723
611	657	0.000003
612	616	0.000001
613	653	0.000636
614	652	0.000330
614	653	0.863852
615	652	0.865255
615	653	0.000004
616	651	0.864967
616	652	0.000003
616	655	0.131663
617	650	0.861832
617	654	0.134346
618	643	0.000001
618	648	0.004279
618	653	0.131230
619	642	0.000001
619	647	0.002164
619	648	0.858863
619	652	0.127264
619	653	0.003143
620	647	0.863075
620	652	0.006240
621	646	0.864516
622	639	0.000003
622	645	0.864182
622	651	0.116090
623	641	0.000001
623	644	0.864414
623	646	0.000002
623	650	0.134585
624	637	0.000247
624	640	0.000001
624	642	0.000013
624	643	0.748940
624	645	0.000004
624	648	0.000002
624	649	0.134693
625	636	0.000538
625	640	0.000045
625	642	0.262211
625	643	0.106717
625	647	0.000005
625	648	0.134725
626	635	0.000573
626	636	0.000003
626	638	0.001291
626	640	0.004033
626	642	0.088665
626	643	0.002778
626	647	0.134646
627	634	0.000572
627	635	0.000002
627	637	0.001305
627	638	0.000012
627	639	0.003953
627	640	0.000070
627	642	0.002969
627	643	0.000403
627	645	0.124748
628	633	0.000555
628	641	0.013289
628	644	0.130416
628	646	0.000003
629	635	0.001366
629	636	0.000936
629	638	0.002431
629	640	0.013149
629	642	0.577578
629	643	0.065416
630	641	0.979502
631	635	0.000141
631	636	0.001074
631	638	0.010738
631	640	0.980472
631	642	0.000001
632	636	0.000013
632	637	0.009247
632	638	0.000015
632	639	0.980353
633	638	0.977361
633	640	0.000001
676	710	0.000003
677	710	0.000050
678	707	0.904642
678	735	0.000002
679	702	0.000001
679	705	0.000006
679	706	0.999278
679	707	0.000038
679	734	0.000001
679	735	0.000009
679	736	0.000002
680	702	0.000048
680	704	0.000004
680	705	0.999730
680	706	0.000027
680	734	0.000011
681	701	0.000050
681	704	0.994709
681	733	0.000011
682	692	0.000010
682	700	0.000046
682	703	0.892774
682	711	0.000001
682	732	0.000010
683	689	0.000001
683	691	0.000012
683	695	0.000004
683	710	0.000001
684	690	0.000010
684	694	0.000003
684	699	0.000690
684	701	0.098356
684	704	0.000002
685	699	0.005042
685	701	0.058303
685	704	0.000081
686	692	0.000001
686	697	0.001298
686	700	0.063439
686	703	0.000348
687	693	0.000001
687	696	0.001371
687	698	0.966044
687	699	0.019813
687	701	0.000495
687	702	0.000455
687	706	0.000004
688	692	0.000001
688	695	0.001320
688	697	0.969891
688	700	0.000601
688	703	0.000002
689	693	0.000014
689	694	0.000405
689	696	0.969845
689	698	0.027927
689	699	0.000032
689	701	0.000003
689	702	0.000003
689	704	0.000012
690	695	0.891670
690	697	0.027974
690	700	0.000004
690	703	0.000025
691	696	0.027752
691	698	0.000009
691	699	0.000004
691	702	0.000030
692	701	0.000029
694	700	0.000001
699	708	0.000002
700	707	0.000002
701	711	0.000006
702	710	0.000008
703	727	0.000001
704	711	0.000008
704	726	0.000002
705	710	0.000010
705	725	0.000002
706	710	0.000002
706	724	0.000002
707	711	0.000013
707	731	0.000036
707	732	0.000048
707	737	0.001243
708	719	0.000002
708	722	0.000007
708	733	0.000903
708	735	0.000536
708	789	0.000167
708	790	0.000002
709	718	0.000003
709	721	0.000009
709	727	0.000001
709	733	0.002340
709	735	0.279368
709	788	0.000223
709	800	0.000002
710	717	0.000003
710	720	0.000010
710	723	0.000006
710	728	0.000009
710	730	0.324580
710	733	0.000601
710	734	0.313665
710	735	0.000022
710	736	0.020465
710	787	0.000232
710	799	0.000002
711	719	0.000009
711	722	0.000006
711	727	0.000006
711	733	0.308470
711	735	0.020350
711	786	0.000232
711	798	0.000002
712	724	0.000006
712	729	0.984217
712	785	0.000230
713	717	0.000002
713	720	0.000005
713	721	0.000001
713	723	0.000006
713	728	0.999177
713	730	0.000027
713	734	0.000004
713	784	0.000205
714	719	0.000004
714	720	0.000001
714	722	0.000006
714	727	0.998316
714	728	0.000041
714	730	0.000054
714	733	0.000002
714	783	0.000189
715	726	0.999517
715	729	0.000033
715	732	0.000001
715	782	0.000017
716	724	0.000003
716	725	0.999867
716	729	0.000005
716	781	0.000011
717	724	0.997759
717	725	0.000026
717	780	0.000010
718	724	0.000046
718	726	0.000006
718	779	0.000009
719	724	0.000002
719	725	0.000006
719	726	0.000016
719	776	0.000005
720	724	0.000009
720	725	0.000017
720	775	0.000005
721	774	0.000005
722	737	0.000001
723	772	0.000005
724	735	0.000032
724	736	0.000005
724	771	0.000005
724	778	0.000001
725	734	0.000043
725	736	0.000003
725	770	0.000005
725	777	0.000001
726	733	0.000042
726	735	0.000003
727	732	0.000035
727	775	0.000001
728	774	0.000001
729	733	0.000005
729	734	0.000138
729	735	0.000009
729	736	0.000226
729	738	0.000002
729	746	0.000004
729	773	0.000001
730	745	0.000004
730	772	0.000001
730	791	0.000032
731	735	0.000235
731	744	0.000002
731	790	0.000033
732	744	0.000002
732	789	0.000031
733	737	0.000230
733	743	0.000004
734	742	0.000004
734	782	0.000004
734	785	0.000001
735	782	0.000002
735	785	0.000002
735	792	0.000005
736	782	0.000022
736	785	0.000022
736	791	0.000006
737	790	0.000006
738	781	0.000048
738	782	0.990880
739	780	0.000024
739	781	0.999875
739	782	0.000012
740	780	0.999935
740	781	0.000007
741	779	0.999499
741	780	0.000002
742	770	0.000003
742	778	0.999965
743	769	0.000003
743	777	0.999943
743	778	0.000002
744	768	0.000003
744	774	0.000047
744	775	0.000005
744	776	0.993380
745	751	0.000045
745	767	0.000003
745	769	0.000001
745	770	0.000003
745	771	0.000001
745	773	0.000245
745	777	0.000008
746	750	0.000045
746	760	0.000002
746	761	0.000001
746	766	0.000003
746	772	0.000242
746	774	0.005037
746	775	0.992467
747	759	0.000002
747	760	0.000001
747	772	0.003968
747	774	0.994511
747	775	0.000004
748	758	0.000002
748	764	0.000001
748	767	0.001708
748	769	0.000205
748	770	0.000025
748	771	0.003313
748	773	0.994519
749	759	0.000001
749	766	0.001989
749	772	0.992640
749	774	0.000007
750	754	0.000043
750	755	0.000157
750	756	0.000007
750	757	0.000012
750	758	0.000069
750	764	0.004736
750	765	0.003528
750	767	0.485584
750	769	0.000413
750	770	0.001505
750	771	0.490197
750	773	0.000016
751	759	0.000022
751	760	0.000102
751	761	0.000217
751	766	0.578805
751	772	0.000017
752	759	0.000092
752	760	0.000198
752	761	0.000056
752	762	0.013756
752	763	0.714412
752	766	0.000909
752	768	0.002826
753	759	0.000144
753	760	0.000076
753	761	0.014411
753	762	0.922077
753	763	0.001343
753	766	0.000064
753	768	0.001156
753	776	0.000004
754	759	0.000108
754	760	0.014863
754	761	0.932884
754	766	0.000120
754	775	0.000010
755	759	0.014779
755	760	0.931386
755	761	0.000104
755	766	0.001435
755	774	0.000010
755	775	0.000005
756	760	0.000093
756	761	0.000003
756	762	0.000020
756	763	0.000042
756	766	0.000039
756	768	0.000184
756	774	0.000005
757	761	0.000017
757	762	0.000038
757	763	0.000020
757	766	0.000046
757	768	0.000038
758	766	0.002065
758	772	0.001193
759	764	0.000735
759	765	0.002076
759	767	0.000021
759	769	0.000033
759	770	0.036754
759	771	0.007355
760	764	0.001993
760	765	0.000005
760	767	0.000116
760	769	0.036792
760	770	0.008748
760	771	0.000124
761	765	0.000007
761	767	0.001643
761	769	0.008714
761	770	0.000160
764	775	0.000072
765	774	0.000073
766	770	0.000440
766	771	0.000297
766	773	0.000101
767	772	0.000103
769	775	0.000008
770	774	0.000008
770	775	0.000001
782	815	0.000005
783	814	0.000007
784	791	0.000018
785	790	0.000014
785	794	0.000022
785	812	0.000013
785	815	0.000021
786	792	0.000012
786	793	0.000019
786	811	0.000012
786	813	0.000001
786	814	0.000018
787	791	0.000023
787	814	0.000034
788	792	0.000260
788	793	0.000359
788	801	0.003393
788	802	0.055938
788	805	0.000001
788	811	0.020032
788	813	0.000309
788	814	0.000116
788	816	0.000018
789	793	0.000159
789	801	0.051259
789	802	0.033451
789	811	0.000939
789	813	0.000102
789	814	0.000244
789	816	0.000011
790	801	0.043753
790	802	0.000883
790	811	0.000213
790	813	0.000377
790	814	0.000024
790	816	0.000965
791	795	0.000114
791	796	0.000418
791	797	0.001326
791	798	0.004704
791	799	0.388300
791	800	0.022083
791	803	0.000049
791	804	0.000001
791	807	0.000006
791	808	0.187697
791	809	0.000010
791	810	0.000045
791	812	0.000208
791	815	0.001171
791	818	0.000001
792	796	0.001133
792	797	0.005050
792	798	0.379878
792	800	0.000629
792	804	0.000002
792	806	0.000004
792	807	0.188400
792	809	0.000032
792	810	0.000018
792	817	0.000002
793	797	0.220821
793	798	0.001158
793	800	0.000805
793	804	0.000005
793	806	0.188494
793	807	0.000001
793	809	0.000013
793	810	0.000004
794	805	0.188476
794	814	0.000022
794	821	0.000002
795	801	0.001735
795	802	0.007637
795	805	0.000019
795	811	0.000001
795	813	0.000018
795	814	0.000001
795	816	0.000007
795	820	0.000002
795	822	0.000002
796	801	0.009525
796	802	0.003665
796	805	0.000016
796	811	0.000001
796	813	0.000001
796	814	0.000001
796	816	0.000009
796	821	0.000003
797	801	0.002912
797	802	0.007184
797	805	0.000005
797	811	0.000003
797	813	0.000001
797	814	0.000009
797	816	0.000028
797	820	0.000004
797	822	0.000008
798	802	0.000276
798	805	0.000003
798	813	0.000012
798	814	0.000001
798	816	0.000070
798	821	0.000009
798	822	0.000096
799	805	0.000086
799	814	0.000029
799	820	0.000014
799	821	0.000111
800	805	0.000002
800	811	0.000112
800	813	0.000021
800	814	0.000006
800	816	0.001384
800	820	0.000112
801	806	0.000002
801	807	0.000005
801	809	0.000001
801	810	0.000126
801	817	0.000110
801	819	0.000102
802	806	0.000004
802	807	0.000002
802	809	0.000098
802	810	0.000001
802	817	0.000113
803	814	0.786445
804	811	0.000039
804	813	0.795910
804	814	0.000006
804	816	0.008731
805	810	0.000045
805	812	0.797614
805	815	0.010746
805	817	0.000004
806	811	0.756643
806	813	0.000009
806	814	0.010619
806	816	0.000008
807	811	0.000232
807	813	0.008345
807	814	0.000015
807	816	0.000006
808	814	0.000093
809	813	0.000193
809	814	0.000156
809	816	0.000217
809	822	0.000002
810	814	0.000071
810	816	0.000183
810	821	0.000002
810	822	0.000001
811	817	0.000010
812	820	0.000923
813	817	0.000008
813	819	0.000922
814	818	0.000883
815	820	0.000042
815	821	0.000003
826	856	0.000006
827	855	0.000009
828	854	0.000009
829	854	0.000015
830	834	0.000091
830	835	0.000315
830	836	0.000252
830	837	0.000399
830	838	0.000149
830	839	0.000206
830	841	0.000035
830	845	0.005183
830	851	0.000511
830	854	0.043292
830	856	0.000100
830	857	0.000017
831	842	0.000024
831	843	0.001456
831	844	0.005849
831	846	0.000224
831	847	0.373306
831	848	0.001962
831	849	0.000603
831	852	0.000161
831	853	0.054815
832	842	0.001917
832	843	0.005622
832	844	0.000220
832	846	0.496301
832	847	0.001657
832	848	0.000556
832	849	0.000145
832	852	0.057197
832	853	0.000317
833	837	0.000076
833	838	0.000278
833	839	0.000175
833	841	0.001904
833	845	0.515512
833	851	0.053476
833	854	0.000906
833	856	0.000016
833	857	0.000005
834	842	0.000099
834	843	0.001279
834	844	0.515693
834	846	0.000171
834	847	0.000452
834	848	0.001229
834	849	0.027828
834	852	0.000055
834	853	0.001143
835	842	0.001567
835	843	0.503859
835	844	0.008385
835	846	0.000513
835	847	0.001587
835	848	0.031197
835	849	0.033028
835	852	0.000991
835	853	0.000177
836	842	0.421086
836	843	0.010366
836	844	0.003257
836	846	0.001419
836	847	0.031674
836	848	0.037086
836	849	0.014686
836	852	0.000153
836	853	0.000135
837	842	0.008455
837	843	0.003714
837	844	0.002436
837	846	0.029926
837	847	0.036470
837	848	0.018320
837	849	0.001372
837	852	0.000121
837	853	0.000135
838	842	0.002356
838	843	0.002231
838	844	0.001803
838	846	0.031266
838	847	0.019149
838	848	0.001622
838	849	0.000715
838	852	0.000123
838	853	0.000111
839	843	0.001223
839	844	0.001711
839	846	0.014223
839	847	0.001418
839	848	0.000801
839	849	0.000055
839	852	0.000097
839	853	0.000024
840	854	0.008673
841	846	0.000154
841	847	0.000487
841	848	0.000634
841	849	0.000213
841	852	0.000486
841	853	0.008339
842	851	0.000635
842	854	0.000034
842	856	0.000055
842	857	0.000059
843	851	0.000559
843	854	0.000063
843	856	0.000093
843	857	0.000042
844	851	0.000254
844	854	0.000942
844	856	0.000068
844	857	0.000008
845	849	0.000093
845	852	0.000443
845	853	0.001131
846	851	0.000433
846	854	0.000107
846	856	0.000032
846	857	0.000160
847	851	0.000097
847	854	0.000362
847	856	0.000285
847	857	0.000099
848	854	0.000370
848	856	0.000202
848	857	0.000350
849	854	0.000110
849	856	0.000538
849	857	0.000028
850	854	0.000325
852	856	0.000085
852	857	0.000085
853	857	0.000032
