1	7	0.000319
1	8	0.000275
1	9	0.000071
1	12	0.000548
1	13	0.000273
1	15	0.002406
1	29	0.000041
1	33	0.000099
1	41	0.020974
1	67	0.000575
1	75	0.000008
1	76	0.000006
1	79	0.000005
1	799	0.000018
1	819	0.000172
1	820	0.000004
1	824	0.000013
1	827	0.000130
1	832	0.000031
1	833	0.000002
1	836	0.017986
1	844	0.000010
1	858	0.000003
1	870	0.000020
1	874	0.000002
2	7	0.000941
2	8	0.000207
2	9	0.000042
2	11	0.000733
2	12	0.000544
2	13	0.000010
2	14	0.002903
2	15	0.000943
2	28	0.000080
2	29	0.000001
2	30	0.008969
2	32	0.000105
2	33	0.000024
2	39	0.000455
2	40	0.032449
2	41	0.000165
2	42	0.000350
2	46	0.000039
2	53	0.000013
2	62	0.001552
2	64	0.000005
2	65	0.000165
2	66	0.000881
2	67	0.000002
2	74	0.000011
2	75	0.000011
2	77	0.000035
2	798	0.000036
2	818	0.000228
2	819	0.000005
2	823	0.000017
2	826	0.000172
2	829	0.000044
2	830	0.000007
2	831	0.000040
2	832	0.000003
2	834	0.000012
2	835	0.020436
2	836	0.000020
2	838	0.000022
2	840	0.000096
2	841	0.000260
2	842	0.000945
2	846	0.000001
2	847	0.000031
2	848	0.000011
2	849	0.000001
2	850	0.000002
2	857	0.000005
2	869	0.000015
2	870	0.002070
2	878	0.001425
2	881	0.002672
3	7	0.000176
3	8	0.000127
3	9	0.000062
3	11	0.000581
3	12	0.000014
3	13	0.002859
3	14	0.001222
3	29	0.009062
3	30	0.000085
3	32	0.000026
3	39	0.033301
3	40	0.000211
3	41	0.000284
3	42	0.003185
3	46	0.000003
3	52	0.000013
3	61	0.001563
3	62	0.000010
3	64	0.000164
3	65	0.000875
3	66	0.000003
3	74	0.000012
3	76	0.000033
3	77	0.000029
3	797	0.000039
3	817	0.000229
3	818	0.000005
3	822	0.000017
3	825	0.000172
3	828	0.000044
3	829	0.000007
3	830	0.000039
3	831	0.000003
3	833	0.000011
3	834	0.020415
3	835	0.000024
3	838	0.000034
3	840	0.000265
3	841	0.000940
3	842	0.000011
3	846	0.000031
3	847	0.000011
3	848	0.000001
3	849	0.000002
3	856	0.000006
3	868	0.000006
3	869	0.002432
3	878	0.001078
3	881	0.003143
4	8	0.000074
4	9	0.000209
4	12	0.002719
4	13	0.001182
4	26	0.000127
4	28	0.009109
4	29	0.000050
4	41	0.003058
4	60	0.001577
4	61	0.000005
4	75	0.000028
4	76	0.000025
4	79	0.000021
4	796	0.000039
4	816	0.000232
4	817	0.000003
4	824	0.000148
4	827	0.000038
4	832	0.000019
4	833	0.017447
4	836	0.000010
4	844	0.000055
4	855	0.000005
4	868	0.002440
4	874	0.000022
5	10	0.001920
5	16	0.000021
5	25	0.000133
5	27	0.009140
5	48	0.000001
5	59	0.001579
5	71	0.000005
5	78	0.000027
5	80	0.000061
5	795	0.000039
5	815	0.000234
5	837	0.000170
5	843	0.000058
5	854	0.000004
5	867	0.002436
5	871	0.000001
5	873	0.000023
5	875	0.000796
5	876	0.000020
5	877	0.000065
5	879	0.002113
5	880	0.002124
6	12	0.000011
6	13	0.000009
6	15	0.000021
6	24	0.000132
6	26	0.009081
6	41	0.000030
6	58	0.001450
6	79	0.000061
6	814	0.000191
6	832	0.000064
6	833	0.000002
6	836	0.000127
6	863	0.000013
6	870	0.000001
6	874	0.000781
7	17	0.000002
7	21	0.000012
7	22	0.000025
7	25	0.008443
7	34	0.000001
7	37	0.000035
7	38	0.002779
7	43	0.000007
7	44	0.000007
7	45	0.000003
7	47	0.000001
7	56	0.000001
7	57	0.001336
7	78	0.000055
7	812	0.000004
7	821	0.000002
7	862	0.000013
7	864	0.000002
7	865	0.000077
7	866	0.000059
7	872	0.000001
7	873	0.000733
7	877	0.000009
7	879	0.000022
7	880	0.000042
7	882	0.000019
8	16	0.000004
8	17	0.000022
8	19	0.000011
8	21	0.000068
8	22	0.004278
8	25	0.000015
8	34	0.000003
8	37	0.001898
8	38	0.684925
8	43	0.000005
8	44	0.000003
8	56	0.000340
8	811	0.000002
8	812	0.000004
8	861	0.000007
8	862	0.000001
8	864	0.000041
8	865	0.000042
8	866	0.000001
8	872	0.000369
8	876	0.000001
8	879	0.000017
8	880	0.000023
8	882	0.000005
9	16	0.000021
9	17	0.000002
9	19	0.000442
9	21	0.005289
9	22	0.000116
9	31	0.000066
9	34	0.000020
9	37	0.933915
9	38	0.000328
9	54	0.000002
9	811	0.000002
9	864	0.000018
9	871	0.000072
9	879	0.000019
9	880	0.000002
9	882	0.000163
10	14	0.000009
10	15	0.000007
10	18	0.000515
10	20	0.005328
10	23	0.000310
10	24	0.000007
10	26	0.000012
10	30	0.000083
10	32	0.000030
10	33	0.000020
10	36	0.978660
10	53	0.000001
10	878	0.000019
10	881	0.000262
11	16	0.000987
11	25	0.000017
11	35	0.978777
11	877	0.000018
11	880	0.000262
12	16	0.000016
12	17	0.000034
12	19	0.000358
12	21	0.000073
12	22	0.000087
12	31	0.000019
12	34	0.971155
12	35	0.000003
12	876	0.000015
12	879	0.000229
13	17	0.000109
13	19	0.000048
13	21	0.000079
13	22	0.000009
13	31	0.000129
13	34	0.000119
13	49	0.000002
13	875	0.000002
13	877	0.000002
14	25	0.000002
14	35	0.000005
14	48	0.000003
14	873	0.000001
14	876	0.000002
14	877	0.000136
15	19	0.000009
15	21	0.000045
15	22	0.000009
15	31	0.898487
15	34	0.000013
15	47	0.000003
15	872	0.000001
15	876	0.000130
16	20	0.000048
16	23	0.000005
16	28	0.000023
16	29	0.080968
16	30	0.902905
16	32	0.000058
16	33	0.000007
16	46	0.000002
17	24	0.000001
17	26	0.000096
17	28	0.531344
17	29	0.455446
17	874	0.000101
18	25	0.000174
18	27	0.979073
18	873	0.000101
19	24	0.000128
19	26	0.978135
19	28	0.010320
20	25	0.974653
20	27	0.010568
20	871	0.000092
21	26	0.007996
21	28	0.000001
21	29	0.000003
21	870	0.000089
22	26	0.000007
22	28	0.000018
22	868	0.000094
23	27	0.000017
23	867	0.000097
23	880	0.000002
24	31	0.000001
24	37	0.000002
24	866	0.000091
24	879	0.000002
24	882	0.000021
25	30	0.000001
25	32	0.000001
25	36	0.000003
25	39	0.000001
25	878	0.000001
25	881	0.000036
26	35	0.000003
26	37	0.000005
26	864	0.000074
26	877	0.000001
26	879	0.000029
26	880	0.000018
27	36	0.000006
27	863	0.000092
27	878	0.000089
28	35	0.000006
28	862	0.000093
28	877	0.000090
29	34	0.000004
29	861	0.000093
29	876	0.000095
30	35	0.000001
30	80	0.000002
30	860	0.000090
30	875	0.000146
31	79	0.000002
31	859	0.000078
31	874	0.000146
32	78	0.000002
32	873	0.000146
32	880	0.000003
33	871	0.000020
33	872	0.000121
33	879	0.000003
33	882	0.000059
34	41	0.000003
34	75	0.000002
34	857	0.000032
34	870	0.000054
35	40	0.000004
35	42	0.000001
35	74	0.000002
35	856	0.000032
35	868	0.000003
35	869	0.000056
35	870	0.000002
35	878	0.000021
35	881	0.020674
36	867	0.000012
36	871	0.000022
36	877	0.000020
36	879	0.000008
36	880	0.020758
37	75	0.000001
37	76	0.000004
37	868	0.000007
37	870	0.000021
38	58	0.000116
38	75	0.000008
38	76	0.000003
38	79	0.000002
38	805	0.000002
38	868	0.000081
38	874	0.000010
39	48	0.000064
39	57	0.000194
39	69	0.000049
39	71	0.000004
39	72	0.017475
39	78	0.000001
39	81	0.000002
39	83	0.000009
39	867	0.000091
39	873	0.000007
39	875	0.000403
39	876	0.010648
39	877	0.168081
39	879	0.457018
39	880	0.036349
40	48	0.000664
40	56	0.000201
40	68	0.000049
40	69	0.000008
40	71	0.017644
40	72	0.000002
40	80	0.000004
40	82	0.000011
40	91	0.000003
40	867	0.000045
40	873	0.000811
40	875	0.010638
40	876	0.168299
40	877	0.704162
40	879	0.031652
40	880	0.000097
41	45	0.000005
41	47	0.000617
41	48	0.000008
41	49	0.001144
41	57	0.000004
41	68	0.000006
41	69	0.000095
41	70	0.017548
41	71	0.000001
41	73	0.000012
41	81	0.000011
41	90	0.000003
41	802	0.000254
41	861	0.001631
41	862	0.000005
41	864	0.000018
41	865	0.000043
41	866	0.000053
41	872	0.000868
41	873	0.000013
41	875	0.023099
41	876	0.729901
41	877	0.005378
41	879	0.000075
41	880	0.000026
42	48	0.001364
42	56	0.000024
42	59	0.000002
42	68	0.000465
42	69	0.017041
42	71	0.000001
42	72	0.000015
42	78	0.000003
42	80	0.000066
42	89	0.000003
42	801	0.000285
42	837	0.000002
42	860	0.001945
42	871	0.000826
42	873	0.010716
42	875	0.892223
42	876	0.005319
42	877	0.003064
42	879	0.000068
42	880	0.000008
43	55	0.000021
43	58	0.000001
43	67	0.000761
43	79	0.000066
43	800	0.000285
43	836	0.000001
43	859	0.001918
43	863	0.000202
43	870	0.000698
43	874	0.881092
44	61	0.000051
44	67	0.000347
44	76	0.000003
44	799	0.000239
44	800	0.000019
44	817	0.000015
44	858	0.001618
44	859	0.000016
44	863	0.000075
44	868	0.000005
44	870	0.000002
44	874	0.000467
45	58	0.000002
45	60	0.000064
45	67	0.000060
45	75	0.000002
45	76	0.000002
45	79	0.000050
45	798	0.000055
45	799	0.000021
45	800	0.000019
45	816	0.000018
45	844	0.000016
45	857	0.000607
45	858	0.000024
45	859	0.000008
45	863	0.000039
45	868	0.000282
45	870	0.000006
45	874	0.001611
46	56	0.000272
46	57	0.000003
46	59	0.000065
46	68	0.002534
46	72	0.000001
46	78	0.000053
46	80	0.000005
46	88	0.000005
46	815	0.000019
46	837	0.000237
46	843	0.000018
46	860	0.021547
46	867	0.000192
46	871	0.933738
46	873	0.000948
46	875	0.000002
46	879	0.000003
46	880	0.000003
47	55	0.000268
47	58	0.000060
47	60	0.000006
47	61	0.000021
47	67	0.002544
47	75	0.000164
47	76	0.000003
47	79	0.000004
47	87	0.000005
47	798	0.000428
47	814	0.000019
47	832	0.000003
47	836	0.000237
47	855	0.000007
47	857	0.001212
47	858	0.000006
47	859	0.021834
47	863	0.000001
47	870	0.940257
47	874	0.000002
48	52	0.000007
48	53	0.000090
48	60	0.000015
48	61	0.016665
48	62	0.003811
48	64	0.000055
48	65	0.000022
48	66	0.002257
48	74	0.000185
48	75	0.000002
48	76	0.000005
48	77	0.000025
48	86	0.000005
48	797	0.000532
48	813	0.000018
48	831	0.000004
48	834	0.000005
48	835	0.000232
48	838	0.000005
48	840	0.000001
48	841	0.000002
48	842	0.000002
48	856	0.001595
48	857	0.000007
48	858	0.021885
48	859	0.000005
48	869	0.941288
48	881	0.000018
49	55	0.000002
49	58	0.000024
49	60	0.022414
49	61	0.001922
49	75	0.000005
49	76	0.000024
49	79	0.000003
49	796	0.000533
49	833	0.000006
49	844	0.000009
49	855	0.001021
49	857	0.021613
49	858	0.000007
49	859	0.000003
49	868	0.940343
50	56	0.000118
50	57	0.000028
50	59	0.024553
50	71	0.000241
50	72	0.000148
50	78	0.000003
50	80	0.000281
50	82	0.000016
50	83	0.000002
50	84	0.000001
50	795	0.000531
50	837	0.000005
50	843	0.000010
50	853	0.000010
50	854	0.000312
50	860	0.000112
50	867	0.935774
50	875	0.000001
50	879	0.000002
50	880	0.000002
51	55	0.000079
51	58	0.024502
51	60	0.000021
51	79	0.000292
51	832	0.000001
51	836	0.000002
51	844	0.000129
51	852	0.000017
51	855	0.912943
51	857	0.000157
51	858	0.000094
51	859	0.000108
51	863	0.000099
51	874	0.000001
52	56	0.000024
52	57	0.024271
52	59	0.000022
52	68	0.000006
52	69	0.018632
52	72	0.000001
52	78	0.000288
52	80	0.000007
52	81	0.004421
52	843	0.000142
52	851	0.000018
52	853	0.000026
52	854	0.943541
52	867	0.000002
52	873	0.000001
52	876	0.000001
52	880	0.000017
53	57	0.000018
53	59	0.000006
53	68	0.019492
53	69	0.000010
53	71	0.000001
53	78	0.000004
53	80	0.006981
53	843	0.000012
53	851	0.000002
53	853	0.944016
53	860	0.000004
53	867	0.000002
53	871	0.000001
53	875	0.000001
53	879	0.000017
54	58	0.000004
54	67	0.019201
54	76	0.000030
54	79	0.007055
54	844	0.000112
54	852	0.943553
54	859	0.000004
54	863	0.000032
54	868	0.000003
54	874	0.000001
55	63	0.000014
55	78	0.007044
55	843	0.000122
55	851	0.941804
55	861	0.000002
55	862	0.000034
55	864	0.000005
55	865	0.000006
55	866	0.000065
55	867	0.000009
55	873	0.000001
55	882	0.000064
56	62	0.000017
56	64	0.000004
56	65	0.019420
56	66	0.000822
56	67	0.000003
56	74	0.000002
56	75	0.000391
56	76	0.000001
56	77	0.006977
56	780	0.000003
56	841	0.001682
56	842	0.000101
56	847	0.000902
56	848	0.002664
56	849	0.009396
56	850	0.930073
56	857	0.000004
56	863	0.000004
56	881	0.000097
57	61	0.000007
57	62	0.000009
57	64	0.019475
57	65	0.000801
57	66	0.000005
57	74	0.000557
57	75	0.000005
57	76	0.004987
57	77	0.000002
57	740	0.000005
57	779	0.000004
57	840	0.001834
57	841	0.000060
57	846	0.000997
57	847	0.002932
57	848	0.018360
57	849	0.918480
57	850	0.000008
57	856	0.000004
57	859	0.000002
57	863	0.000003
57	881	0.000001
58	63	0.017067
58	72	0.000031
58	73	0.000573
58	739	0.000005
58	741	0.000002
58	778	0.000004
58	839	0.002095
58	843	0.000040
58	845	0.001227
58	860	0.000005
58	861	0.000001
58	862	0.000003
58	864	0.000634
58	879	0.000097
58	882	0.000002
59	64	0.000452
59	65	0.000042
59	66	0.000127
59	74	0.007355
59	77	0.000002
59	86	0.000010
59	738	0.000005
59	740	0.000002
59	777	0.000004
59	838	0.002099
59	840	0.000029
59	841	0.000002
59	842	0.000040
59	844	0.000950
59	846	0.266308
59	847	0.202319
59	848	0.173291
59	849	0.000009
59	856	0.000003
59	857	0.000001
59	858	0.000003
59	859	0.000006
59	863	0.000675
59	878	0.000100
59	881	0.000004
60	70	0.000120
60	71	0.000579
60	73	0.007354
60	85	0.000010
60	739	0.000002
60	776	0.000004
60	837	0.002059
60	839	0.000019
60	843	0.000136
60	845	0.259160
60	862	0.000680
60	877	0.000099
60	880	0.000002
61	69	0.000177
61	70	0.000629
61	72	0.007310
61	73	0.000012
61	84	0.000010
61	736	0.000005
61	837	0.000001
61	843	0.000905
61	845	0.041600
61	854	0.000004
61	861	0.000682
61	876	0.000099
61	880	0.000013
62	68	0.000279
62	69	0.000643
62	71	0.007292
62	72	0.000021
62	80	0.000052
62	83	0.000010
62	735	0.000005
62	837	0.000009
62	843	0.085837
62	853	0.000006
62	860	0.000682
62	875	0.000099
62	879	0.000080
62	880	0.000002
63	67	0.000188
63	79	0.000054
63	833	0.000003
63	836	0.000009
63	844	0.251841
63	852	0.000006
63	855	0.000377
63	858	0.000002
63	859	0.000362
63	874	0.000099
64	68	0.000221
64	69	0.000584
64	71	0.000008
64	72	0.000047
64	78	0.000053
64	81	0.000003
64	82	0.000018
64	734	0.000002
64	735	0.000004
64	843	0.264483
64	851	0.000006
64	854	0.000629
64	873	0.000098
64	877	0.000110
64	879	0.000001
64	880	0.000015
65	69	0.000029
65	71	0.000048
65	72	0.000095
65	80	0.000005
65	81	0.000020
65	734	0.000004
65	735	0.000006
65	771	0.000004
65	837	0.000004
65	843	0.007060
65	853	0.000628
65	854	0.000065
65	871	0.000013
65	876	0.000111
65	877	0.000002
65	879	0.000015
65	880	0.000012
66	71	0.000095
66	72	0.000002
66	80	0.000021
66	734	0.000006
66	770	0.000004
66	837	0.000025
66	843	0.000953
66	851	0.000069
66	853	0.000066
66	860	0.000002
66	871	0.000046
66	875	0.000111
66	876	0.000002
66	879	0.000013
67	71	0.000002
67	78	0.000029
67	769	0.000004
67	837	0.000003
67	839	0.865593
67	843	0.000997
67	845	0.000003
67	851	0.000591
67	861	0.000251
67	871	0.000001
67	873	0.000003
67	875	0.000002
68	74	0.000027
68	75	0.000008
68	77	0.000057
68	730	0.000026
68	768	0.000004
68	826	0.000041
68	829	0.002219
68	830	0.000005
68	831	0.000002
68	834	0.000002
68	835	0.000107
68	836	0.000001
68	838	0.934961
68	840	0.000234
68	841	0.002917
68	842	0.002551
68	844	0.000004
68	846	0.000003
68	847	0.000038
68	848	0.000026
68	849	0.000069
68	850	0.000652
68	859	0.000001
68	869	0.000005
68	870	0.000005
68	874	0.000002
69	74	0.000009
69	76	0.000054
69	77	0.000039
69	729	0.000026
69	767	0.000004
69	825	0.000041
69	828	0.002233
69	829	0.000002
69	830	0.000002
69	833	0.000002
69	834	0.000108
69	835	0.000001
69	836	0.000021
69	838	0.002795
69	840	0.002914
69	841	0.002548
69	842	0.000038
69	844	0.000005
69	846	0.000038
69	847	0.000026
69	848	0.000075
69	849	0.000650
69	858	0.000003
69	859	0.000954
69	868	0.000002
69	869	0.000006
70	75	0.000047
70	76	0.000038
70	79	0.000052
70	728	0.000030
70	766	0.000004
70	824	0.000041
70	827	0.002236
70	832	0.000005
70	833	0.000105
70	836	0.949036
70	844	0.000009
70	857	0.000019
70	858	0.008179
70	859	0.000068
70	863	0.000002
70	868	0.000005
71	75	0.000018
71	77	0.000038
71	727	0.000031
71	765	0.000004
71	798	0.000001
71	823	0.000041
71	826	0.002237
71	829	0.000003
71	831	0.000007
71	832	0.000043
71	834	0.000005
71	835	0.955774
71	836	0.000012
71	838	0.000061
71	840	0.000619
71	841	0.000112
71	842	0.000098
71	846	0.000014
71	847	0.000687
71	848	0.000070
71	856	0.000013
71	857	0.011082
71	858	0.000039
71	870	0.000124
72	76	0.000016
72	77	0.000112
72	79	0.000001
72	726	0.000031
72	764	0.000004
72	797	0.000001
72	822	0.000041
72	825	0.002235
72	828	0.000003
72	830	0.000007
72	831	0.000028
72	833	0.000008
72	834	0.955552
72	835	0.000013
72	838	0.001405
72	840	0.000115
72	841	0.000098
72	842	0.000003
72	846	0.000688
72	847	0.000068
72	855	0.000004
72	856	0.011517
72	869	0.000126
73	79	0.001799
73	725	0.000031
73	763	0.000004
73	796	0.000002
73	824	0.001959
73	827	0.000002
73	832	0.000135
73	833	0.945873
73	836	0.000037
73	844	0.000560
73	855	0.011522
73	868	0.000126
74	78	0.002066
74	80	0.001843
74	81	0.000397
74	82	0.000013
74	91	0.000006
74	720	0.000019
74	724	0.000030
74	795	0.000002
74	837	0.001318
74	843	0.000566
74	854	0.011490
74	867	0.000126
75	80	0.000429
75	81	0.000014
75	90	0.000006
75	719	0.000020
75	721	0.000002
75	723	0.000027
75	736	0.000004
75	821	0.000002
75	837	0.000034
75	839	0.000007
75	843	0.000007
75	845	0.000001
75	853	0.010480
75	862	0.000005
75	866	0.000123
76	80	0.000015
76	81	0.000001
76	89	0.000006
76	718	0.000013
76	720	0.000002
76	721	0.000454
76	735	0.000005
76	821	0.000010
76	837	0.000009
76	839	0.000010
76	843	0.000002
76	851	0.000001
76	853	0.000007
76	854	0.000033
76	861	0.000010
76	865	0.000098
76	880	0.000001
77	81	0.000004
77	82	0.000007
77	88	0.000006
77	720	0.000526
77	723	0.000005
77	734	0.000006
77	760	0.000003
77	795	0.000002
77	837	0.000064
77	843	0.000013
77	851	0.008371
77	853	0.000452
77	860	0.000011
77	879	0.000002
78	86	0.000002
78	87	0.000003
78	722	0.000009
78	733	0.000006
78	748	0.000008
78	759	0.000003
78	794	0.000002
78	796	0.000002
78	797	0.000016
78	819	0.000002
78	822	0.000254
78	823	0.000006
78	825	0.000004
78	826	0.000004
78	827	0.000004
78	828	0.000650
78	829	0.000053
78	830	0.001071
78	831	0.000578
78	832	0.001543
78	833	0.000552
78	834	0.002288
78	835	0.000244
78	836	0.000047
78	838	0.000226
78	840	0.001178
78	841	0.000003
78	842	0.000008
78	846	0.000003
78	849	0.000003
78	850	0.008008
78	852	0.000660
78	859	0.000003
78	863	0.000027
78	878	0.000002
79	85	0.000002
79	718	0.000581
79	719	0.000004
79	720	0.000002
79	721	0.000009
79	747	0.000013
79	758	0.000003
79	795	0.000031
79	821	0.000255
79	837	0.000225
79	839	0.001195
79	843	0.000003
79	845	0.000004
79	851	0.002628
79	862	0.000028
80	86	0.000002
80	716	0.000030
80	717	0.000761
80	730	0.000005
80	731	0.000001
80	746	0.000015
80	757	0.000003
80	794	0.000050
80	819	0.000002
80	820	0.000241
80	822	0.000002
80	823	0.000231
80	824	0.000011
80	825	0.000008
80	826	0.001422
80	827	0.000043
80	828	0.000016
80	829	0.001911
80	830	0.000394
80	831	0.003834
80	832	0.952210
80	833	0.000116
80	834	0.000008
80	835	0.000011
80	836	0.000027
80	838	0.001173
80	841	0.000002
80	842	0.000003
80	844	0.000002
80	846	0.000004
80	847	0.000009
80	848	0.000361
80	849	0.007173
80	850	0.003392
81	86	0.000001
81	715	0.000030
81	716	0.000775
81	717	0.000047
81	729	0.000006
81	730	0.000001
81	745	0.000014
81	756	0.000003
81	793	0.000050
81	794	0.000002
81	800	0.000004
81	818	0.000002
81	819	0.000173
81	820	0.000003
81	822	0.000230
81	823	0.000023
81	824	0.000007
81	825	0.001423
81	826	0.000048
81	827	0.000014
81	828	0.001916
81	829	0.000393
81	830	0.003786
81	831	0.972947
81	832	0.000394
81	833	0.000004
81	834	0.000008
81	835	0.000019
81	836	0.000043
81	840	0.000001
81	841	0.000003
81	846	0.000005
81	847	0.000314
81	848	0.007113
81	849	0.003465
81	850	0.000001
82	714	0.000020
82	715	0.000775
82	716	0.000057
82	717	0.002350
82	728	0.000006
82	744	0.000013
82	793	0.000002
82	799	0.000008
82	818	0.000035
82	819	0.000005
82	822	0.000022
82	823	0.000021
82	824	0.001293
82	825	0.000046
82	826	0.000016
82	827	0.001906
82	828	0.000388
82	829	0.003726
82	830	0.976280
82	831	0.000709
82	832	0.000052
82	833	0.000003
82	834	0.000015
82	835	0.000099
82	836	0.001025
82	840	0.000002
82	841	0.000001
82	842	0.000004
82	846	0.000248
82	847	0.007031
82	848	0.003471
82	849	0.000001
83	712	0.000001
83	714	0.000673
83	715	0.000055
83	716	0.002845
83	717	0.000004
83	727	0.000007
83	798	0.000017
83	817	0.000006
83	818	0.000007
83	822	0.000017
83	823	0.001282
83	824	0.000027
83	825	0.000013
83	826	0.002112
83	827	0.000140
83	828	0.003650
83	829	0.976488
83	830	0.000709
83	831	0.000113
83	832	0.000004
83	833	0.000006
83	834	0.000109
83	835	0.001167
83	840	0.000001
83	841	0.000005
83	842	0.000002
83	846	0.006764
83	847	0.003475
83	848	0.000001
84	712	0.000568
84	714	0.000041
84	715	0.002977
84	716	0.000018
84	726	0.000007
84	797	0.000085
84	816	0.000003
84	817	0.000009
84	822	0.001247
84	823	0.000027
84	824	0.000006
84	825	0.002113
84	826	0.000113
84	827	0.003303
84	828	0.976359
84	829	0.000696
84	830	0.000140
84	831	0.000019
84	832	0.000004
84	833	0.000139
84	834	0.001241
84	835	0.000001
84	838	0.000002
84	840	0.000006
84	841	0.000003
84	842	0.000003
84	844	0.000005
84	846	0.003469
84	847	0.000001
85	711	0.000564
85	714	0.002944
85	717	0.000004
85	725	0.000007
85	796	0.000091
85	816	0.000012
85	819	0.000002
85	820	0.000028
85	824	0.001853
85	827	0.885672
85	832	0.000160
85	833	0.001162
85	844	0.005110
86	91	0.000005
86	720	0.000016
86	724	0.000007
86	795	0.000089
86	815	0.000013
86	837	0.000008
86	843	0.006870
87	710	0.001501
87	713	0.005101
87	718	0.000024
87	719	0.000013
87	723	0.000007
87	747	0.000003
87	795	0.000038
87	811	0.000008
87	821	0.000018
87	837	0.000003
87	839	0.000196
87	843	0.001593
88	708	0.000013
88	709	0.001676
88	711	0.000038
88	712	0.005734
88	715	0.000006
88	716	0.000704
88	717	0.000020
88	722	0.000006
88	745	0.000001
88	746	0.000004
88	793	0.000002
88	794	0.000129
88	798	0.000002
88	800	0.000003
88	810	0.000009
88	813	0.000001
88	818	0.000008
88	819	0.000035
88	820	0.000018
88	822	0.000020
88	823	0.002853
88	824	0.001128
88	825	0.000097
88	826	0.969336
88	827	0.000010
88	829	0.001676
88	830	0.000076
88	831	0.000026
88	834	0.000007
88	835	0.000048
88	838	0.000199
88	840	0.000002
88	841	0.002515
88	842	0.005413
89	708	0.001694
89	709	0.000012
89	711	0.004668
89	712	0.000042
89	714	0.000005
89	715	0.000707
89	716	0.000020
89	744	0.000002
89	745	0.000002
89	746	0.000042
89	793	0.000129
89	797	0.000002
89	799	0.000004
89	809	0.000009
89	817	0.000007
89	818	0.000036
89	819	0.000012
89	820	0.000058
89	822	0.002834
89	823	0.001164
89	824	0.000052
89	825	0.976153
89	826	0.000018
89	828	0.001707
89	829	0.000054
89	830	0.000025
89	833	0.000008
89	834	0.000049
89	838	0.000002
89	840	0.002497
89	841	0.005408
89	842	0.000001
90	709	0.013942
90	711	0.000028
90	714	0.000496
90	717	0.000013
90	743	0.000001
90	745	0.000044
90	796	0.000001
90	798	0.000006
90	808	0.000008
90	814	0.000002
90	816	0.000004
90	817	0.000030
90	819	0.000065
90	820	0.000084
90	824	0.973373
90	827	0.001727
90	832	0.000019
90	833	0.000041
90	836	0.000263
91	706	0.000024
91	708	0.016008
91	709	0.000020
91	711	0.000004
91	712	0.000119
91	715	0.000003
91	716	0.000015
91	744	0.000044
91	746	0.000002
91	794	0.000003
91	797	0.000006
91	807	0.000005
91	809	0.000001
91	813	0.000002
91	816	0.000017
91	818	0.000058
91	819	0.000062
91	820	0.000021
91	822	0.001921
91	823	0.965615
91	824	0.000003
91	825	0.000004
91	826	0.001712
91	828	0.000005
91	829	0.000002
91	831	0.000023
91	832	0.000026
91	834	0.000001
91	835	0.000264
91	836	0.000001
91	838	0.000153
91	840	0.000287
92	706	0.792340
92	708	0.000022
92	709	0.000002
92	711	0.000003
92	712	0.000003
92	715	0.000008
92	816	0.000003
92	820	0.000001
92	822	0.201054
92	823	0.000001
92	825	0.000174
92	830	0.000003
92	831	0.000003
92	834	0.000028
92	838	0.004351
93	705	0.992095
93	815	0.000027
93	837	0.004351
94	704	0.993376
94	709	0.000006
94	717	0.000002
94	798	0.000003
94	814	0.000027
94	819	0.000036
94	820	0.000220
94	824	0.000014
94	832	0.000003
94	836	0.004335
95	701	0.000006
95	703	0.989393
95	704	0.000001
95	706	0.000006
95	708	0.000007
95	712	0.000002
95	716	0.000002
95	797	0.000003
95	813	0.000026
95	817	0.000001
95	818	0.000036
95	819	0.000169
95	820	0.000004
95	823	0.000014
95	831	0.000003
95	834	0.000012
95	835	0.004290
96	701	0.993084
96	796	0.000002
96	816	0.000003
96	817	0.000009
96	819	0.000001
96	833	0.000007
97	700	0.999879
97	795	0.000002
97	815	0.000005
98	698	0.000001
98	699	0.998168
98	814	0.000005
99	698	0.999039
99	813	0.000005
100	696	0.000004
100	697	0.999977
101	696	0.999736
102	693	0.000029
102	695	0.785759
103	693	0.997601
104	692	0.999962
105	691	0.999393
106	690	0.999370
107	687	0.000001
107	689	0.998452
108	688	0.785035
109	121	0.000010
109	688	0.200179
109	690	0.000004
110	120	0.000010
110	687	0.398669
110	689	0.000006
111	119	0.000011
111	680	0.000002
111	687	0.004060
112	118	0.000011
112	679	0.000002
112	684	0.048769
112	685	0.054905
112	687	0.002035
113	117	0.000011
113	678	0.000002
113	682	0.000003
113	683	0.034480
113	686	0.002407
114	677	0.000001
114	682	0.016338
114	683	0.963030
114	686	0.000001
115	682	0.982111
116	679	0.000006
116	680	0.011568
116	681	0.986904
117	679	0.017319
117	680	0.981317
119	676	0.000002
119	677	0.987883
119	678	0.011127
120	676	0.994294
120	677	0.005670
121	130	0.000002
121	675	0.999060
122	129	0.000005
122	674	0.999903
122	676	0.000021
123	128	0.000005
123	673	0.999944
123	675	0.000021
123	680	0.000009
124	672	0.999467
124	679	0.000009
125	627	0.000033
125	629	0.000024
125	670	0.000001
125	671	0.999861
125	678	0.000009
126	626	0.000521
126	629	0.000059
126	670	0.995328
126	671	0.000004
126	677	0.000009
127	622	0.000001
127	627	0.000773
127	632	0.000001
128	626	0.000811
128	629	0.000146
128	631	0.000001
128	664	0.000001
128	668	0.993365
128	670	0.000014
128	676	0.000009
129	623	0.000884
129	625	0.000781
129	628	0.000147
129	630	0.000001
129	663	0.000001
129	667	0.996683
129	669	0.000024
129	675	0.000009
130	622	0.002612
130	627	0.000144
130	666	0.740363
131	619	0.000007
131	620	0.799592
131	626	0.000036
131	664	0.000014
131	665	0.198475
131	666	0.000031
132	618	0.000006
132	619	0.809012
132	620	0.000045
132	662	0.000007
132	664	0.189611
132	665	0.000124
133	618	0.998410
133	619	0.000034
133	662	0.000099
133	664	0.000212
134	617	0.999599
134	663	0.000298
135	615	0.000149
135	616	0.998098
135	662	0.000222
136	614	0.000153
136	615	0.999816
136	661	0.000005
137	613	0.000156
137	614	0.999832
138	611	0.000198
138	613	0.999777
139	609	0.000412
139	610	0.000263
139	612	0.998738
140	608	0.001937
140	611	0.995167
142	607	0.982147
142	608	0.014479
143	606	0.999947
143	609	0.000002
144	605	0.999509
145	604	0.999981
146	603	0.999991
147	602	0.999977
148	601	0.999511
149	600	0.999970
150	596	0.000003
150	598	0.000003
150	599	0.999028
151	595	0.000033
151	597	0.000003
151	598	0.998830
152	594	0.000038
152	596	0.000006
152	597	0.999911
153	593	0.000039
153	594	0.000008
153	596	0.997014
153	597	0.000012
154	592	0.000021
155	592	0.000016
156	592	0.000484
157	592	0.988913
158	591	0.999943
159	590	0.999976
160	589	0.999698
161	588	0.999939
162	586	0.000326
162	587	0.999619
163	214	0.000001
163	585	0.000651
163	586	0.999313
163	587	0.000011
164	213	0.000043
164	214	0.000055
164	221	0.000014
164	227	0.000004
164	443	0.000017
164	584	0.000975
164	585	0.998776
164	586	0.000023
165	175	0.000001
165	212	0.000087
165	213	0.001802
165	214	0.000160
165	220	0.000040
165	221	0.000008
165	224	0.000098
165	226	0.002379
165	442	0.000023
165	443	0.000006
165	583	0.001176
165	584	0.983693
165	585	0.000034
166	174	0.000002
166	210	0.000001
166	211	0.000011
166	215	0.002279
166	216	0.001358
166	217	0.000519
166	218	0.000194
166	219	0.000257
166	222	0.000197
166	223	0.000124
166	225	0.021824
166	441	0.000020
167	175	0.001105
167	209	0.000002
167	212	0.257313
167	213	0.384501
167	214	0.001573
167	220	0.000247
167	221	0.000299
167	224	0.028049
167	226	0.000068
167	230	0.000003
167	437	0.000002
167	442	0.000106
167	443	0.000092
167	582	0.000098
167	583	0.019397
167	584	0.000019
168	174	0.001116
168	208	0.000002
168	211	0.006449
168	215	0.000310
168	216	0.000249
168	217	0.000268
168	218	0.000044
168	219	0.000326
168	222	0.000080
168	223	0.027552
168	225	0.000074
168	229	0.000002
168	441	0.000072
169	173	0.001100
169	210	0.003276
169	211	0.971727
169	215	0.000101
169	218	0.000116
169	222	0.010985
169	440	0.000025
170	206	0.000001
170	210	0.994471
170	211	0.000035
170	215	0.000003
170	218	0.000004
170	222	0.000011
170	438	0.000009
171	175	0.000002
171	209	0.997849
171	212	0.000026
171	214	0.000002
171	220	0.000040
171	221	0.000017
171	224	0.000003
171	226	0.000003
171	230	0.000001
171	436	0.000004
171	437	0.000006
172	205	0.000003
172	206	0.000015
172	207	0.000503
172	208	0.987296
172	210	0.000010
172	211	0.000025
172	219	0.000042
172	223	0.000002
172	225	0.000003
172	229	0.000001
172	435	0.000007
173	209	0.000016
173	212	0.000001
173	221	0.000011
173	224	0.000003
173	228	0.000001
173	434	0.000007
174	220	0.000010
174	433	0.000006
175	204	0.002909
175	206	0.241228
175	210	0.000001
175	211	0.000001
175	215	0.000002
175	218	0.000003
175	431	0.000001
176	203	0.002192
176	204	0.994790
176	206	0.000006
177	202	0.001466
177	203	0.997770
177	204	0.000019
178	201	0.000739
178	202	0.998511
178	203	0.000013
179	199	0.000001
179	201	0.999231
179	202	0.000007
180	200	0.999463
181	198	0.000001
181	199	0.998119
182	198	0.998841
183	197	0.999964
184	196	0.999509
185	193	0.000002
185	195	0.999972
186	192	0.000006
186	194	0.999917
187	191	0.000024
187	193	0.991644
187	195	0.000007
188	192	0.980165
188	194	0.000008
189	193	0.000009
205	214	0.000211
205	226	0.000010
206	212	0.000007
206	213	0.000224
206	221	0.000332
206	224	0.000029
206	227	0.000001
206	228	0.000002
206	236	0.000001
207	214	0.000002
207	220	0.000326
207	226	0.000003
207	227	0.000002
208	226	0.000003
208	439	0.000007
209	215	0.000013
209	218	0.000357
209	222	0.000694
209	438	0.000008
209	444	0.000007
210	214	0.000005
210	221	0.000785
210	224	0.000020
210	226	0.000001
210	437	0.000008
210	443	0.000046
211	220	0.000717
211	221	0.000078
211	224	0.000229
211	226	0.000004
211	230	0.000003
211	232	0.000002
211	436	0.000007
211	442	0.000047
211	443	0.000002
212	218	0.003046
212	222	0.001379
212	231	0.000013
212	440	0.000002
212	445	0.000002
212	446	0.000015
213	218	0.008468
213	222	0.024259
213	231	0.000007
213	428	0.000001
213	438	0.000002
213	440	0.000004
213	444	0.000004
213	445	0.000016
214	218	0.000338
214	219	0.004564
214	222	0.200661
214	223	0.005056
214	225	0.078904
214	229	0.007539
214	435	0.000006
214	438	0.000002
214	441	0.000002
214	444	0.000017
215	220	0.000337
215	221	0.315765
215	224	0.097040
215	226	0.000048
215	227	0.000343
215	228	0.012870
215	230	0.000006
215	434	0.000008
215	437	0.000004
215	442	0.000148
215	443	0.000153
215	583	0.000016
215	584	0.000001
216	220	0.239256
216	226	0.000692
216	227	0.014570
216	238	0.000001
216	433	0.000007
217	226	0.017093
217	227	0.000084
218	224	0.014480
218	226	0.000179
218	227	0.003424
218	228	0.000543
218	230	0.000002
218	236	0.000551
218	434	0.000007
218	442	0.000339
218	443	0.000185
218	583	0.000021
218	584	0.000002
219	226	0.006140
219	227	0.000705
219	235	0.000553
219	433	0.000007
220	225	0.005338
220	234	0.000553
220	432	0.000007
220	441	0.000026
220	445	0.000006
220	447	0.000001
221	233	0.000551
221	431	0.000007
221	438	0.000003
221	440	0.000024
221	444	0.000590
221	445	0.000001
221	446	0.000002
222	226	0.000210
222	227	0.000111
222	228	0.000150
222	230	0.000005
222	232	0.000206
222	236	0.000005
222	437	0.000003
222	439	0.000011
222	442	0.002914
222	443	0.003630
222	583	0.000030
222	584	0.000003
223	227	0.000163
223	232	0.000323
223	235	0.000005
223	439	0.000004
224	231	0.000493
224	233	0.000006
224	428	0.000001
224	438	0.000005
224	440	0.000084
224	444	0.000920
224	445	0.000003
225	232	0.000006
225	439	0.000081
226	231	0.000005
226	438	0.000070
226	440	0.000002
226	441	0.001617
226	444	0.000007
227	438	0.000003
227	440	0.000064
227	441	0.837556
228	438	0.000007
228	440	0.984527
229	439	0.988530
230	438	0.989552
230	440	0.000048
231	436	0.501396
231	437	0.496839
231	439	0.000003
232	435	0.993850
233	434	0.999342
233	436	0.000016
234	433	0.998830
235	429	0.000186
235	430	0.000002
235	431	0.000009
235	432	0.998293
236	428	0.000239
236	431	0.996280
237	409	0.573052
237	410	0.000251
238	407	0.000004
238	408	0.925846
238	427	0.000018
238	428	0.000065
238	429	0.002965
238	430	0.000542
239	406	0.000008
239	407	0.997590
239	428	0.001802
240	405	0.000007
240	406	0.998978
240	407	0.000982
241	404	0.000006
241	405	0.998982
241	406	0.000991
241	407	0.000003
242	404	0.998942
242	405	0.000995
242	406	0.000003
243	402	0.000014
243	403	0.990423
243	404	0.000948
243	405	0.000003
245	402	0.898375
246	399	0.000014
246	401	0.898376
247	399	0.991401
248	398	0.999931
248	399	0.000020
249	397	0.999976
249	398	0.000014
250	396	0.999984
250	397	0.000007
251	395	0.999991
252	394	0.999977
253	393	0.999484
254	392	0.999545
255	385	0.000001
255	390	0.000016
255	391	0.139503
256	390	0.126732
256	391	0.860113
257	381	0.000002
257	390	0.870981
257	391	0.000005
258	380	0.000001
258	383	0.003693
258	384	0.115881
258	386	0.003915
258	387	0.015209
258	388	0.003286
258	389	0.840129
259	383	0.256803
259	384	0.001320
259	386	0.021439
259	387	0.005103
259	388	0.668693
259	389	0.000330
260	381	0.996116
261	380	0.999846
261	383	0.000003
261	384	0.000002
261	386	0.000065
262	379	0.999481
262	384	0.000002
263	378	0.999479
263	382	0.000003
264	377	0.999893
264	381	0.000003
265	376	0.987407
266	374	0.146818
266	376	0.000045
266	380	0.000007
267	376	0.000040
267	379	0.000006
268	371	0.925032
268	372	0.010413
268	373	0.005395
268	375	0.000051
268	378	0.000002
269	369	0.000109
269	370	0.999503
269	374	0.000014
270	368	0.000118
270	369	0.999800
270	370	0.000069
271	367	0.000125
271	368	0.999797
271	369	0.000064
272	367	0.999594
272	368	0.000058
273	363	0.000002
273	365	0.998903
274	362	0.000001
274	364	0.996494
275	364	0.000172
276	362	0.995677
276	364	0.000003
277	358	0.000002
277	360	0.000001
277	361	0.998089
277	363	0.000003
278	357	0.000003
278	360	0.998404
278	361	0.000234
278	363	0.000008
279	356	0.000003
279	359	0.976086
279	362	0.000007
280	288	0.000001
280	355	0.000002
281	287	0.000001
281	356	0.001401
281	359	0.011295
282	355	0.001129
283	355	0.000009
284	355	0.000012
284	356	0.997678
285	352	0.000168
285	355	0.998207
286	351	0.000153
286	353	0.000004
286	354	0.999081
287	350	0.000130
287	351	0.000010
287	353	0.998194
288	350	0.000010
288	351	0.000683
288	353	0.000013
289	350	0.000102
289	351	0.721085
289	354	0.000006
290	350	0.993170
290	351	0.000648
290	353	0.000007
291	349	0.970807
291	352	0.000007
292	349	0.004125
293	347	0.992218
293	348	0.004892
293	349	0.000674
294	346	0.996190
294	347	0.002477
294	348	0.000994
294	349	0.000003
295	345	0.997996
296	344	0.998184
296	346	0.000026
296	347	0.001300
296	348	0.000003
297	302	0.000001
297	304	0.000001
297	341	0.000020
297	344	0.000078
297	346	0.001508
297	347	0.000002
298	340	0.000020
298	342	0.989079
298	343	0.000073
298	345	0.001532
299	339	0.000020
299	341	0.997923
299	344	0.001533
299	346	0.000004
300	340	0.996338
300	343	0.001344
300	345	0.000003
301	339	0.973406
302	306	0.000001
302	342	0.000140
302	343	0.000213
303	342	0.000222
303	343	0.000176
304	342	0.000185
304	343	0.000065
305	342	0.000067
306	338	0.997937
306	339	0.000016
306	341	0.000040
307	337	0.999440
307	340	0.000022
308	336	0.999973
308	339	0.000002
309	335	0.999958
309	338	0.000002
310	334	0.983005
312	331	0.000001
312	332	0.994313
312	333	0.000931
313	331	0.999385
314	330	0.999490
315	329	0.999963
316	328	0.999575
317	326	0.000011
317	327	0.999915
318	326	0.998639
318	327	0.000036
318	329	0.000002
319	328	0.000005
320	326	0.000214
320	327	0.000008
321	325	0.000664
321	326	0.000010
381	386	0.000159
381	387	0.000006
381	388	0.000021
381	389	0.000068
382	387	0.000208
382	388	0.000133
383	390	0.000010
383	391	0.000001
384	390	0.000001
386	390	0.000005
386	391	0.000002
409	426	0.000151
409	427	0.309550
409	428	0.000362
409	429	0.000262
409	430	0.000105
410	426	0.898486
410	427	0.001419
410	428	0.000186
410	429	0.000073
410	430	0.000025
411	425	0.999765
412	424	0.999988
413	420	0.000001
413	423	0.999954
414	419	0.000006
414	422	0.999711
415	420	0.000569
415	421	0.990258
416	422	0.000017
417	421	0.000023
428	434	0.000038
428	436	0.000001
428	437	0.000010
428	442	0.000001
428	443	0.000003
429	433	0.000029
430	439	0.000002
431	436	0.000002
431	437	0.000008
431	442	0.000039
431	443	0.000144
432	439	0.000004
433	438	0.000003
433	441	0.000296
434	440	0.000324
435	439	0.000213
436	440	0.000001
436	445	0.000005
437	444	0.000062
438	442	0.000034
438	443	0.000295
438	583	0.000002
440	583	0.000007
444	581	0.000005
444	582	0.156485
444	583	0.837151
444	584	0.000129
445	580	0.000003
445	581	0.157684
445	582	0.842052
445	583	0.000138
446	579	0.000001
446	580	0.157747
446	581	0.841811
446	582	0.000100
447	579	0.189749
447	580	0.784894
448	577	0.000001
448	578	0.216131
449	576	0.000001
449	577	0.210391
449	578	0.781964
450	576	0.204424
450	577	0.789577
451	574	0.000047
451	576	0.794144
452	572	0.000018
452	573	0.000045
452	575	0.999363
453	570	0.000005
453	571	0.000019
453	574	0.999486
454	569	0.000006
454	572	0.000056
454	573	0.999869
455	569	0.000035
455	572	0.999049
455	573	0.000001
458	465	0.000031
458	567	0.935381
458	568	0.001432
458	570	0.002540
458	571	0.000030
459	464	0.000039
459	565	0.000007
459	566	0.996660
459	569	0.002019
460	565	0.997016
460	566	0.000085
460	569	0.000009
461	563	0.000805
461	564	0.989112
462	562	0.001412
463	562	0.017745
464	563	0.756788
464	564	0.000039
465	559	0.000013
465	562	0.757873
466	559	0.000289
466	562	0.002852
467	555	0.000004
467	559	0.000052
467	560	0.988229
467	561	0.002432
468	559	0.994054
469	553	0.000002
469	554	0.000001
469	556	0.000324
469	557	0.004971
469	558	0.988925
470	552	0.000002
470	554	0.000513
470	556	0.016704
470	557	0.970359
472	552	0.000051
472	553	0.943786
472	554	0.002826
472	556	0.000395
472	557	0.000010
473	550	0.000093
473	552	0.996343
473	554	0.000265
473	556	0.000182
474	549	0.000036
474	551	0.988221
474	555	0.000188
475	549	0.993086
476	548	0.999542
476	550	0.000123
476	552	0.000001
477	547	0.998058
477	549	0.000041
478	546	0.999378
478	547	0.000004
479	545	0.999980
480	544	0.999962
481	539	0.000368
481	543	0.999587
482	538	0.000438
482	541	0.000543
482	542	0.998780
483	537	0.000518
483	538	0.130823
483	541	0.866457
483	542	0.000022
484	489	0.000003
484	533	0.000001
484	534	0.000004
484	537	0.535426
484	538	0.008342
484	541	0.000038
485	535	0.007814
485	536	0.565374
485	539	0.195678
485	540	0.000529
486	532	0.000002
486	540	0.000195
487	533	0.000031
487	534	0.694855
487	537	0.012089
487	538	0.011827
488	533	0.725146
488	537	0.011019
488	538	0.000113
489	532	0.363845
489	540	0.000002
490	532	0.624414
491	529	0.000010
491	530	0.013106
491	531	0.986521
491	533	0.000029
492	528	0.000010
492	529	0.013164
492	530	0.986692
492	531	0.000089
493	528	0.013169
493	529	0.986666
493	530	0.000093
494	528	0.985468
494	529	0.000096
495	523	0.000011
495	524	0.684751
495	527	0.313298
496	523	0.983755
497	522	0.997187
497	525	0.000725
497	526	0.000066
498	508	0.000001
498	520	0.000011
498	521	0.999454
498	524	0.000494
499	507	0.000001
499	520	0.999333
499	521	0.000004
499	523	0.000392
500	506	0.000001
500	518	0.983558
501	517	0.980814
502	517	0.015899
503	515	0.983316
503	516	0.016271
504	514	0.984066
504	515	0.015901
505	513	0.983207
505	514	0.015348
506	510	0.000026
506	511	0.000263
506	512	0.969274
507	514	0.000062
508	513	0.000068
508	514	0.000001
514	521	0.000001
515	520	0.000001
527	537	0.000017
527	538	0.000002
528	536	0.000017
529	535	0.000017
529	536	0.000003
530	535	0.000003
531	539	0.000003
532	538	0.000004
533	539	0.000043
533	540	0.000004
534	540	0.000005
536	541	0.000003
550	555	0.000003
551	556	0.000005
555	563	0.000028
556	562	0.000028
557	561	0.000027
561	571	0.000059
562	570	0.000060
563	569	0.000060
564	572	0.000001
565	571	0.000001
615	640	0.000003
616	637	0.000001
616	638	0.000002
616	639	0.000022
618	636	0.000076
618	638	0.000241
619	635	0.000149
619	636	0.184567
619	638	0.000723
620	635	0.186161
620	636	0.005116
620	638	0.000127
621	666	0.000001
622	630	0.000005
622	634	0.709031
622	635	0.000011
622	636	0.000002
622	637	0.000001
623	629	0.000011
623	631	0.000002
623	632	0.000002
623	633	0.996912
623	665	0.000008
624	632	0.997532
625	629	0.000003
625	631	0.997812
625	664	0.000025
625	674	0.000036
626	630	0.983357
626	635	0.000014
626	638	0.000024
626	663	0.000025
626	673	0.000036
627	634	0.000017
627	637	0.000024
627	669	0.000002
627	672	0.000036
628	633	0.000018
628	661	0.000025
628	664	0.000002
628	668	0.000006
628	670	0.000659
628	671	0.000045
629	635	0.000024
629	660	0.000025
629	663	0.000002
629	667	0.000005
629	669	0.000999
630	641	0.000028
630	662	0.000002
630	666	0.000001
630	668	0.001009
630	670	0.000589
631	640	0.000029
631	667	0.000813
631	669	0.000759
632	639	0.000030
632	669	0.000001
633	638	0.000030
633	667	0.001245
634	666	0.166874
635	658	0.000001
635	662	0.000085
635	664	0.000653
635	665	0.785685
635	666	0.000595
635	668	0.000028
636	657	0.000001
636	661	0.000039
636	662	0.000155
636	664	0.787028
636	665	0.001269
636	666	0.000003
637	656	0.000001
637	666	0.000386
638	661	0.000008
638	662	0.863126
638	664	0.000371
638	665	0.000518
640	653	0.000001
640	661	0.998329
640	662	0.000568
640	664	0.000004
641	652	0.000001
641	660	0.999902
641	663	0.000003
642	651	0.000001
642	659	0.999954
642	662	0.000001
643	650	0.000001
643	658	0.999988
644	657	0.999983
645	656	0.999498
646	655	0.999190
647	653	0.000037
647	654	0.999888
648	653	0.990947
648	654	0.000013
663	668	0.000001
678	687	0.000005
679	686	0.000005
694	711	0.000001
695	710	0.000001
695	713	0.000001
696	709	0.000001
696	712	0.000001
697	708	0.000001
697	711	0.000001
698	710	0.000001
699	707	0.000003
700	706	0.000005
700	708	0.000002
701	705	0.000004
701	707	0.000002
701	710	0.000004
702	709	0.000011
702	711	0.000003
702	714	0.000003
702	717	0.000002
702	796	0.000007
702	816	0.000002
703	720	0.000076
703	795	0.000008
703	815	0.000003
704	710	0.000019
704	713	0.000391
704	718	0.000005
704	719	0.000077
704	741	0.000032
704	747	0.000003
705	709	0.000016
705	711	0.000003
705	712	0.000502
705	714	0.000005
705	715	0.000009
705	716	0.000021
705	717	0.000006
705	740	0.000040
705	746	0.000003
705	793	0.000006
705	794	0.000001
705	796	0.000008
705	797	0.000004
705	816	0.000003
706	720	0.000164
706	739	0.000038
706	792	0.000005
706	795	0.000034
706	801	0.000020
706	815	0.000013
707	711	0.000339
707	714	0.000850
707	717	0.000274
707	725	0.000015
707	743	0.000006
707	745	0.000002
707	796	0.000685
707	798	0.000003
707	799	0.000010
707	800	0.000070
707	805	0.000007
707	806	0.000013
707	807	0.000006
707	808	0.000007
707	810	0.000016
707	814	0.000012
707	816	0.000039
707	819	0.000008
707	820	0.000011
708	720	0.007381
708	723	0.000001
708	724	0.000023
708	739	0.000009
708	795	0.000779
708	801	0.000003
708	815	0.000045
709	713	0.000457
709	718	0.011088
709	719	0.006804
709	720	0.000074
709	721	0.000044
709	723	0.000023
709	739	0.000006
709	741	0.000030
709	742	0.000013
709	747	0.000003
709	795	0.000004
709	801	0.000007
709	802	0.000003
709	803	0.000039
709	811	0.000022
709	812	0.000001
709	815	0.000003
709	821	0.000096
710	714	0.000287
710	717	0.012033
710	725	0.000004
710	737	0.000003
710	743	0.000015
710	745	0.000002
710	796	0.000022
710	798	0.000004
710	799	0.000013
710	800	0.000089
710	805	0.000017
710	806	0.000063
710	807	0.000052
710	808	0.000018
710	810	0.000022
710	814	0.000004
710	816	0.000002
710	817	0.000003
710	819	0.000008
710	820	0.000097
711	718	0.000671
711	719	0.000158
711	720	0.000068
711	721	0.019794
711	724	0.000005
711	736	0.000002
711	739	0.000098
711	741	0.000028
711	742	0.000015
711	747	0.000009
711	795	0.000021
711	802	0.004984
711	803	0.000020
711	812	0.000002
711	815	0.000001
711	821	0.000006
712	720	0.023674
712	723	0.000018
712	735	0.000002
712	739	0.000260
712	795	0.000058
712	801	0.006031
712	815	0.000037
712	837	0.000002
713	717	0.000471
713	737	0.002319
713	743	0.000027
713	745	0.000015
713	796	0.000024
713	798	0.000005
713	799	0.000038
713	800	0.006313
713	805	0.000026
713	806	0.000017
713	807	0.000008
713	808	0.000003
713	810	0.000002
713	814	0.000035
713	816	0.000002
713	817	0.000001
713	819	0.000009
713	820	0.000012
713	836	0.000002
714	718	0.000578
714	719	0.000625
714	720	0.000048
714	721	0.016539
714	736	0.002660
714	741	0.000012
714	742	0.000028
714	747	0.000098
714	795	0.000023
714	801	0.000010
714	802	0.008117
714	803	0.000165
714	815	0.000002
714	821	0.000005
715	720	0.019649
715	723	0.000002
715	724	0.000026
715	735	0.002726
715	795	0.000030
715	801	0.009659
715	815	0.000002
716	720	0.000896
716	723	0.000030
716	734	0.002721
716	739	0.000001
716	795	0.000076
716	801	0.012609
716	815	0.000003
717	721	0.000048
717	741	0.000129
717	742	0.000169
717	747	0.004181
717	795	0.000004
717	801	0.000376
717	802	0.000022
717	803	0.000005
717	811	0.000006
717	812	0.000003
717	815	0.000001
717	821	0.002190
718	729	0.000005
718	732	0.002415
718	743	0.000301
718	745	0.000180
718	796	0.000004
718	798	0.000228
718	799	0.430733
718	800	0.003147
718	806	0.000012
718	808	0.000003
718	810	0.000004
718	814	0.000001
718	819	0.000005
718	820	0.002490
718	833	0.000008
719	728	0.000007
719	731	0.002705
719	743	0.000796
719	745	0.097420
719	796	0.000003
719	798	0.571212
719	799	0.001876
719	800	0.000093
719	805	0.000015
719	807	0.000003
719	810	0.000071
719	814	0.000008
719	819	0.002488
719	820	0.000013
719	824	0.000005
719	827	0.000003
719	832	0.000011
719	836	0.000002
720	727	0.000007
720	730	0.002711
720	733	0.000012
720	738	0.000003
720	740	0.112886
720	743	0.000204
720	744	0.109153
720	745	0.000008
720	746	0.006702
720	793	0.000025
720	794	0.000067
720	796	0.000002
720	797	0.592195
720	798	0.000055
720	799	0.000056
720	800	0.000007
720	804	0.000015
720	806	0.000003
720	807	0.000001
720	809	0.000078
720	813	0.000008
720	817	0.000006
720	818	0.002356
720	819	0.000008
720	820	0.000015
720	822	0.000014
720	823	0.000006
720	825	0.000003
720	826	0.000003
720	828	0.000002
720	831	0.000011
720	834	0.000002
720	835	0.000002
721	728	0.000012
721	729	0.002514
721	732	0.000011
721	737	0.000002
721	743	0.107353
721	745	0.006668
721	796	0.591221
721	798	0.000047
721	799	0.000006
721	800	0.000002
721	805	0.000003
721	808	0.000066
721	816	0.000073
721	817	0.001867
721	819	0.000014
721	820	0.000002
721	824	0.000003
721	827	0.000002
721	833	0.000002
722	734	0.000003
722	739	0.402674
722	795	0.586355
722	815	0.000134
723	727	0.000545
723	728	0.000035
723	730	0.000015
723	731	0.000004
723	733	0.000005
723	737	0.000002
723	738	0.473376
723	740	0.000060
723	744	0.000005
723	746	0.000002
723	793	0.000071
723	794	0.522487
723	814	0.000059
724	728	0.000004
724	729	0.000014
724	730	0.000018
724	732	0.000005
724	733	0.000048
724	737	0.506568
724	738	0.002606
724	740	0.000218
724	743	0.000004
724	744	0.000004
724	745	0.000001
724	746	0.000005
724	793	0.482913
724	794	0.000004
724	813	0.000057
725	734	0.000012
725	735	0.000116
725	736	0.831136
725	739	0.000160
725	741	0.000091
725	742	0.000010
725	747	0.000003
725	792	0.042656
725	812	0.000041
726	734	0.000325
726	735	0.903249
726	739	0.000958
726	791	0.027733
726	792	0.000511
727	734	0.902270
727	735	0.000883
727	739	0.000242
727	790	0.026293
727	791	0.000286
727	792	0.000005
728	734	0.000844
728	735	0.000025
728	736	0.000584
728	739	0.000009
728	741	0.000013
728	742	0.000036
728	747	0.000006
728	773	0.000005
728	786	0.000007
728	789	0.021992
728	790	0.000049
729	734	0.000036
729	735	0.000668
729	736	0.005521
729	739	0.000001
729	741	0.000045
729	742	0.000003
729	747	0.000014
729	771	0.000002
729	772	0.000020
729	785	0.000017
729	786	0.013112
729	789	0.000047
730	734	0.000730
730	735	0.006147
730	739	0.000095
730	769	0.000001
730	770	0.000002
730	771	0.000021
730	784	0.000017
730	785	0.014002
730	790	0.000001
731	735	0.000004
731	736	0.000006
731	739	0.000003
731	741	0.000063
731	742	0.000194
731	747	0.000136
731	769	0.000002
731	770	0.000021
731	784	0.013453
731	785	0.000003
731	786	0.002386
731	789	0.000003
731	803	0.000005
732	736	0.000003
732	739	0.000006
732	741	0.000250
732	742	0.000021
732	747	0.002388
732	753	0.000001
732	769	0.000019
732	784	0.000008
732	785	0.002441
732	786	0.000058
732	789	0.000015
732	802	0.000006
733	739	0.000671
733	752	0.000004
733	758	0.000013
733	769	0.000001
733	782	0.013909
733	784	0.002436
733	785	0.000060
733	795	0.000004
733	801	0.000006
733	843	0.000002
734	738	0.000627
734	740	0.000883
734	743	0.000017
734	744	0.000213
734	745	0.044589
734	746	0.006387
734	748	0.000153
734	749	0.000334
734	750	0.000593
734	751	0.000011
734	757	0.000019
734	762	0.000001
734	764	0.000010
734	765	0.000214
734	780	0.000027
734	781	0.013885
734	783	0.002129
734	787	0.000007
734	788	0.003463
734	794	0.000004
734	798	0.000002
734	800	0.000004
734	805	0.000005
734	842	0.000002
735	740	0.000242
735	743	0.000117
735	744	0.058213
735	745	0.000252
735	746	0.002914
735	748	0.000335
735	749	0.000593
735	750	0.000015
735	756	0.000019
735	757	0.000002
735	761	0.000002
735	763	0.000012
735	764	0.000225
735	779	0.000044
735	780	0.013420
735	781	0.000233
735	783	0.000014
735	787	0.003459
735	788	0.000002
735	793	0.000004
735	797	0.000003
735	799	0.000004
735	804	0.000005
735	841	0.000002
736	743	0.057230
736	745	0.002942
736	754	0.000050
736	762	0.000015
736	763	0.000220
736	796	0.000003
736	798	0.000004
737	741	0.000247
737	742	0.048108
737	747	0.000174
737	753	0.000052
737	758	0.000002
737	778	0.000957
737	785	0.002631
737	786	0.000095
737	795	0.000002
737	802	0.000008
738	752	0.000058
738	753	0.000010
738	755	0.000076
738	758	0.000026
738	760	0.000273
738	776	0.000003
738	782	0.000144
738	784	0.003402
738	785	0.000054
738	795	0.000012
738	801	0.000010
739	743	0.000180
739	744	0.005363
739	745	0.000358
739	746	0.008889
739	748	0.000321
739	749	0.000006
739	750	0.000007
739	751	0.000035
739	754	0.000081
739	756	0.010507
739	757	0.000118
739	759	0.000311
739	761	0.000014
739	775	0.000001
739	777	0.002159
739	779	0.000002
739	781	0.000144
739	783	0.003447
739	793	0.000115
739	794	0.000033
739	796	0.000013
739	797	0.000008
739	799	0.000001
739	800	0.000013
739	804	0.000002
739	816	0.000003
739	822	0.000001
739	838	0.000036
740	752	0.000038
740	753	0.000079
740	755	0.010586
740	758	0.000309
740	760	0.000014
740	776	0.002163
740	782	0.003413
740	784	0.000001
740	792	0.000064
740	795	0.000037
740	801	0.004048
740	815	0.000010
740	837	0.000037
741	745	0.000453
741	751	0.000039
741	754	0.005879
741	775	0.002013
741	796	0.000073
741	798	0.000218
741	799	0.001429
741	800	0.006737
741	806	0.000013
741	807	0.000002
741	808	0.000001
741	814	0.000008
741	817	0.000001
741	819	0.000003
741	820	0.000018
741	836	0.000032
742	751	0.000038
742	754	0.004905
742	775	0.000011
742	796	0.001093
742	798	0.001564
742	799	0.006856
742	800	0.000313
742	805	0.000016
742	806	0.000003
742	807	0.000001
742	816	0.000001
742	819	0.000016
742	820	0.000004
743	747	0.000273
743	752	0.000069
743	753	0.009442
743	755	0.000003
743	758	0.000001
743	771	0.000012
743	772	0.001175
743	773	0.000140
743	786	0.000005
743	795	0.001047
743	802	0.000015
743	803	0.000002
743	815	0.000001
743	821	0.000001
744	752	0.009615
744	753	0.000449
744	755	0.000011
744	758	0.000002
744	770	0.000013
744	771	0.001261
744	785	0.000005
744	792	0.000004
744	795	0.002229
744	801	0.000018
745	752	0.000317
745	753	0.000498
745	769	0.000012
745	770	0.001243
745	771	0.000010
745	772	0.000272
745	773	0.000044
745	784	0.000003
745	785	0.000001
745	786	0.000018
745	792	0.000002
745	795	0.003339
745	802	0.000346
745	821	0.000002
746	752	0.000691
746	753	0.000031
746	755	0.000580
746	769	0.001219
746	770	0.000020
746	771	0.000273
746	776	0.000002
746	784	0.000007
746	785	0.000023
746	792	0.000022
746	795	0.015099
746	801	0.000408
746	815	0.000005
747	751	0.000464
747	754	0.000595
747	766	0.000003
747	767	0.000066
747	775	0.000002
747	796	0.000229
747	798	0.000043
747	799	0.000022
747	800	0.000418
747	814	0.000004
747	819	0.000003
747	820	0.000004
748	752	0.000006
748	753	0.000592
748	755	0.000001
748	769	0.000014
748	770	0.000295
748	771	0.000454
748	782	0.000049
748	784	0.000034
748	785	0.000780
748	791	0.000120
748	792	0.948009
748	795	0.000072
749	753	0.000001
749	769	0.000293
749	770	0.000463
749	771	0.000023
749	782	0.000035
749	784	0.000798
749	785	0.000198
749	790	0.000064
749	791	0.971707
749	792	0.000013
750	755	0.000004
750	769	0.000462
750	770	0.000024
750	782	0.001198
750	784	0.000201
750	785	0.000004
750	790	0.973533
750	791	0.000008
751	760	0.000002
751	769	0.000024
751	782	0.000134
751	784	0.000004
751	789	0.975366
751	790	0.000002
752	757	0.000006
752	759	0.000003
752	761	0.000003
752	762	0.000815
752	763	0.000004
752	764	0.000057
752	765	0.001098
752	766	0.000039
752	767	0.000002
752	768	0.000025
752	775	0.000001
752	780	0.006740
752	781	0.000211
752	783	0.000001
752	788	0.978740
753	757	0.000001
753	759	0.000004
753	761	0.000852
753	762	0.000003
753	763	0.000042
753	764	0.001098
753	765	0.000040
753	767	0.000019
753	774	0.000003
753	779	0.007032
753	780	0.000154
753	781	0.000001
753	783	0.000005
753	787	0.978726
753	788	0.000005
754	758	0.000003
754	760	0.000850
754	772	0.000001
754	773	0.000002
754	778	0.007087
754	782	0.000005
754	784	0.000046
754	785	0.000005
754	786	0.972303
755	759	0.000772
755	761	0.001153
755	762	0.000022
755	764	0.000006
755	765	0.000004
755	777	0.007027
755	779	0.000088
755	780	0.000005
755	781	0.000007
755	783	0.000240
755	787	0.000010
756	760	0.001140
756	770	0.000006
756	771	0.000004
756	776	0.006734
756	782	0.000237
756	784	0.004930
756	785	0.971434
757	769	0.000006
757	770	0.000004
757	771	0.000011
757	776	0.000268
757	782	0.003884
757	784	0.973437
757	785	0.000004
758	768	0.000006
758	774	0.002111
758	775	0.000504
758	777	0.012928
758	779	0.000346
758	780	0.000025
758	781	0.003243
758	783	0.973446
759	769	0.000015
759	771	0.000009
759	776	0.013246
759	782	0.971606
759	784	0.000007
760	764	0.000042
760	765	0.000154
760	766	0.000008
760	767	0.000012
760	768	0.000081
760	774	0.008238
760	775	0.014056
760	777	0.475639
760	779	0.000405
760	780	0.001473
760	781	0.479810
760	783	0.000016
761	769	0.000029
761	770	0.000106
761	771	0.000315
761	776	0.566884
761	782	0.000017
762	769	0.000096
762	770	0.000287
762	771	0.000056
762	772	0.013887
762	773	0.716494
762	776	0.000889
762	778	0.002766
763	769	0.000208
763	770	0.000081
763	771	0.014538
763	772	0.920742
763	773	0.001316
763	776	0.000063
763	778	0.001131
763	786	0.000014
764	769	0.000116
764	770	0.014990
764	771	0.931377
764	776	0.000117
764	785	0.000022
765	769	0.014903
765	770	0.929882
765	771	0.000102
765	776	0.001405
765	784	0.000022
765	785	0.000011
766	770	0.000091
766	771	0.000003
766	772	0.000020
766	773	0.000041
766	776	0.000038
766	778	0.000180
766	784	0.000013
766	786	0.000004
767	771	0.000017
767	772	0.000037
767	773	0.000019
767	776	0.000045
767	778	0.000037
767	785	0.000005
768	776	0.002021
768	782	0.001331
768	784	0.000006
769	774	0.000720
769	775	0.002032
769	777	0.000021
769	779	0.000032
769	780	0.035976
769	781	0.007381
769	783	0.000006
769	788	0.000022
770	774	0.001951
770	775	0.000005
770	777	0.000114
770	779	0.036014
770	780	0.008745
770	781	0.000127
770	787	0.000022
770	788	0.000020
771	775	0.000007
771	777	0.001608
771	779	0.008711
771	780	0.000163
771	781	0.000001
771	787	0.000020
774	784	0.000001
774	785	0.000158
775	784	0.000160
776	780	0.000431
776	781	0.000290
776	783	0.000191
777	782	0.000193
779	785	0.000009
780	784	0.000009
780	785	0.000001
782	838	0.000006
783	837	0.000006
784	835	0.000004
784	836	0.000003
785	834	0.000004
785	835	0.000002
786	833	0.000004
789	832	0.000005
790	830	0.000002
790	831	0.000005
791	829	0.000002
791	830	0.000005
792	796	0.000002
792	797	0.000018
792	798	0.000002
792	799	0.000004
792	800	0.000002
792	816	0.000018
792	822	0.000001
792	825	0.000001
792	828	0.000002
792	829	0.000005
793	801	0.000035
793	815	0.000168
793	880	0.000001
794	801	0.001500
794	815	0.000175
794	879	0.000001
795	799	0.000107
795	800	0.002339
795	804	0.001023
795	806	0.000002
795	807	0.000001
795	808	0.000001
795	809	0.000022
795	813	0.000800
795	814	0.000126
795	816	0.000005
795	817	0.000003
795	818	0.000034
795	819	0.000033
795	820	0.000018
795	822	0.035134
795	823	0.000268
795	824	0.000016
795	825	0.000146
795	826	0.000029
795	828	0.000004
795	838	0.000003
795	878	0.000001
796	801	0.000004
796	802	0.000231
796	803	0.000880
796	811	0.000001
796	812	0.000742
796	815	0.000005
796	821	0.033031
796	837	0.000003
797	801	0.000322
797	815	0.000055
798	802	0.000005
798	803	0.000003
798	811	0.000064
798	812	0.000425
798	815	0.000004
798	821	0.040020
799	803	0.000002
799	811	0.000453
799	812	0.000342
799	815	0.000002
799	821	0.002565
800	811	0.000536
800	812	0.000017
800	815	0.000002
800	821	0.000982
801	805	0.000002
801	806	0.000010
801	807	0.000048
801	808	0.000098
801	809	0.006623
801	810	0.000274
801	813	0.000028
801	814	0.000003
801	816	0.000002
801	817	0.000031
801	818	0.944464
801	819	0.000049
801	820	0.000211
801	822	0.000016
801	825	0.000001
801	834	0.000002
802	806	0.000043
802	807	0.000121
802	808	0.006510
802	810	0.000028
802	814	0.000015
802	816	0.000029
802	817	0.954012
802	819	0.000156
802	820	0.000033
802	824	0.000001
802	833	0.000002
803	807	0.003794
803	808	0.000040
803	810	0.000060
803	814	0.000053
803	816	0.957629
803	817	0.000016
803	819	0.000027
803	820	0.000008
803	832	0.000002
804	815	0.957931
805	811	0.001273
805	812	0.012934
805	815	0.000115
805	821	0.000011
806	811	0.016085
806	812	0.013791
806	815	0.000128
806	821	0.000010
807	811	0.010177
807	812	0.034758
807	815	0.000043
807	821	0.000010
808	812	0.000617
808	815	0.000023
808	821	0.000004
809	815	0.001001
810	815	0.000036
810	821	0.001557
811	816	0.000023
811	817	0.000059
811	819	0.000015
811	820	0.001771
812	816	0.000046
812	817	0.000026
812	819	0.001375
812	820	0.000021
814	821	0.000518
814	839	0.000035
814	864	0.000001
815	819	0.000009
815	820	0.000587
815	822	0.006211
815	823	0.000007
815	825	0.000002
815	826	0.000001
815	828	0.000001
815	838	0.000044
815	840	0.000001
815	863	0.000001
816	821	0.005965
816	837	0.000043
816	839	0.000001
816	862	0.000001
817	821	0.000016
817	861	0.000001
818	837	0.000002
818	860	0.000001
820	837	0.000002
820	845	0.000014
821	827	0.000005
821	832	0.000002
821	833	0.000001
821	836	0.000002
821	844	0.000016
822	837	0.000004
822	843	0.000016
822	877	0.000001
822	880	0.000002
823	837	0.000023
823	876	0.000001
823	879	0.000002
824	839	0.000003
824	875	0.000001
824	882	0.000002
825	837	0.000003
825	880	0.000073
826	837	0.000041
826	873	0.000002
826	879	0.000075
827	839	0.000004
827	872	0.000002
828	837	0.000026
828	871	0.000002
828	877	0.000075
829	837	0.000015
829	876	0.000075
829	877	0.000002
830	837	0.000042
830	843	0.000001
830	875	0.000075
830	876	0.000003
831	837	0.000225
831	843	0.000002
831	860	0.000007
831	867	0.000002
831	873	0.000042
831	875	0.000003
831	879	0.000001
832	837	0.000018
832	839	0.000006
832	860	0.000003
832	861	0.000028
832	862	0.001321
832	864	0.000002
832	865	0.000002
832	866	0.000002
832	872	0.000038
832	873	0.000030
833	837	0.000003
833	839	0.000004
833	845	0.000001
833	860	0.000029
833	861	0.001804
833	862	0.000003
833	864	0.000001
833	865	0.000002
833	871	0.000031
833	872	0.000036
834	843	0.000009
834	854	0.000002
834	860	0.001841
834	871	0.000038
834	877	0.000001
834	880	0.000001
835	843	0.000014
835	853	0.000002
835	854	0.000005
835	860	0.000079
835	867	0.000013
835	876	0.000001
835	879	0.000001
835	880	0.000006
836	843	0.000027
836	845	0.002290
836	853	0.000005
836	860	0.000003
836	861	0.000002
836	862	0.000001
836	866	0.000013
836	875	0.000001
836	879	0.000006
836	882	0.000258
837	841	0.000011
837	842	0.000092
837	844	0.003150
837	846	0.000008
837	852	0.000007
837	855	0.000015
837	856	0.002660
837	857	0.000376
837	858	0.000021
837	859	0.000015
837	868	0.000029
837	869	0.000002
837	874	0.000001
837	878	0.000007
837	881	0.001445
838	843	0.003200
838	851	0.000007
838	853	0.000070
838	854	0.000016
838	860	0.000074
838	867	0.000030
838	873	0.000001
838	877	0.000005
838	879	0.000013
838	880	0.001011
839	844	0.000004
839	852	0.000072
839	855	0.008169
839	859	0.000043
840	851	0.000069
840	853	0.000023
840	854	0.008942
840	860	0.000004
840	876	0.000002
840	877	0.000234
840	879	0.000062
840	880	0.000332
841	851	0.000001
841	853	0.008945
841	854	0.000083
841	860	0.000007
841	875	0.000002
841	876	0.000235
841	877	0.000090
841	879	0.000242
841	880	0.024392
842	851	0.008921
842	853	0.000087
842	854	0.000003
842	860	0.000043
842	875	0.000234
842	876	0.000086
842	877	0.000009
842	879	0.025465
842	880	0.000012
843	847	0.000034
843	848	0.000101
843	849	0.000028
843	850	0.008596
843	852	0.000071
843	856	0.000141
843	857	0.000009
843	858	0.000003
843	859	0.000039
843	874	0.000192
843	878	0.024927
843	881	0.002445
844	851	0.000014
844	853	0.000020
844	872	0.000002
844	873	0.000005
844	875	0.000075
844	877	0.003643
844	879	0.000033
844	880	0.002292
844	882	0.000048
845	852	0.000063
845	855	0.000392
845	857	0.000001
845	874	0.000098
846	851	0.000066
846	853	0.000005
846	854	0.000438
846	871	0.000005
846	873	0.000101
846	875	0.000030
846	876	0.001155
846	877	0.015859
846	879	0.000916
846	880	0.004007
847	851	0.000001
847	853	0.000435
847	854	0.000050
847	871	0.000017
847	873	0.000006
847	875	0.001142
847	876	0.017565
847	877	0.009056
847	879	0.004048
847	880	0.000002
848	853	0.000051
848	854	0.000021
848	871	0.000043
848	873	0.000214
848	875	0.017515
848	876	0.010025
848	877	0.004626
848	879	0.000002
849	853	0.000021
849	871	0.000023
849	873	0.000538
849	875	0.010062
849	876	0.004681
849	877	0.000004
849	880	0.000099
850	860	0.000003
850	871	0.000417
850	873	0.026128
850	875	0.004676
850	876	0.000004
850	879	0.000101
851	856	0.000002
851	859	0.000003
851	870	0.000273
851	874	0.003964
851	878	0.000102
851	881	0.000012
852	871	0.024088
852	872	0.000519
852	873	0.000310
852	877	0.000100
852	880	0.000012
853	863	0.000001
853	868	0.000001
853	869	0.000467
853	870	0.032414
853	874	0.000008
854	859	0.000003
854	863	0.000020
854	868	0.000442
854	869	0.032958
854	870	0.000046
854	874	0.000004
854	878	0.000013
855	860	0.000049
855	861	0.003415
855	862	0.000091
855	864	0.000062
855	865	0.000026
855	866	0.000040
855	867	0.000003
855	872	0.000022
855	877	0.000013
856	860	0.007153
856	867	0.036790
856	871	0.000023
856	873	0.000229
856	876	0.000012
857	861	0.000334
857	862	0.000547
857	864	0.003257
857	865	0.009010
857	866	0.058536
857	867	0.000195
857	872	0.000233
857	875	0.000012
858	862	0.000252
858	864	0.010658
858	865	0.060801
858	866	0.023492
858	867	0.000052
858	871	0.000191
858	872	0.000002
858	873	0.000002
859	864	0.048789
859	865	0.028588
859	866	0.008793
859	867	0.000003
859	871	0.000002
859	872	0.000002
859	882	0.000004
860	869	0.000268
860	881	0.000007
861	868	0.000241
861	870	0.000005
862	868	0.000010
862	870	0.000001
862	874	0.000002
863	867	0.000011
863	871	0.000002
863	873	0.000002
863	879	0.000005
863	880	0.000015
863	882	0.000074
864	870	0.000003
865	870	0.000002
866	874	0.000001
867	878	0.017155
867	881	0.002379
868	876	0.000042
868	877	0.017126
868	880	0.001495
868	882	0.000010
869	875	0.000076
869	876	0.017113
869	877	0.000078
869	879	0.001446
869	880	0.001238
870	875	0.014979
870	876	0.000087
870	877	0.000173
870	879	0.001270
870	882	0.000004
871	878	0.001668
871	881	0.000012
873	878	0.000047
873	881	0.001763
874	879	0.000003
874	880	0.001747
874	882	0.000316
875	881	0.000513
876	881	0.000618
877	881	0.000057
