1	7	0.000050
1	8	0.000043
1	9	0.000010
1	12	0.000026
1	13	0.000013
1	15	0.000113
1	29	0.000002
1	33	0.000004
1	41	0.179527
1	67	0.000801
1	75	0.000008
1	76	0.000001
1	682	0.000004
1	688	0.000177
1	690	0.000045
1	693	0.000084
1	694	0.000030
1	703	0.000015
1	709	0.000066
1	857	0.000003
1	859	0.002305
1	863	0.000018
1	864	0.000334
1	866	0.006540
1	870	0.197899
1	873	0.000030
1	882	0.000043
1	883	0.000101
1	884	0.000536
1	886	0.000055
1	887	0.000135
1	888	0.000286
1	889	0.001553
1	892	0.000656
1	893	0.001711
2	7	0.000150
2	8	0.000032
2	9	0.000006
2	11	0.000034
2	12	0.000025
2	14	0.000136
2	15	0.000044
2	28	0.000004
2	30	0.000415
2	32	0.000004
2	33	0.000001
2	39	0.000151
2	40	0.238310
2	41	0.001415
2	42	0.004179
2	46	0.000286
2	50	0.000006
2	53	0.000014
2	62	0.001004
2	64	0.000003
2	65	0.000084
2	66	0.000941
2	67	0.000003
2	74	0.000013
2	75	0.000006
2	77	0.000004
2	674	0.000003
2	682	0.000009
2	683	0.001116
2	686	0.000796
2	688	0.000005
2	690	0.002261
2	693	0.000056
2	694	0.000012
2	702	0.000016
2	703	0.000100
2	707	0.006144
2	708	0.000074
2	855	0.000002
2	857	0.000005
2	858	0.002580
2	859	0.005602
2	863	0.000651
2	864	0.000040
2	865	0.009421
2	866	0.002040
2	868	0.000138
2	869	0.224004
2	870	0.001770
2	873	0.000020
2	880	0.003001
2	882	0.000112
2	883	0.000573
2	884	0.001740
2	886	0.000147
2	887	0.000430
2	888	0.002941
2	889	0.001865
2	890	0.100282
2	892	0.001632
2	893	0.000245
2	895	0.016598
3	7	0.000036
3	8	0.000030
3	9	0.000014
3	11	0.000027
3	13	0.000134
3	14	0.000058
3	29	0.000419
3	30	0.000004
3	32	0.000001
3	39	0.238387
3	40	0.001748
3	41	0.003379
3	42	0.039144
3	46	0.000022
3	50	0.000002
3	52	0.000014
3	61	0.001081
3	62	0.000006
3	64	0.000084
3	65	0.000934
3	66	0.000003
3	74	0.000008
3	76	0.000004
3	77	0.000003
3	673	0.000003
3	682	0.000467
3	683	0.003348
3	686	0.000609
3	688	0.000034
3	690	0.000161
3	693	0.000015
3	694	0.000025
3	702	0.000117
3	703	0.000002
3	706	0.006267
3	707	0.000041
3	855	0.000002
3	857	0.001061
3	858	0.006640
3	859	0.000010
3	863	0.000040
3	864	0.008913
3	865	0.003303
3	866	0.000003
3	868	0.223044
3	869	0.001887
3	870	0.000024
3	873	0.000013
3	880	0.001077
3	882	0.000236
3	883	0.002009
3	884	0.001089
3	886	0.000200
3	887	0.003239
3	888	0.002603
3	889	0.093429
3	890	0.039911
3	892	0.000147
3	893	0.001189
3	895	0.022124
4	8	0.000037
4	9	0.000029
4	12	0.000128
4	13	0.000056
4	26	0.000006
4	28	0.000421
4	29	0.000002
4	41	0.037626
4	58	0.000002
4	60	0.001110
4	61	0.000003
4	75	0.000003
4	76	0.000002
4	672	0.000003
4	682	0.002809
4	688	0.005140
4	690	0.077495
4	693	0.000026
4	694	0.000002
4	700	0.000007
4	703	0.000002
4	705	0.006299
4	857	0.005549
4	859	0.000016
4	863	0.007689
4	864	0.002943
4	866	0.000592
4	870	0.000016
4	873	0.000020
4	882	0.001626
4	883	0.000968
4	884	0.000153
4	886	0.002645
4	887	0.002306
4	888	0.079180
4	889	0.033855
4	892	0.001072
4	893	0.008768
5	10	0.000094
5	16	0.000002
5	25	0.000006
5	27	0.000423
5	48	0.000004
5	56	0.000005
5	57	0.000002
5	59	0.001115
5	68	0.000006
5	71	0.000028
5	72	0.000004
5	679	0.000013
5	680	0.000051
5	687	0.005348
5	689	0.082394
5	691	0.003971
5	696	0.000003
5	697	0.000001
5	698	0.000003
5	701	0.000172
5	704	0.006292
5	860	0.003712
5	861	0.002757
5	867	0.108804
5	894	0.036633
6	13	0.000001
6	15	0.000002
6	24	0.000006
6	26	0.000420
6	41	0.000356
6	55	0.000005
6	58	0.001024
6	67	0.000005
6	682	0.000103
6	688	0.079969
6	690	0.003861
6	693	0.000006
6	694	0.000002
6	700	0.000173
6	703	0.004922
6	857	0.000041
6	859	0.003062
6	863	0.001554
6	864	0.000078
6	866	0.087146
6	870	0.000011
6	873	0.000114
6	882	0.000359
6	883	0.000088
6	884	0.000364
6	886	0.011856
6	887	0.002146
6	888	0.000463
6	889	0.000129
6	892	0.001754
6	893	0.029759
7	22	0.000001
7	25	0.000390
7	37	0.000070
7	38	0.005486
7	43	0.000105
7	44	0.000108
7	45	0.000050
7	47	0.000004
7	48	0.000002
7	49	0.000003
7	54	0.000005
7	56	0.000001
7	57	0.000943
7	73	0.000005
7	679	0.000001
7	681	0.000114
7	684	0.000025
7	685	0.000253
7	687	0.072441
7	689	0.003429
7	691	0.000002
7	692	0.000007
7	698	0.000001
7	699	0.000171
7	701	0.000039
7	856	0.000054
7	860	0.000180
7	861	0.000104
7	862	0.001994
7	867	0.000010
7	871	0.000005
7	872	0.000114
7	874	0.000031
7	875	0.000094
7	876	0.000148
7	877	0.000164
7	878	0.000169
7	879	0.000233
7	881	0.000352
7	885	0.010743
7	891	0.001880
7	894	0.000064
7	896	0.000117
7	897	0.000142
8	17	0.000001
8	21	0.000003
8	22	0.000198
8	37	0.003197
8	38	0.750729
8	43	0.000072
8	44	0.000042
8	45	0.000006
8	47	0.000002
8	48	0.000003
8	56	0.000240
8	73	0.000002
8	680	0.000006
8	681	0.000014
8	684	0.000196
8	685	0.000282
8	687	0.000056
8	689	0.000003
8	691	0.000005
8	698	0.000103
8	699	0.000008
8	701	0.000029
8	856	0.000009
8	860	0.000041
8	861	0.001558
8	862	0.000221
8	867	0.000002
8	871	0.000040
8	872	0.000005
8	874	0.000060
8	875	0.000134
8	876	0.000158
8	877	0.000162
8	878	0.000212
8	879	0.000029
8	881	0.000027
8	885	0.000154
8	891	0.000942
8	894	0.000023
8	896	0.000121
8	897	0.000749
9	16	0.000001
9	19	0.000020
9	21	0.000245
9	22	0.000005
9	31	0.000007
9	34	0.000001
9	37	0.958181
9	38	0.000309
9	43	0.000013
9	44	0.000002
9	54	0.000001
9	681	0.000003
9	684	0.000140
9	685	0.000344
9	687	0.000021
9	697	0.000015
9	698	0.000006
9	699	0.000002
9	856	0.000010
9	860	0.000407
9	861	0.000133
9	862	0.000043
9	871	0.000002
9	872	0.000001
9	874	0.000060
9	875	0.000090
9	876	0.000093
9	877	0.000119
9	878	0.000020
9	879	0.000004
9	881	0.000015
9	885	0.000019
9	891	0.000019
9	894	0.000006
9	896	0.001353
9	897	0.000005
10	14	0.000002
10	18	0.000024
10	20	0.000246
10	23	0.000014
10	30	0.000009
10	32	0.000004
10	33	0.000001
10	36	0.996973
10	42	0.000003
10	53	0.000001
10	683	0.000014
10	686	0.000002
10	702	0.000022
10	865	0.000005
10	868	0.000007
10	880	0.000004
10	890	0.000003
10	895	0.001439
11	16	0.000050
11	35	0.997055
11	696	0.000006
11	698	0.000005
11	701	0.000022
11	860	0.000001
11	861	0.000003
11	867	0.000007
11	894	0.001429
12	17	0.000002
12	19	0.000017
12	21	0.000003
12	22	0.000004
12	31	0.000007
12	34	0.989045
12	35	0.000004
12	37	0.000002
12	38	0.000004
12	681	0.000001
12	695	0.000005
12	697	0.000003
12	698	0.000009
12	699	0.000004
12	860	0.000003
12	862	0.000001
13	17	0.000005
13	19	0.000002
13	21	0.000004
13	31	0.000124
13	34	0.000108
13	37	0.000005
13	49	0.000009
13	73	0.000002
13	680	0.000001
13	697	0.000017
13	698	0.000004
13	699	0.000006
13	861	0.000002
13	862	0.000007
13	891	0.000005
14	35	0.000018
14	48	0.000011
14	72	0.000002
14	696	0.000022
14	697	0.000003
14	698	0.000006
14	860	0.000002
14	861	0.000007
15	21	0.000002
15	31	0.912474
15	34	0.000019
15	47	0.000011
15	71	0.000002
15	692	0.000007
15	695	0.000023
15	696	0.000002
15	697	0.000005
15	860	0.000006
15	891	0.000092
16	20	0.000002
16	28	0.000022
16	29	0.077822
16	30	0.915706
16	32	0.000049
16	33	0.000008
16	46	0.000011
16	61	0.000004
16	694	0.000024
16	889	0.000001
16	890	0.000104
17	26	0.000067
17	28	0.533855
17	29	0.461902
17	60	0.000006
17	690	0.000017
17	693	0.000023
17	889	0.000057
18	25	0.000139
18	27	0.987863
18	59	0.000007
18	68	0.000002
18	689	0.000018
18	691	0.000035
19	24	0.000102
19	26	0.986915
19	28	0.010464
19	58	0.000007
19	67	0.000002
19	688	0.000018
19	690	0.000035
19	887	0.000002
20	25	0.983401
20	27	0.010714
20	57	0.000007
20	687	0.000018
20	689	0.000035
21	26	0.008107
21	28	0.000001
21	29	0.000003
21	688	0.000025
22	26	0.000008
22	28	0.000018
22	688	0.000006
23	27	0.000017
23	35	0.000001
23	48	0.000011
23	687	0.000012
24	34	0.000001
24	37	0.000017
24	47	0.000011
24	687	0.000002
24	881	0.000001
25	30	0.000001
25	32	0.000001
25	36	0.000020
25	46	0.000011
25	52	0.000008
25	64	0.000016
25	686	0.000004
25	880	0.000001
25	882	0.000016
26	35	0.000019
26	37	0.000016
26	45	0.000010
26	51	0.000008
26	63	0.000016
26	684	0.000001
26	685	0.000003
26	879	0.000001
26	881	0.000017
27	36	0.000023
27	39	0.000002
27	50	0.000008
27	62	0.000016
27	683	0.000001
27	880	0.000017
28	35	0.000022
28	38	0.000002
28	49	0.000007
28	879	0.000016
29	34	0.000013
29	37	0.000002
29	48	0.000006
29	692	0.000024
29	878	0.000013
30	35	0.000004
30	48	0.000001
30	59	0.000028
30	689	0.000008
30	691	0.000092
31	58	0.000028
31	688	0.000009
31	690	0.000092
31	705	0.000033
32	57	0.000028
32	687	0.000009
32	689	0.000092
32	691	0.000002
32	704	0.000056
32	861	0.000007
33	56	0.000028
33	704	0.000522
33	860	0.000007
33	871	0.000003
33	896	0.000009
33	897	0.000005
34	41	0.000006
34	55	0.000027
34	61	0.000005
34	75	0.000001
34	703	0.001327
34	859	0.000007
34	870	0.000003
35	40	0.000006
35	42	0.000002
35	53	0.000001
35	60	0.000010
35	74	0.000002
35	686	0.000051
35	688	0.000015
35	690	0.000002
35	702	0.001433
35	858	0.000007
35	868	0.000011
35	869	0.000002
35	895	0.000736
36	59	0.000010
36	687	0.000016
36	689	0.000002
36	701	0.001435
36	867	0.000012
36	894	0.000739
37	41	0.000003
37	58	0.000005
37	61	0.000002
37	688	0.000002
37	700	0.001406
37	863	0.000001
37	864	0.000003
37	866	0.000011
37	883	0.000002
37	884	0.000004
37	887	0.000003
37	888	0.000004
37	889	0.000005
37	892	0.000001
37	893	0.000708
38	58	0.000615
38	60	0.000010
38	75	0.000005
38	682	0.000001
38	688	0.000027
38	690	0.000026
38	694	0.000001
38	700	0.000030
38	859	0.000002
38	863	0.000008
38	864	0.000002
38	866	0.000002
38	870	0.000001
38	873	0.000003
38	882	0.000004
38	883	0.000007
38	884	0.000007
38	886	0.000006
38	887	0.000008
38	888	0.000010
38	889	0.000007
38	892	0.000494
38	893	0.000014
39	48	0.000459
39	57	0.000799
39	59	0.000013
39	68	0.000004
39	69	0.001544
39	71	0.000368
39	72	0.439616
39	680	0.000020
39	687	0.000033
39	689	0.000031
39	691	0.000010
39	697	0.002414
39	698	0.003515
39	701	0.000004
39	860	0.000005
39	861	0.000709
39	867	0.000120
39	894	0.000063
40	48	0.004798
40	56	0.000805
40	57	0.000004
40	59	0.000002
40	68	0.001568
40	69	0.000321
40	71	0.455641
40	72	0.000050
40	679	0.000021
40	687	0.000018
40	689	0.000011
40	691	0.000073
40	696	0.002433
40	697	0.003535
40	698	0.000595
40	860	0.000706
40	861	0.000084
40	867	0.000097
40	894	0.000053
41	45	0.000076
41	47	0.004465
41	48	0.000059
41	49	0.007202
41	51	0.000004
41	54	0.000003
41	56	0.000002
41	57	0.000019
41	68	0.000229
41	69	0.002630
41	70	0.453298
41	71	0.000034
41	72	0.000020
41	73	0.000346
41	678	0.000018
41	681	0.000001
41	685	0.000001
41	691	0.000002
41	692	0.000999
41	695	0.002336
41	696	0.003263
41	697	0.000599
41	698	0.000002
41	699	0.000003
41	860	0.000029
41	861	0.000177
41	862	0.000897
41	867	0.000004
41	871	0.000106
41	872	0.000128
41	874	0.000018
41	875	0.000009
41	876	0.000005
41	877	0.000004
41	878	0.000004
41	879	0.000003
41	881	0.000003
41	885	0.000006
41	891	0.000016
41	894	0.000006
41	896	0.000275
41	897	0.000007
42	48	0.008935
42	56	0.000044
42	59	0.000021
42	68	0.012289
42	69	0.440183
42	71	0.000074
42	72	0.000419
42	677	0.000016
42	680	0.000001
42	687	0.000017
42	689	0.000097
42	691	0.002403
42	696	0.000730
42	697	0.000003
42	698	0.000003
42	701	0.000001
42	860	0.000332
42	861	0.001115
42	867	0.000150
42	894	0.006149
43	55	0.000038
43	58	0.000020
43	61	0.000006
43	67	0.019892
43	688	0.000079
43	690	0.002158
43	693	0.000066
43	694	0.004314
43	700	0.000001
43	857	0.000019
43	859	0.000285
43	863	0.003530
43	864	0.000984
43	866	0.000140
43	870	0.003758
43	873	0.000020
43	882	0.000007
43	883	0.000042
43	884	0.000243
43	886	0.000010
43	887	0.000057
43	888	0.000287
43	889	0.000316
43	892	0.000021
43	893	0.006067
44	58	0.000002
44	60	0.000003
44	61	0.000416
44	67	0.008932
44	688	0.000005
44	690	0.000009
44	693	0.004438
44	694	0.000637
44	857	0.000004
44	859	0.000005
44	863	0.001073
44	864	0.000154
44	866	0.000002
44	870	0.000627
44	873	0.000013
44	882	0.000040
44	883	0.000272
44	884	0.000088
44	886	0.000054
44	887	0.000340
44	888	0.000374
44	889	0.000099
44	892	0.004737
44	893	0.000220
45	58	0.000020
45	60	0.000614
45	61	0.000010
45	67	0.001533
45	688	0.002191
45	690	0.001402
45	693	0.000739
45	694	0.000008
45	705	0.000232
45	857	0.000007
45	859	0.000002
45	863	0.000139
45	864	0.000017
45	866	0.000004
45	870	0.000393
45	873	0.000029
45	882	0.000203
45	883	0.000076
45	884	0.000017
45	886	0.000268
45	887	0.000275
45	888	0.000092
45	889	0.000027
45	892	0.000187
45	893	0.000065
46	56	0.000351
46	57	0.000019
46	59	0.000636
46	68	0.065848
46	69	0.000003
46	71	0.000043
46	72	0.000041
46	687	0.002340
46	689	0.001527
46	691	0.031358
46	701	0.000004
46	704	0.000355
46	860	0.054618
46	861	0.000072
46	867	0.322445
46	894	0.004051
47	55	0.000347
47	58	0.000581
47	60	0.000108
47	61	0.000364
47	67	0.066000
47	75	0.000082
47	688	0.001246
47	690	0.031468
47	693	0.000002
47	694	0.000002
47	700	0.000004
47	703	0.000364
47	857	0.000001
47	859	0.054921
47	863	0.000012
47	864	0.000005
47	866	0.327376
47	870	0.000029
47	873	0.000001
47	882	0.000008
47	883	0.000016
47	884	0.000166
47	886	0.000013
47	887	0.000022
47	888	0.000128
47	889	0.000383
47	892	0.000042
47	893	0.003660
48	52	0.000016
48	53	0.000124
48	55	0.000002
48	58	0.000001
48	60	0.000255
48	61	0.330563
48	62	0.072212
48	64	0.001286
48	65	0.000512
48	66	0.058534
48	67	0.000001
48	74	0.000116
48	683	0.000123
48	686	0.000400
48	688	0.000002
48	690	0.000006
48	693	0.000001
48	694	0.000003
48	702	0.000364
48	706	0.000084
48	858	0.054846
48	863	0.000006
48	864	0.000018
48	865	0.329245
48	868	0.000004
48	869	0.000031
48	880	0.000078
48	882	0.000006
48	883	0.000174
48	884	0.000076
48	886	0.000010
48	887	0.000156
48	888	0.000415
48	889	0.000075
48	890	0.003095
48	892	0.001219
48	893	0.000034
48	895	0.000829
49	55	0.000007
49	58	0.000347
49	60	0.464737
49	61	0.036517
49	682	0.000102
49	688	0.031455
49	690	0.002969
49	693	0.000003
49	700	0.000010
49	705	0.000086
49	857	0.040835
49	863	0.000140
49	864	0.322594
49	882	0.000130
49	883	0.000065
49	884	0.000008
49	886	0.000126
49	887	0.000338
49	888	0.000073
49	889	0.002581
49	892	0.000035
49	893	0.000015
50	56	0.000486
50	57	0.000391
50	59	0.510402
50	68	0.000030
50	69	0.000006
50	71	0.033082
50	72	0.004694
50	679	0.000001
50	680	0.000001
50	687	0.031604
50	689	0.003241
50	691	0.000253
50	697	0.000001
50	698	0.000002
50	701	0.000291
50	704	0.000088
50	860	0.000217
50	861	0.000078
50	867	0.000034
50	894	0.001040
51	55	0.000323
51	58	0.509077
51	60	0.000417
51	61	0.000006
51	67	0.000027
51	688	0.003061
51	690	0.000242
51	700	0.000285
51	703	0.000085
51	857	0.000002
51	859	0.000171
51	863	0.004778
51	864	0.000005
51	866	0.000032
51	882	0.000002
51	883	0.000003
51	884	0.000009
51	886	0.000011
51	887	0.000103
51	888	0.000035
51	889	0.000013
51	892	0.000007
51	893	0.000823
52	56	0.000340
52	57	0.504164
52	59	0.000435
52	68	0.000026
52	69	0.146063
52	71	0.000037
52	72	0.000043
52	81	0.000006
52	680	0.000002
52	687	0.002497
52	689	0.000159
52	691	0.000009
52	697	0.000039
52	698	0.000300
52	860	0.000024
52	861	0.324953
52	894	0.000032
53	57	0.000344
53	59	0.000108
53	68	0.151651
53	69	0.000157
53	71	0.000044
53	80	0.000006
53	679	0.000002
53	687	0.000019
53	689	0.000070
53	691	0.000006
53	696	0.000039
53	697	0.000299
53	698	0.000010
53	701	0.000086
53	860	0.325351
53	861	0.000232
53	894	0.000021
54	58	0.000075
54	60	0.000024
54	61	0.000012
54	67	0.149337
54	79	0.000007
54	688	0.000113
54	690	0.000006
54	700	0.000086
54	705	0.000004
54	857	0.000019
54	859	0.308635
54	882	0.000016
54	883	0.000001
54	884	0.000010
54	886	0.000165
54	887	0.000002
54	892	0.000108
54	893	0.000013
55	59	0.000024
55	63	0.000139
55	68	0.000017
55	69	0.000010
55	70	0.000001
55	78	0.000007
55	684	0.000347
55	685	0.000001
55	687	0.000112
55	689	0.000005
55	695	0.000217
55	696	0.000016
55	699	0.000081
55	704	0.000005
55	856	0.000059
55	860	0.000004
55	881	0.000018
55	885	0.000181
55	891	0.000129
55	894	0.000008
55	896	0.000006
56	60	0.000003
56	61	0.000002
56	62	0.000162
56	64	0.000035
56	65	0.150812
56	66	0.006051
56	67	0.000028
56	74	0.000023
56	75	0.002302
56	77	0.000008
56	683	0.000363
56	686	0.000105
56	688	0.000001
56	693	0.000003
56	694	0.000280
56	703	0.000017
56	707	0.000007
56	708	0.000004
56	855	0.000034
56	857	0.000377
56	858	0.307916
56	859	0.000108
56	866	0.000003
56	869	0.000019
56	880	0.000018
56	882	0.000001
56	883	0.000859
56	884	0.000121
56	887	0.000001
56	890	0.000131
56	893	0.000026
56	895	0.000007
57	61	0.000069
57	62	0.000039
57	64	0.151167
57	65	0.005889
57	66	0.000035
57	67	0.000001
57	74	0.004137
57	75	0.000003
57	76	0.000006
57	682	0.000341
57	686	0.000004
57	693	0.000285
57	694	0.000047
57	702	0.000020
57	706	0.000007
57	707	0.000003
57	855	0.000003
57	857	0.303919
57	858	0.000222
57	865	0.000003
57	868	0.000019
57	880	0.000006
57	882	0.001227
57	883	0.000061
57	886	0.000002
57	889	0.000062
57	890	0.000003
57	892	0.000037
57	895	0.000010
58	63	0.132426
58	72	0.000217
58	73	0.004207
58	681	0.000322
58	684	0.000026
58	685	0.000005
58	687	0.000002
58	692	0.000147
58	695	0.003514
58	696	0.000002
58	701	0.000020
58	856	0.299414
58	867	0.000018
58	879	0.000006
58	881	0.001330
58	885	0.000002
58	891	0.000038
58	894	0.000010
58	896	0.000023
59	64	0.002901
59	65	0.000012
59	66	0.000009
59	74	0.002638
59	682	0.000002
59	683	0.000034
59	686	0.000006
59	693	0.001178
59	694	0.008890
59	700	0.000019
59	702	0.000007
59	706	0.000002
59	855	0.260754
59	857	0.000028
59	858	0.000016
59	863	0.000011
59	866	0.000005
59	880	0.001346
59	884	0.000002
59	886	0.000002
59	887	0.000003
59	890	0.000038
59	893	0.000003
59	895	0.000032
60	68	0.000001
60	69	0.000001
60	70	0.000828
60	71	0.004470
60	72	0.000002
60	73	0.002769
60	679	0.000005
60	681	0.000004
60	685	0.000006
60	691	0.000080
60	692	0.000817
60	695	0.000022
60	699	0.000019
60	701	0.000007
60	853	0.000002
60	854	0.223631
60	856	0.000033
60	862	0.000012
60	876	0.000002
60	878	0.000003
60	879	0.001295
60	885	0.000002
60	894	0.000029
61	68	0.000004
61	69	0.000974
61	70	0.004848
61	71	0.000002
61	72	0.002791
61	73	0.000100
61	678	0.000003
61	680	0.000003
61	681	0.000013
61	684	0.000005
61	691	0.000177
61	692	0.103066
61	695	0.000001
61	698	0.000003
61	701	0.000001
61	853	0.216897
61	854	0.000002
61	861	0.000013
61	875	0.000002
61	876	0.000002
61	877	0.000004
61	878	0.000917
61	896	0.000001
62	68	0.002852
62	69	0.004902
62	71	0.002855
62	72	0.000127
62	677	0.000003
62	679	0.000003
62	680	0.000011
62	689	0.001908
62	691	0.149331
62	697	0.000002
62	701	0.000629
62	704	0.000001
62	852	0.216830
62	860	0.000015
62	861	0.000001
62	894	0.000051
63	67	0.001895
63	688	0.001971
63	690	0.149601
63	693	0.000003
63	700	0.000645
63	703	0.000001
63	727	0.000004
63	850	0.000783
63	851	0.204873
63	859	0.000012
63	863	0.000002
63	864	0.000002
63	893	0.000050
64	68	0.000434
64	69	0.000268
64	71	0.000125
64	72	0.001441
64	687	0.001948
64	689	0.146769
64	691	0.000231
64	698	0.001835
64	715	0.000019
64	716	0.000128
64	717	0.002728
64	846	0.000148
64	847	0.189698
64	861	0.000019
64	894	0.000104
65	69	0.000100
65	71	0.001486
65	72	0.003517
65	680	0.000001
65	687	0.016709
65	689	0.002611
65	691	0.000296
65	697	0.001848
65	698	0.000002
65	714	0.000020
65	715	0.000156
65	716	0.002770
65	717	0.002718
65	845	0.000145
65	846	0.189946
65	847	0.003882
65	860	0.000019
65	861	0.000120
65	894	0.000016
66	71	0.003580
66	72	0.000123
66	679	0.000001
66	687	0.035752
66	689	0.001312
66	691	0.000075
66	696	0.001848
66	697	0.000002
66	714	0.000156
66	715	0.002778
66	716	0.002744
66	842	0.000004
66	845	0.188947
66	846	0.003851
66	847	0.000035
66	860	0.000119
66	861	0.000325
66	894	0.000010
67	71	0.000103
67	72	0.000007
67	73	0.000007
67	684	0.001162
67	685	0.001912
67	687	0.047767
67	689	0.000049
67	691	0.000003
67	695	0.001821
67	696	0.000002
67	714	0.002580
67	715	0.002737
67	725	0.057448
67	726	0.000085
67	728	0.000005
67	729	0.000002
67	737	0.004213
67	738	0.000006
67	746	0.000202
67	752	0.000002
67	758	0.000013
67	815	0.000005
67	840	0.000003
67	842	0.000011
67	843	0.000325
67	844	0.131453
67	845	0.000742
67	846	0.000014
67	860	0.000325
67	867	0.000001
67	871	0.000002
67	881	0.000008
67	885	0.000005
67	891	0.000798
67	894	0.000001
67	896	0.000139
68	74	0.000026
68	75	0.000005
68	77	0.000004
68	683	0.001161
68	686	0.084003
68	688	0.000453
68	690	0.000012
68	693	0.000005
68	694	0.001675
68	711	0.000002
68	712	0.000015
68	713	0.001875
68	721	0.000001
68	724	0.185920
68	733	0.000007
68	735	0.000614
68	736	0.012592
68	739	0.000025
68	740	0.000003
68	741	0.000005
68	742	0.000634
68	744	0.000083
68	745	0.000955
68	747	0.000002
68	748	0.000002
68	750	0.000001
68	751	0.000010
68	754	0.000006
68	757	0.000383
68	814	0.000056
68	841	0.000003
68	849	0.000011
68	850	0.000003
68	858	0.000019
68	859	0.000412
68	865	0.000002
68	866	0.000007
68	868	0.000008
68	869	0.000079
68	870	0.000002
68	880	0.000010
68	884	0.000006
68	888	0.000001
68	889	0.000002
68	890	0.001003
68	892	0.000002
68	893	0.000003
68	895	0.000171
69	74	0.000008
69	76	0.000004
69	77	0.000004
69	682	0.000836
69	683	0.014985
69	686	0.045084
69	688	0.000096
69	690	0.000005
69	693	0.000863
69	694	0.000006
69	711	0.000097
69	712	0.000740
69	713	0.003748
69	720	0.000001
69	723	0.186197
69	724	0.000001
69	732	0.000009
69	734	0.000620
69	735	0.013472
69	739	0.000003
69	740	0.000002
69	741	0.000947
69	743	0.000084
69	744	0.001042
69	747	0.000002
69	750	0.000010
69	753	0.000006
69	756	0.000429
69	765	0.000010
69	813	0.000055
69	841	0.000005
69	848	0.000011
69	849	0.000003
69	851	0.000011
69	857	0.000007
69	858	0.000429
69	864	0.000002
69	865	0.000010
69	868	0.000079
69	869	0.000002
69	883	0.000006
69	884	0.000003
69	887	0.000002
69	888	0.000006
69	889	0.000970
69	890	0.000342
69	892	0.000003
69	893	0.000006
69	895	0.000005
70	75	0.000005
70	76	0.000004
70	682	0.014872
70	688	0.000048
70	690	0.000005
70	693	0.000008
70	694	0.000003
70	709	0.000002
70	712	0.004387
70	722	0.186140
70	731	0.000008
70	733	0.000629
70	734	0.013454
70	736	0.000015
70	740	0.000949
70	742	0.000086
70	743	0.001041
70	745	0.000003
70	748	0.000008
70	755	0.000429
70	764	0.000010
70	839	0.000004
70	841	0.000041
70	850	0.000029
70	857	0.000375
70	859	0.000061
70	863	0.000002
70	864	0.000010
70	866	0.000110
70	870	0.000157
70	882	0.000006
70	883	0.000005
70	884	0.000007
70	886	0.000003
70	887	0.000009
70	888	0.000939
70	889	0.000349
70	892	0.000009
70	893	0.000135
71	75	0.000002
71	77	0.000001
71	682	0.000402
71	683	0.061848
71	686	0.000973
71	688	0.000007
71	690	0.000398
71	693	0.000003
71	694	0.000001
71	707	0.000010
71	708	0.000002
71	711	0.004499
71	712	0.000019
71	720	0.000126
71	721	0.186024
71	724	0.000008
71	732	0.000630
71	733	0.013411
71	735	0.000016
71	736	0.000024
71	739	0.000941
71	741	0.000087
71	742	0.001039
71	744	0.000003
71	747	0.000008
71	748	0.000001
71	751	0.000006
71	754	0.000429
71	763	0.000010
71	814	0.000011
71	838	0.000001
71	839	0.000002
71	841	0.000015
71	849	0.000029
71	855	0.000001
71	858	0.000064
71	859	0.000058
71	863	0.000007
71	865	0.000120
71	866	0.000045
71	869	0.000168
71	880	0.000021
71	882	0.000003
71	883	0.000006
71	884	0.000005
71	886	0.000006
71	887	0.000665
71	888	0.000307
71	889	0.000004
71	890	0.000200
71	892	0.000086
71	893	0.000001
71	895	0.000056
72	77	0.000002
72	682	0.048409
72	683	0.198905
72	686	0.000065
72	688	0.000002
72	690	0.000002
72	694	0.000003
72	706	0.000010
72	707	0.000002
72	711	0.000033
72	713	0.000001
72	719	0.000239
72	720	0.182764
72	721	0.000003
72	723	0.000008
72	731	0.000107
72	732	0.013373
72	734	0.000013
72	735	0.000031
72	739	0.000003
72	740	0.000029
72	741	0.001037
72	743	0.000002
72	744	0.000001
72	747	0.000002
72	750	0.000006
72	753	0.000411
72	813	0.000010
72	839	0.000006
72	848	0.000029
72	855	0.000001
72	857	0.000022
72	858	0.000076
72	864	0.000108
72	865	0.000062
72	868	0.000166
72	869	0.000001
72	880	0.000004
72	883	0.000005
72	884	0.000006
72	886	0.000082
72	887	0.000214
72	888	0.000006
72	889	0.000152
72	890	0.000170
72	893	0.000003
72	895	0.000014
73	682	0.204416
73	688	0.000257
73	690	0.000021
73	693	0.000003
73	694	0.000004
73	703	0.000001
73	705	0.000010
73	709	0.000095
73	712	0.000001
73	722	0.000006
73	731	0.011165
73	733	0.000011
73	734	0.000026
73	736	0.000001
73	740	0.000887
73	742	0.000002
73	838	0.000004
73	857	0.000065
73	859	0.000004
73	863	0.000091
73	864	0.000054
73	866	0.000004
73	870	0.000001
73	873	0.000001
73	882	0.000007
73	883	0.000009
73	884	0.000010
73	886	0.000173
73	887	0.000010
73	888	0.000131
73	889	0.000148
73	892	0.000007
73	893	0.000024
74	679	0.012283
74	680	0.920115
74	687	0.000151
74	689	0.000013
74	696	0.000004
74	697	0.000004
74	698	0.000002
74	704	0.000009
74	710	0.000002
74	716	0.000017
74	717	0.000029
74	749	0.000001
74	845	0.000005
74	860	0.000017
74	861	0.000024
74	867	0.000013
74	894	0.000007
75	678	0.006266
75	679	0.961871
75	680	0.000033
75	681	0.000008
75	685	0.000002
75	695	0.000003
75	696	0.000003
75	697	0.000001
75	715	0.000013
75	716	0.000020
75	717	0.000002
75	728	0.000001
75	729	0.000077
75	730	0.000025
75	738	0.000004
75	844	0.000005
75	860	0.000016
76	677	0.000205
76	678	0.989023
76	679	0.000015
76	680	0.000003
76	714	0.000001
76	715	0.000009
76	728	0.000048
76	729	0.000016
76	737	0.000002
76	843	0.000005
77	675	0.000005
77	677	0.999138
77	679	0.000002
77	714	0.000006
77	842	0.000005
78	674	0.000006
78	676	0.999919
79	675	0.999161
79	725	0.000006
80	673	0.000805
80	674	0.999097
80	724	0.000006
81	672	0.001593
81	673	0.998304
81	674	0.000004
81	723	0.000006
82	671	0.103051
82	672	0.895747
82	673	0.000006
82	722	0.000005
83	670	0.103824
83	671	0.896103
83	672	0.000002
83	721	0.000005
84	668	0.000002
84	670	0.894324
84	671	0.000002
84	720	0.000005
85	666	0.000005
85	668	0.935698
86	667	0.930123
86	669	0.005651
87	667	0.000976
87	669	0.000005
88	664	0.000002
88	665	0.994718
88	666	0.000055
89	664	0.999957
89	665	0.000029
90	663	0.999963
91	662	0.999957
92	661	0.999991
93	660	0.999980
94	659	0.999388
95	656	0.000013
95	657	0.000229
95	658	0.997776
98	655	0.982843
99	654	0.999938
100	653	0.999991
101	652	0.999957
102	651	0.999956
103	650	0.999949
104	648	0.000322
104	649	0.987533
105	645	0.000001
105	647	0.000848
105	648	0.821023
105	649	0.001145
106	646	0.001372
107	644	0.000002
107	647	0.880796
107	648	0.000243
108	646	0.881457
109	646	0.002428
110	643	0.000469
110	644	0.997612
111	642	0.000457
111	643	0.999496
111	644	0.000002
112	642	0.998021
113	641	0.999927
114	640	0.999985
115	639	0.999377
116	635	0.000001
116	636	0.003649
116	638	0.995621
117	635	0.004920
117	636	0.962926
117	638	0.000030
119	633	0.000192
120	631	0.000099
120	633	0.999278
121	630	0.000100
121	632	0.999446
122	629	0.000100
122	631	0.999878
123	628	0.000099
123	630	0.999090
124	628	0.000031
124	630	0.000012
125	628	0.996145
126	625	0.000152
126	626	0.000060
126	627	0.997434
126	629	0.000002
127	624	0.000122
127	626	0.997703
127	627	0.000011
128	624	0.021286
128	625	0.978018
128	626	0.000001
128	629	0.000003
129	623	0.993863
129	628	0.000003
130	622	0.982053
130	624	0.000244
130	627	0.000003
131	619	0.000002
131	620	0.996540
131	622	0.000004
132	618	0.000001
132	619	0.999929
132	620	0.000049
133	618	0.999966
133	619	0.000025
134	617	0.999934
135	614	0.000002
135	615	0.004693
135	616	0.993787
136	613	0.000002
136	614	0.004829
136	615	0.995143
137	613	0.004952
137	614	0.995010
138	611	0.006463
138	613	0.993478
139	609	0.000005
139	610	0.008901
139	612	0.989148
140	608	0.000014
140	611	0.974757
141	608	0.858975
142	607	0.999368
142	608	0.000132
143	606	0.999976
144	605	0.999511
145	604	0.999980
146	603	0.999991
147	602	0.999977
148	601	0.999512
149	600	0.999970
150	598	0.000001
150	599	0.999033
151	598	0.998869
152	597	0.999980
153	594	0.000003
153	596	0.999404
154	593	0.000008
155	592	0.000001
155	593	0.000706
156	592	0.000355
156	593	0.993424
157	592	0.998384
157	593	0.000026
158	591	0.999978
159	590	0.999977
160	589	0.999698
161	588	0.999936
162	585	0.000004
162	586	0.002076
162	587	0.997865
163	584	0.000005
163	585	0.004151
163	586	0.995814
163	587	0.000010
164	221	0.000010
164	583	0.000006
164	584	0.006224
164	585	0.993670
164	586	0.000020
165	175	0.000008
165	213	0.000004
165	220	0.000027
165	221	0.000095
165	224	0.000041
165	539	0.000002
165	582	0.000003
165	583	0.008207
165	584	0.981005
165	585	0.000029
166	174	0.000014
166	212	0.000005
166	215	0.000007
166	216	0.871937
166	217	0.001817
166	218	0.000082
166	219	0.000096
166	222	0.000006
166	223	0.000036
166	225	0.000003
167	173	0.000015
167	211	0.000006
167	212	0.000003
167	215	0.998856
167	218	0.000070
167	222	0.000025
168	172	0.000010
168	214	0.999232
169	213	0.999724
170	210	0.004098
170	211	0.000528
170	212	0.995065
171	175	0.000002
171	209	0.024285
172	206	0.000002
172	207	0.000021
172	208	0.024427
172	210	0.950366
172	211	0.000239
173	209	0.939838
175	204	0.001148
175	206	0.644866
175	210	0.000002
175	211	0.000003
176	203	0.000866
176	204	0.997056
176	206	0.000540
176	210	0.000001
177	202	0.000579
177	203	0.998950
177	204	0.000164
178	201	0.000292
178	202	0.999299
178	203	0.000111
179	201	0.999627
179	202	0.000058
180	200	0.999466
181	198	0.000001
181	199	0.998121
182	198	0.998841
183	197	0.999964
184	196	0.999509
185	193	0.000002
185	195	0.999972
186	192	0.000006
186	194	0.999917
187	191	0.000024
187	193	0.991644
187	195	0.000007
188	192	0.980165
188	194	0.000008
189	193	0.000009
206	221	0.000002
207	220	0.000002
209	218	0.000002
209	222	0.000015
210	221	0.000016
211	220	0.000015
211	221	0.000006
211	224	0.000008
212	220	0.000005
212	221	0.000001
212	224	0.000014
213	218	0.000005
213	222	0.000006
214	219	0.000002
214	222	0.000060
214	223	0.000001
214	225	0.000018
214	229	0.000004
215	221	0.000212
215	224	0.000044
215	228	0.000016
216	220	0.000210
216	226	0.000094
216	227	0.000464
216	540	0.000006
217	226	0.005895
217	227	0.000170
217	540	0.003259
218	224	0.026881
218	226	0.000357
218	227	0.007048
218	228	0.001778
218	230	0.000006
218	236	0.000961
218	434	0.000013
218	442	0.000006
218	539	0.003435
218	540	0.000011
218	582	0.000002
218	583	0.000282
218	584	0.000003
219	226	0.012320
219	227	0.002091
219	235	0.000963
219	433	0.000013
219	540	0.000026
220	225	0.010676
220	229	0.000002
220	234	0.000963
220	432	0.000013
220	441	0.000020
220	538	0.000003
221	231	0.000001
221	233	0.000960
221	431	0.000013
221	438	0.000007
221	440	0.000020
221	537	0.000002
221	538	0.000002
221	541	0.000013
222	226	0.000335
222	227	0.000184
222	228	0.000392
222	230	0.000011
222	232	0.000358
222	236	0.000009
222	437	0.000008
222	439	0.000010
222	442	0.000043
222	443	0.000002
222	539	0.000393
222	540	0.000026
222	582	0.000002
222	583	0.000329
222	584	0.000004
223	227	0.000356
223	232	0.000562
223	235	0.000009
223	439	0.000005
223	540	0.000021
224	231	0.000857
224	233	0.000010
224	428	0.000002
224	438	0.000006
224	440	0.000081
224	538	0.000005
224	541	0.000026
225	232	0.000010
225	439	0.000078
225	540	0.000034
226	231	0.000009
226	438	0.000067
226	440	0.000001
226	441	0.001532
227	234	0.000001
227	438	0.000003
227	440	0.000062
227	441	0.838886
228	233	0.000001
228	438	0.000010
228	440	0.994697
229	439	0.996839
230	438	0.996433
230	440	0.000005
231	436	0.497629
231	437	0.500265
232	435	0.993426
233	434	0.998936
233	436	0.000016
234	433	0.998424
235	429	0.000186
235	430	0.000002
235	431	0.000009
235	432	0.997887
236	428	0.000238
236	431	0.995874
237	409	0.573054
237	410	0.000251
238	407	0.000004
238	408	0.925849
238	427	0.000018
238	428	0.000065
238	429	0.002964
238	430	0.000542
239	406	0.000008
239	407	0.997592
239	428	0.001801
240	405	0.000007
240	406	0.998979
240	407	0.000982
241	404	0.000006
241	405	0.998983
241	406	0.000990
241	407	0.000003
242	404	0.998943
242	405	0.000994
242	406	0.000003
243	402	0.000014
243	403	0.990424
243	404	0.000947
243	405	0.000003
245	402	0.898375
246	399	0.000014
246	401	0.898376
247	399	0.991400
248	398	0.999931
248	399	0.000020
249	397	0.999975
249	398	0.000014
250	392	0.000013
250	396	0.999971
250	397	0.000007
251	391	0.000024
251	394	0.000005
251	395	0.999960
252	390	0.000037
252	391	0.001189
252	394	0.998739
253	390	0.004862
253	391	0.000084
253	393	0.992609
253	394	0.000001
254	387	0.000014
254	388	0.105312
254	389	0.016526
254	392	0.876084
255	384	0.000012
255	387	0.969639
255	388	0.011871
256	383	0.000013
256	386	0.998824
256	387	0.000294
256	388	0.000013
256	389	0.000320
257	382	0.000011
257	385	0.998931
257	390	0.000019
257	391	0.000001
258	383	0.000398
258	384	0.998433
258	386	0.000003
258	387	0.000065
258	389	0.000018
259	383	0.998922
259	384	0.000001
259	386	0.000067
259	388	0.000014
259	389	0.000001
260	381	0.999029
261	380	0.999934
262	379	0.999493
263	378	0.999486
264	377	0.999901
265	376	0.987414
266	374	0.146819
266	376	0.000045
267	376	0.000040
268	371	0.925034
268	372	0.010413
268	373	0.005395
268	375	0.000051
269	369	0.000109
269	370	0.999503
269	374	0.000014
270	368	0.000118
270	369	0.999800
270	370	0.000069
271	367	0.000125
271	368	0.999797
271	369	0.000064
272	367	0.999594
272	368	0.000058
273	363	0.000002
273	365	0.998903
274	362	0.000001
274	364	0.996494
275	364	0.000172
276	362	0.995678
276	364	0.000003
277	358	0.000002
277	360	0.000001
277	361	0.998089
277	363	0.000003
278	357	0.000003
278	360	0.998404
278	361	0.000234
278	363	0.000008
279	356	0.000002
279	359	0.976085
279	362	0.000007
280	355	0.000002
281	356	0.001274
281	359	0.011297
282	355	0.001003
283	355	0.000009
284	355	0.000012
284	356	0.997809
285	352	0.000045
285	355	0.998338
286	351	0.000032
286	353	0.000004
286	354	0.999216
287	350	0.000009
287	351	0.000003
287	353	0.998334
288	351	0.000597
288	353	0.000011
289	350	0.000024
289	351	0.725312
290	350	0.999294
290	351	0.000082
291	348	0.000001
291	349	0.998791
292	348	0.998873
292	349	0.000001
293	347	0.999974
294	346	0.999978
295	345	0.999571
296	344	0.999736
296	347	0.000002
297	302	0.000001
297	341	0.000020
297	344	0.000063
297	346	0.000002
298	340	0.000020
298	342	0.990608
298	343	0.000065
298	345	0.000003
299	339	0.000020
299	341	0.999459
299	344	0.000005
300	340	0.997871
300	343	0.000005
301	339	0.974904
302	306	0.000001
302	342	0.000002
302	343	0.000132
303	342	0.000131
303	343	0.000111
304	342	0.000111
304	343	0.000046
305	342	0.000046
306	338	0.997957
306	339	0.000016
306	341	0.000027
307	337	0.999448
307	340	0.000015
308	336	0.999974
308	339	0.000002
309	335	0.999958
309	338	0.000001
310	334	0.983005
312	331	0.000001
312	332	0.994313
312	333	0.000931
313	331	0.999385
314	330	0.999490
315	329	0.999963
316	328	0.999575
317	326	0.000011
317	327	0.999915
318	326	0.998639
318	327	0.000036
318	329	0.000002
319	328	0.000005
320	326	0.000214
320	327	0.000008
321	325	0.000664
321	326	0.000010
386	391	0.000003
387	391	0.000002
409	426	0.000151
409	427	0.309548
409	428	0.000362
409	429	0.000262
409	430	0.000105
410	426	0.898485
410	427	0.001419
410	428	0.000185
410	429	0.000073
410	430	0.000025
411	425	0.999765
412	424	0.999988
413	420	0.000001
413	423	0.999954
414	419	0.000006
414	422	0.999711
415	420	0.000569
415	421	0.990258
416	422	0.000017
417	421	0.000023
427	433	0.000002
427	540	0.000001
428	434	0.000112
428	436	0.000004
428	437	0.000032
428	539	0.000001
429	433	0.000085
429	439	0.000001
430	439	0.000005
430	540	0.000002
431	436	0.000008
431	437	0.000024
431	539	0.000002
432	439	0.000010
433	438	0.000009
433	441	0.000230
434	438	0.000001
434	440	0.000276
435	439	0.000182
436	440	0.000002
436	542	0.000002
437	541	0.000008
438	539	0.000012
438	540	0.000020
439	538	0.000001
440	539	0.001745
440	540	0.000110
441	540	0.005834
442	537	0.000023
442	538	0.990682
443	537	0.999726
443	538	0.000005
444	535	0.000010
444	536	0.999940
445	535	0.999765
446	533	0.999484
447	532	0.999559
448	531	0.999979
449	529	0.000002
449	530	0.999988
450	528	0.000002
450	529	0.999973
451	528	0.998402
452	527	0.998923
453	525	0.000806
453	526	0.979501
453	528	0.000014
454	523	0.000006
454	524	0.000962
454	527	0.000063
455	523	0.000324
455	524	0.021402
455	527	0.000003
456	523	0.014055
456	524	0.840136
457	523	0.968357
457	524	0.000074
458	522	0.997944
459	521	0.999972
460	520	0.999980
461	519	0.999427
462	517	0.000002
462	518	0.998340
463	517	0.998426
463	518	0.000002
464	514	0.000001
464	515	0.000143
464	516	0.998557
465	469	0.000002
465	472	0.000003
465	512	0.000009
466	472	0.000010
466	511	0.000003
466	512	0.000031
467	472	0.000001
467	473	0.000281
467	511	0.000014
467	512	0.000075
467	513	0.987575
467	518	0.000236
468	472	0.000216
468	510	0.000007
468	511	0.000176
468	512	0.981348
468	517	0.000474
469	474	0.000003
469	475	0.000027
469	509	0.000002
469	514	0.000011
469	515	0.001740
469	516	0.000579
470	474	0.000074
470	509	0.000032
470	514	0.001789
470	515	0.002198
470	516	0.000020
471	508	0.000020
471	510	0.000166
471	511	0.001007
471	512	0.000512
471	517	0.000005
472	509	0.000052
472	514	0.000012
472	515	0.004976
472	516	0.000006
473	509	0.000075
473	514	0.005284
473	515	0.000035
474	508	0.000034
474	510	0.000126
474	511	0.980186
474	512	0.000129
474	513	0.004929
475	507	0.000013
475	510	0.994218
475	511	0.000281
475	512	0.002717
476	509	0.999500
477	508	0.998102
478	507	0.999373
478	508	0.000002
479	506	0.999966
480	505	0.999698
481	504	0.999977
482	500	0.000002
482	503	0.999990
483	499	0.000003
483	502	0.999962
484	498	0.000007
484	499	0.001924
484	501	0.996372
485	497	0.000016
485	500	0.986551
486	494	0.000003
486	497	0.568131
487	495	0.000002
487	496	0.719872
487	498	0.000280
487	499	0.232311
488	495	0.728316
488	498	0.235997
488	499	0.000145
489	494	0.590911
489	497	0.213651
490	494	0.000774
490	497	0.001044
491	495	0.041065
491	498	0.000030
491	499	0.004916
492	498	0.004806
492	499	0.024356
493	498	0.024471
493	499	0.000063
494	498	0.000052
494	499	0.000006
537	583	0.000003
537	584	0.000007
538	582	0.000002
538	583	0.000140
538	584	0.000003
541	581	0.000027
541	582	0.989196
541	583	0.004182
541	584	0.000002
542	580	0.000017
542	581	0.997763
542	582	0.002136
542	583	0.000003
543	579	0.000019
543	580	0.998751
544	578	0.000011
544	579	0.998136
544	580	0.000003
544	581	0.000001
545	578	0.999966
546	576	0.000001
546	577	0.999979
547	576	0.998476
548	575	0.999859
549	574	0.999583
550	573	0.999980
551	572	0.999963
552	566	0.000002
552	569	0.000001
552	571	0.999933
553	570	0.999452
554	565	0.009091
554	566	0.001588
554	569	0.986671
555	563	0.000327
555	564	0.011576
556	560	0.000004
556	561	0.000018
556	562	0.000216
556	565	0.972478
556	566	0.002388
556	569	0.000002
557	563	0.009537
557	564	0.969137
558	562	0.009073
559	563	0.002908
559	564	0.000133
559	567	0.000005
559	568	0.000025
560	564	0.000140
562	567	0.000001
562	568	0.000030
563	569	0.000004
672	718	0.000005
673	717	0.000006
674	689	0.000001
674	691	0.000002
674	716	0.000006
675	688	0.000001
675	690	0.000003
675	895	0.000007
676	687	0.000001
676	689	0.000003
676	714	0.000006
676	894	0.000007
677	686	0.000002
677	688	0.000003
677	713	0.000008
677	723	0.000291
677	724	0.000001
677	735	0.000001
677	890	0.000180
677	893	0.000006
678	688	0.000004
678	703	0.000487
678	709	0.000001
678	712	0.000008
678	722	0.000358
678	734	0.000001
678	859	0.000005
678	866	0.000253
678	870	0.000002
678	889	0.000202
678	892	0.000006
679	683	0.000012
679	686	0.000527
679	688	0.000002
679	690	0.000008
679	693	0.000001
679	694	0.000043
679	702	0.000774
679	703	0.000022
679	707	0.000026
679	708	0.000006
679	711	0.000008
679	719	0.000008
679	720	0.000130
679	721	0.000432
679	724	0.000117
679	733	0.000002
679	858	0.000009
679	859	0.000006
679	865	0.000641
679	866	0.000004
679	869	0.000003
679	880	0.000001
679	884	0.000020
679	886	0.000001
679	888	0.000310
679	889	0.000011
679	890	0.000426
679	892	0.000001
679	895	0.000003
680	686	0.000186
680	688	0.000001
680	693	0.000028
680	694	0.058997
680	702	0.000038
680	706	0.000028
680	707	0.000006
680	719	0.000506
680	720	0.000436
680	723	0.000118
680	732	0.000002
680	744	0.000001
680	858	0.000010
680	864	0.000674
680	865	0.000010
680	868	0.000002
680	883	0.000042
680	884	0.000027
680	886	0.000001
680	887	0.000567
680	888	0.000034
680	889	0.000437
680	890	0.000296
680	893	0.000005
680	895	0.000002
681	688	0.001663
681	690	0.001710
681	693	0.246261
681	694	0.000701
681	700	0.004338
681	703	0.000136
681	705	0.000030
681	722	0.000114
681	731	0.000002
681	743	0.000001
681	857	0.000009
681	863	0.000904
681	864	0.000007
681	873	0.000002
681	882	0.000169
681	883	0.000105
681	884	0.000272
681	886	0.002062
681	887	0.000198
681	888	0.000554
681	889	0.000330
681	892	0.000032
681	893	0.000006
682	687	0.001530
682	689	0.001418
682	691	0.000038
682	692	0.277391
682	695	0.000004
682	697	0.000019
682	698	0.000010
682	699	0.004563
682	701	0.000012
682	704	0.000006
682	715	0.000004
682	716	0.000030
682	717	0.000108
682	718	0.056391
682	730	0.000002
682	843	0.000002
682	856	0.000006
682	861	0.000037
682	862	0.000935
682	872	0.000001
682	874	0.000002
682	876	0.000001
682	877	0.000001
682	878	0.000002
682	879	0.000002
682	881	0.000170
682	885	0.002137
682	891	0.000033
682	896	0.000029
682	897	0.000003
683	687	0.000030
683	689	0.003537
683	691	0.292630
683	696	0.000041
683	697	0.000025
683	698	0.004573
683	701	0.000773
683	704	0.000320
683	714	0.000006
683	715	0.000055
683	716	0.000250
683	717	0.067515
683	749	0.000001
683	842	0.000003
683	860	0.000095
683	861	0.000925
683	867	0.000007
683	894	0.000402
684	688	0.002407
684	690	0.255791
684	693	0.000085
684	694	0.000211
684	700	0.000744
684	703	0.000634
684	748	0.000001
684	841	0.000002
684	859	0.000093
684	864	0.000003
684	866	0.000007
684	882	0.000098
684	883	0.004971
684	884	0.001907
684	886	0.000103
684	887	0.000537
684	888	0.000072
684	889	0.000063
684	892	0.000002
684	893	0.000402
685	690	0.000613
685	693	0.000230
685	694	0.000078
685	700	0.000008
685	703	0.000643
685	705	0.000046
685	733	0.000001
685	736	0.000002
685	740	0.000002
685	857	0.000001
685	859	0.000033
685	863	0.000003
685	870	0.000002
685	873	0.000001
685	882	0.005819
685	883	0.002012
685	884	0.003387
685	886	0.000630
685	887	0.000081
685	888	0.000072
685	889	0.000003
685	892	0.000257
685	893	0.000016
686	691	0.003096
686	696	0.001473
686	697	0.004349
686	698	0.000307
686	701	0.008959
686	704	0.000073
686	714	0.067173
686	715	0.000290
686	716	0.003286
686	717	0.006738
686	749	0.000003
686	784	0.000003
686	842	0.000006
686	860	0.000081
686	861	0.000016
686	867	0.000006
686	894	0.000921
687	693	0.000235
687	694	0.000401
687	700	0.009175
687	702	0.023653
687	703	0.000013
687	708	0.000004
687	711	0.000022
687	712	0.000002
687	713	0.065998
687	719	0.004200
687	720	0.000009
687	727	0.000003
687	731	0.000003
687	732	0.000006
687	734	0.000002
687	735	0.000069
687	736	0.000008
687	739	0.000364
687	741	0.000028
687	744	0.000001
687	747	0.000031
687	748	0.000001
687	750	0.000003
687	753	0.000006
687	774	0.000008
687	783	0.000003
687	798	0.000001
687	813	0.000002
687	814	0.000001
687	841	0.000007
687	857	0.000102
687	858	0.000017
687	859	0.000062
687	863	0.000030
687	865	0.000011
687	866	0.000005
687	868	0.000040
687	869	0.000005
687	873	0.000007
687	880	0.061238
687	882	0.041925
687	883	0.000101
687	884	0.000297
687	886	0.000256
687	887	0.000005
687	888	0.000016
687	889	0.000003
687	890	0.000123
687	892	0.001011
687	893	0.000593
687	895	0.003640
688	692	0.000222
688	695	0.005183
688	696	0.000207
688	697	0.000032
688	698	0.000013
688	699	0.009189
688	701	0.023598
688	710	0.000019
688	714	0.002866
688	715	0.001922
688	716	0.021814
688	717	0.000185
688	718	0.003689
688	725	0.000003
688	726	0.000003
688	728	0.000017
688	730	0.000004
688	737	0.000012
688	738	0.000358
688	746	0.000030
688	749	0.000003
688	752	0.000006
688	773	0.000008
688	782	0.000003
688	799	0.000001
688	812	0.000001
688	840	0.000006
688	856	0.000105
688	860	0.000006
688	861	0.000005
688	862	0.000032
688	867	0.000041
688	872	0.000005
688	874	0.000161
688	875	0.000122
688	876	0.000811
688	877	0.002713
688	878	0.001319
688	879	0.059973
688	881	0.046153
688	885	0.000271
688	891	0.001210
688	894	0.003149
688	896	0.004635
688	897	0.000005
689	693	0.000036
689	694	0.004985
689	700	0.023525
689	702	0.000332
689	703	0.000003
689	707	0.000006
689	708	0.000005
689	709	0.000001
689	711	0.061694
689	712	0.000105
689	713	0.002734
689	719	0.000083
689	724	0.000004
689	727	0.000020
689	731	0.000009
689	732	0.000009
689	733	0.000029
689	734	0.000028
689	735	0.000080
689	736	0.000013
689	739	0.000048
689	741	0.000007
689	744	0.000003
689	745	0.000025
689	747	0.000006
689	750	0.000001
689	751	0.000006
689	798	0.000001
689	813	0.000002
689	839	0.000004
689	855	0.000060
689	857	0.000037
689	858	0.000011
689	859	0.000007
689	863	0.000009
689	865	0.000015
689	866	0.000029
689	868	0.000009
689	873	0.000146
689	880	0.047439
689	882	0.002668
689	883	0.000009
689	884	0.000197
689	886	0.000223
689	887	0.000004
689	888	0.000012
689	889	0.000002
689	890	0.001245
689	892	0.004586
689	893	0.001467
689	895	0.005835
690	695	0.000039
690	696	0.000037
690	697	0.008326
690	698	0.000023
690	699	0.023663
690	701	0.000321
690	710	0.051716
690	714	0.035811
690	715	0.000101
690	716	0.001264
690	717	0.000006
690	718	0.000066
690	725	0.000006
690	726	0.000019
690	728	0.000002
690	729	0.000004
690	730	0.000011
690	737	0.000001
690	738	0.000046
690	746	0.000005
690	749	0.000001
690	771	0.000010
690	781	0.000002
690	797	0.000001
690	812	0.000002
690	854	0.000007
690	856	0.000039
690	860	0.000025
690	862	0.000009
690	867	0.000008
690	872	0.000104
690	874	0.001899
690	875	0.004649
690	876	0.003031
690	877	0.001473
690	878	0.000311
690	879	0.041070
690	881	0.003013
690	885	0.000253
690	891	0.006513
690	894	0.005733
690	896	0.000077
691	700	0.000144
691	702	0.000040
691	706	0.000032
691	708	0.000001
691	709	0.002247
691	711	0.002739
691	712	0.000064
691	713	0.054767
691	723	0.000004
691	724	0.000008
691	727	0.000002
691	731	0.000002
691	732	0.001202
691	735	0.000140
691	739	0.000013
691	741	0.000059
691	743	0.000001
691	744	0.000013
691	770	0.000011
691	780	0.000002
691	855	0.000024
691	858	0.000335
691	859	0.000005
691	864	0.000123
691	865	0.000075
691	866	0.000002
691	873	0.001617
691	880	0.003204
691	882	0.000015
691	883	0.000024
691	884	0.000262
691	886	0.000007
691	887	0.000045
691	888	0.000206
691	889	0.000024
691	890	0.006917
691	892	0.000005
691	893	0.005086
691	895	0.000138
692	700	0.000212
692	703	0.000005
692	705	0.000033
692	709	0.000092
692	712	0.054497
692	722	0.000002
692	727	0.000042
692	731	0.001207
692	733	0.000001
692	734	0.000135
692	740	0.000059
692	742	0.000001
692	743	0.000013
692	769	0.000011
692	779	0.000002
692	857	0.000325
692	859	0.000002
692	863	0.000153
692	864	0.000062
692	873	0.309249
692	882	0.000023
692	883	0.000156
692	884	0.000002
692	886	0.000039
692	887	0.000145
692	888	0.000027
692	889	0.004995
692	892	0.004370
692	893	0.000005
693	697	0.000022
693	698	0.000018
693	699	0.000241
693	701	0.000005
693	704	0.000019
693	710	0.000313
693	714	0.000004
693	715	0.000002
693	726	0.000047
693	728	0.000019
693	729	0.000382
693	730	0.001098
693	738	0.000105
693	768	0.000011
693	856	0.000263
693	861	0.000005
693	862	0.000164
693	871	0.000033
693	872	0.352737
693	874	0.000125
693	875	0.001178
693	876	0.000830
693	877	0.000106
693	878	0.000029
693	879	0.000009
693	881	0.000015
693	885	0.000026
693	891	0.003306
693	897	0.000001
694	698	0.000206
694	699	0.000039
694	701	0.000312
694	704	0.000511
694	710	0.114643
694	714	0.000001
694	725	0.000046
694	726	0.000027
694	728	0.000731
694	729	0.000889
694	730	0.000002
694	737	0.000143
694	746	0.000001
694	767	0.000009
694	776	0.000002
694	856	0.000003
694	860	0.000018
694	861	0.000157
694	862	0.000012
694	867	0.000044
694	871	0.390504
694	872	0.000226
694	874	0.001260
694	875	0.000399
694	876	0.000056
694	877	0.000017
694	878	0.000006
694	881	0.000002
694	885	0.000019
694	891	0.000007
694	894	0.000001
694	896	0.000002
695	700	0.000380
695	703	0.011080
695	705	0.000003
695	709	0.389742
695	722	0.000164
695	727	0.000835
695	731	0.000002
695	733	0.000007
695	736	0.000147
695	740	0.000004
695	745	0.000002
695	775	0.000002
695	859	0.000018
695	866	0.000064
695	870	0.398323
695	873	0.001084
695	884	0.000016
695	886	0.000084
695	887	0.000006
695	888	0.000013
695	889	0.000073
695	893	0.000001
696	700	0.000005
696	702	0.012172
696	703	0.007643
696	706	0.000001
696	707	0.000060
696	708	0.496170
696	709	0.000036
696	721	0.000190
696	722	0.000099
696	723	0.000023
696	724	0.000226
696	727	0.000036
696	732	0.000008
696	734	0.000006
696	735	0.000146
696	739	0.000005
696	744	0.000002
696	765	0.000006
696	774	0.000002
696	858	0.000008
696	865	0.000067
696	866	0.000101
696	868	0.000007
696	869	0.398861
696	870	0.008092
696	873	0.000018
696	883	0.000002
696	886	0.000001
696	887	0.000001
696	888	0.000009
696	889	0.000003
696	890	0.000007
696	895	0.000021
697	702	0.008990
697	703	0.000513
697	705	0.000001
697	706	0.000061
697	707	0.496695
697	708	0.000056
697	720	0.000191
697	721	0.000119
697	722	0.000016
697	723	0.000217
697	724	0.005325
697	731	0.000001
697	733	0.000066
697	734	0.000059
697	764	0.000005
697	859	0.000001
697	864	0.000063
697	865	0.000151
697	866	0.000442
697	868	0.397698
697	869	0.009270
697	870	0.000113
697	873	0.000004
697	882	0.000001
697	884	0.000066
697	887	0.000002
697	888	0.000003
697	889	0.000006
697	890	0.000003
698	702	0.000557
698	703	0.000032
698	705	0.000040
698	706	0.496692
698	707	0.000054
698	719	0.000142
698	720	0.000120
698	721	0.000024
698	722	0.000164
698	723	0.005349
698	724	0.000014
698	732	0.000125
698	733	0.000002
698	763	0.000005
698	858	0.000001
698	863	0.000012
698	864	0.000189
698	865	0.003448
698	866	0.000134
698	868	0.009776
698	869	0.000124
698	870	0.000005
698	883	0.000090
698	887	0.000004
698	888	0.000005
698	889	0.000003
698	890	0.000002
698	893	0.000023
699	703	0.000023
699	705	0.488060
699	722	0.005197
699	727	0.000001
699	731	0.000125
699	857	0.000001
699	863	0.000160
699	864	0.003460
699	866	0.282715
699	870	0.000121
699	873	0.000004
699	882	0.000092
699	886	0.000004
699	887	0.000004
699	888	0.000002
699	889	0.000002
699	892	0.000023
700	704	0.418045
700	717	0.000006
700	718	0.000001
700	725	0.000011
700	726	0.000001
700	730	0.000115
700	762	0.000002
700	856	0.000001
700	862	0.000135
700	867	0.001269
700	871	0.000001
700	872	0.000004
700	881	0.000092
700	885	0.000004
700	891	0.000023
700	896	0.000072
701	705	0.000004
701	711	0.000002
701	719	0.000003
701	720	0.001718
701	721	0.001726
701	722	0.000005
701	723	0.000005
701	724	0.000015
701	761	0.000002
701	863	0.000135
701	864	0.010042
701	865	0.166916
701	866	0.000822
701	868	0.001526
701	869	0.000006
701	880	0.000080
701	884	0.000001
701	890	0.000020
701	895	0.000089
702	710	0.000002
702	715	0.000009
702	760	0.000002
702	860	0.000106
702	861	0.000326
702	867	0.001788
702	894	0.000089
703	714	0.000009
703	718	0.000003
703	725	0.000003
703	726	0.000002
703	728	0.000003
703	860	0.000312
703	861	0.000002
703	862	0.000036
703	867	0.000009
703	878	0.000008
703	879	0.000003
704	713	0.000009
704	719	0.076614
704	720	0.000007
704	724	0.000001
704	857	0.000003
704	858	0.000040
704	859	0.000153
704	863	0.404765
704	864	0.000159
704	865	0.000173
704	866	0.000002
704	892	0.000001
705	716	0.000001
705	717	0.000070
705	718	0.077864
705	856	0.000002
705	860	0.000023
705	861	0.000059
705	862	0.416295
705	891	0.000001
706	715	0.000002
706	716	0.000131
706	717	0.078100
706	860	0.000065
706	861	0.417061
707	714	0.000002
707	715	0.000156
707	716	0.078075
707	717	0.000006
707	860	0.416317
707	861	0.000621
708	714	0.000180
708	715	0.078009
708	716	0.000009
708	860	0.000967
708	861	0.000066
708	894	0.000002
709	714	0.068269
709	715	0.000011
709	716	0.000001
709	717	0.000001
709	718	0.000003
709	856	0.493505
709	860	0.000035
709	861	0.000001
710	719	0.000031
710	724	0.000002
710	727	0.000002
710	750	0.000001
710	855	0.736898
710	857	0.000001
710	858	0.000006
711	715	0.000022
711	716	0.000073
711	717	0.000288
711	749	0.000001
711	786	0.000002
711	854	0.775587
712	716	0.000236
712	717	0.000005
712	718	0.000146
712	725	0.000045
712	726	0.000068
712	728	0.000008
712	729	0.000002
712	785	0.000002
712	853	0.781907
713	717	0.000166
713	784	0.000002
713	852	0.782979
714	719	0.001211
714	720	0.000141
714	721	0.000189
714	722	0.000080
714	723	0.000182
714	724	0.008988
714	727	0.000005
714	735	0.000127
714	736	0.000002
714	741	0.000010
714	742	0.000002
714	744	0.000007
714	783	0.000002
714	814	0.000007
714	849	0.000005
714	850	0.000058
714	851	0.779015
715	719	0.000184
715	720	0.000198
715	721	0.000111
715	722	0.000183
715	723	0.009022
715	724	0.001247
715	727	0.000002
715	734	0.000130
715	735	0.000003
715	736	0.000005
715	740	0.000010
715	741	0.000003
715	743	0.000007
715	813	0.000007
715	848	0.000005
715	849	0.000082
715	850	0.786454
715	851	0.000020
716	720	0.000109
716	721	0.000272
716	722	0.008817
716	723	0.001247
716	724	0.001214
716	733	0.000133
716	734	0.000002
716	735	0.000006
716	736	0.000003
716	739	0.000010
716	740	0.000003
716	742	0.000008
716	848	0.000074
716	849	0.788729
716	850	0.000043
717	721	0.008460
717	722	0.000761
717	723	0.001224
717	724	0.000006
717	732	0.000134
717	734	0.000005
717	735	0.000003
717	739	0.000003
717	741	0.000008
717	848	0.788629
717	849	0.000094
718	722	0.000928
718	731	0.000118
718	733	0.000005
718	734	0.000003
718	740	0.000007
718	850	0.000006
718	851	0.000002
719	834	0.000002
719	846	0.000225
719	847	0.793977
720	833	0.000002
720	834	0.000023
720	845	0.000221
720	846	0.794189
720	847	0.000053
721	832	0.000002
721	833	0.000023
721	845	0.794085
721	846	0.000058
721	847	0.000003
722	726	0.000002
722	728	0.000003
722	729	0.000008
722	730	0.000002
722	811	0.000009
722	832	0.000024
722	835	0.000001
722	842	0.000007
722	843	0.018730
722	844	0.736509
722	845	0.000057
722	846	0.000002
722	847	0.000002
723	810	0.000018
723	831	0.000026
723	834	0.000002
723	842	0.035527
723	845	0.000004
723	846	0.000003
724	749	0.000007
724	809	0.000018
724	830	0.000026
724	833	0.000002
724	842	0.553283
724	845	0.000003
725	731	0.000120
725	733	0.000100
725	734	0.001034
725	736	0.000081
725	740	0.000028
725	742	0.000007
725	743	0.000009
725	745	0.000001
725	748	0.000008
725	790	0.000001
725	808	0.000016
725	829	0.000022
725	838	0.000008
725	839	0.004057
725	841	0.360993
726	731	0.000199
726	733	0.001180
726	734	0.000603
726	736	0.000184
726	740	0.000042
726	742	0.000020
726	743	0.000012
726	745	0.000004
726	748	0.000002
726	759	0.000005
726	761	0.000002
726	836	0.000005
726	838	0.007748
726	839	0.001673
726	841	0.366868
726	850	0.000005
726	851	0.000008
727	737	0.002038
727	738	0.000099
727	746	0.000025
727	749	0.000004
727	758	0.000006
727	760	0.000002
727	835	0.000002
727	837	0.007846
727	840	0.549513
727	842	0.000026
727	843	0.000018
727	844	0.000002
728	733	0.000291
728	734	0.000600
728	736	0.002175
728	740	0.000053
728	742	0.000014
728	743	0.000022
728	745	0.000027
728	748	0.000005
728	757	0.000005
728	759	0.000001
728	779	0.000003
728	790	0.000003
728	836	0.004369
728	838	0.037292
728	839	0.548062
728	841	0.000035
728	850	0.000004
728	851	0.000002
729	733	0.000461
729	734	0.000421
729	736	0.000889
729	740	0.000098
729	742	0.000041
729	743	0.000029
729	745	0.000005
729	748	0.000003
729	778	0.000004
729	789	0.000004
729	790	0.000002
729	794	0.000001
729	806	0.000002
729	836	0.000295
729	838	0.508462
729	839	0.001142
729	841	0.000014
729	850	0.000003
729	851	0.000002
730	734	0.000162
730	736	0.000393
730	740	0.000079
730	742	0.000042
730	743	0.000026
730	745	0.000004
730	748	0.000003
730	759	0.000001
730	777	0.000004
730	789	0.000002
730	793	0.000002
730	805	0.000002
730	836	0.660551
730	838	0.000956
730	839	0.000011
730	841	0.000026
730	850	0.000002
731	737	0.000176
731	738	0.000294
731	746	0.000001
731	776	0.000004
731	785	0.000001
731	787	0.000035
731	792	0.000001
731	804	0.000002
731	811	0.000041
731	812	0.000002
731	833	0.000011
731	834	0.000198
731	835	0.706477
731	837	0.000716
731	840	0.000032
731	843	0.000695
731	844	0.000002
731	846	0.000541
731	847	0.000006
732	749	0.000030
732	758	0.000003
732	784	0.000001
732	786	0.000042
732	791	0.000001
732	800	0.000002
732	803	0.000002
732	810	0.000047
732	816	0.000007
732	832	0.000011
732	833	0.000253
732	834	0.708843
732	842	0.000759
732	845	0.003652
732	846	0.000009
733	737	0.000179
733	738	0.000237
733	746	0.000010
733	749	0.000004
733	785	0.000038
733	786	0.000004
733	799	0.000002
733	809	0.000044
733	811	0.000023
733	812	0.000426
733	815	0.000007
733	831	0.000007
733	832	0.000270
733	833	0.706093
733	834	0.000021
733	835	0.000545
733	837	0.000005
733	840	0.000015
733	842	0.000003
733	843	0.000043
733	844	0.004628
733	845	0.000007
733	847	0.000002
734	738	0.000107
734	746	0.000004
734	784	0.000031
734	785	0.000008
734	787	0.000009
734	810	0.000025
734	811	0.000585
734	812	0.000004
734	815	0.000002
734	830	0.000004
734	831	0.000258
734	832	0.701235
734	833	0.000356
734	834	0.000570
734	835	0.000213
734	837	0.000003
734	840	0.000034
734	842	0.000040
734	843	0.005483
734	844	0.000006
734	846	0.000004
734	847	0.000001
734	853	0.000002
735	749	0.000046
735	758	0.000005
735	760	0.000002
735	784	0.000011
735	786	0.000011
735	792	0.000030
735	800	0.000004
735	809	0.000026
735	810	0.000602
735	816	0.000082
735	818	0.000007
735	830	0.000284
735	831	0.701526
735	832	0.000686
735	833	0.000608
735	834	0.000217
735	842	0.005540
735	845	0.000010
735	846	0.000002
735	852	0.000002
736	746	0.000205
736	749	0.000029
736	752	0.000002
736	758	0.000002
736	760	0.000002
736	762	0.000011
736	771	0.000002
736	772	0.000001
736	773	0.000001
736	776	0.000009
736	782	0.000003
736	785	0.000010
736	791	0.000031
736	797	0.000002
736	799	0.000004
736	809	0.000586
736	812	0.000007
736	815	0.000092
736	816	0.000003
736	818	0.000020
736	825	0.000023
736	826	0.000005
736	827	0.000010
736	830	0.688986
736	831	0.000385
736	832	0.000566
736	833	0.000180
736	835	0.000001
736	837	0.000046
736	840	0.001059
736	842	0.000020
736	843	0.000006
736	844	0.000011
736	845	0.000002
737	742	0.000207
737	743	0.000278
737	745	0.000292
737	748	0.000055
737	755	0.000002
737	757	0.000003
737	759	0.000002
737	761	0.000014
737	764	0.000002
737	769	0.000004
737	775	0.000015
737	778	0.000003
737	779	0.000002
737	790	0.000038
737	794	0.000003
737	796	0.000002
737	806	0.000097
737	808	0.000452
737	817	0.000041
737	819	0.000002
737	824	0.000054
737	829	0.602943
737	836	0.000043
737	838	0.000022
737	839	0.001031
737	841	0.000083
737	850	0.000012
737	851	0.000015
738	742	0.000480
738	743	0.000655
738	745	0.001272
738	748	0.000205
738	755	0.000016
738	757	0.000010
738	759	0.003515
738	761	0.005444
738	764	0.000016
738	769	0.000087
738	775	0.000036
738	777	0.000007
738	778	0.000004
738	779	0.000002
738	789	0.000038
738	793	0.000003
738	805	0.000183
738	806	0.000014
738	808	0.000001
738	817	0.008493
738	819	0.000130
738	824	0.000197
738	829	0.000937
738	836	0.000012
738	838	0.000677
738	839	0.000027
738	841	0.000007
738	850	0.000022
738	851	0.000002
739	749	0.007642
739	758	0.003808
739	760	0.005814
739	786	0.000163
739	792	0.000003
739	800	0.000075
739	803	0.000003
739	804	0.000190
739	809	0.000002
739	810	0.000003
739	816	0.010656
739	818	0.000139
739	830	0.000104
739	831	0.000018
739	832	0.000161
739	833	0.000039
739	834	0.000032
739	842	0.000033
739	845	0.000007
739	846	0.000031
739	847	0.009773
740	746	0.000359
740	749	0.000250
740	752	0.000025
740	758	0.000009
740	760	0.000006
740	762	0.000030
740	766	0.000142
740	767	0.000223
740	768	0.000131
740	771	0.000319
740	772	0.000125
740	773	0.000032
740	776	0.000005
740	781	0.000005
740	782	0.000003
740	785	0.000166
740	787	0.000122
740	791	0.000003
740	799	0.000072
740	800	0.000001
740	803	0.000139
740	804	0.000011
740	809	0.000002
740	810	0.000005
740	811	0.000666
740	812	0.000100
740	815	0.010192
740	816	0.000018
740	825	0.000450
740	826	0.006370
740	827	0.001092
740	830	0.000016
740	831	0.000160
740	832	0.000044
740	833	0.000033
740	834	0.000009
740	835	0.001155
740	837	0.000003
740	840	0.000003
740	842	0.000002
740	843	0.000657
740	844	0.000007
740	846	0.009888
741	749	0.005515
741	758	0.003695
741	760	0.000138
741	784	0.000166
741	786	0.000138
741	800	0.000259
741	803	0.000048
741	804	0.000032
741	809	0.000008
741	810	0.000732
741	816	0.000249
741	830	0.000178
741	831	0.000046
741	832	0.000037
741	833	0.000019
741	834	0.001220
741	842	0.000717
741	845	0.010327
741	846	0.000002
742	746	0.000359
742	749	0.001283
742	752	0.000031
742	758	0.000033
742	760	0.000046
742	762	0.000280
742	766	0.000305
742	767	0.003211
742	768	0.005099
742	771	0.000076
742	772	0.000239
742	773	0.000064
742	776	0.000011
742	781	0.000011
742	782	0.000049
742	785	0.000129
742	786	0.000007
742	797	0.000018
742	799	0.000260
742	800	0.000087
742	803	0.000031
742	809	0.000696
742	810	0.000002
742	811	0.001604
742	812	0.181137
742	815	0.000205
742	816	0.000001
742	825	0.000433
742	826	0.000947
742	827	0.000518
742	830	0.000039
742	831	0.000021
742	832	0.000019
742	833	0.001218
742	835	0.000008
742	840	0.000005
742	843	0.000006
742	844	0.010429
742	845	0.000001
743	749	0.000184
743	752	0.000086
743	758	0.000006
743	760	0.000018
743	762	0.001278
743	766	0.003530
743	767	0.006042
743	768	0.000479
743	771	0.000250
743	772	0.000076
743	773	0.000007
743	776	0.000005
743	781	0.000053
743	782	0.000021
743	784	0.000109
743	785	0.000019
743	787	0.000048
743	797	0.000010
743	799	0.000200
743	800	0.000006
743	804	0.000009
743	809	0.000004
743	810	0.001636
743	811	0.248288
743	812	0.000113
743	825	0.000824
743	826	0.000501
743	827	0.000046
743	830	0.000012
743	831	0.000020
743	832	0.001226
743	833	0.000002
743	834	0.000008
743	835	0.000010
743	840	0.000004
743	842	0.000005
743	843	0.010503
744	749	0.010691
744	758	0.000339
744	760	0.000991
744	784	0.000028
744	786	0.000056
744	800	0.000197
744	803	0.000010
744	804	0.000017
744	809	0.001719
744	810	0.255564
744	816	0.000005
744	818	0.000004
744	830	0.000027
744	831	0.001239
744	832	0.000004
744	833	0.000008
744	834	0.000010
744	842	0.010479
745	749	0.000135
745	752	0.000176
745	758	0.000181
745	760	0.030400
745	762	0.045199
745	766	0.001393
745	767	0.000477
745	768	0.000136
745	771	0.000020
745	772	0.000014
745	773	0.000008
745	776	0.000078
745	781	0.000012
745	782	0.000017
745	785	0.000054
745	797	0.001333
745	799	0.000193
745	800	0.000001
745	803	0.000017
745	809	0.253409
745	810	0.000010
745	811	0.000011
745	812	0.000006
745	815	0.000006
745	818	0.000119
745	825	0.000190
745	826	0.000013
745	827	0.000012
745	830	0.001208
745	831	0.000003
745	832	0.000007
745	833	0.000006
745	835	0.000003
745	837	0.000052
745	840	0.001572
745	842	0.000005
746	755	0.000078
746	757	0.000215
746	759	0.038598
746	761	0.051464
746	764	0.009852
746	769	0.000030
746	775	0.000080
746	777	0.000015
746	778	0.000013
746	779	0.000010
746	793	0.000006
746	794	0.000017
746	796	0.001408
746	802	0.000018
746	805	0.000010
746	806	0.000027
746	808	0.222086
746	817	0.000278
746	819	0.000008
746	824	0.000179
746	829	0.000988
746	836	0.000052
746	838	0.000019
746	839	0.001527
746	841	0.000092
747	758	0.039523
747	760	0.051015
747	784	0.000009
747	786	0.000006
747	792	0.000006
747	800	0.000895
747	804	0.000009
747	809	0.000064
747	810	0.000192
747	816	0.000345
747	818	0.000009
747	830	0.000006
747	831	0.000005
747	833	0.000002
747	834	0.000124
747	842	0.000003
748	752	0.000041
748	758	0.000363
748	760	0.001673
748	762	0.214002
748	766	0.007492
748	767	0.000154
748	768	0.000046
748	771	0.000626
748	772	0.000039
748	773	0.000041
748	776	0.000086
748	781	0.000786
748	782	0.000033
748	784	0.000005
748	785	0.000006
748	791	0.000006
748	797	0.000018
748	799	0.000926
748	803	0.000008
748	809	0.000189
748	810	0.000002
748	811	0.000029
748	812	0.000014
748	815	0.000350
748	825	0.000021
748	826	0.000008
748	827	0.000058
748	830	0.000004
748	832	0.000002
748	833	0.000125
748	835	0.000058
748	837	0.001010
748	840	0.000046
749	753	0.000222
749	754	0.001326
749	755	0.000199
749	756	0.008634
749	757	0.000374
749	759	0.018099
749	761	0.261016
749	763	0.008038
749	764	0.000381
749	765	0.008726
749	769	0.000004
749	770	0.000719
749	774	0.000226
749	775	0.000083
749	777	0.000007
749	778	0.000006
749	779	0.000005
749	780	0.000907
749	783	0.000200
749	788	0.000004
749	790	0.000003
749	793	0.009476
749	794	0.000017
749	795	0.000017
749	796	0.000008
749	798	0.000802
749	801	0.000013
749	805	0.254389
749	806	0.000113
749	807	0.000210
749	808	0.000067
749	813	0.000004
749	814	0.000350
749	823	0.000027
749	824	0.000018
749	828	0.000106
749	829	0.000003
749	836	0.001028
749	838	0.000051
749	839	0.000040
749	848	0.000061
750	758	0.018225
750	760	0.213359
750	784	0.000001
750	792	0.010664
750	800	0.000012
750	804	0.258222
750	809	0.000020
750	810	0.000997
750	830	0.000001
750	831	0.000144
750	832	0.000003
750	833	0.000086
750	834	0.001051
750	847	0.000061
751	758	0.170182
751	760	0.317735
751	791	0.010673
751	803	0.258203
751	804	0.000004
751	809	0.001001
751	810	0.000003
751	818	0.000002
751	830	0.000145
751	831	0.000003
751	832	0.000086
751	833	0.001035
751	834	0.000457
751	842	0.000009
751	846	0.000059
752	757	0.124493
752	759	0.371805
752	761	0.005072
752	764	0.000010
752	769	0.000013
752	775	0.000020
752	777	0.000033
752	778	0.000018
752	779	0.000013
752	789	0.000010
752	790	0.010434
752	793	0.000360
752	794	0.000002
752	796	0.000002
752	802	0.252125
752	805	0.001772
752	806	0.000004
752	808	0.000463
752	817	0.000002
752	829	0.000113
752	836	0.000013
752	841	0.000007
753	758	0.368064
753	760	0.005480
753	786	0.000005
753	792	0.000396
753	800	0.000250
753	803	0.000017
753	804	0.002319
753	816	0.000002
753	831	0.000182
753	832	0.000938
753	833	0.003022
753	834	0.000950
753	845	0.000028
753	846	0.000005
754	758	0.001242
754	760	0.002209
754	784	0.000004
754	786	0.004776
754	791	0.000395
754	792	0.000005
754	800	0.002512
754	803	0.002321
754	804	0.000014
754	830	0.000182
754	831	0.000937
754	832	0.003040
754	833	0.000954
754	834	0.000002
754	842	0.000002
754	845	0.000006
755	760	0.000023
755	762	0.000028
755	766	0.000033
755	767	0.000151
755	768	0.000507
755	771	0.000067
755	772	0.000145
755	773	0.000158
755	776	0.000047
755	781	0.000007
755	782	0.000013
755	785	0.004801
755	786	0.000002
755	787	0.007979
755	791	0.000005
755	792	0.000005
755	799	0.001517
755	800	0.000018
755	803	0.000012
755	826	0.000004
755	830	0.000712
755	831	0.003018
755	832	0.000950
755	833	0.000002
755	843	0.000033
755	844	0.000005
756	760	0.000070
756	784	0.004695
756	786	0.008121
756	791	0.000007
756	792	0.000238
756	800	0.258265
756	804	0.000001
756	816	0.000002
756	830	0.003091
756	831	0.000959
756	832	0.000004
756	842	0.000035
756	845	0.000002
757	762	0.000033
757	766	0.015413
757	767	0.000221
757	768	0.000425
757	771	0.005047
757	772	0.000115
757	773	0.000129
757	776	0.000214
757	781	0.001613
757	782	0.000091
757	784	0.001089
757	785	0.007093
757	786	0.000001
757	791	0.000235
757	797	0.000247
757	799	0.259882
757	800	0.000002
757	803	0.000001
757	815	0.000002
757	825	0.000003
757	826	0.000005
757	827	0.000012
757	830	0.000857
757	831	0.000003
757	840	0.000002
757	842	0.000001
757	844	0.000002
758	763	0.000595
758	764	0.000020
758	765	0.018138
758	769	0.001699
758	770	0.005827
758	774	0.005072
758	775	0.000157
758	777	0.000261
758	778	0.000009
758	779	0.000031
758	780	0.001887
758	783	0.010873
758	788	0.000096
758	789	0.000027
758	790	0.000125
758	795	0.000017
758	796	0.000226
758	798	0.260902
758	801	0.000049
758	814	0.000002
758	823	0.000007
758	824	0.000003
758	828	0.002989
758	829	0.000242
758	838	0.000006
758	839	0.000001
758	841	0.000004
759	766	0.011253
759	767	0.000196
759	768	0.002846
759	771	0.003282
759	772	0.000069
759	773	0.004960
759	776	0.000296
759	781	0.002690
759	782	0.009934
759	784	0.002628
759	785	0.000001
759	787	0.000094
759	797	0.257547
759	799	0.000409
759	800	0.000020
759	825	0.000010
759	826	0.000013
759	827	0.002807
759	837	0.000006
759	840	0.000004
760	764	0.000032
760	765	0.015313
760	769	0.001623
760	770	0.004425
760	774	0.002671
760	775	0.000147
760	777	0.001502
760	778	0.000176
760	779	0.000035
760	780	0.003841
760	783	0.005884
760	788	0.002856
760	789	0.000003
760	790	0.000001
760	793	0.000004
760	794	0.000162
760	795	0.036175
760	796	0.203856
760	798	0.000570
760	801	0.000003
760	813	0.000003
760	823	0.000018
760	824	0.000009
760	828	0.000278
760	836	0.000006
760	838	0.000003
760	839	0.000002
760	841	0.000002
761	766	0.000458
761	767	0.001171
761	768	0.002452
761	771	0.000187
761	772	0.000141
761	773	0.002606
761	776	0.001998
761	781	0.000082
761	782	0.005578
761	784	0.000003
761	785	0.000033
761	787	0.002928
761	791	0.000028
761	792	0.000006
761	797	0.000585
761	800	0.000003
761	812	0.000002
761	825	0.000305
761	826	0.000012
761	827	0.000258
761	835	0.000006
761	837	0.000004
761	840	0.000002
762	769	0.000549
762	775	0.001924
762	777	0.000058
762	778	0.000153
762	779	0.000179
762	789	0.000004
762	790	0.000028
762	793	0.146766
762	794	0.028026
762	796	0.000562
762	824	0.000306
762	836	0.000003
762	839	0.000002
763	784	0.000021
763	786	0.008952
763	791	0.000168
763	792	0.152313
763	800	0.000016
763	810	0.000003
763	830	0.000002
763	832	0.000043
763	833	0.000005
763	834	0.000007
763	842	0.000002
763	847	0.000001
764	768	0.000321
764	771	0.001079
764	772	0.000455
764	773	0.001084
764	776	0.000155
764	781	0.005871
764	782	0.000363
764	785	0.009076
764	787	0.000086
764	791	0.012888
764	792	0.067565
764	797	0.000015
764	799	0.000016
764	809	0.000003
764	810	0.000002
764	825	0.000005
764	826	0.000004
764	827	0.000002
764	831	0.000044
764	832	0.000005
764	833	0.000007
764	843	0.000124
764	846	0.000001
765	784	0.009098
765	786	0.000121
765	791	0.216884
765	792	0.000111
765	800	0.000003
765	809	0.000003
765	830	0.000052
765	831	0.000005
765	832	0.000007
765	842	0.000138
765	845	0.000001
766	775	0.001453
766	777	0.000189
766	778	0.000906
766	779	0.065254
766	789	0.000905
766	790	0.219205
766	793	0.000002
766	794	0.000043
766	796	0.000026
766	808	0.000003
766	824	0.000004
766	829	0.000044
766	838	0.000002
766	839	0.000003
766	841	0.000117
767	775	0.000824
767	777	0.000918
767	778	0.082131
767	779	0.003669
767	789	0.196897
767	790	0.000402
767	793	0.000023
767	794	0.002434
767	796	0.000013
767	806	0.000007
767	824	0.000004
767	838	0.000004
767	839	0.000019
768	775	0.001620
768	777	0.085090
768	778	0.004232
768	779	0.000672
768	789	0.000566
768	790	0.000019
768	793	0.003001
768	794	0.000007
768	796	0.000094
768	805	0.000007
768	824	0.000004
768	836	0.000095
768	838	0.000018
768	839	0.000005
769	773	0.000263
769	776	0.073616
769	781	0.000662
769	782	0.000269
769	784	0.000003
769	785	0.020444
769	786	0.000038
769	787	0.193782
769	792	0.003051
769	797	0.000166
769	799	0.000002
769	804	0.000007
769	825	0.000004
769	826	0.000004
769	827	0.000002
769	835	0.000106
769	837	0.000014
769	843	0.000126
770	784	0.020709
770	786	0.198512
770	791	0.003108
770	792	0.000001
770	803	0.000007
770	830	0.000014
770	832	0.000001
770	834	0.000108
770	842	0.000144
771	775	0.000972
771	777	0.000546
771	778	0.004209
771	779	0.009063
771	789	0.000012
771	790	0.003050
771	793	0.000001
771	794	0.000118
771	796	0.000221
771	802	0.000007
771	824	0.000004
771	829	0.000013
771	836	0.000002
771	841	0.000127
772	777	0.003638
772	778	0.010508
772	779	0.003984
772	789	0.002600
772	790	0.000027
772	793	0.000072
772	794	0.025053
772	796	0.000012
772	824	0.000007
772	829	0.000001
772	839	0.000007
773	777	0.006377
773	778	0.003201
773	779	0.000523
773	789	0.000038
773	790	0.000002
773	793	0.030544
773	794	0.000011
773	817	0.000001
773	824	0.000007
773	829	0.000007
773	838	0.000006
773	839	0.000022
774	784	0.009375
774	786	0.001289
774	791	0.000007
774	792	0.031058
774	800	0.000003
774	816	0.000002
774	830	0.000260
774	831	0.000465
774	832	0.000078
774	833	0.000009
775	781	0.002456
775	782	0.003609
775	784	0.000212
775	785	0.001342
775	786	0.000034
775	787	0.000029
775	791	0.031028
775	799	0.000003
775	815	0.000001
775	825	0.000114
775	826	0.000011
775	827	0.000028
775	830	0.000513
775	831	0.000077
775	832	0.000008
775	837	0.000079
776	789	0.000019
776	790	0.030737
776	793	0.000002
776	824	0.000109
776	829	0.000535
776	836	0.000084
776	838	0.000001
777	781	0.000439
777	782	0.000605
777	784	0.000104
777	785	0.000800
777	786	0.000188
777	787	0.000887
777	792	0.000002
777	812	0.000016
777	825	0.000078
777	826	0.001143
777	827	0.005388
777	830	0.000006
777	833	0.000002
777	835	0.000083
778	782	0.000300
778	784	0.000757
778	785	0.000631
778	786	0.000998
778	787	0.000145
778	791	0.000001
778	797	0.000003
778	811	0.000022
778	812	0.000002
778	825	0.001432
778	826	0.007537
778	827	0.003070
778	830	0.000005
778	832	0.000010
778	834	0.000082
778	835	0.000004
778	844	0.000027
779	784	0.000548
779	785	0.001240
779	786	0.000133
779	787	0.030429
779	792	0.000100
779	810	0.000023
779	811	0.000002
779	825	0.007025
779	826	0.003709
779	827	0.001442
779	831	0.000021
779	833	0.000079
779	834	0.000005
779	835	0.000002
779	843	0.000050
780	784	0.001072
780	786	0.030731
780	791	0.000185
780	809	0.000023
780	810	0.000002
780	830	0.000148
780	831	0.000001
780	832	0.000078
780	833	0.000006
780	834	0.000002
780	842	0.000053
781	789	0.000002
781	790	0.000194
781	794	0.000192
781	806	0.000011
781	808	0.000017
781	821	0.000001
781	824	0.002090
781	829	0.000146
781	841	0.000043
782	789	0.000152
782	790	0.000001
782	793	0.000242
782	805	0.000028
782	821	0.000016
782	824	0.036706
782	829	0.000004
783	791	0.000024
783	792	0.000247
783	804	0.000030
783	810	0.000012
783	830	0.000026
783	831	0.000003
784	788	0.000023
784	789	0.000003
784	790	0.000028
784	795	0.000062
784	798	0.000012
784	807	0.000002
784	820	0.001695
784	821	0.000006
784	822	0.700719
784	823	0.002276
784	824	0.000009
784	828	0.000008
784	829	0.000001
785	789	0.000021
785	790	0.000070
785	794	0.000060
785	796	0.000072
785	802	0.000031
785	806	0.000001
785	808	0.000013
785	819	0.001698
785	821	0.706439
786	793	0.000041
786	794	0.000010
786	795	0.000084
786	801	0.000032
786	806	0.000001
786	807	0.000013
786	820	0.707150
787	793	0.000026
787	794	0.000071
787	805	0.000003
787	806	0.000012
787	817	0.002597
787	819	0.706940
788	792	0.000034
788	800	0.000038
788	804	0.000005
788	816	0.002856
788	818	0.706236
788	842	0.000001
789	799	0.000021
789	800	0.000107
789	803	0.000003
789	804	0.000009
789	815	0.001468
789	816	0.603858
789	818	0.000005
789	826	0.000017
790	797	0.000002
790	799	0.000416
790	803	0.000011
790	815	0.711291
790	816	0.000411
790	825	0.000021
791	795	0.000003
791	796	0.000002
791	798	0.000485
791	802	0.000024
791	814	0.720751
791	823	0.000022
791	824	0.000019
791	849	0.000066
792	798	0.000020
792	801	0.000030
792	813	0.720792
792	822	0.000022
792	823	0.000019
792	828	0.000001
792	848	0.000067
793	797	0.000017
793	799	0.000001
793	800	0.000031
793	811	0.000034
793	812	0.720043
793	827	0.000001
793	844	0.000002
793	847	0.000067
794	799	0.000030
794	800	0.000002
794	810	0.000067
794	811	0.719633
794	812	0.000005
794	826	0.000001
794	843	0.000018
794	846	0.000066
795	800	0.000021
795	803	0.000001
795	804	0.000010
795	809	0.000131
795	810	0.717920
795	818	0.000004
795	842	0.000020
795	845	0.000067
796	800	0.000002
796	803	0.000024
796	804	0.000005
796	809	0.575556
796	810	0.000114
796	811	0.000020
796	818	0.000003
796	825	0.000002
796	840	0.000003
796	844	0.000065
797	802	0.000047
797	805	0.043002
797	806	0.000721
797	808	0.456252
797	817	0.000002
797	819	0.000923
797	821	0.000002
797	824	0.000001
797	839	0.000003
798	803	0.010381
798	804	0.057231
798	809	0.136971
798	810	0.000002
798	816	0.000001
798	818	0.001309
798	842	0.000062
799	805	0.009384
799	806	0.197683
799	808	0.166472
799	817	0.000874
799	819	0.000004
799	821	0.000001
799	841	0.000051
800	805	0.110950
800	806	0.002186
800	807	0.174886
800	808	0.000107
800	817	0.009820
800	820	0.000001
801	809	0.000109
801	810	0.000004
801	816	0.017129
802	809	0.000010
802	815	0.017793
803	807	0.000646
803	808	0.000051
803	814	0.018201
803	829	0.000001
803	849	0.000035
804	808	0.000009
804	813	0.018202
804	828	0.000003
804	848	0.000035
805	811	0.000030
805	812	0.017710
805	827	0.000003
805	847	0.000035
806	810	0.000049
806	811	0.013400
806	812	0.000006
806	826	0.000004
806	843	0.000003
806	846	0.000035
807	816	0.000221
807	842	0.000003
807	845	0.000036
808	815	0.000264
808	844	0.000035
809	813	0.000001
809	814	0.000289
809	823	0.000010
809	849	0.000005
809	850	0.000001
810	814	0.000004
810	822	0.000010
810	848	0.000005
810	849	0.000002
811	821	0.000010
811	839	0.000003
811	841	0.000026
812	819	0.000010
812	838	0.000002
812	839	0.000028
812	841	0.000188
813	818	0.000013
813	830	0.000001
813	831	0.005223
813	832	0.000007
813	842	0.003738
813	845	0.000006
813	846	0.000122
813	847	0.000027
814	818	0.000001
814	830	0.005748
814	831	0.000004
814	842	0.025922
814	845	0.000125
814	846	0.000027
815	821	0.000002
815	824	0.000012
815	829	0.005775
815	838	0.000079
815	839	0.161058
815	841	0.020404
816	820	0.000002
816	822	0.000002
816	823	0.000014
816	828	0.005797
816	836	0.000006
816	838	0.241937
816	839	0.000334
816	841	0.000018
817	825	0.000003
817	826	0.000052
817	827	0.005679
817	835	0.000006
817	837	0.259483
817	840	0.000021
818	822	0.000006
818	823	0.000035
818	824	0.000009
818	828	0.000068
818	836	0.279959
818	838	0.000010
818	839	0.000009
819	825	0.000075
819	826	0.000033
819	827	0.000064
819	833	0.000002
819	834	0.000191
819	835	0.282012
819	837	0.000004
820	832	0.000008
820	833	0.000935
820	834	0.282528
821	825	0.000008
821	826	0.000009
821	827	0.000003
821	831	0.000001
821	832	0.001171
821	833	0.281713
821	834	0.000012
821	835	0.000012
822	830	0.000002
822	831	0.001555
822	832	0.282072
822	833	0.000344
822	834	0.000015
823	830	0.003883
823	831	0.282202
823	832	0.000423
823	833	0.000020
823	834	0.000003
824	830	0.276682
824	831	0.000405
824	832	0.000019
824	833	0.000003
825	829	0.191800
828	832	0.000001
832	839	0.000001
833	838	0.000001
835	841	0.000007
836	840	0.000006
836	842	0.000003
836	843	0.000005
837	841	0.000010
838	842	0.000004
838	843	0.000022
838	844	0.000018
839	843	0.000051
839	844	0.000042
842	848	0.000002
842	849	0.000008
843	850	0.000001
843	851	0.000011
844	850	0.000016
845	849	0.000016
854	868	0.000004
854	895	0.000002
855	860	0.000045
855	861	0.000026
855	867	0.000012
855	894	0.000003
856	863	0.000496
856	864	0.000176
856	866	0.000022
856	870	0.000015
856	873	0.002605
856	884	0.000008
856	886	0.000002
856	888	0.000002
856	892	0.000001
856	893	0.000004
857	861	0.000028
857	862	0.000516
857	867	0.000011
857	871	0.000098
857	872	0.003063
857	874	0.000012
857	875	0.000005
857	876	0.000001
857	885	0.000002
857	891	0.000001
857	897	0.000001
858	867	0.001265
858	894	0.000003
859	867	0.000516
859	871	0.002125
859	872	0.000015
859	874	0.000009
859	875	0.000004
859	876	0.000014
859	877	0.000003
859	878	0.000002
859	879	0.000001
859	881	0.000152
859	885	0.000060
859	891	0.000587
859	896	0.000335
860	864	0.000036
860	865	0.004775
860	866	0.002055
860	868	0.000192
860	869	0.036278
860	870	0.002378
860	873	0.000006
860	880	0.000190
860	884	0.000074
860	888	0.000013
860	889	0.000003
860	890	0.000785
860	895	0.000445
861	865	0.002441
861	866	0.000092
861	868	0.036262
861	869	0.002447
861	870	0.000019
861	873	0.000001
861	880	0.000011
861	883	0.000082
861	884	0.000011
861	887	0.000032
861	888	0.000008
861	889	0.000778
861	890	0.000122
861	892	0.000001
861	893	0.000054
861	895	0.000211
862	866	0.000296
862	870	0.000006
862	873	0.000127
862	882	0.000082
862	883	0.000011
862	884	0.000001
862	886	0.000035
862	887	0.000008
862	888	0.000758
862	889	0.000117
862	892	0.000061
862	893	0.000349
863	867	0.000281
863	871	0.000006
863	872	0.000137
863	874	0.000002
863	875	0.000006
863	876	0.000005
863	877	0.000075
863	878	0.000016
863	879	0.000004
863	881	0.000070
863	885	0.000034
863	891	0.000044
863	894	0.000044
863	896	0.000017
863	897	0.000054
864	871	0.000113
864	872	0.000002
864	874	0.000007
864	875	0.000005
864	876	0.000069
864	877	0.000017
864	878	0.000005
864	879	0.000002
864	881	0.000001
864	885	0.000002
864	891	0.000020
864	894	0.000018
864	896	0.000045
864	897	0.000103
865	894	0.000136
866	871	0.000007
866	872	0.000029
866	874	0.000050
866	875	0.000064
866	876	0.000011
866	877	0.000009
866	878	0.000021
866	879	0.000006
866	881	0.000078
866	885	0.000006
866	891	0.002083
866	894	0.000007
866	896	0.045395
866	897	0.000026
867	873	0.000049
867	880	0.000099
867	882	0.000001
867	883	0.000003
867	884	0.000007
867	886	0.000001
867	887	0.000004
867	888	0.000020
867	889	0.000024
867	890	0.002707
867	892	0.000029
867	893	0.000013
867	895	0.058354
868	894	0.057820
869	894	0.001363
870	874	0.000029
870	875	0.000099
870	876	0.000080
870	877	0.000143
870	878	0.000049
870	879	0.000069
870	881	0.000012
870	885	0.001734
870	891	0.000869
870	894	0.020353
870	896	0.000048
870	897	0.000008
871	882	0.000012
871	883	0.000709
871	884	0.002062
871	886	0.000120
871	887	0.213752
871	888	0.001640
871	889	0.000613
871	892	0.001303
871	893	0.040307
872	882	0.000967
872	883	0.002013
872	884	0.000127
872	886	0.287338
872	887	0.001297
872	888	0.000528
872	889	0.000194
872	892	0.045952
872	893	0.000335
873	877	0.000044
873	878	0.000161
873	879	0.000099
873	881	0.000964
873	885	0.300373
873	891	0.043097
873	894	0.000754
873	896	0.000013
873	897	0.000004
874	882	0.000088
874	883	0.001286
874	884	0.302715
874	886	0.000225
874	887	0.000842
874	888	0.004005
874	889	0.030895
874	892	0.000072
874	893	0.001104
875	882	0.001470
875	883	0.296197
875	884	0.009578
875	886	0.000904
875	887	0.004509
875	888	0.035538
875	889	0.029487
875	892	0.000972
875	893	0.000236
876	882	0.247624
876	883	0.011120
876	884	0.004272
876	886	0.003933
876	887	0.036290
876	888	0.033437
876	889	0.017205
876	892	0.000204
876	893	0.000179
877	882	0.008570
877	883	0.004771
877	884	0.003657
877	886	0.034331
877	887	0.033037
877	888	0.021523
877	889	0.001593
877	892	0.000159
877	893	0.000180
878	882	0.002947
878	883	0.003261
878	884	0.002885
878	886	0.028361
878	887	0.022536
878	888	0.001903
878	889	0.000839
878	892	0.000163
878	893	0.000148
879	883	0.001921
879	884	0.001898
879	886	0.016719
879	887	0.001671
879	888	0.000947
879	889	0.000069
879	892	0.000130
879	893	0.000033
880	894	0.011439
881	886	0.000212
881	887	0.000742
881	888	0.000924
881	889	0.000303
881	892	0.000692
881	893	0.011008
882	891	0.000894
882	894	0.000049
882	896	0.000078
882	897	0.000083
883	891	0.000747
883	894	0.000095
883	896	0.000133
883	897	0.000061
884	891	0.000366
884	894	0.001403
884	896	0.000099
884	897	0.000012
885	889	0.000129
885	892	0.000671
885	893	0.001691
886	891	0.000650
886	894	0.000156
886	896	0.000046
886	897	0.000228
887	891	0.000123
887	894	0.000478
887	896	0.000392
887	897	0.000131
888	894	0.000409
888	896	0.000244
888	897	0.000395
889	894	0.000123
889	896	0.000608
889	897	0.000032
890	894	0.000363
892	896	0.000091
892	897	0.000090
893	897	0.000034
