1	7	0.000004
1	8	0.000004
1	9	0.000001
1	12	0.000008
1	13	0.000004
1	15	0.000037
1	33	0.000001
1	41	0.021802
1	67	0.001353
1	707	0.000004
1	732	0.000010
1	736	0.743843
1	739	0.000061
1	748	0.000012
1	749	0.000021
1	750	0.000092
1	752	0.000013
1	753	0.000037
1	754	0.000104
1	755	0.000353
1	758	0.000289
1	759	0.000809
2	7	0.000013
2	8	0.000003
2	11	0.000011
2	12	0.000008
2	14	0.000044
2	15	0.000014
2	28	0.000001
2	30	0.000136
2	32	0.000002
2	39	0.000020
2	40	0.029619
2	41	0.000175
2	42	0.000374
2	46	0.000100
2	50	0.000001
2	53	0.000033
2	62	0.001787
2	64	0.000005
2	65	0.000187
2	66	0.001693
2	67	0.000005
2	483	0.000001
2	484	0.000001
2	485	0.000003
2	488	0.000025
2	491	0.000010
2	492	0.000620
2	493	0.001168
2	494	0.002082
2	694	0.000854
2	706	0.000005
2	731	0.000009
2	732	0.003672
2	733	0.000211
2	734	0.004208
2	735	0.841914
2	736	0.005784
2	739	0.000015
2	746	0.000747
2	748	0.000021
2	749	0.000086
2	750	0.000259
2	752	0.000025
2	753	0.000095
2	754	0.000588
2	755	0.000526
2	756	0.040317
2	758	0.000710
2	759	0.000112
2	761	0.007798
3	7	0.000007
3	8	0.000007
3	9	0.000004
3	11	0.000009
3	13	0.000044
3	14	0.000019
3	29	0.000138
3	30	0.000001
3	39	0.029664
3	40	0.000232
3	41	0.000308
3	42	0.007489
3	46	0.000016
3	52	0.000033
3	61	0.001817
3	62	0.000018
3	64	0.000188
3	65	0.001682
3	66	0.000008
3	483	0.000002
3	484	0.000001
3	485	0.000006
3	487	0.000009
3	488	0.000085
3	491	0.000618
3	492	0.001171
3	493	0.002072
3	494	0.000019
3	694	0.000157
3	705	0.000005
3	730	0.000003
3	731	0.004346
3	732	0.000006
3	733	0.003636
3	734	0.836854
3	735	0.006193
3	736	0.000046
3	739	0.000008
3	746	0.000213
3	748	0.000034
3	749	0.000298
3	750	0.000138
3	752	0.000028
3	753	0.000519
3	754	0.000674
3	755	0.036840
3	756	0.016653
3	758	0.000058
3	759	0.000491
3	761	0.009249
4	8	0.000119
4	9	0.000088
4	12	0.000042
4	13	0.000018
4	26	0.000004
4	28	0.000139
4	41	0.008125
4	58	0.000032
4	60	0.001994
4	61	0.000010
4	67	0.000007
4	484	0.000005
4	487	0.000077
4	690	0.000009
4	704	0.000005
4	730	0.004399
4	732	0.002597
4	736	0.000031
4	739	0.000013
4	748	0.000254
4	749	0.000124
4	750	0.000020
4	752	0.000386
4	753	0.000510
4	754	0.031008
4	755	0.014269
4	758	0.000447
4	759	0.003619
5	10	0.000034
5	16	0.000002
5	25	0.000004
5	27	0.000139
5	48	0.000029
5	56	0.000117
5	57	0.000032
5	59	0.002018
5	68	0.001365
5	481	0.000011
5	495	0.000206
5	609	0.000013
5	610	0.000018
5	689	0.000008
5	691	0.001054
5	695	0.000003
5	703	0.000005
5	729	0.004408
5	760	0.015213
6	15	0.000002
6	24	0.000004
6	26	0.000138
6	41	0.001317
6	55	0.000120
6	58	0.001855
6	67	0.001111
6	487	0.000036
6	688	0.000002
6	690	0.000183
6	728	0.001857
6	730	0.000076
6	732	0.000004
6	736	0.000021
6	739	0.000116
6	748	0.000055
6	749	0.000011
6	750	0.000046
6	752	0.001577
6	753	0.000478
6	754	0.000202
6	755	0.000056
6	758	0.000738
6	759	0.012318
7	25	0.000128
7	37	0.000036
7	38	0.003001
7	43	0.000345
7	44	0.000355
7	45	0.000163
7	47	0.000045
7	48	0.000009
7	49	0.000018
7	51	0.000004
7	54	0.000114
7	56	0.000002
7	57	0.001709
7	63	0.000005
7	68	0.000002
7	482	0.000001
7	486	0.000038
7	489	0.000010
7	490	0.000016
7	495	0.000003
7	496	0.000016
7	689	0.000017
7	691	0.000005
7	692	0.000041
7	693	0.000044
7	727	0.000952
7	729	0.000067
7	737	0.000008
7	738	0.000122
7	740	0.000007
7	741	0.000022
7	742	0.000035
7	743	0.000038
7	744	0.000039
7	745	0.000053
7	747	0.000054
7	751	0.001397
7	757	0.000792
7	760	0.000027
7	762	0.000050
7	763	0.000058
8	21	0.000001
8	22	0.000067
8	37	0.002050
8	38	0.682730
8	43	0.000234
8	44	0.000137
8	45	0.000018
8	47	0.000014
8	48	0.000016
8	49	0.000002
8	51	0.000001
8	54	0.000002
8	56	0.000435
8	63	0.000002
8	68	0.000001
8	486	0.000004
8	489	0.000011
8	490	0.000004
8	495	0.000013
8	496	0.000005
8	691	0.000031
8	692	0.000048
8	693	0.000009
8	726	0.000179
8	727	0.000002
8	737	0.000065
8	738	0.000006
8	740	0.000014
8	741	0.000032
8	742	0.000037
8	743	0.000038
8	744	0.000049
8	745	0.000007
8	747	0.000004
8	751	0.000021
8	757	0.000416
8	760	0.000010
8	762	0.000053
8	763	0.000212
9	19	0.000009
9	21	0.000083
9	22	0.000002
9	31	0.000001
9	37	0.951005
9	38	0.000332
9	43	0.000043
9	44	0.000006
9	47	0.000004
9	54	0.000002
9	489	0.000002
9	495	0.000003
9	691	0.000029
9	692	0.000007
9	693	0.000001
9	726	0.000002
9	737	0.000003
9	738	0.000001
9	740	0.000014
9	741	0.000021
9	742	0.000022
9	743	0.000028
9	744	0.000005
9	747	0.000003
9	751	0.000003
9	757	0.000008
9	760	0.000003
9	762	0.000380
9	763	0.000002
10	18	0.000010
10	20	0.000083
10	23	0.000005
10	30	0.000002
10	36	0.999076
10	42	0.000011
10	46	0.000001
10	53	0.000002
10	724	0.000002
10	725	0.000003
10	756	0.000001
10	761	0.000400
11	16	0.000018
11	35	0.999169
11	760	0.000396
12	19	0.000006
12	21	0.000001
12	22	0.000001
12	31	0.000005
12	34	0.991123
12	35	0.000003
12	38	0.000002
12	693	0.000003
12	723	0.000004
13	17	0.000002
13	21	0.000001
13	31	0.000122
13	34	0.000107
13	37	0.000003
13	49	0.000014
13	692	0.000004
13	722	0.000005
13	757	0.000001
14	35	0.000010
14	48	0.000017
14	691	0.000005
14	721	0.000005
15	21	0.000002
15	31	0.913724
15	34	0.000011
15	47	0.000017
15	63	0.000012
15	720	0.000004
15	757	0.000083
16	20	0.000002
16	28	0.000021
16	29	0.077198
16	30	0.916767
16	32	0.000048
16	33	0.000005
16	46	0.000016
16	61	0.000013
16	62	0.000015
16	755	0.000001
16	756	0.000094
17	26	0.000066
17	28	0.533585
17	29	0.462436
17	60	0.000023
17	61	0.000008
17	754	0.000001
17	755	0.000074
18	25	0.000139
18	27	0.988076
18	59	0.000032
18	68	0.000004
19	24	0.000102
19	26	0.987128
19	28	0.010474
19	58	0.000032
19	67	0.000003
19	753	0.000001
20	25	0.983614
20	27	0.010725
20	57	0.000031
20	68	0.000032
21	26	0.008115
21	28	0.000001
21	29	0.000003
21	67	0.000029
22	26	0.000008
22	28	0.000017
22	55	0.000003
22	67	0.000003
23	27	0.000017
23	48	0.000003
23	68	0.000005
24	37	0.000004
24	47	0.000004
24	726	0.000001
25	36	0.000005
25	46	0.000004
25	52	0.000033
25	64	0.000108
25	725	0.000001
25	748	0.000002
26	35	0.000004
26	37	0.000008
26	45	0.000003
26	51	0.000034
26	63	0.000109
26	747	0.000002
27	36	0.000010
27	39	0.000001
27	50	0.000034
27	62	0.000110
27	694	0.000006
27	724	0.000001
27	746	0.000002
28	35	0.000009
28	38	0.000001
28	49	0.000031
28	693	0.000006
28	723	0.000001
28	745	0.000002
29	34	0.000005
29	37	0.000001
29	48	0.000026
29	49	0.000002
29	692	0.000006
29	722	0.000001
29	744	0.000002
30	35	0.000002
30	48	0.000004
30	59	0.000127
30	691	0.000006
31	58	0.000130
31	690	0.000003
31	716	0.000003
32	48	0.000002
32	57	0.000130
32	689	0.000002
32	715	0.000003
33	47	0.000002
33	56	0.000130
33	714	0.000003
33	762	0.000004
33	763	0.000002
34	41	0.000013
34	55	0.000126
34	61	0.000016
34	713	0.000003
34	736	0.000001
35	40	0.000015
35	42	0.000006
35	46	0.000001
35	53	0.000006
35	60	0.000025
35	712	0.000003
35	735	0.000001
35	761	0.000314
36	59	0.000026
36	711	0.000003
36	760	0.000315
37	41	0.000013
37	58	0.000017
37	60	0.000002
37	61	0.000029
37	74	0.000013
37	75	0.000015
37	717	0.000001
37	754	0.000001
37	755	0.000002
37	759	0.000301
38	55	0.000001
38	58	0.022934
38	60	0.000082
38	61	0.000001
38	67	0.000006
38	74	0.000070
38	75	0.000002
38	487	0.000002
38	716	0.000001
38	736	0.000002
38	753	0.000002
38	754	0.000004
38	755	0.000003
38	758	0.000207
38	759	0.000006
39	48	0.002765
39	56	0.000008
39	57	0.027814
39	59	0.000103
39	68	0.001092
39	69	0.002773
39	71	0.000011
39	72	0.039504
39	495	0.000102
39	609	0.000006
39	610	0.000062
39	691	0.000103
39	695	0.000002
39	715	0.000001
39	721	0.000004
39	760	0.000110
40	48	0.028842
40	56	0.027842
40	57	0.000069
40	59	0.000013
40	68	0.010136
40	69	0.000403
40	71	0.039967
40	72	0.000004
40	481	0.000030
40	495	0.000304
40	609	0.000062
40	610	0.000005
40	691	0.000361
40	695	0.000005
40	697	0.000329
40	711	0.000001
40	714	0.000001
40	720	0.000004
40	727	0.000002
40	760	0.000105
41	45	0.000301
41	47	0.027098
41	48	0.000337
41	49	0.040143
41	51	0.000032
41	54	0.000098
41	56	0.000028
41	57	0.000301
41	63	0.000018
41	68	0.000825
41	69	0.000686
41	70	0.039778
41	71	0.000003
41	72	0.000002
41	73	0.000033
41	480	0.000030
41	482	0.000002
41	486	0.000007
41	489	0.000007
41	490	0.000005
41	495	0.000007
41	496	0.001857
41	610	0.000001
41	691	0.000010
41	692	0.006538
41	693	0.000017
41	696	0.000336
41	698	0.000001
41	710	0.000001
41	722	0.000008
41	726	0.000002
41	737	0.000006
41	738	0.000005
41	740	0.000004
41	741	0.000005
41	742	0.000005
41	743	0.000004
41	744	0.000004
41	745	0.000002
41	747	0.000002
41	751	0.000004
41	757	0.000027
41	760	0.000013
41	762	0.000507
41	763	0.000013
42	48	0.048701
42	56	0.000519
42	57	0.000010
42	59	0.000096
42	68	0.066451
42	69	0.038647
42	71	0.000003
42	72	0.000038
42	479	0.000030
42	481	0.000002
42	495	0.002167
42	609	0.000009
42	610	0.000005
42	691	0.007330
42	695	0.000339
42	697	0.000001
42	720	0.000001
42	721	0.000009
42	760	0.011281
43	55	0.000459
43	58	0.000101
43	60	0.000002
43	61	0.000026
43	67	0.062846
43	487	0.000005
43	690	0.001528
43	736	0.000039
43	739	0.000010
43	748	0.000005
43	749	0.000032
43	750	0.000157
43	752	0.000008
43	753	0.000051
43	754	0.000243
43	755	0.000444
43	758	0.000039
43	759	0.011107
44	55	0.000018
44	58	0.000057
44	60	0.000013
44	61	0.002882
44	67	0.001072
44	487	0.000006
44	690	0.000005
44	736	0.000041
44	739	0.000018
44	748	0.000031
44	749	0.000175
44	750	0.000056
44	752	0.000042
44	753	0.000256
44	754	0.000509
44	755	0.000192
44	758	0.008576
44	759	0.000391
45	55	0.000013
45	58	0.000349
45	60	0.003511
45	61	0.000049
45	67	0.000261
45	487	0.000004
45	688	0.000001
45	690	0.000006
45	730	0.000003
45	736	0.000033
45	739	0.000010
45	748	0.000126
45	749	0.000047
45	750	0.000010
45	752	0.000165
45	753	0.000289
45	754	0.000177
45	755	0.000049
45	758	0.000324
45	759	0.000101
46	56	0.002616
46	57	0.000341
46	59	0.003591
46	68	0.215745
46	69	0.000001
46	72	0.000003
46	495	0.000142
46	609	0.000008
46	610	0.000011
46	687	0.000001
46	689	0.000006
46	691	0.000323
46	695	0.000002
46	720	0.000192
46	729	0.000003
46	760	0.007551
47	55	0.002635
47	58	0.003286
47	60	0.000297
47	61	0.000729
47	67	0.216262
47	74	0.000026
47	487	0.000004
47	688	0.000002
47	690	0.000068
47	707	0.000219
47	719	0.000193
47	732	0.004349
47	736	0.000805
47	739	0.000006
47	748	0.000005
47	749	0.000008
47	750	0.000067
47	752	0.000009
47	753	0.000020
47	754	0.000092
47	755	0.000373
47	758	0.000064
47	759	0.006694
48	52	0.000336
48	53	0.001413
48	55	0.000027
48	58	0.000012
48	60	0.000520
48	61	0.416472
48	62	0.077291
48	64	0.000581
48	65	0.000929
48	66	0.191629
48	67	0.000005
48	74	0.000001
48	75	0.000002
48	485	0.000034
48	488	0.000356
48	491	0.000018
48	492	0.000033
48	493	0.000048
48	494	0.000065
48	497	0.000001
48	694	0.000069
48	706	0.000242
48	718	0.000193
48	731	0.005113
48	733	0.000005
48	734	0.000090
48	735	0.000874
48	736	0.000007
48	739	0.000001
48	746	0.000047
48	748	0.000002
48	749	0.000064
48	750	0.000024
48	752	0.000004
48	753	0.000069
48	754	0.000322
48	755	0.000095
48	756	0.003781
48	758	0.001474
48	759	0.000043
48	761	0.001445
49	55	0.000055
49	58	0.002707
49	60	0.689115
49	61	0.039518
49	67	0.000001
49	74	0.000002
49	484	0.000014
49	487	0.000285
49	690	0.000002
49	705	0.000238
49	717	0.000190
49	730	0.005115
49	732	0.000004
49	736	0.000004
49	739	0.000002
49	748	0.000050
49	749	0.000020
49	750	0.000003
49	752	0.000048
49	753	0.000211
49	754	0.000092
49	755	0.003139
49	758	0.000044
49	759	0.000019
50	56	0.002485
50	57	0.002937
50	59	0.739312
50	68	0.001026
50	69	0.000004
50	71	0.000370
50	72	0.000088
50	495	0.000046
50	609	0.000003
50	610	0.000004
50	689	0.000002
50	691	0.000116
50	729	0.005115
50	760	0.002035
51	55	0.001656
51	58	0.737771
51	60	0.000416
51	61	0.000014
51	67	0.000945
51	487	0.000001
51	690	0.000033
51	704	0.000261
51	716	0.000189
51	728	0.004670
51	730	0.000001
51	736	0.000003
51	739	0.000001
51	748	0.000001
51	749	0.000001
51	750	0.000004
51	752	0.000006
51	753	0.000086
51	754	0.000046
51	755	0.000019
51	758	0.000012
51	759	0.001620
52	56	0.000623
52	57	0.730695
52	59	0.000433
52	68	0.000866
52	69	0.048323
52	495	0.000062
52	609	0.000001
52	610	0.000003
52	689	0.000017
52	691	0.000020
52	703	0.000271
52	715	0.000193
52	727	0.004400
52	729	0.000001
52	760	0.000252
53	57	0.000486
53	59	0.000168
53	68	0.175706
53	69	0.000023
53	495	0.000171
53	609	0.000002
53	691	0.000017
53	702	0.000271
53	714	0.000193
53	727	0.000089
53	760	0.000166
54	58	0.000116
54	60	0.000055
54	61	0.000035
54	67	0.173908
54	690	0.000003
54	701	0.000254
54	713	0.000182
54	736	0.000003
54	739	0.000003
54	748	0.000048
54	749	0.000003
54	750	0.000008
54	752	0.000130
54	753	0.000002
54	754	0.000001
54	755	0.000001
54	758	0.000698
54	759	0.000112
55	59	0.000050
55	63	0.000432
55	68	0.000061
55	489	0.000044
55	495	0.001310
55	496	0.000018
55	698	0.000002
55	726	0.003199
55	737	0.000019
55	738	0.000002
55	747	0.000055
55	751	0.000143
55	757	0.000837
55	760	0.000014
55	762	0.000035
55	763	0.000001
56	60	0.000001
56	61	0.000001
56	62	0.000489
56	64	0.000070
56	65	0.192164
56	66	0.008461
56	67	0.000142
56	488	0.000054
56	492	0.000572
56	493	0.000869
56	494	0.003501
56	699	0.000082
56	700	0.000078
56	712	0.000174
56	725	0.003715
56	734	0.000002
56	735	0.000171
56	736	0.000023
56	746	0.000055
56	748	0.000001
56	749	0.000655
56	750	0.000096
56	753	0.000002
56	756	0.000845
56	759	0.000041
56	761	0.000041
57	61	0.000206
57	62	0.000094
57	64	0.192698
57	65	0.008245
57	66	0.000167
57	487	0.000053
57	491	0.000579
57	492	0.000886
57	493	0.003494
57	494	0.000006
57	497	0.000012
57	694	0.000014
57	699	0.000089
57	709	0.000001
57	724	0.003707
57	725	0.000005
57	734	0.000170
57	735	0.000024
57	739	0.000001
57	746	0.000019
57	748	0.000936
57	749	0.000049
57	752	0.000002
57	754	0.000001
57	755	0.000436
57	756	0.000017
57	758	0.000060
57	761	0.000069
58	63	0.168825
58	68	0.000001
58	486	0.000052
58	489	0.000088
58	490	0.000503
58	495	0.000014
58	496	0.000015
58	693	0.000012
58	695	0.000281
58	696	0.000006
58	697	0.000001
58	698	0.000072
58	708	0.000001
58	710	0.000175
58	722	0.000003
58	723	0.003591
58	738	0.000001
58	740	0.000001
58	744	0.000002
58	745	0.000019
58	747	0.001014
58	751	0.000002
58	757	0.000061
58	760	0.000065
58	762	0.000035
59	64	0.004125
59	65	0.000074
59	66	0.000118
59	67	0.000004
59	485	0.000021
59	487	0.000005
59	488	0.000161
59	491	0.004280
59	492	0.000104
59	493	0.000006
59	494	0.000045
59	497	0.000043
59	694	0.033996
59	707	0.000001
59	709	0.000175
59	718	0.000001
59	724	0.000015
59	734	0.000002
59	739	0.000002
59	746	0.001025
59	752	0.000001
59	753	0.000002
59	756	0.000056
59	759	0.000005
59	761	0.000048
60	68	0.000019
60	70	0.000011
60	71	0.000001
60	486	0.000008
60	489	0.000002
60	490	0.004262
60	495	0.000004
60	496	0.000057
60	692	0.000002
60	693	0.034203
60	696	0.000009
60	697	0.000005
60	708	0.000151
60	720	0.000005
60	721	0.000031
60	722	0.002597
60	723	0.000035
60	738	0.000002
60	742	0.000001
60	744	0.000002
60	745	0.000999
60	751	0.000001
60	760	0.000042
60	763	0.000001
61	68	0.000074
61	69	0.000071
61	70	0.000019
61	482	0.000001
61	486	0.000016
61	489	0.003582
61	490	0.000017
61	495	0.000065
61	496	0.000610
61	691	0.000002
61	692	0.034719
61	693	0.000001
61	695	0.000007
61	696	0.000007
61	720	0.000030
61	721	0.003093
61	722	0.000113
61	737	0.000002
61	741	0.000002
61	742	0.000001
61	743	0.000004
61	744	0.000807
61	757	0.000002
61	762	0.000006
62	68	0.045867
62	69	0.000096
62	71	0.000002
62	72	0.000002
62	481	0.000001
62	495	0.001223
62	609	0.000004
62	610	0.000002
62	691	0.035005
62	695	0.000010
62	720	0.003177
62	721	0.000116
62	760	0.000298
63	67	0.030307
63	487	0.000175
63	690	0.010870
63	704	0.000012
63	705	0.000001
63	716	0.000268
63	717	0.000002
63	719	0.002410
63	736	0.000003
63	739	0.000002
63	749	0.000001
63	750	0.000002
63	752	0.000001
63	753	0.000002
63	754	0.000004
63	755	0.000004
63	758	0.000005
63	759	0.000260
64	68	0.003357
64	69	0.000019
64	71	0.000001
64	72	0.000037
64	495	0.000099
64	609	0.000003
64	610	0.000025
64	689	0.006267
64	691	0.000047
64	703	0.000013
64	715	0.000408
64	720	0.000017
64	721	0.000013
64	760	0.000277
65	69	0.000011
65	71	0.000037
65	72	0.000084
65	495	0.000220
65	609	0.000022
65	610	0.000023
65	680	0.000002
65	687	0.000006
65	689	0.000013
65	691	0.000088
65	695	0.000001
65	702	0.000013
65	703	0.000003
65	714	0.000404
65	715	0.000044
65	720	0.000013
65	721	0.000011
65	760	0.000050
66	71	0.000084
66	72	0.000002
66	495	0.000503
66	609	0.000024
66	610	0.000003
66	679	0.000002
66	687	0.000009
66	689	0.000002
66	691	0.000172
66	695	0.000002
66	697	0.000002
66	702	0.000003
66	711	0.000472
66	714	0.000043
66	715	0.000001
66	720	0.000011
66	727	0.000001
66	760	0.000075
67	71	0.000001
67	486	0.009583
67	489	0.021428
67	490	0.000064
67	495	0.000935
67	496	0.000009
67	612	0.000001
67	678	0.000002
67	684	0.000003
67	691	0.000008
67	692	0.000014
67	693	0.000007
67	695	0.000004
67	696	0.000002
67	710	0.000491
67	714	0.000001
67	726	0.000002
67	737	0.000037
67	738	0.000005
67	740	0.000010
67	741	0.000003
67	742	0.000003
67	743	0.000003
67	744	0.000003
67	745	0.000002
67	747	0.000298
67	751	0.000010
67	757	0.001771
67	760	0.000011
67	762	0.001990
67	763	0.000005
68	484	0.000002
68	485	0.006525
68	487	0.001920
68	488	0.024448
68	491	0.000175
68	492	0.000353
68	493	0.000410
68	494	0.001486
68	497	0.000004
68	611	0.000004
68	677	0.000002
68	683	0.000003
68	694	0.000321
68	699	0.000008
68	709	0.000491
68	712	0.000018
68	725	0.000002
68	733	0.000001
68	734	0.000066
68	735	0.000217
68	736	0.000040
68	739	0.000010
68	746	0.000387
68	749	0.000001
68	750	0.000011
68	752	0.000001
68	753	0.000003
68	754	0.000009
68	755	0.000008
68	756	0.002222
68	758	0.000006
68	759	0.000018
68	761	0.002433
69	483	0.000003
69	484	0.001244
69	485	0.894854
69	487	0.001262
69	488	0.000147
69	491	0.000253
69	492	0.000277
69	493	0.001049
69	494	0.000007
69	694	0.000001
69	733	0.000002
69	734	0.000091
69	735	0.000014
69	755	0.000037
69	756	0.000009
69	761	0.000002
70	484	0.949430
70	487	0.000119
70	732	0.000002
70	736	0.000201
70	754	0.000021
70	755	0.000007
70	759	0.000004
71	483	0.957240
71	484	0.000405
71	485	0.000210
71	487	0.000001
71	488	0.000002
71	491	0.000019
71	492	0.000184
71	493	0.000016
71	494	0.000026
71	731	0.000001
71	734	0.000001
71	735	0.000215
71	753	0.000003
71	754	0.000004
71	756	0.000005
71	758	0.000001
72	483	0.000597
72	484	0.000106
72	485	0.000268
72	488	0.000092
72	491	0.000180
72	492	0.000016
72	493	0.000026
72	733	0.000001
72	734	0.000214
72	753	0.000003
72	755	0.000004
72	756	0.000005
73	484	0.000289
73	487	0.000097
73	752	0.000003
73	754	0.000004
73	755	0.000004
74	479	0.000010
74	480	0.987373
74	481	0.000045
74	482	0.000038
74	486	0.000042
74	489	0.000004
74	490	0.000007
74	751	0.000002
75	478	0.000017
75	479	0.991691
75	480	0.000061
75	481	0.000034
75	482	0.000002
75	489	0.000005
76	478	0.998160
76	479	0.000020
76	480	0.000010
76	692	0.000001
77	477	0.999874
77	479	0.000007
77	691	0.000001
78	476	0.999916
79	475	0.999743
80	474	0.999939
81	473	0.999737
82	470	0.000001
82	472	0.998669
82	473	0.000001
83	471	0.999465
84	469	0.000010
84	470	0.999758
85	469	0.984329
86	463	0.000004
86	465	0.000053
86	466	0.204778
86	467	0.006085
86	468	0.733684
87	462	0.000008
87	463	0.000022
87	465	0.522812
87	466	0.007050
87	467	0.430397
87	468	0.000044
88	461	0.000002
88	464	0.722844
89	461	0.000003
89	464	0.046227
90	460	0.000002
90	467	0.000019
91	461	0.998508
91	464	0.000026
92	460	0.999984
93	459	0.999960
94	458	0.994419
95	458	0.000023
96	458	0.000003
97	454	0.000009
97	455	0.998664
98	454	0.999891
98	455	0.000001
99	453	0.999203
100	452	0.999972
101	451	0.999511
102	450	0.999976
103	449	0.999989
104	448	0.999928
105	109	0.000001
105	446	0.000014
105	447	0.982503
106	168	0.001501
107	113	0.000011
107	114	0.000002
107	167	0.001748
107	444	0.000073
107	445	0.000454
107	446	0.002653
108	112	0.000008
108	166	0.000893
108	168	0.000004
109	166	0.002660
109	168	0.000006
110	164	0.000102
110	165	0.003613
110	167	0.000006
110	444	0.000011
110	445	0.000628
110	446	0.992338
111	163	0.000102
111	164	0.003612
111	165	0.000007
111	167	0.000001
111	444	0.000621
111	445	0.995344
111	446	0.000033
112	162	0.000006
112	163	0.003512
112	164	0.000006
112	444	0.993917
112	445	0.000028
113	442	0.000049
113	443	0.995755
114	221	0.000029
114	224	0.000002
114	442	0.986825
114	443	0.000047
115	166	0.000147
115	168	0.000004
115	214	0.000004
115	220	0.000030
115	226	0.000008
115	227	0.000001
115	439	0.000013
116	161	0.000013
116	162	0.992917
116	163	0.001654
116	164	0.000035
116	165	0.000095
116	167	0.000001
116	438	0.000007
116	440	0.000014
117	161	0.998955
117	162	0.000871
117	163	0.000027
117	164	0.000072
118	160	0.999429
119	159	0.999977
120	158	0.999979
121	156	0.000001
121	157	0.999033
122	156	0.999289
122	157	0.000001
123	155	0.999964
124	154	0.999511
125	153	0.999977
126	152	0.999984
127	150	0.000001
127	151	0.998859
128	150	0.998775
129	149	0.998652
130	148	0.911101
131	146	0.000002
131	147	0.649753
131	148	0.085284
132	146	0.387791
132	147	0.350045
133	139	0.000003
133	143	0.006217
133	146	0.611800
134	138	0.000003
134	140	0.000002
134	142	0.006271
134	145	0.866866
135	139	0.000002
135	143	0.007765
135	147	0.000026
136	143	0.976668
136	146	0.000034
137	142	0.986965
137	145	0.000042
138	143	0.000033
160	216	0.000002
161	214	0.000003
161	224	0.000003
162	170	0.000005
162	213	0.000088
162	214	0.001092
162	220	0.000001
162	221	0.000035
162	224	0.000018
162	230	0.000005
162	439	0.000002
163	168	0.000127
163	169	0.000038
163	170	0.000790
163	172	0.000002
163	176	0.000001
163	177	0.000058
163	178	0.000004
163	212	0.000191
163	213	0.041864
163	214	0.564986
163	220	0.000092
163	221	0.002566
163	224	0.000516
163	226	0.000040
163	227	0.000040
163	228	0.004595
163	230	0.000005
163	437	0.000012
163	439	0.000003
163	442	0.000001
163	443	0.000008
164	168	0.000029
164	169	0.000807
164	170	0.000100
164	175	0.000002
164	176	0.000074
164	177	0.000005
164	212	0.041637
164	213	0.650991
164	214	0.112140
164	220	0.002112
164	221	0.028648
164	224	0.000159
164	226	0.000086
164	227	0.012164
164	228	0.000011
164	230	0.000001
164	436	0.000009
164	437	0.000310
164	442	0.000008
164	443	0.000009
165	169	0.000100
165	170	0.000003
165	175	0.000088
165	176	0.000006
165	212	0.647804
165	213	0.129359
165	214	0.001585
165	220	0.028882
165	221	0.000093
165	224	0.000996
165	226	0.035470
165	227	0.000013
165	230	0.000004
165	436	0.000310
165	442	0.000010
166	174	0.000087
166	210	0.000729
166	211	0.070982
166	215	0.000264
166	216	0.000199
166	217	0.000152
166	218	0.000121
166	219	0.028786
166	222	0.000059
166	223	0.000960
166	225	0.037607
166	229	0.000004
166	435	0.000308
166	441	0.000008
167	175	0.000213
167	209	0.000775
167	212	0.151191
167	213	0.045588
167	214	0.000227
167	220	0.000082
167	221	0.000110
167	224	0.038264
167	226	0.000007
167	228	0.000003
167	433	0.000004
167	434	0.000288
168	174	0.000216
168	207	0.000060
168	208	0.000682
168	210	0.000016
168	211	0.003882
168	215	0.000170
168	216	0.000490
168	217	0.021026
168	218	0.000077
168	219	0.000111
168	222	0.000093
168	223	0.037562
168	225	0.000008
168	432	0.000049
168	446	0.000001
169	173	0.000214
169	206	0.000111
169	210	0.002278
169	211	0.905602
169	215	0.000223
169	218	0.000040
169	222	0.014975
169	431	0.000041
169	445	0.000003
170	206	0.000270
170	210	0.994181
170	211	0.000044
170	215	0.000007
170	218	0.000005
170	222	0.000014
170	444	0.000003
171	175	0.000005
171	209	0.997218
171	212	0.000044
171	213	0.000002
171	214	0.000003
171	220	0.000055
171	221	0.000023
171	224	0.000005
171	226	0.000006
171	230	0.000001
171	443	0.000003
172	204	0.000003
172	205	0.000097
172	206	0.000084
172	207	0.000567
172	208	0.986692
172	210	0.000024
172	211	0.000042
172	219	0.000057
172	222	0.000002
172	223	0.000004
172	225	0.000006
172	229	0.000001
173	209	0.000032
173	212	0.000002
173	221	0.000016
173	224	0.000006
173	228	0.000001
174	220	0.000014
174	227	0.000001
175	204	0.002946
175	206	0.241255
175	210	0.000002
175	211	0.000002
175	215	0.000003
175	218	0.000004
176	203	0.002220
176	204	0.994667
176	206	0.000006
177	202	0.001484
177	203	0.997678
177	204	0.000019
178	201	0.000748
178	202	0.998487
178	203	0.000013
179	199	0.000001
179	201	0.999221
179	202	0.000007
180	200	0.999463
181	198	0.000001
181	199	0.998119
182	198	0.998841
183	197	0.999964
184	196	0.999509
185	193	0.000002
185	195	0.999972
186	192	0.000006
186	194	0.999917
187	191	0.000024
187	193	0.991644
187	195	0.000007
188	192	0.980165
188	194	0.000008
189	193	0.000009
202	213	0.000002
202	214	0.000001
203	209	0.000001
203	212	0.000002
203	213	0.000007
203	224	0.000037
204	212	0.000007
204	221	0.000002
205	214	0.000177
205	220	0.000002
205	226	0.000005
206	212	0.000005
206	213	0.000187
206	221	0.000297
206	224	0.000014
207	214	0.000001
207	220	0.000290
207	226	0.000001
208	226	0.000001
208	439	0.000003
209	215	0.000012
209	218	0.000320
209	222	0.000384
209	438	0.000004
209	444	0.000002
210	214	0.000005
210	221	0.000494
210	224	0.000019
210	226	0.000001
210	437	0.000004
210	443	0.000002
211	220	0.000461
211	221	0.000079
211	224	0.000036
211	232	0.000004
211	436	0.000003
211	442	0.000002
212	218	0.000658
212	222	0.000168
212	231	0.000011
212	445	0.000036
212	446	0.002024
213	218	0.001462
213	222	0.002818
213	231	0.000004
213	428	0.000001
213	431	0.000002
213	444	0.000036
213	445	0.002043
213	446	0.000003
214	218	0.000098
214	219	0.001299
214	222	0.053786
214	223	0.001330
214	225	0.020695
214	229	0.001957
214	427	0.000001
214	430	0.000001
214	435	0.000003
214	444	0.002024
214	445	0.000003
215	220	0.000249
215	221	0.199090
215	224	0.045364
215	226	0.000064
215	227	0.000463
215	228	0.009063
215	230	0.000008
215	239	0.000001
215	434	0.000005
215	437	0.000002
215	442	0.000029
215	443	0.001945
216	220	0.150980
216	226	0.000934
216	227	0.011377
216	238	0.000002
216	433	0.000004
217	226	0.014900
217	227	0.000112
218	224	0.019172
218	226	0.000240
218	227	0.004605
218	228	0.000721
218	230	0.000003
218	236	0.000833
218	434	0.000008
218	442	0.000125
218	443	0.000001
219	226	0.008176
219	227	0.000935
219	235	0.000835
219	433	0.000008
220	225	0.007096
220	234	0.000835
220	432	0.000008
220	441	0.000016
220	445	0.000108
220	446	0.000009
220	447	0.000011
221	231	0.000001
221	233	0.000833
221	431	0.000008
221	438	0.000006
221	440	0.000016
221	444	0.000245
221	445	0.000025
221	446	0.000048
222	226	0.000287
222	227	0.000152
222	228	0.000201
222	230	0.000006
222	232	0.000311
222	236	0.000006
222	437	0.000006
222	439	0.000007
222	442	0.000090
222	443	0.000246
223	227	0.000205
223	232	0.000487
223	235	0.000006
223	439	0.000003
224	231	0.000744
224	233	0.000007
224	428	0.000001
224	438	0.000004
224	440	0.000072
224	444	0.000224
224	445	0.000058
224	446	0.000013
225	232	0.000008
225	439	0.000069
226	231	0.000007
226	438	0.000060
226	440	0.000001
226	441	0.001486
226	444	0.000003
227	438	0.000002
227	440	0.000059
227	441	0.827674
228	233	0.000001
228	438	0.000007
228	440	0.983177
229	439	0.991354
230	438	0.991894
230	440	0.000034
231	436	0.499951
231	437	0.498004
231	439	0.000002
232	435	0.993552
233	434	0.999054
233	436	0.000016
234	433	0.998543
235	429	0.000186
235	430	0.000002
235	431	0.000009
235	432	0.998005
236	428	0.000239
236	431	0.995993
237	409	0.573052
237	410	0.000251
238	407	0.000004
238	408	0.925847
238	427	0.000018
238	428	0.000065
238	429	0.002964
238	430	0.000542
239	406	0.000008
239	407	0.997590
239	428	0.001801
240	405	0.000007
240	406	0.998979
240	407	0.000982
241	404	0.000006
241	405	0.998982
241	406	0.000991
241	407	0.000003
242	404	0.998942
242	405	0.000995
242	406	0.000003
243	402	0.000014
243	403	0.990423
243	404	0.000948
243	405	0.000003
245	402	0.898375
246	399	0.000014
246	401	0.898376
247	399	0.991401
248	398	0.999931
248	399	0.000020
249	397	0.999976
249	398	0.000014
250	396	0.999984
250	397	0.000007
251	395	0.999991
252	394	0.999977
253	393	0.999484
254	392	0.999545
255	385	0.000001
255	390	0.000016
255	391	0.139503
256	390	0.126732
256	391	0.860113
257	381	0.000002
257	390	0.870981
257	391	0.000005
258	380	0.000001
258	383	0.003693
258	384	0.115881
258	386	0.003915
258	387	0.015209
258	388	0.003286
258	389	0.840129
259	383	0.256803
259	384	0.001320
259	386	0.021439
259	387	0.005103
259	388	0.668693
259	389	0.000330
260	381	0.996116
261	380	0.999846
261	383	0.000003
261	384	0.000002
261	386	0.000065
262	379	0.999481
262	384	0.000002
263	378	0.999479
263	382	0.000003
264	377	0.999893
264	381	0.000003
265	376	0.987407
266	374	0.146818
266	376	0.000045
266	380	0.000007
267	376	0.000040
267	379	0.000006
268	371	0.925032
268	372	0.010413
268	373	0.005395
268	375	0.000051
268	378	0.000002
269	369	0.000109
269	370	0.999503
269	374	0.000014
270	368	0.000118
270	369	0.999800
270	370	0.000069
271	367	0.000125
271	368	0.999797
271	369	0.000064
272	367	0.999594
272	368	0.000058
273	363	0.000002
273	365	0.998903
274	362	0.000001
274	364	0.996494
275	364	0.000172
276	362	0.995678
276	364	0.000003
277	358	0.000002
277	360	0.000001
277	361	0.998089
277	363	0.000003
278	357	0.000003
278	360	0.998404
278	361	0.000234
278	363	0.000008
279	356	0.000002
279	359	0.976085
279	362	0.000007
280	355	0.000002
281	356	0.001274
281	359	0.011297
282	355	0.001003
283	355	0.000009
284	355	0.000012
284	356	0.997809
285	352	0.000045
285	355	0.998338
286	351	0.000032
286	353	0.000004
286	354	0.999216
287	350	0.000009
287	351	0.000003
287	353	0.998334
288	351	0.000597
288	353	0.000011
289	350	0.000024
289	351	0.725312
290	350	0.999294
290	351	0.000082
291	348	0.000001
291	349	0.998791
292	348	0.998873
292	349	0.000001
293	347	0.999974
294	346	0.999978
295	345	0.999571
296	344	0.999736
296	347	0.000002
297	302	0.000001
297	341	0.000020
297	344	0.000063
297	346	0.000002
298	340	0.000020
298	342	0.990608
298	343	0.000065
298	345	0.000003
299	339	0.000020
299	341	0.999459
299	344	0.000005
300	340	0.997871
300	343	0.000005
301	339	0.974904
302	306	0.000001
302	342	0.000002
302	343	0.000132
303	342	0.000131
303	343	0.000111
304	342	0.000111
304	343	0.000046
305	342	0.000046
306	338	0.997957
306	339	0.000016
306	341	0.000027
307	337	0.999448
307	340	0.000015
308	336	0.999974
308	339	0.000002
309	335	0.999958
309	338	0.000001
310	334	0.983005
312	331	0.000001
312	332	0.994313
312	333	0.000931
313	331	0.999385
314	330	0.999490
315	329	0.999963
316	328	0.999575
317	326	0.000011
317	327	0.999915
318	326	0.998639
318	327	0.000036
318	329	0.000002
319	328	0.000005
320	326	0.000214
320	327	0.000008
321	325	0.000664
321	326	0.000010
381	386	0.000159
381	387	0.000006
381	388	0.000021
381	389	0.000068
382	387	0.000208
382	388	0.000133
383	390	0.000010
383	391	0.000001
384	390	0.000001
386	390	0.000005
386	391	0.000002
409	426	0.000151
409	427	0.309549
409	428	0.000362
409	429	0.000262
409	430	0.000105
410	426	0.898485
410	427	0.001419
410	428	0.000186
410	429	0.000073
410	430	0.000025
411	425	0.999765
412	424	0.999988
413	420	0.000001
413	423	0.999954
414	419	0.000006
414	422	0.999711
415	420	0.000569
415	421	0.990258
416	422	0.000017
417	421	0.000023
427	433	0.000002
428	434	0.000060
428	436	0.000002
428	437	0.000013
429	433	0.000045
430	439	0.000002
431	436	0.000003
431	437	0.000010
432	439	0.000004
433	438	0.000004
433	441	0.000157
433	447	0.000004
434	440	0.000188
434	446	0.000016
435	439	0.000124
436	440	0.000001
436	445	0.000087
436	446	0.000003
437	444	0.000100
437	445	0.000003
437	446	0.000002
438	443	0.000094
442	446	0.000002
477	485	0.000037
477	488	0.000006
478	484	0.000041
478	487	0.000007
479	483	0.000045
479	484	0.000002
479	485	0.000348
479	488	0.002808
479	491	0.000006
479	492	0.000011
479	493	0.000010
479	494	0.000020
479	733	0.000251
479	756	0.000008
480	484	0.000266
480	487	0.002756
480	700	0.000003
480	732	0.000256
480	736	0.000003
480	755	0.000008
481	485	0.000235
481	487	0.000008
481	488	0.007320
481	491	0.000076
481	492	0.000130
481	493	0.000106
481	494	0.000159
481	497	0.000004
481	694	0.000016
481	699	0.000005
481	731	0.000262
481	734	0.000001
481	735	0.000004
481	754	0.000007
481	756	0.000011
481	761	0.000001
482	487	0.005766
482	730	0.000261
482	753	0.000005
482	755	0.000009
483	495	0.000098
483	691	0.000007
483	697	0.000014
483	729	0.000259
484	489	0.000033
484	490	0.000023
484	495	0.000006
484	496	0.002209
484	692	0.000263
484	696	0.000014
485	495	0.003090
485	498	0.000002
485	691	0.000326
485	695	0.000014
485	727	0.000003
485	760	0.000008
486	690	0.000056
486	704	0.000003
486	736	0.000003
486	739	0.000005
486	748	0.000002
486	752	0.000003
486	753	0.000002
486	754	0.000003
486	755	0.000003
486	758	0.000014
486	759	0.000010
487	495	0.000131
487	496	0.269606
487	610	0.000001
487	689	0.000004
487	691	0.000002
487	692	0.003510
487	693	0.000011
487	696	0.000006
487	698	0.000002
487	703	0.000003
487	738	0.000005
487	747	0.000002
487	751	0.000003
487	757	0.000013
487	760	0.000001
487	762	0.000037
487	763	0.000002
488	495	0.322307
488	609	0.000005
488	610	0.000004
488	617	0.000002
488	691	0.004010
488	695	0.000009
488	697	0.000002
488	702	0.000004
488	720	0.000002
488	721	0.000001
488	760	0.000518
489	616	0.000002
489	690	0.000841
489	701	0.000004
489	705	0.000002
489	717	0.000002
489	719	0.000002
489	736	0.000003
489	749	0.000002
489	750	0.000003
489	753	0.000003
489	754	0.000006
489	755	0.000012
489	758	0.000002
489	759	0.000503
490	615	0.000002
490	690	0.000005
490	700	0.000003
490	704	0.000003
490	716	0.000003
490	736	0.000002
490	748	0.000002
490	749	0.000003
490	752	0.000002
490	753	0.000004
490	754	0.000011
490	755	0.000002
490	758	0.000353
490	759	0.000004
491	495	0.002598
491	498	0.000002
491	609	0.000010
491	610	0.000167
491	689	0.000005
491	691	0.000070
491	703	0.000003
491	715	0.000003
491	721	0.000005
491	760	0.000038
492	498	0.000001
492	609	0.000152
492	610	0.000167
492	691	0.000134
492	695	0.000002
492	697	0.000007
492	702	0.000003
492	714	0.000003
492	720	0.000005
492	721	0.000010
492	760	0.000014
493	498	0.000001
493	609	0.000168
493	610	0.000380
493	691	0.000135
493	695	0.000002
493	697	0.000007
493	703	0.000002
493	720	0.000010
493	721	0.000087
493	760	0.000019
494	609	0.000397
494	610	0.000121
494	691	0.000457
494	695	0.000093
494	702	0.000002
494	720	0.000088
494	760	0.000493
495	608	0.000075
495	611	0.001458
495	690	0.000036
495	694	0.000313
495	701	0.000002
495	709	0.000001
495	719	0.000058
495	731	0.000008
495	733	0.000008
495	734	0.000069
495	735	0.000109
495	736	0.000003
495	746	0.000023
495	749	0.000005
495	750	0.000008
495	753	0.000009
495	754	0.000017
495	755	0.000029
495	756	0.001531
495	758	0.000002
495	759	0.000478
495	761	0.000185
496	690	0.000001
496	700	0.000001
496	730	0.000008
496	732	0.000006
496	736	0.000004
496	739	0.000001
496	748	0.000004
496	749	0.000007
496	750	0.000001
496	752	0.000008
496	753	0.000013
496	754	0.000030
496	755	0.001303
496	758	0.000391
496	759	0.000010
497	609	0.981550
497	610	0.000070
497	691	0.000006
497	729	0.000006
497	760	0.000004
498	608	0.999827
499	607	0.999989
500	606	0.999980
501	605	0.999511
502	604	0.999981
503	603	0.999991
504	602	0.999977
505	601	0.999511
506	600	0.999980
507	599	0.999980
508	598	0.999698
509	596	0.000004
509	597	0.999957
510	595	0.000004
510	596	0.998153
511	519	0.000001
511	595	0.998833
512	518	0.000002
512	594	0.999802
513	518	0.000007
513	593	0.999648
514	520	0.000007
514	521	0.000012
514	524	0.000001
514	592	0.989757
515	528	0.000013
515	588	0.000009
515	590	0.000544
515	591	0.986063
515	593	0.000002
516	520	0.000584
516	521	0.004060
516	523	0.001424
516	524	0.005475
516	527	0.028467
516	535	0.000036
516	587	0.000025
516	592	0.000006
517	522	0.001518
517	525	0.135513
517	526	0.025742
517	528	0.000002
517	534	0.000035
517	588	0.001354
517	589	0.640870
517	590	0.001356
517	591	0.000004
517	594	0.000001
518	523	0.000176
518	524	0.238597
518	527	0.000987
518	586	0.000003
518	587	0.003060
518	592	0.000055
519	523	0.180804
519	532	0.000036
519	592	0.008248
520	528	0.000002
520	529	0.000012
520	531	0.000036
520	588	0.000402
520	590	0.000403
520	591	0.010643
520	594	0.000180
521	528	0.000021
521	530	0.000036
521	588	0.000233
521	590	0.011990
521	591	0.000026
521	593	0.000268
522	592	0.000538
523	588	0.000103
523	589	0.009492
523	590	0.000632
523	591	0.000636
524	588	0.009616
524	590	0.003629
524	591	0.001095
526	592	0.000002
527	588	0.926216
527	590	0.000157
527	591	0.000001
528	584	0.000006
528	585	0.000262
528	586	0.039928
528	587	0.959394
529	583	0.000006
529	584	0.000264
529	585	0.042098
529	586	0.957512
529	587	0.000056
530	582	0.000006
530	583	0.000265
530	584	0.044146
530	585	0.955471
530	586	0.000059
531	581	0.000006
531	582	0.000261
531	583	0.046174
531	584	0.951635
531	585	0.000060
533	580	0.000057
533	581	0.000682
533	582	0.859366
533	583	0.113235
533	584	0.000005
534	579	0.000024
534	580	0.000690
534	581	0.849097
536	579	0.006450
536	580	0.891909
536	581	0.000132
537	578	0.003441
537	579	0.985353
537	580	0.000229
537	581	0.000001
537	582	0.000001
538	578	0.996510
538	579	0.000005
539	576	0.000122
539	577	0.999828
540	574	0.000002
540	576	0.997705
540	577	0.000015
541	573	0.000002
541	575	0.995754
542	572	0.000002
542	573	0.000090
542	575	0.002287
544	572	0.000120
544	573	0.998001
545	569	0.000001
545	572	0.999863
546	571	0.999978
547	567	0.000177
547	568	0.000003
547	570	0.999304
548	566	0.000358
548	569	0.999243
549	567	0.045719
549	568	0.837798
550	565	0.948114
550	566	0.045997
551	564	0.999344
552	563	0.999469
552	565	0.000170
552	566	0.000010
553	562	0.999202
554	560	0.000010
554	561	0.998757
554	563	0.000467
555	559	0.000509
555	560	0.873523
555	562	0.000477
556	560	0.000117
556	561	0.000489
557	561	0.000002
580	590	0.000005
581	589	0.000011
582	588	0.000011
583	588	0.000001
583	590	0.000001
586	590	0.000002
608	691	0.000011
609	619	0.000045
609	690	0.000039
609	694	0.000264
609	735	0.000006
609	756	0.000002
610	618	0.000052
610	688	0.000028
610	690	0.924947
610	694	0.000368
610	734	0.000006
610	761	0.000017
611	617	0.000053
611	687	0.000029
611	689	0.992348
611	691	0.000293
611	760	0.000015
612	616	0.000035
612	686	0.000026
612	688	0.998495
612	690	0.000281
612	759	0.000004
613	687	0.999564
613	689	0.000271
614	686	0.998770
614	688	0.000254
615	684	0.000017
615	685	0.997284
615	687	0.000214
616	681	0.000085
616	684	0.993311
616	685	0.000003
617	682	0.004080
617	683	0.967702
618	679	0.000008
618	680	0.986932
619	679	0.997086
619	680	0.001962
620	678	0.994100
620	679	0.001870
620	680	0.000036
620	681	0.000005
621	677	0.935512
621	682	0.000001
622	675	0.000973
622	678	0.000298
622	679	0.000018
622	681	0.000001
623	674	0.000083
623	676	0.718342
623	677	0.000331
624	677	0.000049
625	674	0.996803
625	676	0.000067
626	673	0.999908
626	675	0.000062
627	672	0.999421
627	673	0.000001
627	675	0.000003
628	670	0.000002
628	671	0.999333
628	674	0.000049
629	669	0.000004
629	673	0.000049
630	668	0.000002
630	670	0.999774
630	671	0.000002
631	667	0.000002
631	669	0.999975
632	668	0.999582
633	667	0.999953
634	666	0.999508
635	664	0.000002
635	665	0.999963
636	664	0.996561
636	665	0.000003
638	661	0.000002
638	662	0.972159
638	664	0.000003
640	661	0.999345
640	662	0.000094
641	660	0.999956
642	659	0.999957
643	658	0.999990
644	657	0.999985
645	656	0.999500
646	655	0.999191
647	653	0.000037
647	654	0.999889
648	653	0.990948
648	654	0.000013
676	721	0.000044
677	708	0.000001
677	720	0.000045
678	707	0.000002
678	719	0.000046
679	706	0.000002
679	718	0.000046
680	705	0.000002
680	717	0.000046
681	704	0.000002
681	716	0.000046
682	692	0.000001
682	703	0.000002
682	715	0.000046
683	691	0.000001
683	702	0.000002
683	714	0.000046
684	690	0.000001
684	701	0.000002
684	713	0.000043
685	700	0.000002
686	710	0.000042
687	694	0.000003
687	699	0.000002
687	709	0.000042
688	693	0.000004
688	698	0.000002
688	708	0.000042
688	710	0.000009
688	740	0.000002
689	694	0.000023
689	707	0.000039
689	709	0.000023
689	739	0.000005
689	758	0.000025
690	696	0.000003
690	708	0.000026
690	737	0.000029
690	738	0.000023
690	740	0.000004
690	751	0.000001
690	757	0.000257
690	762	0.000003
691	699	0.000008
691	701	0.000001
691	706	0.006489
691	707	0.000001
691	718	0.003453
691	731	0.000001
691	733	0.000249
691	734	0.000451
691	735	0.003360
691	736	0.000174
691	739	0.000014
691	746	0.000004
691	750	0.000008
691	753	0.000001
691	754	0.000006
691	755	0.000011
691	756	0.001491
691	759	0.000004
691	761	0.000013
692	700	0.000002
692	701	0.000002
692	705	0.006512
692	717	0.003465
692	732	0.000211
692	736	0.001726
692	739	0.000009
692	749	0.000008
692	750	0.000001
692	752	0.000001
692	753	0.000006
692	754	0.000014
692	755	0.001449
692	758	0.000004
692	759	0.000004
693	700	0.000003
693	704	0.006515
693	716	0.003468
693	730	0.000002
693	732	0.000028
693	736	0.000362
693	739	0.000003
693	748	0.000007
693	749	0.000001
693	752	0.000003
693	753	0.000008
693	754	0.001053
693	755	0.000001
693	758	0.000003
694	702	0.000018
694	703	0.006508
694	715	0.003470
694	721	0.000007
694	729	0.000002
694	760	0.000009
695	699	0.000006
695	700	0.000002
695	701	0.000029
695	706	0.000008
695	709	0.000005
695	728	0.000001
695	731	0.004058
695	732	0.000009
695	733	0.977613
695	734	0.000319
695	735	0.000024
696	700	0.000023
696	701	0.001781
696	705	0.000008
696	707	0.000021
696	713	0.003445
696	719	0.000010
696	730	0.004055
696	732	0.982923
697	701	0.000002
697	704	0.000005
697	705	0.000001
697	706	0.000022
697	712	0.003458
697	717	0.000001
697	718	0.000011
697	731	0.984231
698	704	0.000003
698	705	0.000018
698	716	0.000003
698	717	0.000009
698	728	0.004198
698	730	0.983904
699	703	0.000004
699	711	0.002644
699	715	0.000004
699	727	0.004288
699	729	0.982911
700	710	0.001379
700	711	0.000516
700	714	0.000003
700	715	0.000007
700	726	0.002183
700	727	0.838562
700	729	0.000007
701	708	0.000042
701	710	0.002263
701	714	0.000009
701	726	0.980586
701	727	0.000571
702	706	0.000005
702	707	0.000037
702	709	0.003573
702	713	0.000012
702	725	0.989001
703	707	0.000002
703	709	0.000059
703	712	0.000013
703	724	0.989038
704	708	0.000050
704	711	0.000013
704	722	0.000047
704	723	0.988008
705	710	0.000008
705	721	0.000092
705	722	0.987439
705	723	0.000007
706	714	0.000001
706	715	0.000013
706	720	0.000180
706	721	0.985088
707	711	0.000001
707	714	0.000032
707	715	0.000007
707	720	0.789744
707	721	0.000156
707	722	0.000028
707	729	0.000001
708	713	0.000064
708	716	0.059005
708	717	0.000989
708	719	0.626043
708	730	0.001002
708	732	0.000003
709	714	0.014244
709	715	0.078530
709	720	0.187933
709	721	0.000003
709	729	0.001168
710	716	0.012876
710	717	0.271249
710	719	0.228412
710	728	0.000771
710	730	0.000004
710	732	0.000001
711	716	0.152239
711	717	0.003000
711	718	0.239958
711	719	0.000147
711	728	0.004271
711	731	0.000001
712	720	0.000149
712	721	0.000005
712	727	0.006359
713	720	0.000013
713	726	0.006664
714	718	0.000887
714	719	0.000069
714	725	0.006731
715	719	0.000013
715	724	0.006731
716	722	0.000011
716	723	0.006549
717	721	0.000018
717	722	0.004955
717	723	0.000002
718	727	0.000001
719	726	0.000045
720	725	0.000054
721	725	0.000002
725	760	0.000007
726	759	0.000007
727	748	0.000001
727	758	0.000007
728	747	0.000001
728	757	0.000007
728	762	0.000006
729	746	0.000002
729	756	0.000007
729	761	0.000013
730	745	0.000002
730	760	0.000012
732	757	0.000002
733	760	0.000007
734	760	0.000026
735	760	0.000128
736	740	0.000030
736	741	0.000104
736	742	0.000083
736	743	0.000131
736	744	0.000048
736	745	0.000066
736	747	0.000011
736	751	0.001609
736	757	0.000137
736	760	0.010041
736	762	0.000022
736	763	0.000004
737	748	0.000022
737	749	0.001289
737	750	0.002253
737	752	0.000207
737	753	0.351770
737	754	0.001989
737	755	0.000673
737	758	0.000201
737	759	0.026589
738	748	0.001681
738	749	0.002235
738	750	0.000198
738	752	0.465742
738	753	0.001647
738	754	0.000605
738	755	0.000159
738	758	0.029786
738	759	0.000443
739	743	0.000058
739	744	0.000213
739	745	0.000133
739	747	0.001651
739	751	0.483428
739	757	0.028109
739	760	0.001315
739	762	0.000024
739	763	0.000007
740	748	0.000072
740	749	0.001140
740	750	0.483428
740	752	0.000161
740	753	0.000405
740	754	0.001083
740	755	0.019174
740	758	0.000067
740	759	0.001644
741	748	0.001398
741	749	0.472296
741	750	0.007548
741	752	0.000464
741	753	0.001388
741	754	0.022250
741	755	0.020320
741	758	0.001415
741	759	0.000246
742	748	0.394698
742	749	0.009372
742	750	0.002901
742	752	0.001241
742	753	0.022726
742	754	0.023075
742	755	0.014663
742	758	0.000210
742	759	0.000189
743	748	0.007674
743	749	0.003308
743	750	0.002131
743	752	0.021497
743	753	0.022788
743	754	0.018056
743	755	0.001386
743	758	0.000166
743	759	0.000188
744	748	0.002100
744	749	0.001935
744	750	0.001452
744	752	0.019559
744	753	0.018719
744	754	0.001630
744	755	0.000859
744	758	0.000168
744	759	0.000154
745	749	0.000978
745	750	0.001217
745	752	0.013840
745	753	0.001419
745	754	0.000937
745	755	0.000064
745	758	0.000134
745	759	0.000034
746	760	0.012459
747	752	0.000147
747	753	0.000464
747	754	0.000645
747	755	0.000243
747	758	0.000612
747	759	0.011974
748	757	0.000811
748	760	0.000048
748	762	0.000081
748	763	0.000087
749	757	0.000791
749	760	0.000090
749	762	0.000136
749	763	0.000061
750	757	0.000319
750	760	0.001338
750	762	0.000099
750	763	0.000012
751	755	0.000121
751	758	0.000536
751	759	0.001590
752	757	0.000517
752	760	0.000149
752	762	0.000046
752	763	0.000229
753	757	0.000108
753	760	0.000496
753	762	0.000408
753	763	0.000143
754	760	0.000504
754	762	0.000292
754	763	0.000510
755	760	0.000150
755	762	0.000782
755	763	0.000041
756	760	0.000446
758	762	0.000101
758	763	0.000101
759	763	0.000038
