1	7	0.000062
1	8	0.000054
1	9	0.000012
1	12	0.000001
1	15	0.000007
1	41	0.388126
1	55	0.000002
1	61	0.000002
1	67	0.008321
1	75	0.000005
1	76	0.000003
1	112	0.000006
1	733	0.000001
1	734	0.000011
1	736	0.000045
1	740	0.000002
1	742	0.000005
1	743	0.000025
1	745	0.000050
1	748	0.000006
1	755	0.000421
1	757	0.000043
1	759	0.000005
1	761	0.000026
1	764	0.018111
1	769	0.000019
1	775	0.005347
1	777	0.000018
1	778	0.000037
1	779	0.000066
1	796	0.000261
1	821	0.000143
2	7	0.000184
2	8	0.000039
2	9	0.000007
2	11	0.000002
2	12	0.000001
2	14	0.000009
2	15	0.000003
2	30	0.000009
2	39	0.000313
2	40	0.513809
2	41	0.003057
2	42	0.009206
2	46	0.003595
2	50	0.000014
2	52	0.000006
2	53	0.000607
2	60	0.000003
2	61	0.000001
2	62	0.013073
2	64	0.000030
2	65	0.000929
2	66	0.009828
2	67	0.000029
2	74	0.000007
2	75	0.000007
2	111	0.000011
2	724	0.000001
2	732	0.000002
2	733	0.000022
2	735	0.000051
2	736	0.000021
2	739	0.000003
2	740	0.000002
2	741	0.000007
2	742	0.000050
2	744	0.000057
2	745	0.000037
2	747	0.000006
2	748	0.000001
2	750	0.000005
2	751	0.001510
2	753	0.000003
2	754	0.000557
2	755	0.000010
2	756	0.000048
2	757	0.000054
2	759	0.000002
2	761	0.001927
2	763	0.023721
2	764	0.019819
2	765	0.006435
2	769	0.000016
2	770	0.001819
2	774	0.005941
2	775	0.002663
2	777	0.000034
2	778	0.000092
2	779	0.000288
2	780	0.013690
2	783	0.001509
2	795	0.000293
2	796	0.000025
2	814	0.000001
2	819	0.000002
2	820	0.000122
2	821	0.061633
2	822	0.000955
3	7	0.000037
3	8	0.000029
3	9	0.000013
3	11	0.000001
3	13	0.000009
3	14	0.000004
3	29	0.000009
3	39	0.513945
3	40	0.003776
3	41	0.007442
3	42	0.086209
3	46	0.000250
3	50	0.000004
3	52	0.000602
3	53	0.000004
3	61	0.013365
3	62	0.000079
3	64	0.000932
3	65	0.009754
3	66	0.000037
3	74	0.000007
3	110	0.000011
3	723	0.000001
3	732	0.000023
3	734	0.000048
3	735	0.000022
3	739	0.000003
3	740	0.000004
3	741	0.000054
3	743	0.000052
3	744	0.000040
3	747	0.000002
3	750	0.001516
3	751	0.000007
3	753	0.000553
3	754	0.000015
3	755	0.000025
3	756	0.000065
3	757	0.000001
3	759	0.000011
3	761	0.000074
3	763	0.024532
3	764	0.002612
3	765	0.003748
3	769	0.000658
3	770	0.004353
3	774	0.002816
3	775	0.000040
3	777	0.000040
3	778	0.000395
3	779	0.012363
3	780	0.006536
3	783	0.000620
3	794	0.000285
3	795	0.000027
3	813	0.000001
3	819	0.000037
3	820	0.070062
3	821	0.000025
3	822	0.000042
4	8	0.000022
4	9	0.000010
4	12	0.000008
4	13	0.000004
4	28	0.000009
4	41	0.082618
4	58	0.000013
4	60	0.013513
4	61	0.000040
4	722	0.000001
4	731	0.000019
4	733	0.000044
4	734	0.000019
4	740	0.000046
4	742	0.000044
4	743	0.000034
4	748	0.000008
4	755	0.000053
4	759	0.002939
4	761	0.049508
4	764	0.003017
4	769	0.003654
4	775	0.000029
4	777	0.000355
4	778	0.010338
4	779	0.005684
4	793	0.000282
4	794	0.000017
4	817	0.000005
4	819	0.070129
4	821	0.000031
5	10	0.000006
5	27	0.000009
5	48	0.000028
5	56	0.000091
5	57	0.000013
5	59	0.013535
5	68	0.000009
5	71	0.000003
5	749	0.001293
5	758	0.003006
5	760	0.059991
5	784	0.000010
5	791	0.000003
5	792	0.000277
5	816	0.000005
5	818	0.070098
6	26	0.000009
6	41	0.000479
6	55	0.000092
6	58	0.012434
6	61	0.000002
6	67	0.000008
6	731	0.000022
6	740	0.000002
6	748	0.001050
6	757	0.001551
6	759	0.055621
6	761	0.000045
6	764	0.000011
6	769	0.000443
6	775	0.000087
6	777	0.001561
6	778	0.000068
6	779	0.000022
6	790	0.000004
6	817	0.048827
7	25	0.000008
7	37	0.000120
7	38	0.009296
7	43	0.000131
7	44	0.000134
7	45	0.000059
7	47	0.000036
7	48	0.000021
7	49	0.000014
7	51	0.000002
7	54	0.000087
7	56	0.000012
7	57	0.011451
7	63	0.000009
7	730	0.000023
7	746	0.000001
7	752	0.000001
7	758	0.046589
7	760	0.000036
7	762	0.000011
7	766	0.000071
7	767	0.000062
7	768	0.000520
7	771	0.000018
7	772	0.000049
7	773	0.000091
7	776	0.001403
7	781	0.000015
7	782	0.000028
7	791	0.000001
7	815	0.000009
7	816	0.036189
7	818	0.000001
8	22	0.000004
8	37	0.005018
8	38	0.824840
8	43	0.000093
8	44	0.000054
8	45	0.000009
8	47	0.000014
8	48	0.000013
8	49	0.000001
8	54	0.000004
8	56	0.002912
8	57	0.000005
8	729	0.000016
8	746	0.000001
8	758	0.000032
8	760	0.000002
8	762	0.000003
8	766	0.000041
8	767	0.000396
8	768	0.000038
8	771	0.000033
8	772	0.000090
8	773	0.000026
8	776	0.000015
8	781	0.000022
8	782	0.000009
8	815	0.004900
8	816	0.000030
9	21	0.000005
9	37	0.973001
9	38	0.000278
9	43	0.000018
9	44	0.000003
9	47	0.000003
9	51	0.000001
9	54	0.000014
9	56	0.000001
9	728	0.000007
9	758	0.000001
9	766	0.000187
9	767	0.000023
9	768	0.000003
9	771	0.000054
9	772	0.000018
9	773	0.000005
9	776	0.000002
9	781	0.000005
9	782	0.000001
9	812	0.000001
9	815	0.000017
10	20	0.000005
10	36	0.999747
10	42	0.000004
10	52	0.000004
10	53	0.000012
10	765	0.000039
10	770	0.000025
10	813	0.000009
10	814	0.000019
11	16	0.000002
11	35	0.999798
12	31	0.000004
12	34	0.991733
12	35	0.000003
12	51	0.000003
12	767	0.000002
12	768	0.000008
12	811	0.000002
12	812	0.000025
13	31	0.000121
13	34	0.000106
13	49	0.000020
13	762	0.000001
13	766	0.000002
13	767	0.000008
13	810	0.000002
13	811	0.000027
14	35	0.000002
14	48	0.000022
14	809	0.000002
14	810	0.000027
15	31	0.914150
15	34	0.000003
15	47	0.000022
15	762	0.000001
15	766	0.000008
15	809	0.000022
16	28	0.000021
16	29	0.077075
16	30	0.917153
16	32	0.000047
16	33	0.000003
16	46	0.000020
16	61	0.000002
16	763	0.000011
16	765	0.000009
16	806	0.000001
16	807	0.000004
16	808	0.000002
16	820	0.000002
17	26	0.000064
17	28	0.533620
17	29	0.462631
17	60	0.000002
17	761	0.000051
17	764	0.000005
17	805	0.000002
17	806	0.000003
17	819	0.000002
18	25	0.000136
18	27	0.988294
18	59	0.000003
18	760	0.000056
18	804	0.000002
18	818	0.000002
19	24	0.000099
19	26	0.987346
19	28	0.010478
19	58	0.000003
19	759	0.000056
19	817	0.000001
20	25	0.983830
20	27	0.010729
20	57	0.000003
20	758	0.000056
20	760	0.000001
20	803	0.000005
20	816	0.000001
21	26	0.008118
21	28	0.000001
21	29	0.000003
21	757	0.000024
21	802	0.000005
22	26	0.000008
22	28	0.000017
22	67	0.000002
23	27	0.000017
23	48	0.000002
23	68	0.000002
23	800	0.000005
23	816	0.000001
24	37	0.000004
24	47	0.000002
24	799	0.000005
24	815	0.000002
25	36	0.000004
25	46	0.000002
25	52	0.000004
25	64	0.000054
25	798	0.000005
25	814	0.000002
26	35	0.000004
26	37	0.000009
26	45	0.000002
26	51	0.000004
26	63	0.000055
26	797	0.000004
27	36	0.000010
27	50	0.000004
27	62	0.000055
27	796	0.000003
27	813	0.000002
28	35	0.000010
28	49	0.000004
28	812	0.000002
29	34	0.000006
29	48	0.000003
29	811	0.000002
30	59	0.000057
30	810	0.000001
31	58	0.000057
31	793	0.000001
31	805	0.000019
32	57	0.000057
32	792	0.000001
32	804	0.000022
33	56	0.000057
33	776	0.000002
33	791	0.000001
33	803	0.000022
34	41	0.000002
34	55	0.000055
34	61	0.000001
34	775	0.000002
34	790	0.000001
34	802	0.000022
34	808	0.000001
35	40	0.000002
35	53	0.000003
35	60	0.000002
35	774	0.000002
35	801	0.000022
35	807	0.000001
36	59	0.000002
36	800	0.000022
37	41	0.000004
37	58	0.000002
37	61	0.000010
37	76	0.000003
37	77	0.000002
37	775	0.000001
37	794	0.000012
37	806	0.000002
38	58	0.004582
38	60	0.000027
38	67	0.000001
38	75	0.000006
38	76	0.000003
38	77	0.000002
38	759	0.000016
38	761	0.000118
38	764	0.000005
38	769	0.000003
38	775	0.000007
38	777	0.000001
38	778	0.000001
38	789	0.000001
38	793	0.000031
38	805	0.000002
38	817	0.000004
39	48	0.000927
39	56	0.000010
39	57	0.006012
39	59	0.000034
39	68	0.000022
39	69	0.000152
39	71	0.000002
39	72	0.010911
39	81	0.000263
39	82	0.000099
39	84	0.000004
39	758	0.000020
39	760	0.000145
39	784	0.000002
39	786	0.000005
39	792	0.000038
39	800	0.000001
39	804	0.000003
39	810	0.000007
39	816	0.000007
40	48	0.009677
40	56	0.006077
40	57	0.000021
40	59	0.000004
40	68	0.000299
40	69	0.000023
40	71	0.011015
40	72	0.000001
40	80	0.000266
40	81	0.000100
40	82	0.000099
40	84	0.001123
40	758	0.000016
40	760	0.000055
40	784	0.000005
40	786	0.003339
40	791	0.000038
40	800	0.000005
40	803	0.000003
40	809	0.000006
40	810	0.000002
40	816	0.000015
41	45	0.000092
41	47	0.009090
41	48	0.000134
41	49	0.006093
41	51	0.000004
41	54	0.000023
41	56	0.000009
41	57	0.000101
41	63	0.000005
41	68	0.000027
41	69	0.000080
41	70	0.010958
41	73	0.000008
41	80	0.000079
41	81	0.000099
41	83	0.001135
41	760	0.000015
41	762	0.000135
41	766	0.000062
41	767	0.000114
41	768	0.000150
41	771	0.000191
41	772	0.000068
41	773	0.000014
41	776	0.000004
41	781	0.000075
41	782	0.000009
41	785	0.003367
41	787	0.000015
41	792	0.000005
41	799	0.000004
41	811	0.000066
41	812	0.000001
41	815	0.000016
42	48	0.011206
42	56	0.000396
42	57	0.000004
42	59	0.000046
42	68	0.001838
42	69	0.010642
42	72	0.000010
42	78	0.000329
42	80	0.000114
42	81	0.000001
42	82	0.001140
42	749	0.000001
42	758	0.000051
42	760	0.000616
42	784	0.003370
42	786	0.000018
42	791	0.000013
42	800	0.000001
42	810	0.000073
42	818	0.000001
43	55	0.000344
43	58	0.000047
43	60	0.000001
43	61	0.000013
43	67	0.001980
43	77	0.000333
43	79	0.000098
43	748	0.000001
43	757	0.000028
43	759	0.000303
43	761	0.001556
43	764	0.000100
43	769	0.000496
43	775	0.000019
43	777	0.000017
43	778	0.000112
43	779	0.001909
43	790	0.000013
43	806	0.000002
43	821	0.000002
44	55	0.000009
44	58	0.000023
44	60	0.000006
44	61	0.001366
44	67	0.000267
44	76	0.000315
44	77	0.000013
44	757	0.000001
44	759	0.000137
44	761	0.000418
44	764	0.000322
44	769	0.000271
44	775	0.000029
44	777	0.000116
44	778	0.002363
44	779	0.000100
44	789	0.000011
44	794	0.000003
44	821	0.000002
45	55	0.000007
45	58	0.000142
45	60	0.001677
45	61	0.000024
45	67	0.000064
45	75	0.000232
45	76	0.000014
45	77	0.000016
45	79	0.001196
45	757	0.000001
45	759	0.061545
45	761	0.002952
45	764	0.000483
45	769	0.000105
45	775	0.000031
45	777	0.002241
45	778	0.000098
45	779	0.000018
45	793	0.000003
45	817	0.000004
45	819	0.000017
45	821	0.000002
46	56	0.004147
46	57	0.000140
46	59	0.001716
46	68	0.006541
46	72	0.000002
46	78	0.001218
46	749	0.000037
46	758	0.066462
46	760	0.003158
46	784	0.000009
46	786	0.000002
46	791	0.000003
46	792	0.000003
46	800	0.000003
46	803	0.000004
46	809	0.001543
46	810	0.000002
46	816	0.000005
46	818	0.000018
47	55	0.004090
47	58	0.001570
47	60	0.000137
47	61	0.000305
47	67	0.006725
47	75	0.000210
47	76	0.000002
47	77	0.001201
47	733	0.000001
47	736	0.000002
47	742	0.000002
47	745	0.000002
47	748	0.000037
47	755	0.000002
47	757	0.066074
47	759	0.002556
47	761	0.000788
47	764	0.309632
47	769	0.000017
47	775	0.004027
47	777	0.000019
47	778	0.000029
47	779	0.000238
47	789	0.000007
47	790	0.000003
47	796	0.000271
47	802	0.000005
47	808	0.001553
47	817	0.000007
47	821	0.008342
48	52	0.000074
48	53	0.001719
48	55	0.000014
48	58	0.000005
48	60	0.000220
48	61	0.165566
48	62	0.022093
48	64	0.000133
48	65	0.000073
48	66	0.005981
48	74	0.000256
48	75	0.000002
48	76	0.001159
48	732	0.000001
48	735	0.000002
48	741	0.000003
48	744	0.000002
48	747	0.000034
48	754	0.000003
48	756	0.065733
48	759	0.000002
48	761	0.000683
48	763	0.352547
48	764	0.000273
48	765	0.006426
48	769	0.000014
48	770	0.002091
48	774	0.004276
48	775	0.000021
48	777	0.000024
48	778	0.000310
48	779	0.000049
48	780	0.001121
48	783	0.000238
48	788	0.000008
48	789	0.000001
48	795	0.000299
48	798	0.000002
48	801	0.000005
48	807	0.001554
48	820	0.009535
48	822	0.000006
49	55	0.000030
49	58	0.000948
49	60	0.205639
49	61	0.011123
49	75	0.001044
49	731	0.000001
49	734	0.000002
49	740	0.000002
49	743	0.000002
49	755	0.057707
49	757	0.000262
49	759	0.001411
49	761	0.592661
49	764	0.003962
49	769	0.001790
49	775	0.000010
49	777	0.000276
49	778	0.000052
49	779	0.000946
49	794	0.000279
49	806	0.001524
49	819	0.009533
49	821	0.000002
50	56	0.002002
50	57	0.001050
50	59	0.220623
50	68	0.000026
50	69	0.000002
50	71	0.001127
50	72	0.000791
50	80	0.000020
50	82	0.000015
50	84	0.000001
50	749	0.000031
50	758	0.001518
50	760	0.615106
50	818	0.009533
51	55	0.001330
51	58	0.220179
51	60	0.000086
51	61	0.000001
51	67	0.000024
51	79	0.000021
51	748	0.000024
51	755	0.000035
51	757	0.001369
51	759	0.614677
51	761	0.001051
51	769	0.000035
51	775	0.000057
51	777	0.000045
51	778	0.000047
51	779	0.000010
51	793	0.000300
51	805	0.001508
51	817	0.008949
52	56	0.000242
52	57	0.218076
52	59	0.000090
52	68	0.000024
52	69	0.022033
52	71	0.000004
52	72	0.000035
52	78	0.000015
52	80	0.000001
52	81	0.000130
52	749	0.000002
52	758	0.601162
52	760	0.001128
52	792	0.000311
52	804	0.001545
52	816	0.008475
53	57	0.000144
53	59	0.000050
53	68	0.033178
53	69	0.000021
53	71	0.000034
53	78	0.000038
53	80	0.000133
53	749	0.000029
53	758	0.011863
53	760	0.000334
53	784	0.000001
53	786	0.000002
53	791	0.000311
53	803	0.001545
53	816	0.000090
54	58	0.000034
54	60	0.000004
54	61	0.000004
54	67	0.033199
54	76	0.000002
54	77	0.000055
54	79	0.000132
54	748	0.000021
54	755	0.002907
54	757	0.021556
54	759	0.000342
54	764	0.000003
54	769	0.000469
54	775	0.000010
54	777	0.004143
54	778	0.000012
54	779	0.000003
54	790	0.000269
54	802	0.001436
55	59	0.000004
55	63	0.000136
55	68	0.000011
55	69	0.000007
55	78	0.000125
55	746	0.000007
55	749	0.001041
55	752	0.005894
55	758	0.000331
55	766	0.020244
55	767	0.000338
55	768	0.000493
55	771	0.005121
55	772	0.000014
55	773	0.000003
55	776	0.004846
55	781	0.000026
55	785	0.000002
55	797	0.000003
55	799	0.000019
55	800	0.000004
55	815	0.002534
56	62	0.000176
56	64	0.000032
56	65	0.042465
56	66	0.002809
56	67	0.000088
56	75	0.000217
56	77	0.000060
56	742	0.000004
56	745	0.000007
56	747	0.000005
56	748	0.002257
56	750	0.000001
56	751	0.006278
56	753	0.000004
56	754	0.643954
56	755	0.000135
56	756	0.000056
56	757	0.000081
56	763	0.000018
56	764	0.002935
56	765	0.024616
56	769	0.000007
56	770	0.006207
56	774	0.000009
56	775	0.005020
56	778	0.000004
56	780	0.000031
56	783	0.000007
56	788	0.000025
56	789	0.000131
56	796	0.000003
56	798	0.000021
56	801	0.001261
56	802	0.000004
56	814	0.002942
57	61	0.000074
57	62	0.000042
57	64	0.042643
57	65	0.002738
57	66	0.000100
57	67	0.000001
57	74	0.000256
57	76	0.000048
57	741	0.000005
57	744	0.000007
57	747	0.002365
57	750	0.006277
57	751	0.000002
57	753	0.644664
57	754	0.000131
57	755	0.000037
57	756	0.000080
57	763	0.005903
57	764	0.019862
57	765	0.007899
57	769	0.006015
57	770	0.000011
57	774	0.005041
57	777	0.000008
57	779	0.000015
57	783	0.000027
57	788	0.000150
57	795	0.000003
57	798	0.000013
57	801	0.000007
57	813	0.002936
57	814	0.000001
58	63	0.037382
58	72	0.000003
58	73	0.000256
58	746	0.002338
58	749	0.005830
58	752	0.644040
58	762	0.005865
58	766	0.000617
58	767	0.000036
58	768	0.005684
58	771	0.000028
58	772	0.000013
58	773	0.004883
58	776	0.000008
58	781	0.000003
58	782	0.000025
58	784	0.000004
58	787	0.000146
58	797	0.000013
58	799	0.001256
58	800	0.000006
58	811	0.000002
58	812	0.002563
59	64	0.001404
59	65	0.000049
59	66	0.000089
59	67	0.000001
59	74	0.000522
59	739	0.000079
59	741	0.000003
59	743	0.000003
59	744	0.000160
59	745	0.001933
59	747	0.004431
59	748	0.000676
59	750	0.006243
59	751	0.633576
59	753	0.000157
59	754	0.000029
59	761	0.004467
59	763	0.046213
59	764	0.000019
59	765	0.000937
59	769	0.000082
59	770	0.000052
59	774	0.000035
59	775	0.000001
59	777	0.000002
59	780	0.000005
59	783	0.000021
59	788	0.000001
59	796	0.000006
59	798	0.001254
59	813	0.000003
60	68	0.000001
60	70	0.000207
60	71	0.000354
60	73	0.000577
60	82	0.000003
60	738	0.000085
60	746	0.004391
60	749	0.011074
60	752	0.000149
60	760	0.000032
60	762	0.040652
60	766	0.000026
60	767	0.000030
60	768	0.000091
60	771	0.000010
60	772	0.000025
60	773	0.000036
60	776	0.000001
60	782	0.000021
60	785	0.000069
60	786	0.000013
60	787	0.000001
60	797	0.001124
60	809	0.000001
60	810	0.000007
60	811	0.000388
60	812	0.000008
61	68	0.000003
61	69	0.000260
61	70	0.000441
61	72	0.000588
61	73	0.000035
61	81	0.000005
61	85	0.000009
61	737	0.000039
61	738	0.000003
61	746	0.000088
61	749	0.009159
61	752	0.000008
61	760	0.000005
61	762	0.000716
61	766	0.000043
61	767	0.000089
61	768	0.000012
61	771	0.000032
61	772	0.000035
61	781	0.000019
61	784	0.000062
61	785	0.000018
61	792	0.000002
61	797	0.000002
61	809	0.000007
61	810	0.000460
61	811	0.000023
62	68	0.001340
62	69	0.000454
62	71	0.000593
62	72	0.000041
62	80	0.000009
62	84	0.000011
62	749	0.507875
62	758	0.000144
62	760	0.126092
62	784	0.000021
62	786	0.000001
62	791	0.000002
62	809	0.000472
62	810	0.000024
62	818	0.000001
63	67	0.000916
63	79	0.000009
63	740	0.000032
63	742	0.000071
63	743	0.000200
63	745	0.000021
63	748	0.499592
63	757	0.000079
63	759	0.128877
63	761	0.014779
63	764	0.000028
63	790	0.000002
63	793	0.000316
63	794	0.000054
63	805	0.000070
63	808	0.000350
63	817	0.000001
64	68	0.000110
64	69	0.000053
64	71	0.000015
64	72	0.000253
64	78	0.000009
64	81	0.000001
64	82	0.000048
64	749	0.027029
64	758	0.127273
64	760	0.015991
64	792	0.000364
64	804	0.000107
64	809	0.000002
64	810	0.000002
64	816	0.000002
65	69	0.000025
65	71	0.000254
65	72	0.000570
65	80	0.000001
65	81	0.000048
65	82	0.000016
65	749	0.001847
65	758	0.003020
65	760	0.008152
65	791	0.000359
65	792	0.000162
65	803	0.000106
65	804	0.000054
65	809	0.000002
65	810	0.000002
66	71	0.000570
66	72	0.000012
66	80	0.000048
66	81	0.000016
66	749	0.000455
66	758	0.010110
66	760	0.004370
66	784	0.000001
66	786	0.000005
66	791	0.000163
66	792	0.000001
66	800	0.000104
66	803	0.000054
66	804	0.000002
66	809	0.000002
66	816	0.000003
67	71	0.000010
67	78	0.000008
67	80	0.000016
67	118	0.000001
67	725	0.000014
67	737	0.014676
67	738	0.000053
67	746	0.596483
67	749	0.000025
67	752	0.000016
67	758	0.035527
67	760	0.000051
67	762	0.000015
67	766	0.000017
67	767	0.000003
67	768	0.000002
67	771	0.000016
67	772	0.000001
67	776	0.000002
67	781	0.000021
67	785	0.000004
67	791	0.000001
67	799	0.000108
67	803	0.000001
67	815	0.000004
68	74	0.000021
68	75	0.000011
68	77	0.000017
68	79	0.000016
68	117	0.000001
68	724	0.000016
68	735	0.000021
68	736	0.017101
68	739	0.000027
68	740	0.000003
68	741	0.000026
68	742	0.002057
68	743	0.000003
68	744	0.001656
68	745	0.632948
68	747	0.000075
68	748	0.000095
68	750	0.000029
68	751	0.000023
68	753	0.000005
68	754	0.004214
68	755	0.000007
68	756	0.000176
68	757	0.266030
68	759	0.000008
68	761	0.000005
68	763	0.000004
68	765	0.000017
68	770	0.000019
68	774	0.000002
68	775	0.000001
68	780	0.000024
68	783	0.000005
68	788	0.000011
68	789	0.000001
68	798	0.000106
68	801	0.000004
68	814	0.000004
69	74	0.000013
69	76	0.000018
69	77	0.000018
69	116	0.000001
69	723	0.000016
69	734	0.000021
69	735	0.017509
69	739	0.000003
69	740	0.000003
69	741	0.002123
69	743	0.001612
69	744	0.636225
69	747	0.000107
69	750	0.000023
69	753	0.004211
69	754	0.000010
69	755	0.000036
69	756	0.301441
69	757	0.000004
69	764	0.000001
69	765	0.000029
69	779	0.000004
69	813	0.000003
70	75	0.000018
70	76	0.000021
70	77	0.000031
70	112	0.000096
70	722	0.000016
70	733	0.000022
70	734	0.017513
70	736	0.000016
70	740	0.002113
70	742	0.001656
70	743	0.635535
70	745	0.000203
70	748	0.000042
70	755	0.309117
70	757	0.000014
70	764	0.000030
70	778	0.000003
70	796	0.000038
70	808	0.000001
71	75	0.000010
71	76	0.000023
71	77	0.000002
71	111	0.000157
71	117	0.000001
71	721	0.000016
71	732	0.000023
71	733	0.017538
71	735	0.000021
71	736	0.000052
71	739	0.002032
71	740	0.000004
71	741	0.001667
71	742	0.634984
71	744	0.000227
71	745	0.000164
71	747	0.000040
71	748	0.000003
71	750	0.000016
71	751	0.010891
71	753	0.000049
71	754	0.313815
71	755	0.000012
71	756	0.000014
71	757	0.000007
71	761	0.000003
71	763	0.000030
71	777	0.000002
71	780	0.000001
71	795	0.000060
71	796	0.000002
71	807	0.000002
71	821	0.000002
72	76	0.000002
72	77	0.000005
72	110	0.000164
72	111	0.000026
72	116	0.000001
72	720	0.000014
72	731	0.000016
72	732	0.017669
72	733	0.000001
72	734	0.000028
72	735	0.000216
72	736	0.000001
72	739	0.000048
72	740	0.001335
72	741	0.635989
72	742	0.000001
72	743	0.000223
72	744	0.000190
72	747	0.000002
72	750	0.010933
72	751	0.000055
72	753	0.312780
72	754	0.000028
72	755	0.000009
72	756	0.000010
72	770	0.000001
72	794	0.000058
72	795	0.000002
72	806	0.000002
72	820	0.000003
73	77	0.000016
73	79	0.000064
73	112	0.000025
73	731	0.017278
73	733	0.000027
73	734	0.000206
73	736	0.000008
73	740	0.613194
73	742	0.000208
73	743	0.000183
73	748	0.000074
73	755	0.000010
73	757	0.000001
73	759	0.000092
73	761	0.000015
73	769	0.000001
73	793	0.000057
73	794	0.000002
73	805	0.000002
73	819	0.000003
74	78	0.000112
74	80	0.000154
74	81	0.000335
74	82	0.000065
74	84	0.000069
74	113	0.000002
74	114	0.000007
74	749	0.008374
74	758	0.000099
74	760	0.000021
74	786	0.000002
74	792	0.000056
74	800	0.000001
74	804	0.000002
74	818	0.000003
75	80	0.000322
75	81	0.000064
75	82	0.000002
75	83	0.000070
75	84	0.000005
75	85	0.000005
75	108	0.000001
75	109	0.000071
75	113	0.000006
75	728	0.000002
75	729	0.000310
75	730	0.016067
75	737	0.000221
75	738	0.060640
75	749	0.000948
75	752	0.000162
75	758	0.000002
75	768	0.000003
75	773	0.000004
75	785	0.000002
75	791	0.000044
75	803	0.000001
76	80	0.000035
76	81	0.000002
76	82	0.000068
76	83	0.000009
76	84	0.000006
76	85	0.000001
76	108	0.000049
76	109	0.017094
76	726	0.000011
76	728	0.000254
76	729	0.016851
76	730	0.000021
76	737	0.031585
76	738	0.008816
76	749	0.013926
76	752	0.000015
76	767	0.000004
76	772	0.000005
76	784	0.000002
76	800	0.000015
77	81	0.000037
77	82	0.000011
77	83	0.000007
77	84	0.000001
77	108	0.024308
77	109	0.000013
77	115	0.000002
77	725	0.000012
77	726	0.000003
77	728	0.017000
77	729	0.000021
77	730	0.000002
77	737	0.005981
77	738	0.016973
77	746	0.000014
77	749	0.000579
77	752	0.000025
77	766	0.000004
77	771	0.000005
77	799	0.000041
78	86	0.000004
78	107	0.025622
78	110	0.001711
78	111	0.000054
78	112	0.000003
78	724	0.000011
78	727	0.016941
78	731	0.000003
78	732	0.000008
78	733	0.000003
78	734	0.000010
78	735	0.003497
78	736	0.002570
78	739	0.118850
78	740	0.000021
78	741	0.000005
78	744	0.000004
78	745	0.000013
78	747	0.336254
78	748	0.000021
78	750	0.000022
78	751	0.000013
78	753	0.000873
78	754	0.000005
78	765	0.000002
78	770	0.000004
78	788	0.000003
78	798	0.000046
79	85	0.000004
79	106	0.025577
79	108	0.000357
79	109	0.001601
79	113	0.000004
79	725	0.000244
79	726	0.015559
79	728	0.000002
79	730	0.000003
79	737	0.487318
79	738	0.063615
79	746	0.336901
79	749	0.000022
79	752	0.000911
79	766	0.000002
79	787	0.000002
79	797	0.000046
79	815	0.000004
80	86	0.000001
80	87	0.000007
80	104	0.000006
80	105	0.024503
80	107	0.000513
80	110	0.000059
80	111	0.001951
80	112	0.000442
80	721	0.000005
80	722	0.000003
80	723	0.000008
80	724	0.000314
80	727	0.000001
80	732	0.000124
80	733	0.003450
80	734	0.001704
80	735	0.000474
80	736	0.591252
80	739	0.000070
80	740	0.000001
80	741	0.000002
80	743	0.000033
80	744	0.000012
80	745	0.336961
80	748	0.000014
80	751	0.000915
80	765	0.000002
80	796	0.000045
80	814	0.000005
81	86	0.000008
81	104	0.024008
81	105	0.000120
81	107	0.001139
81	110	0.001949
81	111	0.000811
81	112	0.000001
81	720	0.000005
81	721	0.000003
81	722	0.000008
81	723	0.000271
81	724	0.015376
81	731	0.000047
81	732	0.003588
81	733	0.002173
81	734	0.000301
81	735	0.602940
81	736	0.001380
81	739	0.000002
81	740	0.000002
81	742	0.000081
81	743	0.000006
81	744	0.337218
81	745	0.000005
81	747	0.000014
81	748	0.000001
81	750	0.000914
81	764	0.000002
81	795	0.000045
81	813	0.000005
82	104	0.000220
82	105	0.000018
82	107	0.001593
82	110	0.000817
82	111	0.000006
82	719	0.000005
82	720	0.000003
82	721	0.000032
82	722	0.000133
82	723	0.015525
82	731	0.001266
82	732	0.002240
82	733	0.000125
82	734	0.602099
82	735	0.001589
82	739	0.000003
82	741	0.000249
82	742	0.000002
82	743	0.336399
82	744	0.000010
82	747	0.000003
82	756	0.000002
82	763	0.000002
82	765	0.000004
82	794	0.000025
83	105	0.011693
83	722	0.015519
83	731	0.001293
83	733	0.602504
83	734	0.001101
83	736	0.000080
83	740	0.000255
83	742	0.336399
83	743	0.000009
83	745	0.000010
83	748	0.000848
83	755	0.000002
83	764	0.000004
83	793	0.000003
84	104	0.013937
84	105	0.000194
84	107	0.001149
84	111	0.000001
84	720	0.000002
84	721	0.015408
84	731	0.000002
84	732	0.602257
84	733	0.000483
84	734	0.000001
84	735	0.000085
84	739	0.000255
84	740	0.000002
84	741	0.336114
84	742	0.000004
84	744	0.000015
84	747	0.000837
84	754	0.000002
84	763	0.000003
85	105	0.005260
85	112	0.000003
85	727	0.000017
85	731	0.500907
85	733	0.000004
85	734	0.000075
85	736	0.000008
85	740	0.286689
85	743	0.000014
85	745	0.000019
85	817	0.000003
86	102	0.000729
86	103	0.919506
86	816	0.000003
87	102	0.929504
87	103	0.000015
87	106	0.000858
87	108	0.000006
87	726	0.000017
87	728	0.000110
87	729	0.003220
87	730	0.000867
87	737	0.000063
87	738	0.001584
87	752	0.000001
87	815	0.000003
88	101	0.997376
88	104	0.001241
88	105	0.001059
88	107	0.000004
88	111	0.000004
88	727	0.000001
88	735	0.000003
88	736	0.000012
88	739	0.000003
88	751	0.000002
88	754	0.000002
88	814	0.000003
89	100	0.997581
89	104	0.001085
89	110	0.000004
89	735	0.000011
89	750	0.000002
89	753	0.000002
89	813	0.000003
90	99	0.997555
90	102	0.001841
90	103	0.000545
90	749	0.000002
91	97	0.000081
91	98	0.997251
91	101	0.002396
91	748	0.000001
91	751	0.000002
92	97	0.984967
92	98	0.000004
92	100	0.002400
92	747	0.000001
92	750	0.000002
93	99	0.002397
93	749	0.000002
93	809	0.000003
94	745	0.000001
94	748	0.000002
94	808	0.000003
95	744	0.000001
95	747	0.000002
95	807	0.000003
96	743	0.000001
96	806	0.000002
99	805	0.000002
100	804	0.000003
101	113	0.000001
101	803	0.000003
102	107	0.002007
102	110	0.000546
102	111	0.051951
102	112	0.000040
102	116	0.000012
102	117	0.004648
102	732	0.000009
102	733	0.000015
102	734	0.000001
102	735	0.000097
102	736	0.000035
102	739	0.000001
102	751	0.000003
102	802	0.000003
103	107	0.000117
103	110	0.051920
103	111	0.000114
103	112	0.000003
103	116	0.004676
103	117	0.000005
103	731	0.000008
103	732	0.000022
103	733	0.000002
103	734	0.000082
103	735	0.000046
103	750	0.000003
103	801	0.000003
104	113	0.000961
104	114	0.008895
104	119	0.000002
104	749	0.000003
104	800	0.000003
105	109	0.000659
105	113	0.008860
105	114	0.000045
105	115	0.000041
105	118	0.000004
105	725	0.000006
105	726	0.000086
105	728	0.000585
105	729	0.000102
105	730	0.000166
105	737	0.000031
105	738	0.000001
105	799	0.000002
106	112	0.007887
106	727	0.000588
106	731	0.000304
106	733	0.000026
106	734	0.000009
106	736	0.000032
107	113	0.001269
107	114	0.000245
108	112	0.000902
108	727	0.001416
108	731	0.000074
108	733	0.000006
108	734	0.000023
108	736	0.000002
108	794	0.000001
109	121	0.000236
109	727	0.002027
109	731	0.000046
109	733	0.000024
109	734	0.000003
109	736	0.000003
109	793	0.000002
110	114	0.000023
110	119	0.000002
110	120	0.000412
110	792	0.000002
110	810	0.000002
111	119	0.000615
111	791	0.000002
111	809	0.000002
111	816	0.000003
112	118	0.000897
112	725	0.838280
112	726	0.001279
112	728	0.000091
112	729	0.000036
112	730	0.000014
112	737	0.000025
112	815	0.000003
113	117	0.000915
113	721	0.000004
113	722	0.000015
113	723	0.000007
113	724	0.981065
113	727	0.000025
113	733	0.000003
113	735	0.000001
113	736	0.000027
113	795	0.000001
113	807	0.000002
113	814	0.000003
114	720	0.000002
114	721	0.000020
114	722	0.000005
114	723	0.981428
114	724	0.000030
114	732	0.000003
114	734	0.000001
114	735	0.000027
114	794	0.000001
114	806	0.000002
114	813	0.000003
115	722	0.965997
115	731	0.000003
115	733	0.000001
115	734	0.000026
115	793	0.000001
115	805	0.000002
116	792	0.000001
116	804	0.000002
117	791	0.000001
117	803	0.000002
118	722	0.001320
118	731	0.000003
118	790	0.000001
118	802	0.000001
119	719	0.000007
119	720	0.995956
119	721	0.002220
120	719	0.998436
120	720	0.001115
121	717	0.000001
121	718	0.999469
122	716	0.000004
122	717	0.999980
123	715	0.000007
123	716	0.999967
124	715	0.998693
125	714	0.999736
125	715	0.000003
126	713	0.999939
127	712	0.999699
128	711	0.999980
129	710	0.999980
130	709	0.999366
131	707	0.012193
131	708	0.987777
132	706	0.024247
132	707	0.975723
133	705	0.036289
133	706	0.963480
134	704	0.998439
135	702	0.000001
135	703	0.998389
136	702	0.999977
136	703	0.000001
137	701	0.999938
138	700	0.998459
139	699	0.999678
140	697	0.000003
140	698	0.999960
141	697	0.998692
142	696	0.999852
142	697	0.000005
143	695	0.999349
143	696	0.000002
144	693	0.000002
144	694	0.997743
145	693	0.997983
145	694	0.000002
146	156	0.000023
146	689	0.000006
146	692	0.999282
147	155	0.000214
147	687	0.000014
147	689	0.000405
147	691	0.997058
148	154	0.000480
148	155	0.000036
148	156	0.000006
148	157	0.000001
148	684	0.000005
148	685	0.000001
148	687	0.115171
148	689	0.007970
148	691	0.000283
148	692	0.000004
149	153	0.000508
149	683	0.000003
149	686	0.126744
149	688	0.004734
149	690	0.014610
149	693	0.000011
150	154	0.000004
150	155	0.000006
150	156	0.000004
150	157	0.000001
150	684	0.000056
150	685	0.126035
150	687	0.001286
150	689	0.051811
150	691	0.000009
150	692	0.000014
151	155	0.000008
151	156	0.000002
151	681	0.000001
151	684	0.121576
151	685	0.000075
151	687	0.021825
151	689	0.002355
151	691	0.000015
151	692	0.000023
152	680	0.000002
152	687	0.238760
152	689	0.001256
152	691	0.000033
153	679	0.000002
153	687	0.007568
153	689	0.001297
153	691	0.000003
154	682	0.000028
154	683	0.000636
154	688	0.001181
154	690	0.000008
155	682	0.000241
155	683	0.005468
155	686	0.005465
155	688	0.000022
155	690	0.000002
156	682	0.002926
156	683	0.945381
156	688	0.000009
157	682	0.989104
157	683	0.000077
158	680	0.000002
158	681	0.999117
159	679	0.000003
159	680	0.999956
160	679	0.998473
161	678	0.999928
162	677	0.999990
163	676	0.999991
164	675	0.999964
165	674	0.999946
166	672	0.000001
166	673	0.999026
167	672	0.997797
167	673	0.000001
168	671	0.999350
169	521	0.000027
169	524	0.000001
169	670	0.999919
170	669	0.997622
171	520	0.988759
171	521	0.004003
171	523	0.000009
171	524	0.000071
171	668	0.000420
172	519	0.998395
172	522	0.000004
173	518	0.999784
174	517	0.996892
175	516	0.751739
175	518	0.000036
176	515	0.506246
176	516	0.248121
177	514	0.260627
177	515	0.493684
178	514	0.739173
179	513	0.983948
180	510	0.000022
180	511	0.002283
180	512	0.983969
181	509	0.000003
181	513	0.000009
182	509	0.000010
182	513	0.000002
183	509	0.999569
184	508	0.999486
185	507	0.999980
186	506	0.999938
187	504	0.000003
187	505	0.998459
188	503	0.000002
188	504	0.999896
189	503	0.989627
190	501	0.000036
190	502	0.740932
191	502	0.170821
192	500	0.000090
192	503	0.000034
193	499	0.000032
193	501	0.903826
193	502	0.000025
194	500	0.999783
195	498	0.000004
195	499	0.999944
196	498	0.998464
197	497	0.999858
198	496	0.999741
199	495	0.999985
200	494	0.999957
201	493	0.999932
202	491	0.000001
202	492	0.999940
202	493	0.000024
203	491	0.999805
203	492	0.000048
204	488	0.000364
204	491	0.000072
205	487	0.000363
206	487	0.000022
206	488	0.991107
207	487	0.971029
208	487	0.001190
209	485	0.991913
210	483	0.000001
210	484	0.998179
211	483	0.999978
212	482	0.999991
213	479	0.000001
213	481	0.999975
214	478	0.000006
214	479	0.000002
214	480	0.999566
215	477	0.000008
215	479	0.997920
218	476	0.928328
220	474	0.000006
220	475	0.991153
220	477	0.000001
220	478	0.000005
221	474	0.999815
221	477	0.000004
222	473	0.999935
222	476	0.000001
223	472	0.999432
224	471	0.997579
225	469	0.000639
225	470	0.948951
226	466	0.000001
226	467	0.000019
226	468	0.000890
227	466	0.000019
227	467	0.000522
227	468	0.951221
228	467	0.989703
229	469	0.000002
230	465	0.981588
230	466	0.000952
231	464	0.999852
232	462	0.000001
232	463	0.999012
233	462	0.998626
233	463	0.000001
234	461	0.999322
235	460	0.998642
236	459	0.999851
236	460	0.000002
237	458	0.999162
238	456	0.000001
238	457	0.998121
239	456	0.999263
239	457	0.000001
240	455	0.999984
241	454	0.999970
242	453	0.999129
243	452	0.997045
243	454	0.000005
244	451	0.974474
244	453	0.000211
245	452	0.000412
246	448	0.000005
246	449	0.000045
246	450	0.997878
246	451	0.000054
247	449	0.997790
247	451	0.000046
248	448	0.979791
248	449	0.001272
248	450	0.000064
249	446	0.002001
249	448	0.003340
249	449	0.000015
250	446	0.966623
250	448	0.000003
251	444	0.000002
251	445	0.999979
252	444	0.999975
253	443	0.999510
254	442	0.999954
255	440	0.000022
255	441	0.999702
256	440	0.999600
257	438	0.998894
257	440	0.000001
258	437	0.999953
259	436	0.999980
260	435	0.999582
261	407	0.000002
261	434	0.999956
262	433	0.999095
263	403	0.000190
263	405	0.000850
263	406	0.000061
263	429	0.000152
263	430	0.000003
263	431	0.000024
263	432	0.996974
264	402	0.000375
264	404	0.005795
264	405	0.000396
264	406	0.000064
264	428	0.000194
264	431	0.990222
265	399	0.000001
265	401	0.000468
265	409	0.000006
265	410	0.000005
266	273	0.000042
266	278	0.000001
266	290	0.000005
266	399	0.000002
266	401	0.001019
266	407	0.001790
266	409	0.000014
266	410	0.000011
267	277	0.000001
267	289	0.000005
267	295	0.000012
267	376	0.000004
267	399	0.000009
267	401	0.911214
267	409	0.000021
268	274	0.000020
268	276	0.000001
268	291	0.000048
268	292	0.000002
268	293	0.000019
268	294	0.000015
268	375	0.000005
268	400	0.975019
268	402	0.000017
268	403	0.000018
268	404	0.000009
268	405	0.000006
268	406	0.000003
268	408	0.000024
268	427	0.000108
268	428	0.000008
268	429	0.000048
268	430	0.000013
269	273	0.000024
269	290	0.000058
269	374	0.000005
269	398	0.000161
269	399	0.995614
269	401	0.000003
269	407	0.000021
270	289	0.000055
270	290	0.000023
270	397	0.000155
270	398	0.998686
270	399	0.000001
271	288	0.000012
271	289	0.000018
271	290	0.000137
271	396	0.000148
271	397	0.998722
272	287	0.000005
272	288	0.000002
272	289	0.000134
272	290	0.000093
272	396	0.998724
273	394	0.000668
273	395	0.990774
274	288	0.000500
275	287	0.000548
275	393	0.982342
276	286	0.000553
276	392	0.998859
277	285	0.000553
277	391	0.998069
278	284	0.000553
278	390	0.999179
278	391	0.000002
279	389	0.999372
280	387	0.000021
280	388	0.997933
281	383	0.000003
281	384	0.000030
281	386	0.000032
281	387	0.992665
281	388	0.000131
281	389	0.000004
282	383	0.000037
282	384	0.000025
282	386	0.963103
282	387	0.000425
282	388	0.000005
283	383	0.000045
283	384	0.000535
283	386	0.000726
283	387	0.000011
284	380	0.000646
284	383	0.000305
284	384	0.937087
284	386	0.000005
285	379	0.000649
285	383	0.995185
285	384	0.000094
286	378	0.000643
286	381	0.000207
286	382	0.997104
287	377	0.000640
287	381	0.995807
288	373	0.000001
288	375	0.000004
288	377	0.000027
288	378	0.000906
288	381	0.000030
289	372	0.000001
289	375	0.000041
289	377	0.000613
289	378	0.982133
290	377	0.992786
291	376	0.956330
291	379	0.000006
292	376	0.003657
293	370	0.000042
293	374	0.554974
293	376	0.000037
293	380	0.000007
294	369	0.000043
294	374	0.042123
294	376	0.000017
294	379	0.000006
295	368	0.000042
295	371	0.923996
295	372	0.006514
295	373	0.021079
295	375	0.000013
295	378	0.000003
296	367	0.000037
296	370	0.999602
296	374	0.000003
297	367	0.000006
297	369	0.999928
297	370	0.000006
298	366	0.000011
298	368	0.999519
299	367	0.999547
300	365	0.479318
300	366	0.514315
301	364	0.963559
302	363	0.999933
302	365	0.000005
303	362	0.999986
303	363	0.000003
304	361	0.999988
304	362	0.000002
305	360	0.999956
305	361	0.000001
306	359	0.999917
307	358	0.999743
308	357	0.999939
309	356	0.999938
310	355	0.999499
311	354	0.999192
312	353	0.999964
313	352	0.999731
314	351	0.999948
315	329	0.000020
315	350	0.999712
316	328	0.000078
316	349	0.939191
316	352	0.000012
317	327	0.000106
317	343	0.026809
317	351	0.000029
318	326	0.000106
318	329	0.000047
318	342	0.026825
318	350	0.000035
319	328	0.000047
319	341	0.026720
319	349	0.000053
320	324	0.000002
320	325	0.000002
320	327	0.000046
320	337	0.000001
320	340	0.025608
320	343	0.000001
320	344	0.000292
320	345	0.835207
321	326	0.000028
321	335	0.000001
321	337	0.000136
321	340	0.000034
321	343	0.000169
321	344	0.954147
321	345	0.001984
322	330	0.000007
322	335	0.000001
322	337	0.000584
322	340	0.000005
322	342	0.000022
322	343	0.964528
322	344	0.002125
322	345	0.000001
323	329	0.000008
323	335	0.001532
323	342	0.968378
323	343	0.001805
323	350	0.000004
324	328	0.000005
324	334	0.000772
324	339	0.000006
324	341	0.942049
324	349	0.000011
325	334	0.023646
325	339	0.002514
325	341	0.000420
325	349	0.000890
326	332	0.000011
326	333	0.024751
326	334	0.000076
326	336	0.000001
326	338	0.002168
326	339	0.938833
326	341	0.000001
326	347	0.000289
326	348	0.001793
326	349	0.000004
327	331	0.000005
327	332	0.024617
327	333	0.000076
327	336	0.001646
327	338	0.970462
327	339	0.000007
327	346	0.000294
327	347	0.001788
327	348	0.000007
328	335	0.001594
328	337	0.970489
328	345	0.000273
329	333	0.000025
329	334	0.000619
329	336	0.965571
329	338	0.000003
329	346	0.001682
329	347	0.000002
329	348	0.000002
330	334	0.005337
331	335	0.006244
331	344	0.002174
331	345	0.000003
332	343	0.002254
333	342	0.002253
334	340	0.000018
335	339	0.000014
335	341	0.000001
336	342	0.000001
342	348	0.000011
343	347	0.000011
343	348	0.000003
344	349	0.000002
374	394	0.000003
376	394	0.000269
377	393	0.000552
378	392	0.000553
379	391	0.000553
380	390	0.000554
380	394	0.000002
381	389	0.000554
381	393	0.000002
382	387	0.000001
382	388	0.000541
382	392	0.000002
383	391	0.000002
384	390	0.000002
394	407	0.000002
394	409	0.000002
395	407	0.001103
396	406	0.001109
397	405	0.001110
398	404	0.001110
398	405	0.000004
399	403	0.000902
399	404	0.000008
399	405	0.000005
399	406	0.000004
399	408	0.000002
400	409	0.002719
400	410	0.000002
401	405	0.000025
401	406	0.000245
401	408	0.011036
401	428	0.000002
401	429	0.000003
401	430	0.000019
402	407	0.045685
402	409	0.000101
402	410	0.001185
402	415	0.000001
402	419	0.000016
402	422	0.000003
402	434	0.000004
403	409	0.001987
403	410	0.000745
403	415	0.000092
403	418	0.000016
403	433	0.000005
404	409	0.001311
404	410	0.000048
404	413	0.000009
404	417	0.000016
404	419	0.000023
404	433	0.000001
405	409	0.000106
405	410	0.000053
405	412	0.000009
405	413	0.000168
405	418	0.000023
405	433	0.000001
406	410	0.000015
406	412	0.000168
406	415	0.000015
406	417	0.000024
407	411	0.000166
407	414	0.000015
407	416	0.000024
407	428	0.183399
407	431	0.000226
408	415	0.000023
409	414	0.000020
409	426	0.000481
409	427	0.765402
409	428	0.000690
409	429	0.000504
409	430	0.000202
410	426	0.962647
410	427	0.000752
410	428	0.000209
410	429	0.000064
410	430	0.000008
411	425	0.999683
412	424	0.999774
413	420	0.000001
413	423	0.999739
414	419	0.000006
414	422	0.999502
414	425	0.000008
415	420	0.000569
415	421	0.990051
415	423	0.000002
415	424	0.000008
415	426	0.000021
416	422	0.000021
416	425	0.000036
417	421	0.000025
417	424	0.000035
417	430	0.000081
418	423	0.000020
418	429	0.000107
419	424	0.000001
419	428	0.000110
420	425	0.000002
422	428	0.000004
517	525	0.000055
518	524	0.000069
519	523	0.000052
520	529	0.000010
521	528	0.000054
521	533	0.000001
521	667	0.000004
521	669	0.000007
522	532	0.000001
522	666	0.000002
522	668	0.000036
523	531	0.000001
523	667	0.000012
523	669	0.000002
524	530	0.000001
524	667	0.000019
524	669	0.000219
525	666	0.000009
525	668	0.001323
526	668	0.936603
527	667	0.997571
528	665	0.000005
528	666	0.997499
528	668	0.000002
529	664	0.000004
529	665	0.998818
529	666	0.000714
530	664	0.998056
530	665	0.001150
531	664	0.001526
532	662	0.994877
532	663	0.001817
533	661	0.997322
535	659	0.000009
535	660	0.999768
536	659	0.999945
537	658	0.999957
538	657	0.999990
539	656	0.999980
540	655	0.999584
541	654	0.999977
542	653	0.999991
543	652	0.999963
544	650	0.000009
544	651	0.999945
545	650	0.999768
546	647	0.000026
546	648	0.998902
547	647	0.991469
547	648	0.000042
547	649	0.000019
548	646	0.991894
549	645	0.999389
550	644	0.999956
551	642	0.000557
551	643	0.997333
551	647	0.000001
552	641	0.000844
552	644	0.000001
552	646	0.000001
554	641	0.992441
554	644	0.000002
555	638	0.000683
555	640	0.993098
555	642	0.003432
555	643	0.000002
556	641	0.003442
557	641	0.000003
559	636	0.000003
559	637	0.992280
559	638	0.000025
559	639	0.000003
560	635	0.000002
560	636	0.999959
560	638	0.000001
561	635	0.999973
562	634	0.999118
563	632	0.032657
563	633	0.967284
564	631	0.064939
564	632	0.932524
564	633	0.000008
565	630	0.092225
566	628	0.000036
566	630	0.603732
567	627	0.000018
567	629	0.303668
568	629	0.678047
569	628	0.999499
570	627	0.999464
571	626	0.999978
572	625	0.999778
573	623	0.999360
574	622	0.999136
575	621	0.999194
576	620	0.999975
577	619	0.999989
578	618	0.999934
579	617	0.984959
580	612	0.000105
580	617	0.000406
581	611	0.000104
581	617	0.000050
582	597	0.000005
582	610	0.000102
582	611	0.000002
582	617	0.000010
583	596	0.000005
583	599	0.000018
583	609	0.000100
583	610	0.000002
583	611	0.000003
583	617	0.000009
584	595	0.000005
584	598	0.000023
584	609	0.000001
584	611	0.000031
584	612	0.955872
585	594	0.000005
585	597	0.000024
585	610	0.000039
585	611	0.999664
586	596	0.000024
586	606	0.000008
586	609	0.000039
586	610	0.999818
586	611	0.000002
587	594	0.000024
587	606	0.000002
587	609	0.999738
587	610	0.000002
588	593	0.000023
588	607	0.014477
588	608	0.974977
590	604	0.000002
590	605	0.999147
590	607	0.000150
590	608	0.000027
591	604	0.999743
591	605	0.000160
591	607	0.000034
592	598	0.000002
592	602	0.000005
592	603	0.998935
592	606	0.000020
593	597	0.000003
593	599	0.000157
593	602	0.998792
593	603	0.000264
593	606	0.000018
594	600	0.014523
594	605	0.000017
594	607	0.000004
596	600	0.004682
596	604	0.000014
596	605	0.000024
597	604	0.000024
599	607	0.000004
599	618	0.000003
600	606	0.000004
600	617	0.000017
601	616	0.000018
602	614	0.000007
602	615	0.000017
603	613	0.000009
603	614	0.000015
604	611	0.000024
605	610	0.000024
681	690	0.000002
682	689	0.000002
683	689	0.000002
684	688	0.000004
684	690	0.000007
685	690	0.000009
686	691	0.000008
722	726	0.000001
722	728	0.000002
722	729	0.000005
722	730	0.000001
725	731	0.000054
725	733	0.000036
725	734	0.000373
725	736	0.000029
725	740	0.000002
726	731	0.000369
726	733	0.000836
726	734	0.000888
726	736	0.000272
726	740	0.000010
726	743	0.000001
727	737	0.002995
727	738	0.000143
727	746	0.000003
728	733	0.000413
728	734	0.000883
728	736	0.003197
728	740	0.000013
728	743	0.000002
728	745	0.000003
729	733	0.000674
729	734	0.000603
729	736	0.001269
729	740	0.000023
729	742	0.000003
729	743	0.000003
730	734	0.000229
730	736	0.000545
730	740	0.000018
730	742	0.000003
730	743	0.000002
731	737	0.000241
731	738	0.000394
732	749	0.000002
733	737	0.000243
733	738	0.000331
733	812	0.000003
734	738	0.000148
734	811	0.000004
735	749	0.000003
735	810	0.000004
735	816	0.000001
736	746	0.000014
736	749	0.000002
736	809	0.000004
736	815	0.000001
737	742	0.000006
737	743	0.000010
737	745	0.000017
737	748	0.000003
737	808	0.000003
738	742	0.000015
738	743	0.000018
738	745	0.000038
738	748	0.000008
738	759	0.000007
738	761	0.000007
738	805	0.000002
738	817	0.000228
739	749	0.000297
739	758	0.000007
739	760	0.000007
739	786	0.000005
739	800	0.000002
739	804	0.000002
739	816	0.000286
740	746	0.000011
740	749	0.000010
740	785	0.000005
740	787	0.000003
740	799	0.000002
740	803	0.000001
740	811	0.000023
740	812	0.000002
740	815	0.000276
741	749	0.000213
741	758	0.000005
741	784	0.000005
741	786	0.000004
741	800	0.000007
741	810	0.000025
741	816	0.000004
742	746	0.000012
742	749	0.000049
742	767	0.000003
742	768	0.000005
742	785	0.000004
742	799	0.000007
742	800	0.000002
742	809	0.000024
742	811	0.000054
742	812	0.002973
742	815	0.000004
743	749	0.000007
743	762	0.000002
743	766	0.000004
743	767	0.000006
743	784	0.000003
743	787	0.000001
743	799	0.000006
743	810	0.000056
743	811	0.005248
743	812	0.000002
744	749	0.000410
744	760	0.000001
744	786	0.000002
744	800	0.000004
744	809	0.000059
744	810	0.005491
745	749	0.000005
745	752	0.000001
745	760	0.000042
745	762	0.000063
745	766	0.000002
745	785	0.000002
745	797	0.000032
745	799	0.000004
745	809	0.005446
746	759	0.000061
746	761	0.000073
746	764	0.000013
746	796	0.000034
746	808	0.004774
746	817	0.000004
747	758	0.000065
747	760	0.000073
747	800	0.000031
747	809	0.000004
747	810	0.000009
747	816	0.000007
748	752	0.000003
748	760	0.000013
748	762	0.001749
748	766	0.000048
748	771	0.000004
748	781	0.000003
748	797	0.000003
748	799	0.000038
748	809	0.000009
748	811	0.000004
748	812	0.000001
748	815	0.000008
749	753	0.000013
749	754	0.000051
749	755	0.000002
749	756	0.000039
749	757	0.000002
749	759	0.000075
749	761	0.002149
749	763	0.000052
749	764	0.000002
749	765	0.000056
749	770	0.000004
749	774	0.000001
749	780	0.000003
749	793	0.001441
749	794	0.000003
749	795	0.000003
749	796	0.000001
749	798	0.000034
749	801	0.000002
749	805	0.005756
749	806	0.000003
749	807	0.000008
749	808	0.000003
749	814	0.000009
750	758	0.000077
750	760	0.001758
750	792	0.001619
750	800	0.000002
750	804	0.005870
750	809	0.000003
750	810	0.000102
751	758	0.001401
751	760	0.002727
751	791	0.001622
751	803	0.005870
751	809	0.000103
752	757	0.001024
752	759	0.003220
752	761	0.000083
752	789	0.000002
752	790	0.001586
752	793	0.000034
752	802	0.005732
752	805	0.000176
752	808	0.000048
753	758	0.003195
753	760	0.000090
753	786	0.000001
753	792	0.000038
753	800	0.000006
753	804	0.000238
754	758	0.000018
754	760	0.000037
754	786	0.000940
754	791	0.000038
754	800	0.000057
754	803	0.000238
754	804	0.000002
755	767	0.000003
755	768	0.000012
755	771	0.000002
755	772	0.000003
755	773	0.000003
755	785	0.000947
755	787	0.001269
755	799	0.000035
755	803	0.000001
756	760	0.000002
756	784	0.000926
756	786	0.001307
756	792	0.000015
756	800	0.006827
757	762	0.000003
757	766	0.001430
757	767	0.000021
757	768	0.000041
757	771	0.000452
757	772	0.000009
757	773	0.000010
757	776	0.000017
757	781	0.000136
757	782	0.000015
757	784	0.000216
757	785	0.001142
757	791	0.000016
757	797	0.000006
757	799	0.007134
757	815	0.000002
758	763	0.000221
758	764	0.000007
758	765	0.002489
758	769	0.000625
758	770	0.000779
758	774	0.001709
758	775	0.000020
758	777	0.000090
758	778	0.000003
758	779	0.000009
758	780	0.000217
758	783	0.002551
758	788	0.000332
758	789	0.000061
758	790	0.000067
758	795	0.000001
758	796	0.000005
758	798	0.007329
758	801	0.000016
758	814	0.000003
759	766	0.005196
759	767	0.000088
759	768	0.000862
759	771	0.001456
759	772	0.000029
759	773	0.001674
759	776	0.000104
759	781	0.000707
759	782	0.002332
759	784	0.000483
759	785	0.000001
759	787	0.000327
759	797	0.007235
759	799	0.000569
759	800	0.000007
760	764	0.000012
760	765	0.007469
760	769	0.000578
760	770	0.002115
760	774	0.001500
760	775	0.000054
760	777	0.000460
760	778	0.000026
760	779	0.000010
760	780	0.001059
760	783	0.002060
760	788	0.015521
760	789	0.000012
760	790	0.000002
760	794	0.000005
760	795	0.001031
760	796	0.005727
760	798	0.000766
760	801	0.000005
760	807	0.000001
760	813	0.000004
761	766	0.000092
761	767	0.000193
761	768	0.000798
761	771	0.000046
761	772	0.000032
761	773	0.001435
761	776	0.000549
761	781	0.000016
761	782	0.001944
761	784	0.000002
761	785	0.000113
761	786	0.000001
761	787	0.015614
761	791	0.000001
761	797	0.000764
761	800	0.000005
761	812	0.000004
762	769	0.000218
762	775	0.000534
762	777	0.000017
762	778	0.000042
762	779	0.000048
762	789	0.000014
762	790	0.000003
762	793	0.004208
762	794	0.000791
762	796	0.000694
762	805	0.000003
763	784	0.000037
763	786	0.033041
763	791	0.000006
763	792	0.004383
763	800	0.000050
763	804	0.000003
763	810	0.000008
764	768	0.000089
764	771	0.000291
764	772	0.000120
764	773	0.000285
764	776	0.000038
764	781	0.001334
764	782	0.000089
764	784	0.000002
764	785	0.033364
764	787	0.000125
764	791	0.000371
764	792	0.002205
764	797	0.000016
764	799	0.000048
764	803	0.000002
764	809	0.000007
764	810	0.000037
764	811	0.000007
765	784	0.033361
765	786	0.000156
765	791	0.006624
765	792	0.000004
765	800	0.000014
765	803	0.000002
765	809	0.000055
765	810	0.000007
766	775	0.000546
766	777	0.000076
766	778	0.000381
766	779	0.028585
766	789	0.000028
766	790	0.006701
766	794	0.000012
766	796	0.000009
766	802	0.000002
766	808	0.000054
767	775	0.000315
767	777	0.000380
767	778	0.035026
767	779	0.001452
767	789	0.006030
767	790	0.000019
767	793	0.000006
767	794	0.000794
767	796	0.000008
767	806	0.000077
768	775	0.000622
768	777	0.036144
768	778	0.001679
768	779	0.000304
768	789	0.000027
768	790	0.000002
768	793	0.000972
768	794	0.000003
768	796	0.000062
768	805	0.000084
769	773	0.000102
769	776	0.031250
769	781	0.000372
769	782	0.000222
769	785	0.001024
769	786	0.000002
769	787	0.006146
769	792	0.000991
769	797	0.000450
769	799	0.000011
769	804	0.000085
769	810	0.000001
769	811	0.000001
770	784	0.001117
770	786	0.006336
770	791	0.001014
770	800	0.000002
770	803	0.000085
770	809	0.000003
770	810	0.000001
771	775	0.000395
771	777	0.000247
771	778	0.002628
771	779	0.004041
771	789	0.000004
771	790	0.000994
771	794	0.000056
771	796	0.000166
771	802	0.000083
771	808	0.000003
772	777	0.002232
772	778	0.004701
772	779	0.001592
772	789	0.000849
772	790	0.000012
772	793	0.000035
772	794	0.015767
772	796	0.000013
772	806	0.000004
773	777	0.002851
773	778	0.001273
773	779	0.000177
773	789	0.000017
773	790	0.000001
773	793	0.019319
773	794	0.000008
773	805	0.000005
773	817	0.000006
774	784	0.000382
774	786	0.000675
774	791	0.000005
774	792	0.019798
774	800	0.000014
774	804	0.000005
774	810	0.000008
774	816	0.000007
775	781	0.000366
775	782	0.000522
775	784	0.000033
775	785	0.000647
775	786	0.000015
775	787	0.000015
775	791	0.019776
775	797	0.000002
775	799	0.000014
775	803	0.000005
775	809	0.000008
775	815	0.000007
776	789	0.000017
776	790	0.019589
776	796	0.000002
776	802	0.000004
776	808	0.000007
777	781	0.000110
777	782	0.000192
777	784	0.000043
777	785	0.000174
777	786	0.000124
777	787	0.000889
777	797	0.000002
777	811	0.000004
777	812	0.000059
778	782	0.000106
778	784	0.000175
778	785	0.000227
778	786	0.001069
778	787	0.000143
778	797	0.000010
778	800	0.000001
778	809	0.000002
778	810	0.000004
778	811	0.000205
778	812	0.000007
779	784	0.000206
779	785	0.001113
779	786	0.000138
779	787	0.020789
779	792	0.000058
779	799	0.000001
779	809	0.000003
779	810	0.000223
779	811	0.000019
780	784	0.000964
780	786	0.021294
780	791	0.000162
780	800	0.000001
780	809	0.000231
780	810	0.000020
781	789	0.000004
781	790	0.000171
781	794	0.000200
781	806	0.000152
781	808	0.000167
781	821	0.000005
782	789	0.000139
782	790	0.000002
782	793	0.000252
782	796	0.000001
782	805	0.000331
782	806	0.000001
782	817	0.000001
782	819	0.000002
782	821	0.000068
783	791	0.000028
783	792	0.000258
783	800	0.000002
783	804	0.000350
783	809	0.000015
783	810	0.000245
783	816	0.000002
783	818	0.000002
784	788	0.000049
784	789	0.000008
784	790	0.000033
784	795	0.000061
784	798	0.000050
784	807	0.000018
784	808	0.000011
784	817	0.000001
784	820	0.007529
784	821	0.000028
784	822	0.894176
785	789	0.000027
785	790	0.000075
785	794	0.000059
785	796	0.000173
785	802	0.000352
785	806	0.000015
785	808	0.000268
785	819	0.007521
785	821	0.909566
786	793	0.000040
786	794	0.000011
786	795	0.000182
786	801	0.000355
786	805	0.000008
786	806	0.000020
786	807	0.000274
786	817	0.000001
786	820	0.911802
787	793	0.000026
787	794	0.000153
787	805	0.000057
787	806	0.000240
787	817	0.010195
787	819	0.911512
788	792	0.000037
788	800	0.000310
788	803	0.000002
788	804	0.000092
788	816	0.010845
788	818	0.910595
789	799	0.000163
789	800	0.000349
789	803	0.000059
789	804	0.000189
789	815	0.005501
789	816	0.782174
789	818	0.000006
790	797	0.000007
790	799	0.001212
790	803	0.000225
790	809	0.000001
790	815	0.946987
790	816	0.000530
791	795	0.000002
791	796	0.000007
791	798	0.001478
791	801	0.000009
791	802	0.000294
791	808	0.000002
791	814	0.966181
792	798	0.000057
792	801	0.000329
792	807	0.000002
792	813	0.966246
793	797	0.000048
793	799	0.000005
793	800	0.000322
793	811	0.000046
793	812	0.965241
794	799	0.000207
794	800	0.000002
794	804	0.000001
794	810	0.000090
794	811	0.964696
794	812	0.000007
795	800	0.000038
795	803	0.000003
795	804	0.000020
795	809	0.000176
795	810	0.962404
796	800	0.000003
796	803	0.000039
796	804	0.000007
796	809	0.771558
796	810	0.000153
796	811	0.000029
797	802	0.000068
797	805	0.057647
797	806	0.000967
797	808	0.611627
797	817	0.000002
797	819	0.000438
797	821	0.000002
798	803	0.013916
798	804	0.076723
798	809	0.183707
798	810	0.000003
798	816	0.000002
798	818	0.000526
799	805	0.012580
799	806	0.265003
799	808	0.223255
799	817	0.000374
799	819	0.000002
800	805	0.148733
800	806	0.002931
800	807	0.234532
800	808	0.000144
800	817	0.015695
801	809	0.000146
801	810	0.000008
801	816	0.023510
802	809	0.000015
802	815	0.024630
803	807	0.000866
803	808	0.000069
803	814	0.024941
804	808	0.000013
804	813	0.024941
805	811	0.000040
805	812	0.024268
806	810	0.000066
806	811	0.018361
806	812	0.000008
807	816	0.000055
808	815	0.000068
809	814	0.000072
810	814	0.000010
