1	7	0.000011
1	8	0.000010
1	9	0.000002
1	41	0.072115
1	707	0.000006
1	732	0.001452
2	7	0.000033
2	8	0.000007
2	9	0.000001
2	30	0.000001
2	39	0.000057
2	40	0.095283
2	41	0.000568
2	42	0.001720
2	46	0.000734
2	53	0.000002
2	62	0.000018
2	677	0.000008
2	694	0.000004
2	706	0.000007
2	707	0.000011
2	725	0.000202
2	730	0.000025
2	731	0.001131
2	732	0.749368
2	733	0.011157
3	7	0.000006
3	8	0.000004
3	9	0.000002
3	29	0.000001
3	39	0.095301
3	40	0.000698
3	41	0.001390
3	42	0.015441
3	46	0.000049
3	52	0.000002
3	61	0.000018
3	676	0.000008
3	705	0.000006
3	706	0.000012
3	724	0.000201
3	725	0.000002
3	730	0.000330
3	731	0.851882
3	732	0.000115
3	733	0.000022
4	8	0.000003
4	9	0.000001
4	28	0.000001
4	41	0.014794
4	60	0.000018
4	690	0.000016
4	704	0.000003
4	705	0.000010
4	728	0.000073
4	730	0.853076
4	732	0.000012
5	27	0.000001
5	56	0.000002
5	59	0.000018
5	675	0.000004
5	689	0.000017
5	691	0.000004
5	703	0.000003
5	727	0.000076
5	729	0.853570
6	26	0.000001
6	41	0.000069
6	55	0.000002
6	58	0.000017
6	688	0.000017
6	690	0.000004
6	728	0.836250
7	25	0.000001
7	37	0.000023
7	38	0.001794
7	43	0.000018
7	44	0.000017
7	45	0.000008
7	54	0.000002
7	57	0.000015
7	687	0.000015
7	689	0.000003
7	722	0.000015
7	723	0.000065
7	726	0.000578
7	727	0.792469
8	37	0.001235
8	38	0.493292
8	43	0.000012
8	44	0.000007
8	45	0.000001
8	56	0.000004
8	73	0.000002
8	675	0.000001
8	722	0.000120
8	723	0.000381
8	726	0.323928
8	727	0.000485
9	37	0.924487
9	38	0.000574
9	43	0.000002
9	73	0.000002
9	721	0.000001
9	722	0.000366
9	723	0.000316
9	726	0.000339
9	727	0.000004
10	36	0.999570
10	724	0.000109
10	725	0.000083
11	16	0.000001
11	35	0.999830
11	72	0.000001
12	31	0.000004
12	34	0.991768
12	35	0.000003
12	71	0.000001
12	722	0.000001
12	723	0.000020
13	31	0.000121
13	34	0.000106
13	70	0.000001
13	722	0.000020
14	35	0.000004
14	69	0.000001
14	721	0.000013
15	31	0.914214
15	34	0.000005
15	68	0.000001
15	720	0.000004
16	28	0.000021
16	29	0.077096
16	30	0.917223
16	32	0.000048
16	33	0.000003
16	731	0.000001
17	26	0.000064
17	28	0.533670
17	29	0.462666
17	730	0.000001
18	25	0.000135
18	27	0.988379
18	59	0.000001
18	729	0.000001
19	24	0.000099
19	26	0.987430
19	28	0.010479
19	58	0.000001
19	728	0.000001
20	25	0.983914
20	27	0.010730
20	57	0.000001
21	26	0.008119
21	28	0.000001
21	29	0.000003
22	26	0.000008
22	28	0.000017
23	27	0.000017
25	52	0.000001
26	51	0.000001
27	36	0.000001
27	50	0.000001
28	35	0.000001
28	49	0.000001
30	59	0.000001
31	58	0.000001
31	716	0.000003
32	57	0.000001
32	715	0.000004
33	56	0.000001
33	714	0.000004
34	55	0.000001
34	75	0.000011
34	713	0.000004
35	74	0.000013
35	712	0.000004
36	711	0.000004
37	75	0.000103
37	76	0.000036
38	58	0.000718
38	60	0.000001
38	75	0.000539
38	76	0.000026
39	48	0.000208
39	57	0.000814
39	59	0.000001
39	69	0.000649
39	71	0.000170
39	72	0.818105
39	675	0.000006
40	48	0.002165
40	56	0.000816
40	57	0.000001
40	68	0.000654
40	69	0.000139
40	71	0.825489
40	72	0.000093
40	675	0.000003
40	697	0.000005
40	727	0.000001
41	45	0.000014
41	47	0.002011
41	48	0.000025
41	49	0.003808
41	51	0.000002
41	54	0.000003
41	57	0.000006
41	68	0.000099
41	69	0.004039
41	70	0.820988
41	71	0.000062
41	72	0.000034
41	73	0.000583
41	692	0.000010
41	696	0.000005
41	722	0.000001
41	726	0.000001
42	48	0.004548
42	56	0.000016
42	59	0.000001
42	68	0.020725
42	69	0.797204
42	71	0.000055
42	72	0.000679
42	675	0.000002
42	691	0.000012
42	695	0.000005
43	55	0.000015
43	58	0.000002
43	61	0.000006
43	67	0.034593
43	75	0.000001
43	76	0.000002
43	690	0.000011
43	732	0.000005
44	58	0.000002
44	60	0.000002
44	61	0.000251
44	67	0.016171
44	75	0.000004
44	76	0.000006
44	732	0.000012
45	58	0.000021
45	60	0.000345
45	61	0.000009
45	67	0.002774
45	75	0.000014
45	76	0.000005
45	688	0.000010
45	690	0.000002
45	728	0.000002
45	730	0.000001
45	732	0.000024
46	56	0.000172
46	57	0.000020
46	59	0.000353
46	68	0.116714
46	69	0.000003
46	71	0.000011
46	72	0.000048
46	675	0.000006
46	687	0.000011
46	689	0.000003
46	691	0.000002
46	720	0.000006
46	727	0.000003
46	729	0.000002
47	55	0.000174
47	58	0.000322
47	60	0.000080
47	61	0.000531
47	67	0.116978
47	75	0.003492
47	76	0.000002
47	688	0.000002
47	690	0.000001
47	707	0.000097
47	719	0.000006
47	728	0.000001
47	732	0.127109
48	52	0.000023
48	53	0.000117
48	55	0.000002
48	58	0.000001
48	60	0.000339
48	61	0.533683
48	62	0.128422
48	64	0.002319
48	65	0.000914
48	66	0.103746
48	67	0.000002
48	74	0.003973
48	75	0.000007
48	76	0.000002
48	706	0.000107
48	718	0.000006
48	724	0.000002
48	725	0.000008
48	731	0.145295
48	732	0.000002
48	733	0.000007
49	55	0.000008
49	58	0.000322
49	60	0.742189
49	61	0.064923
49	75	0.000006
49	690	0.000018
49	705	0.000105
49	717	0.000005
49	728	0.000002
49	730	0.145368
49	732	0.000006
50	56	0.000223
50	57	0.000342
50	59	0.812181
50	68	0.000037
50	69	0.000002
50	71	0.006598
50	72	0.003488
50	675	0.000004
50	689	0.000019
50	691	0.000013
50	727	0.000002
50	729	0.145409
51	55	0.000150
51	58	0.809985
51	60	0.000663
51	61	0.000010
51	67	0.000034
51	75	0.000001
51	688	0.000019
51	690	0.000013
51	704	0.000114
51	716	0.000005
51	728	0.144981
51	730	0.000007
52	56	0.000516
52	57	0.802154
52	59	0.000685
52	68	0.000023
52	69	0.027591
52	71	0.000006
52	72	0.000015
52	680	0.000002
52	687	0.000019
52	689	0.000007
52	691	0.000001
52	703	0.000118
52	715	0.000005
52	727	0.139650
52	729	0.000008
53	57	0.000544
53	59	0.000139
53	68	0.031300
53	69	0.000056
53	71	0.000015
53	623	0.000006
53	679	0.000002
53	689	0.000010
53	691	0.000003
53	702	0.000118
53	714	0.000005
53	727	0.003359
53	729	0.000002
54	58	0.000097
54	60	0.000029
54	61	0.000018
54	67	0.030836
54	76	0.000003
54	79	0.000001
54	622	0.000006
54	688	0.000016
54	690	0.000003
54	701	0.000111
54	713	0.000005
54	728	0.000003
55	59	0.000027
55	63	0.000082
55	68	0.000008
55	69	0.000003
55	78	0.000001
55	621	0.000006
55	678	0.000002
55	684	0.000017
55	687	0.000016
55	689	0.000003
55	722	0.000004
55	723	0.000010
55	726	0.121083
55	727	0.000002
56	62	0.000089
56	64	0.000011
56	65	0.036529
56	66	0.001357
56	67	0.000008
56	74	0.000012
56	75	0.004030
56	76	0.000001
56	77	0.000003
56	620	0.000006
56	677	0.000003
56	683	0.000017
56	686	0.000015
56	688	0.000001
56	699	0.000038
56	700	0.000030
56	712	0.000002
56	724	0.000030
56	725	0.140637
57	61	0.000037
57	62	0.000013
57	64	0.036609
57	65	0.001323
57	66	0.000010
57	74	0.005043
57	75	0.000005
57	76	0.000003
57	619	0.000006
57	676	0.000003
57	682	0.000017
57	699	0.000034
57	724	0.140366
57	725	0.000002
58	63	0.032068
58	72	0.000335
58	73	0.005166
58	675	0.000003
58	681	0.000017
58	684	0.000010
58	687	0.000003
58	695	0.000092
58	696	0.000003
58	698	0.000026
58	710	0.000002
58	722	0.000326
58	723	0.131276
59	64	0.000711
59	65	0.000013
59	66	0.000025
59	74	0.128351
59	75	0.000025
59	86	0.000002
59	618	0.000004
59	683	0.000014
59	686	0.000010
59	694	0.000483
59	709	0.000002
59	724	0.000006
60	68	0.000002
60	69	0.000003
60	70	0.001971
60	71	0.006150
60	72	0.000009
60	73	0.128702
60	617	0.000004
60	685	0.000010
60	693	0.000485
60	708	0.000002
60	721	0.000002
60	722	0.000056
60	723	0.000014
61	68	0.000007
61	69	0.002287
61	70	0.006983
61	71	0.000009
61	72	0.128041
61	73	0.000508
61	85	0.000006
61	681	0.000003
61	684	0.000009
61	692	0.000493
61	721	0.000017
61	722	0.000042
62	68	0.005387
62	69	0.007086
62	71	0.127779
62	72	0.000706
62	84	0.000008
62	675	0.000001
62	689	0.000004
62	691	0.000499
62	720	0.000015
62	721	0.000030
62	729	0.000001
63	67	0.003583
63	75	0.000008
63	682	0.000007
63	688	0.000004
63	690	0.000499
63	716	0.000006
63	719	0.000009
63	728	0.000002
63	730	0.000023
64	68	0.003777
64	69	0.010210
64	71	0.000253
64	72	0.002834
64	82	0.000008
64	675	0.000001
64	687	0.000004
64	689	0.000497
64	715	0.000010
64	727	0.000001
64	729	0.000026
65	69	0.000670
65	71	0.002854
65	72	0.006087
65	81	0.000008
65	680	0.000709
65	687	0.000001
65	714	0.000010
65	727	0.000001
65	729	0.000003
66	71	0.006090
66	72	0.000133
66	80	0.000008
66	679	0.000714
66	711	0.000012
66	727	0.000511
67	71	0.000109
67	72	0.000007
67	73	0.000007
67	78	0.000004
67	678	0.000714
67	710	0.000013
67	726	0.000594
68	74	0.000178
68	75	0.000094
68	77	0.000007
68	677	0.000714
68	709	0.000013
68	725	0.000615
69	74	0.000120
69	75	0.000003
69	76	0.000010
69	77	0.000007
69	676	0.000709
69	724	0.000609
69	733	0.000002
70	75	0.000030
70	76	0.000010
70	707	0.000008
70	732	0.000003
71	75	0.000011
71	76	0.000002
71	77	0.000002
71	629	0.000001
71	674	0.000007
71	677	0.000002
71	706	0.000012
71	707	0.000004
71	724	0.000004
71	725	0.000865
71	731	0.000003
71	732	0.000019
72	76	0.000002
72	77	0.000004
72	626	0.000002
72	674	0.000001
72	676	0.000002
72	705	0.000010
72	706	0.000005
72	724	0.000861
72	725	0.000014
72	730	0.000002
72	731	0.000023
73	79	0.000002
73	627	0.000009
73	704	0.000004
73	705	0.000004
73	728	0.000312
73	730	0.000024
74	78	0.000003
74	623	0.000011
74	625	0.000689
74	675	0.000256
74	703	0.000003
74	711	0.000002
74	721	0.000001
74	727	0.000380
74	729	0.000024
75	623	0.000004
75	624	0.002247
75	625	0.003795
75	675	0.000008
75	710	0.000002
75	722	0.000017
75	723	0.000013
75	726	0.000339
75	727	0.000001
76	623	0.000031
76	624	0.903344
76	722	0.000006
77	623	0.998320
78	622	0.998310
79	621	0.999453
80	620	0.999968
81	619	0.999981
82	618	0.999976
83	617	0.999211
84	546	0.000006
84	547	0.000041
84	549	0.000001
84	613	0.000003
84	615	0.018117
84	616	0.642735
85	547	0.000451
85	549	0.001668
85	616	0.002615
86	548	0.002015
86	617	0.000005
87	548	0.000004
87	614	0.000331
88	545	0.000005
88	546	0.996486
88	547	0.000030
88	613	0.000001
88	615	0.000036
89	545	0.999947
89	546	0.000022
90	544	0.999963
91	543	0.999964
92	542	0.999991
93	541	0.999976
94	540	0.999465
95	539	0.999232
95	540	0.000006
96	105	0.000008
96	166	0.000141
96	439	0.000001
97	104	0.000008
97	114	0.000002
97	164	0.000022
97	165	0.000148
97	438	0.000001
97	537	0.000246
97	538	0.996651
98	103	0.000008
98	113	0.000002
98	163	0.000023
98	164	0.000148
98	222	0.000002
98	438	0.000002
98	440	0.000001
98	537	0.996659
98	538	0.000009
99	116	0.000162
99	166	0.000001
99	212	0.000016
99	221	0.000001
99	230	0.000004
99	236	0.000001
99	437	0.000002
99	535	0.003806
99	536	0.918344
99	539	0.000191
100	113	0.000037
100	114	0.992787
100	164	0.000002
100	165	0.000002
100	211	0.000017
100	215	0.000001
100	538	0.000242
101	113	0.999214
101	114	0.000026
101	163	0.000002
101	164	0.000002
101	210	0.000017
101	215	0.000188
101	537	0.000243
102	107	0.000002
102	111	0.001132
102	112	0.996843
102	170	0.000001
102	209	0.000015
102	214	0.000190
102	536	0.000241
103	110	0.001161
103	111	0.998317
103	112	0.000011
103	169	0.000001
103	170	0.000017
103	213	0.000191
103	535	0.000237
103	536	0.000005
104	110	0.997282
104	111	0.000014
104	169	0.000018
104	212	0.000190
104	535	0.000008
105	109	0.809386
105	211	0.000073
105	533	0.000002
105	534	0.000010
106	168	0.000200
106	532	0.000004
107	113	0.000004
107	167	0.000230
107	531	0.000004
107	533	0.000003
108	112	0.000002
108	166	0.000118
108	532	0.000002
109	166	0.000306
109	532	0.000002
110	164	0.000013
110	165	0.000428
110	530	0.000006
110	531	0.000002
111	163	0.000013
111	164	0.000428
111	529	0.000006
111	530	0.000002
112	163	0.000416
112	528	0.000006
112	529	0.000002
112	537	0.000001
113	527	0.000006
113	536	0.000002
114	236	0.000003
114	527	0.000002
114	535	0.000003
115	166	0.000099
115	168	0.000002
115	214	0.000004
115	232	0.000005
115	235	0.000003
116	161	0.000014
116	162	0.993062
116	163	0.001147
116	164	0.000020
116	165	0.000064
116	231	0.000003
117	161	0.999254
117	162	0.000607
117	163	0.000015
117	164	0.000048
118	160	0.999452
119	159	0.999977
120	158	0.999979
121	156	0.000001
121	157	0.999033
122	156	0.999289
122	157	0.000001
123	155	0.999964
124	154	0.999511
125	153	0.999977
126	152	0.999984
127	150	0.000001
127	151	0.998859
128	150	0.998775
129	149	0.998652
130	148	0.911101
131	146	0.000002
131	147	0.649753
131	148	0.085284
132	146	0.387791
132	147	0.350045
133	139	0.000003
133	143	0.006217
133	146	0.611800
134	138	0.000003
134	140	0.000002
134	142	0.006271
134	145	0.866866
135	139	0.000002
135	143	0.007765
135	147	0.000026
136	143	0.976668
136	146	0.000034
137	142	0.986965
137	145	0.000042
138	143	0.000033
160	216	0.000002
161	214	0.000003
161	230	0.000002
162	170	0.000002
162	213	0.000064
162	214	0.001158
162	228	0.000004
162	230	0.000302
162	535	0.000002
162	536	0.000020
163	168	0.000084
163	169	0.000022
163	170	0.000285
163	177	0.000013
163	178	0.000002
163	212	0.000133
163	213	0.029874
163	214	0.585120
163	221	0.000011
163	227	0.000006
163	228	0.118917
163	230	0.000061
163	232	0.000006
163	236	0.000002
163	240	0.000008
163	410	0.000002
163	535	0.000110
163	536	0.001147
164	168	0.000018
164	169	0.000297
164	170	0.000036
164	176	0.000018
164	177	0.000003
164	212	0.029703
164	213	0.645532
164	214	0.115798
164	220	0.000009
164	221	0.000123
164	226	0.000003
164	227	0.119561
164	228	0.000139
164	236	0.000004
164	239	0.000009
164	410	0.000001
164	443	0.000003
164	535	0.001152
164	536	0.004538
165	169	0.000037
165	175	0.000021
165	176	0.000003
165	212	0.642183
165	213	0.128051
165	214	0.001624
165	220	0.000124
165	224	0.000002
165	226	0.119428
165	227	0.000138
165	230	0.000012
165	235	0.000003
165	236	0.000002
165	238	0.000012
165	442	0.000003
165	535	0.004658
165	536	0.000003
166	174	0.000021
166	210	0.000537
166	211	0.070360
166	215	0.000314
166	216	0.000188
166	217	0.000073
166	219	0.000123
166	223	0.000002
166	225	0.119655
166	229	0.000012
166	234	0.000003
166	237	0.000013
166	441	0.000003
166	534	0.004244
167	175	0.000122
167	209	0.000586
167	212	0.139897
167	213	0.031360
167	214	0.000196
167	220	0.000001
167	224	0.119629
167	228	0.000011
167	235	0.000010
167	236	0.000011
167	535	0.000015
168	174	0.000124
168	207	0.000047
168	208	0.000516
168	210	0.000016
168	211	0.003597
168	215	0.000050
168	216	0.000041
168	217	0.000104
168	218	0.000004
168	219	0.000008
168	222	0.000265
168	223	0.117430
168	234	0.000022
168	530	0.000001
168	534	0.000013
169	173	0.000123
169	206	0.000085
169	210	0.002131
169	211	0.876019
169	215	0.000018
169	218	0.000005
169	222	0.046815
169	233	0.000022
169	529	0.000001
170	206	0.000206
170	210	0.993840
170	211	0.000123
170	215	0.000011
170	218	0.000014
170	222	0.000043
170	231	0.000023
170	528	0.000001
171	175	0.000007
171	209	0.997033
171	212	0.000070
171	213	0.000001
171	214	0.000005
171	220	0.000170
171	221	0.000071
171	230	0.000023
171	527	0.000001
172	204	0.000002
172	205	0.000079
172	206	0.000073
172	207	0.000557
172	208	0.986509
172	210	0.000041
172	211	0.000067
172	216	0.000002
172	217	0.000003
172	218	0.000002
172	219	0.000179
172	222	0.000002
172	229	0.000023
172	526	0.000001
173	209	0.000053
173	212	0.000003
173	213	0.000002
173	221	0.000042
173	228	0.000023
174	214	0.000002
174	220	0.000038
175	204	0.002941
175	206	0.241247
175	210	0.000004
175	211	0.000003
175	215	0.000008
175	218	0.000012
176	203	0.002216
176	204	0.994730
176	206	0.000006
176	210	0.000002
177	202	0.001482
177	203	0.997729
177	204	0.000019
178	201	0.000747
178	202	0.998491
178	203	0.000013
179	199	0.000001
179	201	0.999222
179	202	0.000007
180	200	0.999463
181	198	0.000001
181	199	0.998119
182	198	0.998841
183	197	0.999964
184	196	0.999509
185	193	0.000002
185	195	0.999972
186	192	0.000006
186	194	0.999917
187	191	0.000024
187	193	0.991644
187	195	0.000007
188	192	0.980165
188	194	0.000008
189	193	0.000009
202	213	0.000002
202	214	0.000001
203	212	0.000002
203	213	0.000005
203	228	0.000002
204	212	0.000006
204	213	0.000001
204	227	0.000002
204	236	0.000003
205	214	0.000425
205	226	0.000003
205	235	0.000003
206	212	0.000011
206	213	0.000445
206	221	0.000475
206	227	0.000003
207	214	0.000003
207	220	0.000466
207	226	0.000003
208	214	0.000001
208	220	0.000002
208	232	0.000004
208	415	0.000002
209	215	0.000030
209	218	0.000532
209	222	0.000024
209	231	0.000004
209	414	0.000003
210	214	0.000012
210	220	0.000001
210	221	0.000244
210	230	0.000004
210	413	0.000003
210	536	0.000002
211	220	0.000289
211	221	0.000237
211	228	0.000002
211	412	0.000003
211	535	0.000002
212	218	0.000935
212	222	0.000079
212	231	0.000001
212	233	0.000002
212	411	0.000003
212	530	0.000003
212	538	0.000003
213	218	0.001532
213	222	0.000788
213	233	0.000003
213	529	0.000003
213	537	0.000003
213	538	0.000003
214	218	0.000039
214	219	0.000489
214	222	0.003930
214	223	0.000013
214	225	0.000025
214	229	0.000008
214	231	0.000018
214	237	0.000233
214	528	0.000003
214	534	0.000002
214	537	0.000003
215	220	0.000025
215	221	0.015824
215	224	0.000049
215	227	0.000051
215	228	0.000017
215	230	0.000076
215	236	0.000634
215	238	0.000053
215	239	0.001820
215	410	0.000011
215	527	0.000003
215	535	0.000099
215	536	0.000044
216	220	0.012000
216	226	0.000048
216	235	0.000553
216	238	0.003135
216	409	0.000007
217	226	0.000006
217	232	0.000001
217	235	0.000010
217	238	0.000610
218	224	0.000049
218	227	0.000585
218	228	0.000005
218	230	0.000002
218	232	0.000002
218	235	0.000008
218	236	0.872576
218	239	0.000013
218	535	0.000001
219	226	0.000571
219	232	0.000175
219	235	0.874350
219	238	0.000020
220	225	0.000464
220	229	0.000001
220	231	0.000051
220	233	0.000007
220	234	0.874684
220	237	0.000025
221	231	0.000573
221	233	0.872163
222	226	0.000003
222	227	0.000278
222	228	0.000426
222	230	0.001052
222	232	0.326115
222	235	0.000003
222	236	0.001974
222	535	0.000075
222	536	0.000002
223	232	0.509781
223	235	0.001956
224	231	0.778262
224	233	0.002526
224	533	0.000376
225	232	0.002910
225	235	0.000141
225	532	0.000379
226	231	0.002720
226	234	0.000188
226	441	0.000009
226	531	0.000379
227	231	0.000293
227	233	0.000192
227	440	0.000006
227	530	0.000379
228	233	0.000051
228	416	0.000002
228	440	0.001039
228	529	0.000379
229	235	0.000063
229	238	0.000019
229	415	0.000008
229	439	0.001681
230	411	0.000008
230	414	0.000010
230	438	0.001746
230	440	0.000002
230	528	0.000368
230	537	0.000002
231	235	0.000039
231	236	0.008212
231	238	0.000100
231	239	0.000002
231	409	0.000002
231	410	0.000013
231	412	0.000028
231	413	0.000006
231	436	0.001206
231	437	0.000878
231	527	0.000370
231	535	0.000232
231	536	0.000006
232	237	0.000147
232	411	0.000039
232	435	0.002079
232	525	0.000153
232	526	0.000225
232	534	0.000213
233	238	0.000004
233	239	0.000007
233	409	0.000004
233	410	0.000169
233	412	0.000001
233	434	0.002090
233	524	0.000293
233	535	0.000015
233	536	0.000006
234	238	0.000010
234	409	0.000157
234	433	0.002089
234	523	0.000286
234	532	0.000007
235	408	0.000050
235	411	0.000003
235	432	0.002088
235	522	0.000244
235	531	0.000007
235	534	0.000005
236	407	0.000018
236	411	0.000006
236	428	0.000001
236	431	0.002084
236	530	0.000007
236	533	0.000005
237	409	0.454211
238	407	0.000005
238	408	0.905658
238	429	0.000002
239	406	0.000013
239	407	0.997177
239	428	0.000001
240	405	0.000012
240	406	0.998962
240	407	0.000916
241	404	0.000010
241	405	0.999040
241	406	0.000927
241	407	0.000003
242	404	0.999001
242	405	0.000931
242	406	0.000003
243	402	0.000014
243	403	0.990482
243	404	0.000888
243	405	0.000003
245	402	0.898370
246	399	0.000014
246	401	0.898371
247	399	0.991400
248	398	0.999931
248	399	0.000020
249	397	0.999976
249	398	0.000014
250	396	0.999984
250	397	0.000007
251	395	0.999991
252	394	0.999977
253	393	0.999484
254	392	0.999545
255	385	0.000001
255	390	0.000016
255	391	0.139503
256	390	0.126732
256	391	0.860113
257	381	0.000002
257	390	0.870981
257	391	0.000005
258	380	0.000001
258	383	0.003693
258	384	0.115881
258	386	0.003915
258	387	0.015209
258	388	0.003286
258	389	0.840129
259	383	0.256803
259	384	0.001320
259	386	0.021439
259	387	0.005103
259	388	0.668693
259	389	0.000330
260	381	0.996116
261	380	0.999846
261	383	0.000003
261	384	0.000002
261	386	0.000065
262	379	0.999481
262	384	0.000002
263	378	0.999479
263	382	0.000003
264	377	0.999893
264	381	0.000003
265	376	0.987407
266	374	0.146818
266	376	0.000045
266	380	0.000007
267	376	0.000040
267	379	0.000006
268	371	0.925032
268	372	0.010413
268	373	0.005395
268	375	0.000051
268	378	0.000002
269	369	0.000109
269	370	0.999503
269	374	0.000014
270	368	0.000118
270	369	0.999800
270	370	0.000069
271	367	0.000125
271	368	0.999797
271	369	0.000064
272	367	0.999594
272	368	0.000058
273	363	0.000002
273	365	0.998903
274	362	0.000001
274	364	0.996494
275	364	0.000172
276	362	0.995677
276	364	0.000003
277	358	0.000002
277	360	0.000001
277	361	0.998089
277	363	0.000003
278	357	0.000003
278	360	0.998404
278	361	0.000234
278	363	0.000008
279	356	0.000003
279	359	0.976086
279	362	0.000007
280	288	0.000001
280	355	0.000002
281	287	0.000001
281	356	0.001401
281	359	0.011295
282	355	0.001129
283	355	0.000009
284	355	0.000012
284	356	0.997678
285	352	0.000168
285	355	0.998207
286	351	0.000153
286	353	0.000004
286	354	0.999081
287	350	0.000130
287	351	0.000010
287	353	0.998194
288	350	0.000010
288	351	0.000683
288	353	0.000013
289	350	0.000102
289	351	0.721085
289	354	0.000006
290	350	0.993170
290	351	0.000648
290	353	0.000007
291	349	0.970807
291	352	0.000007
292	349	0.004125
293	347	0.992218
293	348	0.004892
293	349	0.000674
294	346	0.996190
294	347	0.002477
294	348	0.000994
294	349	0.000003
295	345	0.997996
296	344	0.998184
296	346	0.000026
296	347	0.001300
296	348	0.000003
297	302	0.000001
297	304	0.000001
297	341	0.000020
297	344	0.000078
297	346	0.001508
297	347	0.000002
298	340	0.000020
298	342	0.989079
298	343	0.000073
298	345	0.001532
299	339	0.000020
299	341	0.997923
299	344	0.001533
299	346	0.000004
300	340	0.996338
300	343	0.001344
300	345	0.000003
301	339	0.973406
302	306	0.000001
302	342	0.000140
302	343	0.000213
303	342	0.000222
303	343	0.000176
304	342	0.000185
304	343	0.000065
305	342	0.000067
306	338	0.997937
306	339	0.000016
306	341	0.000040
307	337	0.999440
307	340	0.000022
308	336	0.999973
308	339	0.000002
309	335	0.999958
309	338	0.000002
310	334	0.983005
312	331	0.000001
312	332	0.994313
312	333	0.000931
313	331	0.999385
314	330	0.999490
315	329	0.999963
316	328	0.999575
317	326	0.000011
317	327	0.999915
318	326	0.998639
318	327	0.000036
318	329	0.000002
319	328	0.000005
320	326	0.000214
320	327	0.000008
321	325	0.000664
321	326	0.000010
381	386	0.000159
381	387	0.000006
381	388	0.000021
381	389	0.000068
382	387	0.000208
382	388	0.000133
383	390	0.000010
383	391	0.000001
384	390	0.000001
386	390	0.000005
386	391	0.000002
406	536	0.000073
407	535	0.000424
407	536	0.000128
409	426	0.000004
409	427	0.000009
409	429	0.000031
409	534	0.453542
410	428	0.000057
410	440	0.000001
410	530	0.000002
410	531	0.000019
410	533	0.988652
411	425	0.002678
411	439	0.000001
411	532	0.995915
411	535	0.000003
412	424	0.002684
412	438	0.000001
412	529	0.000023
412	530	0.000028
412	531	0.997206
413	423	0.002684
413	528	0.000023
413	529	0.000046
413	530	0.997111
414	422	0.002671
414	436	0.000001
414	527	0.000022
415	421	0.002657
415	435	0.000001
415	526	0.000020
415	528	0.988251
415	529	0.000018
416	434	0.000001
416	527	0.997040
417	430	0.000001
417	525	0.000037
417	526	0.993712
418	429	0.000002
418	525	0.967301
418	526	0.001075
419	428	0.000002
419	431	0.000001
420	523	0.000055
420	524	0.996248
421	523	0.996643
422	522	0.996484
423	520	0.000009
423	521	0.997224
424	520	0.995229
424	521	0.000006
425	431	0.007707
425	518	0.000603
426	433	0.000043
426	517	0.000266
427	433	0.000133
427	517	0.000006
428	433	0.000016
428	434	0.000092
428	520	0.000082
428	521	0.000002
428	524	0.000148
429	433	0.000083
429	523	0.000144
431	520	0.000979
431	521	0.000304
431	524	0.000008
432	523	0.000008
432	532	0.000001
433	518	0.000002
433	519	0.983368
433	522	0.000002
433	531	0.000001
433	534	0.000002
434	516	0.000001
434	518	0.997111
434	530	0.000001
434	533	0.000002
435	517	0.997190
435	532	0.000002
436	445	0.000003
436	515	0.000019
436	516	0.997861
436	529	0.000002
436	531	0.000002
437	444	0.000005
437	514	0.000035
437	515	0.997519
437	528	0.000004
437	530	0.000002
438	443	0.000005
438	527	0.000004
439	513	0.994955
439	514	0.000005
439	525	0.000001
439	526	0.000003
439	528	0.000002
440	511	0.000069
440	512	0.997704
440	524	0.000003
440	527	0.000002
440	539	0.000006
441	510	0.002207
441	511	0.963859
441	523	0.000003
442	509	0.002216
442	538	0.001988
443	509	0.985095
443	537	0.002012
444	507	0.000004
444	508	0.996029
444	521	0.000007
444	535	0.000002
444	536	0.002067
445	453	0.000001
445	507	0.997883
445	520	0.000007
445	535	0.002069
446	452	0.000001
446	506	0.997839
446	518	0.000009
446	533	0.002078
447	505	0.977838
447	517	0.000009
447	532	0.002079
448	502	0.000018
448	516	0.000009
448	531	0.002080
449	502	0.000269
449	515	0.000009
449	530	0.002080
450	499	0.000013
450	502	0.995285
450	514	0.000009
450	529	0.002079
451	498	0.000013
451	501	0.997254
451	513	0.000009
451	528	0.002076
452	497	0.000014
452	500	0.997842
452	512	0.000008
452	527	0.002076
453	496	0.000014
453	498	0.001962
453	499	0.992242
453	501	0.000005
453	522	0.000002
453	525	0.000125
453	526	0.001720
454	497	0.003928
454	500	0.000006
454	521	0.000003
454	524	0.000248
455	497	0.913597
455	520	0.000003
455	523	0.000101
455	524	0.001445
456	523	0.001281
457	523	0.000003
458	495	0.987363
459	493	0.000014
459	494	0.999868
459	521	0.000011
460	492	0.000015
460	493	0.999948
460	494	0.000012
460	520	0.000011
460	521	0.000002
461	491	0.000013
461	492	0.999815
461	493	0.000012
461	520	0.000002
462	491	0.956908
463	487	0.000002
463	491	0.005332
463	517	0.000008
464	485	0.000001
464	516	0.000007
465	487	0.000003
465	491	0.000208
466	484	0.000008
466	487	0.000018
466	491	0.000067
467	483	0.000009
467	487	0.000051
467	488	0.995344
468	487	0.998875
469	478	0.000001
469	482	0.000004
469	485	0.000001
469	486	0.999415
470	477	0.000002
470	481	0.000004
470	485	0.999849
471	484	0.984541
471	487	0.000006
472	477	0.000002
472	478	0.000226
472	479	0.000012
472	481	0.000059
472	482	0.871334
472	486	0.000012
473	477	0.000224
473	479	0.000335
473	481	0.901309
473	482	0.090300
473	485	0.000013
474	480	0.887688
474	483	0.002138
474	484	0.000018
475	484	0.000002
476	481	0.001652
476	482	0.001617
477	483	0.000051
478	484	0.000004
479	483	0.000008
479	507	0.000001
480	506	0.000001
481	504	0.000001
482	503	0.000001
483	502	0.000001
484	501	0.000001
485	500	0.000001
490	517	0.000002
491	516	0.000002
492	515	0.000007
492	516	0.000002
493	514	0.000007
493	515	0.000005
494	514	0.000005
495	511	0.000032
495	512	0.000011
495	524	0.000066
496	510	0.000140
496	511	0.000006
496	523	0.000074
497	509	0.000159
498	508	0.000159
498	520	0.000004
498	521	0.001906
499	507	0.000159
499	510	0.000001
499	520	0.001909
500	506	0.000159
500	509	0.000002
500	518	0.001896
501	505	0.000105
501	508	0.000002
501	517	0.001892
502	507	0.000002
502	517	0.000030
503	515	0.001896
503	516	0.000031
504	514	0.001898
504	515	0.000030
505	513	0.001896
505	514	0.000029
506	512	0.001869
511	519	0.000002
512	518	0.000002
513	517	0.000001
514	521	0.000130
515	520	0.000130
515	521	0.000003
515	536	0.000006
516	520	0.000003
516	535	0.000011
517	534	0.000011
519	532	0.000020
520	529	0.000016
520	530	0.000003
520	531	0.000023
521	528	0.000016
521	529	0.000003
521	530	0.000023
521	533	0.000080
522	532	0.000081
523	531	0.000081
523	534	0.000003
524	530	0.000080
524	533	0.000003
525	532	0.000002
527	537	0.000013
527	538	0.000001
528	535	0.000001
528	536	0.000039
529	535	0.000040
529	536	0.000047
530	535	0.000050
530	536	0.000003
531	535	0.000003
547	614	0.782555
548	613	0.997053
548	615	0.000047
549	612	0.997594
549	614	0.000027
550	611	0.999968
550	613	0.000007
551	609	0.000018
551	610	0.999726
552	608	0.000009
553	608	0.993492
554	607	0.999978
555	606	0.999963
556	581	0.000044
556	604	0.000005
556	605	0.999836
557	580	0.000050
557	604	0.989483
557	605	0.000022
558	579	0.000231
559	577	0.000010
559	578	0.000284
559	598	0.000021
559	601	0.000010
559	602	0.000018
559	603	0.002999
560	576	0.000037
560	577	0.001123
560	578	0.000002
560	597	0.000025
560	602	0.001739
560	603	0.984928
561	571	0.000002
561	576	0.001145
561	577	0.000004
561	596	0.000025
561	597	0.000001
561	599	0.000029
561	602	0.996541
561	603	0.000117
562	570	0.000002
562	574	0.001262
562	576	0.000002
562	595	0.000022
562	596	0.000001
562	598	0.000025
562	599	0.000006
562	601	0.995858
562	602	0.000099
563	569	0.000002
563	573	0.001387
563	600	0.980364
564	572	0.001388
564	579	0.000001
564	600	0.016671
565	571	0.001376
565	578	0.000002
565	594	0.000087
565	596	0.000074
565	597	0.816932
565	599	0.031516
566	571	0.000008
566	577	0.000002
566	593	0.000089
566	594	0.000007
566	596	0.817412
566	597	0.158989
566	599	0.000045
567	580	0.000001
567	592	0.000031
568	579	0.000002
568	592	0.000008
569	578	0.000002
569	591	0.000006
569	593	0.674978
569	594	0.100026
569	596	0.000384
569	597	0.000306
570	580	0.000029
570	592	0.450938
571	579	0.000043
571	592	0.531368
572	578	0.000044
572	590	0.026943
572	591	0.967198
572	593	0.000005
572	594	0.000635
573	577	0.000044
573	588	0.000109
573	590	0.966067
573	591	0.000118
573	593	0.000636
574	592	0.000629
575	588	0.991382
575	590	0.000002
575	591	0.000389
575	602	0.000015
575	603	0.000007
576	586	0.000015
576	587	0.998483
577	583	0.000001
577	585	0.000021
577	586	0.998525
577	587	0.000002
577	600	0.000166
578	582	0.000002
578	583	0.000007
578	585	0.997250
578	586	0.000003
578	600	0.000881
579	584	0.832101
579	596	0.000001
579	598	0.000251
579	599	0.000869
580	584	0.000914
580	595	0.000007
580	596	0.000003
580	597	0.000335
580	598	0.000879
581	594	0.000005
581	596	0.000407
581	597	0.000843
582	593	0.000003
582	594	0.000975
582	596	0.000452
583	593	0.001369
583	594	0.000037
584	592	0.001415
585	591	0.001418
585	593	0.000006
585	594	0.000004
586	590	0.001397
586	591	0.000006
586	593	0.000004
586	594	0.000009
587	593	0.000009
588	592	0.000004
596	605	0.000041
597	604	0.000041
623	676	0.000005
623	725	0.000001
625	674	0.992913
625	676	0.000004
626	673	0.999582
626	675	0.000010
627	672	0.999216
627	675	0.000101
628	670	0.000002
628	671	0.999152
628	674	0.000201
629	669	0.000004
629	673	0.000199
630	668	0.000002
630	670	0.999769
630	671	0.000005
631	667	0.000002
631	669	0.999975
632	668	0.999582
633	667	0.999953
634	666	0.999508
635	664	0.000002
635	665	0.999963
636	664	0.996561
636	665	0.000003
638	661	0.000002
638	662	0.972159
638	664	0.000003
640	661	0.999345
640	662	0.000094
641	660	0.999956
642	659	0.999957
643	658	0.999990
644	657	0.999985
645	656	0.999500
646	655	0.999191
647	653	0.000037
647	654	0.999889
648	653	0.990948
648	654	0.000013
673	706	0.000001
673	724	0.000072
673	725	0.000003
675	704	0.003308
675	705	0.000007
675	706	0.000005
675	709	0.000028
675	712	0.000241
675	716	0.000002
675	724	0.006474
675	725	0.006414
675	728	0.000001
676	703	0.003615
676	711	0.000245
676	715	0.000002
676	720	0.000012
676	721	0.988201
677	689	0.000002
677	702	0.003623
677	714	0.000002
677	720	0.994727
677	721	0.000015
678	688	0.000002
678	700	0.000005
678	701	0.003613
678	707	0.000743
678	713	0.000002
678	719	0.994320
679	686	0.000007
679	699	0.000009
679	700	0.003608
679	706	0.000800
679	707	0.000002
679	712	0.000001
679	718	0.994663
679	719	0.000002
680	686	0.000003
680	694	0.000001
680	699	0.003610
680	705	0.000801
680	706	0.000002
680	717	0.993244
680	718	0.000009
681	688	0.000005
681	704	0.000804
681	705	0.000001
681	716	0.994144
681	717	0.000009
682	687	0.000004
682	692	0.000011
682	696	0.000041
682	697	0.000018
682	698	0.003363
682	703	0.000804
682	714	0.000001
682	715	0.993167
683	691	0.000012
683	695	0.000034
683	697	0.003367
683	702	0.000805
683	711	0.000002
683	714	0.992958
683	715	0.000219
684	690	0.000011
684	701	0.000802
684	713	0.911408
685	700	0.000775
685	713	0.029155
686	691	0.000002
686	695	0.003772
686	697	0.000005
686	711	0.622470
686	714	0.000017
687	694	0.003860
687	699	0.000588
687	709	0.161890
687	712	0.035584
687	713	0.000018
688	693	0.003784
688	695	0.000006
688	698	0.000584
688	708	0.163272
688	710	0.732573
688	711	0.015713
689	694	0.000007
689	699	0.000005
689	706	0.000007
689	707	0.150434
689	709	0.787641
689	712	0.000069
690	696	0.000532
690	697	0.000002
690	698	0.000005
690	708	0.759335
690	710	0.000011
690	711	0.000068
691	705	0.000055
691	706	0.972035
691	707	0.021746
691	709	0.000007
691	718	0.000004
692	704	0.000042
692	705	0.992924
692	707	0.000004
692	717	0.000004
693	704	0.993168
693	705	0.000034
693	707	0.000002
693	716	0.000004
694	702	0.002341
694	703	0.992023
694	715	0.000004
695	699	0.000097
695	700	0.000136
695	701	0.003918
695	705	0.000007
695	706	0.000131
695	731	0.000004
695	733	0.000451
696	700	0.003197
696	701	0.271419
696	704	0.000007
696	705	0.000128
696	707	0.000034
696	713	0.000006
696	730	0.000004
696	732	0.000468
697	701	0.000353
697	704	0.000086
697	705	0.000008
697	706	0.000043
697	712	0.000007
697	731	0.000471
698	704	0.000018
698	705	0.000036
698	728	0.000007
698	730	0.000471
699	703	0.000026
699	711	0.000008
699	727	0.000008
699	729	0.000470
700	710	0.000004
700	711	0.000010
700	726	0.000004
700	727	0.000406
701	710	0.000021
701	726	0.000511
702	709	0.000026
702	713	0.000003
702	725	0.000527
703	712	0.000005
703	724	0.000528
704	711	0.000005
704	723	0.000527
705	710	0.000008
705	722	0.000528
706	711	0.000006
706	721	0.000527
707	720	0.000422
708	716	0.000032
708	719	0.000335
708	730	0.000027
709	714	0.000008
709	715	0.000042
709	720	0.000103
709	729	0.000035
710	716	0.000007
710	717	0.000145
710	719	0.000125
710	728	0.000029
711	716	0.000081
711	717	0.000002
711	718	0.000131
711	728	0.002916
712	727	0.004187
713	726	0.004525
714	725	0.004619
715	724	0.004619
716	722	0.000007
716	723	0.004494
717	721	0.000012
717	722	0.003400
717	723	0.000001
718	727	0.000001
719	726	0.000002
720	725	0.000004
721	725	0.000036
722	728	0.000028
723	728	0.000020
723	730	0.000001
724	729	0.000002
726	732	0.000001
727	731	0.000001
