1	7	0.000333
1	8	0.000292
1	9	0.000078
1	12	0.000573
1	13	0.000285
1	15	0.002503
1	29	0.000042
1	33	0.000103
1	41	0.009814
1	712	0.000003
1	750	0.000002
1	848	0.000003
1	871	0.000008
1	885	0.000001
1	897	0.000002
2	7	0.000987
2	8	0.000223
2	9	0.000047
2	11	0.000769
2	12	0.000568
2	13	0.000010
2	14	0.003021
2	15	0.000981
2	28	0.000083
2	29	0.000001
2	30	0.009346
2	32	0.000109
2	33	0.000025
2	39	0.000467
2	40	0.017438
2	41	0.000077
2	42	0.000081
2	46	0.000010
2	53	0.000022
2	62	0.000028
2	65	0.000002
2	696	0.000377
2	697	0.000102
2	702	0.000002
2	709	0.000002
2	710	0.000339
2	717	0.000002
2	749	0.000003
2	845	0.000001
2	847	0.000004
2	848	0.000002
2	864	0.000020
2	865	0.002038
2	867	0.000020
2	868	0.000258
2	869	0.000799
2	873	0.000002
2	874	0.000047
2	875	0.000011
2	876	0.000001
2	877	0.000002
2	884	0.000002
2	896	0.000001
2	897	0.000162
2	905	0.001372
2	908	0.002687
3	7	0.000186
3	8	0.000136
3	9	0.000068
3	11	0.000607
3	12	0.000015
3	13	0.002975
3	14	0.001272
3	29	0.009443
3	30	0.000088
3	32	0.000027
3	39	0.018329
3	40	0.000102
3	41	0.000067
3	42	0.000744
3	52	0.000021
3	61	0.000028
3	64	0.000002
3	221	0.000002
3	695	0.000381
3	696	0.000101
3	709	0.000339
3	716	0.000002
3	748	0.000003
3	834	0.000003
3	844	0.000001
3	846	0.000004
3	847	0.000002
3	848	0.000001
3	864	0.002025
3	865	0.000017
3	867	0.000263
3	868	0.000795
3	869	0.000009
3	873	0.000047
3	874	0.000011
3	875	0.000001
3	876	0.000002
3	883	0.000002
3	896	0.000190
3	905	0.001115
3	908	0.003223
4	8	0.000080
4	9	0.000220
4	12	0.002830
4	13	0.001230
4	26	0.000155
4	28	0.009492
4	29	0.000052
4	41	0.000718
4	60	0.000028
4	220	0.000001
4	694	0.000381
4	707	0.000299
4	715	0.000001
4	747	0.000003
4	823	0.000001
4	833	0.000003
4	845	0.000003
4	846	0.000002
4	871	0.000093
4	882	0.000002
4	895	0.000191
4	901	0.000020
5	10	0.002001
5	16	0.000022
5	25	0.000162
5	27	0.009524
5	59	0.000028
5	693	0.000380
5	699	0.000001
5	706	0.000301
5	724	0.000022
5	742	0.000002
5	822	0.000001
5	828	0.000003
5	832	0.000003
5	853	0.000010
5	859	0.000494
5	861	0.000034
5	870	0.000097
5	881	0.000002
5	887	0.000001
5	894	0.000190
5	900	0.000021
5	902	0.000674
5	903	0.000019
5	904	0.000067
5	906	0.002215
5	907	0.002179
6	12	0.000011
6	13	0.000010
6	15	0.000023
6	24	0.000160
6	26	0.009462
6	41	0.000009
6	58	0.000026
6	704	0.000013
6	707	0.000002
6	723	0.000022
6	741	0.000002
6	827	0.000003
6	848	0.000001
6	852	0.000009
6	858	0.000495
6	871	0.000002
6	886	0.000001
6	890	0.000001
6	901	0.000663
7	17	0.000002
7	21	0.000013
7	22	0.000027
7	25	0.008798
7	34	0.000001
7	37	0.000032
7	38	0.002557
7	43	0.000001
7	44	0.000001
7	57	0.000024
7	691	0.000001
7	692	0.000001
7	703	0.000011
7	705	0.000004
7	706	0.000002
7	722	0.000021
7	740	0.000001
7	826	0.000003
7	850	0.000001
7	857	0.000484
7	859	0.000001
7	860	0.000039
7	861	0.000055
7	862	0.000028
7	863	0.000016
7	866	0.000001
7	870	0.000002
7	889	0.000001
7	892	0.000005
7	893	0.000012
7	900	0.000625
7	904	0.000129
7	906	0.000022
7	907	0.000043
7	909	0.000021
8	16	0.000004
8	17	0.000023
8	19	0.000011
8	21	0.000071
8	22	0.004476
8	25	0.000016
8	34	0.000003
8	37	0.001786
8	38	0.674317
8	56	0.000006
8	721	0.000016
8	825	0.000003
8	850	0.000001
8	856	0.000411
8	859	0.000031
8	860	0.000076
8	861	0.000025
8	862	0.000016
8	863	0.000005
8	866	0.000002
8	888	0.000001
8	891	0.000003
8	892	0.000011
8	899	0.000292
8	903	0.000135
8	906	0.000018
8	907	0.000117
8	909	0.000015
9	16	0.000022
9	17	0.000002
9	19	0.000463
9	21	0.005532
9	22	0.000121
9	31	0.000068
9	34	0.000021
9	37	0.924081
9	38	0.000326
9	703	0.000004
9	720	0.000005
9	765	0.000001
9	824	0.000002
9	849	0.000001
9	855	0.000321
9	859	0.000076
9	860	0.000021
9	861	0.000012
9	862	0.000005
9	866	0.000289
9	872	0.000001
9	891	0.000010
9	898	0.000022
9	902	0.000138
9	906	0.000180
9	907	0.000002
9	909	0.004713
10	14	0.000010
10	15	0.000007
10	18	0.000540
10	20	0.005572
10	23	0.000323
10	24	0.000007
10	26	0.000013
10	30	0.000086
10	32	0.000031
10	33	0.000021
10	36	0.969023
10	702	0.000005
10	764	0.000001
10	823	0.000002
10	844	0.000087
10	858	0.000053
10	864	0.000012
10	865	0.000351
10	867	0.000001
10	871	0.000001
10	890	0.000008
10	895	0.000007
10	897	0.000002
10	901	0.000150
10	905	0.000216
10	908	0.007631
11	16	0.001036
11	25	0.000018
11	35	0.969142
11	763	0.000001
11	822	0.000002
11	843	0.000087
11	853	0.000188
11	854	0.000011
11	859	0.000007
11	861	0.000022
11	870	0.000001
11	894	0.000008
11	900	0.000151
11	903	0.000002
11	904	0.000214
11	907	0.007634
12	16	0.000016
12	17	0.000036
12	19	0.000374
12	21	0.000077
12	22	0.000090
12	31	0.000020
12	34	0.961609
12	35	0.000003
12	701	0.000005
12	817	0.000001
12	842	0.000084
12	853	0.000009
12	855	0.000002
12	856	0.000143
12	857	0.000003
12	860	0.000020
12	861	0.000011
12	863	0.000402
12	889	0.000008
12	893	0.000008
12	899	0.000127
12	900	0.000018
12	902	0.000002
12	903	0.000192
12	906	0.007307
13	17	0.000114
13	19	0.000050
13	21	0.000082
13	22	0.000010
13	31	0.000129
13	34	0.000119
13	700	0.000005
13	760	0.000001
13	816	0.000001
13	841	0.000076
13	842	0.000003
13	850	0.000001
13	854	0.000002
13	855	0.000172
13	856	0.000002
13	859	0.000017
13	860	0.000018
13	862	0.000460
13	888	0.000008
13	892	0.000006
13	898	0.000100
13	899	0.000126
13	902	0.000077
13	903	0.000002
13	904	0.000023
13	906	0.000003
14	25	0.000003
14	35	0.000005
14	699	0.000005
14	759	0.000001
14	815	0.000001
14	840	0.000033
14	841	0.000005
14	853	0.000002
14	854	0.000176
14	859	0.000020
14	861	0.000463
14	887	0.000009
14	898	0.000157
14	900	0.000073
14	902	0.000003
14	903	0.000026
14	904	0.007376
14	907	0.000002
15	19	0.000009
15	21	0.000052
15	22	0.000010
15	31	0.889886
15	34	0.000014
15	698	0.000005
15	711	0.000001
15	758	0.000001
15	814	0.000001
15	839	0.000021
15	849	0.000032
15	853	0.000169
15	856	0.000006
15	857	0.000007
15	860	0.000456
15	899	0.000066
15	900	0.000002
15	902	0.000023
15	903	0.007337
15	904	0.000004
15	906	0.000002
16	20	0.000056
16	23	0.000006
16	28	0.000023
16	29	0.080508
16	30	0.894358
16	32	0.000058
16	33	0.000007
16	697	0.000005
16	710	0.000001
16	757	0.000001
16	813	0.000001
16	838	0.000010
16	846	0.000001
16	847	0.000003
16	848	0.000035
16	852	0.000139
16	858	0.000002
16	896	0.000313
16	901	0.000005
16	905	0.000004
16	908	0.000001
17	24	0.000001
17	26	0.000171
17	28	0.526710
17	29	0.451135
17	756	0.000001
17	812	0.000001
17	833	0.000001
17	845	0.000001
17	846	0.000002
17	847	0.000028
17	851	0.000119
17	858	0.000255
17	895	0.000315
17	897	0.000022
17	901	0.007315
18	25	0.000255
18	27	0.970218
18	811	0.000001
18	832	0.000001
18	836	0.000002
18	853	0.000040
18	854	0.000043
18	859	0.000003
18	894	0.000314
18	898	0.000005
18	900	0.007302
18	902	0.000056
19	24	0.000187
19	26	0.969351
19	28	0.010225
19	845	0.000002
19	852	0.000038
19	858	0.000003
19	895	0.000034
19	897	0.000005
19	901	0.000057
20	25	0.965907
20	27	0.010471
20	853	0.000462
20	854	0.000003
20	894	0.000035
20	898	0.006225
20	900	0.000057
21	26	0.007923
21	28	0.000001
21	29	0.000003
21	707	0.000002
21	846	0.000002
21	847	0.000004
21	848	0.000009
21	852	0.000459
21	897	0.005989
22	26	0.000008
22	28	0.000018
22	707	0.001580
22	845	0.000003
22	846	0.000003
22	847	0.000010
22	848	0.000003
22	851	0.000401
22	895	0.005673
22	897	0.000001
23	27	0.000018
23	706	0.001703
23	853	0.000002
23	854	0.000001
23	894	0.005822
24	31	0.000001
24	37	0.000002
24	705	0.001703
24	849	0.000192
24	850	0.000010
24	853	0.000001
24	891	0.000005
24	892	0.000004
24	893	0.005477
24	894	0.000002
24	909	0.000002
25	30	0.000002
25	36	0.000002
25	64	0.000002
25	704	0.001704
25	747	0.000001
25	844	0.000003
25	845	0.000020
25	846	0.000059
25	847	0.000014
25	848	0.000182
25	851	0.000002
25	890	0.000018
25	908	0.000004
26	35	0.000002
26	37	0.000002
26	63	0.000002
26	703	0.001705
26	746	0.000002
26	843	0.000003
26	850	0.000003
26	889	0.000019
26	891	0.003940
26	892	0.000009
26	906	0.000003
26	907	0.000002
27	36	0.000002
27	62	0.000002
27	702	0.001706
27	745	0.000002
27	844	0.002064
27	890	0.004915
27	905	0.000008
28	35	0.000002
28	701	0.001704
28	744	0.000002
28	843	0.002074
28	889	0.004946
28	904	0.000008
29	34	0.000002
29	700	0.001703
29	743	0.000002
29	842	0.002118
29	888	0.004950
29	903	0.000009
30	35	0.000001
30	59	0.000003
30	699	0.001696
30	742	0.000002
30	841	0.002139
30	843	0.000002
30	887	0.004950
30	902	0.000013
31	58	0.000003
31	79	0.000003
31	707	0.000001
31	741	0.000002
31	885	0.000002
31	886	0.003830
31	901	0.000013
32	48	0.000006
32	57	0.000003
32	69	0.000002
32	71	0.000001
32	78	0.000004
32	699	0.000002
32	706	0.000002
32	739	0.000002
32	836	0.000013
32	840	0.007069
32	841	0.000007
32	900	0.000013
32	907	0.000002
33	37	0.000001
33	38	0.000003
33	47	0.000005
33	56	0.000003
33	68	0.000002
33	70	0.000001
33	698	0.000003
33	705	0.000002
33	738	0.000002
33	835	0.000013
33	839	0.007122
33	840	0.000003
33	899	0.000012
33	906	0.000002
33	909	0.000061
34	41	0.000012
34	55	0.000003
34	61	0.000004
34	67	0.000002
34	75	0.000008
34	704	0.000002
34	737	0.000002
34	834	0.000013
34	838	0.007134
34	884	0.000005
34	897	0.000001
35	39	0.000002
35	40	0.000014
35	42	0.000004
35	46	0.000003
35	50	0.000002
35	60	0.000007
35	66	0.000002
35	74	0.000010
35	694	0.000002
35	696	0.000003
35	697	0.000001
35	833	0.000013
35	837	0.007139
35	883	0.000005
35	896	0.000001
35	905	0.000015
35	908	0.021532
36	48	0.000002
36	59	0.000008
36	72	0.000002
36	693	0.000002
36	832	0.000013
36	836	0.007135
36	904	0.000014
36	906	0.000008
36	907	0.021620
37	58	0.000004
37	833	0.000006
37	834	0.006788
38	58	0.000014
38	833	0.006967
38	834	0.000030
38	895	0.000001
38	901	0.000005
39	48	0.000016
39	57	0.000022
39	69	0.000023
39	71	0.000005
39	72	0.002901
39	724	0.000009
39	725	0.000021
39	828	0.000003
39	832	0.006936
39	854	0.000025
39	861	0.000005
39	894	0.000002
39	900	0.000003
39	902	0.000177
39	903	0.011055
39	904	0.175066
39	906	0.476058
39	907	0.036809
40	48	0.000169
40	56	0.000022
40	68	0.000023
40	69	0.000004
40	71	0.003127
40	721	0.000003
40	724	0.000027
40	825	0.000022
40	828	0.000062
40	832	0.000061
40	853	0.000025
40	854	0.000004
40	859	0.000001
40	861	0.003882
40	900	0.000351
40	902	0.011051
40	903	0.175293
40	904	0.733511
40	906	0.031910
40	907	0.000090
41	45	0.000001
41	47	0.000157
41	48	0.000002
41	49	0.000323
41	68	0.000003
41	69	0.000021
41	70	0.003111
41	73	0.000002
41	720	0.000002
41	722	0.000038
41	743	0.000001
41	824	0.000022
41	826	0.000094
41	828	0.000002
41	829	0.006451
41	830	0.000256
41	831	0.000031
41	854	0.000023
41	855	0.000005
41	860	0.003923
41	862	0.000013
41	888	0.000048
41	899	0.000375
41	900	0.000014
41	902	0.024048
41	903	0.760322
41	904	0.005600
41	906	0.000069
41	907	0.000004
42	48	0.000390
42	56	0.000002
42	68	0.000088
42	69	0.003021
42	72	0.000002
42	721	0.000043
42	724	0.000019
42	742	0.000001
42	825	0.000104
42	828	0.006982
42	853	0.000045
42	854	0.000005
42	859	0.003930
42	861	0.000016
42	887	0.000058
42	898	0.000325
42	900	0.011158
42	902	0.929410
42	903	0.005538
42	904	0.003190
42	906	0.000009
42	907	0.000001
43	55	0.000001
43	67	0.000140
43	719	0.000002
43	723	0.000018
43	827	0.006796
43	848	0.000001
43	852	0.000044
43	858	0.003278
43	886	0.000056
43	890	0.000003
43	897	0.000225
43	901	0.917817
44	61	0.000009
44	67	0.000061
44	719	0.000004
44	823	0.000011
44	827	0.000021
44	847	0.000002
44	848	0.000001
44	851	0.000034
44	852	0.000002
44	858	0.000006
44	885	0.000044
44	890	0.000001
44	901	0.000487
45	60	0.000011
45	67	0.000011
45	707	0.000005
45	719	0.000024
45	823	0.007440
45	846	0.000001
45	847	0.000001
45	851	0.000002
45	871	0.000009
45	884	0.000016
45	895	0.000108
45	897	0.000001
45	901	0.001683
46	56	0.000031
46	59	0.000012
46	68	0.000457
46	706	0.000005
46	721	0.000003
46	724	0.000002
46	822	0.007653
46	825	0.000003
46	853	0.000662
46	854	0.000040
46	859	0.000035
46	861	0.000001
46	870	0.000010
46	887	0.000345
46	894	0.000110
46	898	0.972802
46	900	0.000994
46	902	0.000003
46	906	0.000004
46	907	0.000003
47	55	0.000031
47	58	0.000011
47	60	0.000001
47	61	0.000004
47	67	0.000458
47	75	0.000001
47	715	0.000005
47	717	0.000409
47	719	0.000001
47	723	0.000001
47	821	0.007647
47	845	0.000001
47	847	0.000001
47	848	0.000005
47	852	0.000598
47	858	0.000035
47	884	0.000025
47	886	0.000350
47	897	0.979594
47	901	0.000002
48	52	0.000010
48	53	0.000116
48	60	0.000003
48	61	0.003051
48	62	0.000679
48	64	0.000010
48	65	0.000004
48	66	0.000406
48	74	0.000002
48	714	0.000008
48	716	0.000450
48	820	0.007632
48	834	0.000001
48	844	0.000001
48	846	0.000002
48	847	0.000006
48	848	0.000002
48	851	0.000238
48	852	0.000026
48	865	0.000002
48	867	0.000002
48	868	0.000002
48	869	0.000001
48	883	0.000033
48	885	0.000350
48	896	0.980670
48	905	0.000003
48	908	0.000022
49	58	0.000005
49	60	0.004143
49	61	0.000343
49	707	0.000002
49	715	0.000444
49	717	0.000003
49	818	0.000022
49	819	0.006542
49	823	0.000012
49	833	0.000001
49	845	0.000002
49	846	0.000005
49	847	0.000002
49	848	0.000001
49	851	0.000023
49	852	0.000006
49	871	0.000017
49	882	0.000024
49	884	0.000345
49	895	0.979617
49	897	0.000002
50	56	0.000031
50	57	0.000006
50	59	0.004558
50	71	0.000725
50	72	0.000029
50	80	0.000001
50	706	0.000002
50	713	0.000006
50	742	0.000007
50	814	0.000005
50	815	0.000003
50	822	0.000012
50	832	0.000001
50	853	0.000101
50	854	0.000003
50	859	0.000007
50	870	0.000018
50	880	0.000002
50	881	0.000011
50	887	0.000022
50	894	0.976070
50	898	0.000002
50	902	0.000013
50	904	0.000002
50	906	0.000006
50	907	0.000002
51	55	0.000037
51	58	0.004631
51	60	0.000034
51	79	0.000006
51	707	0.000168
51	712	0.000086
51	715	0.001624
51	717	0.000036
51	741	0.000006
51	813	0.000003
51	818	0.000049
51	821	0.000010
51	823	0.000012
51	833	0.000006
51	845	0.000004
51	846	0.000004
51	847	0.000004
51	848	0.000006
51	851	0.000003
51	852	0.000082
51	858	0.000024
51	871	0.000040
51	879	0.000003
51	882	0.014572
51	884	0.000003
51	885	0.000005
51	886	0.000034
51	890	0.000176
51	895	0.000039
51	897	0.000002
51	901	0.000013
52	56	0.000089
52	57	0.004612
52	59	0.000039
52	68	0.000010
52	69	0.138327
52	71	0.000046
52	72	0.000019
52	78	0.000007
52	80	0.000002
52	81	0.001012
52	706	0.000179
52	713	0.001270
52	725	0.000002
52	742	0.000005
52	814	0.000002
52	815	0.000625
52	822	0.000014
52	825	0.000002
52	828	0.000001
52	832	0.000007
52	853	0.000071
52	854	0.019941
52	859	0.000011
52	861	0.000008
52	870	0.000044
52	878	0.000003
52	881	0.015060
52	887	0.000041
52	894	0.000093
52	900	0.000013
52	903	0.000009
52	904	0.000004
52	907	0.000074
53	57	0.000013
53	59	0.000022
53	68	0.139726
53	69	0.000094
53	71	0.000020
53	78	0.000002
53	80	0.001664
53	699	0.000003
53	706	0.000128
53	713	0.311173
53	724	0.000002
53	742	0.000002
53	814	0.000625
53	815	0.000002
53	853	0.020080
53	854	0.000092
53	859	0.000164
53	861	0.000007
53	870	0.000004
53	880	0.015068
53	887	0.000250
53	894	0.000040
53	898	0.000007
53	902	0.000009
53	903	0.000004
53	906	0.000074
54	58	0.000015
54	60	0.000001
54	61	0.000002
54	67	0.137557
54	79	0.001696
54	704	0.000035
54	707	0.002533
54	712	0.735585
54	723	0.000002
54	741	0.000002
54	750	0.000019
54	812	0.000007
54	813	0.000492
54	818	0.000002
54	848	0.000001
54	851	0.000075
54	852	0.008214
54	858	0.000127
54	871	0.000041
54	879	0.014992
54	886	0.000105
54	890	0.000459
54	895	0.000008
54	897	0.000004
54	901	0.000006
55	59	0.000001
55	63	0.000117
55	68	0.000005
55	69	0.000004
55	78	0.001695
55	525	0.000066
55	698	0.000009
55	703	0.000034
55	705	0.000147
55	706	0.002692
55	708	0.000068
55	711	0.791987
55	722	0.000001
55	740	0.000001
55	746	0.000001
55	811	0.000012
55	817	0.000002
55	849	0.000020
55	850	0.000123
55	857	0.000105
55	866	0.000383
55	870	0.000044
55	878	0.014934
55	887	0.000003
55	888	0.000016
55	889	0.000427
55	891	0.000017
55	892	0.000018
55	893	0.000172
55	894	0.000023
55	900	0.000005
55	909	0.000366
56	62	0.000144
56	64	0.000038
56	65	0.141029
56	66	0.005296
56	67	0.000009
56	75	0.000070
56	77	0.001680
56	221	0.000003
56	524	0.000086
56	697	0.000011
56	702	0.000030
56	704	0.000090
56	707	0.000076
56	709	0.000018
56	710	0.811926
56	745	0.000001
56	748	0.002996
56	749	0.000411
56	810	0.000009
56	848	0.000016
56	851	0.000003
56	865	0.000581
56	867	0.000001
56	868	0.000384
56	869	0.000042
56	874	0.000025
56	875	0.000011
56	876	0.000041
56	877	0.014619
56	886	0.000001
56	890	0.000008
56	896	0.000001
56	908	0.000558
57	61	0.000060
57	62	0.000036
57	64	0.141361
57	65	0.005157
57	66	0.000013
57	74	0.000112
57	75	0.000001
57	76	0.001201
57	220	0.000003
57	238	0.000005
57	523	0.000088
57	696	0.000011
57	702	0.000001
57	704	0.012920
57	707	0.000002
57	709	0.811155
57	710	0.000003
57	712	0.000004
57	747	0.003196
57	748	0.000409
57	810	0.000002
57	847	0.000002
57	851	0.000002
57	858	0.000002
57	864	0.000582
57	865	0.000003
57	867	0.000419
57	868	0.000033
57	873	0.000027
57	874	0.000011
57	875	0.000076
57	876	0.013272
57	890	0.000003
57	908	0.000005
58	63	0.123830
58	72	0.000028
58	73	0.000127
58	219	0.000003
58	237	0.000106
58	522	0.000090
58	536	0.000017
58	700	0.000001
58	701	0.000001
58	703	0.036200
58	705	0.000263
58	706	0.000072
58	708	0.788725
58	711	0.000006
58	746	0.003863
58	809	0.000002
58	850	0.000002
58	857	0.000002
58	862	0.000001
58	863	0.000569
58	866	0.000476
58	870	0.000005
58	872	0.000032
58	889	0.000002
58	891	0.001606
58	892	0.000001
58	893	0.000001
58	906	0.000559
58	907	0.000003
58	909	0.000003
59	64	0.002619
59	65	0.000070
59	66	0.000005
59	74	0.001717
59	236	0.000166
59	521	0.000089
59	535	0.000021
59	695	0.000001
59	702	0.058429
59	704	0.000896
59	707	0.681559
59	709	0.000019
59	710	0.000006
59	745	0.003972
59	844	0.000006
59	858	0.000001
59	864	0.000452
59	865	0.000259
59	867	0.000002
59	869	0.000004
59	871	0.000018
59	873	0.000615
59	874	0.000957
59	875	0.001240
59	890	0.001710
59	905	0.000571
59	908	0.000005
60	69	0.000001
60	70	0.000533
60	71	0.000430
60	73	0.001737
60	217	0.000003
60	534	0.000011
60	693	0.000003
60	700	0.000037
60	701	0.059633
60	703	0.001144
60	705	0.085064
60	706	0.271491
60	708	0.000024
60	744	0.003969
60	830	0.000001
60	843	0.000006
60	855	0.000013
60	856	0.000009
60	857	0.000001
60	861	0.000409
60	862	0.000001
60	863	0.000679
60	866	0.000001
60	870	0.000002
60	872	0.000559
60	889	0.001722
60	904	0.000571
60	907	0.000003
61	68	0.000001
61	69	0.000629
61	70	0.000639
61	72	0.001731
61	73	0.000015
61	216	0.000003
61	234	0.000209
61	519	0.000088
61	534	0.000060
61	692	0.000003
61	699	0.000005
61	700	0.058859
61	701	0.000045
61	703	0.003286
61	705	0.243554
61	706	0.000394
61	708	0.000002
61	743	0.003967
61	829	0.000002
61	842	0.000006
61	854	0.000016
61	855	0.000012
61	856	0.000001
61	860	0.000636
61	862	0.000685
61	870	0.000004
61	872	0.000082
61	888	0.001728
61	903	0.000568
61	906	0.000001
61	907	0.000018
62	68	0.000702
62	69	0.000664
62	71	0.001752
62	72	0.000020
62	80	0.000002
62	215	0.000003
62	233	0.000225
62	518	0.000092
62	533	0.000079
62	691	0.000003
62	699	0.039711
62	706	0.001921
62	742	0.003959
62	828	0.000002
62	841	0.000003
62	853	0.000017
62	854	0.000013
62	859	0.000642
62	861	0.000684
62	870	0.000320
62	887	0.001729
62	902	0.000572
62	906	0.000109
62	907	0.000002
63	67	0.000466
63	79	0.000003
63	214	0.000001
63	232	0.000225
63	517	0.000092
63	532	0.000080
63	690	0.000003
63	694	0.000004
63	704	0.004176
63	707	0.000296
63	741	0.003030
63	827	0.000002
63	852	0.000014
63	858	0.000533
63	871	0.000536
63	882	0.000012
63	886	0.001332
63	901	0.000570
64	68	0.000117
64	69	0.000203
64	71	0.000192
64	72	0.001142
64	78	0.000003
64	81	0.000001
64	82	0.000001
64	231	0.000216
64	516	0.000092
64	531	0.000080
64	689	0.000002
64	693	0.000004
64	699	0.000052
64	706	0.000388
64	739	0.000095
64	843	0.000007
64	853	0.000003
64	854	0.000221
64	859	0.000041
64	870	0.000563
64	881	0.000019
64	900	0.000565
64	904	0.000151
64	906	0.000001
64	907	0.000009
65	69	0.000062
65	71	0.001226
65	72	0.002590
65	80	0.000002
65	81	0.000002
65	231	0.000009
65	515	0.000092
65	530	0.000080
65	699	0.000857
65	706	0.000140
65	739	0.000186
65	841	0.000048
65	853	0.000219
65	854	0.000038
65	859	0.000004
65	870	0.000011
65	880	0.000019
65	881	0.000002
65	898	0.000099
65	900	0.000001
65	903	0.000151
65	904	0.000003
65	906	0.000009
66	71	0.002685
66	72	0.000056
66	80	0.000003
66	514	0.000092
66	529	0.000080
66	699	0.803055
66	706	0.000022
66	739	0.000285
66	754	0.000008
66	825	0.000010
66	840	0.000050
66	853	0.000032
66	854	0.000001
66	870	0.000011
66	878	0.000001
66	880	0.000002
66	898	0.000048
66	900	0.000001
66	902	0.000151
66	903	0.000003
67	71	0.000048
67	72	0.000003
67	73	0.000003
67	78	0.000014
67	223	0.000002
67	225	0.000150
67	229	0.000215
67	513	0.000092
67	528	0.000079
67	698	0.841006
67	699	0.000018
67	700	0.000004
67	701	0.000002
67	703	0.000039
67	705	0.000021
67	711	0.000036
67	718	0.000007
67	738	0.000296
67	754	0.000002
67	824	0.000010
67	839	0.000050
67	849	0.000006
67	866	0.000204
67	870	0.000016
67	878	0.000019
67	888	0.000002
67	898	0.000008
67	899	0.000001
67	900	0.000005
67	902	0.000003
68	74	0.000005
68	75	0.000002
68	77	0.000023
68	221	0.000009
68	224	0.000186
68	228	0.000231
68	512	0.000091
68	527	0.000076
68	696	0.000134
68	697	0.842357
68	702	0.000041
68	704	0.000017
68	710	0.000045
68	717	0.000013
68	733	0.000001
68	737	0.000285
68	752	0.000039
68	753	0.000003
68	823	0.000010
68	838	0.000050
68	848	0.000006
68	865	0.000221
68	867	0.000001
68	868	0.000121
68	869	0.000040
68	874	0.000002
68	875	0.000004
68	876	0.000001
68	877	0.000021
68	896	0.000009
68	897	0.000040
68	901	0.000003
69	74	0.000003
69	76	0.000022
69	77	0.000020
69	220	0.000007
69	221	0.000822
69	224	0.000034
69	227	0.000231
69	511	0.000081
69	524	0.000006
69	695	0.000176
69	696	0.837138
69	697	0.000304
69	702	0.000004
69	709	0.000044
69	716	0.000014
69	728	0.000001
69	732	0.000001
69	736	0.000234
69	737	0.000002
69	751	0.000063
69	837	0.000050
69	847	0.000007
69	848	0.000002
69	864	0.000219
69	867	0.000120
69	868	0.000040
69	873	0.000002
69	874	0.000004
69	875	0.000001
69	876	0.000021
69	885	0.000002
69	886	0.000007
69	895	0.000005
69	896	0.000044
70	75	0.000024
70	76	0.000023
70	79	0.000136
70	220	0.000977
70	226	0.000212
70	510	0.000069
70	523	0.000006
70	694	0.000177
70	704	0.000002
70	707	0.000002
70	712	0.000022
70	715	0.000014
70	727	0.000002
70	735	0.000130
70	736	0.000003
70	750	0.000075
70	821	0.000013
70	845	0.000002
70	846	0.000008
70	847	0.000004
70	848	0.000007
70	852	0.000002
70	858	0.000002
70	884	0.000015
70	885	0.000061
70	886	0.000006
70	890	0.000003
70	895	0.000038
70	897	0.000003
71	75	0.000012
71	76	0.000002
71	77	0.000090
71	79	0.000001
71	220	0.001002
71	221	0.102499
71	224	0.000124
71	228	0.000017
71	521	0.000008
71	524	0.000011
71	694	0.000055
71	695	0.003088
71	696	0.001786
71	697	0.001205
71	702	0.000049
71	707	0.000002
71	709	0.000019
71	710	0.001226
71	714	0.000014
71	726	0.000002
71	732	0.000001
71	733	0.000005
71	745	0.000001
71	749	0.000080
71	820	0.000013
71	845	0.000007
71	846	0.000004
71	847	0.000007
71	848	0.000002
71	864	0.000002
71	865	0.000110
71	867	0.000009
71	869	0.000003
71	873	0.000001
71	874	0.000009
71	875	0.000012
71	883	0.000017
71	884	0.000082
71	885	0.000003
71	886	0.000001
71	890	0.000001
71	896	0.000003
71	897	0.000176
72	76	0.000038
72	77	0.000211
72	79	0.000001
72	220	0.080632
72	221	0.778971
72	224	0.000011
72	227	0.000019
72	520	0.000008
72	523	0.000003
72	524	0.000004
72	694	0.000255
72	695	0.002567
72	696	0.001160
72	697	0.000005
72	702	0.000002
72	709	0.001198
72	710	0.000003
72	732	0.000006
72	748	0.000078
72	819	0.000008
72	834	0.000049
72	844	0.000001
72	846	0.000005
72	847	0.000002
72	864	0.000105
72	865	0.000007
72	868	0.000003
72	873	0.000008
72	874	0.000012
72	883	0.000085
72	896	0.000179
73	79	0.000063
73	220	0.776697
73	226	0.000019
73	523	0.000003
73	694	0.002631
73	707	0.000831
73	731	0.000005
73	747	0.000066
73	818	0.000006
73	833	0.000051
73	845	0.000004
73	846	0.000001
73	871	0.000002
73	882	0.000079
73	895	0.000179
74	78	0.000067
74	80	0.000014
74	215	0.000002
74	218	0.984446
74	222	0.000010
74	431	0.000005
74	693	0.002601
74	699	0.000002
74	706	0.000832
74	832	0.000051
74	861	0.000003
74	870	0.000002
74	881	0.000075
74	894	0.000178
75	216	0.000032
75	217	0.985889
75	218	0.000169
75	219	0.000425
75	430	0.000005
75	692	0.001961
75	693	0.000009
75	698	0.000001
75	701	0.000011
75	705	0.000757
75	744	0.000012
75	830	0.000015
75	831	0.000035
75	856	0.000001
75	860	0.000002
75	861	0.000030
75	863	0.000001
75	880	0.000070
75	889	0.000007
75	893	0.000168
76	215	0.000041
76	216	0.985557
76	217	0.000148
76	218	0.000378
76	219	0.003998
76	223	0.000157
76	429	0.000005
76	691	0.001051
76	692	0.000255
76	700	0.000038
76	701	0.000002
76	703	0.000005
76	743	0.000013
76	829	0.000031
76	830	0.000018
76	855	0.000002
76	860	0.000039
76	862	0.000002
76	888	0.000015
76	892	0.000114
77	215	0.975762
77	218	0.004557
77	222	0.000222
77	428	0.000005
77	687	0.000023
77	689	0.000018
77	691	0.000502
77	699	0.000039
77	742	0.000013
77	828	0.000046
77	854	0.000002
77	859	0.000041
77	861	0.000002
77	878	0.000070
77	887	0.000016
78	213	0.000012
78	214	0.224879
78	220	0.000006
78	221	0.000225
78	224	0.000010
78	226	0.000002
78	686	0.000023
78	688	0.000008
78	690	0.000251
78	697	0.000002
78	702	0.000458
78	704	0.000047
78	741	0.000012
78	827	0.000042
78	858	0.000039
78	877	0.000069
78	886	0.000008
78	890	0.000039
79	215	0.008841
79	216	0.000175
79	217	0.000019
79	218	0.000004
79	219	0.000023
79	223	0.000010
79	225	0.000002
79	685	0.000021
79	689	0.000001
79	698	0.000015
79	700	0.000003
79	701	0.000418
79	703	0.000052
79	740	0.000012
79	826	0.000039
79	857	0.000036
79	889	0.000039
80	212	0.000002
80	213	0.019982
80	214	0.662330
80	224	0.000002
80	683	0.000001
80	697	0.000016
80	702	0.000050
80	875	0.000021
80	876	0.000025
81	212	0.013359
81	213	0.977190
81	214	0.000008
81	696	0.000008
81	874	0.000020
81	875	0.000023
82	90	0.000007
82	212	0.986555
82	213	0.000007
82	871	0.000003
82	873	0.000017
82	874	0.000021
83	89	0.000007
83	210	0.006681
83	211	0.992935
83	853	0.000003
83	870	0.000022
84	209	0.003054
84	852	0.000003
84	869	0.000022
84	873	0.000004
85	209	0.982165
85	851	0.000003
85	871	0.000011
86	205	0.000001
86	206	0.000008
86	207	0.001287
86	208	0.991707
86	850	0.000003
86	870	0.000010
87	205	0.000012
87	206	0.001701
87	207	0.970106
87	208	0.000040
87	849	0.000003
87	866	0.000022
87	870	0.000004
88	848	0.000002
88	865	0.000023
88	868	0.000010
88	869	0.000005
89	847	0.000001
89	864	0.000022
89	867	0.000010
89	868	0.000005
90	204	0.997049
90	206	0.000003
91	203	0.999956
92	202	0.999991
93	201	0.999977
94	200	0.999511
95	199	0.999967
96	198	0.999743
97	197	0.999954
98	196	0.999510
99	195	0.999981
100	194	0.999978
101	193	0.997092
102	191	0.000041
102	193	0.000005
103	190	0.000023
103	191	0.999063
104	190	0.998282
105	187	0.000013
105	188	0.000075
105	189	0.919950
106	190	0.000023
107	187	0.100550
107	188	0.274931
110	185	0.000004
110	186	0.981651
110	187	0.000024
110	188	0.000006
111	185	0.999832
111	187	0.000003
112	184	0.999499
112	186	0.000001
113	183	0.999974
114	182	0.999823
115	160	0.000003
115	181	0.965569
116	161	0.000002
116	162	0.000256
116	180	0.794352
117	161	0.277823
117	162	0.000003
118	160	0.890623
118	181	0.000003
119	158	0.000001
119	159	0.999451
119	160	0.000008
120	158	0.999968
120	159	0.000005
121	156	0.000001
121	157	0.999031
122	156	0.999289
122	157	0.000001
123	155	0.999964
124	154	0.999511
125	153	0.999977
126	152	0.999984
127	150	0.000001
127	151	0.998859
128	150	0.998775
129	149	0.998652
130	148	0.911101
131	146	0.000002
131	147	0.649753
131	148	0.085284
132	146	0.387791
132	147	0.350045
133	139	0.000003
133	143	0.006217
133	146	0.611800
134	138	0.000003
134	140	0.000002
134	142	0.006271
134	145	0.866866
135	139	0.000002
135	143	0.007765
135	147	0.000026
136	143	0.976668
136	146	0.000034
137	142	0.986965
137	145	0.000042
138	143	0.000033
160	180	0.045703
161	178	0.000009
161	179	0.720715
162	177	0.000016
162	178	0.993994
162	179	0.004415
163	176	0.000011
163	177	0.996640
163	178	0.003326
164	175	0.000006
164	176	0.997754
164	177	0.002224
165	175	0.998851
165	176	0.001122
166	173	0.000004
166	174	0.999686
167	171	0.000006
167	173	0.999403
168	172	0.656416
204	716	0.000001
205	707	0.000004
205	715	0.000001
205	807	0.000004
206	714	0.000001
206	806	0.000004
207	805	0.000004
208	704	0.000022
208	712	0.000021
208	804	0.000004
209	703	0.000024
209	711	0.000024
209	803	0.000004
210	702	0.000025
210	710	0.000024
210	802	0.000004
211	709	0.000024
211	801	0.000004
212	800	0.000004
213	218	0.000016
213	699	0.000202
213	706	0.000051
213	799	0.000003
213	825	0.000001
213	854	0.000002
213	887	0.000003
214	219	0.000012
214	222	0.000025
214	225	0.000008
214	698	0.000205
214	703	0.000048
214	705	0.000051
214	706	0.000001
214	824	0.000001
214	849	0.000004
214	853	0.000002
214	887	0.000026
215	220	0.000001
215	221	0.000699
215	224	0.000027
215	227	0.000043
215	696	0.000002
215	697	0.000201
215	702	0.000063
215	704	0.000044
215	823	0.000001
215	848	0.000005
215	852	0.000002
215	886	0.000066
216	220	0.000531
216	226	0.000040
216	704	0.000004
216	847	0.000005
216	851	0.000001
216	885	0.000071
217	226	0.000005
217	704	0.000002
217	821	0.000002
217	846	0.000005
217	884	0.000072
218	224	0.000051
218	227	0.000702
218	236	0.000132
218	695	0.000033
218	696	0.000042
218	697	0.000076
218	702	0.000090
218	820	0.000002
218	845	0.000003
218	883	0.000072
219	226	0.000687
219	235	0.000134
219	422	0.000002
219	694	0.000034
219	704	0.000003
219	707	0.000001
219	741	0.000003
219	819	0.000001
219	827	0.000002
219	858	0.000002
219	882	0.000062
219	890	0.000004
220	225	0.000559
220	234	0.000135
220	421	0.000003
220	692	0.000021
220	693	0.000030
220	698	0.000037
220	699	0.000011
220	700	0.000887
220	701	0.000002
220	703	0.000002
220	706	0.000001
220	740	0.000003
220	826	0.000002
220	854	0.000001
220	855	0.000018
220	857	0.000001
220	860	0.000004
220	862	0.000004
220	881	0.000056
220	888	0.000071
220	889	0.000003
221	233	0.000134
221	420	0.000003
221	691	0.000027
221	693	0.000005
221	699	0.001004
221	706	0.000001
221	739	0.000003
221	825	0.000003
221	853	0.000003
221	854	0.000021
221	859	0.000006
221	861	0.000005
221	880	0.000055
221	887	0.000082
222	227	0.000054
222	228	0.000001
222	232	0.000050
222	236	0.000012
222	419	0.000003
222	425	0.000002
222	690	0.000025
222	694	0.000025
222	695	0.983989
222	696	0.000294
222	697	0.000055
222	879	0.000002
222	883	0.000001
222	886	0.000020
223	232	0.000080
223	235	0.000012
223	418	0.000003
223	690	0.000009
223	694	0.990007
223	882	0.000001
223	885	0.000017
224	231	0.000121
224	233	0.000014
224	416	0.000001
224	423	0.000007
224	689	0.000007
224	691	0.000216
224	693	0.984927
225	232	0.000014
225	235	0.000001
225	415	0.000001
225	422	0.000007
225	688	0.000005
225	690	0.000210
225	694	0.000051
226	231	0.000012
226	234	0.000002
226	421	0.000007
226	441	0.000002
226	687	0.000002
226	689	0.000028
226	691	0.035798
226	692	0.926686
226	693	0.000023
226	855	0.000001
227	233	0.000002
227	420	0.000007
227	440	0.000001
227	689	0.000056
227	691	0.934298
227	693	0.000003
227	854	0.000001
227	881	0.000022
228	416	0.000023
228	440	0.000088
228	689	0.998422
228	691	0.000049
228	853	0.000001
228	880	0.000022
229	415	0.000024
229	439	0.000091
229	688	0.998938
229	690	0.000054
229	879	0.000022
230	414	0.000024
230	438	0.000091
230	687	0.999322
230	689	0.000050
230	878	0.000022
231	412	0.000011
231	413	0.000014
231	436	0.000046
231	437	0.000046
231	686	0.998265
231	688	0.000041
231	877	0.000021
232	411	0.000021
232	435	0.000091
232	684	0.496194
232	685	0.497920
233	410	0.000022
233	412	0.000003
233	434	0.000092
233	682	0.000002
233	683	0.996623
233	876	0.000001
234	409	0.000018
234	433	0.000092
234	682	0.998384
235	408	0.000005
235	411	0.000002
235	432	0.000092
235	679	0.000001
235	680	0.000959
235	681	0.997134
236	407	0.000002
236	431	0.000091
236	679	0.003421
236	680	0.991438
237	409	0.453363
238	407	0.000005
238	408	0.908450
238	589	0.000001
238	679	0.000692
239	406	0.000011
239	407	0.999222
239	679	0.000005
240	405	0.000009
240	406	0.999659
240	407	0.000309
241	404	0.000008
241	405	0.999656
241	406	0.000317
242	404	0.999614
242	405	0.000322
243	402	0.000014
243	403	0.991088
243	404	0.000312
245	402	0.898322
246	399	0.000014
246	401	0.898322
247	399	0.991400
248	398	0.999931
248	399	0.000020
249	397	0.999976
249	398	0.000014
250	396	0.999984
250	397	0.000007
251	395	0.999991
252	394	0.999977
253	393	0.999484
254	392	0.999545
255	385	0.000001
255	390	0.000016
255	391	0.139503
256	390	0.126733
256	391	0.860112
257	381	0.000002
257	390	0.870981
257	391	0.000005
258	383	0.003693
258	384	0.115882
258	386	0.003915
258	387	0.015209
258	388	0.003286
258	389	0.840129
259	383	0.256804
259	384	0.001320
259	386	0.021439
259	387	0.005103
259	388	0.668692
259	389	0.000330
260	381	0.996121
261	380	0.999851
261	383	0.000003
261	384	0.000002
261	386	0.000062
262	379	0.999486
262	384	0.000001
263	377	0.000001
263	378	0.999484
264	377	0.999902
265	376	0.986576
266	371	0.000004
266	374	0.478259
266	376	0.000089
266	380	0.000002
267	376	0.000015
267	379	0.000002
268	372	0.942244
268	373	0.013858
268	375	0.000021
269	369	0.000003
269	370	0.002019
269	371	0.997607
269	374	0.000006
270	368	0.000003
270	369	0.002323
270	370	0.997493
270	371	0.000168
271	290	0.000002
271	367	0.000003
271	368	0.002620
271	369	0.997189
271	370	0.000167
272	289	0.000012
272	290	0.000289
272	367	0.002902
272	368	0.994957
272	369	0.000164
274	288	0.016291
274	289	0.000034
274	364	0.000005
275	287	0.018619
275	364	0.000002
275	365	0.979587
275	367	0.000007
276	286	0.018623
276	364	0.980700
277	285	0.018624
277	361	0.000221
277	362	0.000554
277	363	0.978592
278	284	0.018627
278	360	0.000593
278	361	0.001047
278	362	0.974058
278	363	0.000198
279	287	0.000003
279	289	0.000010
279	359	0.000757
280	286	0.000003
280	288	0.000012
281	287	0.000012
281	356	0.000007
281	359	0.742097
282	286	0.000009
282	355	0.000006
284	356	0.980930
284	359	0.000001
285	355	0.980792
286	353	0.000002
286	354	0.980674
287	353	0.979794
288	351	0.000586
288	353	0.000011
289	350	0.000025
289	351	0.711985
290	350	0.998624
290	351	0.000081
291	348	0.000001
291	349	0.998661
292	348	0.998851
292	349	0.000002
293	347	0.999965
294	346	0.999970
295	345	0.999562
296	344	0.999728
296	347	0.000002
296	368	0.000006
297	302	0.000001
297	341	0.000020
297	344	0.000063
297	346	0.000003
297	367	0.000008
298	340	0.000020
298	342	0.990600
298	343	0.000065
298	345	0.000004
298	366	0.000008
299	339	0.000020
299	341	0.999451
299	344	0.000005
299	365	0.000008
300	340	0.997863
300	343	0.000005
301	339	0.974896
301	364	0.000008
302	306	0.000001
302	342	0.000002
302	343	0.000132
302	363	0.000008
303	342	0.000131
303	343	0.000111
303	362	0.000008
304	342	0.000111
304	343	0.000046
304	361	0.000008
305	342	0.000046
305	360	0.000008
306	338	0.997949
306	339	0.000016
306	341	0.000027
306	359	0.000008
307	337	0.999440
307	340	0.000015
307	358	0.000008
308	336	0.999966
308	339	0.000002
309	335	0.999950
309	338	0.000001
310	334	0.982997
311	357	0.000008
312	331	0.000001
312	332	0.994305
312	333	0.000931
312	356	0.000008
313	331	0.999377
313	355	0.000008
314	330	0.999483
314	354	0.000008
315	329	0.999955
315	353	0.000008
316	328	0.999567
316	352	0.000008
317	326	0.000011
317	327	0.999907
317	351	0.000008
318	326	0.998631
318	327	0.000036
318	329	0.000002
318	350	0.000007
319	328	0.000005
319	349	0.000005
320	326	0.000214
320	327	0.000008
321	325	0.000664
321	326	0.000010
324	349	0.000002
325	348	0.000008
326	347	0.000008
327	346	0.000008
328	345	0.000008
329	344	0.000008
332	343	0.000006
333	342	0.000006
350	368	0.000578
351	367	0.018297
352	366	0.018551
353	365	0.018642
354	364	0.018633
355	362	0.000048
355	363	0.018546
356	361	0.000095
356	362	0.018497
356	363	0.000021
357	365	0.000002
358	364	0.000002
359	363	0.000002
381	386	0.000159
381	387	0.000006
381	388	0.000021
381	389	0.000068
382	387	0.000208
382	388	0.000133
383	390	0.000010
383	391	0.000001
384	390	0.000001
386	390	0.000005
386	391	0.000002
407	535	0.000006
409	429	0.000003
409	534	0.455288
409	589	0.000001
410	428	0.000005
410	530	0.000002
410	531	0.000019
410	533	0.991232
410	679	0.000010
411	425	0.000259
411	532	0.998382
411	678	0.000005
412	424	0.000260
412	529	0.000022
412	530	0.000028
412	531	0.999647
413	423	0.000260
413	528	0.000022
413	529	0.000045
413	530	0.999532
414	422	0.000259
414	527	0.000021
415	421	0.000257
415	526	0.000018
415	528	0.990648
415	529	0.000018
416	527	0.999448
417	525	0.000037
417	526	0.996112
418	429	0.000002
418	525	0.969637
418	526	0.001077
419	428	0.000002
420	523	0.000055
420	524	0.998663
421	523	0.999059
422	522	0.998899
423	520	0.000009
423	521	0.999642
424	520	0.997642
424	521	0.000006
425	431	0.007726
425	518	0.000604
426	433	0.000043
426	517	0.000267
427	433	0.000133
427	517	0.000006
428	433	0.000016
428	434	0.000091
428	520	0.000082
428	524	0.000046
429	433	0.000083
429	523	0.000045
431	520	0.000945
431	521	0.000075
431	524	0.000003
432	523	0.000003
433	518	0.000002
433	519	0.985371
434	516	0.000001
434	518	0.999117
435	517	0.999197
436	515	0.000019
436	516	0.999869
437	514	0.000034
437	515	0.999522
439	513	0.996948
439	514	0.000005
440	511	0.000070
440	512	0.999701
441	510	0.002213
441	511	0.965788
442	509	0.002221
443	509	0.987157
444	507	0.000004
444	508	0.998116
445	507	0.999974
446	506	0.999944
447	505	0.987589
448	502	0.000004
449	500	0.000009
449	503	0.997261
449	504	0.000931
450	499	0.000009
450	502	0.999967
451	498	0.000009
451	501	0.999500
452	497	0.000010
452	500	0.999946
453	496	0.000010
453	498	0.001965
453	499	0.994334
454	497	0.003924
454	500	0.000001
455	497	0.915503
458	495	0.987522
459	493	0.000014
459	494	0.999882
460	492	0.000015
460	493	0.999961
460	494	0.000012
461	491	0.000013
461	492	0.999828
461	493	0.000012
462	491	0.956921
463	487	0.000002
463	491	0.005332
464	485	0.000001
465	487	0.000003
465	491	0.000208
466	484	0.000008
466	487	0.000018
466	491	0.000067
467	483	0.000009
467	487	0.000051
467	488	0.995345
468	487	0.998876
469	478	0.000001
469	482	0.000004
469	485	0.000001
469	486	0.999417
470	477	0.000001
470	481	0.000004
470	485	0.999850
471	484	0.984543
471	487	0.000006
472	477	0.000002
472	478	0.000226
472	479	0.000012
472	481	0.000059
472	482	0.871336
472	486	0.000012
473	477	0.000224
473	479	0.000335
473	481	0.901311
473	482	0.090301
473	485	0.000013
474	480	0.887690
474	483	0.002138
474	484	0.000018
475	484	0.000002
476	481	0.001652
476	482	0.001617
477	483	0.000051
478	484	0.000004
479	483	0.000008
519	532	0.000009
520	529	0.000009
520	530	0.000003
520	531	0.000012
521	528	0.000009
521	529	0.000003
521	530	0.000012
521	533	0.000078
522	532	0.000079
523	531	0.000079
523	534	0.000002
524	530	0.000078
524	533	0.000003
525	532	0.000002
526	871	0.000001
526	879	0.000068
527	870	0.000002
527	878	0.000079
528	869	0.000001
528	876	0.000011
528	877	0.000078
529	868	0.000001
529	875	0.000013
529	876	0.000076
530	868	0.000001
530	874	0.000015
530	875	0.000074
531	867	0.000001
531	873	0.000017
531	874	0.000072
532	866	0.000002
532	872	0.000018
533	678	0.000006
533	683	0.000001
533	865	0.000002
533	871	0.000007
533	873	0.000023
534	587	0.000008
534	871	0.000002
535	588	0.973519
535	590	0.000002
535	679	0.000017
535	870	0.000001
536	587	0.990532
537	584	0.000002
537	585	0.007831
537	586	0.992089
537	587	0.000004
538	583	0.000002
538	584	0.010276
538	585	0.989703
538	586	0.000006
539	583	0.012690
539	584	0.985239
539	585	0.000006
541	581	0.000002
541	582	0.992663
541	583	0.004908
542	580	0.000001
542	581	0.997486
542	582	0.002491
543	579	0.000005
543	580	0.998773
544	578	0.000004
544	579	0.998151
544	580	0.000003
544	581	0.000001
545	578	0.999973
546	577	0.999979
547	576	0.998476
548	575	0.999859
549	574	0.999581
550	573	0.999954
551	567	0.000001
551	572	0.999581
552	566	0.000003
552	571	0.999960
553	570	0.999453
554	565	0.009091
554	566	0.001588
554	569	0.986672
555	563	0.000327
555	564	0.011576
556	560	0.000004
556	561	0.000018
556	562	0.000216
556	565	0.972478
556	566	0.002388
556	569	0.000002
557	563	0.009537
557	564	0.969137
558	562	0.009073
559	563	0.002908
559	564	0.000133
559	567	0.000005
559	568	0.000025
560	564	0.000140
562	567	0.000001
562	568	0.000030
563	569	0.000004
586	679	0.000165
586	680	0.001164
587	679	0.004870
587	680	0.000001
588	678	0.015623
588	683	0.000001
589	682	0.000001
590	676	0.000011
590	677	0.987450
590	678	0.007889
591	676	0.995944
591	677	0.003992
591	678	0.000002
592	675	0.999107
593	674	0.999928
594	673	0.999985
595	672	0.999698
596	670	0.000001
596	671	0.999965
597	670	0.996596
597	671	0.000002
599	668	0.996004
600	667	0.999975
601	666	0.999511
602	665	0.999977
603	664	0.999991
604	663	0.999991
605	662	0.999957
606	661	0.999964
607	660	0.999991
608	659	0.999957
609	657	0.000008
609	658	0.999947
610	656	0.000016
610	657	0.999966
610	658	0.000002
611	654	0.000005
611	656	0.998723
611	657	0.000003
612	616	0.000001
613	653	0.000636
614	652	0.000330
614	653	0.863852
615	652	0.865255
615	653	0.000004
616	651	0.864967
616	652	0.000003
616	655	0.131663
617	650	0.861832
617	654	0.134346
618	643	0.000001
618	648	0.004279
618	653	0.131230
619	642	0.000001
619	647	0.002164
619	648	0.858863
619	652	0.127264
619	653	0.003143
620	647	0.863075
620	652	0.006240
621	646	0.864516
622	639	0.000003
622	645	0.864182
622	651	0.116090
623	641	0.000001
623	644	0.864414
623	646	0.000002
623	650	0.134585
624	637	0.000247
624	640	0.000001
624	642	0.000013
624	643	0.748940
624	645	0.000004
624	648	0.000002
624	649	0.134693
625	636	0.000538
625	640	0.000045
625	642	0.262211
625	643	0.106717
625	647	0.000005
625	648	0.134725
626	635	0.000573
626	636	0.000003
626	638	0.001291
626	640	0.004033
626	642	0.088665
626	643	0.002778
626	647	0.134646
627	634	0.000572
627	635	0.000002
627	637	0.001305
627	638	0.000012
627	639	0.003953
627	640	0.000070
627	642	0.002969
627	643	0.000403
627	645	0.124748
628	633	0.000555
628	641	0.013289
628	644	0.130416
628	646	0.000003
629	635	0.001366
629	636	0.000936
629	638	0.002431
629	640	0.013149
629	642	0.577578
629	643	0.065416
630	641	0.979502
631	635	0.000141
631	636	0.001074
631	638	0.010738
631	640	0.980472
631	642	0.000001
632	636	0.000013
632	637	0.009247
632	638	0.000015
632	639	0.980353
633	638	0.977361
633	640	0.000001
678	687	0.000053
678	691	0.000001
678	870	0.000004
678	878	0.000005
679	683	0.000003
679	686	0.000056
679	690	0.000001
679	696	0.000029
679	869	0.000004
679	874	0.000042
679	875	0.000089
679	876	0.000006
679	877	0.000006
679	884	0.000001
680	695	0.000030
680	868	0.000004
680	873	0.000042
680	874	0.000089
680	875	0.000007
680	876	0.000006
680	883	0.000001
681	688	0.000002
681	694	0.000029
681	882	0.000001
682	687	0.000001
682	692	0.000020
682	693	0.000010
682	872	0.000022
682	881	0.000001
683	691	0.000028
683	880	0.000001
684	690	0.000024
684	871	0.000002
684	879	0.000001
685	871	0.000367
686	706	0.000001
686	870	0.000399
687	704	0.000002
687	868	0.000002
687	869	0.000398
688	703	0.000003
689	702	0.000003
689	704	0.000001
689	712	0.000002
689	867	0.000410
689	868	0.000001
690	698	0.000012
690	701	0.000003
690	703	0.000002
690	705	0.000003
690	711	0.000006
690	729	0.000028
690	866	0.000414
691	696	0.000001
691	697	0.000015
691	702	0.000002
691	704	0.000003
691	710	0.000007
691	728	0.000034
691	865	0.000414
692	727	0.000034
693	697	0.000003
693	702	0.000105
693	704	0.000003
693	709	0.000016
693	726	0.000034
693	827	0.000001
693	858	0.000001
693	864	0.000194
693	905	0.000002
694	700	0.000024
694	701	0.000090
694	703	0.000003
694	708	0.000015
694	725	0.000025
694	826	0.000002
694	855	0.000046
694	856	0.000004
694	857	0.000001
694	862	0.000308
694	863	0.000130
694	904	0.000002
695	699	0.000035
695	706	0.000004
695	724	0.000023
695	725	0.000005
695	825	0.000002
695	854	0.000057
695	859	0.000001
695	861	0.000377
695	887	0.000001
695	903	0.000002
696	706	0.000296
696	721	0.000008
696	724	0.000004
696	725	0.000121
696	815	0.000052
696	822	0.000003
696	825	0.000025
696	841	0.000006
696	853	0.000061
696	854	0.046473
696	859	0.000103
696	861	0.000808
696	881	0.000020
696	887	0.000017
696	900	0.000001
696	902	0.000002
696	907	0.000001
697	706	0.001807
697	713	0.000037
697	721	0.000005
697	724	0.000126
697	742	0.000002
697	808	0.000089
697	814	0.000052
697	822	0.001516
697	828	0.000002
697	840	0.000006
697	853	0.046679
697	854	0.000046
697	859	0.010835
697	861	0.000021
697	880	0.000020
697	887	0.000657
697	898	0.000062
697	906	0.000001
698	704	0.000450
698	707	0.000298
698	712	0.000083
698	715	0.000007
698	717	0.001690
698	723	0.000123
698	733	0.000002
698	741	0.000002
698	752	0.000005
698	807	0.000090
698	813	0.000043
698	821	0.001536
698	827	0.000002
698	845	0.000016
698	846	0.000002
698	847	0.000020
698	848	0.000155
698	851	0.000079
698	852	0.044607
698	858	0.010922
698	879	0.000019
698	884	0.000032
698	885	0.000001
698	886	0.000625
698	890	0.000021
698	897	0.000063
699	704	0.000062
699	707	0.000061
699	709	0.001309
699	710	0.000962
699	712	0.000004
699	714	0.000013
699	716	0.001890
699	732	0.000003
699	751	0.000006
699	806	0.000091
699	812	0.000025
699	820	0.001540
699	844	0.000021
699	845	0.000004
699	846	0.000065
699	847	0.000572
699	848	0.000371
699	851	0.029314
699	852	0.000146
699	858	0.000074
699	864	0.000001
699	865	0.000001
699	883	0.000038
699	885	0.000440
699	886	0.000004
699	890	0.000012
699	896	0.000063
699	905	0.000002
699	908	0.000002
700	704	0.000110
700	707	0.000318
700	712	0.000039
700	715	0.001835
700	731	0.000003
700	737	0.000001
700	750	0.000006
700	805	0.000090
700	819	0.001488
700	834	0.000002
700	845	0.000077
700	846	0.000696
700	847	0.000475
700	848	0.000632
700	851	0.000342
700	852	0.000029
700	858	0.000121
700	882	0.000023
700	884	0.000302
700	885	0.000005
700	886	0.000005
700	890	0.000011
700	895	0.000046
701	707	0.006304
701	712	0.000027
701	715	0.000007
701	717	0.000002
701	719	0.000002
701	736	0.000001
701	737	0.000001
701	804	0.000090
701	812	0.000001
701	818	0.001009
701	823	0.000028
701	833	0.000003
701	845	0.000658
701	846	0.000330
701	847	0.000647
701	848	0.000104
701	851	0.000079
701	852	0.000017
701	858	0.000044
701	871	0.000007
701	879	0.000003
701	882	0.000002
701	884	0.000002
701	885	0.000004
701	886	0.000002
701	890	0.000006
701	895	0.000013
701	901	0.000001
702	706	0.006692
702	713	0.004685
702	721	0.000009
702	724	0.000003
702	742	0.000005
702	803	0.000090
702	811	0.000002
702	814	0.000002
702	822	0.000031
702	825	0.000002
702	828	0.000002
702	832	0.000003
702	840	0.000004
702	841	0.000014
702	843	0.000001
702	853	0.005393
702	854	0.004756
702	859	0.001113
702	861	0.000055
702	870	0.000008
702	878	0.000004
702	880	0.000027
702	881	0.000002
702	887	0.002713
702	894	0.000025
702	900	0.000002
702	902	0.000002
703	707	0.000051
703	712	0.005579
703	717	0.000033
703	719	0.000227
703	723	0.000003
703	731	0.000004
703	735	0.000016
703	741	0.000005
703	747	0.000010
703	813	0.000002
703	818	0.000006
703	821	0.000028
703	823	0.000012
703	827	0.000002
703	845	0.000094
703	846	0.000064
703	847	0.001233
703	848	0.000283
703	851	0.000604
703	852	0.005020
703	858	0.001145
703	879	0.000027
703	885	0.000003
703	886	0.002642
703	890	0.000006
703	901	0.000002
704	708	0.000035
704	711	0.005181
704	713	0.000067
704	718	0.000266
704	722	0.000003
704	729	0.000002
704	730	0.000005
704	734	0.000019
704	740	0.000004
704	746	0.000015
704	814	0.000001
704	816	0.000001
704	817	0.000010
704	822	0.000013
704	826	0.000002
704	839	0.000045
704	849	0.003956
704	850	0.000737
704	853	0.016004
704	854	0.000034
704	855	0.000024
704	856	0.000008
704	857	0.000939
704	859	0.000122
704	860	0.000003
704	878	0.000025
704	887	0.000007
704	888	0.000001
704	889	0.000007
704	891	0.000010
704	892	0.000002
704	893	0.000001
704	898	0.000004
704	900	0.000002
705	712	0.000734
705	715	0.001040
705	717	0.000275
705	727	0.000010
705	733	0.000020
705	747	0.000003
705	813	0.000001
705	819	0.000020
705	821	0.000013
705	838	0.000049
705	845	0.009805
705	846	0.001052
705	847	0.000267
705	848	0.004336
705	851	0.001399
705	852	0.019659
705	858	0.000281
705	884	0.002607
705	885	0.000022
705	886	0.000009
705	890	0.000010
705	897	0.000005
706	710	0.000905
706	712	0.000295
706	714	0.001866
706	716	0.000274
706	719	0.000006
706	726	0.000013
706	728	0.000183
706	732	0.000020
706	745	0.000799
706	747	0.000004
706	748	0.000002
706	801	0.000009
706	810	0.000001
706	818	0.000024
706	820	0.000013
706	837	0.000049
706	844	0.009549
706	845	0.001077
706	846	0.000184
706	847	0.003974
706	848	0.000210
706	851	0.023372
706	852	0.000057
706	858	0.000120
706	864	0.000020
706	867	0.000003
706	873	0.003835
706	874	0.000008
706	875	0.000001
706	876	0.000002
706	883	0.002899
706	884	0.000025
706	885	0.000007
706	890	0.000016
706	896	0.000005
706	905	0.000007
706	908	0.000008
707	711	0.000285
707	713	0.001851
707	718	0.000006
707	725	0.000002
707	743	0.000003
707	744	0.000761
707	746	0.000005
707	800	0.000008
707	817	0.000025
707	824	0.000003
707	835	0.000002
707	836	0.000045
707	842	0.000019
707	843	0.009071
707	849	0.004116
707	850	0.022369
707	853	0.000034
707	854	0.000008
707	855	0.000363
707	856	0.000503
707	857	0.000124
707	859	0.000007
707	862	0.000002
707	863	0.000019
707	866	0.000003
707	872	0.003867
707	887	0.000004
707	888	0.000002
707	889	0.000017
707	891	0.000006
707	892	0.000001
707	893	0.000001
707	904	0.000006
707	907	0.000006
708	712	0.001330
708	715	0.000012
708	717	0.000006
708	727	0.000004
708	823	0.000004
708	833	0.000037
708	834	0.000003
708	845	0.000509
708	846	0.000100
708	847	0.000305
708	848	0.004490
708	851	0.000042
708	852	0.000035
708	858	0.000014
708	871	0.003867
708	882	0.002958
708	886	0.000004
708	890	0.000005
708	895	0.000005
709	713	0.000067
709	725	0.000564
709	742	0.000049
709	815	0.000020
709	822	0.000004
709	832	0.000041
709	840	0.000005
709	841	0.009184
709	853	0.000051
709	854	0.012373
709	859	0.000001
709	861	0.000029
709	870	0.003826
709	881	0.003042
709	887	0.000007
709	894	0.000005
709	903	0.000017
709	904	0.000002
709	907	0.000014
710	724	0.000571
710	742	0.003838
710	814	0.000020
710	828	0.000012
710	832	0.000004
710	840	0.009211
710	841	0.000002
710	853	0.012470
710	854	0.000044
710	859	0.000286
710	861	0.000001
710	870	0.000016
710	880	0.003042
710	887	0.000121
710	898	0.000002
710	902	0.000018
710	903	0.000002
710	906	0.000014
711	719	0.000002
711	723	0.000570
711	741	0.003909
711	747	0.000016
711	812	0.000002
711	813	0.000016
711	827	0.000012
711	833	0.000003
711	838	0.000177
711	845	0.001936
711	846	0.007386
711	847	0.000600
711	848	0.000217
711	851	0.001203
711	852	0.009175
711	858	0.000288
711	879	0.002960
711	886	0.000097
711	890	0.000007
711	897	0.000002
711	901	0.000017
712	718	0.000002
712	721	0.000001
712	722	0.000558
712	740	0.003849
712	742	0.000003
712	743	0.000035
712	744	0.000002
712	746	0.000032
712	811	0.000004
712	824	0.000001
712	826	0.000003
712	829	0.000038
712	830	0.000003
712	831	0.000002
712	832	0.000003
712	839	0.000191
712	842	0.000001
712	849	0.000440
712	850	0.002305
712	853	0.000002
712	855	0.000002
712	856	0.000002
712	857	0.000273
712	866	0.000003
712	878	0.002753
712	888	0.000002
712	889	0.000008
712	891	0.000001
712	892	0.000002
712	893	0.000002
712	900	0.000015
712	909	0.000002
713	717	0.000002
713	726	0.000101
713	741	0.000042
713	745	0.000047
713	810	0.000004
713	812	0.000005
713	823	0.000002
713	827	0.000016
713	833	0.000019
713	837	0.008919
713	838	0.000013
713	844	0.656126
713	845	0.000042
713	846	0.000002
713	847	0.000001
713	848	0.000011
713	851	0.000001
713	865	0.000001
713	876	0.000002
713	877	0.000582
713	905	0.000001
713	908	0.000003
714	721	0.000369
714	724	0.000015
714	725	0.000112
714	739	0.038073
714	742	0.006328
714	811	0.000005
714	822	0.000003
714	825	0.000010
714	828	0.002535
714	832	0.000034
714	836	0.008923
714	840	0.000003
714	841	0.000021
714	843	0.753537
714	853	0.000032
714	854	0.000082
714	859	0.000012
714	861	0.000108
714	870	0.000001
714	887	0.000031
714	900	0.000001
714	904	0.000001
714	907	0.000003
715	720	0.000307
715	722	0.000091
715	724	0.000090
715	725	0.000011
715	738	0.037884
715	739	0.000012
715	740	0.033333
715	742	0.000008
715	743	0.000588
715	744	0.000002
715	755	0.000007
715	809	0.000005
715	816	0.000044
715	824	0.000007
715	826	0.125937
715	828	0.000002
715	829	0.000003
715	831	0.000014
715	835	0.003920
715	839	0.000002
715	840	0.000015
715	841	0.000102
715	842	0.754508
715	843	0.000002
715	853	0.000056
715	854	0.000046
715	855	0.003476
715	856	0.000007
715	860	0.000108
715	862	0.000011
715	888	0.000029
715	893	0.000001
715	899	0.000001
715	903	0.000001
715	906	0.000001
716	721	0.000109
716	724	0.000042
716	725	0.000029
716	739	0.038059
716	742	0.000649
716	754	0.000008
716	808	0.000005
716	815	0.000049
716	825	0.147351
716	828	0.000003
716	832	0.000093
716	836	0.000001
716	840	0.000376
716	841	0.753932
716	843	0.000062
716	853	0.000073
716	854	0.003865
716	859	0.000108
716	861	0.000013
716	887	0.000032
716	902	0.000001
717	722	0.000009
717	724	0.000030
717	738	0.036382
717	739	0.000011
717	740	0.000065
717	742	0.000008
717	814	0.000048
717	824	0.147418
717	831	0.000087
717	832	0.000001
717	835	0.000003
717	839	0.000517
717	840	0.600439
717	841	0.000062
717	842	0.000061
717	849	0.000002
717	850	0.000002
717	853	0.003827
717	857	0.000002
717	859	0.000001
717	860	0.000012
717	872	0.000055
717	887	0.000001
717	891	0.000007
718	723	0.000023
718	735	0.056585
718	736	0.000268
718	737	0.020694
718	741	0.000012
718	750	0.000001
718	752	0.000002
718	813	0.000039
718	823	0.147413
718	833	0.000023
718	834	0.000004
718	838	0.000426
718	848	0.000002
718	851	0.000256
718	852	0.003252
718	858	0.000009
718	871	0.000059
718	886	0.000002
718	890	0.000008
719	734	0.078574
719	738	0.001131
719	740	0.000006
719	808	0.000009
719	822	0.147297
719	829	0.000001
719	831	0.000006
719	832	0.000022
719	835	0.000004
719	836	0.000015
719	839	0.702997
719	840	0.000029
719	849	0.001215
719	850	0.000400
719	853	0.000001
719	857	0.000009
719	870	0.000057
719	889	0.000007
720	727	0.000007
720	733	0.081585
720	735	0.000017
720	736	0.000005
720	737	0.001352
720	750	0.000026
720	752	0.000011
720	807	0.000011
720	819	0.000002
720	821	0.146675
720	834	0.000006
720	838	0.734069
720	847	0.000003
720	848	0.001372
720	851	0.000022
720	852	0.000002
720	884	0.000002
721	726	0.000011
721	728	0.000036
721	732	0.081909
721	735	0.000003
721	736	0.001808
721	748	0.011044
721	749	0.000023
721	751	0.000014
721	805	0.000005
721	806	0.000011
721	819	0.000031
721	820	0.142661
721	833	0.000004
721	834	0.000170
721	837	0.724727
721	838	0.000076
721	846	0.000004
721	847	0.001379
721	848	0.000957
721	851	0.000002
721	852	0.000005
721	867	0.000004
721	868	0.000052
721	869	0.000003
721	883	0.000002
721	908	0.000002
722	727	0.000032
722	731	0.081827
722	735	0.001987
722	747	0.017779
722	750	0.000014
722	804	0.000036
722	805	0.000006
722	818	0.001880
722	819	0.117619
722	833	0.000195
722	834	0.000011
722	838	0.000002
722	845	0.000002
722	846	0.001209
722	847	0.001068
722	848	0.000102
722	851	0.000006
722	871	0.000002
722	882	0.000002
723	729	0.000779
723	730	0.080238
723	734	0.002132
723	738	0.000002
723	742	0.000002
723	743	0.000012
723	744	0.000031
723	746	0.051711
723	803	0.000092
723	814	0.000018
723	815	0.000002
723	816	0.000073
723	817	0.003404
723	831	0.000002
723	832	0.000192
723	835	0.512428
723	836	0.000685
723	839	0.009547
723	849	0.000001
723	850	0.000006
723	866	0.000080
723	870	0.000002
723	881	0.000001
723	907	0.000004
723	909	0.000003
724	728	0.001280
724	731	0.000003
724	732	0.000041
724	733	0.002167
724	737	0.000003
724	741	0.000002
724	745	0.062816
724	747	0.000111
724	748	0.000320
724	749	0.001956
724	750	0.000004
724	751	0.000001
724	802	0.000416
724	813	0.000023
724	818	0.000331
724	819	0.000018
724	820	0.000002
724	833	0.000021
724	834	0.728847
724	838	0.009757
724	844	0.000004
724	845	0.003715
724	846	0.000011
724	865	0.000086
724	869	0.000002
724	908	0.000003
725	731	0.000027
725	732	0.002114
725	736	0.000002
725	741	0.000014
725	745	0.028525
725	747	0.000301
725	748	0.001961
725	749	0.000006
725	764	0.000010
725	801	0.000417
725	812	0.000026
725	813	0.000002
725	818	0.000090
725	819	0.000003
725	833	0.744474
725	834	0.000013
725	837	0.009801
725	844	0.004079
725	864	0.000085
725	868	0.000002
725	879	0.000001
725	905	0.000007
725	908	0.000259
726	739	0.000067
726	742	0.000227
726	763	0.000010
726	800	0.000415
726	811	0.000026
726	814	0.000069
726	815	0.000932
726	828	0.000001
726	832	0.745155
726	836	0.009804
726	843	0.004084
726	861	0.000117
726	878	0.000001
726	904	0.000007
726	906	0.000002
726	907	0.000263
727	734	0.000001
727	738	0.000065
727	740	0.000193
727	742	0.000267
727	743	0.126241
727	744	0.001194
727	746	0.000108
727	799	0.000014
727	809	0.000003
727	814	0.000234
727	815	0.000397
727	816	0.000066
727	817	0.000003
727	826	0.000001
727	828	0.000012
727	829	0.054580
727	830	0.015355
727	831	0.630982
727	832	0.000002
727	835	0.009227
727	841	0.000002
727	842	0.004073
727	854	0.000002
727	860	0.000120
727	862	0.000003
727	888	0.000005
727	903	0.000006
727	906	0.000244
728	739	0.000210
728	742	0.134150
728	763	0.000003
728	799	0.000002
728	808	0.000003
728	811	0.000004
728	814	0.000998
728	815	0.000063
728	822	0.000001
728	825	0.000002
728	828	0.094366
728	832	0.000442
728	840	0.000011
728	841	0.004052
728	853	0.000003
728	859	0.000120
728	861	0.000003
728	887	0.000006
728	902	0.000005
728	904	0.000002
728	906	0.000014
728	907	0.000002
729	736	0.000027
729	737	0.000105
729	741	0.067127
729	807	0.000003
729	812	0.000014
729	813	0.000959
729	818	0.000002
729	821	0.000001
729	827	0.047350
729	833	0.000873
729	834	0.005122
729	838	0.000005
729	852	0.000003
729	858	0.000106
729	886	0.000005
729	901	0.000004
730	735	0.000021
730	736	0.000112
730	737	0.000080
730	741	0.083955
730	761	0.000024
730	812	0.000646
730	818	0.000001
730	827	0.581506
730	833	0.005243
730	834	0.000023
730	838	0.000337
730	851	0.000003
731	738	0.000044
731	739	0.000064
731	740	0.151820
731	743	0.000175
731	744	0.000001
731	755	0.000001
731	760	0.000027
731	811	0.000412
731	816	0.000008
731	825	0.000002
731	826	0.641139
731	828	0.000045
731	829	0.089790
731	830	0.003213
731	831	0.000191
731	832	0.004821
731	835	0.000005
731	836	0.000012
731	839	0.000014
731	841	0.000003
731	850	0.000002
731	855	0.000070
731	856	0.000003
731	904	0.000256
732	739	0.152829
732	742	0.000200
732	754	0.000002
732	759	0.000027
732	811	0.000031
732	815	0.000008
732	825	0.642507
732	828	0.088965
732	832	0.000336
732	836	0.002544
732	840	0.000058
732	854	0.000076
732	903	0.000285
733	738	0.133756
733	739	0.000013
733	740	0.000013
733	742	0.000033
733	746	0.000002
733	758	0.000026
733	809	0.000009
733	814	0.000008
733	822	0.000001
733	824	0.640150
733	825	0.000002
733	826	0.000045
733	828	0.022268
733	829	0.000078
733	830	0.000054
733	831	0.000253
733	835	0.002478
733	836	0.000003
733	839	0.000056
733	853	0.000074
733	891	0.000007
733	902	0.000285
734	741	0.000056
734	756	0.000063
734	813	0.000007
734	818	0.000006
734	821	0.000004
734	823	0.615007
734	827	0.107212
734	833	0.001067
734	834	0.001530
734	838	0.000048
734	852	0.000064
734	890	0.000010
734	901	0.000287
735	739	0.000001
735	740	0.000052
735	742	0.000005
735	743	0.000051
735	744	0.000076
735	755	0.000113
735	809	0.000001
735	816	0.000002
735	817	0.000012
735	822	0.413215
735	824	0.000191
735	825	0.000025
735	826	0.114235
735	828	0.000001
735	829	0.000008
735	830	0.000180
735	831	0.000031
735	832	0.001912
735	889	0.000013
735	893	0.000001
735	900	0.000289
736	740	0.000013
736	742	0.000089
736	743	0.000239
736	744	0.000058
736	746	0.000003
736	754	0.000116
736	755	0.000027
736	809	0.000024
736	815	0.000003
736	816	0.000020
736	817	0.000039
736	822	0.004093
736	824	0.000057
736	825	0.114725
736	826	0.000044
736	828	0.000007
736	829	0.000200
736	830	0.000038
736	831	0.002013
736	832	0.000083
736	836	0.000027
736	840	0.000005
736	850	0.000046
736	888	0.000019
736	892	0.000004
736	899	0.000291
737	742	0.000227
737	743	0.000073
737	744	0.000020
737	746	0.000016
737	754	0.000029
737	755	0.000002
737	808	0.000027
737	814	0.000003
737	815	0.000013
737	816	0.000016
737	817	0.000013
737	822	0.178569
737	824	0.115066
737	825	0.000045
737	826	0.000010
737	828	0.000204
737	829	0.000036
737	830	0.001962
737	831	0.000065
737	835	0.000031
737	839	0.000007
737	849	0.000051
737	853	0.000001
737	887	0.000019
737	891	0.000004
737	898	0.000292
738	747	0.000009
738	750	0.000016
738	752	0.000758
738	807	0.000028
738	813	0.000003
738	818	0.000071
738	819	0.001133
738	821	0.513848
738	823	0.114481
738	827	0.000198
738	834	0.000027
738	838	0.000008
738	848	0.000050
738	852	0.000001
738	886	0.000018
738	890	0.000004
738	897	0.000292
739	745	0.000292
739	748	0.001678
739	749	0.000019
739	751	0.000895
739	753	0.000116
739	757	0.000004
739	806	0.000027
739	812	0.000002
739	813	0.000020
739	818	0.000874
739	819	0.021672
739	820	0.547418
739	821	0.001959
739	823	0.000378
739	827	0.000004
739	833	0.000021
739	834	0.000015
739	837	0.000007
739	847	0.000047
739	885	0.000011
739	896	0.000292
740	747	0.001718
740	750	0.000872
740	752	0.000115
740	756	0.000005
740	804	0.000008
740	805	0.000019
740	812	0.000021
740	818	0.037306
740	819	0.516066
740	821	0.115277
740	823	0.000755
740	827	0.002639
740	833	0.000021
740	846	0.000041
740	851	0.000002
740	858	0.000010
740	884	0.000007
740	890	0.000009
740	895	0.000286
741	746	0.001580
741	754	0.000049
741	755	0.000004
741	763	0.000006
741	765	0.000015
741	803	0.000015
741	811	0.000020
741	814	0.000010
741	815	0.000200
741	816	0.000142
741	817	0.049284
741	822	0.000905
741	824	0.000135
741	825	0.000017
741	826	0.002802
741	831	0.000004
741	832	0.000022
741	835	0.000003
741	836	0.000001
741	849	0.000005
741	850	0.000002
741	857	0.000011
741	887	0.000001
741	888	0.000005
741	889	0.000009
741	891	0.000003
741	892	0.000002
741	893	0.000002
741	894	0.000257
742	747	0.000011
742	748	0.001785
742	749	0.000462
742	750	0.000002
742	751	0.000966
742	753	0.000215
742	757	0.000001
742	762	0.000024
742	764	0.000021
742	802	0.000015
742	806	0.000008
742	810	0.000020
742	813	0.000012
742	818	0.004527
742	819	0.011189
742	820	0.180007
742	821	0.000438
742	823	0.000099
742	827	0.000001
742	834	0.000004
742	844	0.000011
742	847	0.000002
742	848	0.000006
742	883	0.000003
742	886	0.000003
742	890	0.000003
743	747	0.001369
743	750	0.000892
743	752	0.000213
743	756	0.000001
743	761	0.000019
743	805	0.000008
743	812	0.000012
743	813	0.000353
743	818	0.028825
743	819	0.180734
743	821	0.000153
743	823	0.000015
743	827	0.000002
743	833	0.000004
743	834	0.000017
743	846	0.000002
743	847	0.000005
743	858	0.000001
743	882	0.000002
743	885	0.000003
743	886	0.000005
743	890	0.000002
744	750	0.000004
744	752	0.000001
744	804	0.000009
744	812	0.000359
744	813	0.000005
744	818	0.166079
744	819	0.002424
744	821	0.000056
744	823	0.006179
744	833	0.000020
744	845	0.000002
744	846	0.000004
744	858	0.000003
744	884	0.000001
744	885	0.000002
744	886	0.000002
744	890	0.000003
745	754	0.000009
745	758	0.000002
745	763	0.000109
745	803	0.000009
745	811	0.000301
745	814	0.004344
745	815	0.000377
745	822	0.006696
745	825	0.000001
745	828	0.000123
745	832	0.000021
745	843	0.000003
745	853	0.000015
745	854	0.000001
745	859	0.000031
745	887	0.000088
746	750	0.000002
746	752	0.000002
746	756	0.000073
746	761	0.000638
746	812	0.000037
746	813	0.003898
746	818	0.038910
746	819	0.000144
746	821	0.006562
746	823	0.000001
746	827	0.000125
746	852	0.000011
746	858	0.000029
746	886	0.000071
746	890	0.000005
747	755	0.000156
747	760	0.000756
747	809	0.000019
747	811	0.000018
747	814	0.000055
747	815	0.000623
747	816	0.853644
747	817	0.026276
747	826	0.000123
747	829	0.000003
747	842	0.000015
747	855	0.000108
747	857	0.000015
747	888	0.000031
747	889	0.000003
748	754	0.000172
748	759	0.000776
748	808	0.000017
748	811	0.001212
748	814	0.000790
748	815	0.919013
748	825	0.000121
748	828	0.000004
748	841	0.000015
748	854	0.000125
748	887	0.000033
749	754	0.000049
749	758	0.000776
749	811	0.000109
749	814	0.914486
749	815	0.044581
749	822	0.000004
749	825	0.000002
749	840	0.000015
749	843	0.000003
749	853	0.000124
749	861	0.000020
749	887	0.000003
750	755	0.000002
750	760	0.000003
750	809	0.001052
750	811	0.000021
750	814	0.044721
750	815	0.001762
750	816	0.015608
750	817	0.000079
750	824	0.000002
750	826	0.000010
750	839	0.000012
750	842	0.000003
750	855	0.000003
750	860	0.000020
750	862	0.000057
750	888	0.000004
751	759	0.000004
751	808	0.001070
751	811	0.001138
751	814	0.003056
751	815	0.016990
751	822	0.000032
751	825	0.000011
751	841	0.000003
751	854	0.000004
751	859	0.000020
751	861	0.000063
751	887	0.000005
752	758	0.000003
752	760	0.000004
752	765	0.000002
752	808	0.000004
752	809	0.000349
752	811	0.002177
752	814	0.012399
752	815	0.001452
752	816	0.000330
752	817	0.000002
752	824	0.000010
752	840	0.000002
752	853	0.000002
752	855	0.000001
752	860	0.000063
752	888	0.000005
753	758	0.000001
753	759	0.000005
753	763	0.000021
753	808	0.000354
753	811	0.955661
753	814	0.004837
753	815	0.000348
753	822	0.000001
753	853	0.000002
753	854	0.000001
753	859	0.000063
753	887	0.000006
754	762	0.000025
754	805	0.000074
754	806	0.001268
754	807	0.000054
754	810	0.971647
754	812	0.000094
754	813	0.005084
754	819	0.000002
754	820	0.000008
754	852	0.000001
754	858	0.000018
754	886	0.000004
755	761	0.000024
755	804	0.000075
755	805	0.001214
755	807	0.000001
755	812	0.004674
755	813	0.000263
755	818	0.000002
755	819	0.000008
755	851	0.000001
755	885	0.000003
756	760	0.000019
756	803	0.000004
756	808	0.000022
756	809	0.988222
756	811	0.001422
756	855	0.000002
757	803	0.001407
757	808	0.997131
757	811	0.000007
757	854	0.000002
758	802	0.001424
758	806	0.001315
758	807	0.994829
758	810	0.000006
758	884	0.000001
759	801	0.001406
759	805	0.001365
759	806	0.996213
759	852	0.000002
759	883	0.000001
760	804	0.004831
760	805	0.943117
760	851	0.000002
760	882	0.000001
761	800	0.001312
761	803	0.006676
761	850	0.000001
761	881	0.000001
762	799	0.001310
762	800	0.000012
762	803	0.945109
762	880	0.000001
763	798	0.001296
763	801	0.085248
763	802	0.880686
763	804	0.007522
763	879	0.000001
764	797	0.001143
764	799	0.000016
764	800	0.146836
764	803	0.007946
764	814	0.000001
764	878	0.000001
765	813	0.000001
766	794	0.000014
766	804	0.000001
766	812	0.000001
767	793	0.000014
767	797	0.038005
767	799	0.953393
767	800	0.000422
768	792	0.000003
768	794	0.000002
768	796	0.038754
768	798	0.960702
769	795	0.038053
769	797	0.959996
769	799	0.000002
770	794	0.015009
770	796	0.960559
770	798	0.000002
771	793	0.004256
771	795	0.920528
771	797	0.000002
772	793	0.909716
772	795	0.000080
773	792	0.996262
773	794	0.000066
774	790	0.000001
774	791	0.999939
774	793	0.000021
775	789	0.000001
775	790	0.999983
775	791	0.000004
776	789	0.999967
776	790	0.000002
777	787	0.003329
777	788	0.994674
778	783	0.000022
778	784	0.001144
778	786	0.006677
778	787	0.989322
778	788	0.000004
779	783	0.001125
779	784	0.001314
779	786	0.980465
779	787	0.000013
779	788	0.000007
780	787	0.000017
781	787	0.000003
783	881	0.000001
784	880	0.000001
785	879	0.000001
786	878	0.000001
793	873	0.000003
794	872	0.000003
795	871	0.000003
796	870	0.000003
797	869	0.000003
799	868	0.000003
800	823	0.000002
800	867	0.000003
800	908	0.000002
801	815	0.000012
801	822	0.000002
801	907	0.000002
802	811	0.000020
802	814	0.000012
802	859	0.000003
802	906	0.000002
803	810	0.000023
803	813	0.000011
803	818	0.000439
803	844	0.000032
803	858	0.000003
803	864	0.000003
803	905	0.000002
804	809	0.000020
804	816	0.000007
804	817	0.000523
804	843	0.000032
804	856	0.000007
804	857	0.000002
804	863	0.000003
804	904	0.000002
805	815	0.000009
805	816	0.000582
805	826	0.000001
805	842	0.000032
805	855	0.000010
805	856	0.000001
805	862	0.000003
805	903	0.000002
806	811	0.000002
806	814	0.000010
806	815	0.000588
806	825	0.000001
806	836	0.000001
806	841	0.000032
806	854	0.000012
806	861	0.000003
806	902	0.000002
807	814	0.000556
807	824	0.000001
807	835	0.000001
807	840	0.000031
807	853	0.000011
807	860	0.000003
808	813	0.000213
808	834	0.000001
808	852	0.000006
809	813	0.000001
809	823	0.000004
809	833	0.000001
809	838	0.000003
809	851	0.000003
809	858	0.000001
809	871	0.000010
809	901	0.000001
810	814	0.000005
810	815	0.000075
810	822	0.000005
810	825	0.000002
810	828	0.000005
810	832	0.000001
810	853	0.000025
810	854	0.000002
810	859	0.000006
810	870	0.000012
810	900	0.000001
811	818	0.000005
811	820	0.000012
811	821	0.000003
811	827	0.000005
811	837	0.000081
811	851	0.000109
811	852	0.000013
811	858	0.000007
811	864	0.000003
811	867	0.000002
811	868	0.000002
811	869	0.000012
811	890	0.000002
812	816	0.000001
812	817	0.000007
812	825	0.000011
812	826	0.000006
812	836	0.000081
812	840	0.000001
812	850	0.000168
812	857	0.000007
812	862	0.000003
812	863	0.000003
812	866	0.000001
812	889	0.000002
812	899	0.000002
813	817	0.000001
813	822	0.000020
813	824	0.000018
813	825	0.000005
813	835	0.000082
813	839	0.000003
813	849	0.000191
813	856	0.000005
813	860	0.000001
813	861	0.000003
813	862	0.000004
813	866	0.000028
813	888	0.000002
813	898	0.000002
814	819	0.000001
814	820	0.000039
814	821	0.000143
814	823	0.000019
814	834	0.000081
814	838	0.000003
814	845	0.000003
814	847	0.000002
814	848	0.000193
814	858	0.000002
814	865	0.000037
814	897	0.000002
815	819	0.000017
815	820	0.000171
815	821	0.000001
815	833	0.000072
815	837	0.000003
815	844	0.000004
815	846	0.000004
815	847	0.000194
815	848	0.000002
815	858	0.000002
815	864	0.000037
815	886	0.000002
815	896	0.000002
816	821	0.000027
816	823	0.000005
816	833	0.000001
816	834	0.000018
816	845	0.000006
816	846	0.000196
816	847	0.000003
816	852	0.000006
816	858	0.000702
816	885	0.000002
816	895	0.000002
817	821	0.000013
817	823	0.000041
817	827	0.000095
817	833	0.000024
817	834	0.000002
817	845	0.000185
817	846	0.000003
817	851	0.000008
817	858	0.003377
817	890	0.000863
818	822	0.000038
818	824	0.000015
818	825	0.000007
818	826	0.000117
818	829	0.000005
818	830	0.000917
818	831	0.000004
818	832	0.000020
818	842	0.000393
818	843	0.000266
818	850	0.000008
818	855	0.000653
818	856	0.029092
818	857	0.003015
818	859	0.000003
818	860	0.000007
818	861	0.000057
818	863	0.000043
818	889	0.000937
818	893	0.000001
819	824	0.000010
819	825	0.000110
819	826	0.000890
819	828	0.000005
819	829	0.001246
819	830	0.000003
819	831	0.000010
819	839	0.000001
819	840	0.000002
819	841	0.000458
819	842	0.000371
819	843	0.000002
819	849	0.000004
819	853	0.000001
819	854	0.000751
819	855	0.038957
819	856	0.002337
819	857	0.000192
819	859	0.000010
819	860	0.000151
819	862	0.000106
819	888	0.000970
820	825	0.001019
820	828	0.001290
820	832	0.000033
820	836	0.000005
820	840	0.000608
820	841	0.000379
820	843	0.000007
820	853	0.000790
820	854	0.040550
820	859	0.000187
820	861	0.000113
820	887	0.000970
821	825	0.000008
821	826	0.000155
821	828	0.000004
821	829	0.000009
821	830	0.000013
821	831	0.000034
821	835	0.000006
821	839	0.000585
821	840	0.000319
821	841	0.000046
821	842	0.000005
821	850	0.000003
821	853	0.037479
821	854	0.000110
821	855	0.014762
821	856	0.000244
821	857	0.000059
821	859	0.000004
821	860	0.000100
821	891	0.000011
822	827	0.000005
822	834	0.000006
822	837	0.000802
822	838	0.000042
822	851	0.000779
822	852	0.019596
822	858	0.000025
822	885	0.000004
822	886	0.000003
822	890	0.000012
823	828	0.000002
823	829	0.000002
823	830	0.000002
823	835	0.000009
823	836	0.000778
823	839	0.000359
823	840	0.000001
823	849	0.000081
823	850	0.001073
823	853	0.020175
823	854	0.000110
823	855	0.000031
823	856	0.000009
823	857	0.000021
823	859	0.000010
823	887	0.000002
823	889	0.000011
823	891	0.000001
824	833	0.000004
824	834	0.000012
824	838	0.000434
824	848	0.000080
824	851	0.004669
824	852	0.025940
824	858	0.000013
824	884	0.000014
824	886	0.000002
824	890	0.000001
825	833	0.000008
825	834	0.001003
825	837	0.000435
825	847	0.000071
825	848	0.000010
825	851	0.026006
825	852	0.005448
825	883	0.000015
825	885	0.000001
826	833	0.001141
826	834	0.000017
826	846	0.000064
826	847	0.000007
826	848	0.000042
826	851	0.006260
826	852	0.000107
826	858	0.000049
826	882	0.000008
826	886	0.000001
826	890	0.000001
827	831	0.000005
827	832	0.001118
827	835	0.000316
827	836	0.000029
827	849	0.176179
827	850	0.003673
827	853	0.000070
827	854	0.000050
827	855	0.000028
827	856	0.000059
827	857	0.000059
827	881	0.000002
827	888	0.000008
827	889	0.000001
827	909	0.000003
828	833	0.000007
828	834	0.000448
828	837	0.000022
828	844	0.000003
828	846	0.000005
828	847	0.000084
828	848	0.206841
828	851	0.000005
828	852	0.000187
828	908	0.000004
829	833	0.000330
829	834	0.000028
829	838	0.000003
829	845	0.000002
829	846	0.000075
829	847	0.210822
829	848	0.000387
829	851	0.000189
829	852	0.000114
829	886	0.000013
830	834	0.000007
830	838	0.000002
830	845	0.000038
830	846	0.211554
830	847	0.000438
830	848	0.000342
830	851	0.000103
830	852	0.000135
830	885	0.000013
831	838	0.000239
831	845	0.211406
831	846	0.000414
831	847	0.000378
831	848	0.000202
831	851	0.000145
831	852	0.001311
831	858	0.000001
831	884	0.000013
832	837	0.000254
832	838	0.000002
832	844	0.211462
832	845	0.000067
832	846	0.000287
832	847	0.000224
832	848	0.000266
832	851	0.001593
832	852	0.000002
832	858	0.000010
832	873	0.000002
832	883	0.000012
832	890	0.000005
832	905	0.000041
832	908	0.000004
833	839	0.000009
833	840	0.000021
833	841	0.000025
833	842	0.002437
833	843	0.207185
833	849	0.000022
833	850	0.001620
833	854	0.000008
833	855	0.000003
833	856	0.000002
833	857	0.000011
833	872	0.000002
833	888	0.000001
833	889	0.000005
833	904	0.000041
833	907	0.000004
834	839	0.000123
834	840	0.000276
834	841	0.003351
834	842	0.183270
834	843	0.000332
834	849	0.001592
834	850	0.000004
834	853	0.000013
834	854	0.000004
834	855	0.000002
834	856	0.000010
834	857	0.000004
834	887	0.000001
834	888	0.000004
834	891	0.000001
834	903	0.000021
834	906	0.000002
835	845	0.008787
835	846	0.000017
835	847	0.000004
835	848	0.000660
835	852	0.000012
836	844	0.010961
836	845	0.000001
836	847	0.000080
836	851	0.000010
836	869	0.000001
836	882	0.000003
836	901	0.000042
836	905	0.000003
836	908	0.000009
837	841	0.001671
837	843	0.011037
837	853	0.000002
837	854	0.000077
837	881	0.000003
837	900	0.000043
837	903	0.000001
837	904	0.000003
837	907	0.000009
838	842	0.008978
838	843	0.000003
838	849	0.000026
838	853	0.000077
838	880	0.000003
838	899	0.000034
838	902	0.000001
838	903	0.000002
838	906	0.000008
839	845	0.000043
839	846	0.000003
839	848	0.000028
839	852	0.000075
839	879	0.000003
839	897	0.000002
839	901	0.000001
840	844	0.000044
840	845	0.000003
840	846	0.000002
840	847	0.000026
840	848	0.000004
840	851	0.000067
840	858	0.000001
840	865	0.000095
840	868	0.000002
840	869	0.000001
840	877	0.000002
840	896	0.000002
840	897	0.000037
840	905	0.000001
841	845	0.000002
841	846	0.000020
841	847	0.000014
841	848	0.000064
841	852	0.000107
841	858	0.000003
841	864	0.000098
841	865	0.000003
841	867	0.000002
841	868	0.000001
841	876	0.000002
841	877	0.000001
841	883	0.000001
841	885	0.000002
841	896	0.000043
842	846	0.000012
842	847	0.000058
842	848	0.000014
842	851	0.000118
842	852	0.000008
842	858	0.000042
842	884	0.000003
842	895	0.000032
842	897	0.000010
843	847	0.000008
843	848	0.000008
843	851	0.000007
843	852	0.000002
843	858	0.000021
843	864	0.000009
843	865	0.000003
843	875	0.000001
843	883	0.000003
843	895	0.000039
843	896	0.000011
843	901	0.000023
843	905	0.000021
843	908	0.000003
844	853	0.004859
844	854	0.008001
844	859	0.001091
844	861	0.001016
844	887	0.000012
844	894	0.000205
844	900	0.000026
844	904	0.000021
844	907	0.000004
845	849	0.000294
845	850	0.000427
845	853	0.008298
845	854	0.003310
845	855	0.016259
845	856	0.044446
845	857	0.055072
845	859	0.000076
845	860	0.001108
845	861	0.000153
845	862	0.012902
845	863	0.000262
845	872	0.000002
845	887	0.000004
845	888	0.000047
845	889	0.000204
845	891	0.000140
845	892	0.000360
845	893	0.003369
845	894	0.000364
845	899	0.000039
845	903	0.000020
845	906	0.000003
846	850	0.000199
846	853	0.004364
846	854	0.018129
846	855	0.054825
846	856	0.073084
846	857	0.010412
846	859	0.001044
846	860	0.000243
846	861	0.014487
846	862	0.000641
846	863	0.000040
846	872	0.000007
846	887	0.000044
846	888	0.000247
846	889	0.005670
846	891	0.000384
846	892	0.003908
846	893	0.037435
846	894	0.000072
846	898	0.000038
846	899	0.000016
846	900	0.000002
846	902	0.000017
846	904	0.000002
847	853	0.017615
847	854	0.054173
847	855	0.077053
847	856	0.013737
847	857	0.000899
847	859	0.000270
847	860	0.015495
847	861	0.000670
847	862	0.000099
847	863	0.000007
847	870	0.000002
847	872	0.000004
847	881	0.000002
847	887	0.000207
847	888	0.007518
847	889	0.000150
847	891	0.003274
847	892	0.045897
847	893	0.010187
847	894	0.000004
847	898	0.000018
847	899	0.000028
847	903	0.000002
848	853	0.036184
848	854	0.074746
848	855	0.012980
848	856	0.001105
848	857	0.000657
848	859	0.015884
848	860	0.000514
848	861	0.000099
848	862	0.000015
848	863	0.000005
848	870	0.000006
848	872	0.000055
848	880	0.000005
848	887	0.007730
848	888	0.000177
848	889	0.000023
848	891	0.047320
848	892	0.011138
848	893	0.000404
848	894	0.000001
848	898	0.000031
848	902	0.000004
849	858	0.015268
849	871	0.000058
849	879	0.000006
849	885	0.000013
849	886	0.007571
849	890	0.029205
849	895	0.000005
849	897	0.000029
849	901	0.000003
850	858	0.008920
850	871	0.000237
850	879	0.000012
850	884	0.000005
850	885	0.002817
850	886	0.000102
850	890	0.090228
850	895	0.000133
851	855	0.000159
851	856	0.000815
851	857	0.009666
851	859	0.000051
851	860	0.000547
851	861	0.000065
851	862	0.000278
851	863	0.000016
851	866	0.000009
851	870	0.000204
851	872	0.000019
851	878	0.000012
851	887	0.000017
851	888	0.009166
851	889	0.114011
851	891	0.000567
851	892	0.084674
851	893	0.026146
851	894	0.000155
851	899	0.000177
852	856	0.006911
852	857	0.002796
852	859	0.000845
852	860	0.000189
852	861	0.000322
852	862	0.000044
852	863	0.000004
852	866	0.004621
852	870	0.001085
852	872	0.000004
852	878	0.000025
852	887	0.009173
852	888	0.115274
852	889	0.001021
852	891	0.111566
852	892	0.033234
852	893	0.003422
852	894	0.000003
852	898	0.000203
852	899	0.000001
853	858	0.001588
853	864	0.000028
853	865	0.006734
853	867	0.000011
853	868	0.000493
853	869	0.003395
853	871	0.000004
853	873	0.000006
853	874	0.000847
853	875	0.004444
853	876	0.000190
853	877	0.000213
853	882	0.000002
853	883	0.000057
853	884	0.000381
853	885	0.000019
853	886	0.008174
853	890	0.112736
853	896	0.000003
853	897	0.000244
854	858	0.000189
854	864	0.006696
854	865	0.000018
854	867	0.000498
854	868	0.003390
854	869	0.000012
854	873	0.000853
854	874	0.004481
854	875	0.000191
854	876	0.000212
854	882	0.000018
854	883	0.000421
854	884	0.000005
854	885	0.002805
854	886	0.100544
854	890	0.004678
854	895	0.000003
854	896	0.000254
855	871	0.000013
855	882	0.000250
855	884	0.001217
855	885	0.059200
855	886	0.003150
855	890	0.003369
855	895	0.000249
856	871	0.000041
856	882	0.000001
856	884	0.016157
856	885	0.001887
856	886	0.006000
856	890	0.001812
857	871	0.005902
857	879	0.000026
857	882	0.000011
857	884	0.000820
857	885	0.002504
857	886	0.013778
857	890	0.008995
857	895	0.000001
858	862	0.000030
858	863	0.000223
858	866	0.002358
858	870	0.006129
858	872	0.000077
858	878	0.000026
858	881	0.000002
858	887	0.007093
858	888	0.012141
858	889	0.009366
858	891	0.000394
858	892	0.000132
858	893	0.000089
858	894	0.000002
858	899	0.000004
858	909	0.000002
859	864	0.000104
859	865	0.002541
859	867	0.000022
859	868	0.000090
859	869	0.006208
859	871	0.000084
859	873	0.000004
859	874	0.000016
859	875	0.000022
859	876	0.000002
859	877	0.000028
859	882	0.000008
859	883	0.003229
859	884	0.000525
859	885	0.697095
859	886	0.028623
859	890	0.000202
859	908	0.000003
860	871	0.000003
860	879	0.000001
860	882	0.001869
860	884	0.846427
860	885	0.028943
860	886	0.016875
860	890	0.000010
860	897	0.000006
861	865	0.000044
861	867	0.001514
861	868	0.003356
861	869	0.000150
861	873	0.000079
861	874	0.000008
861	875	0.000016
861	876	0.000005
861	877	0.000001
861	882	0.000007
861	883	0.877876
861	884	0.022645
861	885	0.018075
861	886	0.002371
861	890	0.000001
861	896	0.000007
861	908	0.000003
862	871	0.000004
862	882	0.437808
862	884	0.017742
862	885	0.002258
862	886	0.000271
862	890	0.000004
862	895	0.000006
863	871	0.000345
863	879	0.000008
863	882	0.517174
863	884	0.000848
863	885	0.000247
863	886	0.000009
864	870	0.000365
864	878	0.000008
864	880	0.000020
864	881	0.964578
864	887	0.000007
864	903	0.000001
864	907	0.000173
865	870	0.000049
865	878	0.000003
865	880	0.964824
865	881	0.000008
865	887	0.000054
865	902	0.000001
865	906	0.000175
866	871	0.000002
866	879	0.959761
866	882	0.004765
866	886	0.000031
866	901	0.000001
867	878	0.927657
867	880	0.000022
867	881	0.006406
867	887	0.000006
867	900	0.000001
867	904	0.000173
867	907	0.000083
868	878	0.004573
868	880	0.006414
868	881	0.000153
868	887	0.000009
868	903	0.000173
868	906	0.000059
868	907	0.006040
869	878	0.033600
869	880	0.000156
869	881	0.000003
869	887	0.000041
869	902	0.000173
869	904	0.000001
869	906	0.006205
869	907	0.000003
870	874	0.010061
870	875	0.157709
870	876	0.052641
870	877	0.070195
870	879	0.000126
870	883	0.000175
870	884	0.000011
870	885	0.000003
870	886	0.000038
870	901	0.000141
870	905	0.006074
870	908	0.000895
871	878	0.000042
871	880	0.000025
871	899	0.000001
871	900	0.000004
871	902	0.000001
871	904	0.000888
871	906	0.000009
871	907	0.000840
871	909	0.000018
872	879	0.000103
872	882	0.000471
872	884	0.000001
872	901	0.000011
873	878	0.000138
873	880	0.000005
873	881	0.000523
873	898	0.000004
873	900	0.000015
873	902	0.000007
873	903	0.000281
873	904	0.004126
873	906	0.000326
873	907	0.001417
874	878	0.000007
874	880	0.000520
874	881	0.000058
874	898	0.000003
874	900	0.000003
874	902	0.000278
874	903	0.004542
874	904	0.002403
874	906	0.001433
875	880	0.000059
875	881	0.000026
875	898	0.000008
875	900	0.000057
875	902	0.004528
875	903	0.002644
875	904	0.001603
876	880	0.000026
876	898	0.000007
876	900	0.000139
876	902	0.002653
876	903	0.001617
876	904	0.000002
876	907	0.000071
877	887	0.000006
877	898	0.000107
877	900	0.006860
877	902	0.001615
877	903	0.000002
877	906	0.000073
878	883	0.000003
878	886	0.000005
878	890	0.000001
878	897	0.000070
878	901	0.001369
878	905	0.000073
878	908	0.000010
879	888	0.000001
879	889	0.000001
879	891	0.000001
879	898	0.006452
879	899	0.000162
879	900	0.000107
879	904	0.000072
879	907	0.000010
880	890	0.000002
880	896	0.000123
880	897	0.008866
880	901	0.000003
881	886	0.000001
881	890	0.000005
881	895	0.000117
881	896	0.009020
881	897	0.000014
881	901	0.000002
881	905	0.000010
882	887	0.000004
882	888	0.000285
882	889	0.000011
882	891	0.000005
882	892	0.000002
882	893	0.000003
882	899	0.000008
882	904	0.000010
883	887	0.000584
883	894	0.009543
883	898	0.000009
883	900	0.000120
883	903	0.000010
884	888	0.000034
884	889	0.000055
884	891	0.000330
884	892	0.000919
884	893	0.011730
884	894	0.000033
884	899	0.000127
884	902	0.000009
885	889	0.000066
885	891	0.001421
885	892	0.012507
885	893	0.006228
885	894	0.000020
885	898	0.000105
885	899	0.000004
885	900	0.000001
886	891	0.010871
886	892	0.012231
886	893	0.009909
886	894	0.000004
886	898	0.000005
886	899	0.000006
887	896	0.000455
887	897	0.000001
888	895	0.000406
888	897	0.000007
889	895	0.000009
890	894	0.000012
890	898	0.000002
890	909	0.000001
891	897	0.000002
892	897	0.000002
894	905	0.000459
894	908	0.000046
895	903	0.000001
895	904	0.000458
895	907	0.000029
896	902	0.000003
896	903	0.000458
896	904	0.000002
896	906	0.000028
896	907	0.000024
897	902	0.000401
897	903	0.000002
897	904	0.000003
897	906	0.000025
898	905	0.000035
900	905	0.000021
900	908	0.001103
901	906	0.000002
901	907	0.001092
901	909	0.000194
902	908	0.000317
903	908	0.000551
904	908	0.000056
