1	7	0.000045
1	8	0.000039
1	9	0.000009
1	12	0.000014
1	13	0.000007
1	15	0.000061
1	33	0.000002
1	41	0.238969
1	55	0.000002
1	61	0.000007
1	67	0.028676
1	734	0.000004
1	736	0.000075
1	740	0.002934
1	742	0.006727
1	743	0.031163
1	745	0.070717
1	748	0.002766
1	755	0.013110
1	757	0.000030
1	764	0.000129
1	775	0.000089
1	779	0.000001
1	796	0.000002
1	821	0.000002
1	829	0.000021
1	843	0.000002
2	7	0.000134
2	8	0.000029
2	9	0.000005
2	11	0.000018
2	12	0.000014
2	14	0.000073
2	15	0.000024
2	28	0.000002
2	30	0.000212
2	32	0.000002
2	39	0.000201
2	40	0.316279
2	41	0.001883
2	42	0.005673
2	46	0.002225
2	50	0.000009
2	52	0.000004
2	53	0.000348
2	60	0.000012
2	61	0.000006
2	62	0.125430
2	64	0.000377
2	65	0.013670
2	66	0.054148
2	67	0.000101
2	724	0.000003
2	733	0.000007
2	735	0.000082
2	736	0.000109
2	739	0.003836
2	740	0.002376
2	741	0.008824
2	742	0.062201
2	743	0.000176
2	744	0.079074
2	745	0.051039
2	747	0.003424
2	748	0.000580
2	750	0.000071
2	751	0.046193
2	753	0.000113
2	754	0.017415
2	755	0.000264
2	756	0.000038
2	757	0.000037
2	761	0.000016
2	763	0.000169
2	764	0.000137
2	765	0.000069
2	770	0.000030
2	774	0.000098
2	775	0.000043
2	778	0.000002
2	779	0.000005
2	780	0.000222
2	783	0.000025
2	795	0.000002
2	820	0.000002
2	821	0.000957
2	822	0.000052
2	823	0.000765
2	825	0.000069
2	826	0.000637
2	827	0.002145
2	831	0.000002
2	832	0.000058
2	833	0.000016
2	834	0.000001
2	835	0.000002
2	842	0.000004
2	855	0.000046
2	863	0.000066
2	866	0.002798
3	7	0.000031
3	8	0.000025
3	9	0.000012
3	11	0.000015
3	13	0.000072
3	14	0.000031
3	29	0.000214
3	30	0.000002
3	39	0.316413
3	40	0.002347
3	41	0.004590
3	42	0.057868
3	46	0.000170
3	50	0.000003
3	52	0.000345
3	53	0.000002
3	60	0.000003
3	61	0.126320
3	62	0.000788
3	64	0.013605
3	65	0.053815
3	66	0.000226
3	67	0.000001
3	723	0.000003
3	732	0.000008
3	734	0.000051
3	735	0.000115
3	736	0.000002
3	739	0.003143
3	740	0.005043
3	741	0.066427
3	742	0.000121
3	743	0.071365
3	744	0.054986
3	745	0.000066
3	747	0.000778
3	748	0.000012
3	750	0.046186
3	751	0.000225
3	753	0.017237
3	754	0.000297
3	755	0.000022
3	756	0.000051
3	763	0.000170
3	764	0.000032
3	765	0.000066
3	769	0.000010
3	770	0.000072
3	774	0.000045
3	778	0.000006
3	779	0.000200
3	780	0.000107
3	783	0.000010
3	794	0.000002
3	820	0.001128
3	822	0.000659
3	823	0.000075
3	825	0.000647
3	826	0.002134
3	827	0.000023
3	831	0.000059
3	832	0.000016
3	833	0.000001
3	834	0.000002
3	841	0.000004
3	854	0.000054
3	863	0.000046
3	866	0.001457
4	8	0.000033
4	9	0.000023
4	12	0.000069
4	13	0.000030
4	26	0.000003
4	28	0.000215
4	29	0.000001
4	41	0.055600
4	58	0.000020
4	60	0.127364
4	61	0.000400
4	67	0.000001
4	690	0.000002
4	722	0.000003
4	731	0.000006
4	733	0.000033
4	734	0.000078
4	736	0.000002
4	740	0.056960
4	742	0.060239
4	743	0.047138
4	745	0.000092
4	748	0.000209
4	755	0.000045
4	759	0.000036
4	761	0.000351
4	764	0.000054
4	769	0.000061
4	777	0.000006
4	778	0.000167
4	779	0.000093
4	793	0.000002
4	819	0.001135
4	821	0.000420
4	829	0.000114
4	840	0.000004
4	853	0.000055
4	859	0.000001
5	10	0.000050
5	16	0.000001
5	25	0.000003
5	27	0.000216
5	48	0.000018
5	56	0.000039
5	57	0.000019
5	59	0.127550
5	68	0.000035
5	689	0.000002
5	749	0.038957
5	758	0.000038
5	760	0.000419
5	792	0.000002
5	818	0.001143
5	828	0.000119
5	839	0.000004
5	852	0.000054
5	858	0.000001
5	860	0.000031
5	861	0.000001
5	862	0.000003
5	864	0.000115
5	865	0.000115
6	15	0.000001
6	24	0.000003
6	26	0.000215
6	41	0.000741
6	55	0.000044
6	58	0.117165
6	60	0.000006
6	61	0.000023
6	67	0.000029
6	688	0.000002
6	731	0.000004
6	736	0.000008
6	740	0.003372
6	742	0.000549
6	743	0.000049
6	745	0.000043
6	748	0.031688
6	755	0.000001
6	757	0.000031
6	759	0.000185
6	761	0.000002
6	769	0.000008
6	775	0.000001
6	777	0.000026
6	778	0.000001
6	817	0.000958
6	819	0.000011
6	829	0.000002
6	859	0.000029
7	25	0.000200
7	37	0.000084
7	38	0.006787
7	43	0.000222
7	44	0.000227
7	45	0.000104
7	47	0.000049
7	48	0.000014
7	49	0.000013
7	51	0.000003
7	54	0.000049
7	56	0.000115
7	57	0.107903
7	59	0.000005
7	63	0.000053
7	687	0.000002
7	730	0.000005
7	737	0.000104
7	738	0.000381
7	746	0.000306
7	749	0.000028
7	752	0.000008
7	758	0.000125
7	760	0.000002
7	766	0.000001
7	767	0.000001
7	768	0.000009
7	773	0.000001
7	776	0.000023
7	816	0.000826
7	818	0.000010
7	824	0.000003
7	828	0.000002
7	850	0.000002
7	851	0.000001
7	858	0.000027
7	864	0.000001
7	865	0.000002
7	867	0.000024
8	21	0.000002
8	22	0.000102
8	37	0.003817
8	38	0.762815
8	43	0.000155
8	44	0.000092
8	45	0.000015
8	47	0.000018
8	48	0.000014
8	49	0.000005
8	51	0.000006
8	54	0.000035
8	56	0.027440
8	57	0.000051
8	63	0.000004
8	729	0.000003
8	737	0.000058
8	738	0.000208
8	746	0.000287
8	749	0.000003
8	752	0.000001
8	767	0.000007
8	772	0.000001
8	815	0.000259
8	857	0.000010
8	865	0.000001
8	867	0.000006
9	19	0.000012
9	21	0.000126
9	22	0.000003
9	31	0.000002
9	37	0.965841
9	38	0.000326
9	43	0.000030
9	44	0.000005
9	45	0.000001
9	47	0.000004
9	48	0.000002
9	51	0.000009
9	54	0.000136
9	56	0.000013
9	728	0.000001
9	737	0.000024
9	738	0.000020
9	746	0.000005
9	766	0.000003
9	856	0.000002
9	867	0.000015
10	18	0.000014
10	20	0.000127
10	23	0.000007
10	30	0.000002
10	32	0.000001
10	36	0.999128
10	42	0.000007
10	46	0.000001
10	50	0.000007
10	52	0.000034
10	53	0.000116
10	866	0.000022
11	16	0.000025
11	35	0.999191
11	865	0.000021
12	19	0.000009
12	21	0.000002
12	22	0.000002
12	31	0.000004
12	34	0.991138
12	35	0.000003
12	51	0.000025
12	864	0.000019
13	17	0.000003
13	19	0.000001
13	21	0.000002
13	31	0.000122
13	34	0.000106
13	49	0.000188
14	35	0.000003
14	48	0.000196
14	862	0.000013
15	21	0.000001
15	31	0.913679
15	34	0.000004
15	47	0.000195
15	63	0.000004
15	861	0.000013
16	20	0.000001
16	28	0.000021
16	29	0.077153
16	30	0.916711
16	32	0.000048
16	33	0.000003
16	46	0.000185
16	61	0.000006
16	62	0.000006
17	26	0.000066
17	28	0.533563
17	29	0.462408
17	60	0.000009
17	61	0.000003
17	859	0.000012
18	25	0.000138
18	27	0.988022
18	59	0.000012
18	858	0.000012
19	24	0.000101
19	26	0.987074
19	28	0.010473
19	58	0.000012
20	25	0.983560
20	27	0.010724
20	57	0.000012
20	856	0.000011
21	26	0.008114
21	28	0.000001
21	29	0.000003
21	41	0.000001
21	855	0.000011
22	26	0.000008
22	28	0.000017
22	41	0.000001
22	853	0.000011
23	27	0.000017
23	852	0.000011
24	37	0.000028
24	851	0.000011
25	36	0.000030
25	39	0.000005
25	52	0.000012
25	64	0.000015
26	35	0.000030
26	37	0.000071
26	38	0.000003
26	51	0.000012
26	63	0.000015
26	849	0.000008
27	36	0.000076
27	39	0.000001
27	50	0.000012
27	62	0.000015
27	848	0.000010
27	863	0.000002
28	35	0.000074
28	38	0.000001
28	49	0.000011
28	847	0.000010
28	862	0.000002
29	34	0.000043
29	37	0.000001
29	48	0.000010
29	846	0.000010
29	861	0.000002
30	35	0.000002
30	48	0.000002
30	59	0.000019
30	845	0.000010
30	860	0.000003
31	58	0.000019
31	844	0.000009
31	859	0.000003
32	57	0.000019
32	858	0.000003
33	56	0.000019
33	857	0.000002
33	867	0.000001
34	41	0.000006
34	55	0.000018
34	61	0.000004
34	842	0.000003
35	40	0.000007
35	42	0.000003
35	60	0.000006
35	750	0.000002
35	841	0.000003
35	866	0.000474
36	59	0.000006
36	749	0.000002
36	865	0.000476
37	41	0.000007
37	58	0.000005
37	60	0.000002
37	61	0.000030
37	743	0.000001
37	748	0.000002
38	55	0.000006
38	58	0.010210
38	60	0.000084
38	61	0.000001
38	740	0.000002
38	742	0.000003
38	743	0.000002
38	745	0.000002
38	748	0.000001
38	761	0.000024
38	829	0.000002
38	840	0.000001
38	853	0.000001
39	48	0.001477
39	56	0.000073
39	57	0.016695
39	59	0.000105
39	68	0.000016
39	69	0.000101
39	71	0.000001
39	72	0.000071
39	81	0.000008
39	82	0.000007
39	83	0.000010
39	84	0.000007
39	749	0.000005
39	760	0.000030
39	828	0.000003
39	839	0.000001
39	852	0.000001
39	860	0.000023
39	861	0.000252
39	862	0.003853
39	864	0.010428
39	865	0.001698
40	48	0.015411
40	56	0.017190
40	57	0.000086
40	59	0.000013
40	68	0.000207
40	69	0.000015
40	71	0.000121
40	80	0.000008
40	81	0.000007
40	82	0.000011
40	83	0.000007
40	84	0.000001
40	749	0.000006
40	760	0.000010
40	786	0.000014
40	838	0.000001
40	858	0.000047
40	860	0.000252
40	861	0.003858
40	862	0.016059
40	864	0.001594
40	865	0.000013
41	45	0.000183
41	47	0.014631
41	48	0.000185
41	49	0.017886
41	51	0.000013
41	54	0.000070
41	56	0.000038
41	57	0.000376
41	63	0.000024
41	68	0.000020
41	69	0.000022
41	70	0.000123
41	80	0.000006
41	81	0.000011
41	82	0.000006
41	83	0.000001
41	737	0.000002
41	738	0.000010
41	746	0.000010
41	752	0.000001
41	760	0.000004
41	762	0.000032
41	766	0.000003
41	767	0.000003
41	768	0.000003
41	771	0.000004
41	772	0.000001
41	785	0.000015
41	846	0.000035
41	857	0.000050
41	860	0.000539
41	861	0.016645
41	862	0.000132
41	864	0.000009
41	865	0.000021
41	867	0.000007
42	48	0.023003
42	56	0.001995
42	57	0.000013
42	59	0.000157
42	68	0.001674
42	69	0.000121
42	78	0.000014
42	80	0.000011
42	81	0.000006
42	82	0.000002
42	749	0.000105
42	758	0.000002
42	760	0.000123
42	784	0.000015
42	828	0.000002
42	845	0.000041
42	856	0.000049
42	858	0.000248
42	860	0.020347
42	861	0.000131
42	862	0.000124
42	864	0.000056
42	865	0.000012
43	55	0.001726
43	58	0.000151
43	60	0.000004
43	61	0.000046
43	67	0.001643
43	77	0.000014
43	79	0.000008
43	736	0.000001
43	740	0.000028
43	742	0.000028
43	743	0.000143
43	745	0.000043
43	748	0.000103
43	755	0.000002
43	757	0.000002
43	759	0.000055
43	761	0.000354
43	764	0.000003
43	769	0.000008
43	778	0.000001
43	779	0.000009
43	844	0.000041
43	848	0.000003
43	855	0.000044
43	859	0.020081
44	55	0.000038
44	58	0.000031
44	60	0.000022
44	61	0.004778
44	67	0.000067
44	76	0.000014
44	77	0.000001
44	736	0.000002
44	740	0.000033
44	742	0.000147
44	743	0.000192
44	745	0.000090
44	748	0.000036
44	755	0.000002
44	759	0.000059
44	761	0.000092
44	764	0.000008
44	769	0.000005
44	777	0.000001
44	778	0.000011
44	843	0.000035
44	848	0.000001
44	859	0.000011
45	55	0.000031
45	58	0.000184
45	60	0.005845
45	61	0.000082
45	67	0.000034
45	75	0.000013
45	76	0.000001
45	79	0.000012
45	740	0.000022
45	742	0.000188
45	743	0.000037
45	745	0.000041
45	748	0.000015
45	755	0.000001
45	759	0.027625
45	761	0.000128
45	764	0.000008
45	769	0.000002
45	777	0.000010
45	829	0.000034
45	842	0.000015
45	853	0.000026
45	859	0.000065
46	56	0.021675
46	57	0.000197
46	59	0.005980
46	68	0.005603
46	78	0.000014
46	749	0.002680
46	758	0.031081
46	760	0.000136
46	809	0.000008
46	828	0.000037
46	845	0.000341
46	852	0.000026
46	856	0.021261
46	858	0.000050
46	864	0.000031
46	865	0.000029
47	55	0.021304
47	58	0.005466
47	60	0.000468
47	61	0.001033
47	67	0.005832
47	74	0.000012
47	77	0.000014
47	736	0.000047
47	740	0.000392
47	742	0.001482
47	743	0.000041
47	745	0.001995
47	748	0.002771
47	755	0.000047
47	757	0.031156
47	759	0.000125
47	761	0.000076
47	764	0.005044
47	775	0.000016
47	796	0.000001
47	808	0.000008
47	821	0.000815
47	842	0.000020
47	844	0.000345
47	855	0.021408
48	52	0.000224
48	53	0.006561
48	55	0.000040
48	58	0.000012
48	60	0.000743
48	61	0.543259
48	62	0.112485
48	64	0.000608
48	65	0.000310
48	66	0.005325
48	67	0.000001
48	76	0.000013
48	735	0.000051
48	739	0.000401
48	740	0.000004
48	741	0.001666
48	742	0.000013
48	743	0.000010
48	744	0.002163
48	745	0.000006
48	747	0.002556
48	750	0.000010
48	751	0.000020
48	753	0.000010
48	754	0.000052
48	756	0.031163
48	761	0.000015
48	763	0.005748
48	764	0.000004
48	765	0.000105
48	770	0.000009
48	774	0.000017
48	780	0.000004
48	783	0.000001
48	795	0.000001
48	807	0.000008
48	820	0.001009
48	823	0.000012
48	825	0.000003
48	826	0.000005
48	827	0.000003
48	841	0.000026
48	843	0.000346
48	854	0.021429
48	863	0.000005
48	866	0.000222
49	55	0.000117
49	58	0.001691
49	60	0.682850
49	61	0.056441
49	74	0.000001
49	75	0.000012
49	734	0.000033
49	740	0.001063
49	742	0.000010
49	743	0.001413
49	745	0.000021
49	755	0.029624
49	757	0.000062
49	759	0.000196
49	761	0.011137
49	764	0.000065
49	769	0.000005
49	779	0.000002
49	794	0.000001
49	806	0.000008
49	819	0.001010
49	829	0.000001
49	840	0.000017
49	842	0.000342
49	853	0.021302
50	56	0.009779
50	57	0.002033
50	59	0.751906
50	68	0.000024
50	71	0.000075
50	72	0.000008
50	749	0.000059
50	758	0.000215
50	760	0.011632
50	818	0.001011
50	828	0.000001
50	839	0.000006
50	845	0.000002
50	852	0.021175
50	862	0.000001
50	864	0.000004
50	865	0.000003
51	55	0.006471
51	58	0.750111
51	60	0.000368
51	61	0.000003
51	67	0.000023
51	740	0.000003
51	742	0.000010
51	743	0.000002
51	745	0.000004
51	748	0.000050
51	755	0.000029
51	757	0.000203
51	759	0.011659
51	761	0.000142
51	793	0.000001
51	805	0.000008
51	817	0.001006
51	829	0.000013
51	840	0.014441
51	842	0.000003
51	843	0.000002
51	844	0.000002
51	848	0.000003
52	56	0.000899
52	57	0.742939
52	59	0.000384
52	68	0.000025
52	69	0.003420
52	749	0.000015
52	758	0.011360
52	760	0.000156
52	792	0.000001
52	804	0.000008
52	816	0.000972
52	828	0.000015
52	839	0.014925
52	852	0.000001
52	861	0.000004
52	862	0.000002
52	865	0.000097
53	57	0.000493
53	59	0.000101
53	68	0.007025
53	69	0.000002
53	749	0.000122
53	758	0.000451
53	760	0.000026
53	791	0.000001
53	803	0.000008
53	816	0.000021
53	828	0.000001
53	838	0.014932
53	845	0.000003
53	860	0.000004
53	861	0.000002
53	864	0.000098
54	58	0.000070
54	60	0.000006
54	61	0.000006
54	67	0.007107
54	740	0.000001
54	742	0.000013
54	743	0.000006
54	745	0.000005
54	748	0.000087
54	755	0.000117
54	757	0.000682
54	759	0.000026
54	777	0.000014
54	790	0.000001
54	802	0.000007
54	829	0.000018
54	837	0.014922
54	844	0.000002
54	848	0.000041
54	859	0.000004
55	59	0.000005
55	63	0.000266
55	68	0.000002
55	738	0.000002
55	746	0.000102
55	749	0.004859
55	752	0.024282
55	758	0.000023
55	766	0.000003
55	771	0.000003
55	776	0.000016
55	815	0.000755
55	828	0.000019
55	836	0.014889
55	847	0.000039
55	849	0.000002
55	850	0.000003
55	851	0.000023
55	852	0.000003
55	858	0.000003
55	867	0.001137
56	61	0.000001
56	62	0.000349
56	64	0.000058
56	65	0.027706
56	66	0.003570
56	67	0.000029
56	739	0.000001
56	740	0.000113
56	741	0.000060
56	742	0.000372
56	743	0.000001
56	744	0.000014
56	745	0.000118
56	747	0.000042
56	748	0.012488
56	750	0.000006
56	751	0.027335
56	754	0.013610
56	755	0.000002
56	757	0.000002
56	764	0.000001
56	765	0.000004
56	770	0.000003
56	775	0.000017
56	801	0.000006
56	814	0.000877
56	826	0.000171
56	827	0.000018
56	832	0.000073
56	833	0.000030
56	834	0.000106
56	835	0.014598
56	866	0.001730
57	61	0.000147
57	62	0.000096
57	64	0.027997
57	65	0.003487
57	66	0.000059
57	739	0.000143
57	740	0.000046
57	741	0.000429
57	742	0.000001
57	743	0.000011
57	744	0.000120
57	745	0.000001
57	747	0.013611
57	748	0.000002
57	750	0.027336
57	753	0.013629
57	754	0.000002
57	756	0.000002
57	763	0.000002
57	764	0.000003
57	765	0.000002
57	769	0.000003
57	774	0.000017
57	813	0.000875
57	825	0.000186
57	826	0.000014
57	831	0.000080
57	832	0.000033
57	833	0.000207
57	834	0.014367
57	866	0.000018
58	63	0.024586
58	738	0.000142
58	746	0.013491
58	749	0.025662
58	752	0.013601
58	762	0.000003
58	766	0.000006
58	768	0.000003
58	771	0.000004
58	773	0.000016
58	781	0.000003
58	799	0.000007
58	812	0.000734
58	824	0.000213
58	828	0.000027
58	830	0.000098
58	849	0.000209
58	864	0.001730
58	865	0.000009
58	867	0.000014
59	64	0.001849
59	65	0.000101
59	66	0.000279
59	67	0.000001
59	739	0.000965
59	741	0.000029
59	742	0.000008
59	743	0.000019
59	744	0.000987
59	745	0.011199
59	747	0.022465
59	748	0.002195
59	750	0.000840
59	751	0.012382
59	753	0.000002
59	761	0.000002
59	763	0.000063
59	765	0.000007
59	769	0.000002
59	770	0.000005
59	774	0.000036
59	780	0.000004
59	783	0.000059
59	798	0.000007
59	823	0.000211
59	825	0.000015
59	827	0.000028
59	829	0.000074
59	831	0.002672
59	832	0.002503
59	833	0.003153
59	848	0.000223
59	863	0.001768
59	866	0.000028
60	68	0.000001
60	70	0.000004
60	737	0.000002
60	738	0.000977
60	746	0.022490
60	749	0.001617
60	752	0.000002
60	762	0.000055
60	768	0.000003
60	773	0.000036
60	782	0.000058
60	797	0.000006
60	811	0.000050
60	812	0.000001
60	824	0.000013
60	828	0.000010
60	830	0.002414
60	847	0.000224
60	862	0.001765
60	865	0.000016
61	68	0.000002
61	69	0.000007
61	70	0.000003
61	737	0.000450
61	738	0.000027
61	746	0.000249
61	749	0.000426
61	767	0.000002
61	772	0.000029
61	781	0.000046
61	810	0.000060
61	811	0.000003
61	828	0.000022
61	830	0.000342
61	846	0.000225
61	861	0.001757
61	864	0.000005
61	865	0.000082
62	68	0.000745
62	69	0.000006
62	749	0.003146
62	760	0.000074
62	809	0.000061
62	810	0.000003
62	828	0.001771
62	845	0.000225
62	860	0.001768
62	864	0.000492
62	865	0.000010
63	67	0.000520
63	736	0.000004
63	740	0.000735
63	742	0.000777
63	743	0.001172
63	745	0.000064
63	748	0.002915
63	759	0.000074
63	761	0.000002
63	779	0.000002
63	793	0.000001
63	808	0.000048
63	829	0.002218
63	844	0.000176
63	859	0.001756
64	68	0.000054
64	749	0.000034
64	758	0.000073
64	760	0.000002
64	792	0.000001
64	828	0.002336
64	858	0.001739
64	861	0.000002
64	862	0.000675
64	864	0.000006
64	865	0.000345
65	749	0.000014
65	791	0.000001
65	804	0.000001
65	828	0.000041
65	856	0.000096
65	858	0.000003
65	860	0.000002
65	861	0.000677
65	862	0.000006
65	864	0.000344
65	865	0.000288
66	749	0.000024
66	803	0.000001
66	828	0.000019
66	852	0.000001
66	856	0.000255
66	860	0.000671
66	861	0.000006
66	862	0.000005
66	864	0.000292
66	865	0.000004
67	725	0.000013
67	737	0.821595
67	738	0.001365
67	746	0.000125
67	752	0.000003
67	758	0.000001
67	766	0.000001
67	824	0.000037
67	860	0.000002
67	864	0.000002
67	867	0.000010
68	724	0.000016
68	735	0.000138
68	736	0.967503
68	739	0.000174
68	740	0.000010
68	741	0.000085
68	742	0.000298
68	743	0.000003
68	744	0.000045
68	745	0.000118
68	747	0.000005
68	751	0.000004
68	754	0.000002
68	757	0.000017
68	765	0.000001
68	780	0.000001
68	823	0.000038
68	825	0.000002
68	826	0.000003
68	827	0.000002
68	854	0.000004
68	863	0.000002
68	866	0.000018
69	723	0.000016
69	734	0.000096
69	735	0.995392
69	736	0.000006
69	739	0.000006
69	740	0.000004
69	741	0.000307
69	743	0.000023
69	744	0.000112
69	750	0.000003
69	753	0.000001
69	756	0.000018
69	822	0.000006
69	825	0.000002
69	826	0.000001
70	722	0.000016
70	733	0.000096
70	734	0.996837
70	736	0.000037
70	740	0.000301
70	742	0.000022
70	743	0.000105
70	755	0.000019
70	821	0.000006
70	843	0.000004
71	721	0.000016
71	732	0.000063
71	733	0.997293
71	734	0.000003
71	735	0.000035
71	736	0.000003
71	739	0.000251
71	741	0.000020
71	742	0.000061
71	754	0.000019
71	820	0.000005
71	842	0.000005
72	720	0.000016
72	731	0.000022
72	732	0.999667
72	734	0.000014
72	735	0.000006
72	740	0.000001
72	741	0.000052
72	753	0.000018
72	841	0.000006
73	731	0.999023
73	733	0.000013
73	734	0.000005
73	740	0.000045
73	840	0.000006
74	718	0.000003
74	728	0.000017
74	729	0.000075
74	730	0.992584
74	738	0.000003
74	839	0.000005
75	717	0.000003
75	718	0.000010
75	726	0.000004
75	728	0.000120
75	729	0.982146
75	730	0.004310
75	737	0.000002
75	738	0.000006
75	838	0.000005
76	716	0.000002
76	717	0.000011
76	725	0.000005
76	726	0.004771
76	728	0.944446
76	729	0.008559
76	730	0.000004
76	737	0.000004
77	715	0.000001
77	716	0.000012
77	725	0.009391
77	726	0.001186
77	728	0.012877
77	729	0.000007
78	723	0.000035
78	724	0.009873
78	727	0.016998
78	735	0.000002
78	747	0.000022
79	714	0.000014
79	725	0.968975
79	726	0.008798
79	737	0.000002
79	746	0.000023
79	836	0.000004
80	713	0.000015
80	721	0.000427
80	722	0.002390
80	723	0.009222
80	724	0.987379
80	736	0.000003
80	745	0.000023
80	835	0.000005
81	712	0.000015
81	720	0.000429
81	721	0.002737
81	722	0.009761
81	723	0.986619
81	724	0.000242
81	735	0.000003
81	744	0.000023
81	834	0.000005
82	551	0.000010
82	711	0.000015
82	719	0.000428
82	720	0.002842
82	721	0.092871
82	722	0.901177
82	723	0.000256
82	724	0.000001
82	734	0.000003
82	743	0.000022
82	833	0.000005
83	551	0.003524
83	719	0.002726
83	720	0.093286
83	721	0.900044
83	722	0.000179
83	733	0.000003
83	742	0.000021
83	832	0.000005
84	549	0.000015
84	551	0.002531
84	683	0.000003
84	719	0.092088
84	720	0.893229
84	721	0.000186
84	732	0.000003
84	741	0.000021
84	831	0.000005
85	547	0.000214
85	549	0.840806
85	682	0.000002
85	688	0.000041
85	690	0.000017
85	731	0.000001
85	740	0.000010
86	548	0.875069
86	550	0.002127
86	554	0.000003
86	687	0.000046
86	689	0.000018
86	696	0.000026
86	697	0.000015
86	698	0.000011
86	701	0.000002
86	714	0.000005
86	715	0.000209
86	716	0.004542
86	717	0.004317
87	548	0.000619
87	550	0.000049
87	553	0.000003
87	681	0.000002
87	684	0.000001
87	685	0.000002
87	695	0.000024
87	696	0.000013
87	697	0.000010
87	714	0.000183
87	715	0.004107
87	716	0.003472
87	717	0.000089
87	718	0.000067
88	545	0.000002
88	546	0.994504
88	547	0.000048
88	551	0.000001
88	713	0.000017
88	719	0.000002
89	545	0.999886
89	546	0.000026
90	544	0.999959
91	543	0.999963
92	542	0.999991
93	541	0.999976
94	540	0.999464
95	539	0.999232
95	540	0.000006
96	105	0.000008
96	166	0.000141
96	439	0.000001
97	104	0.000008
97	114	0.000002
97	164	0.000022
97	165	0.000148
97	438	0.000001
97	537	0.000246
97	538	0.996651
98	103	0.000008
98	113	0.000002
98	163	0.000023
98	164	0.000148
98	222	0.000002
98	438	0.000002
98	440	0.000001
98	537	0.996658
98	538	0.000009
99	116	0.000162
99	166	0.000001
99	212	0.000016
99	221	0.000001
99	230	0.000004
99	236	0.000001
99	437	0.000002
99	535	0.003806
99	536	0.918344
99	539	0.000191
100	113	0.000037
100	114	0.992787
100	164	0.000002
100	165	0.000002
100	211	0.000017
100	215	0.000001
100	538	0.000242
101	113	0.999214
101	114	0.000026
101	163	0.000002
101	164	0.000002
101	210	0.000017
101	215	0.000188
101	537	0.000243
102	107	0.000002
102	111	0.001132
102	112	0.996842
102	170	0.000001
102	209	0.000015
102	214	0.000190
102	536	0.000241
103	110	0.001161
103	111	0.998316
103	112	0.000011
103	169	0.000001
103	170	0.000017
103	213	0.000191
103	535	0.000237
103	536	0.000005
104	110	0.997282
104	111	0.000014
104	169	0.000018
104	212	0.000190
104	535	0.000008
105	109	0.809385
105	211	0.000073
105	533	0.000002
105	534	0.000010
106	168	0.000200
106	532	0.000004
107	113	0.000004
107	167	0.000230
107	531	0.000004
107	533	0.000003
108	112	0.000002
108	166	0.000118
108	532	0.000002
109	166	0.000306
109	532	0.000002
110	164	0.000013
110	165	0.000429
110	530	0.000006
110	531	0.000002
111	163	0.000013
111	164	0.000428
111	529	0.000006
111	530	0.000002
112	163	0.000417
112	528	0.000006
112	529	0.000002
112	537	0.000001
113	527	0.000006
113	536	0.000002
114	236	0.000003
114	527	0.000002
114	535	0.000003
115	166	0.000099
115	168	0.000002
115	214	0.000004
115	232	0.000005
115	235	0.000003
116	161	0.000014
116	162	0.993062
116	163	0.001147
116	164	0.000020
116	165	0.000064
116	231	0.000003
117	161	0.999254
117	162	0.000607
117	163	0.000015
117	164	0.000048
118	160	0.999452
119	159	0.999977
120	158	0.999979
121	156	0.000001
121	157	0.999033
122	156	0.999289
122	157	0.000001
123	155	0.999964
124	154	0.999511
125	153	0.999977
126	152	0.999984
127	150	0.000001
127	151	0.998859
128	150	0.998775
129	149	0.998652
130	148	0.911101
131	146	0.000002
131	147	0.649753
131	148	0.085284
132	146	0.387791
132	147	0.350045
133	139	0.000003
133	143	0.006217
133	146	0.611800
134	138	0.000003
134	140	0.000002
134	142	0.006271
134	145	0.866866
135	139	0.000002
135	143	0.007765
135	147	0.000026
136	143	0.976668
136	146	0.000034
137	142	0.986965
137	145	0.000042
138	143	0.000033
160	216	0.000002
161	214	0.000003
161	230	0.000002
162	170	0.000002
162	213	0.000064
162	214	0.001158
162	228	0.000004
162	230	0.000302
162	535	0.000002
162	536	0.000020
163	168	0.000084
163	169	0.000022
163	170	0.000285
163	177	0.000013
163	178	0.000002
163	212	0.000133
163	213	0.029874
163	214	0.585120
163	221	0.000011
163	227	0.000006
163	228	0.118917
163	230	0.000061
163	232	0.000006
163	236	0.000002
163	240	0.000008
163	410	0.000002
163	535	0.000110
163	536	0.001147
164	168	0.000018
164	169	0.000297
164	170	0.000036
164	176	0.000018
164	177	0.000003
164	212	0.029703
164	213	0.645532
164	214	0.115798
164	220	0.000009
164	221	0.000123
164	226	0.000003
164	227	0.119561
164	228	0.000139
164	236	0.000004
164	239	0.000009
164	410	0.000001
164	443	0.000003
164	535	0.001152
164	536	0.004538
165	169	0.000037
165	175	0.000021
165	176	0.000003
165	212	0.642183
165	213	0.128051
165	214	0.001624
165	220	0.000124
165	224	0.000002
165	226	0.119428
165	227	0.000138
165	230	0.000012
165	235	0.000003
165	236	0.000002
165	238	0.000012
165	442	0.000003
165	535	0.004658
165	536	0.000003
166	174	0.000021
166	210	0.000537
166	211	0.070360
166	215	0.000314
166	216	0.000188
166	217	0.000073
166	219	0.000123
166	223	0.000002
166	225	0.119655
166	229	0.000012
166	234	0.000003
166	237	0.000013
166	441	0.000003
166	534	0.004244
167	175	0.000122
167	209	0.000586
167	212	0.139897
167	213	0.031360
167	214	0.000196
167	220	0.000001
167	224	0.119629
167	228	0.000011
167	235	0.000010
167	236	0.000011
167	535	0.000015
168	174	0.000124
168	207	0.000047
168	208	0.000516
168	210	0.000016
168	211	0.003597
168	215	0.000050
168	216	0.000041
168	217	0.000104
168	218	0.000004
168	219	0.000008
168	222	0.000265
168	223	0.117430
168	234	0.000022
168	530	0.000001
168	534	0.000013
169	173	0.000123
169	206	0.000085
169	210	0.002131
169	211	0.876019
169	215	0.000018
169	218	0.000005
169	222	0.046815
169	233	0.000022
169	529	0.000001
170	206	0.000206
170	210	0.993839
170	211	0.000123
170	215	0.000011
170	218	0.000014
170	222	0.000043
170	231	0.000023
170	528	0.000001
171	175	0.000007
171	209	0.997033
171	212	0.000070
171	213	0.000001
171	214	0.000005
171	220	0.000170
171	221	0.000071
171	230	0.000023
171	527	0.000001
172	204	0.000002
172	205	0.000079
172	206	0.000073
172	207	0.000557
172	208	0.986509
172	210	0.000041
172	211	0.000067
172	216	0.000002
172	217	0.000003
172	218	0.000002
172	219	0.000179
172	222	0.000002
172	229	0.000023
172	526	0.000001
173	209	0.000053
173	212	0.000003
173	213	0.000002
173	221	0.000042
173	228	0.000023
174	214	0.000002
174	220	0.000038
175	204	0.002941
175	206	0.241247
175	210	0.000004
175	211	0.000003
175	215	0.000008
175	218	0.000012
176	203	0.002216
176	204	0.994730
176	206	0.000006
176	210	0.000002
177	202	0.001482
177	203	0.997729
177	204	0.000019
178	201	0.000747
178	202	0.998491
178	203	0.000013
179	199	0.000001
179	201	0.999222
179	202	0.000007
180	200	0.999463
181	198	0.000001
181	199	0.998119
182	198	0.998841
183	197	0.999964
184	196	0.999509
185	193	0.000002
185	195	0.999972
186	192	0.000006
186	194	0.999917
187	191	0.000024
187	193	0.991644
187	195	0.000007
188	192	0.980165
188	194	0.000008
189	193	0.000009
202	213	0.000002
202	214	0.000001
203	212	0.000002
203	213	0.000005
203	228	0.000002
204	212	0.000006
204	213	0.000001
204	227	0.000002
204	236	0.000003
205	214	0.000425
205	226	0.000003
205	235	0.000003
206	212	0.000011
206	213	0.000445
206	221	0.000475
206	227	0.000003
207	214	0.000003
207	220	0.000466
207	226	0.000003
208	214	0.000001
208	220	0.000002
208	232	0.000004
208	415	0.000002
209	215	0.000030
209	218	0.000532
209	222	0.000024
209	231	0.000004
209	414	0.000003
210	214	0.000012
210	220	0.000001
210	221	0.000244
210	230	0.000004
210	413	0.000003
210	536	0.000002
211	220	0.000289
211	221	0.000237
211	228	0.000002
211	412	0.000003
211	535	0.000002
212	218	0.000935
212	222	0.000079
212	231	0.000001
212	233	0.000002
212	411	0.000003
212	530	0.000003
212	538	0.000003
213	218	0.001533
213	222	0.000788
213	233	0.000003
213	529	0.000003
213	537	0.000003
213	538	0.000003
214	218	0.000039
214	219	0.000489
214	222	0.003930
214	223	0.000013
214	225	0.000025
214	229	0.000008
214	231	0.000018
214	237	0.000233
214	528	0.000003
214	534	0.000002
214	537	0.000003
215	220	0.000025
215	221	0.015824
215	224	0.000049
215	227	0.000051
215	228	0.000017
215	230	0.000076
215	236	0.000634
215	238	0.000053
215	239	0.001820
215	410	0.000011
215	527	0.000003
215	535	0.000099
215	536	0.000044
216	220	0.012000
216	226	0.000048
216	235	0.000553
216	238	0.003135
216	409	0.000007
217	226	0.000006
217	232	0.000001
217	235	0.000010
217	238	0.000610
218	224	0.000049
218	227	0.000585
218	228	0.000005
218	230	0.000002
218	232	0.000002
218	235	0.000008
218	236	0.872576
218	239	0.000013
218	535	0.000001
219	226	0.000571
219	232	0.000175
219	235	0.874349
219	238	0.000020
220	225	0.000464
220	229	0.000001
220	231	0.000051
220	233	0.000007
220	234	0.874684
220	237	0.000025
221	231	0.000573
221	233	0.872163
222	226	0.000003
222	227	0.000278
222	228	0.000426
222	230	0.001052
222	232	0.326115
222	235	0.000003
222	236	0.001974
222	535	0.000075
222	536	0.000002
223	232	0.509781
223	235	0.001956
224	231	0.778262
224	233	0.002526
224	533	0.000376
225	232	0.002910
225	235	0.000141
225	532	0.000379
226	231	0.002720
226	234	0.000188
226	441	0.000009
226	531	0.000379
227	231	0.000293
227	233	0.000192
227	440	0.000006
227	530	0.000379
228	233	0.000051
228	416	0.000002
228	440	0.001039
228	529	0.000379
229	235	0.000063
229	238	0.000019
229	415	0.000008
229	439	0.001681
230	411	0.000008
230	414	0.000010
230	438	0.001746
230	440	0.000002
230	528	0.000368
230	537	0.000002
231	235	0.000039
231	236	0.008212
231	238	0.000100
231	239	0.000002
231	409	0.000002
231	410	0.000013
231	412	0.000028
231	413	0.000006
231	436	0.001206
231	437	0.000878
231	527	0.000370
231	535	0.000232
231	536	0.000006
232	237	0.000147
232	411	0.000039
232	435	0.002079
232	525	0.000153
232	526	0.000225
232	534	0.000213
233	238	0.000004
233	239	0.000007
233	409	0.000004
233	410	0.000169
233	412	0.000001
233	434	0.002090
233	524	0.000293
233	535	0.000015
233	536	0.000006
234	238	0.000010
234	409	0.000157
234	433	0.002089
234	523	0.000286
234	532	0.000007
235	408	0.000050
235	411	0.000003
235	432	0.002088
235	522	0.000244
235	531	0.000007
235	534	0.000005
236	407	0.000018
236	411	0.000006
236	428	0.000001
236	431	0.002084
236	530	0.000007
236	533	0.000005
237	409	0.454211
238	407	0.000005
238	408	0.905658
238	429	0.000002
239	406	0.000013
239	407	0.997177
239	428	0.000001
240	405	0.000012
240	406	0.998962
240	407	0.000916
241	404	0.000010
241	405	0.999040
241	406	0.000927
241	407	0.000003
242	404	0.999001
242	405	0.000931
242	406	0.000003
243	402	0.000014
243	403	0.990482
243	404	0.000888
243	405	0.000003
245	402	0.898370
246	399	0.000014
246	401	0.898371
247	399	0.991400
248	398	0.999931
248	399	0.000020
249	397	0.999976
249	398	0.000014
250	396	0.999984
250	397	0.000007
251	395	0.999991
252	394	0.999977
253	393	0.999484
254	392	0.999545
255	385	0.000001
255	390	0.000016
255	391	0.139503
256	390	0.126732
256	391	0.860113
257	381	0.000002
257	390	0.870981
257	391	0.000005
258	380	0.000001
258	383	0.003693
258	384	0.115881
258	386	0.003915
258	387	0.015209
258	388	0.003286
258	389	0.840129
259	383	0.256803
259	384	0.001320
259	386	0.021439
259	387	0.005103
259	388	0.668693
259	389	0.000330
260	381	0.996116
261	380	0.999846
261	383	0.000003
261	384	0.000002
261	386	0.000065
262	379	0.999481
262	384	0.000002
263	378	0.999479
263	382	0.000003
264	377	0.999893
264	381	0.000003
265	376	0.987407
266	374	0.146818
266	376	0.000045
266	380	0.000007
267	376	0.000040
267	379	0.000006
268	371	0.925032
268	372	0.010413
268	373	0.005395
268	375	0.000051
268	378	0.000002
269	369	0.000109
269	370	0.999503
269	374	0.000014
270	368	0.000118
270	369	0.999800
270	370	0.000069
271	367	0.000125
271	368	0.999797
271	369	0.000064
272	367	0.999594
272	368	0.000058
273	363	0.000002
273	365	0.998903
274	362	0.000001
274	364	0.996494
275	364	0.000172
276	362	0.995677
276	364	0.000003
277	358	0.000002
277	360	0.000001
277	361	0.998089
277	363	0.000003
278	357	0.000003
278	360	0.998404
278	361	0.000234
278	363	0.000008
279	356	0.000003
279	359	0.976086
279	362	0.000007
280	288	0.000001
280	355	0.000002
281	287	0.000002
281	356	0.001432
281	359	0.011295
282	286	0.000001
282	355	0.001160
283	355	0.000009
284	355	0.000012
284	356	0.997641
285	352	0.000191
285	355	0.998170
286	351	0.000176
286	353	0.000004
286	354	0.999032
286	358	0.000005
287	350	0.000152
287	351	0.000012
287	353	0.998139
287	357	0.000005
288	350	0.000012
288	351	0.000703
288	353	0.000014
289	350	0.000125
289	351	0.719243
289	354	0.000030
290	350	0.990551
290	351	0.001191
290	353	0.000034
291	349	0.965729
291	352	0.000038
292	349	0.005492
293	347	0.984208
293	348	0.007150
293	349	0.004207
294	346	0.988145
294	347	0.003671
294	348	0.006209
294	349	0.000018
295	345	0.989928
296	304	0.000001
296	344	0.990079
296	346	0.000132
296	347	0.008121
296	348	0.000016
297	302	0.000002
297	303	0.000001
297	304	0.000001
297	311	0.000001
297	338	0.000001
297	341	0.000027
297	344	0.000111
297	346	0.009420
297	347	0.000014
298	310	0.000001
298	337	0.000001
298	340	0.000028
298	342	0.980073
298	343	0.000123
298	345	0.009564
299	304	0.000003
299	336	0.000001
299	339	0.000008
299	341	0.988705
299	344	0.009572
299	346	0.000020
300	308	0.000001
300	335	0.000001
300	340	0.980684
300	342	0.000004
300	343	0.008718
300	345	0.000020
301	307	0.000002
301	339	0.373421
302	306	0.000002
302	309	0.000021
302	342	0.001207
302	343	0.001340
303	308	0.000021
303	309	0.000015
303	335	0.000005
303	342	0.001399
303	343	0.000467
304	308	0.000015
304	335	0.001246
304	342	0.000487
305	334	0.001258
305	339	0.616100
306	333	0.001249
306	334	0.000009
306	336	0.003928
306	338	0.993864
306	339	0.000006
306	341	0.000004
307	335	0.003923
307	337	0.994177
307	340	0.000004
308	332	0.000018
308	333	0.000091
308	334	0.003882
308	336	0.993980
308	338	0.000005
308	339	0.000004
309	331	0.000008
309	332	0.000086
309	333	0.003897
309	334	0.000119
309	336	0.000054
309	338	0.000004
310	331	0.000067
310	334	0.870167
311	335	0.000091
312	331	0.000002
312	332	0.994210
312	333	0.000882
312	334	0.000004
313	331	0.999256
314	330	0.999487
315	329	0.999962
316	328	0.999574
317	326	0.000011
317	327	0.999914
318	326	0.998638
318	327	0.000036
318	329	0.000002
319	328	0.000005
320	326	0.000214
320	327	0.000008
321	325	0.000664
321	326	0.000010
381	386	0.000159
381	387	0.000006
381	388	0.000021
381	389	0.000068
382	387	0.000208
382	388	0.000133
383	390	0.000010
383	391	0.000001
384	390	0.000001
386	390	0.000005
386	391	0.000002
406	536	0.000073
407	535	0.000424
407	536	0.000128
409	426	0.000004
409	427	0.000009
409	429	0.000031
409	534	0.453542
410	428	0.000057
410	440	0.000001
410	530	0.000002
410	531	0.000019
410	533	0.988652
411	425	0.002678
411	439	0.000001
411	532	0.995915
411	535	0.000003
412	424	0.002684
412	438	0.000001
412	529	0.000023
412	530	0.000028
412	531	0.997206
413	423	0.002684
413	528	0.000023
413	529	0.000046
413	530	0.997111
414	422	0.002671
414	436	0.000001
414	527	0.000022
415	421	0.002657
415	435	0.000001
415	526	0.000020
415	528	0.988251
415	529	0.000018
416	434	0.000001
416	527	0.997040
417	430	0.000001
417	525	0.000037
417	526	0.993712
418	429	0.000002
418	525	0.967301
418	526	0.001075
419	428	0.000002
419	431	0.000001
420	523	0.000055
420	524	0.996248
421	523	0.996643
422	522	0.996484
423	520	0.000009
423	521	0.997224
424	520	0.995229
424	521	0.000006
425	431	0.007707
425	518	0.000603
426	433	0.000043
426	517	0.000266
427	433	0.000133
427	517	0.000006
428	433	0.000016
428	434	0.000092
428	520	0.000082
428	521	0.000002
428	524	0.000148
429	433	0.000083
429	523	0.000144
431	520	0.000979
431	521	0.000304
431	524	0.000008
432	523	0.000008
432	532	0.000001
433	518	0.000002
433	519	0.983368
433	522	0.000002
433	531	0.000001
433	534	0.000002
434	516	0.000001
434	518	0.997111
434	530	0.000001
434	533	0.000002
435	517	0.997190
435	532	0.000002
436	445	0.000003
436	515	0.000019
436	516	0.997861
436	529	0.000002
436	531	0.000002
437	444	0.000005
437	514	0.000035
437	515	0.997519
437	528	0.000004
437	530	0.000002
438	443	0.000005
438	527	0.000004
439	513	0.994955
439	514	0.000005
439	525	0.000001
439	526	0.000003
439	528	0.000002
440	511	0.000069
440	512	0.997704
440	524	0.000003
440	527	0.000002
440	539	0.000006
441	510	0.002207
441	511	0.963859
441	523	0.000003
442	509	0.002216
442	538	0.001988
443	509	0.985095
443	537	0.002012
444	507	0.000004
444	508	0.996029
444	521	0.000007
444	535	0.000002
444	536	0.002067
445	453	0.000001
445	507	0.997883
445	520	0.000007
445	535	0.002069
446	452	0.000001
446	506	0.997839
446	518	0.000009
446	533	0.002078
447	505	0.977838
447	517	0.000009
447	532	0.002079
448	502	0.000018
448	516	0.000009
448	531	0.002080
449	502	0.000269
449	515	0.000009
449	530	0.002080
450	499	0.000013
450	502	0.995285
450	514	0.000009
450	529	0.002079
451	498	0.000013
451	501	0.997254
451	513	0.000009
451	528	0.002076
452	497	0.000014
452	500	0.997842
452	512	0.000008
452	527	0.002076
453	496	0.000014
453	498	0.001962
453	499	0.992242
453	501	0.000005
453	522	0.000002
453	525	0.000125
453	526	0.001720
454	497	0.003928
454	500	0.000006
454	521	0.000003
454	524	0.000248
455	497	0.913597
455	520	0.000003
455	523	0.000101
455	524	0.001445
456	523	0.001281
457	523	0.000003
458	495	0.987363
459	493	0.000014
459	494	0.999868
459	521	0.000011
460	492	0.000015
460	493	0.999948
460	494	0.000012
460	520	0.000011
460	521	0.000002
461	491	0.000013
461	492	0.999815
461	493	0.000012
461	520	0.000002
462	491	0.956908
463	487	0.000002
463	491	0.005332
463	517	0.000008
464	485	0.000001
464	516	0.000007
465	487	0.000003
465	491	0.000208
466	484	0.000008
466	487	0.000018
466	491	0.000067
467	483	0.000009
467	487	0.000051
467	488	0.995344
468	487	0.998875
469	478	0.000001
469	482	0.000004
469	485	0.000001
469	486	0.999415
470	477	0.000002
470	481	0.000004
470	485	0.999849
471	484	0.984541
471	487	0.000006
472	477	0.000002
472	478	0.000226
472	479	0.000012
472	481	0.000059
472	482	0.871334
472	486	0.000012
473	477	0.000224
473	479	0.000335
473	481	0.901309
473	482	0.090300
473	485	0.000013
474	480	0.887688
474	483	0.002138
474	484	0.000018
475	484	0.000002
476	481	0.001652
476	482	0.001617
477	483	0.000051
478	484	0.000004
479	483	0.000008
479	507	0.000001
480	506	0.000001
481	504	0.000001
482	503	0.000001
483	502	0.000001
484	501	0.000001
485	500	0.000001
490	517	0.000002
491	516	0.000002
492	515	0.000007
492	516	0.000002
493	514	0.000007
493	515	0.000005
494	514	0.000005
495	511	0.000032
495	512	0.000011
495	524	0.000066
496	510	0.000140
496	511	0.000006
496	523	0.000074
497	509	0.000159
498	508	0.000159
498	520	0.000004
498	521	0.001906
499	507	0.000159
499	510	0.000001
499	520	0.001909
500	506	0.000159
500	509	0.000002
500	518	0.001896
501	505	0.000105
501	508	0.000002
501	517	0.001892
502	507	0.000002
502	517	0.000030
503	515	0.001896
503	516	0.000031
504	514	0.001898
504	515	0.000030
505	513	0.001896
505	514	0.000029
506	512	0.001869
511	519	0.000002
512	518	0.000002
513	517	0.000001
514	521	0.000130
515	520	0.000130
515	521	0.000003
515	536	0.000006
516	520	0.000003
516	535	0.000011
517	534	0.000011
519	532	0.000020
520	529	0.000016
520	530	0.000003
520	531	0.000023
521	528	0.000016
521	529	0.000003
521	530	0.000023
521	533	0.000080
522	532	0.000081
523	531	0.000081
523	534	0.000003
524	530	0.000080
524	533	0.000003
525	532	0.000002
527	537	0.000013
527	538	0.000001
528	535	0.000001
528	536	0.000039
529	535	0.000040
529	536	0.000047
530	535	0.000050
530	536	0.000003
531	535	0.000003
545	716	0.000068
546	554	0.000002
546	590	0.000001
546	698	0.000001
546	715	0.000177
546	716	0.000001
546	717	0.000001
547	552	0.000002
547	553	0.000007
547	554	0.000002
547	555	0.000003
547	588	0.000065
547	589	0.000011
547	590	0.000002
547	681	0.000002
547	684	0.000061
547	685	0.000001
547	687	0.000205
547	689	0.000001
547	691	0.000002
547	695	0.000002
547	697	0.000003
547	701	0.000035
547	714	0.000455
547	715	0.000002
547	716	0.000004
547	717	0.000003
547	718	0.000224
548	585	0.000003
548	586	0.000005
548	587	0.000114
548	682	0.000009
548	683	0.000070
548	686	0.000434
548	688	0.000002
548	690	0.000006
548	693	0.000001
548	694	0.000002
548	700	0.000102
548	702	0.000063
548	703	0.000014
548	711	0.000004
548	713	0.000607
548	719	0.000702
549	553	0.000001
549	554	0.000002
549	555	0.000004
549	588	0.000137
549	589	0.000002
549	681	0.000016
549	684	0.000059
549	685	0.000391
549	687	0.000012
549	689	0.000050
549	691	0.000008
549	692	0.000001
549	695	0.000004
549	698	0.000007
549	699	0.000109
549	701	0.000060
549	710	0.000003
549	714	0.000004
549	715	0.000002
549	716	0.000347
549	717	0.000016
549	718	0.000700
550	565	0.000002
550	582	0.000002
550	583	0.000013
550	584	0.000004
550	585	0.000217
550	586	0.004030
550	587	0.001042
550	682	0.000004
550	683	0.000131
550	686	0.000115
550	688	0.000552
550	690	0.000243
550	694	0.000005
550	700	0.000028
550	702	0.009167
550	703	0.000004
550	705	0.000003
550	711	0.001091
550	713	0.000006
550	719	0.000083
551	556	0.000033
551	564	0.000002
551	588	0.000032
551	680	0.000008
551	687	0.000622
551	689	0.000269
551	691	0.000008
551	696	0.000040
551	697	0.000147
551	698	0.000057
551	701	0.009171
551	704	0.000004
551	710	0.001084
551	714	0.000913
551	715	0.000074
551	716	0.000677
551	717	0.000147
552	560	0.000002
552	581	0.000001
552	582	0.000018
552	583	0.000812
552	584	0.000029
552	585	0.987165
552	586	0.000038
552	587	0.000022
552	683	0.000009
552	686	0.000100
552	688	0.000004
552	700	0.000046
552	709	0.000001
552	713	0.000890
552	719	0.000001
553	559	0.000002
553	562	0.000002
553	584	0.992598
553	682	0.000006
553	703	0.000001
553	712	0.000883
554	561	0.000002
554	581	0.000006
554	582	0.003016
554	583	0.989546
554	584	0.000003
554	585	0.000455
554	683	0.000006
554	686	0.000002
554	702	0.000001
554	711	0.000864
554	713	0.000002
555	580	0.000006
555	584	0.000436
555	682	0.000005
555	712	0.000002
556	579	0.000002
556	580	0.000003
556	581	0.994522
556	582	0.001537
556	583	0.000197
557	579	0.000003
557	580	0.998908
558	579	0.998056
558	580	0.000002
559	577	0.000009
559	578	0.999441
560	576	0.000032
560	577	0.999943
561	576	0.999354
561	577	0.000002
562	570	0.000003
562	574	0.987550
562	576	0.000002
563	569	0.000003
563	572	0.000003
563	573	0.999918
563	575	0.000007
564	572	0.999955
564	573	0.000007
565	571	0.991571
566	571	0.005519
575	704	0.000002
576	703	0.000005
577	702	0.000005
579	718	0.000003
580	699	0.000075
580	717	0.000007
580	718	0.000051
581	698	0.000121
581	716	0.000015
581	717	0.000090
582	591	0.000002
582	697	0.000149
582	698	0.000037
582	701	0.000007
582	715	0.000020
582	716	0.000113
582	717	0.001012
583	590	0.000002
583	696	0.000149
583	697	0.000038
583	698	0.000010
583	701	0.000005
583	714	0.000020
583	715	0.000113
583	716	0.001017
583	717	0.000140
584	589	0.000002
584	681	0.000113
584	684	0.000002
584	695	0.000127
584	696	0.000032
584	697	0.000010
584	698	0.000001
584	699	0.000087
584	714	0.000083
584	715	0.001004
584	716	0.000029
584	717	0.000964
584	718	0.000062
585	680	0.000124
585	696	0.000011
585	697	0.000004
585	698	0.000120
585	714	0.000974
585	715	0.000034
585	716	0.002392
585	717	0.000085
586	590	0.000001
586	591	0.000006
586	679	0.000119
586	680	0.975820
586	696	0.000005
586	697	0.000140
586	698	0.000038
586	714	0.000020
586	715	0.003330
586	716	0.000093
586	717	0.000014
587	679	0.993036
587	680	0.000526
587	696	0.000133
587	697	0.000037
587	714	0.003346
587	715	0.000082
587	716	0.000014
588	678	0.992939
588	683	0.000013
588	713	0.003335
589	682	0.000013
589	703	0.000002
589	712	0.003138
590	676	0.000016
590	677	0.998067
590	678	0.000023
590	702	0.000002
590	703	0.000001
590	711	0.001250
591	676	0.999748
591	677	0.000014
591	702	0.000002
592	675	0.999092
592	701	0.000001
593	674	0.999927
594	673	0.999985
595	672	0.999698
596	670	0.000001
596	671	0.999965
597	670	0.996596
597	671	0.000002
599	668	0.996004
600	667	0.999975
601	666	0.999511
602	665	0.999977
603	664	0.999991
604	663	0.999991
605	662	0.999957
606	661	0.999963
607	660	0.999981
608	659	0.999511
609	657	0.000008
609	658	0.999967
610	656	0.000017
610	657	0.999966
610	658	0.000002
611	654	0.000005
611	656	0.998723
611	657	0.000003
612	616	0.000001
613	653	0.000636
614	652	0.000330
614	653	0.863851
615	652	0.865255
615	653	0.000004
616	651	0.864967
616	652	0.000003
616	655	0.131663
617	650	0.861832
617	654	0.134346
618	643	0.000001
618	648	0.004279
618	653	0.131230
619	642	0.000001
619	647	0.002164
619	648	0.858863
619	652	0.127264
619	653	0.003143
620	647	0.863075
620	652	0.006240
621	646	0.864516
622	639	0.000003
622	645	0.864182
622	651	0.116090
623	641	0.000001
623	644	0.864414
623	646	0.000002
623	650	0.134585
624	637	0.000247
624	640	0.000001
624	642	0.000013
624	643	0.748940
624	645	0.000004
624	648	0.000002
624	649	0.134694
625	636	0.000538
625	640	0.000045
625	642	0.262211
625	643	0.106717
625	647	0.000005
625	648	0.134725
626	635	0.000573
626	636	0.000003
626	638	0.001291
626	640	0.004033
626	642	0.088665
626	643	0.002778
626	647	0.134646
627	634	0.000572
627	635	0.000002
627	637	0.001305
627	638	0.000012
627	639	0.003953
627	640	0.000070
627	642	0.002969
627	643	0.000403
627	645	0.124748
628	633	0.000555
628	641	0.013289
628	644	0.130416
628	646	0.000003
629	635	0.001366
629	636	0.000936
629	638	0.002431
629	640	0.013149
629	642	0.577578
629	643	0.065416
630	641	0.979502
631	635	0.000141
631	636	0.001074
631	638	0.010738
631	640	0.980472
631	642	0.000001
632	636	0.000013
632	637	0.009247
632	638	0.000015
632	639	0.980353
633	638	0.977361
633	640	0.000001
675	690	0.000007
675	700	0.000002
675	702	0.000002
676	689	0.000007
676	698	0.000185
676	701	0.000001
676	716	0.000001
677	689	0.000091
677	691	0.000007
677	697	0.000327
677	698	0.000036
677	715	0.000002
678	687	0.001164
678	689	0.000020
678	691	0.000142
678	696	0.000491
678	697	0.000071
678	698	0.000006
678	704	0.000003
678	714	0.000003
679	683	0.000002
679	686	0.001254
679	688	0.000019
679	690	0.000143
679	694	0.000005
679	702	0.000221
679	703	0.000018
679	707	0.000001
679	713	0.000003
679	719	0.000004
679	720	0.000066
679	721	0.000024
680	686	0.000067
680	693	0.000007
680	694	0.013882
680	702	0.000040
680	706	0.000001
680	712	0.000001
680	719	0.000643
680	720	0.000033
681	688	0.001701
681	690	0.001108
681	693	0.147603
681	694	0.000504
681	700	0.018075
681	703	0.000654
681	705	0.000010
682	687	0.001604
682	689	0.000941
682	691	0.000010
682	692	0.167124
682	695	0.000005
682	696	0.000002
682	697	0.000094
682	698	0.000050
682	699	0.019171
682	701	0.000053
682	704	0.000003
682	715	0.000022
682	716	0.000166
682	717	0.000623
682	718	0.321982
683	687	0.000042
683	689	0.003416
683	691	0.171046
683	696	0.000182
683	697	0.000120
683	698	0.019245
683	701	0.003532
683	704	0.001168
683	714	0.000034
683	715	0.000306
683	716	0.001433
683	717	0.385343
684	688	0.002298
684	690	0.149497
684	693	0.000043
684	694	0.000142
684	700	0.003401
684	703	0.002602
684	705	0.000001
685	690	0.000335
685	693	0.000146
685	694	0.000075
685	700	0.000037
685	703	0.002919
685	705	0.000145
685	712	0.000001
685	829	0.000003
686	691	0.000653
686	696	0.006108
686	697	0.019419
686	698	0.001417
686	701	0.038839
686	704	0.000242
686	714	0.381888
686	715	0.001596
686	716	0.018325
686	717	0.037346
686	828	0.000003
687	693	0.000342
687	694	0.000920
687	700	0.039865
687	702	0.102709
687	703	0.000049
687	711	0.000053
687	712	0.000010
687	713	0.375019
687	719	0.020077
687	720	0.000012
687	721	0.000002
687	739	0.000003
687	827	0.000003
688	692	0.000317
688	695	0.021779
688	696	0.000951
688	697	0.000143
688	698	0.000062
688	699	0.039932
688	701	0.102471
688	710	0.000050
688	714	0.015908
688	715	0.010632
688	716	0.121369
688	717	0.000984
688	718	0.017646
688	738	0.000003
689	693	0.000103
689	694	0.020389
689	700	0.102199
689	702	0.001449
689	703	0.000016
689	709	0.000003
689	711	0.350376
689	712	0.000597
689	713	0.014931
689	719	0.000393
689	825	0.000003
690	695	0.000102
690	696	0.000160
690	697	0.036185
690	698	0.000102
690	699	0.102802
690	701	0.001402
690	710	0.293706
690	714	0.183162
690	715	0.000522
690	716	0.006049
690	717	0.000028
690	718	0.000311
690	824	0.000003
691	700	0.000631
691	702	0.000175
691	703	0.000003
691	706	0.000036
691	707	0.000001
691	708	0.000005
691	709	0.012755
691	711	0.015042
691	712	0.000354
691	713	0.237566
691	732	0.000010
691	735	0.000001
691	823	0.000003
692	700	0.000954
692	703	0.000023
692	705	0.000038
692	709	0.000489
692	712	0.236820
692	731	0.000010
692	734	0.000001
693	697	0.000095
693	698	0.000078
693	699	0.001085
693	701	0.000023
693	704	0.000023
693	710	0.001267
693	714	0.000019
693	715	0.000008
693	716	0.000002
693	729	0.000002
693	730	0.000009
693	738	0.000001
694	698	0.000930
694	699	0.000183
694	701	0.001425
694	704	0.001969
694	710	0.334010
694	714	0.000006
694	715	0.000002
694	717	0.000001
694	728	0.000004
694	729	0.000007
694	737	0.000002
695	700	0.001713
695	703	0.045275
695	705	0.000011
695	709	0.642304
695	722	0.000168
695	727	0.000005
695	736	0.000002
696	700	0.000020
696	702	0.049567
696	703	0.031341
696	705	0.000001
696	707	0.000013
696	708	0.661929
696	709	0.000035
696	720	0.000002
696	721	0.000256
696	722	0.000113
696	735	0.000002
697	702	0.036664
697	703	0.002106
697	706	0.000014
697	707	0.661977
697	708	0.000036
697	719	0.000002
697	720	0.000258
697	721	0.000157
697	724	0.000025
698	702	0.002254
698	703	0.000125
698	705	0.000010
698	706	0.661951
698	707	0.000034
698	713	0.000001
698	719	0.000193
698	720	0.000158
698	723	0.000025
698	732	0.000002
699	703	0.000072
699	705	0.650443
699	712	0.000001
699	722	0.000025
699	731	0.000002
700	704	0.557134
700	717	0.000009
700	718	0.000002
700	730	0.000001
701	705	0.000006
701	711	0.000002
701	719	0.000007
701	720	0.000017
701	721	0.000015
702	710	0.000002
702	715	0.000013
703	714	0.000013
703	718	0.000005
704	713	0.000013
704	719	0.329877
704	720	0.000006
705	716	0.000003
705	717	0.000326
705	718	0.335918
706	715	0.000005
706	716	0.000628
706	717	0.337216
707	714	0.000005
707	715	0.000733
707	716	0.337112
707	717	0.000032
708	714	0.000836
708	715	0.336827
708	716	0.000043
708	717	0.000003
709	714	0.294773
709	715	0.000053
709	716	0.000006
709	717	0.000006
709	718	0.000015
710	719	0.000135
711	715	0.000120
711	716	0.000411
711	717	0.001589
712	716	0.001301
712	717	0.000027
712	718	0.000823
713	717	0.000941
714	719	0.005938
714	720	0.000268
714	721	0.000664
714	722	0.000097
714	723	0.000002
714	724	0.000031
714	735	0.000001
715	719	0.000492
715	720	0.000676
715	721	0.000180
715	722	0.000010
715	723	0.000031
715	724	0.000004
715	734	0.000001
716	720	0.000176
716	721	0.000013
716	722	0.000031
716	723	0.000004
716	724	0.000004
716	733	0.000001
717	721	0.000031
717	722	0.000003
717	723	0.000004
717	732	0.000001
718	722	0.000003
718	731	0.000001
735	749	0.000001
736	746	0.000054
736	749	0.000004
736	849	0.000004
737	742	0.000065
737	743	0.000110
737	745	0.000095
737	748	0.000011
737	848	0.000005
738	742	0.000210
738	743	0.000273
738	745	0.000567
738	748	0.000065
738	755	0.000002
738	759	0.000107
738	761	0.000145
738	769	0.000002
738	817	0.000062
738	819	0.000001
738	829	0.000033
738	848	0.000006
738	853	0.000299
738	859	0.000244
739	749	0.001581
739	758	0.000116
739	760	0.000155
739	786	0.000001
739	816	0.000074
739	818	0.000002
739	828	0.000035
739	852	0.000339
739	858	0.000261
739	862	0.000001
739	864	0.000002
739	865	0.000014
740	746	0.000161
740	749	0.000052
740	752	0.000007
740	766	0.000004
740	767	0.000006
740	768	0.000003
740	771	0.000007
740	772	0.000003
740	785	0.000001
740	811	0.000008
740	815	0.000071
740	846	0.000032
740	847	0.000002
740	849	0.000194
740	850	0.000012
740	851	0.000338
740	857	0.000262
740	864	0.000008
740	865	0.000020
740	867	0.000003
741	749	0.001131
741	758	0.000099
741	760	0.000004
741	784	0.000001
741	800	0.000001
741	810	0.000009
741	816	0.000002
741	828	0.000001
741	845	0.000036
741	852	0.000003
741	856	0.000261
741	858	0.000002
741	864	0.000037
741	865	0.000007
742	746	0.000136
742	749	0.000263
742	752	0.000009
742	760	0.000001
742	762	0.000007
742	766	0.000008
742	767	0.000081
742	768	0.000129
742	771	0.000002
742	772	0.000005
742	773	0.000001
742	799	0.000001
742	809	0.000009
742	811	0.000020
742	812	0.000678
742	815	0.000002
742	846	0.000010
742	847	0.003344
742	849	0.000007
742	850	0.000003
742	851	0.000003
742	857	0.000002
742	858	0.000001
742	864	0.000005
742	867	0.000015
743	749	0.000038
743	752	0.000025
743	762	0.000033
743	766	0.000089
743	767	0.000153
743	768	0.000012
743	771	0.000006
743	772	0.000002
743	799	0.000001
743	810	0.000020
743	811	0.001504
743	845	0.000008
743	846	0.004284
743	847	0.000003
743	849	0.000001
743	850	0.000001
743	856	0.000002
743	857	0.000004
743	862	0.000049
743	865	0.000008
743	867	0.000162
744	749	0.002211
744	758	0.000010
744	760	0.000026
744	809	0.000022
744	810	0.001592
744	828	0.000001
744	839	0.000001
744	845	0.004371
744	852	0.000008
744	856	0.000005
744	861	0.000063
744	864	0.000012
744	865	0.000034
745	749	0.000028
745	752	0.000039
745	758	0.000005
745	760	0.000814
745	762	0.001176
745	766	0.000035
745	767	0.000012
745	768	0.000003
745	776	0.000002
745	797	0.000008
745	809	0.001579
745	818	0.000001
745	830	0.000140
745	838	0.000001
745	845	0.000017
745	846	0.000002
745	851	0.000008
745	860	0.000063
745	864	0.000026
745	865	0.000006
745	867	0.002607
746	755	0.000011
746	757	0.000007
746	759	0.001062
746	761	0.001343
746	764	0.000249
746	775	0.000002
746	796	0.000009
746	808	0.001384
746	817	0.000002
746	829	0.000162
746	837	0.000001
746	840	0.000002
746	842	0.000017
746	843	0.000401
746	844	0.000056
746	853	0.000067
746	859	0.000064
747	758	0.001091
747	760	0.001332
747	800	0.000004
747	810	0.000002
747	816	0.000002
747	828	0.000164
747	836	0.000001
747	839	0.000002
747	845	0.000003
747	852	0.000071
747	858	0.000064
747	861	0.000001
747	862	0.000001
747	864	0.000400
747	865	0.247808
748	752	0.000011
748	758	0.000010
748	760	0.000046
748	762	0.005697
748	766	0.000194
748	767	0.000004
748	768	0.000001
748	771	0.000015
748	776	0.000002
748	781	0.000018
748	799	0.000004
748	809	0.000002
748	815	0.000003
748	824	0.000006
748	828	0.000001
748	830	0.000042
748	838	0.000002
748	851	0.000068
748	857	0.000049
748	860	0.000001
748	864	0.250552
748	865	0.000004
748	867	0.319851
749	753	0.000036
749	754	0.000164
749	755	0.000012
749	756	0.000251
749	757	0.000011
749	759	0.000491
749	761	0.006996
749	763	0.000213
749	764	0.000010
749	765	0.000226
749	770	0.000017
749	774	0.000005
749	775	0.000002
749	780	0.000020
749	783	0.000005
749	793	0.000068
749	798	0.000004
749	805	0.001643
749	807	0.000002
749	814	0.000002
749	823	0.000008
749	825	0.000002
749	826	0.000012
749	827	0.000005
749	829	0.000052
749	837	0.000002
749	840	0.004757
749	841	0.000218
749	859	0.000001
749	863	0.253374
749	866	0.555743
750	758	0.000494
750	760	0.005721
750	792	0.000076
750	804	0.001672
750	810	0.000009
750	828	0.000053
750	836	0.000002
750	839	0.005196
750	856	0.000002
750	858	0.000001
750	861	0.005597
750	862	0.248084
750	864	0.000002
750	865	0.555894
751	758	0.004594
751	760	0.009089
751	791	0.000076
751	803	0.001672
751	809	0.000009
751	838	0.005197
751	856	0.000002
751	860	0.010843
751	861	0.241991
751	862	0.000043
751	864	0.554052
751	865	0.000010
752	757	0.003430
752	759	0.011219
752	761	0.000724
752	790	0.000074
752	793	0.000002
752	802	0.001632
752	805	0.000026
752	808	0.000004
752	829	0.000007
752	837	0.005191
752	840	0.000011
752	853	0.000002
752	855	0.000002
752	859	0.016009
753	758	0.011179
753	760	0.000829
753	792	0.000002
753	800	0.000002
753	804	0.000033
753	828	0.000007
753	836	0.005127
753	839	0.000013
753	852	0.000002
753	858	0.009950
753	860	0.087439
753	861	0.022147
753	862	0.463790
753	864	0.000020
753	865	0.001027
754	758	0.000138
754	760	0.000531
754	786	0.000039
754	791	0.000002
754	800	0.000016
754	803	0.000033
754	828	0.000002
754	836	0.000032
754	838	0.000013
754	852	0.000010
754	856	0.001006
754	858	0.230392
754	860	0.023019
754	861	0.462946
754	862	0.000800
754	864	0.001026
754	865	0.000111
755	760	0.000016
755	762	0.000008
755	766	0.000004
755	767	0.000020
755	768	0.000066
755	771	0.000004
755	772	0.000008
755	773	0.000008
755	776	0.000002
755	785	0.000039
755	787	0.000057
755	799	0.000010
755	846	0.000001
755	851	0.000010
755	856	0.000035
755	857	0.237487
755	858	0.000029
755	860	0.358609
755	861	0.000905
755	862	0.000211
755	864	0.000066
755	865	0.000246
755	867	0.002257
756	760	0.000076
756	784	0.000039
756	786	0.000058
756	792	0.000001
756	800	0.001690
756	828	0.000002
756	836	0.000009
756	845	0.000002
756	852	0.000513
756	856	0.236104
756	858	0.179941
756	860	0.015230
756	861	0.000298
756	862	0.000071
756	864	0.000510
756	865	0.109991
757	762	0.000023
757	766	0.008718
757	767	0.000128
757	768	0.000244
757	771	0.001354
757	772	0.000030
757	773	0.000028
757	776	0.000045
757	781	0.000272
757	782	0.000005
757	784	0.000046
757	785	0.000051
757	791	0.000001
757	797	0.000002
757	799	0.001702
757	824	0.000003
757	828	0.000001
757	836	0.000008
757	849	0.000097
757	850	0.000014
757	851	0.000578
757	852	0.000169
757	856	0.000354
757	857	0.175898
757	858	0.007982
757	860	0.000332
757	861	0.000072
757	864	0.114799
757	865	0.000005
757	867	0.000164
758	763	0.000409
758	764	0.000013
758	765	0.010419
758	769	0.000617
758	770	0.001588
758	774	0.001155
758	775	0.000033
758	777	0.000057
758	778	0.000002
758	779	0.000006
758	780	0.000320
758	783	0.000961
758	796	0.000001
758	798	0.001708
758	823	0.000005
758	825	0.000101
758	827	0.000002
758	831	0.000063
758	832	0.002679
758	833	0.001044
758	834	0.000029
758	835	0.000045
758	848	0.000103
758	853	0.000726
758	854	0.074167
758	855	0.005519
758	859	0.000175
758	863	0.183928
758	866	0.000288
759	766	0.006190
759	767	0.000102
759	768	0.000996
759	771	0.000853
759	772	0.000018
759	773	0.001129
759	776	0.000065
759	781	0.000236
759	782	0.000878
759	784	0.000030
759	797	0.001686
759	799	0.000004
759	824	0.000103
759	830	0.000059
759	847	0.000102
759	849	0.002415
759	850	0.000561
759	851	0.006384
759	852	0.005493
759	856	0.009285
759	857	0.000426
759	858	0.000177
759	860	0.000118
759	861	0.000007
759	862	0.183769
759	864	0.000025
759	865	0.000274
759	867	0.001991
760	764	0.000016
760	765	0.007844
760	769	0.000440
760	770	0.001132
760	774	0.000603
760	775	0.000032
760	777	0.000264
760	778	0.000029
760	779	0.000005
760	780	0.000366
760	783	0.000582
760	788	0.000200
760	794	0.000001
760	795	0.000237
760	796	0.001335
760	798	0.000008
760	823	0.000105
760	825	0.000007
760	827	0.000001
760	829	0.000041
760	831	0.005331
760	832	0.000005
760	848	0.002615
760	853	0.000207
760	854	0.202068
760	855	0.013914
760	859	0.000106
760	863	0.000248
760	866	0.017272
761	766	0.000048
761	767	0.000230
761	768	0.000558
761	771	0.000023
761	772	0.000012
761	773	0.000576
761	776	0.000295
761	781	0.000004
761	782	0.000549
761	787	0.000200
761	797	0.000008
761	824	0.000006
761	828	0.000005
761	830	0.005371
761	845	0.000002
761	846	0.000001
761	847	0.002374
761	849	0.053481
761	850	0.000564
761	851	0.001549
761	852	0.000134
761	856	0.000080
761	857	0.000014
761	858	0.000009
761	860	0.254129
761	861	0.000002
761	862	0.000123
761	864	0.000249
761	865	0.017076
762	769	0.000081
762	775	0.000277
762	777	0.000005
762	778	0.000013
762	779	0.000015
762	793	0.000962
762	794	0.000184
762	796	0.000008
762	829	0.005376
762	844	0.000002
762	848	0.053699
762	853	0.328019
762	855	0.000040
762	859	0.441734
763	784	0.000001
763	786	0.000316
763	791	0.000001
763	792	0.000998
763	828	0.005351
763	845	0.000030
763	852	0.338365
763	856	0.000002
763	858	0.444380
763	860	0.000089
763	861	0.000102
763	862	0.024004
763	864	0.000041
763	865	0.000008
764	768	0.000036
764	771	0.000091
764	772	0.000040
764	773	0.000119
764	776	0.000013
764	781	0.000461
764	782	0.000029
764	785	0.000324
764	787	0.000001
764	791	0.000084
764	792	0.000444
764	824	0.000003
764	846	0.077070
764	847	0.000185
764	849	0.000061
764	850	0.000383
764	851	0.317481
764	852	0.000011
764	857	0.440631
764	858	0.000007
764	860	0.000040
764	861	0.024239
764	862	0.000061
764	864	0.000006
765	784	0.000327
765	786	0.000001
765	791	0.001424
765	828	0.000002
765	845	0.081430
765	852	0.000044
765	856	0.438367
765	858	0.000086
765	860	0.026980
765	861	0.000143
765	862	0.000018
765	864	0.000002
766	775	0.000181
766	777	0.000024
766	778	0.000112
766	779	0.007741
766	789	0.000006
766	790	0.001439
766	842	0.000006
766	843	0.000068
766	844	0.080464
766	848	0.000691
766	853	0.000058
766	855	0.391625
766	859	0.025638
767	775	0.000295
767	777	0.000161
767	778	0.013435
767	779	0.001188
767	789	0.001292
767	790	0.000003
767	794	0.000024
767	840	0.000002
767	842	0.000116
767	843	0.075614
767	844	0.000077
767	848	0.101518
767	853	0.002460
767	855	0.001843
767	859	0.001731
768	775	0.000609
768	777	0.014826
768	778	0.001404
768	779	0.000237
768	789	0.000004
768	793	0.000030
768	796	0.000001
768	837	0.000005
768	840	0.002321
768	842	0.056100
768	843	0.000090
768	844	0.000011
768	848	0.004337
768	853	0.089048
768	855	0.000238
768	859	0.000514
769	773	0.000123
769	776	0.012981
769	781	0.000285
769	782	0.000113
769	785	0.000167
769	787	0.001273
769	792	0.000030
769	797	0.000005
769	824	0.000002
769	836	0.000005
769	839	0.003299
769	845	0.000004
769	846	0.346708
769	847	0.002548
769	849	0.000024
769	850	0.000137
769	851	0.001058
769	852	0.070363
769	856	0.000006
769	857	0.061614
769	858	0.000152
769	865	0.000001
770	784	0.000199
770	786	0.001304
770	791	0.000031
770	836	0.000005
770	838	0.003575
770	839	0.000238
770	845	0.365589
770	852	0.017032
770	856	0.067476
770	858	0.000001
770	860	0.000002
770	864	0.000003
770	865	0.000001
771	775	0.000286
771	777	0.000257
771	778	0.001715
771	779	0.003606
771	790	0.000030
771	794	0.000002
771	796	0.000004
771	837	0.003424
771	840	0.000028
771	842	0.000078
771	843	0.000354
771	844	0.361177
771	848	0.000246
771	853	0.002354
771	855	0.069011
771	859	0.000001
772	777	0.001565
772	778	0.004383
772	779	0.001936
772	789	0.000026
772	793	0.000001
772	794	0.000424
772	837	0.000010
772	840	0.000046
772	842	0.000589
772	843	0.337273
772	844	0.000228
772	848	0.000482
772	853	0.002091
772	855	0.000450
773	777	0.002730
773	778	0.001650
773	779	0.000314
773	793	0.000531
773	829	0.000049
773	837	0.000278
773	840	0.012035
773	842	0.239127
773	843	0.000286
773	844	0.000008
773	848	0.001682
773	853	0.165390
773	855	0.000008
773	859	0.000033
774	784	0.000117
774	786	0.000014
774	792	0.000548
774	828	0.000054
774	836	0.000290
774	838	0.000020
774	839	0.015346
774	845	0.000100
774	852	0.177302
774	858	0.000034
774	861	0.000018
774	865	0.000002
775	781	0.000968
775	782	0.001345
775	784	0.000016
775	785	0.000015
775	791	0.000548
775	824	0.000002
775	828	0.000001
775	830	0.000897
775	836	0.000001
775	838	0.014848
775	839	0.000026
775	845	0.000090
775	846	0.000087
775	847	0.000220
775	849	0.057516
775	850	0.004283
775	851	0.154760
775	852	0.000041
775	857	0.000031
775	860	0.000024
775	864	0.000002
776	790	0.000542
776	829	0.001046
776	837	0.014301
776	840	0.000287
776	842	0.000083
776	843	0.000024
776	844	0.000090
776	848	0.065647
776	853	0.000179
776	855	0.000001
776	859	0.000031
777	781	0.000315
777	782	0.000507
777	784	0.000005
777	785	0.000013
777	786	0.000002
777	787	0.000014
777	824	0.000003
777	828	0.000984
777	830	0.000067
777	836	0.012230
777	838	0.000014
777	839	0.000200
777	845	0.000009
777	846	0.000047
777	847	0.047529
777	849	0.023169
777	850	0.002213
777	851	0.000278
777	852	0.000195
777	858	0.000026
778	782	0.000271
778	784	0.000019
778	785	0.000017
778	786	0.000016
778	787	0.000003
778	824	0.000014
778	828	0.000261
778	830	0.000248
778	836	0.000021
778	838	0.000056
778	839	0.000013
778	845	0.000043
778	846	0.028452
778	847	0.241213
778	849	0.001106
778	850	0.000224
778	851	0.000127
778	852	0.000004
778	857	0.000021
778	858	0.000032
779	784	0.000023
779	785	0.000026
779	786	0.000002
779	787	0.000538
779	792	0.000002
779	824	0.000027
779	828	0.000077
779	830	0.000032
779	836	0.000003
779	838	0.000003
779	839	0.000282
779	845	0.008607
779	846	0.285455
779	847	0.000386
779	849	0.000081
779	850	0.000063
779	851	0.000003
779	856	0.000015
779	857	0.000064
780	784	0.000028
780	786	0.000545
780	791	0.000005
780	828	0.000638
780	836	0.000032
780	838	0.000315
780	839	0.000031
780	845	0.306117
780	852	0.000017
780	856	0.000076
780	860	0.000012
780	864	0.000002
781	790	0.000005
781	794	0.000006
781	821	0.000002
781	829	0.000038
781	837	0.000244
781	840	0.000005
781	842	0.000063
781	843	0.002908
781	844	0.292405
781	848	0.000005
781	855	0.000067
781	859	0.000012
782	789	0.000004
782	793	0.000008
782	821	0.000028
782	829	0.007569
782	837	0.000112
782	840	0.000474
782	842	0.002761
782	843	0.212154
782	844	0.000141
782	853	0.000087
782	859	0.000015
783	792	0.000009
783	828	0.008073
783	836	0.000167
783	838	0.000008
783	839	0.000575
783	845	0.000042
783	852	0.000093
783	856	0.000004
783	858	0.000016
783	865	0.000001
784	795	0.000003
784	820	0.004091
784	821	0.000015
784	822	0.971908
784	823	0.003839
784	825	0.000008
784	826	0.000014
784	827	0.002554
784	829	0.000001
784	831	0.000002
784	832	0.000004
784	835	0.000064
784	840	0.000004
784	841	0.003528
784	842	0.000022
784	843	0.000792
784	844	0.000003
784	855	0.000002
785	790	0.000002
785	794	0.000003
785	796	0.000007
785	819	0.004091
785	821	0.988361
785	840	0.001043
785	842	0.001249
785	843	0.000002
785	855	0.000478
786	793	0.000002
786	795	0.000008
786	820	0.991073
786	825	0.000021
786	826	0.000046
786	827	0.000003
786	831	0.000006
786	832	0.000001
786	833	0.000008
786	834	0.000002
786	841	0.001296
786	854	0.000659
787	793	0.000001
787	794	0.000006
787	817	0.004179
787	819	0.990753
787	829	0.000025
787	837	0.000001
787	840	0.001284
787	853	0.000660
788	792	0.000002
788	800	0.000001
788	816	0.004258
788	818	0.989755
788	828	0.000026
788	836	0.000001
788	838	0.000001
788	839	0.001268
788	852	0.000660
789	799	0.000001
789	800	0.000037
789	815	0.002168
789	816	0.844364
789	818	0.000007
789	828	0.000005
789	830	0.000001
789	838	0.001092
789	851	0.000654
790	799	0.000265
790	815	0.986803
790	816	0.000575
790	824	0.000384
790	828	0.000105
790	830	0.000001
790	836	0.000291
790	838	0.000002
790	849	0.000001
790	850	0.000612
791	798	0.000304
791	814	0.995125
791	823	0.000435
791	826	0.000327
791	827	0.000107
791	832	0.000022
791	833	0.000003
791	834	0.000023
791	835	0.000434
792	798	0.000012
792	801	0.000001
792	813	0.995162
792	822	0.000435
792	825	0.000338
792	826	0.000098
792	831	0.000022
792	832	0.000003
792	833	0.000023
792	834	0.000431
792	848	0.000532
793	797	0.000010
793	800	0.000001
793	811	0.000047
793	812	0.994126
793	824	0.000328
793	830	0.000022
793	847	0.000630
794	810	0.000093
794	811	0.993554
794	812	0.000007
794	824	0.000008
794	846	0.000635
795	803	0.000001
795	804	0.000013
795	809	0.000181
795	810	0.991188
795	818	0.000002
795	828	0.000007
795	845	0.000632
796	803	0.000032
796	804	0.000007
796	809	0.794634
796	810	0.000157
796	811	0.000028
796	818	0.000002
796	830	0.000316
797	802	0.000064
797	805	0.059370
797	806	0.000996
797	808	0.629920
797	819	0.001044
797	821	0.000005
797	829	0.000338
797	842	0.000001
797	843	0.000008
797	844	0.000004
798	803	0.014332
798	804	0.079015
798	809	0.189087
798	810	0.000003
798	818	0.001165
798	828	0.000332
799	805	0.012956
799	806	0.272929
799	808	0.229817
799	817	0.000764
799	819	0.000008
799	821	0.000007
799	842	0.000003
800	805	0.153182
800	806	0.003019
800	807	0.241434
800	808	0.000148
800	817	0.002005
800	820	0.000006
800	825	0.000003
800	826	0.000091
800	827	0.000005
800	829	0.000003
800	841	0.000002
801	809	0.000150
801	810	0.000005
801	816	0.002963
801	828	0.000003
802	809	0.000013
802	815	0.002983
802	824	0.000094
803	807	0.000892
803	808	0.000070
803	814	0.002988
803	823	0.000096
803	826	0.000005
803	827	0.000005
804	808	0.000013
804	813	0.002988
804	822	0.000096
804	825	0.000006
804	826	0.000005
805	811	0.000005
805	812	0.002907
805	818	0.000006
805	824	0.000003
806	810	0.000008
806	811	0.002200
806	818	0.000001
807	816	0.000094
808	815	0.000095
808	824	0.000009
809	814	0.000094
809	821	0.000002
809	823	0.000013
809	832	0.000002
810	820	0.000002
810	822	0.000013
810	831	0.000002
811	819	0.000002
811	821	0.000012
812	819	0.000008
812	829	0.000008
813	818	0.000009
813	828	0.000009
816	825	0.000115
816	831	0.000002
817	824	0.000120
817	830	0.000002
818	822	0.000001
818	823	0.000133
818	825	0.000032
818	826	0.000002
818	827	0.000011
818	829	0.000002
818	831	0.000003
818	841	0.000007
818	843	0.000003
818	844	0.000002
819	824	0.000027
819	830	0.000003
819	846	0.000009
820	828	0.000004
820	845	0.000012
821	846	0.000013
822	828	0.000005
822	839	0.007993
822	845	0.000016
822	865	0.000033
823	828	0.001319
823	836	0.000022
823	838	0.026551
823	839	0.000224
823	845	0.001620
823	852	0.000023
823	856	0.000002
823	860	0.000012
823	864	0.000042
824	829	0.000042
824	837	0.026597
824	840	0.744789
824	842	0.000078
824	843	0.000027
824	844	0.000945
824	848	0.000005
824	853	0.000004
824	859	0.000012
825	836	0.025734
825	838	0.001612
825	839	0.852070
825	845	0.000061
825	852	0.000004
825	858	0.000012
825	862	0.000053
825	865	0.000238
826	836	0.000205
826	838	0.852975
826	839	0.011942
826	845	0.000091
826	856	0.000002
826	861	0.000053
826	864	0.000170
826	865	0.017300
827	836	0.851280
827	838	0.012323
827	839	0.000242
827	845	0.000355
827	852	0.000001
827	856	0.000007
827	860	0.000053
827	862	0.000003
827	864	0.017744
827	865	0.000009
828	832	0.000403
828	833	0.004889
828	834	0.003325
828	835	0.820855
828	837	0.009976
828	840	0.000005
828	841	0.012151
828	842	0.000444
828	843	0.000049
828	844	0.000329
828	848	0.000003
828	854	0.000003
828	855	0.000005
828	859	0.000044
828	863	0.017389
828	866	0.002305
829	836	0.001906
829	838	0.001791
829	839	0.000005
829	845	0.000002
829	847	0.000003
829	858	0.000001
829	860	0.000004
829	862	0.002541
829	864	0.000023
829	865	0.002161
829	867	0.000045
830	837	0.005836
830	840	0.025505
830	842	0.000019
830	843	0.000002
830	853	0.000006
830	859	0.000008
831	836	0.006201
831	838	0.000372
831	839	0.028016
831	852	0.000006
831	856	0.000001
831	858	0.000009
831	860	0.000021
831	861	0.000807
831	862	0.012115
831	864	0.000805
831	865	0.003372
832	836	0.000090
832	838	0.027865
832	839	0.002490
832	856	0.000002
832	858	0.000002
832	860	0.000799
832	861	0.013318
832	862	0.007020
832	864	0.003410
832	865	0.000002
833	838	0.002571
833	839	0.000916
833	856	0.000005
833	858	0.000146
833	860	0.013284
833	861	0.007720
833	862	0.003897
833	864	0.000002
834	838	0.000919
834	839	0.000015
834	845	0.000001
834	856	0.000013
834	858	0.000397
834	860	0.007755
834	861	0.003938
834	862	0.000004
834	865	0.000116
835	839	0.000004
835	845	0.000014
835	852	0.000002
835	856	0.000290
835	858	0.019875
835	860	0.003935
835	861	0.000004
835	864	0.000118
836	841	0.000072
836	843	0.000002
836	844	0.000013
836	848	0.000003
836	854	0.000002
836	855	0.000191
836	859	0.003335
836	863	0.000119
836	866	0.000014
837	846	0.000006
837	847	0.000003
837	849	0.000004
837	856	0.018463
837	857	0.000421
837	858	0.000261
837	862	0.000117
837	865	0.000014
838	844	0.000001
838	848	0.000005
838	853	0.000001
838	854	0.001068
838	855	0.026972
838	859	0.000007
839	843	0.000002
839	844	0.000012
839	848	0.000038
839	853	0.001092
839	854	0.034190
839	855	0.000042
839	859	0.000005
839	863	0.000015
840	845	0.000009
840	846	0.000611
840	847	0.000046
840	849	0.000011
840	850	0.000005
840	851	0.000007
840	852	0.000009
840	857	0.000026
840	862	0.000015
841	845	0.001146
841	852	0.115709
841	856	0.000041
841	858	0.001298
841	860	0.000002
841	861	0.000014
842	846	0.000048
842	847	0.000077
842	849	0.000459
842	850	0.001359
842	851	0.118034
842	852	0.003995
842	856	0.000002
842	857	0.001334
842	858	0.000009
842	860	0.000013
843	847	0.000037
843	849	0.001677
843	850	0.113490
843	851	0.007236
843	852	0.001104
843	856	0.001099
843	857	0.000016
843	858	0.000004
844	849	0.089502
844	850	0.008129
844	851	0.002194
844	852	0.000057
844	856	0.000017
844	857	0.000007
844	858	0.000001
845	853	0.000018
845	854	0.019592
845	855	0.000010
846	853	0.017459
846	855	0.000048
847	853	0.000469
847	855	0.000018
847	859	0.000002
848	852	0.000533
848	856	0.000003
848	857	0.000001
848	858	0.000002
848	867	0.000001
849	853	0.000030
849	855	0.000033
850	855	0.000064
851	855	0.000018
851	859	0.000002
852	863	0.000349
852	866	0.000041
853	857	0.000001
853	861	0.000001
853	862	0.000348
853	865	0.000026
854	858	0.000002
854	860	0.000019
854	861	0.000349
854	862	0.000002
854	864	0.000025
854	865	0.000022
855	860	0.000305
855	861	0.000002
855	862	0.000003
855	864	0.000022
856	863	0.000029
858	863	0.000001
858	866	0.000044
859	865	0.000044
859	867	0.000009
860	866	0.000015
861	866	0.000021
862	866	0.000002
