1	7	0.000333
1	8	0.000287
1	9	0.000074
1	12	0.000574
1	13	0.000286
1	15	0.002516
1	29	0.000043
1	33	0.000104
1	41	0.011601
1	67	0.000032
1	711	0.000004
1	725	0.000068
1	767	0.000027
1	771	0.001055
1	779	0.000001
1	793	0.000021
1	805	0.000001
2	7	0.000982
2	8	0.000217
2	9	0.000044
2	11	0.000768
2	12	0.000571
2	13	0.000010
2	14	0.003038
2	15	0.000986
2	28	0.000084
2	29	0.000001
2	30	0.009441
2	32	0.000110
2	33	0.000026
2	39	0.000469
2	40	0.019843
2	41	0.000091
2	42	0.000122
2	46	0.000028
2	50	0.000002
2	53	0.000075
2	62	0.000082
2	65	0.000006
2	66	0.000044
2	77	0.000002
2	705	0.000001
2	710	0.000005
2	724	0.000077
2	766	0.000035
2	769	0.000001
2	770	0.001199
2	775	0.000003
2	776	0.000007
2	777	0.000041
2	782	0.000008
2	783	0.000003
2	792	0.000043
2	805	0.000132
2	813	0.001361
2	816	0.002595
3	7	0.000183
3	8	0.000133
3	9	0.000065
3	11	0.000610
3	12	0.000015
3	13	0.002992
3	14	0.001279
3	29	0.009539
3	30	0.000089
3	32	0.000027
3	39	0.020734
3	40	0.000120
3	41	0.000100
3	42	0.001099
3	46	0.000002
3	52	0.000074
3	61	0.000083
3	64	0.000006
3	65	0.000043
3	76	0.000002
3	77	0.000002
3	704	0.000001
3	709	0.000005
3	723	0.000077
3	765	0.000035
3	768	0.000001
3	769	0.001198
3	773	0.000001
3	775	0.000007
3	776	0.000040
3	777	0.000003
3	781	0.000008
3	782	0.000003
3	791	0.000046
3	804	0.000155
3	813	0.001122
3	816	0.003154
4	8	0.000077
4	9	0.000219
4	12	0.002846
4	13	0.001237
4	26	0.000122
4	28	0.009588
4	29	0.000052
4	41	0.001058
4	60	0.000084
4	75	0.000002
4	76	0.000002
4	703	0.000001
4	708	0.000004
4	722	0.000077
4	767	0.000003
4	768	0.001025
4	779	0.000014
4	790	0.000045
4	803	0.000156
4	809	0.000020
5	10	0.002010
5	16	0.000020
5	25	0.000127
5	27	0.009620
5	48	0.000002
5	56	0.000001
5	59	0.000084
5	80	0.000001
5	721	0.000076
5	772	0.000005
5	778	0.000015
5	789	0.000045
5	802	0.000156
5	808	0.000021
5	810	0.000648
5	811	0.000019
5	812	0.000066
5	814	0.002136
5	815	0.002190
6	12	0.000011
6	13	0.000010
6	15	0.000020
6	24	0.000126
6	26	0.009558
6	41	0.000011
6	55	0.000001
6	58	0.000077
6	79	0.000001
6	767	0.000009
6	771	0.000004
6	798	0.000001
6	809	0.000637
7	17	0.000002
7	21	0.000012
7	22	0.000026
7	25	0.008887
7	34	0.000001
7	37	0.000033
7	38	0.002610
7	43	0.000002
7	44	0.000002
7	45	0.000001
7	47	0.000003
7	48	0.000002
7	49	0.000002
7	54	0.000001
7	57	0.000071
7	797	0.000001
7	800	0.000005
7	801	0.000004
7	808	0.000600
7	812	0.000009
7	814	0.000022
7	815	0.000043
7	817	0.000018
8	16	0.000004
8	17	0.000023
8	19	0.000011
8	21	0.000071
8	22	0.004491
8	25	0.000016
8	34	0.000003
8	37	0.001817
8	38	0.681122
8	43	0.000001
8	47	0.000001
8	48	0.000001
8	56	0.000018
8	799	0.000003
8	800	0.000003
8	807	0.000273
8	811	0.000001
8	814	0.000017
8	815	0.000017
8	817	0.000005
9	16	0.000022
9	17	0.000002
9	19	0.000462
9	21	0.005554
9	22	0.000122
9	31	0.000069
9	34	0.000021
9	37	0.932571
9	38	0.000329
9	799	0.000001
9	806	0.000009
9	814	0.000009
9	815	0.000002
9	817	0.000131
10	14	0.000010
10	15	0.000007
10	18	0.000539
10	20	0.005594
10	23	0.000326
10	24	0.000007
10	26	0.000012
10	30	0.000087
10	32	0.000032
10	33	0.000021
10	36	0.977702
10	813	0.000006
10	816	0.000210
11	16	0.001034
11	25	0.000018
11	35	0.977822
11	812	0.000006
11	815	0.000210
12	16	0.000016
12	17	0.000036
12	19	0.000376
12	21	0.000077
12	22	0.000091
12	31	0.000020
12	34	0.970222
12	35	0.000003
12	811	0.000004
12	814	0.000182
13	17	0.000114
13	19	0.000050
13	21	0.000083
13	22	0.000010
13	31	0.000130
13	34	0.000120
13	810	0.000001
14	25	0.000002
14	35	0.000005
14	808	0.000001
14	812	0.000110
15	19	0.000009
15	21	0.000047
15	22	0.000010
15	31	0.897798
15	34	0.000014
15	811	0.000107
16	20	0.000050
16	23	0.000005
16	28	0.000023
16	29	0.081139
16	30	0.902290
16	32	0.000059
16	33	0.000007
17	24	0.000001
17	26	0.000083
17	28	0.531246
17	29	0.455136
17	809	0.000103
18	25	0.000160
18	27	0.978675
18	808	0.000103
19	24	0.000118
19	26	0.977735
19	28	0.010313
20	25	0.974255
20	27	0.010560
20	806	0.000094
21	26	0.007991
21	28	0.000001
21	29	0.000003
21	805	0.000091
22	26	0.000007
22	28	0.000018
22	803	0.000097
23	27	0.000017
23	802	0.000099
24	31	0.000001
24	37	0.000001
24	801	0.000094
24	817	0.000002
25	30	0.000001
25	36	0.000002
25	64	0.000006
25	816	0.000003
26	35	0.000002
26	37	0.000001
26	63	0.000006
26	799	0.000075
26	814	0.000003
26	815	0.000002
27	36	0.000002
27	62	0.000006
27	798	0.000094
27	813	0.000008
28	35	0.000002
28	797	0.000095
28	812	0.000008
29	34	0.000002
29	796	0.000095
29	811	0.000009
30	59	0.000006
30	795	0.000095
30	810	0.000014
31	58	0.000006
31	794	0.000071
31	809	0.000014
32	48	0.000001
32	57	0.000006
32	808	0.000014
32	815	0.000003
33	47	0.000001
33	56	0.000006
33	807	0.000013
33	814	0.000002
33	817	0.000062
34	41	0.000003
34	55	0.000006
34	792	0.000003
34	805	0.000001
35	40	0.000003
35	60	0.000001
35	790	0.000001
35	791	0.000003
35	804	0.000001
35	813	0.000016
35	816	0.021765
36	59	0.000001
36	789	0.000002
36	812	0.000015
36	814	0.000008
36	815	0.021854
38	58	0.000021
38	803	0.000002
38	809	0.000005
39	48	0.000014
39	57	0.000031
39	69	0.000031
39	72	0.000402
39	83	0.000001
39	92	0.000034
39	802	0.000002
39	808	0.000004
39	810	0.000205
39	811	0.011177
39	812	0.176961
39	814	0.481213
39	815	0.037195
40	48	0.000147
40	56	0.000031
40	68	0.000031
40	69	0.000004
40	71	0.000410
40	82	0.000001
40	91	0.000035
40	808	0.000408
40	810	0.011172
40	811	0.177191
40	812	0.741454
40	814	0.032243
40	815	0.000091
41	45	0.000001
41	47	0.000137
41	48	0.000002
41	49	0.000307
41	68	0.000003
41	69	0.000008
41	70	0.000408
41	81	0.000001
41	90	0.000035
41	796	0.000054
41	801	0.000001
41	807	0.000436
41	808	0.000014
41	810	0.024308
41	811	0.768555
41	812	0.005660
41	814	0.000070
41	815	0.000004
42	48	0.000393
42	56	0.000003
42	68	0.000026
42	69	0.000396
42	80	0.000002
42	89	0.000035
42	795	0.000065
42	806	0.000386
42	808	0.011278
42	810	0.939474
42	811	0.005598
42	812	0.003218
42	814	0.000009
42	815	0.000001
43	55	0.000003
43	67	0.000032
43	79	0.000002
43	794	0.000062
43	798	0.000004
43	805	0.000283
43	809	0.927756
44	61	0.000008
44	67	0.000008
44	793	0.000049
44	798	0.000001
44	809	0.000492
45	60	0.000011
45	67	0.000002
45	779	0.000004
45	792	0.000017
45	803	0.000160
45	805	0.000001
45	809	0.001695
46	56	0.000037
46	59	0.000011
46	68	0.000089
46	78	0.000001
46	88	0.000033
46	772	0.000027
46	778	0.000004
46	795	0.000421
46	802	0.000163
46	806	0.983340
46	808	0.000998
46	810	0.000003
46	814	0.000004
46	815	0.000003
47	55	0.000039
47	58	0.000010
47	60	0.000001
47	61	0.000002
47	67	0.000091
47	75	0.000005
47	87	0.000033
47	771	0.000027
47	792	0.000030
47	794	0.000426
47	805	0.990206
47	809	0.000002
48	52	0.000004
48	53	0.000077
48	60	0.000002
48	61	0.001289
48	62	0.000222
48	64	0.000002
48	66	0.000081
48	74	0.000005
48	86	0.000032
48	770	0.000026
48	777	0.000003
48	782	0.000001
48	791	0.000039
48	793	0.000426
48	804	0.991291
48	813	0.000005
48	816	0.000010
49	55	0.000001
49	58	0.000006
49	60	0.001743
49	61	0.000112
49	779	0.000016
49	790	0.000028
49	792	0.000421
49	803	0.990381
50	56	0.000017
50	57	0.000007
50	59	0.001935
50	68	0.000002
50	71	0.000079
50	72	0.000005
50	80	0.000005
50	82	0.000004
50	83	0.000013
50	84	0.000008
50	778	0.000017
50	788	0.000001
50	789	0.000013
50	795	0.000032
50	802	0.987493
50	806	0.000003
50	810	0.000007
50	812	0.000006
50	814	0.000005
50	815	0.000002
51	55	0.000025
51	58	0.002113
51	60	0.000105
51	61	0.000002
51	67	0.000004
51	79	0.000005
51	779	0.000363
51	787	0.000002
51	790	0.017755
51	792	0.000004
51	793	0.000009
51	794	0.000051
51	798	0.000238
51	803	0.000008
51	805	0.000002
51	809	0.000007
52	56	0.000030
52	57	0.002134
52	59	0.000119
52	68	0.000408
52	69	0.883605
52	71	0.000012
52	78	0.000006
52	81	0.000223
52	89	0.000002
52	92	0.000006
52	778	0.000399
52	786	0.000002
52	789	0.018350
52	795	0.000006
52	802	0.000019
52	808	0.000007
52	811	0.000027
52	815	0.000043
53	57	0.000024
53	59	0.000067
53	68	0.943087
53	69	0.000421
53	71	0.000001
53	80	0.000277
53	88	0.000002
53	91	0.000006
53	778	0.000033
53	788	0.018359
53	795	0.000006
53	802	0.000011
53	806	0.000006
53	810	0.000027
53	814	0.000044
54	58	0.000046
54	60	0.000004
54	61	0.000005
54	67	0.928779
54	79	0.000285
54	87	0.000002
54	779	0.000281
54	787	0.018324
54	794	0.000003
54	798	0.000503
54	803	0.000016
54	805	0.000005
54	809	0.000027
55	59	0.000003
55	63	0.000494
55	68	0.000030
55	78	0.000287
55	89	0.000004
55	778	0.000306
55	780	0.000001
55	786	0.018204
55	796	0.000004
55	797	0.000516
55	799	0.000021
55	800	0.000034
55	801	0.000356
55	802	0.000049
55	808	0.000026
55	817	0.002012
56	61	0.000001
56	62	0.000576
56	64	0.000189
56	65	0.927132
56	66	0.038683
56	67	0.000087
56	75	0.000090
56	77	0.000296
56	776	0.004734
56	777	0.000242
56	782	0.000017
56	783	0.000043
56	784	0.000150
56	785	0.015681
56	798	0.000009
56	804	0.000002
56	805	0.000002
56	816	0.003064
57	61	0.000242
57	62	0.000140
57	64	0.929228
57	65	0.037641
57	66	0.000133
57	74	0.000112
57	76	0.000212
57	87	0.000004
57	93	0.000006
57	775	0.005163
57	776	0.000127
57	781	0.000018
57	782	0.000047
57	783	0.000293
57	784	0.015252
57	798	0.000016
57	803	0.000002
57	804	0.000002
57	816	0.000029
58	63	0.814053
58	72	0.000002
58	73	0.000112
58	92	0.000006
58	774	0.005899
58	778	0.000001
58	780	0.000022
58	795	0.000002
58	797	0.000015
58	799	0.003422
58	800	0.000003
58	801	0.000003
58	814	0.003072
58	815	0.000015
58	817	0.000006
59	64	0.018455
59	65	0.000037
59	66	0.000032
59	74	0.000315
59	86	0.000027
59	732	0.000004
59	773	0.005916
59	775	0.000015
59	777	0.000001
59	779	0.000016
59	781	0.004193
59	782	0.003205
59	783	0.002760
59	798	0.003643
59	804	0.000008
59	813	0.003141
59	816	0.000012
60	70	0.000027
60	71	0.000112
60	73	0.000315
60	85	0.000027
60	90	0.000006
60	731	0.000004
60	772	0.005810
60	774	0.000015
60	778	0.000002
60	780	0.004078
60	797	0.003668
60	801	0.000005
60	812	0.003137
60	815	0.000007
61	69	0.000044
61	70	0.000124
61	72	0.000313
61	84	0.000027
61	89	0.000006
61	721	0.000001
61	730	0.000004
61	772	0.000002
61	778	0.000014
61	780	0.000653
61	796	0.003672
61	800	0.000004
61	801	0.000002
61	811	0.003123
61	814	0.000002
61	815	0.000040
62	68	0.000097
62	69	0.000128
62	71	0.000312
62	80	0.000001
62	83	0.000027
62	88	0.000006
62	720	0.000068
62	729	0.000004
62	772	0.000020
62	778	0.001350
62	795	0.003673
62	802	0.000001
62	810	0.003144
62	814	0.000242
62	815	0.000005
63	67	0.000065
63	79	0.000001
63	87	0.000005
63	719	0.000067
63	767	0.000003
63	768	0.000008
63	771	0.000020
63	779	0.003955
63	790	0.000056
63	793	0.000002
63	794	0.002300
63	798	0.000003
63	803	0.000002
63	809	0.003141
64	68	0.000023
64	69	0.000029
64	72	0.000002
64	78	0.000001
64	82	0.000029
64	83	0.000001
64	84	0.000006
64	717	0.000001
64	728	0.000004
64	778	0.004153
64	789	0.000093
64	795	0.000002
64	802	0.000002
64	808	0.003120
64	811	0.000003
64	812	0.000335
64	814	0.000002
64	815	0.000014
65	69	0.000004
65	71	0.000003
65	72	0.000005
65	81	0.000030
65	82	0.000001
65	83	0.000006
65	717	0.000074
65	727	0.000004
65	778	0.000111
65	788	0.000093
65	789	0.000010
65	795	0.000007
65	802	0.000006
65	806	0.000401
65	808	0.000009
65	810	0.000003
65	811	0.000336
65	812	0.000005
65	814	0.000014
65	815	0.000011
66	71	0.000006
66	80	0.000030
66	81	0.000001
66	82	0.000006
66	716	0.000075
66	726	0.000004
66	772	0.000002
66	778	0.000015
66	786	0.000010
66	788	0.000010
66	795	0.000174
66	802	0.000033
66	806	0.001986
66	808	0.000005
66	810	0.000335
66	811	0.000005
66	814	0.000011
67	78	0.000017
67	80	0.000001
67	81	0.000006
67	715	0.000075
67	774	0.013553
67	778	0.000016
67	786	0.000087
67	795	0.000042
67	796	0.021266
67	797	0.000081
67	799	0.000044
67	800	0.000001
67	801	0.000013
67	806	0.000073
67	807	0.000006
67	808	0.000007
67	810	0.000005
68	77	0.000021
68	714	0.000065
68	761	0.000013
68	764	0.006652
68	765	0.000014
68	766	0.000002
68	770	0.000010
68	773	0.014639
68	775	0.000004
68	776	0.000047
68	777	0.000042
68	782	0.000001
68	783	0.000003
68	784	0.000010
68	785	0.000096
68	793	0.000009
68	794	0.000091
68	798	0.000049
68	803	0.000009
68	804	0.000365
68	805	0.000350
68	809	0.000005
69	76	0.000020
69	77	0.000015
69	79	0.000005
69	712	0.000078
69	760	0.000013
69	763	0.006694
69	764	0.000007
69	765	0.000002
69	769	0.000011
69	773	0.000044
69	775	0.000047
69	776	0.000042
69	781	0.000001
69	782	0.000003
69	783	0.000011
69	784	0.000096
69	791	0.000001
69	792	0.000002
69	793	0.000255
69	794	0.080686
69	798	0.000007
69	803	0.000145
69	804	0.000381
69	805	0.000002
70	75	0.000018
70	76	0.000015
70	79	0.000004
70	711	0.000078
70	725	0.000710
70	759	0.000013
70	762	0.006701
70	768	0.000008
70	771	0.014859
70	790	0.000001
70	792	0.001555
70	793	0.691937
70	794	0.005762
70	798	0.000131
70	803	0.000337
70	805	0.000002
71	75	0.000007
71	77	0.000009
71	710	0.000078
71	724	0.000750
71	758	0.000013
71	761	0.006704
71	764	0.000002
71	766	0.000001
71	767	0.000005
71	770	0.014964
71	775	0.000010
71	776	0.000002
71	777	0.000002
71	781	0.000002
71	782	0.000103
71	783	0.000009
71	791	0.001061
71	792	0.937504
71	793	0.003334
71	794	0.000058
71	798	0.000004
71	804	0.000001
71	805	0.000248
72	76	0.000004
72	77	0.000007
72	709	0.000078
72	723	0.000751
72	757	0.000013
72	760	0.006702
72	763	0.000002
72	765	0.000001
72	766	0.000005
72	769	0.014961
72	773	0.000022
72	775	0.000002
72	776	0.000002
72	781	0.000103
72	782	0.000009
72	790	0.000376
72	791	0.974284
72	792	0.000054
72	793	0.000052
72	794	0.000007
72	804	0.000252
73	79	0.000032
73	708	0.000077
73	722	0.000751
73	759	0.006337
73	762	0.000002
73	767	0.000002
73	768	0.014806
73	779	0.000083
73	790	0.974752
73	792	0.000048
73	793	0.000006
73	803	0.000253
74	78	0.000037
74	80	0.000037
74	81	0.000002
74	720	0.000001
74	721	0.000750
74	754	0.000003
74	772	0.000021
74	778	0.000084
74	788	0.000032
74	789	0.971541
74	802	0.000253
75	80	0.000003
75	720	0.000724
75	753	0.000002
75	778	0.000001
75	786	0.000002
75	788	0.881400
75	789	0.000074
75	797	0.000006
75	801	0.000248
76	589	0.000002
76	717	0.000133
76	786	0.000125
76	788	0.000646
76	789	0.003377
76	796	0.000011
76	800	0.000121
77	588	0.000002
77	716	0.000171
77	717	0.000497
77	754	0.000160
77	772	0.000001
77	778	0.000002
77	786	0.656446
77	788	0.046456
77	789	0.000017
77	795	0.000012
78	587	0.000002
78	707	0.000073
78	714	0.000007
78	718	0.000013
78	755	0.000922
78	756	0.000008
78	757	0.000002
78	758	0.000003
78	760	0.000002
78	761	0.000025
78	762	0.000002
78	763	0.000040
78	764	0.000002
78	765	0.000005
78	766	0.000003
78	767	0.000023
78	768	0.000009
78	769	0.000036
78	770	0.000004
78	773	0.000004
78	775	0.000201
78	784	0.000002
78	785	0.625915
78	787	0.067773
78	794	0.000011
78	798	0.000006
79	706	0.000075
79	713	0.000061
79	715	0.000488
79	716	0.000002
79	717	0.000010
79	753	0.005476
79	754	0.000693
79	772	0.000004
79	774	0.000204
79	786	0.270078
79	788	0.000002
79	797	0.000005
80	101	0.000003
80	586	0.000002
80	705	0.000075
80	712	0.000094
80	714	0.000440
80	752	0.005646
80	756	0.000001
80	757	0.000001
80	758	0.000021
80	759	0.000134
80	760	0.000024
80	761	0.000054
80	764	0.000008
80	765	0.000002
80	766	0.000058
80	767	0.014827
80	768	0.000002
80	771	0.000001
80	773	0.000204
80	783	0.000642
80	784	0.619580
80	785	0.348560
81	100	0.000003
81	585	0.000002
81	704	0.000074
81	711	0.000095
81	712	0.000661
81	751	0.005636
81	752	0.000753
81	756	0.000001
81	757	0.000020
81	758	0.000276
81	759	0.000019
81	760	0.000053
81	763	0.000008
81	764	0.000002
81	765	0.000057
81	766	0.015150
81	767	0.000006
81	770	0.000001
81	771	0.000009
81	782	0.000639
81	783	0.619120
81	784	0.356069
81	785	0.000051
82	98	0.000049
82	584	0.000002
82	703	0.000031
82	710	0.000097
82	711	0.000694
82	712	0.000077
82	749	0.000001
82	750	0.005625
82	751	0.000772
82	752	0.000006
82	755	0.000001
82	756	0.000020
82	757	0.000278
82	758	0.000058
82	759	0.000013
82	762	0.000008
82	763	0.000002
82	764	0.000057
82	765	0.015202
82	766	0.000011
82	767	0.000001
82	769	0.000001
82	770	0.000021
82	771	0.000196
82	781	0.000630
82	782	0.618505
82	783	0.356762
82	784	0.000053
83	97	0.000049
83	98	0.000141
83	583	0.000002
83	709	0.000097
83	710	0.000846
83	711	0.000002
83	724	0.000001
83	748	0.000001
83	749	0.005610
83	750	0.000783
83	751	0.000007
83	755	0.000019
83	756	0.000279
83	757	0.000058
83	758	0.000013
83	761	0.000008
83	763	0.000056
83	764	0.015205
83	765	0.000011
83	766	0.000003
83	769	0.000023
83	770	0.000223
83	776	0.000001
83	777	0.000001
83	781	0.615682
83	782	0.357374
83	783	0.000053
84	97	0.000147
84	98	0.000001
84	582	0.000002
84	708	0.000096
84	709	0.000888
84	710	0.000001
84	712	0.000002
84	723	0.000002
84	748	0.002813
84	749	0.000793
84	750	0.000007
84	755	0.000279
84	756	0.000058
84	757	0.000013
84	760	0.000008
84	762	0.000051
84	763	0.015203
84	764	0.000011
84	765	0.000003
84	766	0.000002
84	768	0.000029
84	769	0.000237
84	775	0.000002
84	776	0.000001
84	777	0.000004
84	779	0.000449
84	781	0.357147
84	782	0.000052
84	804	0.000001
85	581	0.000001
85	707	0.000094
85	708	0.000861
85	711	0.000002
85	722	0.000002
85	759	0.000008
85	762	0.013791
85	767	0.000034
85	768	0.000222
85	779	0.502689
85	803	0.000001
86	95	0.000247
86	103	0.000002
86	716	0.000011
86	721	0.000002
86	754	0.000343
86	778	0.664084
86	802	0.000001
87	94	0.000252
87	99	0.000011
87	102	0.000002
87	706	0.001025
87	715	0.000012
87	720	0.000002
87	753	0.000342
87	774	0.000280
87	778	0.261681
87	780	0.000019
87	801	0.000001
88	93	0.000252
88	98	0.000020
88	101	0.000011
88	587	0.000001
88	705	0.001058
88	710	0.000029
88	714	0.000010
88	719	0.000001
88	724	0.000002
88	747	0.000014
88	748	0.003665
88	751	0.000001
88	752	0.000296
88	758	0.000015
88	759	0.000004
88	761	0.015161
88	764	0.000363
88	765	0.000009
88	770	0.000006
88	773	0.000288
88	775	0.000010
88	776	0.083397
88	777	0.891026
88	779	0.000002
89	97	0.000020
89	100	0.000011
89	586	0.000001
89	704	0.001058
89	709	0.000029
89	712	0.000298
89	718	0.000001
89	723	0.000002
89	746	0.000003
89	747	0.006478
89	750	0.000002
89	751	0.000281
89	757	0.000015
89	758	0.000004
89	760	0.015268
89	763	0.000370
89	764	0.000005
89	769	0.000006
89	773	0.000002
89	775	0.083411
89	776	0.891608
89	777	0.000041
90	112	0.000044
90	166	0.000008
90	703	0.000921
90	708	0.000027
90	711	0.000329
90	722	0.000002
90	725	0.000011
90	746	0.006521
90	759	0.015262
90	762	0.000375
90	767	0.000002
90	768	0.000005
90	771	0.000389
90	798	0.000001
91	97	0.000040
91	98	0.001961
91	101	0.000384
91	111	0.000049
91	587	0.000001
91	705	0.000006
91	707	0.000007
91	710	0.000332
91	724	0.000012
91	745	0.006527
91	748	0.000009
91	749	0.000231
91	750	0.000013
91	756	0.000018
91	757	0.000002
91	758	0.015247
91	761	0.000375
91	766	0.000002
91	767	0.000004
91	770	0.000393
91	771	0.000001
91	773	0.000254
91	775	0.033578
91	776	0.000006
92	97	0.001946
92	98	0.000011
92	100	0.000419
92	110	0.000049
92	164	0.000096
92	586	0.000001
92	704	0.000006
92	709	0.000325
92	712	0.000002
92	714	0.000008
92	723	0.000010
92	740	0.000002
92	744	0.006527
92	747	0.000009
92	748	0.000231
92	749	0.000012
92	755	0.000019
92	756	0.000003
92	757	0.014905
92	760	0.000374
92	765	0.000002
92	766	0.000004
92	769	0.000388
92	770	0.000001
92	773	0.973181
92	775	0.000006
93	99	0.000824
93	113	0.000015
93	163	0.000100
93	165	0.000003
93	167	0.000003
93	169	0.000002
93	588	0.000001
93	713	0.000024
93	720	0.000031
93	721	0.000001
93	726	0.000012
93	739	0.000002
93	742	0.000002
93	743	0.006515
93	754	0.000019
93	772	0.973498
93	795	0.000002
94	112	0.000015
94	166	0.000004
94	707	0.000031
94	708	0.000042
94	711	0.000040
94	719	0.000040
94	725	0.000255
94	746	0.000223
94	759	0.000332
94	762	0.000002
94	767	0.000155
94	768	0.000032
94	771	0.965626
94	792	0.000037
94	794	0.000001
95	100	0.000005
95	101	0.000001
95	107	0.000047
95	111	0.000015
95	164	0.000019
95	524	0.000004
95	527	0.000003
95	586	0.000002
95	587	0.000002
95	678	0.000002
95	704	0.000048
95	705	0.000024
95	707	0.000019
95	708	0.000007
95	709	0.000032
95	710	0.000044
95	712	0.000061
95	718	0.000046
95	723	0.039518
95	724	0.000213
95	732	0.000002
95	737	0.000045
95	740	0.000273
95	744	0.000005
95	745	0.000231
95	747	0.000001
95	755	0.000004
95	756	0.000006
95	757	0.000019
95	758	0.000332
95	760	0.000004
95	761	0.000003
95	763	0.000010
95	764	0.000002
95	765	0.000004
95	766	0.000139
95	767	0.000016
95	768	0.000083
95	769	0.013114
95	770	0.912595
95	771	0.000005
95	791	0.000044
96	105	0.001340
96	166	0.000699
96	523	0.000004
96	532	0.000708
96	682	0.000009
96	683	0.000002
96	688	0.000003
96	690	0.000007
96	700	0.000001
96	703	0.000047
96	707	0.000008
96	708	0.000030
96	711	0.000054
96	714	0.000439
96	719	0.000009
96	722	0.067985
96	725	0.000043
96	736	0.000047
96	759	0.000006
96	762	0.000012
96	767	0.000606
96	768	0.022238
96	790	0.000044
97	102	0.000009
97	103	0.000008
97	104	0.001425
97	113	0.000002
97	114	0.000689
97	162	0.000006
97	163	0.000548
97	165	0.000795
97	167	0.000073
97	169	0.000007
97	521	0.000003
97	528	0.000002
97	529	0.000440
97	530	0.000146
97	531	0.000746
97	538	0.000015
97	542	0.000011
97	588	0.000006
97	591	0.000001
97	680	0.000151
97	687	0.000002
97	689	0.000007
97	699	0.000001
97	713	0.000448
97	716	0.000002
97	717	0.000260
97	720	0.000040
97	721	0.071502
97	726	0.000001
97	727	0.000028
97	728	0.000013
97	729	0.002234
97	734	0.000006
97	735	0.000045
97	739	0.000718
97	742	0.006013
97	743	0.000004
97	789	0.000044
98	102	0.000009
98	103	0.001425
98	113	0.000680
98	114	0.000086
98	161	0.000005
98	162	0.000418
98	163	0.000532
98	165	0.008067
98	167	0.000028
98	169	0.000001
98	521	0.000011
98	528	0.000474
98	529	0.000150
98	530	0.000743
98	537	0.000015
98	541	0.000011
98	588	0.000235
98	590	0.000001
98	679	0.000153
98	680	0.000003
98	687	0.000012
98	699	0.000001
98	713	0.000452
98	716	0.000262
98	717	0.000001
98	720	0.071423
98	721	0.000011
98	726	0.000033
98	727	0.000008
98	728	0.002402
98	729	0.001609
98	733	0.000007
98	734	0.000039
98	738	0.000719
98	741	0.006025
98	742	0.000003
98	788	0.000044
99	112	0.000356
99	116	0.001686
99	117	0.000002
99	164	0.008723
99	166	0.000026
99	524	0.000003
99	527	0.000589
99	536	0.000003
99	540	0.000011
99	585	0.000006
99	586	0.000007
99	587	0.000228
99	678	0.000144
99	682	0.000006
99	683	0.000001
99	686	0.000012
99	703	0.000006
99	704	0.000013
99	705	0.000030
99	707	0.000002
99	708	0.000003
99	709	0.000016
99	710	0.000032
99	711	0.000008
99	712	0.000448
99	714	0.000012
99	718	0.015263
99	719	0.030572
99	722	0.000627
99	723	0.000076
99	724	0.000109
99	725	0.000025
99	732	0.000010
99	737	0.000651
99	740	0.006018
99	757	0.000003
99	758	0.000002
99	760	0.000002
99	761	0.000005
99	762	0.000002
99	763	0.000037
99	764	0.000178
99	765	0.000875
99	766	0.001801
99	767	0.000534
99	768	0.000791
99	769	0.000944
99	770	0.000010
99	787	0.000043
100	113	0.000067
100	114	0.952303
100	163	0.005220
100	165	0.000020
100	528	0.000006
100	529	0.000003
100	538	0.000004
100	539	0.000011
100	680	0.000002
100	713	0.000010
100	716	0.000003
100	717	0.014560
100	721	0.000703
100	726	0.000004
100	727	0.006467
100	728	0.000002
100	735	0.000003
100	739	0.005972
100	786	0.000042
101	113	0.966433
101	114	0.000047
101	162	0.000274
101	163	0.000001
101	528	0.000003
101	537	0.000004
101	538	0.000011
101	588	0.000002
101	679	0.000002
101	713	0.000073
101	716	0.013973
101	717	0.000006
101	720	0.000703
101	721	0.000002
101	726	0.007015
101	727	0.000001
101	738	0.005886
101	778	0.000001
102	107	0.000036
102	110	0.000008
102	111	0.007459
102	112	0.970100
102	527	0.000002
102	536	0.000004
102	587	0.000006
102	678	0.000010
102	705	0.000010
102	709	0.000003
102	710	0.000071
102	711	0.000747
102	712	0.000317
102	714	0.000163
102	719	0.000683
102	724	0.000024
102	725	0.008960
102	737	0.004766
102	761	0.000001
102	762	0.000003
102	763	0.000002
102	764	0.000003
102	765	0.000038
102	766	0.000038
102	777	0.000009
102	783	0.000048
102	784	0.000004
103	107	0.000003
103	110	0.007543
103	111	0.976019
103	112	0.000064
103	117	0.000003
103	535	0.000004
103	536	0.000015
103	586	0.000006
103	677	0.000010
103	704	0.000010
103	708	0.000002
103	709	0.000070
103	710	0.000825
103	711	0.000250
103	712	0.000018
103	714	0.000110
103	718	0.000671
103	719	0.000014
103	723	0.000024
103	724	0.009182
103	736	0.000546
103	737	0.000004
103	760	0.000001
103	761	0.000004
103	762	0.000002
103	763	0.000003
103	764	0.000038
103	765	0.000038
103	776	0.000009
103	782	0.000049
103	783	0.000003
104	110	0.975053
104	111	0.000076
104	116	0.000005
104	164	0.000003
104	527	0.000002
104	535	0.000015
104	585	0.000005
104	676	0.000010
104	703	0.000008
104	707	0.000003
104	708	0.000050
104	709	0.000823
104	710	0.000250
104	711	0.000014
104	712	0.000369
104	714	0.000019
104	718	0.000025
104	722	0.000020
104	723	0.009185
104	736	0.000002
104	760	0.000004
104	761	0.000002
104	762	0.000002
104	763	0.000037
104	764	0.000038
104	775	0.000009
104	781	0.000051
104	782	0.000002
105	109	0.791349
105	113	0.000003
105	114	0.000001
105	115	0.000005
105	163	0.000003
105	526	0.000002
105	534	0.000015
105	675	0.000009
105	702	0.000007
105	706	0.000003
105	713	0.000016
105	715	0.000579
105	716	0.000299
105	717	0.000032
105	721	0.000004
105	734	0.000063
105	774	0.000008
105	780	0.000052
106	112	0.000004
106	532	0.000002
106	701	0.000004
106	707	0.000153
106	708	0.000050
106	711	0.000035
106	714	0.000665
106	722	0.000047
106	736	0.000006
106	762	0.000003
106	779	0.000052
107	113	0.000194
107	114	0.000030
107	531	0.000002
107	533	0.000013
107	713	0.000668
107	716	0.000051
107	717	0.000003
107	720	0.009272
107	721	0.000041
107	733	0.000005
107	735	0.000008
107	772	0.000001
107	778	0.000052
108	112	0.000128
108	532	0.000009
108	707	0.000042
108	708	0.000296
108	711	0.000047
108	714	0.000003
108	719	0.009084
108	736	0.000002
108	771	0.000001
109	166	0.000008
109	532	0.000006
109	592	0.000010
109	707	0.000263
109	708	0.000036
109	711	0.000053
109	714	0.000521
109	719	0.000019
109	722	0.000016
109	736	0.000417
110	114	0.000003
110	163	0.000001
110	165	0.000010
110	169	0.000001
110	530	0.000013
110	531	0.000008
110	591	0.000011
110	713	0.000550
110	716	0.000001
110	717	0.009301
110	721	0.000018
110	727	0.000011
110	728	0.000046
110	729	0.000005
110	735	0.000558
111	163	0.000002
111	165	0.000007
111	167	0.000005
111	169	0.000003
111	529	0.000013
111	530	0.000008
111	590	0.000011
111	713	0.000006
111	716	0.009320
111	720	0.000018
111	726	0.000012
111	727	0.000046
111	728	0.000005
111	734	0.000558
112	163	0.000001
112	165	0.000431
112	168	0.000003
112	528	0.000012
112	529	0.000008
112	588	0.000043
112	589	0.000009
112	706	0.006368
112	713	0.000017
112	715	0.008952
112	726	0.000042
112	727	0.000004
112	733	0.000554
113	164	0.001307
113	166	0.000012
113	527	0.000016
113	586	0.000004
113	587	0.000152
113	678	0.000001
113	704	0.000002
113	705	0.008499
113	709	0.000023
113	710	0.005317
113	711	0.000057
113	712	0.000056
113	714	0.004995
113	718	0.000003
113	719	0.000003
113	724	0.000259
113	725	0.000018
113	732	0.000545
113	737	0.000001
113	758	0.000011
113	761	0.000040
113	764	0.000019
113	765	0.000004
113	766	0.000007
113	769	0.000001
113	770	0.000005
113	777	0.000003
114	164	0.006091
114	166	0.000003
114	524	0.000001
114	527	0.000007
114	585	0.000004
114	586	0.000152
114	587	0.000005
114	678	0.000001
114	704	0.008503
114	705	0.000004
114	708	0.000024
114	709	0.005393
114	710	0.000083
114	711	0.000034
114	712	0.003800
114	714	0.000003
114	718	0.000003
114	723	0.000269
114	724	0.000019
114	737	0.000003
114	757	0.000011
114	760	0.000041
114	763	0.000021
114	764	0.000004
114	765	0.000008
114	768	0.000002
114	769	0.000017
114	776	0.000003
115	166	0.000072
115	523	0.000001
115	682	0.000007
115	683	0.000002
115	703	0.007085
115	707	0.000030
115	708	0.004614
115	711	0.003269
115	714	0.000005
115	719	0.000001
115	722	0.000238
115	725	0.000015
115	736	0.000003
115	759	0.000036
115	762	0.000019
115	767	0.000010
115	768	0.000023
116	161	0.000013
116	162	0.991219
116	163	0.001828
116	165	0.000025
116	713	0.000002
116	721	0.000037
117	161	0.998755
117	162	0.000964
117	720	0.000031
118	160	0.999393
118	719	0.000017
119	159	0.999970
119	718	0.000007
120	158	0.999978
121	156	0.000001
121	157	0.999033
122	156	0.999289
122	157	0.000001
123	155	0.999964
124	154	0.999511
125	153	0.999977
126	152	0.999984
127	150	0.000001
127	151	0.998870
128	150	0.999033
129	149	0.999970
130	148	0.999511
131	147	0.999977
132	146	0.999990
133	145	0.999985
134	144	0.999698
135	142	0.000009
135	143	0.999960
136	141	0.000009
136	142	0.999261
136	143	0.000005
137	141	0.756354
138	142	0.000002
160	588	0.000001
160	706	0.000006
161	587	0.000005
161	705	0.000010
161	710	0.000002
161	711	0.000001
161	712	0.000001
161	724	0.000054
161	725	0.000003
161	757	0.000001
161	765	0.000054
161	766	0.000046
161	767	0.000002
162	527	0.000139
162	586	0.000005
162	587	0.000014
162	704	0.000011
162	705	0.000023
162	709	0.000002
162	710	0.000033
162	711	0.000002
162	712	0.000002
162	718	0.000002
162	719	0.000056
162	723	0.000089
162	724	0.000055
162	725	0.000004
162	756	0.000003
162	758	0.000009
162	760	0.000001
162	761	0.000015
162	763	0.000001
162	764	0.000121
162	765	0.000076
162	766	0.000058
162	767	0.000003
162	769	0.000004
163	170	0.018012
163	172	0.000003
163	524	0.000022
163	527	0.023557
163	532	0.000001
163	585	0.000010
163	586	0.000020
163	587	0.000018
163	678	0.000011
163	682	0.000007
163	683	0.000002
163	688	0.000149
163	698	0.000049
163	700	0.000034
163	703	0.000012
163	704	0.000033
163	705	0.000034
163	707	0.000004
163	708	0.000004
163	709	0.000060
163	710	0.000026
163	711	0.000004
163	712	0.000074
163	714	0.012131
163	718	0.001700
163	722	0.000234
163	723	0.000098
163	724	0.000071
163	725	0.000010
163	732	0.000002
163	736	0.000007
163	740	0.000002
163	755	0.000004
163	757	0.000016
163	758	0.000011
163	759	0.000002
163	760	0.000027
163	761	0.000012
163	762	0.000003
163	763	0.000179
163	764	0.000101
163	765	0.000105
163	766	0.000064
163	767	0.000011
163	768	0.000011
163	769	0.000052
163	773	0.000004
163	779	0.000006
164	169	0.018898
164	171	0.000004
164	528	0.076184
164	529	0.000014
164	588	0.000178
164	679	0.000003
164	680	0.000002
164	687	0.000161
164	697	0.000050
164	699	0.000036
164	713	0.012605
164	716	0.000024
164	717	0.001692
164	720	0.000017
164	721	0.000246
164	726	0.000003
164	735	0.000008
164	739	0.000002
164	754	0.000004
164	772	0.000004
164	778	0.000007
165	170	0.000013
165	175	0.000002
165	523	0.000032
165	524	0.000567
165	527	0.473353
165	586	0.000010
165	587	0.000173
165	678	0.000012
165	682	0.000017
165	686	0.000159
165	696	0.000045
165	698	0.000035
165	703	0.000005
165	704	0.000015
165	705	0.000031
165	707	0.000079
165	708	0.000002
165	709	0.000015
165	710	0.000084
165	711	0.000005
165	712	0.011320
165	714	0.000083
165	718	0.000021
165	719	0.000008
165	722	0.000005
165	723	0.000046
165	724	0.000094
165	725	0.000006
165	732	0.000003
165	757	0.000011
165	758	0.000027
165	760	0.000008
165	761	0.000259
165	762	0.000014
165	763	0.000054
165	764	0.000149
165	765	0.000084
165	766	0.000027
165	767	0.000007
165	768	0.000003
165	769	0.000039
165	770	0.000001
165	771	0.000002
165	777	0.000006
166	174	0.000002
166	522	0.000036
166	525	0.620681
166	526	0.253144
166	528	0.000001
166	681	0.000016
166	685	0.000121
166	694	0.000001
166	697	0.000033
166	702	0.000002
166	706	0.000092
166	713	0.000641
166	715	0.000379
166	717	0.000009
166	721	0.000004
166	731	0.000002
167	173	0.000002
167	523	0.000018
167	524	0.932369
167	527	0.000081
167	586	0.000003
167	683	0.000001
167	693	0.000001
167	696	0.000029
167	704	0.000008
167	705	0.000085
167	708	0.000007
167	709	0.001240
167	710	0.000802
167	711	0.000004
167	712	0.001333
167	714	0.000141
167	723	0.000022
167	724	0.000003
167	758	0.000001
167	760	0.000368
167	761	0.000003
167	763	0.000277
167	764	0.000001
167	768	0.000007
167	769	0.000040
168	172	0.000002
168	523	0.782466
168	682	0.000001
168	683	0.000001
168	703	0.000008
168	707	0.000008
168	708	0.001220
168	711	0.001361
168	719	0.000009
168	722	0.000020
168	725	0.000008
168	759	0.000369
168	762	0.000278
168	767	0.000008
168	768	0.000038
169	523	0.003638
169	524	0.000349
169	527	0.000015
169	695	0.000005
169	703	0.000001
169	704	0.000007
169	705	0.000004
169	707	0.000697
169	708	0.000014
169	709	0.000063
169	710	0.001331
169	712	0.000088
169	714	0.000002
169	718	0.000010
169	724	0.000009
169	758	0.000359
169	761	0.000271
169	766	0.000007
169	767	0.000023
170	521	0.962936
170	713	0.000002
170	717	0.000007
171	520	0.999770
171	693	0.000004
172	519	0.999712
172	692	0.000004
173	518	0.999941
173	691	0.000004
174	517	0.997042
174	690	0.000004
175	516	0.751851
175	518	0.000006
175	689	0.000004
176	515	0.506322
176	516	0.248010
177	514	0.260666
177	515	0.493608
178	514	0.739134
179	513	0.983946
180	510	0.000022
180	511	0.002283
180	512	0.983967
181	509	0.000003
181	513	0.000009
182	509	0.000010
182	513	0.000002
183	509	0.999569
184	508	0.999486
185	507	0.999980
186	506	0.999938
187	504	0.000003
187	505	0.998459
188	503	0.000002
188	504	0.999896
189	503	0.989627
190	501	0.000036
190	502	0.740932
191	502	0.170821
192	500	0.000090
192	503	0.000034
193	499	0.000032
193	501	0.903826
193	502	0.000025
194	500	0.999783
195	498	0.000004
195	499	0.999944
196	498	0.998464
197	497	0.999858
198	496	0.999741
199	495	0.999985
200	494	0.999957
201	493	0.999932
202	491	0.000001
202	492	0.999940
202	493	0.000024
203	491	0.999805
203	492	0.000048
204	488	0.000364
204	491	0.000072
205	487	0.000363
206	487	0.000022
206	488	0.991107
207	487	0.971029
208	487	0.001190
209	485	0.991913
210	483	0.000001
210	484	0.998179
211	483	0.999978
212	482	0.999991
213	479	0.000001
213	481	0.999975
214	478	0.000006
214	479	0.000002
214	480	0.999566
215	477	0.000008
215	479	0.997920
218	476	0.928328
220	474	0.000006
220	475	0.991153
220	477	0.000001
220	478	0.000005
221	474	0.999815
221	477	0.000004
222	473	0.999935
222	476	0.000001
223	472	0.999432
224	471	0.997579
225	469	0.000639
225	470	0.948951
226	466	0.000001
226	467	0.000019
226	468	0.000890
227	466	0.000019
227	467	0.000522
227	468	0.951221
228	467	0.989703
229	469	0.000002
230	465	0.981588
230	466	0.000952
231	464	0.999852
232	462	0.000001
232	463	0.999012
233	462	0.998626
233	463	0.000001
234	461	0.999322
235	460	0.998642
236	459	0.999851
236	460	0.000002
237	458	0.999162
238	456	0.000001
238	457	0.998121
239	456	0.999262
239	457	0.000001
240	455	0.999978
241	454	0.999818
241	455	0.000004
242	453	0.993626
243	452	0.987019
243	454	0.000120
244	451	0.950335
244	453	0.004966
245	452	0.009735
246	448	0.000058
246	449	0.010294
246	450	0.754429
246	451	0.010133
247	451	0.009083
248	448	0.014061
248	449	0.965914
248	450	0.012079
248	451	0.000010
249	446	0.000484
249	448	0.965373
249	449	0.011483
249	450	0.000014
250	446	0.992248
250	448	0.005281
250	449	0.000006
251	445	0.999930
252	444	0.999976
253	443	0.999510
254	442	0.999954
255	440	0.000022
255	441	0.999702
256	440	0.999600
257	438	0.998894
257	440	0.000001
258	437	0.999953
259	436	0.999980
260	435	0.999582
261	407	0.000002
261	434	0.999956
262	433	0.999095
263	403	0.000190
263	405	0.000850
263	406	0.000061
263	429	0.000152
263	430	0.000003
263	431	0.000024
263	432	0.996974
264	402	0.000375
264	404	0.005795
264	405	0.000396
264	406	0.000064
264	428	0.000194
264	431	0.990222
265	399	0.000001
265	401	0.000468
265	409	0.000006
265	410	0.000005
266	273	0.000042
266	278	0.000001
266	290	0.000005
266	399	0.000002
266	401	0.001019
266	407	0.001790
266	409	0.000014
266	410	0.000011
267	277	0.000001
267	289	0.000005
267	295	0.000012
267	376	0.000004
267	399	0.000009
267	401	0.911214
267	409	0.000021
268	274	0.000020
268	276	0.000001
268	291	0.000048
268	292	0.000002
268	293	0.000019
268	294	0.000015
268	375	0.000005
268	400	0.975019
268	402	0.000017
268	403	0.000018
268	404	0.000009
268	405	0.000006
268	406	0.000003
268	408	0.000024
268	427	0.000108
268	428	0.000008
268	429	0.000048
268	430	0.000013
269	273	0.000024
269	290	0.000058
269	374	0.000005
269	398	0.000161
269	399	0.995614
269	401	0.000003
269	407	0.000021
270	289	0.000055
270	290	0.000023
270	397	0.000155
270	398	0.998686
270	399	0.000001
271	288	0.000012
271	289	0.000018
271	290	0.000137
271	396	0.000148
271	397	0.998722
272	287	0.000005
272	288	0.000002
272	289	0.000134
272	290	0.000093
272	396	0.998724
273	394	0.000668
273	395	0.990774
274	288	0.000500
275	287	0.000548
275	393	0.982342
276	286	0.000553
276	392	0.998859
277	285	0.000553
277	391	0.998069
278	284	0.000553
278	390	0.999179
278	391	0.000002
279	389	0.999372
280	387	0.000021
280	388	0.997933
281	383	0.000003
281	384	0.000030
281	386	0.000032
281	387	0.992665
281	388	0.000131
281	389	0.000004
282	383	0.000037
282	384	0.000025
282	386	0.963103
282	387	0.000425
282	388	0.000005
283	383	0.000045
283	384	0.000535
283	386	0.000726
283	387	0.000011
284	380	0.000646
284	383	0.000305
284	384	0.937087
284	386	0.000005
285	379	0.000649
285	383	0.995185
285	384	0.000094
286	378	0.000643
286	381	0.000207
286	382	0.997104
287	377	0.000640
287	381	0.995807
288	373	0.000001
288	375	0.000004
288	377	0.000027
288	378	0.000906
288	381	0.000030
289	372	0.000001
289	375	0.000041
289	377	0.000613
289	378	0.982133
290	377	0.992786
291	376	0.956330
291	379	0.000006
292	376	0.003657
293	370	0.000042
293	374	0.554974
293	376	0.000037
293	380	0.000007
294	369	0.000043
294	374	0.042123
294	376	0.000017
294	379	0.000006
295	368	0.000042
295	371	0.923996
295	372	0.006514
295	373	0.021079
295	375	0.000013
295	378	0.000003
296	367	0.000037
296	370	0.999602
296	374	0.000003
297	367	0.000006
297	369	0.999928
297	370	0.000006
298	366	0.000011
298	368	0.999519
299	367	0.999547
300	365	0.479318
300	366	0.514315
301	364	0.963559
302	363	0.999933
302	365	0.000005
303	362	0.999986
303	363	0.000003
304	361	0.999988
304	362	0.000002
305	360	0.999956
305	361	0.000001
306	359	0.999917
307	358	0.999743
308	357	0.999939
309	356	0.999938
310	355	0.999499
311	354	0.999192
312	353	0.999964
313	352	0.999731
314	351	0.999948
315	329	0.000020
315	350	0.999712
316	328	0.000078
316	349	0.939191
316	352	0.000012
317	327	0.000106
317	343	0.026809
317	351	0.000029
318	326	0.000106
318	329	0.000047
318	342	0.026825
318	350	0.000035
319	328	0.000047
319	341	0.026720
319	349	0.000053
320	324	0.000002
320	325	0.000002
320	327	0.000046
320	337	0.000001
320	340	0.025608
320	343	0.000001
320	344	0.000292
320	345	0.835207
321	326	0.000028
321	335	0.000001
321	337	0.000136
321	340	0.000034
321	343	0.000169
321	344	0.954147
321	345	0.001984
322	330	0.000007
322	335	0.000001
322	337	0.000584
322	340	0.000005
322	342	0.000022
322	343	0.964528
322	344	0.002125
322	345	0.000001
323	329	0.000008
323	335	0.001532
323	342	0.968378
323	343	0.001805
323	350	0.000004
324	328	0.000005
324	334	0.000772
324	339	0.000006
324	341	0.942049
324	349	0.000011
325	334	0.023646
325	339	0.002514
325	341	0.000420
325	349	0.000890
326	332	0.000011
326	333	0.024751
326	334	0.000076
326	336	0.000001
326	338	0.002168
326	339	0.938833
326	341	0.000001
326	347	0.000289
326	348	0.001793
326	349	0.000004
327	331	0.000005
327	332	0.024617
327	333	0.000076
327	336	0.001646
327	338	0.970462
327	339	0.000007
327	346	0.000294
327	347	0.001788
327	348	0.000007
328	335	0.001594
328	337	0.970489
328	345	0.000273
329	333	0.000025
329	334	0.000619
329	336	0.965571
329	338	0.000003
329	346	0.001682
329	347	0.000002
329	348	0.000002
330	334	0.005337
331	335	0.006244
331	344	0.002174
331	345	0.000003
332	343	0.002254
333	342	0.002253
334	340	0.000018
335	339	0.000014
335	341	0.000001
336	342	0.000001
342	348	0.000011
343	347	0.000011
343	348	0.000003
344	349	0.000002
374	394	0.000003
376	394	0.000269
377	393	0.000552
378	392	0.000553
379	391	0.000553
380	390	0.000554
380	394	0.000002
381	389	0.000554
381	393	0.000002
382	387	0.000001
382	388	0.000541
382	392	0.000002
383	391	0.000002
384	390	0.000002
394	407	0.000002
394	409	0.000002
395	407	0.001103
396	406	0.001109
397	405	0.001110
398	404	0.001110
398	405	0.000004
399	403	0.000902
399	404	0.000008
399	405	0.000005
399	406	0.000004
399	408	0.000002
400	409	0.002719
400	410	0.000002
401	405	0.000025
401	406	0.000245
401	408	0.011036
401	428	0.000002
401	429	0.000003
401	430	0.000019
402	407	0.045685
402	409	0.000101
402	410	0.001185
402	415	0.000001
402	419	0.000016
402	422	0.000003
402	434	0.000004
403	409	0.001987
403	410	0.000745
403	415	0.000092
403	418	0.000016
403	433	0.000005
404	409	0.001311
404	410	0.000048
404	413	0.000009
404	417	0.000016
404	419	0.000023
404	433	0.000001
405	409	0.000106
405	410	0.000053
405	412	0.000009
405	413	0.000168
405	418	0.000023
405	433	0.000001
406	410	0.000015
406	412	0.000168
406	415	0.000015
406	417	0.000024
407	411	0.000166
407	414	0.000015
407	416	0.000024
407	428	0.183399
407	431	0.000226
408	415	0.000023
409	414	0.000020
409	426	0.000481
409	427	0.765402
409	428	0.000690
409	429	0.000504
409	430	0.000202
410	426	0.962647
410	427	0.000752
410	428	0.000209
410	429	0.000064
410	430	0.000008
411	425	0.999683
412	424	0.999774
413	420	0.000001
413	423	0.999739
414	419	0.000006
414	422	0.999502
414	425	0.000008
415	420	0.000569
415	421	0.990051
415	423	0.000002
415	424	0.000008
415	426	0.000021
416	422	0.000021
416	425	0.000036
417	421	0.000025
417	424	0.000035
417	430	0.000081
418	423	0.000020
418	429	0.000107
419	424	0.000001
419	428	0.000110
420	425	0.000002
422	428	0.000004
517	525	0.000003
518	524	0.000003
519	523	0.000003
519	714	0.000004
520	713	0.000006
521	527	0.000377
521	683	0.000003
521	704	0.000010
521	705	0.000002
521	708	0.000002
521	709	0.000009
521	710	0.000002
521	712	0.000022
521	718	0.000002
521	723	0.003802
521	724	0.000019
521	760	0.000004
521	763	0.000005
521	766	0.000001
521	768	0.000001
521	769	0.000034
521	791	0.000082
522	682	0.000007
522	703	0.000009
522	707	0.000002
522	708	0.000008
522	711	0.000019
522	722	0.003839
522	759	0.000004
522	762	0.000004
522	767	0.000001
522	768	0.000030
522	790	0.000082
523	589	0.000256
523	681	0.000007
523	702	0.000004
523	706	0.000002
523	717	0.000003
523	721	0.003820
523	789	0.000082
524	588	0.000291
524	680	0.000005
524	716	0.000005
524	720	0.003817
524	788	0.000082
525	701	0.000002
525	708	0.000003
525	719	0.003324
525	725	0.000002
525	767	0.000001
525	768	0.000008
525	787	0.000042
526	682	0.000004
526	688	0.000002
526	700	0.000003
526	703	0.000004
526	707	0.000003
526	708	0.000002
526	711	0.000001
526	714	0.000676
526	719	0.000005
526	722	0.000049
526	725	0.000006
526	736	0.000003
526	767	0.000014
526	768	0.000012
526	787	0.000042
527	537	0.000095
527	538	0.000022
527	588	0.020506
527	687	0.000003
527	699	0.000003
527	713	0.000722
527	716	0.000081
527	717	0.000378
527	720	0.000007
527	721	0.000052
527	726	0.000002
527	735	0.000004
527	786	0.000082
528	536	0.000099
528	583	0.000002
528	584	0.001127
528	585	0.886572
528	586	0.006908
528	587	0.023055
528	698	0.000002
528	705	0.000001
528	710	0.000009
528	712	0.000329
528	723	0.000001
528	724	0.000004
528	725	0.000007
528	758	0.000051
528	761	0.000001
528	764	0.000006
528	765	0.000019
528	766	0.000735
528	767	0.000067
528	769	0.000002
528	784	0.000005
528	785	0.000080
529	535	0.000099
529	536	0.000136
529	582	0.000003
529	583	0.001207
529	584	0.955720
529	585	0.012934
529	586	0.022974
529	587	0.000035
529	705	0.000100
529	709	0.000009
529	710	0.000003
529	711	0.000242
529	712	0.000005
529	723	0.000002
529	724	0.000019
529	725	0.000206
529	757	0.000053
529	758	0.000002
529	760	0.000001
529	762	0.000001
529	763	0.000006
529	764	0.000020
529	765	0.000770
529	766	0.000254
529	767	0.000008
529	769	0.000002
529	777	0.000002
529	783	0.000008
529	784	0.000078
530	535	0.000137
530	536	0.000003
530	581	0.000002
530	582	0.001200
530	583	0.956449
530	584	0.012825
530	585	0.022767
530	586	0.000035
530	696	0.000002
530	704	0.000100
530	708	0.000008
530	709	0.000003
530	710	0.000242
530	711	0.000005
530	723	0.000014
530	724	0.000223
530	725	0.002892
530	756	0.000053
530	757	0.000002
530	761	0.000001
530	762	0.000006
530	763	0.000020
530	764	0.000769
530	765	0.000255
530	766	0.000009
530	768	0.000001
530	769	0.000001
530	776	0.000002
530	782	0.000010
530	783	0.000076
531	535	0.000003
531	581	0.000836
531	582	0.956135
531	583	0.012659
531	584	0.022494
531	585	0.000033
531	695	0.000002
531	703	0.000100
531	707	0.000009
531	708	0.000002
531	709	0.000238
531	710	0.000005
531	722	0.000003
531	723	0.000153
531	724	0.003254
531	725	0.000037
531	755	0.000052
531	756	0.000002
531	760	0.000001
531	761	0.000008
531	762	0.000015
531	763	0.000752
531	764	0.000253
531	765	0.000009
531	775	0.000002
531	781	0.000012
531	782	0.000074
532	694	0.000002
532	702	0.000101
532	706	0.000019
532	754	0.000012
532	774	0.000002
532	780	0.000013
533	579	0.000042
533	580	0.885028
533	581	0.000619
533	582	0.001851
533	583	0.000361
533	584	0.000002
533	693	0.000002
533	701	0.000101
533	705	0.000020
533	707	0.000030
533	708	0.000023
533	709	0.000006
533	712	0.000001
533	722	0.000002
533	723	0.004850
533	724	0.000006
533	760	0.000246
533	761	0.000264
533	762	0.000005
533	763	0.000188
533	773	0.000002
533	779	0.000010
533	781	0.000051
534	579	0.990138
534	580	0.000380
534	581	0.001059
534	690	0.000002
534	700	0.000101
534	707	0.000024
534	708	0.000007
534	711	0.000001
534	714	0.000004
534	722	0.005011
534	759	0.000226
534	762	0.000176
534	779	0.000020
535	577	0.000444
535	578	0.992751
535	689	0.000002
535	699	0.000101
535	713	0.000004
535	721	0.005039
535	772	0.000002
535	778	0.000014
536	576	0.000647
536	577	0.991337
536	578	0.000033
536	588	0.000072
536	687	0.000002
536	697	0.000100
536	713	0.000008
536	720	0.005039
536	778	0.000071
537	575	0.000348
537	587	0.000076
537	686	0.000002
537	696	0.000100
537	704	0.000004
537	705	0.000157
537	710	0.000017
537	711	0.000002
537	712	0.000009
537	718	0.000002
537	719	0.005008
537	724	0.000007
537	756	0.000005
537	757	0.000015
537	758	0.000538
537	759	0.000086
537	760	0.000006
537	761	0.000071
537	762	0.000002
537	764	0.000001
537	765	0.000002
537	766	0.000005
537	770	0.000002
537	776	0.000006
537	777	0.000080
538	575	0.114137
538	586	0.000075
538	695	0.000098
538	703	0.000002
538	704	0.000156
538	709	0.000017
538	710	0.000003
538	711	0.000006
538	718	0.004976
538	723	0.000007
538	755	0.000005
538	756	0.000011
538	757	0.000538
538	758	0.000091
538	759	0.000004
538	760	0.000071
538	761	0.000002
538	763	0.000001
538	764	0.000002
538	765	0.000005
538	769	0.000002
538	775	0.000006
538	776	0.000080
539	573	0.000001
539	575	0.882780
539	585	0.000005
539	693	0.000001
539	709	0.000001
539	710	0.000003
539	755	0.000002
539	756	0.000005
539	757	0.000052
539	758	0.000002
539	759	0.000002
539	760	0.000001
539	763	0.000001
539	764	0.000003
539	775	0.000068
540	574	0.991216
540	716	0.000003
540	774	0.000049
541	573	0.999931
541	773	0.000003
542	572	0.999965
543	571	0.992478
543	772	0.000002
544	569	0.000550
544	573	0.000013
544	770	0.000001
544	771	0.000001
545	569	0.981563
545	572	0.000014
545	769	0.000001
545	770	0.000001
546	567	0.000003
546	568	0.997946
546	571	0.000014
547	567	0.998656
547	568	0.000007
547	570	0.000030
548	566	0.999260
548	569	0.000031
549	567	0.000009
549	568	0.000026
550	565	0.999771
550	566	0.000006
551	564	0.999959
552	563	0.999918
553	560	0.000001
553	562	0.999651
554	560	0.000010
554	561	0.999205
554	563	0.000020
555	559	0.000509
555	560	0.873915
555	562	0.000029
556	560	0.000117
556	561	0.000045
557	561	0.000001
569	720	0.000003
570	719	0.000004
571	718	0.000004
572	717	0.000004
573	716	0.000004
574	714	0.000004
575	588	0.000185
575	713	0.000004
576	583	0.000036
576	584	0.000909
576	585	0.003219
576	586	0.000599
576	587	0.001825
576	705	0.000001
576	712	0.000003
577	582	0.000036
577	583	0.000914
577	584	0.003231
577	585	0.000611
577	586	0.001827
577	587	0.000003
577	704	0.000001
577	711	0.000003
578	582	0.000887
578	583	0.003184
578	584	0.000608
578	585	0.001808
578	586	0.000003
578	710	0.000003
580	731	0.000003
581	589	0.000002
581	730	0.000005
582	588	0.000002
582	729	0.000005
583	728	0.000005
584	727	0.000005
585	680	0.000345
585	713	0.000002
585	716	0.000002
585	717	0.000047
585	721	0.000009
585	726	0.000005
585	735	0.000031
586	590	0.000001
586	679	0.000238
586	680	0.883911
586	713	0.000019
586	716	0.000058
586	717	0.000090
586	720	0.000010
586	721	0.000419
586	727	0.000001
586	734	0.000037
587	679	0.894246
587	680	0.000408
587	713	0.005843
587	716	0.000091
587	720	0.000424
587	721	0.000003
587	726	0.000001
587	733	0.000037
588	677	0.000003
588	678	0.931418
588	708	0.000003
588	709	0.000103
588	710	0.000015
588	712	0.006188
588	718	0.000014
588	719	0.000203
588	723	0.000010
588	724	0.000002
588	732	0.000035
588	757	0.000004
588	758	0.000006
588	760	0.000091
588	761	0.000007
588	763	0.000090
588	764	0.000005
588	765	0.000006
588	766	0.000010
588	768	0.000076
588	769	0.000120
589	707	0.000004
589	708	0.000094
589	711	0.005892
589	714	0.000002
589	719	0.000004
589	722	0.000008
589	759	0.000087
589	762	0.000086
589	767	0.000097
589	768	0.000107
590	676	0.000016
590	677	0.995669
590	678	0.000512
590	709	0.000004
590	710	0.003014
590	718	0.000002
590	758	0.000048
590	761	0.000043
590	766	0.000101
590	767	0.000024
591	676	0.998566
591	677	0.000264
591	709	0.000950
591	757	0.000020
591	760	0.000014
591	765	0.000099
591	766	0.000023
592	675	0.998559
592	706	0.000001
593	674	0.999806
593	764	0.000121
594	673	0.999864
594	763	0.000121
595	672	0.999577
595	762	0.000121
596	670	0.000001
596	671	0.999844
596	761	0.000121
597	670	0.996475
597	671	0.000002
597	760	0.000121
598	759	0.000110
599	668	0.996001
599	758	0.000004
600	667	0.999974
601	666	0.999511
602	665	0.999977
603	664	0.999991
604	663	0.999991
605	662	0.999957
606	661	0.999964
607	660	0.999991
608	659	0.999957
609	657	0.000008
609	658	0.999947
610	656	0.000016
610	657	0.999966
610	658	0.000002
611	654	0.000005
611	656	0.998723
611	657	0.000003
612	616	0.000001
613	653	0.000636
614	652	0.000330
614	653	0.863852
615	652	0.865255
615	653	0.000004
616	651	0.864967
616	652	0.000003
616	655	0.131663
617	650	0.861832
617	654	0.134346
618	643	0.000001
618	648	0.004279
618	653	0.131230
619	642	0.000001
619	647	0.002164
619	648	0.858863
619	652	0.127264
619	653	0.003143
620	647	0.863075
620	652	0.006240
621	646	0.864516
622	639	0.000003
622	645	0.864182
622	651	0.116090
623	641	0.000001
623	644	0.864414
623	646	0.000002
623	650	0.134585
624	637	0.000247
624	640	0.000001
624	642	0.000013
624	643	0.748940
624	645	0.000004
624	648	0.000002
624	649	0.134693
625	636	0.000538
625	640	0.000045
625	642	0.262211
625	643	0.106717
625	647	0.000005
625	648	0.134725
626	635	0.000573
626	636	0.000003
626	638	0.001291
626	640	0.004033
626	642	0.088665
626	643	0.002778
626	647	0.134646
627	634	0.000572
627	635	0.000002
627	637	0.001305
627	638	0.000012
627	639	0.003953
627	640	0.000070
627	642	0.002969
627	643	0.000403
627	645	0.124748
628	633	0.000555
628	641	0.013289
628	644	0.130416
628	646	0.000003
629	635	0.001366
629	636	0.000936
629	638	0.002431
629	640	0.013149
629	642	0.577578
629	643	0.065416
630	641	0.979502
631	635	0.000141
631	636	0.001074
631	638	0.010738
631	640	0.980472
631	642	0.000001
632	636	0.000013
632	637	0.009247
632	638	0.000015
632	639	0.980353
633	638	0.977361
633	640	0.000001
669	676	0.000021
669	718	0.000093
670	675	0.000021
670	717	0.000093
671	716	0.000093
672	715	0.000089
673	713	0.000003
674	713	0.000087
675	709	0.000002
675	712	0.000085
676	713	0.000001
678	687	0.000002
678	713	0.000014
678	716	0.000001
678	720	0.000003
679	686	0.000002
679	704	0.000008
679	705	0.103617
679	707	0.000002
679	709	0.000093
679	710	0.000338
679	712	0.000005
679	724	0.000205
679	758	0.000002
679	761	0.000017
679	764	0.000012
679	765	0.000002
679	766	0.000004
679	769	0.000001
679	770	0.000002
680	703	0.000014
680	704	0.107776
680	705	0.001790
680	707	0.000001
680	708	0.000136
680	709	0.000352
680	711	0.000001
680	712	0.000006
680	723	0.000214
680	724	0.000002
680	757	0.000002
680	760	0.000018
680	763	0.000012
680	764	0.000002
680	765	0.000004
680	768	0.000002
680	769	0.000011
681	688	0.000013
681	690	0.000016
681	700	0.000001
681	701	0.000041
681	703	0.122317
681	707	0.001142
681	708	0.000312
681	711	0.000007
681	714	0.000100
681	722	0.000199
681	725	0.000018
681	759	0.000016
681	762	0.000011
681	767	0.000010
681	768	0.000019
682	687	0.000012
682	689	0.000017
682	692	0.000005
682	702	0.064705
682	706	0.001274
682	713	0.000103
682	715	0.000004
682	721	0.000075
683	691	0.000006
683	702	0.815485
683	706	0.000039
683	715	0.000003
683	720	0.000023
684	690	0.000005
684	700	0.000152
684	701	0.969594
684	703	0.000031
684	708	0.000007
684	714	0.000002
684	719	0.000014
685	700	0.994928
685	701	0.000071
685	703	0.000002
685	707	0.000008
685	714	0.000027
686	691	0.000004
686	697	0.000018
686	699	0.998464
686	713	0.000030
686	717	0.000002
687	693	0.000019
687	695	0.000134
687	696	0.000018
687	698	0.998228
687	700	0.000019
687	704	0.000010
687	705	0.000101
687	707	0.000016
687	712	0.000029
687	724	0.000001
688	692	0.000015
688	694	0.000163
688	697	0.996847
688	699	0.000187
688	706	0.000020
688	715	0.000002
689	693	0.000204
689	695	0.007257
689	696	0.964797
689	698	0.000705
689	703	0.000422
689	704	0.000005
689	705	0.000018
689	707	0.000001
689	710	0.000010
689	714	0.000001
689	724	0.000048
689	725	0.000004
690	694	0.011676
690	697	0.000828
690	702	0.000488
690	706	0.000002
690	713	0.000001
691	695	0.077471
691	696	0.001573
691	698	0.000001
691	701	0.000505
691	704	0.000002
691	705	0.000002
691	709	0.000006
691	712	0.000001
691	723	0.000114
691	724	0.000002
692	700	0.000508
692	703	0.000002
692	708	0.000005
692	711	0.000001
692	722	0.000114
693	699	0.000507
693	720	0.000015
693	721	0.000104
694	719	0.000023
694	722	0.000032
695	699	0.000001
695	717	0.000068
695	720	0.000047
695	721	0.000038
695	742	0.000017
696	716	0.000069
696	720	0.000038
696	741	0.000018
697	714	0.000075
697	718	0.000085
697	719	0.000010
697	740	0.000018
698	713	0.000085
698	717	0.000086
698	739	0.000017
699	704	0.000004
699	705	0.000002
699	712	0.000084
699	718	0.000010
699	723	0.000002
699	724	0.000012
699	725	0.000002
699	737	0.000001
700	715	0.000031
700	716	0.000031
700	717	0.000009
700	721	0.000004
700	738	0.000003
701	706	0.000006
701	715	0.000106
701	716	0.000008
701	720	0.000027
701	726	0.000002
702	707	0.000015
702	708	0.000071
702	711	0.000017
702	714	0.000150
702	719	0.000070
702	722	0.002314
702	725	0.000333
702	736	0.002159
702	768	0.000001
703	713	0.000139
703	715	0.000114
703	716	0.000002
703	717	0.000126
703	720	0.000006
703	721	0.000680
703	726	0.000001
703	728	0.000024
703	730	0.000002
703	735	0.004334
704	713	0.001226
704	716	0.000251
704	717	0.006089
704	720	0.000878
704	721	0.648233
704	726	0.000007
704	727	0.000174
704	728	0.000003
704	729	0.000002
704	733	0.000003
704	734	0.006271
704	735	0.000170
705	713	0.001657
705	716	0.006255
705	717	0.000040
705	720	0.660052
705	721	0.002654
705	726	0.000203
705	727	0.000003
705	728	0.000002
705	733	0.006303
705	734	0.000172
706	711	0.000265
706	714	0.002606
706	719	0.623988
706	722	0.001184
706	725	0.000220
706	762	0.000002
706	767	0.000018
706	768	0.000023
707	713	0.002558
707	715	0.000571
707	716	0.000252
707	717	0.000722
707	720	0.000227
707	721	0.001266
707	730	0.000047
707	731	0.010228
708	713	0.000143
708	715	0.000463
708	716	0.000551
708	717	0.056858
708	720	0.000804
708	721	0.000153
708	728	0.000002
708	729	0.000051
708	730	0.012357
708	731	0.000004
709	713	0.000546
709	716	0.063814
709	717	0.648274
709	720	0.000253
709	721	0.009767
709	727	0.000009
709	728	0.000076
709	729	0.012569
709	734	0.000001
710	716	0.651786
710	717	0.006636
710	720	0.009932
710	721	0.000457
710	726	0.000010
710	727	0.000077
710	728	0.012560
710	729	0.000051
710	733	0.000001
710	742	0.000001
711	715	0.529446
711	716	0.005657
711	717	0.000260
711	720	0.000394
711	721	0.000412
711	726	0.000053
711	727	0.011761
711	728	0.000050
711	729	0.000034
711	730	0.000001
711	742	0.000005
711	774	0.000015
712	716	0.000473
712	717	0.004319
712	720	0.000725
712	721	0.000202
712	726	0.010255
712	727	0.000685
712	728	0.000160
712	729	0.000001
712	741	0.000008
712	778	0.000016
713	718	0.000904
713	719	0.000499
713	722	0.000003
713	723	0.000040
713	724	0.000061
713	725	0.002665
713	740	0.000008
713	756	0.000003
713	757	0.001080
713	758	0.002817
713	759	0.000553
713	760	0.003121
713	761	0.001260
713	762	0.000014
713	763	0.007917
713	764	0.010907
713	765	0.000707
713	766	0.000986
713	767	0.000007
713	768	0.000012
713	769	0.000306
713	773	0.002418
713	775	0.000006
713	777	0.000019
713	781	0.000003
714	720	0.000013
714	721	0.000014
714	726	0.002648
714	739	0.000008
714	772	0.002422
714	774	0.000005
714	780	0.000003
715	719	0.000014
715	722	0.000069
715	725	0.035217
715	759	0.000803
715	762	0.033662
715	767	0.000545
715	768	0.000018
715	771	0.002479
715	779	0.000003
716	722	0.000051
716	723	0.000483
716	724	0.040963
716	725	0.000207
716	737	0.000018
716	755	0.000002
716	756	0.122893
716	757	0.001031
716	758	0.000581
716	759	0.000004
716	760	0.000034
716	761	0.036784
716	762	0.000669
716	763	0.000058
716	764	0.000412
716	765	0.000473
716	766	0.000613
716	767	0.000017
716	769	0.000024
716	770	0.002521
716	775	0.000014
716	776	0.000001
716	777	0.000004
717	722	0.000230
717	723	0.040399
717	724	0.000249
717	725	0.000002
717	736	0.000019
717	740	0.000030
717	755	0.124212
717	756	0.000525
717	757	0.000479
717	758	0.000005
717	759	0.000023
717	760	0.036740
717	761	0.000795
717	762	0.000014
717	763	0.000413
717	764	0.000485
717	765	0.000593
717	766	0.000016
717	768	0.000022
717	769	0.002548
717	773	0.000164
717	775	0.000001
717	776	0.000003
717	779	0.000001
718	726	0.000006
718	727	0.000001
718	735	0.000020
718	739	0.000032
718	754	0.124841
718	772	0.000165
718	778	0.000001
719	726	0.000002
719	733	0.000001
719	734	0.000019
719	738	0.000032
719	753	0.124782
719	774	0.000003
720	724	0.000084
720	725	0.000032
720	732	0.000002
720	737	0.000033
720	751	0.000002
720	752	0.124832
720	755	0.000002
720	756	0.000932
720	757	0.006332
720	758	0.032681
720	759	0.000023
720	760	0.000005
720	761	0.000587
720	762	0.000005
720	763	0.000001
720	764	0.000051
720	765	0.000223
720	766	0.002761
720	767	0.000054
720	768	0.000012
720	769	0.000179
720	770	0.001261
720	771	0.000006
720	773	0.000003
720	776	0.000002
721	725	0.000015
721	732	0.000020
721	736	0.000031
721	737	0.000005
721	750	0.000002
721	751	0.124302
721	752	0.000003
721	755	0.000943
721	756	0.006324
721	757	0.032675
721	758	0.000027
721	759	0.000003
721	760	0.000587
721	761	0.000005
721	763	0.000049
721	764	0.000231
721	765	0.002750
721	766	0.000054
721	767	0.000021
721	768	0.000142
721	769	0.002093
721	770	0.000011
721	775	0.000002
722	726	0.000001
722	730	0.000026
722	731	0.000010
722	754	0.000310
722	774	0.000002
723	729	0.000038
723	735	0.000053
723	754	0.000340
724	728	0.000038
724	734	0.000053
724	754	0.040937
725	733	0.000053
725	753	0.041605
726	732	0.000054
726	747	0.000158
726	748	0.000022
726	749	0.000119
726	750	0.123705
726	751	0.000569
726	752	0.041538
726	758	0.000004
726	760	0.000003
726	761	0.000643
726	762	0.000102
726	763	0.012575
726	764	0.005473
726	765	0.001582
726	766	0.788058
726	767	0.000403
726	768	0.000005
726	769	0.000013
726	770	0.000003
726	771	0.000006
726	773	0.000002
726	784	0.000006
726	785	0.000001
727	732	0.000001
727	746	0.000160
727	747	0.000022
727	748	0.000119
727	749	0.123867
727	750	0.001061
727	751	0.041410
727	752	0.000002
727	757	0.000004
727	759	0.000003
727	760	0.000645
727	761	0.000122
727	762	0.013140
727	763	0.005495
727	764	0.001583
727	765	0.791715
727	766	0.000453
727	767	0.000003
727	768	0.000001
727	769	0.000002
727	770	0.000010
727	771	0.000186
727	783	0.000007
727	784	0.000001
728	745	0.000180
728	746	0.000002
728	747	0.000118
728	748	0.123870
728	749	0.001186
728	750	0.041282
728	751	0.000003
728	756	0.000004
728	758	0.000004
728	759	0.000643
728	760	0.000123
728	761	0.018269
728	762	0.001957
728	763	0.001511
728	764	0.792112
728	765	0.000420
728	766	0.000007
728	767	0.000001
728	768	0.000001
728	769	0.000020
728	770	0.000797
728	782	0.000007
729	744	0.000181
729	745	0.000002
729	746	0.000032
729	747	0.123807
729	748	0.001309
729	749	0.040999
729	750	0.000004
729	755	0.000004
729	757	0.000002
729	758	0.000645
729	759	0.000111
729	760	0.018450
729	761	0.002379
729	762	0.000860
729	763	0.791975
729	764	0.000376
729	765	0.000007
729	766	0.000002
729	767	0.000001
729	768	0.000019
729	769	0.001421
729	781	0.000007
730	746	0.076165
730	759	0.017273
730	762	0.757366
730	767	0.000019
730	768	0.001589
731	746	0.000357
731	759	0.102742
731	762	0.001173
731	767	0.001573
731	768	0.000033
731	779	0.000008
732	741	0.000191
732	742	0.000013
732	778	0.000008
733	740	0.000190
733	745	0.001701
733	746	0.082508
733	747	0.002685
733	748	0.000037
733	749	0.000003
733	750	0.000002
733	751	0.000001
733	756	0.000213
733	757	0.704621
733	758	0.026013
733	759	0.061815
733	760	0.004677
733	761	0.016654
733	762	0.000670
733	763	0.000006
733	764	0.000010
733	765	0.003298
733	766	0.002941
733	767	0.000006
733	777	0.000008
734	740	0.000014
734	744	0.001349
734	745	0.164538
734	746	0.000048
734	747	0.000022
734	748	0.000006
734	749	0.000002
734	750	0.000001
734	755	0.000212
734	756	0.710211
734	757	0.022712
734	758	0.063982
734	759	0.004165
734	760	0.016719
734	761	0.001659
734	762	0.000003
734	763	0.000010
734	764	0.003320
734	765	0.002942
734	766	0.000007
734	776	0.000008
735	744	0.165047
735	745	0.000029
735	746	0.000004
735	747	0.000006
735	748	0.000002
735	749	0.000001
735	755	0.713688
735	756	0.018905
735	757	0.063290
735	758	0.004867
735	759	0.013312
735	760	0.001663
735	761	0.000005
735	762	0.000008
735	763	0.003330
735	764	0.002932
735	765	0.000007
735	775	0.000008
736	742	0.000883
736	743	0.165167
736	753	0.001126
736	754	0.701567
736	774	0.000008
737	741	0.000849
737	742	0.164751
737	743	0.000120
737	754	0.017113
737	772	0.000005
738	744	0.000002
738	745	0.000012
738	750	0.000539
738	751	0.015807
738	752	0.712617
738	755	0.000090
738	756	0.085033
738	757	0.000368
738	758	0.000007
738	759	0.000211
738	760	0.002059
738	761	0.004059
738	762	0.000011
738	771	0.000003
739	744	0.000012
739	749	0.000539
739	750	0.016326
739	751	0.713052
739	752	0.002225
739	755	0.086279
739	756	0.000217
739	757	0.000004
739	758	0.000453
739	759	0.001734
739	760	0.004058
739	761	0.000012
739	770	0.000003
739	773	0.000001
740	754	0.086312
740	772	0.000001
741	747	0.000008
741	748	0.001600
741	749	0.237027
741	750	0.496612
741	751	0.006106
741	752	0.076796
741	756	0.000002
741	757	0.003396
741	758	0.003077
742	746	0.000003
742	747	0.001611
742	748	0.237916
742	749	0.496247
742	750	0.006288
742	751	0.077280
742	752	0.000592
742	755	0.000001
742	756	0.003496
742	757	0.002987
743	747	0.230743
743	748	0.484227
743	749	0.006310
743	750	0.076064
743	751	0.000588
743	752	0.000002
743	755	0.003589
743	756	0.002886
744	754	0.003406
745	754	0.002976
746	753	0.002902
747	754	0.000019
748	754	0.000001
753	762	0.000001
754	761	0.000001
765	772	0.000002
766	772	0.000010
767	772	0.000001
767	796	0.000004
767	797	0.000171
768	795	0.000004
768	796	0.000227
769	778	0.000001
769	795	0.000231
770	778	0.000001
770	795	0.000008
771	778	0.000003
771	780	0.000225
771	817	0.000022
772	777	0.000008
772	779	0.000294
772	791	0.000121
772	792	0.000034
772	793	0.000002
772	816	0.000094
773	778	0.000298
773	788	0.000002
773	795	0.000003
773	815	0.000066
774	787	0.000002
774	790	0.000454
774	794	0.000001
775	786	0.000002
775	789	0.000489
775	812	0.000015
775	814	0.000004
775	815	0.000017
776	788	0.000489
776	789	0.000004
776	811	0.000015
776	812	0.000006
776	814	0.000012
776	815	0.001299
777	786	0.000529
777	788	0.000006
777	789	0.000002
777	795	0.000039
777	810	0.000015
777	811	0.000006
777	814	0.001471
777	815	0.000003
778	782	0.000004
778	783	0.000014
778	784	0.000009
778	785	0.000526
778	787	0.000005
778	791	0.000120
778	792	0.000006
778	793	0.000001
778	794	0.000036
778	809	0.000012
778	813	0.001442
778	816	0.000601
779	788	0.000013
779	810	0.000005
779	812	0.000211
779	814	0.000007
779	815	0.000563
779	817	0.000012
780	787	0.000020
780	790	0.000343
780	792	0.000001
780	809	0.000006
781	786	0.000021
781	788	0.000004
781	789	0.000382
781	808	0.000007
781	810	0.000002
781	811	0.000067
781	812	0.001331
781	814	0.000257
781	815	0.001314
782	788	0.000380
782	789	0.000041
782	806	0.000001
782	810	0.000066
782	811	0.001430
782	812	0.000859
782	814	0.001326
783	788	0.000042
783	789	0.000017
783	806	0.000003
783	808	0.000013
783	810	0.001426
783	811	0.000920
783	812	0.001395
784	788	0.000017
784	806	0.000001
784	808	0.000040
784	810	0.000923
784	811	0.001398
784	812	0.000001
784	815	0.000031
785	795	0.000003
785	806	0.000029
785	808	0.002214
785	810	0.001396
785	811	0.000001
785	814	0.000032
786	791	0.000004
786	794	0.000003
786	798	0.000001
786	805	0.000019
786	809	0.001183
786	813	0.000032
786	816	0.000015
787	796	0.000002
787	797	0.000001
787	799	0.000002
787	806	0.002362
787	807	0.000110
787	808	0.000092
787	812	0.000032
787	815	0.000015
788	798	0.000002
788	804	0.000040
788	805	0.003654
788	809	0.000002
789	794	0.000002
789	798	0.000010
789	803	0.000038
789	804	0.003728
789	805	0.000010
789	809	0.000001
789	813	0.000015
790	795	0.000001
790	796	0.000103
790	797	0.000011
790	799	0.000002
790	801	0.000001
790	807	0.000006
790	812	0.000015
791	795	0.000183
791	802	0.003868
791	806	0.000006
791	808	0.000059
791	811	0.000014
792	796	0.000026
792	797	0.000042
792	799	0.000249
792	800	0.000692
792	801	0.005532
792	802	0.000022
792	807	0.000060
792	810	0.000014
793	797	0.000128
793	799	0.001719
793	800	0.007853
793	801	0.012256
793	802	0.000028
793	806	0.000049
793	807	0.000001
793	808	0.000002
794	799	0.007709
794	800	0.021141
794	801	0.014808
794	802	0.000004
794	806	0.000001
794	807	0.000003
794	808	0.000001
794	817	0.000002
795	804	0.000206
795	816	0.000003
796	803	0.000184
796	805	0.000004
797	803	0.000012
797	805	0.000002
798	802	0.000013
798	806	0.000003
798	807	0.000002
798	817	0.000002
799	805	0.000005
800	805	0.000004
801	805	0.000001
802	813	0.000623
802	816	0.000077
803	811	0.000002
803	812	0.000622
803	815	0.000049
804	810	0.000003
804	811	0.000621
804	812	0.000003
804	814	0.000047
804	815	0.000040
805	810	0.000544
805	811	0.000003
805	812	0.000006
805	814	0.000042
806	813	0.000056
808	813	0.000021
808	816	0.001105
809	814	0.000002
809	815	0.001095
809	817	0.000196
810	816	0.000320
811	816	0.000557
812	816	0.000056
