1	7	0.000078
1	8	0.000067
1	9	0.000017
1	12	0.000127
1	13	0.000063
1	15	0.000556
1	29	0.000009
1	33	0.000023
1	41	0.028499
1	55	0.000004
1	67	0.000361
1	584	0.000002
1	672	0.000008
1	707	0.003916
1	718	0.000010
1	735	0.000026
1	741	0.000002
1	756	0.000002
1	786	0.000005
1	788	0.000073
1	789	0.028044
1	790	0.000323
1	795	0.000012
1	796	0.000005
1	798	0.000001
1	800	0.000144
1	804	0.000015
1	809	0.061206
1	810	0.001554
1	814	0.011637
1	817	0.118669
1	822	0.017720
1	823	0.000274
1	826	0.286248
1	834	0.000037
1	848	0.000004
1	860	0.000004
2	7	0.000230
2	8	0.000051
2	9	0.000010
2	11	0.000170
2	12	0.000126
2	13	0.000002
2	14	0.000672
2	15	0.000218
2	28	0.000018
2	30	0.002076
2	32	0.000024
2	33	0.000006
2	39	0.000126
2	40	0.039581
2	41	0.000225
2	42	0.000635
2	46	0.000212
2	50	0.000014
2	52	0.000005
2	53	0.000505
2	62	0.000314
2	65	0.000026
2	66	0.000405
2	67	0.000001
2	583	0.000002
2	587	0.000001
2	671	0.000011
2	677	0.000001
2	678	0.000005
2	702	0.000002
2	706	0.004399
2	707	0.000006
2	717	0.000014
2	730	0.000006
2	734	0.000034
2	735	0.000191
2	736	0.000062
2	738	0.000021
2	739	0.000002
2	740	0.000003
2	747	0.000007
2	755	0.000003
2	770	0.000018
2	771	0.000067
2	778	0.000001
2	783	0.000003
2	784	0.000823
2	787	0.000069
2	788	0.056323
2	789	0.000219
2	790	0.000005
2	794	0.000015
2	795	0.000010
2	797	0.000002
2	799	0.000161
2	800	0.000110
2	803	0.000016
2	804	0.000004
2	807	0.000002
2	808	0.081200
2	809	0.001661
2	810	0.000014
2	812	0.000065
2	813	0.015392
2	814	0.000282
2	815	0.000113
2	816	0.156840
2	817	0.000222
2	818	0.000114
2	819	0.038198
2	820	0.005719
2	821	0.023376
2	822	0.000441
2	823	0.000006
2	824	0.000408
2	825	0.325230
2	826	0.000146
2	828	0.000139
2	830	0.000502
2	831	0.000630
2	832	0.002029
2	834	0.000001
2	836	0.000008
2	837	0.000189
2	838	0.000073
2	839	0.000007
2	840	0.000011
2	847	0.000007
2	859	0.000003
2	860	0.000428
2	868	0.000354
2	871	0.001324
3	7	0.000044
3	8	0.000032
3	9	0.000015
3	11	0.000134
3	12	0.000003
3	13	0.000661
3	14	0.000283
3	29	0.002098
3	30	0.000020
3	32	0.000006
3	39	0.039793
3	40	0.000283
3	41	0.000514
3	42	0.006312
3	46	0.000016
3	50	0.000004
3	52	0.000501
3	53	0.000003
3	61	0.000320
3	62	0.000003
3	64	0.000026
3	65	0.000402
3	66	0.000002
3	582	0.000002
3	670	0.000011
3	676	0.000001
3	677	0.000004
3	678	0.000001
3	683	0.000002
3	702	0.000004
3	705	0.004395
3	706	0.000007
3	716	0.000014
3	730	0.000003
3	733	0.000011
3	734	0.000238
3	735	0.000021
3	736	0.000101
3	738	0.000004
3	739	0.000003
3	746	0.000007
3	754	0.000003
3	769	0.000018
3	770	0.000067
3	777	0.000001
3	783	0.000818
3	784	0.000010
3	786	0.000026
3	787	0.060593
3	788	0.000004
3	789	0.000003
3	790	0.000002
3	794	0.000010
3	796	0.000002
3	797	0.000002
3	798	0.000149
3	799	0.000119
3	803	0.000004
3	807	0.081559
3	808	0.001703
3	809	0.000009
3	810	0.000022
3	812	0.015184
3	813	0.000326
3	814	0.000061
3	815	0.156861
3	816	0.000256
3	817	0.000061
3	818	0.038426
3	819	0.005670
3	820	0.023175
3	821	0.000464
3	822	0.000005
3	823	0.000379
3	824	0.325064
3	825	0.000171
3	826	0.000002
3	828	0.000186
3	830	0.000641
3	831	0.001993
3	832	0.000063
3	834	0.000001
3	836	0.000191
3	837	0.000073
3	838	0.000007
3	839	0.000011
3	846	0.000008
3	858	0.000001
3	859	0.000503
3	868	0.000271
3	871	0.001092
4	8	0.000035
4	9	0.000060
4	12	0.000629
4	13	0.000273
4	26	0.000029
4	28	0.002109
4	29	0.000011
4	41	0.006200
4	58	0.000001
4	60	0.000361
4	61	0.000002
4	67	0.000001
4	581	0.000002
4	682	0.000002
4	688	0.000006
4	690	0.000015
4	701	0.000003
4	704	0.003660
4	707	0.000002
4	715	0.000014
4	733	0.000199
4	735	0.000089
4	753	0.000002
4	786	0.060690
4	788	0.000003
4	789	0.000002
4	790	0.000003
4	795	0.000002
4	796	0.000002
4	797	0.000126
4	798	0.000102
4	806	0.082547
4	807	0.000958
4	809	0.000037
4	810	0.000344
4	814	0.134541
4	817	0.032975
4	822	0.000895
4	823	0.278031
4	826	0.000061
4	834	0.000323
4	845	0.000007
4	858	0.000504
4	864	0.000005
5	10	0.000447
5	16	0.000006
5	25	0.000031
5	27	0.002116
5	48	0.000028
5	56	0.000035
5	57	0.000001
5	59	0.000382
5	68	0.000066
5	588	0.000037
5	590	0.000001
5	669	0.000004
5	675	0.000002
5	679	0.000002
5	680	0.000004
5	687	0.000007
5	689	0.000019
5	691	0.000002
5	695	0.000001
5	710	0.000023
5	714	0.000014
5	729	0.000001
5	782	0.000005
5	785	0.060585
5	791	0.000020
5	805	0.083296
5	827	0.000997
5	833	0.000337
5	844	0.000007
5	857	0.000503
5	863	0.000005
5	865	0.000181
5	866	0.000005
5	867	0.000015
5	869	0.000531
5	870	0.000543
6	12	0.000003
6	13	0.000002
6	15	0.000006
6	24	0.000030
6	26	0.002102
6	41	0.001010
6	55	0.000038
6	58	0.000351
6	67	0.000057
6	682	0.000005
6	688	0.000019
6	690	0.000002
6	694	0.000001
6	699	0.000002
6	701	0.000036
6	704	0.000007
6	707	0.000007
6	733	0.000054
6	735	0.000002
6	786	0.000013
6	788	0.000002
6	789	0.000003
6	790	0.000022
6	795	0.000007
6	796	0.000007
6	797	0.000002
6	800	0.000003
6	804	0.068045
6	806	0.000017
6	809	0.000165
6	810	0.000387
6	814	0.000122
6	817	0.000209
6	822	0.002970
6	823	0.000033
6	826	0.000811
6	834	0.000005
6	853	0.000003
6	864	0.000178
7	21	0.000003
7	22	0.000006
7	25	0.001955
7	37	0.000037
7	38	0.002991
7	43	0.000296
7	44	0.000298
7	45	0.000137
7	47	0.000063
7	48	0.000019
7	49	0.000018
7	51	0.000003
7	54	0.000036
7	57	0.000324
7	63	0.000004
7	589	0.000007
7	681	0.000005
7	685	0.000001
7	687	0.000017
7	689	0.000001
7	700	0.000033
7	703	0.000015
7	708	0.000003
7	709	0.000005
7	710	0.000001
7	711	0.000005
7	731	0.000003
7	732	0.000057
7	737	0.000002
7	785	0.000013
7	792	0.000002
7	793	0.000006
7	801	0.000089
7	802	0.001341
7	805	0.000015
7	811	0.002088
7	827	0.000002
7	829	0.000002
7	833	0.000005
7	852	0.000003
7	855	0.000016
7	856	0.000012
7	863	0.000166
7	867	0.000002
7	869	0.000005
7	870	0.000011
7	872	0.000009
8	17	0.000005
8	19	0.000003
8	21	0.000016
8	22	0.000991
8	25	0.000003
8	37	0.002018
8	38	0.692652
8	43	0.000197
8	44	0.000115
8	45	0.000016
8	47	0.000020
8	48	0.000015
8	49	0.000001
8	56	0.000082
8	63	0.000001
8	588	0.000004
8	589	0.000003
8	680	0.000002
8	700	0.000006
8	703	0.000002
8	708	0.000004
8	709	0.000002
8	710	0.000004
8	731	0.000032
8	732	0.000002
8	791	0.000001
8	792	0.000003
8	801	0.000694
8	802	0.001380
8	811	0.000047
8	851	0.000001
8	854	0.000008
8	855	0.000009
8	862	0.000083
8	869	0.000004
8	870	0.000005
8	872	0.000003
9	16	0.000005
9	19	0.000104
9	21	0.001225
9	22	0.000027
9	31	0.000015
9	34	0.000005
9	37	0.948317
9	38	0.000334
9	43	0.000036
9	44	0.000005
9	47	0.000004
9	588	0.000001
9	697	0.000002
9	708	0.000001
9	709	0.000002
9	731	0.000002
9	791	0.000001
9	801	0.000650
9	802	0.000013
9	811	0.000006
9	829	0.000002
9	854	0.000004
9	861	0.000015
9	869	0.000004
9	872	0.000053
10	14	0.000002
10	15	0.000002
10	18	0.000121
10	20	0.001234
10	23	0.000072
10	24	0.000002
10	26	0.000003
10	30	0.000019
10	32	0.000007
10	33	0.000005
10	36	0.994872
10	42	0.000009
10	46	0.000001
10	696	0.000002
10	730	0.000001
10	800	0.000008
10	828	0.000003
10	868	0.000004
10	871	0.000085
11	16	0.000231
11	25	0.000004
11	35	0.994973
11	695	0.000002
11	729	0.000001
11	827	0.000003
11	867	0.000004
11	870	0.000085
12	16	0.000004
12	17	0.000008
12	19	0.000083
12	21	0.000017
12	22	0.000020
12	31	0.000008
12	34	0.987011
12	35	0.000003
12	38	0.000001
12	866	0.000003
12	869	0.000076
13	17	0.000025
13	19	0.000011
13	21	0.000018
13	22	0.000002
13	31	0.000123
13	34	0.000109
13	37	0.000001
13	49	0.000002
14	35	0.000004
14	48	0.000002
14	867	0.000053
15	19	0.000002
15	21	0.000011
15	22	0.000002
15	31	0.910568
15	34	0.000007
15	47	0.000002
15	63	0.000003
15	866	0.000051
16	20	0.000011
16	23	0.000001
16	28	0.000022
16	29	0.077973
16	30	0.913897
16	32	0.000050
16	33	0.000004
16	46	0.000002
16	61	0.000003
16	62	0.000003
17	26	0.000071
17	28	0.533104
17	29	0.460989
17	60	0.000005
17	61	0.000002
17	690	0.000002
17	864	0.000045
18	25	0.000144
18	27	0.986190
18	59	0.000006
18	689	0.000002
18	863	0.000045
19	24	0.000105
19	26	0.985244
19	28	0.010442
19	58	0.000006
19	688	0.000002
20	25	0.981736
20	27	0.010692
20	57	0.000006
20	687	0.000002
20	861	0.000042
21	26	0.008090
21	28	0.000001
21	29	0.000003
21	860	0.000041
22	26	0.000008
22	28	0.000017
22	858	0.000043
23	27	0.000017
23	857	0.000044
24	856	0.000042
24	872	0.000004
25	36	0.000001
25	52	0.000006
25	64	0.000013
25	871	0.000007
26	35	0.000001
26	37	0.000002
26	51	0.000007
26	63	0.000013
26	854	0.000033
26	869	0.000006
26	870	0.000004
27	36	0.000002
27	50	0.000007
27	62	0.000013
27	853	0.000042
27	868	0.000018
28	35	0.000002
28	49	0.000006
28	852	0.000042
28	867	0.000018
29	34	0.000001
29	48	0.000005
29	851	0.000042
29	866	0.000019
30	59	0.000016
30	850	0.000042
30	865	0.000029
31	58	0.000016
31	849	0.000037
31	864	0.000030
32	57	0.000016
32	863	0.000030
33	56	0.000016
33	801	0.000002
33	861	0.000004
33	862	0.000024
33	872	0.000014
34	41	0.000003
34	55	0.000016
34	61	0.000004
34	800	0.000002
34	847	0.000018
34	860	0.000011
35	40	0.000003
35	42	0.000001
35	60	0.000006
35	799	0.000002
35	828	0.000005
35	846	0.000018
35	859	0.000011
35	868	0.000005
35	871	0.004783
36	59	0.000006
36	827	0.000005
36	857	0.000003
36	861	0.000004
36	867	0.000005
36	869	0.000002
36	870	0.004802
37	41	0.000010
37	58	0.000004
37	60	0.000002
37	61	0.000034
37	790	0.000002
37	795	0.000002
37	796	0.000130
37	797	0.000013
37	798	0.000005
37	807	0.000002
37	810	0.000002
37	826	0.000005
37	858	0.000001
37	860	0.000004
38	55	0.000001
38	58	0.005194
38	60	0.000097
38	61	0.000002
38	67	0.000005
38	592	0.001246
38	688	0.000004
38	707	0.000003
38	715	0.000001
38	786	0.000072
38	789	0.000004
38	790	0.000003
38	795	0.000336
38	796	0.000028
38	797	0.000011
38	798	0.000002
38	806	0.000006
38	809	0.000003
38	810	0.000004
38	814	0.000003
38	817	0.000001
38	822	0.000001
38	834	0.000006
38	845	0.000010
38	858	0.000016
38	864	0.000002
39	48	0.001636
39	56	0.000002
39	57	0.006280
39	59	0.000122
39	68	0.000065
39	69	0.000312
39	72	0.000646
39	588	0.000023
39	590	0.000002
39	591	0.001755
39	597	0.000016
39	680	0.000061
39	687	0.000005
39	710	0.000014
39	714	0.000003
39	785	0.000100
39	791	0.000003
39	805	0.000008
39	827	0.000002
39	833	0.000007
39	844	0.000012
39	857	0.000018
39	863	0.000002
39	865	0.000099
39	866	0.002464
39	867	0.038882
39	869	0.105722
39	870	0.008921
40	48	0.017062
40	56	0.006291
40	57	0.000032
40	59	0.000015
40	68	0.000749
40	69	0.000045
40	71	0.000657
40	588	0.000070
40	590	0.002326
40	596	0.000016
40	679	0.000060
40	680	0.000006
40	687	0.000001
40	710	0.000269
40	713	0.000003
40	785	0.000038
40	791	0.000020
40	805	0.000004
40	827	0.000002
40	833	0.000002
40	843	0.000012
40	857	0.000009
40	863	0.000200
40	865	0.002462
40	866	0.038932
40	867	0.162888
40	869	0.007836
40	870	0.000029
41	45	0.000245
41	47	0.016281
41	48	0.000201
41	49	0.016995
41	51	0.000012
41	54	0.000024
41	56	0.000013
41	57	0.000143
41	63	0.000024
41	68	0.000064
41	69	0.000059
41	70	0.000656
41	588	0.000002
41	589	0.003113
41	595	0.000016
41	679	0.000002
41	680	0.000002
41	681	0.000054
41	692	0.000025
41	697	0.000001
41	700	0.000005
41	703	0.000001
41	708	0.000005
41	709	0.000246
41	710	0.000002
41	711	0.000403
41	731	0.000002
41	732	0.000002
41	737	0.000002
41	785	0.000001
41	791	0.000002
41	792	0.056012
41	793	0.000079
41	801	0.000001
41	811	0.000031
41	829	0.000003
41	851	0.000368
41	854	0.000003
41	855	0.000008
41	856	0.000010
41	862	0.000214
41	863	0.000003
41	865	0.005344
41	866	0.168842
41	867	0.001245
41	869	0.000021
41	870	0.000017
41	872	0.000001
42	48	0.022348
42	56	0.000229
42	57	0.000005
42	59	0.000110
42	68	0.003911
42	69	0.000640
42	588	0.003176
42	594	0.000016
42	679	0.000003
42	680	0.000061
42	689	0.000001
42	691	0.000030
42	695	0.000010
42	710	0.000470
42	785	0.000027
42	791	0.062674
42	805	0.000015
42	827	0.000071
42	833	0.000003
42	841	0.000004
42	850	0.000439
42	861	0.000205
42	863	0.002479
42	865	0.206391
42	866	0.001231
42	867	0.000720
42	869	0.000045
42	870	0.000010
43	55	0.000203
43	58	0.000104
43	60	0.000003
43	61	0.000030
43	67	0.003921
43	690	0.000026
43	694	0.000010
43	699	0.000004
43	701	0.000001
43	707	0.000028
43	733	0.000002
43	735	0.000003
43	786	0.000002
43	788	0.000021
43	789	0.000098
43	790	0.062757
43	796	0.000004
43	797	0.000009
43	798	0.000009
43	804	0.000014
43	807	0.000045
43	809	0.000114
43	810	0.000131
43	814	0.000008
43	817	0.000006
43	822	0.000006
43	823	0.000010
43	826	0.000064
43	849	0.000433
43	853	0.000040
43	860	0.000174
43	864	0.203815
44	55	0.000013
44	58	0.000013
44	60	0.000015
44	61	0.003144
44	67	0.000220
44	699	0.000008
44	704	0.000001
44	707	0.000025
44	733	0.000002
44	735	0.000003
44	786	0.000003
44	788	0.000061
44	789	0.052607
44	790	0.003830
44	795	0.000004
44	796	0.000011
44	797	0.000011
44	798	0.000004
44	800	0.000001
44	806	0.000029
44	807	0.012468
44	809	0.000097
44	810	0.000063
44	814	0.000008
44	817	0.000009
44	822	0.000014
44	823	0.000009
44	826	0.000003
44	834	0.000001
44	848	0.000366
44	849	0.000004
44	853	0.000015
44	858	0.000001
44	864	0.000108
45	55	0.000012
45	58	0.000076
45	60	0.003850
45	61	0.000054
45	67	0.000113
45	688	0.000041
45	690	0.000007
45	699	0.000003
45	701	0.000001
45	704	0.000002
45	707	0.000025
45	733	0.000002
45	735	0.000002
45	786	0.000888
45	788	0.013528
45	789	0.004298
45	790	0.003926
45	795	0.000009
45	796	0.000009
45	797	0.000004
45	806	0.015427
45	807	0.000007
45	809	0.000049
45	810	0.000019
45	814	0.000005
45	817	0.000004
45	822	0.000011
45	823	0.000002
45	826	0.000002
45	834	0.000104
45	842	0.000002
45	847	0.000138
45	848	0.000005
45	849	0.000002
45	853	0.000008
45	858	0.000083
45	860	0.000001
45	864	0.000376
46	56	0.000976
46	57	0.000074
46	59	0.003939
46	68	0.012174
46	588	0.000043
46	590	0.000001
46	679	0.000002
46	680	0.000004
46	687	0.000043
46	689	0.000008
46	691	0.000029
46	695	0.002413
46	710	0.000056
46	729	0.000001
46	748	0.000002
46	785	0.001061
46	791	0.000205
46	805	0.015832
46	827	0.003572
46	833	0.000111
46	841	0.000002
46	850	0.004240
46	857	0.000067
46	861	0.215994
46	863	0.000222
46	869	0.000026
46	870	0.000025
47	55	0.001022
47	58	0.003600
47	60	0.000311
47	61	0.000688
47	67	0.012933
47	688	0.000007
47	690	0.000029
47	694	0.002433
47	699	0.000001
47	704	0.000011
47	707	0.002287
47	733	0.000002
47	735	0.000216
47	786	0.000135
47	788	0.087391
47	789	0.000093
47	790	0.000199
47	795	0.000011
47	797	0.000002
47	798	0.000002
47	800	0.000102
47	804	0.015701
47	807	0.000001
47	809	0.000233
47	810	0.000014
47	814	0.000148
47	817	0.000128
47	822	0.000173
47	823	0.000003
47	826	0.003581
47	834	0.000002
47	845	0.000002
47	847	0.000272
47	848	0.000001
47	849	0.004297
47	860	0.217501
48	52	0.000170
48	53	0.002908
48	55	0.000016
48	58	0.000007
48	60	0.000496
48	61	0.363307
48	62	0.074636
48	64	0.000415
48	65	0.000247
48	66	0.011527
48	67	0.000003
48	74	0.000001
48	585	0.000002
48	587	0.000018
48	678	0.000021
48	683	0.000038
48	686	0.000004
48	693	0.002421
48	702	0.000668
48	704	0.000005
48	705	0.002658
48	706	0.002442
48	707	0.000072
48	730	0.000008
48	734	0.000245
48	736	0.000089
48	746	0.000062
48	747	0.000098
48	783	0.000068
48	784	0.000146
48	786	0.000002
48	787	0.108716
48	788	0.000004
48	789	0.000127
48	790	0.000003
48	794	0.000011
48	796	0.000002
48	797	0.000002
48	799	0.000116
48	803	0.014981
48	807	0.000279
48	808	0.000258
48	809	0.000006
48	810	0.000008
48	812	0.000013
48	813	0.000168
48	814	0.000001
48	815	0.000081
48	816	0.000140
48	818	0.000085
48	819	0.000019
48	820	0.000020
48	821	0.000191
48	822	0.000002
48	823	0.000002
48	824	0.000053
48	825	0.003421
48	828	0.000016
48	830	0.000002
48	831	0.000004
48	832	0.000055
48	834	0.000003
48	836	0.000016
48	837	0.000020
48	838	0.000003
48	839	0.000001
48	846	0.000358
48	847	0.000001
48	848	0.004307
48	859	0.217738
48	868	0.000010
48	871	0.000127
49	55	0.000056
49	58	0.001037
49	60	0.473355
49	61	0.037501
49	67	0.000001
49	682	0.000031
49	688	0.000033
49	690	0.000461
49	701	0.000526
49	704	0.002620
49	707	0.000054
49	733	0.000177
49	735	0.000063
49	786	0.108707
49	788	0.000115
49	789	0.000002
49	790	0.000002
49	795	0.000002
49	796	0.000002
49	797	0.000002
49	798	0.000096
49	800	0.000009
49	806	0.000419
49	807	0.000153
49	809	0.000006
49	810	0.000001
49	814	0.000064
49	817	0.000068
49	822	0.000003
49	823	0.000069
49	834	0.000303
49	845	0.000245
49	847	0.004253
49	848	0.000001
49	858	0.217478
50	56	0.002124
50	57	0.001178
50	59	0.520869
50	68	0.000067
50	71	0.000009
50	72	0.000002
50	588	0.000002
50	687	0.000034
50	689	0.000522
50	691	0.002028
50	710	0.000003
50	745	0.000514
50	785	0.108349
50	791	0.000007
50	805	0.000524
50	827	0.000021
50	833	0.000320
50	843	0.000015
50	844	0.000096
50	850	0.000022
50	857	0.216382
50	865	0.000002
50	867	0.000002
50	869	0.000018
50	870	0.000022
51	55	0.001436
51	58	0.519749
51	60	0.000382
51	61	0.000006
51	67	0.000072
51	688	0.000525
51	690	0.002026
51	699	0.000002
51	701	0.000022
51	704	0.001753
51	707	0.000031
51	733	0.000003
51	744	0.000731
51	786	0.000132
51	789	0.000003
51	790	0.000007
51	796	0.000004
51	797	0.000002
51	798	0.000004
51	800	0.000138
51	804	0.000458
51	806	0.000022
51	810	0.000001
51	814	0.000001
51	817	0.000003
51	822	0.000013
51	823	0.000002
51	826	0.000017
51	834	0.006681
51	842	0.000026
51	845	0.179652
51	847	0.000031
51	848	0.000019
51	849	0.000022
51	853	0.000027
51	858	0.000002
51	864	0.000002
52	56	0.000407
52	57	0.514766
52	59	0.000408
52	68	0.000154
52	69	0.016038
52	588	0.000003
52	680	0.000009
52	687	0.000521
52	689	0.001192
52	691	0.000018
52	710	0.000009
52	743	0.000766
52	781	0.000001
52	782	0.000080
52	785	0.000147
52	805	0.000023
52	827	0.000001
52	833	0.007352
52	841	0.000026
52	843	0.000008
52	844	0.185673
52	850	0.000001
52	857	0.000005
52	863	0.000002
52	866	0.000006
52	867	0.000002
52	869	0.000006
52	870	0.000808
53	57	0.000354
53	59	0.000153
53	68	0.039144
53	69	0.000008
53	588	0.000009
53	679	0.000009
53	680	0.000001
53	687	0.000072
53	689	0.000896
53	710	0.000057
53	742	0.000766
53	780	0.000001
53	781	0.000054
53	782	0.000059
53	785	0.000014
53	791	0.000005
53	805	0.000007
53	827	0.000008
53	833	0.000612
53	841	0.000004
53	843	0.185765
53	850	0.000023
53	857	0.000004
53	861	0.000002
53	865	0.000006
53	866	0.000002
53	869	0.000810
53	870	0.000004
54	58	0.000104
54	60	0.000010
54	61	0.000011
54	67	0.040276
54	688	0.001728
54	699	0.000001
54	701	0.105684
54	704	0.000305
54	707	0.000006
54	733	0.000003
54	741	0.000754
54	786	0.000207
54	790	0.000004
54	796	0.000002
54	797	0.000082
54	798	0.000096
54	800	0.000013
54	804	0.000006
54	806	0.000022
54	814	0.000014
54	817	0.000003
54	822	0.000002
54	823	0.000002
54	826	0.000006
54	834	0.005301
54	842	0.185281
54	849	0.000017
54	853	0.000180
54	858	0.000003
54	860	0.000001
54	864	0.000005
55	59	0.000010
55	63	0.000513
55	68	0.000011
55	589	0.000001
55	684	0.000148
55	685	0.000003
55	687	0.001732
55	697	0.000004
55	700	0.124137
55	703	0.000338
55	708	0.000004
55	731	0.000002
55	732	0.000003
55	737	0.000014
55	779	0.000006
55	785	0.000237
55	801	0.000090
55	802	0.000003
55	805	0.000023
55	833	0.005767
55	835	0.000023
55	841	0.183556
55	851	0.000006
55	852	0.000177
55	854	0.000005
55	855	0.000007
55	856	0.000066
55	857	0.000009
55	863	0.000004
55	872	0.000413
56	61	0.000002
56	62	0.000669
56	64	0.000115
56	65	0.080619
56	66	0.005787
56	67	0.000261
56	587	0.000002
56	677	0.000035
56	678	0.000007
56	683	0.000158
56	686	0.001692
56	694	0.000001
56	696	0.000004
56	698	0.000009
56	699	0.129121
56	702	0.000328
56	705	0.000025
56	706	0.000012
56	707	0.000003
56	730	0.000002
56	734	0.000012
56	736	0.000018
56	739	0.000768
56	740	0.000004
56	770	0.000071
56	771	0.000001
56	778	0.000007
56	783	0.000001
56	784	0.000445
56	787	0.000001
56	794	0.000002
56	795	0.000254
56	796	0.000484
56	797	0.000591
56	798	0.000023
56	799	0.000275
56	800	0.000103
56	803	0.000001
56	804	0.000032
56	813	0.001518
56	814	0.000002
56	815	0.000002
56	816	0.000092
56	817	0.000002
56	819	0.000026
56	820	0.000019
56	821	0.000046
56	825	0.000008
56	830	0.000002
56	831	0.087156
56	832	0.004615
56	834	0.000001
56	836	0.000002
56	837	0.000347
56	838	0.000170
56	839	0.000625
56	840	0.140311
56	847	0.000001
56	853	0.000001
56	871	0.000628
57	61	0.000282
57	62	0.000199
57	64	0.081210
57	65	0.005663
57	66	0.000305
57	67	0.000002
57	74	0.000001
57	586	0.000001
57	587	0.000002
57	676	0.000035
57	677	0.000005
57	682	0.000152
57	683	0.000002
57	686	0.000019
57	693	0.000002
57	696	0.000041
57	698	0.130169
57	701	0.000198
57	704	0.000026
57	705	0.000011
57	706	0.000002
57	712	0.000001
57	733	0.000012
57	734	0.000002
57	735	0.000012
57	738	0.000773
57	739	0.000004
57	769	0.000073
57	777	0.000007
57	783	0.000440
57	794	0.000233
57	795	0.000474
57	796	0.000556
57	797	0.000030
57	798	0.000234
57	799	0.000101
57	803	0.000035
57	812	0.001527
57	813	0.000003
57	814	0.000001
57	815	0.000092
57	816	0.000002
57	818	0.000026
57	819	0.000019
57	820	0.000046
57	821	0.000001
57	824	0.000008
57	828	0.000002
57	830	0.095057
57	831	0.002485
57	832	0.000003
57	836	0.000381
57	837	0.000181
57	838	0.001196
57	839	0.134261
57	840	0.000002
57	846	0.000001
57	853	0.000001
57	871	0.000006
58	63	0.071250
58	68	0.000002
58	73	0.000001
58	588	0.000028
58	589	0.000002
58	675	0.000035
58	681	0.000146
58	684	0.001180
58	685	0.000017
58	687	0.000008
58	692	0.000001
58	695	0.000042
58	697	0.130229
58	700	0.000187
58	703	0.000035
58	708	0.000002
58	711	0.000002
58	731	0.000018
58	732	0.000011
58	737	0.000783
58	768	0.000075
58	776	0.000006
58	782	0.000055
58	785	0.000006
58	793	0.000192
58	802	0.000035
58	811	0.001493
58	827	0.000004
58	829	0.108605
58	833	0.000116
58	835	0.000440
58	854	0.000609
58	869	0.000622
58	870	0.000003
58	872	0.000003
59	64	0.003474
59	65	0.000510
59	66	0.000928
59	67	0.000027
59	74	0.000004
59	587	0.000072
59	674	0.000032
59	676	0.000004
59	678	0.000011
59	682	0.000060
59	683	0.001596
59	686	0.000110
59	693	0.000125
59	694	0.000030
59	696	0.130275
59	698	0.000030
59	699	0.000127
59	702	0.000035
59	706	0.000001
59	707	0.000003
59	712	0.000013
59	730	0.000023
59	733	0.000013
59	734	0.000003
59	736	0.000773
59	738	0.000003
59	767	0.000075
59	783	0.000003
59	784	0.000013
59	787	0.000003
59	794	0.010643
59	795	0.000001
59	803	0.000009
59	808	0.000004
59	809	0.000004
59	810	0.001145
59	812	0.000059
59	813	0.000052
59	815	0.000004
59	816	0.000025
59	817	0.000001
59	818	0.000012
59	819	0.000015
59	820	0.000006
59	821	0.000009
59	822	0.000001
59	824	0.000007
59	825	0.000013
59	826	0.000002
59	828	0.108902
59	830	0.000557
59	831	0.000006
59	832	0.000110
59	834	0.000293
59	836	0.012061
59	837	0.022620
59	838	0.026925
59	839	0.000003
59	846	0.000001
59	853	0.000649
59	868	0.000636
59	871	0.000006
60	68	0.000009
60	70	0.000009
60	71	0.000001
60	73	0.000005
60	589	0.000015
60	590	0.000006
60	595	0.000004
60	675	0.000004
60	679	0.000004
60	681	0.000132
60	685	0.000109
60	691	0.000009
60	692	0.000109
60	695	0.122864
60	697	0.000030
60	700	0.000001
60	709	0.000004
60	711	0.000013
60	729	0.000007
60	732	0.000017
60	737	0.000002
60	766	0.000074
60	791	0.000001
60	792	0.000003
60	793	0.010752
60	802	0.000009
60	811	0.000051
60	827	0.106197
60	829	0.000543
60	833	0.000039
60	835	0.010136
60	852	0.000653
60	867	0.000634
60	870	0.000004
61	68	0.000012
61	69	0.000027
61	70	0.000007
61	72	0.000004
61	588	0.000011
61	589	0.001127
61	594	0.000018
61	680	0.000129
61	681	0.001471
61	684	0.000088
61	691	0.000093
61	692	0.121135
61	695	0.000008
61	700	0.000003
61	708	0.000004
61	709	0.000002
61	710	0.000011
61	711	0.000108
61	731	0.000015
61	732	0.000003
61	791	0.000002
61	792	0.010987
61	801	0.000007
61	811	0.000003
61	827	0.000055
61	829	0.000015
61	833	0.000082
61	835	0.001321
61	844	0.000002
61	851	0.000655
61	866	0.000631
61	869	0.000001
61	870	0.000013
62	68	0.003473
62	69	0.000018
62	71	0.000005
62	588	0.001430
62	590	0.000039
62	591	0.000001
62	593	0.001110
62	679	0.000114
62	680	0.001543
62	689	0.000457
62	691	0.129811
62	695	0.000005
62	710	0.000164
62	785	0.000029
62	791	0.011040
62	805	0.000019
62	827	0.000730
62	833	0.006123
62	843	0.000003
62	850	0.000656
62	865	0.000635
62	869	0.000081
62	870	0.000003
63	67	0.002473
63	592	0.003310
63	682	0.000021
63	688	0.000492
63	690	0.129648
63	694	0.000005
63	707	0.000007
63	733	0.000003
63	735	0.000002
63	786	0.000236
63	788	0.000003
63	789	0.000012
63	790	0.008648
63	804	0.000015
63	806	0.000026
63	809	0.000006
63	810	0.000006
63	814	0.000004
63	817	0.000004
63	822	0.000071
63	823	0.000169
63	826	0.000673
63	834	0.007825
63	842	0.000003
63	845	0.000005
63	848	0.000001
63	849	0.000511
63	864	0.000632
64	68	0.000234
64	69	0.000003
64	588	0.006015
64	590	0.000865
64	591	0.003758
64	679	0.000030
64	680	0.000082
64	687	0.000509
64	689	0.128551
64	691	0.000050
64	710	0.000015
64	761	0.000005
64	782	0.000065
64	785	0.000280
64	791	0.000002
64	805	0.000028
64	827	0.000014
64	833	0.008236
64	841	0.000003
64	844	0.000008
64	863	0.000621
64	866	0.000001
64	867	0.000109
64	869	0.000003
64	870	0.000169
65	69	0.000002
65	72	0.000003
65	588	0.011961
65	590	0.004271
65	591	0.000329
65	679	0.000080
65	680	0.000297
65	687	0.034141
65	689	0.000446
65	691	0.000010
65	710	0.000030
65	760	0.000005
65	761	0.000075
65	781	0.000069
65	785	0.000035
65	791	0.000004
65	805	0.000001
65	827	0.000027
65	833	0.000147
65	843	0.000008
65	844	0.000001
65	861	0.000096
65	863	0.000001
65	865	0.000001
65	866	0.000109
65	867	0.000002
65	869	0.000168
65	870	0.000093
66	71	0.000003
66	588	0.240411
66	590	0.000787
66	679	0.000281
66	680	0.000024
66	687	0.042099
66	689	0.000052
66	691	0.000003
66	710	0.000325
66	729	0.000001
66	759	0.000005
66	760	0.000075
66	780	0.000068
66	785	0.000053
66	791	0.000005
66	805	0.000001
66	827	0.000073
66	833	0.000044
66	841	0.000002
66	843	0.000001
66	857	0.000005
66	861	0.000165
66	863	0.000001
66	865	0.000108
66	866	0.000002
66	867	0.000002
66	869	0.000095
66	870	0.000011
67	588	0.006700
67	589	0.001206
67	590	0.000002
67	679	0.000008
67	680	0.000002
67	681	0.000013
67	684	0.012822
67	685	0.002622
67	687	0.005496
67	689	0.000001
67	700	0.000003
67	703	0.000063
67	708	0.000011
67	709	0.000310
67	711	0.000002
67	731	0.000020
67	732	0.000003
67	737	0.000030
67	759	0.000075
67	779	0.000068
67	785	0.000039
67	792	0.000001
67	801	0.000002
67	802	0.000001
67	811	0.000005
67	827	0.000010
67	829	0.001286
67	833	0.000008
67	841	0.000002
67	856	0.000005
67	862	0.000002
67	865	0.000002
67	869	0.000010
67	872	0.000005
68	583	0.000606
68	584	0.000021
68	585	0.000164
68	586	0.705365
68	587	0.009430
68	678	0.000002
68	682	0.000010
68	683	0.014198
68	686	0.009427
68	688	0.000021
68	699	0.000003
68	702	0.000077
68	705	0.000005
68	706	0.000032
68	707	0.000005
68	730	0.000020
68	734	0.000004
68	736	0.000036
68	758	0.000078
68	778	0.000066
68	783	0.000005
68	784	0.000056
68	787	0.000008
68	794	0.000001
68	799	0.000001
68	800	0.000002
68	803	0.000002
68	810	0.000002
68	812	0.000005
68	813	0.000014
68	815	0.000004
68	816	0.002849
68	817	0.000001
68	818	0.000013
68	819	0.112340
68	820	0.000275
68	821	0.000087
68	822	0.000002
68	824	0.000018
68	825	0.000147
68	826	0.000002
68	828	0.001358
68	830	0.000016
68	831	0.000032
68	832	0.000019
68	836	0.000002
68	837	0.000003
68	838	0.000004
68	840	0.000002
68	859	0.000009
68	868	0.000009
68	871	0.000009
69	582	0.000610
69	583	0.000029
69	584	0.000040
69	585	0.858553
69	586	0.004750
69	587	0.000003
69	682	0.000065
69	683	0.000085
69	686	0.000007
69	705	0.000024
69	706	0.000003
69	757	0.000076
69	777	0.000028
69	783	0.000028
69	790	0.000013
69	799	0.000001
69	812	0.000006
69	815	0.002858
69	818	0.113024
69	819	0.000142
69	820	0.000063
69	821	0.000002
69	823	0.000016
69	824	0.000138
69	828	0.000004
69	830	0.000015
69	831	0.000011
69	836	0.000001
69	837	0.000002
69	839	0.000001
70	581	0.000604
70	584	0.878424
70	682	0.000041
70	704	0.000012
70	707	0.000106
70	756	0.000076
70	789	0.000041
70	809	0.000002
70	814	0.002848
70	817	0.113114
70	822	0.000032
70	823	0.000112
70	826	0.001124
71	580	0.000566
71	581	0.000009
71	582	0.000601
71	583	0.880536
71	584	0.000002
71	586	0.000006
71	706	0.000113
71	755	0.000076
71	784	0.000002
71	788	0.000053
71	808	0.000003
71	813	0.002835
71	816	0.113105
71	819	0.000033
71	820	0.000002
71	821	0.000046
71	822	0.000078
71	825	0.001132
72	579	0.000379
72	580	0.000049
72	581	0.000896
72	582	0.880188
72	583	0.000003
72	585	0.000007
72	702	0.000001
72	705	0.000113
72	754	0.000076
72	783	0.000002
72	787	0.000071
72	807	0.000003
72	812	0.002788
72	813	0.000001
72	815	0.112959
72	818	0.000034
72	819	0.000002
72	820	0.000045
72	821	0.000077
72	824	0.001130
73	579	0.000586
73	580	0.029550
73	581	0.820788
73	584	0.000008
73	688	0.000007
73	701	0.000001
73	704	0.000093
73	753	0.000064
73	786	0.000087
73	806	0.000007
73	809	0.000004
73	810	0.000062
73	814	0.096144
73	817	0.000029
73	822	0.000002
73	823	0.000960
74	576	0.000002
74	577	0.000158
74	588	0.000003
74	687	0.000010
74	710	0.000012
74	785	0.000098
74	805	0.000009
75	576	0.000033
75	577	0.000223
75	578	0.847984
75	709	0.000010
75	811	0.000038
76	576	0.000010
76	577	0.917544
76	578	0.055570
76	589	0.000003
76	708	0.000006
76	711	0.000001
76	811	0.000132
77	576	0.968379
77	577	0.028046
77	588	0.000004
77	710	0.000002
78	575	0.999524
79	574	0.999549
79	576	0.000004
80	573	0.999902
80	575	0.000005
81	571	0.000002
81	572	0.999861
81	573	0.000064
82	570	0.000003
82	571	0.999753
82	572	0.000116
82	573	0.000009
83	569	0.000116
83	570	0.998150
83	571	0.000168
83	572	0.000011
84	569	0.998215
84	570	0.000183
84	571	0.000012
85	570	0.000015
86	567	0.000909
86	568	0.974066
87	567	0.996488
87	568	0.000031
88	566	0.999967
89	565	0.999990
90	564	0.999926
91	560	0.000002
91	561	0.000948
91	562	0.001429
91	563	0.991689
91	566	0.000001
92	559	0.000005
92	560	0.001164
92	561	0.051238
92	562	0.792327
92	563	0.003004
92	565	0.000001
93	564	0.000001
94	559	0.009061
94	562	0.011493
95	559	0.007902
95	560	0.754416
95	561	0.013888
95	562	0.000004
95	563	0.000007
96	559	0.756414
96	562	0.000010
97	556	0.000017
97	557	0.998803
98	556	0.999909
98	557	0.000016
99	555	0.999963
100	554	0.999978
101	552	0.000013
101	553	0.993483
102	551	0.000034
103	551	0.999520
104	550	0.963169
104	552	0.000011
105	548	0.000005
105	550	0.036308
106	547	0.000003
106	549	0.963682
107	548	0.999806
108	546	0.000001
108	547	0.998838
109	546	0.999043
109	547	0.000001
110	545	0.999979
111	544	0.999977
112	542	0.000020
112	543	0.999663
113	541	0.000107
113	542	0.999093
114	178	0.000001
114	179	0.000004
114	182	0.000030
114	511	0.000001
114	540	0.000098
115	181	0.000025
115	510	0.000002
115	540	0.979328
116	161	0.000011
116	162	0.005177
116	537	0.000001
116	538	0.002355
116	539	0.972309
116	541	0.000031
116	542	0.000175
117	161	0.040608
117	514	0.000001
117	537	0.003965
117	538	0.833950
117	539	0.000453
117	541	0.000263
118	160	0.661192
118	181	0.000003
118	510	0.000003
118	511	0.000005
118	540	0.000159
119	158	0.000004
119	159	0.998356
119	160	0.000008
119	536	0.000001
120	158	0.999952
120	159	0.000007
121	156	0.000001
121	157	0.999027
122	156	0.999288
122	157	0.000001
123	155	0.999964
124	154	0.999511
125	153	0.999977
126	152	0.999984
127	150	0.000001
127	151	0.998870
128	150	0.999033
129	149	0.999970
130	148	0.999511
131	147	0.999977
132	146	0.999990
133	145	0.999985
134	144	0.999698
135	142	0.000009
135	143	0.999960
136	141	0.000009
136	142	0.999261
136	143	0.000005
137	141	0.756354
138	142	0.000002
160	180	0.274423
160	514	0.000001
161	178	0.000009
161	179	0.957861
161	181	0.000001
161	182	0.000006
161	513	0.000002
162	177	0.000008
162	178	0.994043
162	179	0.000583
163	176	0.000006
163	177	0.999481
163	178	0.000472
163	179	0.000003
164	175	0.000003
164	176	0.999666
164	177	0.000316
164	178	0.000002
165	175	0.999816
165	176	0.000159
165	177	0.000002
166	173	0.000004
166	174	0.999703
167	171	0.000005
167	173	0.999414
168	172	0.656424
178	538	0.000002
178	542	0.000021
179	509	0.000004
179	514	0.000041
179	537	0.000003
179	541	0.000100
180	508	0.000002
180	510	0.000938
180	511	0.004709
180	540	0.000096
181	509	0.000142
181	514	0.000102
181	515	0.000009
181	537	0.000005
181	539	0.000083
182	509	0.001397
182	514	0.004216
182	515	0.000017
182	537	0.000229
182	538	0.000072
182	541	0.000003
183	509	0.986748
183	514	0.000046
183	537	0.000064
184	508	0.998363
184	510	0.000001
184	511	0.000007
185	507	0.999961
185	510	0.000009
186	506	0.999924
186	509	0.000009
186	514	0.000005
187	504	0.000003
187	505	0.998445
187	508	0.000009
187	513	0.000005
188	503	0.000002
188	504	0.999882
188	507	0.000009
188	512	0.000005
189	503	0.989613
189	511	0.000004
190	501	0.000036
190	502	0.740922
191	502	0.170820
191	509	0.000003
192	500	0.000090
192	503	0.000034
192	508	0.000003
193	499	0.000032
193	501	0.903827
193	502	0.000025
194	500	0.999783
195	498	0.000004
195	499	0.999944
196	498	0.998464
197	497	0.999858
198	496	0.999741
199	495	0.999985
200	494	0.999957
201	493	0.999932
202	491	0.000001
202	492	0.999940
202	493	0.000024
203	491	0.999805
203	492	0.000048
204	488	0.000364
204	491	0.000072
205	487	0.000363
206	487	0.000022
206	488	0.991107
207	487	0.971029
208	487	0.001190
209	485	0.991913
210	483	0.000001
210	484	0.998179
211	483	0.999978
212	482	0.999991
213	479	0.000001
213	481	0.999975
214	478	0.000006
214	479	0.000002
214	480	0.999566
215	477	0.000008
215	479	0.997920
218	476	0.928328
220	474	0.000006
220	475	0.991153
220	477	0.000001
220	478	0.000005
221	474	0.999815
221	477	0.000004
222	473	0.999935
222	476	0.000001
223	472	0.999432
224	471	0.997579
225	469	0.000639
225	470	0.948951
226	466	0.000001
226	467	0.000019
226	468	0.000890
227	466	0.000019
227	467	0.000522
227	468	0.951221
228	467	0.989703
229	469	0.000002
230	465	0.981588
230	466	0.000952
231	464	0.999852
232	462	0.000001
232	463	0.999012
233	462	0.998626
233	463	0.000001
234	461	0.999322
235	460	0.998642
236	459	0.999851
236	460	0.000002
237	458	0.999162
238	456	0.000001
238	457	0.998121
239	456	0.999263
239	457	0.000001
240	455	0.999984
241	454	0.999970
242	453	0.999129
243	452	0.997045
243	454	0.000005
244	451	0.974474
244	453	0.000211
245	452	0.000412
246	448	0.000005
246	449	0.000045
246	450	0.997878
246	451	0.000054
247	449	0.997790
247	451	0.000046
248	448	0.979791
248	449	0.001272
248	450	0.000064
249	446	0.002001
249	448	0.003340
249	449	0.000015
250	446	0.966623
250	448	0.000003
251	444	0.000002
251	445	0.999979
252	444	0.999975
253	443	0.999510
254	442	0.999954
255	440	0.000022
255	441	0.999702
256	440	0.999600
257	438	0.998894
257	440	0.000001
258	437	0.999953
259	436	0.999980
260	435	0.999582
261	407	0.000002
261	434	0.999956
262	433	0.999095
263	403	0.000190
263	405	0.000850
263	406	0.000061
263	429	0.000152
263	430	0.000003
263	431	0.000024
263	432	0.996974
264	402	0.000375
264	404	0.005795
264	405	0.000396
264	406	0.000064
264	428	0.000194
264	431	0.990222
265	399	0.000001
265	401	0.000468
265	409	0.000006
265	410	0.000005
266	273	0.000042
266	278	0.000001
266	290	0.000005
266	399	0.000002
266	401	0.001019
266	407	0.001790
266	409	0.000014
266	410	0.000011
267	277	0.000001
267	289	0.000005
267	295	0.000012
267	376	0.000004
267	399	0.000009
267	401	0.911214
267	409	0.000021
268	274	0.000020
268	276	0.000001
268	291	0.000048
268	292	0.000002
268	293	0.000019
268	294	0.000015
268	375	0.000005
268	400	0.975019
268	402	0.000017
268	403	0.000018
268	404	0.000009
268	405	0.000006
268	406	0.000003
268	408	0.000024
268	427	0.000108
268	428	0.000008
268	429	0.000048
268	430	0.000013
269	273	0.000024
269	290	0.000058
269	374	0.000005
269	398	0.000161
269	399	0.995614
269	401	0.000003
269	407	0.000021
270	289	0.000055
270	290	0.000023
270	397	0.000155
270	398	0.998686
270	399	0.000001
271	288	0.000012
271	289	0.000018
271	290	0.000137
271	396	0.000148
271	397	0.998722
272	287	0.000005
272	288	0.000002
272	289	0.000134
272	290	0.000093
272	396	0.998724
273	394	0.000668
273	395	0.990774
274	288	0.000500
275	287	0.000548
275	393	0.982342
276	286	0.000553
276	392	0.998859
277	285	0.000553
277	391	0.998069
278	284	0.000553
278	390	0.999179
278	391	0.000002
279	389	0.999372
280	387	0.000021
280	388	0.997933
281	383	0.000003
281	384	0.000030
281	386	0.000032
281	387	0.992665
281	388	0.000131
281	389	0.000004
282	383	0.000037
282	384	0.000025
282	386	0.963103
282	387	0.000425
282	388	0.000005
283	383	0.000045
283	384	0.000535
283	386	0.000726
283	387	0.000011
284	380	0.000646
284	383	0.000305
284	384	0.937087
284	386	0.000005
285	379	0.000649
285	383	0.995185
285	384	0.000094
286	378	0.000643
286	381	0.000207
286	382	0.997104
287	377	0.000640
287	381	0.995807
288	373	0.000001
288	375	0.000004
288	377	0.000027
288	378	0.000906
288	381	0.000030
289	372	0.000001
289	375	0.000041
289	377	0.000613
289	378	0.982133
290	377	0.992786
291	376	0.956330
291	379	0.000006
292	376	0.003657
293	370	0.000042
293	374	0.554974
293	376	0.000037
293	380	0.000007
294	369	0.000043
294	374	0.042123
294	376	0.000017
294	379	0.000006
295	368	0.000042
295	371	0.923996
295	372	0.006514
295	373	0.021079
295	375	0.000013
295	378	0.000003
296	367	0.000037
296	370	0.999602
296	374	0.000003
297	367	0.000006
297	369	0.999928
297	370	0.000006
298	366	0.000011
298	368	0.999519
299	367	0.999547
300	365	0.479318
300	366	0.514315
301	364	0.963559
302	363	0.999933
302	365	0.000005
303	362	0.999986
303	363	0.000003
304	361	0.999988
304	362	0.000002
305	360	0.999956
305	361	0.000001
306	359	0.999917
307	358	0.999743
308	357	0.999939
309	356	0.999938
310	355	0.999499
311	354	0.999192
312	353	0.999964
313	352	0.999731
314	351	0.999948
315	329	0.000020
315	350	0.999712
316	328	0.000078
316	349	0.939191
316	352	0.000012
317	327	0.000106
317	343	0.026809
317	351	0.000029
318	326	0.000106
318	329	0.000047
318	342	0.026825
318	350	0.000035
319	328	0.000047
319	341	0.026720
319	349	0.000053
320	324	0.000002
320	325	0.000002
320	327	0.000046
320	337	0.000001
320	340	0.025608
320	343	0.000001
320	344	0.000292
320	345	0.835207
321	326	0.000028
321	335	0.000001
321	337	0.000136
321	340	0.000034
321	343	0.000169
321	344	0.954147
321	345	0.001984
322	330	0.000007
322	335	0.000001
322	337	0.000584
322	340	0.000005
322	342	0.000022
322	343	0.964528
322	344	0.002125
322	345	0.000001
323	329	0.000008
323	335	0.001532
323	342	0.968378
323	343	0.001805
323	350	0.000004
324	328	0.000005
324	334	0.000772
324	339	0.000006
324	341	0.942049
324	349	0.000011
325	334	0.023646
325	339	0.002514
325	341	0.000420
325	349	0.000890
326	332	0.000011
326	333	0.024751
326	334	0.000076
326	336	0.000001
326	338	0.002168
326	339	0.938833
326	341	0.000001
326	347	0.000289
326	348	0.001793
326	349	0.000004
327	331	0.000005
327	332	0.024617
327	333	0.000076
327	336	0.001646
327	338	0.970462
327	339	0.000007
327	346	0.000294
327	347	0.001788
327	348	0.000007
328	335	0.001594
328	337	0.970489
328	345	0.000273
329	333	0.000025
329	334	0.000619
329	336	0.965571
329	338	0.000003
329	346	0.001682
329	347	0.000002
329	348	0.000002
330	334	0.005337
331	335	0.006244
331	344	0.002174
331	345	0.000003
332	343	0.002254
333	342	0.002253
334	340	0.000018
335	339	0.000014
335	341	0.000001
336	342	0.000001
342	348	0.000011
343	347	0.000011
343	348	0.000003
344	349	0.000002
374	394	0.000003
376	394	0.000269
377	393	0.000552
378	392	0.000553
379	391	0.000553
380	390	0.000554
380	394	0.000002
381	389	0.000554
381	393	0.000002
382	387	0.000001
382	388	0.000541
382	392	0.000002
383	391	0.000002
384	390	0.000002
394	407	0.000002
394	409	0.000002
395	407	0.001103
396	406	0.001109
397	405	0.001110
398	404	0.001110
398	405	0.000004
399	403	0.000902
399	404	0.000008
399	405	0.000005
399	406	0.000004
399	408	0.000002
400	409	0.002719
400	410	0.000002
401	405	0.000025
401	406	0.000245
401	408	0.011036
401	428	0.000002
401	429	0.000003
401	430	0.000019
402	407	0.045685
402	409	0.000101
402	410	0.001185
402	415	0.000001
402	419	0.000016
402	422	0.000003
402	434	0.000004
403	409	0.001987
403	410	0.000745
403	415	0.000092
403	418	0.000016
403	433	0.000005
404	409	0.001311
404	410	0.000048
404	413	0.000009
404	417	0.000016
404	419	0.000023
404	433	0.000001
405	409	0.000106
405	410	0.000053
405	412	0.000009
405	413	0.000168
405	418	0.000023
405	433	0.000001
406	410	0.000015
406	412	0.000168
406	415	0.000015
406	417	0.000024
407	411	0.000166
407	414	0.000015
407	416	0.000024
407	428	0.183399
407	431	0.000226
408	415	0.000023
409	414	0.000020
409	426	0.000481
409	427	0.765402
409	428	0.000690
409	429	0.000504
409	430	0.000202
410	426	0.962647
410	427	0.000752
410	428	0.000209
410	429	0.000064
410	430	0.000008
411	425	0.999683
412	424	0.999774
413	420	0.000001
413	423	0.999739
414	419	0.000006
414	422	0.999502
414	425	0.000008
415	420	0.000569
415	421	0.990051
415	423	0.000002
415	424	0.000008
415	426	0.000021
416	422	0.000021
416	425	0.000036
417	421	0.000025
417	424	0.000035
417	430	0.000081
418	423	0.000020
418	429	0.000107
419	424	0.000001
419	428	0.000110
420	425	0.000002
422	428	0.000004
508	514	0.000012
509	513	0.000069
510	514	0.000317
510	515	0.000001
510	537	0.000102
510	538	0.000002
510	539	0.000007
510	541	0.001610
511	537	0.000272
511	538	0.000051
511	539	0.002509
511	541	0.000167
512	537	0.006218
512	538	0.122054
512	539	0.019746
512	541	0.000004
513	537	0.295031
513	538	0.037129
513	539	0.000004
514	521	0.000024
514	536	0.200755
515	520	0.000024
515	535	0.102620
515	536	0.797787
516	535	0.897270
516	536	0.000007
517	531	0.000001
517	533	0.000002
517	534	0.995193
518	530	0.000002
518	531	0.000004
518	533	0.999887
519	532	0.999435
520	529	0.000219
520	530	0.000998
520	531	0.998724
521	528	0.000294
521	529	0.001904
521	530	0.997133
521	531	0.000004
522	532	0.000002
523	528	0.014278
523	529	0.015090
523	530	0.000030
523	531	0.000003
524	528	0.010787
524	529	0.001097
524	530	0.000021
527	537	0.000025
528	536	0.000025
529	535	0.000025
575	588	0.000010
575	785	0.000001
576	582	0.000007
576	583	0.001548
576	584	0.000022
576	585	0.000020
576	586	0.000590
576	587	0.000195
576	706	0.000464
576	735	0.000014
576	736	0.000002
576	784	0.000007
576	788	0.000005
576	813	0.000008
576	816	0.000002
576	819	0.000001
577	581	0.000006
577	582	0.001728
577	583	0.000184
577	584	0.000027
577	585	0.001759
577	586	0.000215
577	587	0.000012
577	683	0.000569
577	686	0.000013
577	702	0.000099
577	705	0.000522
577	706	0.000002
577	734	0.000113
577	736	0.000010
577	783	0.000007
577	784	0.000002
577	787	0.000042
577	810	0.000001
577	812	0.000009
577	813	0.000002
577	815	0.000002
577	818	0.000001
578	584	0.001638
578	682	0.000573
578	688	0.000019
578	701	0.000096
578	704	0.000509
578	733	0.000114
578	735	0.000009
578	786	0.000042
578	809	0.000001
578	814	0.000002
578	817	0.000001
579	588	0.000002
579	589	0.000020
579	681	0.000531
579	684	0.000009
579	685	0.000084
579	687	0.000022
579	700	0.000081
579	703	0.000435
579	709	0.000001
579	711	0.000004
579	732	0.000112
579	785	0.000038
580	588	0.000022
580	589	0.000080
580	590	0.000017
580	680	0.000021
580	681	0.000012
580	684	0.000101
580	685	0.000492
580	687	0.000002
580	700	0.000002
580	703	0.000002
580	708	0.000002
580	709	0.000003
580	710	0.000004
580	711	0.000001
580	731	0.000089
580	732	0.000002
580	793	0.000004
581	588	0.000078
581	589	0.001308
581	679	0.000001
581	681	0.000078
581	684	0.000622
581	685	0.000093
581	700	0.000004
581	703	0.000001
581	708	0.000003
581	709	0.000004
581	710	0.000001
581	711	0.000026
581	731	0.000002
581	792	0.000006
582	588	0.001434
582	591	0.000003
582	680	0.000068
582	687	0.000003
582	691	0.000001
582	710	0.000029
582	729	0.000002
582	785	0.000004
582	791	0.000006
583	588	0.000261
583	590	0.000009
583	679	0.000057
583	680	0.000004
583	687	0.000003
583	689	0.000001
583	710	0.000037
583	785	0.000009
584	588	0.000003
584	589	0.000015
584	681	0.005525
584	684	0.000148
584	685	0.000008
584	708	0.000001
584	709	0.000033
584	711	0.000024
584	792	0.000002
585	680	0.004567
585	687	0.000003
585	710	0.000029
585	785	0.000004
585	791	0.000002
586	679	0.002763
586	680	0.257815
586	785	0.000001
586	870	0.000006
587	679	0.347467
587	680	0.005168
587	687	0.000003
587	710	0.000033
587	785	0.000735
587	791	0.000038
587	805	0.000002
587	827	0.000010
587	833	0.000120
587	850	0.000007
587	869	0.000016
588	677	0.000013
588	678	0.528757
588	683	0.000170
588	686	0.000003
588	702	0.000004
588	705	0.000002
588	707	0.000003
588	730	0.000014
588	734	0.000251
588	736	0.000701
588	783	0.000022
588	784	0.000760
588	787	0.000234
588	789	0.000010
588	790	0.000045
588	794	0.000002
588	796	0.000001
588	799	0.000038
588	803	0.000003
588	804	0.000001
588	808	0.000013
588	809	0.000002
588	810	0.000023
588	812	0.000026
588	813	0.000080
588	814	0.000002
588	815	0.001909
588	816	0.000068
588	817	0.000001
588	818	0.000738
588	819	0.000037
588	820	0.000034
588	821	0.000055
588	822	0.000001
588	823	0.000074
588	824	0.000149
588	825	0.000019
588	826	0.000005
588	828	0.000007
588	830	0.000002
588	831	0.000004
588	832	0.000123
588	836	0.000004
588	837	0.000007
588	838	0.000005
588	849	0.000007
588	868	0.000015
588	871	0.000006
589	682	0.000169
589	701	0.000004
589	704	0.000002
589	707	0.000014
589	733	0.000221
589	735	0.000652
589	786	0.000206
589	788	0.000012
589	789	0.000039
589	790	0.000012
589	795	0.000002
589	796	0.000001
589	797	0.000001
589	798	0.000035
589	800	0.000001
589	807	0.000012
589	809	0.000026
589	810	0.000011
589	814	0.001901
589	817	0.000712
589	822	0.000135
589	823	0.000136
589	826	0.000004
589	848	0.000006
590	676	0.000015
590	677	0.983397
590	678	0.003572
590	734	0.000285
590	783	0.000002
590	784	0.000002
590	787	0.000005
590	812	0.000001
590	813	0.001536
590	815	0.000001
590	816	0.000366
590	819	0.000002
590	821	0.000136
590	822	0.000019
590	825	0.000002
590	831	0.000012
591	676	0.990684
591	677	0.001815
591	678	0.000002
591	733	0.000029
591	812	0.001271
591	815	0.000115
591	818	0.000002
591	820	0.000130
591	821	0.000017
591	830	0.000012
592	675	0.992532
592	732	0.000026
592	811	0.001049
592	829	0.000011
593	674	0.998607
593	810	0.000016
593	816	0.000004
593	819	0.000165
593	828	0.000010
594	673	0.999716
594	674	0.000005
594	815	0.000005
594	818	0.000181
595	672	0.999476
595	814	0.000005
595	817	0.000181
595	826	0.000010
596	670	0.000001
596	671	0.999752
596	674	0.000001
596	813	0.000005
596	816	0.000182
596	825	0.000010
597	670	0.996383
597	671	0.000002
597	673	0.000001
597	812	0.000005
597	815	0.000181
597	824	0.000010
598	672	0.000001
598	814	0.000166
598	823	0.000009
599	668	0.995986
599	813	0.000019
600	667	0.999972
601	666	0.999511
602	665	0.999977
603	664	0.999991
604	663	0.999991
605	662	0.999957
606	661	0.999964
607	660	0.999991
608	659	0.999957
609	657	0.000009
609	658	0.999947
610	656	0.000017
610	657	0.999967
610	658	0.000001
611	654	0.000005
611	656	0.998680
611	657	0.000002
613	653	0.000718
614	652	0.000365
614	653	0.997961
615	652	0.999583
615	653	0.000002
616	651	0.999388
616	652	0.000001
616	655	0.000017
617	650	0.995901
617	654	0.000017
618	648	0.004943
618	653	0.000017
619	647	0.002498
619	648	0.992589
619	652	0.000014
620	647	0.997458
621	646	0.999125
622	641	0.000003
622	645	0.999121
622	651	0.000011
623	640	0.000004
623	644	0.999456
623	646	0.000003
623	650	0.000012
624	637	0.001614
624	638	0.000002
624	642	0.000009
624	643	0.056832
624	645	0.000005
624	649	0.000012
625	636	0.003527
625	638	0.000001
625	642	0.042893
625	643	0.941263
625	648	0.000012
626	635	0.003759
626	636	0.000012
626	638	0.005998
626	642	0.953216
626	643	0.000002
626	647	0.000012
627	634	0.003752
627	635	0.000011
627	637	0.005991
627	638	0.000013
627	641	0.963803
627	642	0.000002
627	645	0.000007
628	632	0.000004
628	633	0.003663
628	639	0.053724
628	640	0.934116
628	644	0.000007
628	646	0.000001
629	635	0.007484
629	636	0.006171
629	638	0.795134
629	643	0.000007
630	639	0.165200
630	640	0.000022
630	644	0.000005
631	635	0.002390
631	636	0.372428
631	638	0.167270
631	643	0.000005
632	636	0.016357
632	638	0.001808
632	642	0.000005
633	638	0.000398
634	639	0.000063
635	639	0.000003
635	640	0.000003
667	676	0.000002
668	675	0.000003
669	674	0.000004
669	676	0.000145
669	696	0.000005
669	871	0.000001
670	675	0.000145
670	695	0.000005
670	870	0.000001
671	869	0.000001
672	681	0.000007
672	867	0.000001
673	680	0.000008
673	866	0.000001
673	870	0.000047
674	679	0.000009
674	691	0.000044
674	710	0.000010
674	785	0.000001
674	865	0.000001
674	869	0.000153
675	690	0.000050
675	696	0.000001
675	698	0.000001
675	707	0.000002
675	712	0.000001
675	730	0.000003
675	783	0.000005
675	784	0.000002
675	786	0.000004
675	787	0.000001
675	828	0.000013
675	864	0.000001
675	868	0.000179
675	871	0.000033
676	689	0.000050
676	695	0.000001
676	710	0.000013
676	729	0.000003
676	761	0.000001
676	782	0.000005
676	785	0.000004
676	827	0.000013
676	863	0.000001
676	867	0.000179
676	870	0.000033
677	689	0.000002
677	710	0.000056
677	760	0.000001
677	781	0.000004
677	866	0.000179
677	869	0.000032
678	687	0.007609
678	689	0.000003
678	691	0.000009
678	695	0.000140
678	710	0.000474
678	759	0.000001
678	780	0.000003
678	785	0.000602
678	791	0.000009
678	805	0.000002
678	827	0.000010
678	833	0.000146
678	841	0.000001
678	850	0.000001
678	861	0.000004
678	865	0.000178
679	683	0.000028
679	686	0.009172
679	688	0.000009
679	690	0.000010
679	694	0.000161
679	696	0.000004
679	702	0.000005
679	704	0.000003
679	705	0.000024
679	706	0.625800
679	707	0.000088
679	717	0.000002
679	735	0.000035
679	736	0.000006
679	758	0.000001
679	784	0.000625
679	788	0.000038
679	795	0.000007
679	799	0.000002
679	800	0.000004
679	804	0.000001
679	808	0.000002
679	809	0.000006
679	812	0.000001
679	813	0.000068
679	814	0.000002
679	815	0.000001
679	816	0.000701
679	817	0.000002
679	818	0.000001
679	819	0.000410
679	820	0.000050
679	821	0.000079
679	822	0.000001
679	824	0.000001
679	825	0.000209
679	826	0.000004
679	831	0.000008
679	832	0.000153
679	837	0.000012
679	838	0.000017
679	840	0.000002
679	847	0.000017
679	860	0.000004
679	864	0.000007
680	686	0.001945
680	688	0.000011
680	693	0.000196
680	694	0.000006
680	696	0.000004
680	699	0.000002
680	701	0.000004
680	702	0.004836
680	704	0.000020
680	705	0.649315
680	706	0.000141
680	707	0.000004
680	712	0.000001
680	716	0.000002
680	728	0.000012
680	730	0.000002
680	734	0.000114
680	736	0.000030
680	757	0.000001
680	758	0.000001
680	783	0.000617
680	784	0.000007
680	787	0.000127
680	789	0.000002
680	790	0.000002
680	794	0.000021
680	798	0.000002
680	799	0.000011
680	803	0.000001
680	807	0.000003
680	808	0.000019
680	810	0.000003
680	812	0.000069
680	813	0.000006
680	815	0.000726
680	816	0.000005
680	818	0.000435
680	819	0.000052
680	820	0.000081
680	821	0.000004
680	823	0.000002
680	824	0.000216
680	825	0.000004
680	830	0.000009
680	831	0.000152
680	836	0.000013
680	837	0.000019
680	838	0.000002
680	839	0.000002
680	846	0.000060
680	859	0.000005
681	688	0.000997
681	690	0.000025
681	694	0.000024
681	699	0.000033
681	701	0.004959
681	704	0.647682
681	707	0.000024
681	715	0.000002
681	727	0.000012
681	733	0.000116
681	735	0.000026
681	756	0.000001
681	757	0.000001
681	786	0.000129
681	788	0.000004
681	789	0.000004
681	790	0.000013
681	795	0.000001
681	797	0.000002
681	798	0.000010
681	806	0.000003
681	807	0.000019
681	809	0.000005
681	810	0.000017
681	814	0.000636
681	817	0.000383
681	822	0.000002
681	823	0.000189
681	834	0.000001
681	845	0.000064
681	853	0.000006
681	858	0.000004
682	687	0.000907
682	689	0.000022
682	692	0.000914
682	700	0.004382
682	703	0.582911
682	708	0.000003
682	709	0.000002
682	711	0.000378
682	714	0.000002
682	726	0.000012
682	732	0.000102
682	785	0.000109
682	792	0.000233
682	805	0.000002
682	811	0.000003
682	829	0.000013
682	833	0.000001
682	835	0.000003
682	844	0.000064
682	851	0.000135
682	852	0.000003
682	857	0.000004
682	862	0.000008
683	687	0.000012
683	689	0.000083
683	691	0.001054
683	695	0.000018
683	710	0.000451
683	713	0.000002
683	725	0.000012
683	785	0.000019
683	791	0.000269
683	805	0.000024
683	827	0.000031
683	833	0.000002
683	843	0.000064
683	850	0.000157
683	861	0.000008
684	688	0.000080
684	690	0.000922
684	694	0.000016
684	699	0.001334
684	701	0.101644
684	704	0.000037
684	707	0.000016
684	735	0.000001
684	753	0.000002
684	786	0.000002
684	788	0.000004
684	789	0.000004
684	790	0.000259
684	796	0.000001
684	797	0.000001
684	804	0.000021
684	807	0.000075
684	809	0.000003
684	810	0.000015
684	814	0.000009
684	822	0.000001
684	826	0.000027
684	834	0.000001
684	842	0.000040
684	849	0.000150
684	860	0.000007
685	690	0.000003
685	694	0.000002
685	699	0.011750
685	701	0.001638
685	704	0.000023
685	707	0.000114
685	752	0.000003
685	786	0.000473
685	788	0.000003
685	789	0.000144
685	790	0.000003
685	795	0.000001
685	796	0.000001
685	806	0.000093
685	809	0.000013
685	810	0.000004
685	814	0.000003
685	822	0.000001
685	834	0.000501
685	842	0.000024
685	848	0.000108
685	858	0.000003
686	691	0.000019
686	695	0.000052
686	710	0.000026
686	713	0.000003
686	724	0.000001
686	729	0.000001
686	750	0.000002
686	785	0.000533
686	791	0.000002
686	805	0.000095
686	827	0.000002
686	833	0.000539
686	841	0.000047
686	850	0.000001
686	857	0.000003
687	693	0.000073
687	694	0.000031
687	696	0.000541
687	698	0.818319
687	699	0.000775
687	701	0.001982
687	702	0.000692
687	704	0.000277
687	705	0.000566
687	706	0.004914
687	707	0.000021
687	712	0.000008
687	720	0.000003
687	723	0.000001
687	730	0.000002
687	733	0.000001
687	734	0.000002
687	736	0.000002
687	738	0.000186
687	749	0.000003
687	751	0.000148
687	783	0.000003
687	784	0.000346
687	787	0.000004
687	790	0.000001
687	794	0.000006
687	803	0.000016
687	804	0.000014
687	812	0.000053
687	813	0.000033
687	815	0.000002
687	816	0.000002
687	821	0.000001
687	828	0.000002
687	830	0.000077
687	831	0.000003
687	832	0.000522
687	836	0.000655
687	837	0.000008
687	838	0.000005
687	840	0.000042
687	846	0.000002
688	692	0.000060
688	695	0.000522
688	697	0.822535
688	700	0.002227
688	703	0.000321
688	708	0.000019
688	709	0.000003
688	711	0.000008
688	729	0.000001
688	731	0.000026
688	732	0.000001
688	737	0.000301
688	748	0.000003
688	750	0.000148
688	793	0.000006
688	802	0.000016
688	811	0.000050
688	827	0.000002
688	829	0.000082
688	835	0.000661
689	693	0.000011
689	694	0.000162
689	696	0.822832
689	698	0.028002
689	699	0.000119
689	701	0.000019
689	702	0.000305
689	704	0.008781
689	705	0.000227
689	706	0.000055
689	707	0.000017
689	717	0.000004
689	718	0.000002
689	730	0.000032
689	736	0.000338
689	738	0.000007
689	747	0.000003
689	749	0.000148
689	751	0.000009
689	783	0.000013
689	788	0.000002
689	789	0.000003
689	803	0.000007
689	810	0.000026
689	812	0.000058
689	828	0.000082
689	830	0.000457
689	831	0.000039
689	832	0.000002
689	834	0.000618
689	836	0.000051
689	837	0.000001
689	838	0.000005
689	839	0.000002
690	695	0.756508
690	697	0.028197
690	700	0.000055
690	703	0.009854
690	709	0.000004
690	729	0.000031
690	737	0.000014
690	748	0.000148
690	750	0.000009
690	782	0.000001
690	802	0.000007
690	811	0.000058
690	827	0.000076
690	829	0.000447
690	833	0.000587
690	835	0.000050
690	872	0.000001
691	696	0.027997
691	698	0.000050
691	699	0.000050
691	702	0.010085
691	705	0.000119
691	706	0.000016
691	716	0.000015
691	728	0.000031
691	734	0.000362
691	736	0.000017
691	747	0.000146
691	749	0.000009
691	787	0.000216
691	799	0.000007
691	807	0.000012
691	808	0.000011
691	810	0.000056
691	824	0.000007
691	825	0.000004
691	826	0.000020
691	828	0.000428
691	830	0.000033
691	831	0.000003
691	832	0.000663
691	834	0.000042
691	836	0.000004
691	846	0.000012
691	871	0.000005
692	699	0.000094
692	701	0.009717
692	704	0.000116
692	715	0.000015
692	727	0.000027
692	733	0.000354
692	735	0.000016
692	786	0.000218
692	798	0.000007
692	806	0.000016
692	807	0.000008
692	809	0.000049
692	823	0.000006
692	826	0.000005
692	834	0.000018
692	845	0.000012
693	710	0.000028
693	714	0.000015
693	725	0.000014
693	748	0.000008
693	785	0.000217
693	805	0.000019
693	827	0.000137
693	833	0.000025
693	844	0.000012
693	870	0.000012
694	700	0.000392
694	703	0.000250
694	708	0.000002
694	709	0.000029
694	713	0.000015
694	724	0.000014
694	731	0.000382
694	737	0.000001
694	829	0.000924
694	835	0.000001
694	843	0.000012
694	869	0.000012
695	699	0.000283
695	701	0.000003
695	702	0.000280
695	704	0.000001
695	705	0.000003
695	706	0.000006
695	707	0.000002
695	712	0.000015
695	723	0.000013
695	730	0.000394
695	736	0.000001
695	746	0.000161
695	783	0.000115
695	784	0.000003
695	786	0.000002
695	803	0.000005
695	806	0.000029
695	821	0.000002
695	824	0.000014
695	825	0.000027
695	828	0.001003
695	834	0.000002
695	842	0.000012
695	868	0.000012
696	710	0.000010
696	729	0.000372
696	745	0.000161
696	782	0.000091
696	785	0.000003
696	791	0.000001
696	805	0.000030
696	827	0.001007
696	833	0.000002
696	841	0.000012
696	867	0.000012
697	701	0.000008
697	704	0.000007
697	707	0.000002
697	715	0.000001
697	722	0.000001
697	727	0.000003
697	744	0.000161
697	786	0.000004
697	790	0.000001
697	804	0.000026
697	822	0.000002
697	823	0.000003
697	826	0.000798
698	710	0.000087
698	714	0.000002
698	743	0.000161
698	785	0.000004
698	865	0.000002
698	866	0.000008
699	703	0.000091
699	708	0.002336
699	709	0.000123
699	710	0.000018
699	711	0.000011
699	713	0.000002
699	729	0.000001
699	731	0.000007
699	732	0.000003
699	742	0.000158
699	791	0.000002
699	793	0.000015
699	801	0.000011
699	802	0.000002
699	811	0.000015
699	835	0.000002
699	854	0.000013
699	865	0.000008
700	704	0.000055
700	707	0.002437
700	715	0.000002
700	727	0.000008
700	733	0.000004
700	741	0.000136
700	786	0.000004
700	789	0.000002
700	790	0.000016
700	795	0.000006
700	796	0.000026
700	797	0.000021
700	798	0.000008
700	800	0.000011
700	809	0.000001
700	810	0.000015
700	822	0.000003
700	823	0.000023
700	834	0.000002
700	845	0.000001
700	853	0.000014
700	864	0.000007
701	708	0.000138
701	709	0.000044
701	710	0.000019
701	711	0.005685
701	714	0.000002
701	726	0.000006
701	729	0.000028
701	731	0.000008
701	732	0.000004
701	737	0.000003
701	785	0.000003
701	792	0.002062
701	793	0.000009
701	833	0.000002
701	844	0.000001
701	851	0.000057
701	852	0.000008
701	862	0.000009
701	863	0.000003
702	710	0.007558
702	713	0.000010
702	725	0.000005
702	729	0.000118
702	742	0.000001
702	785	0.000012
702	791	0.002585
702	805	0.000007
702	827	0.000007
702	843	0.000002
702	850	0.000082
702	861	0.000010
703	707	0.000146
703	715	0.000001
703	727	0.001242
703	733	0.000013
703	735	0.000007
703	741	0.000001
703	786	0.000005
703	788	0.000001
703	789	0.000009
703	790	0.002623
703	795	0.000019
703	796	0.000012
703	797	0.000006
703	798	0.000002
703	804	0.000007
703	809	0.000002
703	810	0.000003
703	814	0.000001
703	817	0.000001
703	822	0.000001
703	826	0.000006
703	842	0.000002
703	849	0.000069
703	853	0.000009
703	860	0.000009
704	708	0.000204
704	709	0.000242
704	710	0.000023
704	711	0.008089
704	726	0.001439
704	731	0.000006
704	732	0.000014
704	737	0.000051
704	785	0.000005
704	791	0.000005
704	792	0.005308
704	793	0.000116
704	811	0.000001
704	841	0.000002
704	851	0.000044
704	852	0.000008
705	710	0.009643
705	713	0.000002
705	714	0.000027
705	725	0.001474
705	785	0.000007
705	791	0.006102
705	850	0.000049
705	870	0.000005
706	710	0.000480
706	713	0.000029
706	724	0.001472
706	785	0.000019
706	791	0.007497
706	827	0.000002
706	850	0.000044
706	857	0.000006
706	869	0.000005
707	711	0.000068
707	731	0.000181
707	732	0.000240
707	737	0.005988
707	785	0.000003
707	791	0.000838
707	792	0.000063
707	793	0.000016
707	801	0.000017
707	802	0.000007
707	811	0.001719
707	827	0.000006
707	835	0.000002
707	850	0.000005
707	854	0.000002
707	856	0.000006
708	719	0.000006
708	722	0.001310
708	733	0.000426
708	735	0.000255
708	786	0.000003
708	788	0.000187
708	789	0.355659
708	790	0.002952
708	796	0.000030
708	797	0.000002
708	798	0.000007
708	800	0.000013
708	804	0.000001
708	809	0.000004
708	810	0.001959
708	814	0.000004
708	817	0.000007
708	822	0.000004
708	823	0.000190
708	826	0.000007
708	834	0.000002
708	848	0.000102
708	849	0.000005
708	853	0.000002
709	718	0.000008
709	721	0.001468
709	733	0.001105
709	735	0.135837
709	786	0.000003
709	788	0.471243
709	789	0.001726
709	790	0.000076
709	795	0.000039
709	796	0.000002
709	797	0.000009
709	798	0.000003
709	800	0.000225
709	804	0.000009
709	809	0.001958
709	810	0.000010
709	814	0.000177
709	817	0.000157
709	822	0.000326
709	823	0.000002
709	826	0.000054
709	847	0.000126
709	848	0.000004
709	860	0.000018
710	717	0.000008
710	720	0.001471
710	723	0.000008
710	728	0.000005
710	730	0.155399
710	733	0.000284
710	734	0.152131
710	735	0.000010
710	736	0.009405
710	783	0.000034
710	784	0.000089
710	786	0.000001
710	787	0.488820
710	788	0.000050
710	789	0.000046
710	790	0.000005
710	794	0.000039
710	795	0.000002
710	796	0.000009
710	797	0.000003
710	798	0.000001
710	799	0.000245
710	803	0.000010
710	807	0.000004
710	808	0.001854
710	809	0.000007
710	810	0.000012
710	812	0.000014
710	813	0.000204
710	814	0.000001
710	815	0.000138
710	816	0.000172
710	818	0.000126
710	819	0.000018
710	820	0.000018
710	821	0.000338
710	822	0.000002
710	823	0.000002
710	824	0.000044
710	825	0.000059
710	828	0.000004
710	830	0.000001
710	831	0.000002
710	832	0.000004
710	836	0.000004
710	837	0.000003
710	838	0.000002
710	846	0.000127
710	847	0.000002
710	859	0.000019
710	871	0.000007
711	718	0.000006
711	719	0.001364
711	722	0.000008
711	727	0.000003
711	733	0.149613
711	735	0.009354
711	786	0.488011
711	788	0.000038
711	789	0.000005
711	790	0.000002
711	795	0.000008
711	796	0.000003
711	797	0.000002
711	798	0.000210
711	806	0.000057
711	807	0.001469
711	809	0.000011
711	810	0.000002
711	814	0.000121
711	817	0.000109
711	822	0.000003
711	823	0.000039
711	834	0.000015
711	845	0.000097
711	858	0.000019
712	724	0.000004
712	729	0.504878
712	785	0.483992
712	805	0.000105
712	833	0.000016
712	844	0.000067
712	857	0.000017
713	717	0.000296
713	718	0.000019
713	720	0.000011
713	721	0.000003
713	723	0.000005
713	727	0.000001
713	728	0.565960
713	730	0.000054
713	734	0.000005
713	736	0.000002
713	783	0.000058
713	784	0.431273
713	804	0.000046
713	813	0.000002
713	832	0.000014
714	718	0.000002
714	719	0.000010
714	720	0.000015
714	722	0.000006
714	723	0.000040
714	727	0.593205
714	728	0.002159
714	730	0.000190
714	733	0.000004
714	734	0.000004
714	736	0.000004
714	783	0.398608
714	784	0.000003
714	803	0.000045
714	812	0.000002
714	831	0.000013
714	868	0.000001
715	724	0.000010
715	725	0.000096
715	726	0.861303
715	729	0.000139
715	731	0.000076
715	732	0.000009
715	737	0.000002
715	782	0.035209
715	802	0.000032
715	811	0.000001
715	867	0.000001
716	724	0.000269
716	725	0.920879
716	729	0.000792
716	781	0.022892
716	782	0.000422
716	866	0.000001
717	724	0.919701
717	725	0.000733
717	729	0.000200
717	780	0.021703
717	781	0.000236
717	782	0.000004
717	865	0.000001
718	724	0.000705
718	725	0.000021
718	726	0.000483
718	729	0.000007
718	731	0.000011
718	732	0.000030
718	737	0.000005
718	763	0.000004
718	776	0.000006
718	779	0.018153
718	780	0.000040
719	724	0.000030
719	725	0.000553
719	726	0.004561
719	729	0.000001
719	731	0.000037
719	732	0.000003
719	737	0.000011
719	761	0.000002
719	762	0.000016
719	775	0.000014
719	776	0.010823
719	779	0.000039
720	724	0.000604
720	725	0.005077
720	729	0.000079
720	759	0.000001
720	760	0.000002
720	761	0.000018
720	774	0.000014
720	775	0.011558
720	780	0.000001
721	725	0.000003
721	726	0.000005
721	729	0.000002
721	731	0.000052
721	732	0.000160
721	737	0.000112
721	759	0.000002
721	760	0.000017
721	774	0.011105
721	775	0.000002
721	776	0.001969
721	779	0.000003
721	793	0.000004
722	726	0.000002
722	729	0.000005
722	731	0.000206
722	732	0.000017
722	737	0.001971
722	759	0.000015
722	774	0.000007
722	775	0.002015
722	776	0.000048
722	779	0.000012
722	792	0.000004
722	862	0.000001
723	729	0.000553
723	742	0.000003
723	748	0.000011
723	759	0.000001
723	772	0.011480
723	774	0.002011
723	775	0.000049
723	785	0.000002
723	791	0.000004
723	833	0.000007
723	861	0.000001
724	728	0.000517
724	730	0.000729
724	733	0.000014
724	734	0.000176
724	735	0.036803
724	736	0.005272
724	738	0.000126
724	739	0.000276
724	740	0.000490
724	741	0.000009
724	747	0.000015
724	752	0.000001
724	754	0.000008
724	755	0.000177
724	770	0.000022
724	771	0.011461
724	773	0.001758
724	777	0.000005
724	778	0.002859
724	784	0.000003
724	788	0.000001
724	790	0.000003
724	795	0.000004
724	816	0.000001
724	819	0.000001
724	832	0.000007
724	860	0.000001
725	730	0.000199
725	733	0.000097
725	734	0.048048
725	735	0.000208
725	736	0.002405
725	738	0.000277
725	739	0.000490
725	740	0.000012
725	746	0.000015
725	747	0.000002
725	751	0.000002
725	753	0.000010
725	754	0.000186
725	769	0.000037
725	770	0.011078
725	771	0.000192
725	773	0.000012
725	777	0.002855
725	778	0.000001
725	783	0.000003
725	787	0.000002
725	789	0.000003
725	794	0.000004
725	815	0.000001
725	818	0.000001
725	831	0.000007
725	846	0.000001
725	859	0.000001
726	733	0.047236
726	735	0.002428
726	744	0.000041
726	752	0.000013
726	753	0.000182
726	786	0.000002
726	788	0.000003
726	845	0.000001
726	858	0.000001
727	731	0.000204
727	732	0.039707
727	737	0.000144
727	743	0.000043
727	748	0.000002
727	768	0.000790
727	775	0.002172
727	776	0.000078
727	785	0.000001
727	792	0.000007
727	829	0.000003
727	844	0.000001
727	870	0.000001
728	742	0.000048
728	743	0.000008
728	745	0.000063
728	748	0.000021
728	750	0.000225
728	766	0.000002
728	772	0.000119
728	774	0.002808
728	775	0.000044
728	785	0.000005
728	791	0.000008
728	843	0.000001
728	869	0.000003
729	733	0.000149
729	734	0.004437
729	735	0.000296
729	736	0.007355
729	738	0.000266
729	739	0.000005
729	740	0.000006
729	741	0.000029
729	744	0.000067
729	746	0.008673
729	747	0.000098
729	749	0.000256
729	751	0.000011
729	765	0.000001
729	767	0.001782
729	769	0.000002
729	771	0.000119
729	773	0.002846
729	783	0.000096
729	784	0.000023
729	786	0.000007
729	787	0.000004
729	790	0.000009
729	794	0.000003
729	806	0.000002
729	828	0.000344
729	842	0.000001
729	868	0.000003
729	871	0.000001
730	742	0.000031
730	743	0.000066
730	745	0.008738
730	748	0.000255
730	750	0.000011
730	766	0.001785
730	772	0.002817
730	782	0.000054
730	785	0.000023
730	791	0.005963
730	805	0.000006
730	827	0.000361
730	833	0.000002
730	841	0.000001
730	850	0.000013
730	867	0.000003
730	870	0.000001
731	735	0.000410
731	741	0.000033
731	744	0.004852
731	765	0.001662
731	786	0.000052
731	788	0.000155
731	789	0.001015
731	790	0.007816
731	796	0.000031
731	797	0.000005
731	798	0.000003
731	804	0.000005
731	809	0.000002
731	810	0.000012
731	814	0.000002
731	817	0.000002
731	822	0.000001
731	823	0.000003
731	826	0.000308
731	849	0.000013
732	741	0.000032
732	744	0.004048
732	765	0.000009
732	786	0.000784
732	788	0.001116
732	789	0.007727
732	790	0.000219
732	795	0.000037
732	796	0.000006
732	797	0.000003
732	809	0.000011
732	810	0.000003
732	814	0.000002
732	817	0.000001
732	822	0.000004
732	823	0.000001
732	834	0.000001
732	848	0.000010
732	853	0.000004
732	864	0.000001
733	737	0.000261
733	742	0.000057
733	743	0.007793
733	745	0.000003
733	748	0.000001
733	761	0.000010
733	762	0.000970
733	763	0.000115
733	776	0.000004
733	785	0.000752
733	792	0.000032
733	793	0.000004
733	833	0.000001
733	851	0.000006
733	852	0.000004
734	742	0.007936
734	743	0.000371
734	745	0.000009
734	748	0.000002
734	760	0.000011
734	761	0.001041
734	775	0.000004
734	782	0.000004
734	785	0.001642
734	791	0.000037
734	827	0.000001
734	833	0.000001
734	850	0.000007
734	863	0.000023
735	742	0.000262
735	743	0.000411
735	759	0.000010
735	760	0.001026
735	761	0.000008
735	762	0.000224
735	763	0.000036
735	774	0.000002
735	776	0.000015
735	782	0.000002
735	785	0.002463
735	792	0.000749
735	793	0.000001
735	811	0.000001
735	851	0.000060
735	862	0.000025
736	742	0.000571
736	743	0.000026
736	745	0.000478
736	759	0.001006
736	760	0.000016
736	761	0.000225
736	766	0.000002
736	774	0.000006
736	775	0.000020
736	782	0.000022
736	785	0.012803
736	791	0.000862
736	805	0.000004
736	827	0.000012
736	833	0.000002
736	843	0.000002
736	850	0.000068
736	861	0.000026
737	741	0.000383
737	744	0.000490
737	756	0.000002
737	757	0.000055
737	765	0.000002
737	786	0.000175
737	788	0.000037
737	789	0.000018
737	790	0.000856
737	804	0.000003
737	809	0.000002
737	810	0.000002
737	814	0.000002
737	817	0.000001
737	822	0.000001
737	826	0.000010
737	834	0.000001
737	842	0.000002
737	849	0.000053
737	860	0.000020
738	742	0.000005
738	743	0.000488
738	745	0.000001
738	759	0.000012
738	760	0.000243
738	761	0.000374
738	772	0.000041
738	774	0.000029
738	775	0.000654
738	781	0.000120
738	782	0.951647
738	785	0.000055
738	833	0.000001
738	841	0.000002
739	743	0.000001
739	759	0.000242
739	760	0.000382
739	761	0.000019
739	772	0.000029
739	774	0.000668
739	775	0.000166
739	780	0.000063
739	781	0.975475
739	782	0.000013
740	745	0.000003
740	759	0.000381
740	760	0.000019
740	772	0.000999
740	774	0.000168
740	775	0.000003
740	780	0.977104
740	781	0.000008
740	833	0.000002
741	750	0.000001
741	759	0.000020
741	772	0.000112
741	774	0.000003
741	779	0.978572
741	780	0.000002
742	747	0.000005
742	749	0.000003
742	751	0.000002
742	752	0.000673
742	753	0.000003
742	754	0.000047
742	755	0.000907
742	756	0.000032
742	757	0.000001
742	758	0.000020
742	765	0.000001
742	770	0.005614
742	771	0.000176
742	773	0.000001
742	778	0.981448
742	831	0.000008
742	837	0.000007
743	749	0.000003
743	751	0.000703
743	752	0.000002
743	753	0.000035
743	754	0.000906
743	755	0.000033
743	757	0.000016
743	764	0.000002
743	769	0.005856
743	770	0.000129
743	771	0.000001
743	773	0.000004
743	777	0.981433
743	778	0.000004
743	830	0.000008
743	836	0.000007
744	748	0.000003
744	750	0.000701
744	762	0.000001
744	763	0.000002
744	768	0.005903
744	772	0.000004
744	774	0.000046
744	775	0.000005
744	776	0.974992
744	829	0.000008
744	835	0.000007
744	872	0.000013
745	749	0.000637
745	751	0.000960
745	752	0.000018
745	754	0.000005
745	755	0.000003
745	767	0.005853
745	769	0.000074
745	770	0.000005
745	771	0.000006
745	773	0.000241
745	777	0.000010
745	828	0.000008
745	834	0.000007
745	845	0.000123
745	846	0.000008
745	871	0.000089
746	750	0.000949
746	760	0.000005
746	761	0.000004
746	766	0.005609
746	772	0.000238
746	774	0.004944
746	775	0.974233
746	782	0.000001
746	785	0.000003
746	827	0.000008
746	833	0.000007
746	844	0.000156
746	870	0.000106
747	759	0.000005
747	760	0.000004
747	761	0.000010
747	766	0.000223
747	772	0.003895
747	774	0.976242
747	775	0.000004
747	781	0.000001
747	785	0.000002
747	843	0.000156
747	869	0.000106
748	758	0.000005
748	764	0.001758
748	765	0.000419
748	767	0.011331
748	769	0.000326
748	770	0.000025
748	771	0.003253
748	773	0.976250
748	783	0.000017
748	784	0.000002
748	842	0.000156
748	868	0.000098
749	759	0.000013
749	761	0.000007
749	766	0.011644
749	772	0.974406
749	774	0.000007
749	782	0.000018
749	841	0.000156
749	867	0.000091
750	754	0.000042
750	755	0.000154
750	756	0.000008
750	757	0.000012
750	758	0.000079
750	764	0.007657
750	765	0.012554
750	767	0.476981
750	769	0.000406
750	770	0.001477
750	771	0.481192
750	773	0.000016
750	783	0.000001
750	840	0.000153
750	864	0.000002
751	759	0.000028
751	760	0.000105
751	761	0.000298
751	766	0.568489
751	772	0.000017
751	780	0.000018
751	782	0.000002
751	863	0.000002
751	865	0.000036
751	866	0.000005
752	759	0.000095
752	760	0.000272
752	761	0.000056
752	762	0.013859
752	763	0.715968
752	766	0.000892
752	768	0.002774
752	779	0.000016
752	781	0.000001
752	862	0.000002
752	863	0.000012
752	865	0.000004
753	759	0.000197
753	760	0.000080
753	761	0.014510
753	762	0.920676
753	763	0.001320
753	766	0.000063
753	768	0.001135
753	776	0.000055
753	861	0.000001
753	862	0.000013
754	759	0.000115
754	760	0.014962
754	761	0.931335
754	766	0.000118
754	775	0.000068
754	844	0.000003
754	861	0.000013
754	863	0.000001
754	866	0.000002
755	759	0.014876
755	760	0.929840
755	761	0.000102
755	766	0.001409
755	774	0.000068
755	775	0.000014
755	843	0.000003
755	844	0.000004
755	863	0.000006
755	865	0.000002
756	760	0.000091
756	761	0.000003
756	762	0.000020
756	763	0.000041
756	766	0.000038
756	768	0.000181
756	774	0.000016
756	776	0.000004
756	835	0.000006
756	843	0.000004
756	862	0.000005
756	863	0.000004
757	761	0.000017
757	762	0.000037
757	763	0.000019
757	766	0.000045
757	768	0.000037
757	775	0.000004
757	835	0.000002
757	861	0.000003
757	862	0.000007
758	766	0.002027
758	772	0.001363
758	774	0.000005
758	833	0.000174
758	841	0.000013
758	861	0.000008
759	764	0.000722
759	765	0.002038
759	767	0.000021
759	769	0.000032
759	770	0.036081
759	771	0.007441
759	773	0.000005
759	778	0.000019
759	826	0.000001
759	832	0.000177
759	838	0.000002
759	839	0.000001
759	840	0.000014
759	860	0.000007
760	764	0.001956
760	765	0.000005
760	767	0.000114
760	769	0.036118
760	770	0.008808
760	771	0.000127
760	777	0.000019
760	778	0.000017
760	825	0.000001
760	831	0.000177
760	837	0.000002
760	838	0.000002
760	839	0.000014
760	859	0.000006
761	765	0.000007
761	767	0.001613
761	769	0.008774
761	770	0.000163
761	771	0.000001
761	777	0.000017
761	824	0.000001
761	830	0.000176
761	836	0.000002
761	837	0.000002
761	838	0.000014
761	858	0.000002
761	859	0.000001
762	823	0.000001
763	834	0.000003
763	858	0.000003
764	775	0.000201
764	833	0.000003
764	857	0.000005
765	774	0.000204
765	829	0.000170
765	835	0.000014
765	856	0.000005
766	770	0.000432
766	771	0.000291
766	773	0.000244
766	828	0.000176
766	834	0.000017
767	772	0.000246
767	827	0.000176
767	833	0.000017
768	826	0.000172
768	834	0.000001
769	775	0.000010
769	782	0.000019
769	833	0.000001
769	866	0.000002
769	867	0.000004
770	774	0.000010
770	775	0.000002
770	781	0.000019
770	844	0.000006
770	865	0.000002
770	866	0.000006
770	870	0.000004
771	780	0.000019
771	827	0.000002
771	843	0.000006
771	850	0.000009
771	863	0.000001
771	865	0.000006
771	869	0.000004
772	786	0.000005
772	820	0.000002
772	821	0.000007
772	826	0.000002
772	828	0.000476
772	834	0.000003
772	842	0.000006
772	849	0.000009
772	864	0.000005
772	868	0.000004
773	785	0.000006
773	827	0.000477
773	833	0.000003
773	841	0.000006
773	861	0.000002
773	863	0.000005
773	867	0.000004
774	784	0.000006
774	819	0.000016
774	820	0.000004
774	821	0.000002
774	824	0.000001
774	825	0.000477
774	826	0.000201
774	832	0.000003
774	840	0.000006
774	847	0.000013
774	860	0.000003
775	783	0.000006
775	818	0.000016
775	819	0.000004
775	820	0.000002
775	823	0.000001
775	824	0.000485
775	825	0.000192
775	831	0.000003
775	839	0.000006
775	846	0.000014
775	859	0.000004
776	817	0.000014
776	822	0.000002
776	823	0.000463
776	845	0.000014
776	858	0.000004
777	782	0.000002
777	844	0.000014
777	857	0.000004
778	827	0.000004
778	843	0.000014
779	809	0.000001
779	814	0.000012
779	817	0.000010
779	822	0.000580
779	823	0.000001
779	826	0.000004
779	842	0.000013
780	808	0.000001
780	813	0.000012
780	816	0.000012
780	817	0.000007
780	818	0.000002
780	819	0.000013
780	820	0.000191
780	821	0.000649
780	822	0.000001
780	825	0.000003
780	840	0.000006
781	788	0.000001
781	807	0.000001
781	812	0.000012
781	813	0.000002
781	815	0.000012
781	816	0.000029
781	817	0.000002
781	818	0.000013
781	819	0.000206
781	820	0.000649
781	821	0.000003
781	824	0.000003
781	839	0.000006
781	840	0.000006
782	786	0.000001
782	787	0.000015
782	788	0.000002
782	789	0.000003
782	790	0.000001
782	806	0.000015
782	812	0.000003
782	813	0.000005
782	814	0.000010
782	815	0.000050
782	816	0.000018
782	817	0.000012
782	818	0.000220
782	819	0.000646
782	820	0.000004
782	823	0.000002
782	828	0.000007
782	838	0.000006
782	839	0.000006
782	871	0.002305
783	791	0.000065
783	805	0.000123
783	827	0.000008
783	833	0.000001
783	844	0.000003
783	861	0.000003
783	866	0.000003
783	870	0.003018
784	791	0.002768
784	805	0.000127
784	827	0.000003
784	833	0.000024
784	843	0.000003
784	850	0.000003
784	861	0.000002
784	865	0.000003
784	869	0.003025
785	789	0.000082
785	790	0.002983
785	794	0.002602
785	795	0.000002
785	796	0.000005
785	797	0.000004
785	798	0.000003
785	799	0.000057
785	800	0.000002
785	803	0.001507
785	804	0.000093
785	806	0.000003
785	807	0.000002
785	808	0.000024
785	809	0.000024
785	810	0.000013
785	812	0.030711
785	813	0.007106
785	814	0.000490
785	815	0.005155
785	816	0.001206
785	817	0.000014
785	818	0.000168
785	819	0.000024
785	820	0.000019
785	821	0.000026
785	824	0.000010
785	825	0.000008
785	826	0.000002
785	828	0.000045
785	830	0.000027
785	831	0.000001
785	832	0.000024
785	836	0.000019
785	837	0.000003
785	838	0.000002
785	842	0.000002
785	849	0.000001
785	859	0.000018
785	860	0.000001
785	864	0.000003
785	868	0.003007
785	871	0.000059
786	791	0.000007
786	792	0.000551
786	793	0.002238
786	801	0.000002
786	802	0.001396
786	805	0.000004
786	811	0.028930
786	827	0.000039
786	829	0.000026
786	835	0.000014
786	851	0.000007
786	866	0.000001
786	867	0.002585
786	870	0.000057
787	791	0.000760
787	805	0.000041
787	827	0.000017
787	833	0.000004
787	850	0.000008
787	857	0.000022
787	863	0.000010
787	865	0.000003
787	866	0.002462
787	867	0.000011
787	869	0.000056
788	792	0.000011
788	793	0.000007
788	801	0.000136
788	802	0.001078
788	805	0.000003
788	811	0.031873
788	827	0.000002
788	852	0.000001
788	856	0.000025
788	862	0.000012
788	863	0.000015
788	865	0.002020
788	866	0.000007
789	793	0.000005
789	801	0.001207
789	802	0.001009
789	805	0.000001
789	811	0.002459
789	851	0.000002
789	855	0.000025
789	856	0.000002
789	861	0.000013
789	862	0.000092
789	863	0.000048
789	865	0.000009
789	870	0.000001
790	801	0.001634
790	802	0.000049
790	805	0.000002
790	811	0.000873
790	827	0.000001
790	829	0.000006
790	850	0.000002
790	854	0.000022
790	855	0.000002
790	861	0.000098
790	862	0.000068
790	863	0.000044
790	869	0.000003
790	872	0.000005
791	795	0.000007
791	796	0.000029
791	797	0.000120
791	798	0.000279
791	799	0.020143
791	800	0.000840
791	803	0.000077
791	804	0.000003
791	806	0.000002
791	807	0.000028
791	808	0.844647
791	809	0.000046
791	810	0.000187
791	812	0.000018
791	813	0.000029
791	815	0.000058
791	816	0.000009
791	818	0.000039
791	819	0.000004
791	820	0.000003
791	821	0.000005
791	824	0.000050
791	825	0.000002
791	828	0.000007
791	859	0.000079
791	860	0.000050
791	864	0.000001
791	868	0.000003
791	871	0.000005
792	796	0.000106
792	797	0.000327
792	798	0.019750
792	800	0.000066
792	804	0.000014
792	806	0.000024
792	807	0.850302
792	809	0.000136
792	810	0.000021
792	814	0.000054
792	817	0.000036
792	823	0.000050
792	858	0.000041
792	860	0.000051
792	864	0.000003
793	797	0.011514
793	798	0.000129
793	800	0.000211
793	804	0.000069
793	806	0.853378
793	807	0.000013
793	809	0.000018
793	810	0.000007
793	814	0.000002
793	817	0.000001
793	822	0.000040
793	834	0.000003
793	858	0.000237
793	860	0.000001
793	864	0.000583
794	805	0.853625
794	827	0.000003
794	833	0.000003
794	857	0.000283
794	861	0.000001
794	863	0.000593
794	865	0.000003
794	866	0.000007
795	801	0.001465
795	802	0.012653
795	805	0.000104
795	811	0.000015
795	856	0.000282
795	862	0.000563
795	865	0.000008
796	801	0.015746
796	802	0.012498
796	805	0.000122
796	811	0.000010
796	855	0.000270
796	856	0.000002
796	857	0.000001
796	861	0.000514
796	862	0.000003
797	801	0.009269
797	802	0.031049
797	805	0.000042
797	811	0.000011
797	835	0.000001
797	852	0.000022
797	854	0.000150
797	855	0.000003
797	856	0.000002
797	861	0.000005
797	863	0.000040
798	802	0.000584
798	805	0.000022
798	811	0.000004
798	835	0.000001
798	851	0.000041
798	852	0.000001
798	854	0.000002
798	855	0.000002
798	862	0.000095
799	805	0.001008
799	827	0.000003
799	833	0.000005
799	850	0.000042
799	857	0.000211
799	861	0.000113
800	805	0.000036
800	811	0.001515
800	827	0.000001
800	833	0.000002
800	835	0.000016
800	850	0.000002
800	851	0.000003
800	856	0.000208
800	857	0.000004
801	806	0.000023
801	807	0.000058
801	809	0.000016
801	810	0.001725
801	814	0.000021
801	817	0.000008
801	822	0.000002
801	823	0.000003
801	826	0.000001
801	834	0.000017
801	848	0.000006
801	849	0.000005
801	858	0.000001
801	860	0.000002
802	806	0.000046
802	807	0.000025
802	809	0.001340
802	810	0.000021
802	814	0.000020
802	817	0.000006
802	822	0.000004
802	834	0.000113
802	847	0.000007
802	848	0.000004
802	849	0.000001
802	858	0.000192
802	864	0.000001
803	827	0.000012
803	833	0.000122
803	857	0.000198
803	863	0.000001
803	870	0.000157
804	811	0.000510
804	829	0.000806
804	833	0.000003
804	854	0.000881
804	855	0.000003
804	856	0.000143
804	862	0.000001
804	869	0.000159
804	872	0.000049
805	809	0.000008
805	810	0.000577
805	812	0.007513
805	813	0.000272
805	814	0.000019
805	815	0.000119
805	816	0.000073
805	817	0.000003
805	818	0.000068
805	819	0.000022
805	820	0.000018
805	821	0.000034
805	822	0.000001
805	823	0.000002
805	824	0.000013
805	825	0.000008
805	828	0.001021
805	830	0.000081
805	831	0.000009
805	832	0.000006
805	836	0.000023
805	838	0.000001
805	846	0.000004
805	853	0.001171
805	868	0.000159
805	871	0.000084
806	811	0.007227
806	827	0.000999
806	829	0.000078
806	835	0.000021
806	852	0.001193
806	854	0.000001
806	867	0.000132
806	870	0.000076
807	811	0.000024
807	829	0.000002
807	851	0.001199
807	866	0.000112
807	867	0.000008
807	869	0.000061
807	870	0.000003
808	827	0.000082
808	833	0.000008
808	850	0.001198
808	863	0.000003
808	865	0.000103
808	866	0.000015
808	867	0.000077
808	869	0.000007
808	870	0.000006
809	827	0.000015
809	829	0.000005
809	833	0.000002
809	835	0.000010
809	844	0.000001
809	851	0.000014
809	852	0.000003
809	855	0.000046
809	856	0.000003
809	862	0.000006
809	863	0.000003
809	865	0.000012
809	866	0.000086
809	869	0.000008
809	870	0.000033
809	872	0.000003
810	827	0.000047
810	829	0.000010
810	833	0.000002
810	835	0.002790
810	843	0.000002
810	850	0.000016
810	851	0.000004
810	854	0.000057
810	855	0.000003
810	861	0.000006
810	862	0.000003
810	863	0.000002
810	865	0.000138
810	869	0.000064
810	870	0.000008
810	872	0.000022
811	817	0.000275
811	822	0.000085
811	823	0.000028
811	826	0.000052
811	834	0.003229
811	842	0.000002
811	845	0.000394
811	847	0.000103
811	848	0.000011
811	849	0.000014
811	853	0.000056
811	860	0.000005
811	864	0.000211
812	827	0.000091
812	833	0.003250
812	841	0.000002
812	844	0.000428
812	850	0.000004
812	861	0.000007
812	863	0.000159
812	865	0.000094
812	866	0.000076
812	867	0.000869
812	869	0.000104
812	870	0.001015
813	827	0.000504
813	833	0.000073
813	843	0.000427
813	844	0.000002
813	850	0.000012
813	857	0.000003
813	861	0.000091
813	863	0.000750
813	865	0.000081
813	866	0.000883
813	867	0.000166
813	869	0.001018
813	870	0.000068
814	827	0.000008
814	829	0.000108
814	833	0.000004
814	835	0.000008
814	841	0.000001
814	843	0.000001
814	844	0.000002
814	851	0.000027
814	854	0.000002
814	856	0.000004
814	861	0.000003
814	862	0.000826
814	865	0.000810
814	866	0.000173
814	867	0.000053
814	869	0.000062
814	870	0.000047
814	872	0.000876
815	827	0.000073
815	833	0.000049
815	841	0.000105
815	843	0.000002
815	844	0.000448
815	850	0.000029
815	857	0.000002
815	861	0.000822
815	863	0.000006
815	865	0.000235
815	866	0.000057
815	867	0.000482
815	869	0.000083
815	870	0.039894
816	827	0.001017
816	833	0.000095
816	841	0.000018
816	843	0.000449
816	844	0.000005
816	850	0.000006
816	857	0.000304
816	861	0.000007
816	863	0.001330
816	865	0.000056
816	866	0.000475
816	867	0.000015
816	869	0.040809
816	870	0.000516
817	827	0.000019
817	829	0.000088
817	833	0.000004
817	835	0.000007
817	841	0.000002
817	843	0.000004
817	844	0.000003
817	851	0.000046
817	852	0.000002
817	854	0.000006
817	855	0.000015
817	856	0.000317
817	857	0.000018
817	862	0.001346
817	865	0.000410
817	866	0.000007
817	867	0.000111
817	869	0.000498
817	870	0.000202
817	872	0.000012
818	827	0.000942
818	833	0.000042
818	841	0.000150
818	843	0.000005
818	844	0.000099
818	850	0.000051
818	857	0.000093
818	861	0.001338
818	863	0.000049
818	865	0.000032
818	866	0.000133
818	867	0.041092
818	869	0.000465
818	870	0.000323
819	827	0.000388
819	833	0.000076
819	841	0.000034
819	843	0.000100
819	844	0.000039
819	850	0.000007
819	857	0.000105
819	861	0.000032
819	863	0.000143
819	865	0.000136
819	866	0.041120
819	867	0.001453
819	869	0.000327
819	870	0.000427
820	827	0.000940
820	833	0.000091
820	841	0.000080
820	843	0.000039
820	844	0.000028
820	850	0.000016
820	857	0.000101
820	861	0.000041
820	863	0.000017
820	865	0.041070
820	866	0.001483
820	867	0.000175
820	869	0.000433
820	870	0.000679
821	827	0.004680
821	833	0.000169
821	841	0.000047
821	843	0.000029
821	844	0.000002
821	850	0.000130
821	857	0.000976
821	861	0.000108
821	863	0.022662
821	865	0.001505
821	866	0.000175
821	867	0.000011
821	869	0.000689
821	870	0.000229
822	827	0.000348
822	829	0.000124
822	833	0.000008
822	835	0.000055
822	841	0.000002
822	843	0.000001
822	850	0.000027
822	851	0.000293
822	852	0.014239
822	854	0.000022
822	855	0.000037
822	856	0.000905
822	857	0.000008
822	861	0.000011
822	862	0.020945
822	863	0.016551
822	865	0.000156
822	866	0.000008
822	867	0.000003
822	869	0.000224
822	870	0.000002
822	872	0.000016
823	827	0.000052
823	829	0.000079
823	833	0.000009
823	835	0.000059
823	850	0.000301
823	851	0.019773
823	852	0.000044
823	854	0.000031
823	855	0.000581
823	856	0.000006
823	857	0.000002
823	861	0.017004
823	862	0.019743
823	863	0.000016
823	865	0.000007
823	866	0.000003
823	867	0.000091
823	869	0.000003
823	870	0.000007
823	872	0.000053
824	833	0.000468
824	841	0.000002
824	843	0.000001
824	844	0.000076
824	850	0.020501
824	857	0.000081
824	861	0.020840
824	863	0.000082
824	865	0.000003
824	866	0.000099
824	867	0.000753
824	869	0.000012
824	870	0.000382
825	833	0.000567
825	841	0.000005
825	843	0.000077
825	844	0.000130
825	850	0.001046
825	857	0.006978
825	861	0.000205
825	863	0.000111
825	865	0.000099
825	866	0.000756
825	869	0.000387
825	870	0.001363
826	833	0.000976
826	835	0.076860
826	841	0.000006
826	843	0.000132
826	850	0.000036
826	851	0.000034
826	852	0.000104
826	854	0.000020
826	855	0.000039
826	856	0.006840
826	857	0.000055
826	861	0.000007
826	862	0.000110
826	863	0.000001
826	865	0.000748
826	867	0.000006
826	869	0.001395
826	870	0.000001
826	872	0.024962
827	831	0.000232
827	832	0.002081
827	834	0.099429
827	836	0.000346
827	837	0.000035
827	838	0.000021
827	839	0.000002
827	840	0.000008
827	842	0.000197
827	845	0.000087
827	846	0.011859
827	847	0.003517
827	848	0.000207
827	849	0.000100
827	853	0.000026
827	858	0.015712
827	859	0.000873
827	860	0.000021
827	864	0.000788
827	868	0.001502
827	871	0.058059
828	833	0.100763
828	841	0.000201
828	843	0.000626
828	844	0.000090
828	850	0.000699
828	857	0.016500
828	861	0.000051
828	863	0.000788
828	865	0.000014
828	867	0.001084
828	869	0.000415
828	870	0.040580
829	834	0.000056
829	842	0.000655
829	845	0.063545
829	847	0.000008
829	848	0.000008
829	849	0.000409
829	853	0.000258
829	858	0.000086
829	860	0.000024
829	864	0.000016
830	841	0.000636
830	843	0.000153
830	844	0.067704
830	850	0.000096
830	857	0.000082
830	861	0.000010
830	863	0.000016
830	865	0.000002
830	866	0.000495
830	867	0.009301
830	869	0.002486
830	870	0.006909
831	841	0.000012
831	843	0.067729
831	844	0.000465
831	850	0.000162
831	861	0.000004
831	865	0.000485
831	866	0.009373
831	867	0.003611
831	869	0.005123
831	870	0.500897
832	841	0.068485
832	843	0.000512
832	844	0.000049
832	850	0.002163
832	857	0.000002
832	861	0.000016
832	863	0.000141
832	865	0.009355
832	866	0.003468
832	867	0.000275
832	869	0.533358
832	870	0.000266
833	837	0.000169
833	838	0.000602
833	839	0.000333
833	840	0.066275
833	842	0.000423
833	845	0.000001
833	846	0.002645
833	847	0.000204
833	848	0.000082
833	849	0.001990
833	853	0.000030
833	859	0.000002
833	860	0.000010
833	864	0.007671
833	868	0.522315
833	871	0.046599
834	841	0.000086
834	843	0.000434
834	844	0.000001
834	850	0.000035
834	851	0.000022
834	852	0.000032
834	854	0.000004
834	855	0.000001
834	861	0.000068
834	862	0.000127
834	863	0.000207
834	865	0.002927
834	866	0.000001
834	867	0.076336
834	869	0.000824
834	870	0.043694
834	872	0.000925
835	842	0.000984
835	845	0.009810
835	847	0.000081
835	848	0.000010
835	849	0.000016
835	853	0.000002
835	858	0.000011
835	860	0.000033
835	864	0.003922
836	841	0.001054
836	843	0.000094
836	844	0.010907
836	850	0.000006
836	857	0.000011
836	861	0.000215
836	863	0.004038
836	865	0.000645
836	866	0.024256
836	867	0.332800
836	869	0.019598
836	870	0.090984
837	841	0.000025
837	843	0.010848
837	844	0.001366
837	850	0.000004
837	861	0.000681
837	863	0.000219
837	865	0.023999
837	866	0.368825
837	867	0.191463
837	869	0.091924
837	870	0.000046
838	843	0.001395
838	844	0.000688
838	850	0.000002
838	857	0.000003
838	861	0.001708
838	863	0.004713
838	865	0.367821
838	866	0.212011
838	867	0.104089
838	869	0.000041
838	870	0.000010
839	843	0.000685
839	844	0.000008
839	850	0.000004
839	857	0.000006
839	861	0.000626
839	863	0.011413
839	865	0.212825
839	866	0.105265
839	867	0.000099
839	869	0.000006
839	870	0.001744
840	844	0.000002
840	850	0.000051
840	857	0.000026
840	861	0.009434
840	863	0.552980
840	865	0.105153
840	866	0.000098
840	867	0.000005
840	869	0.001781
841	846	0.000030
841	848	0.000004
841	849	0.000046
841	853	0.000011
841	858	0.000002
841	859	0.000014
841	860	0.006195
841	864	0.089126
841	868	0.001786
841	871	0.000179
842	850	0.000001
842	851	0.000018
842	852	0.000012
842	854	0.000029
842	855	0.000006
842	856	0.000005
842	857	0.000001
842	861	0.512294
842	862	0.011397
842	863	0.006979
842	865	0.000013
842	866	0.000009
842	867	0.001764
842	870	0.000179
843	847	0.000001
843	848	0.000001
843	849	0.000003
843	853	0.000030
843	858	0.000023
843	859	0.010554
843	860	0.695563
843	864	0.000174
844	848	0.000002
844	849	0.000015
844	853	0.000056
844	858	0.009992
844	859	0.707898
844	860	0.001009
844	864	0.000086
844	868	0.000182
845	850	0.000014
845	851	0.000999
845	852	0.000070
845	854	0.000019
845	855	0.000008
845	856	0.000020
845	857	0.000054
845	861	0.000004
845	862	0.000498
845	863	0.000001
845	865	0.000004
845	866	0.000002
845	867	0.000181
846	850	0.001910
846	857	0.729012
846	861	0.000532
846	863	0.005661
846	865	0.000003
846	866	0.000177
847	851	0.000086
847	852	0.000141
847	854	0.000859
847	855	0.002983
847	856	0.732403
847	857	0.001318
847	861	0.000005
847	862	0.005805
847	863	0.000029
847	865	0.000165
848	852	0.000077
848	854	0.003991
848	855	0.701297
848	856	0.008839
848	857	0.000322
848	861	0.004769
848	862	0.000064
848	863	0.000027
849	854	0.552520
849	855	0.011707
849	856	0.002550
849	857	0.000012
849	861	0.000063
849	862	0.000043
849	863	0.000013
849	872	0.000002
850	858	0.000004
850	859	0.008301
850	860	0.000015
850	871	0.000003
851	858	0.007389
851	860	0.000067
852	858	0.000096
852	860	0.000015
852	864	0.000004
853	857	0.000127
853	861	0.000010
853	862	0.000004
853	863	0.000005
853	869	0.000001
853	870	0.000003
853	872	0.000015
854	858	0.000003
854	860	0.000020
855	860	0.000023
855	864	0.000002
856	860	0.000007
856	864	0.000005
857	868	0.003601
857	871	0.000488
858	862	0.000003
858	863	0.000001
858	866	0.000012
858	867	0.003595
858	870	0.000307
858	872	0.000002
859	863	0.000003
859	865	0.000031
859	866	0.003597
859	867	0.000016
859	869	0.000297
859	870	0.000254
860	865	0.003149
860	866	0.000018
860	867	0.000036
860	869	0.000261
861	868	0.000343
861	871	0.000003
863	868	0.000010
863	871	0.000390
864	870	0.000386
864	872	0.000071
865	871	0.000115
866	871	0.000142
867	871	0.000014
