1	7	0.000038
1	8	0.000033
1	9	0.000008
1	12	0.000002
1	13	0.000001
1	15	0.000010
1	41	0.237357
1	55	0.000002
1	61	0.000007
1	67	0.027816
1	734	0.000002
1	736	0.000067
1	740	0.002845
1	742	0.006523
1	743	0.030220
1	745	0.068710
1	748	0.003452
1	755	0.021558
1	757	0.000050
1	764	0.000001
1	828	0.000018
2	7	0.000114
2	8	0.000024
2	9	0.000005
2	11	0.000003
2	12	0.000002
2	14	0.000012
2	15	0.000004
2	30	0.000024
2	39	0.000191
2	40	0.314101
2	41	0.001870
2	42	0.005637
2	46	0.002153
2	50	0.000011
2	52	0.000004
2	53	0.000434
2	60	0.000012
2	61	0.000006
2	62	0.121674
2	64	0.000365
2	65	0.013261
2	66	0.052524
2	67	0.000098
2	690	0.000017
2	724	0.000002
2	733	0.000004
2	735	0.000073
2	736	0.000103
2	739	0.003720
2	740	0.002304
2	741	0.008556
2	742	0.060315
2	743	0.000171
2	744	0.076812
2	745	0.049597
2	747	0.004245
2	748	0.000723
2	750	0.000117
2	751	0.075950
2	753	0.000185
2	754	0.028637
2	755	0.000433
2	756	0.000062
2	757	0.000061
2	761	0.000009
2	763	0.000002
2	764	0.000001
2	827	0.000035
2	840	0.000006
2	848	0.000054
2	851	0.001463
3	7	0.000027
3	8	0.000022
3	9	0.000010
3	11	0.000002
3	13	0.000012
3	14	0.000005
3	29	0.000024
3	39	0.314215
3	40	0.002330
3	41	0.004561
3	42	0.057198
3	46	0.000164
3	50	0.000003
3	52	0.000431
3	53	0.000003
3	60	0.000002
3	61	0.122537
3	62	0.000765
3	64	0.013197
3	65	0.052201
3	66	0.000219
3	67	0.000001
3	689	0.000021
3	723	0.000002
3	732	0.000005
3	734	0.000044
3	735	0.000109
3	736	0.000002
3	739	0.003048
3	740	0.004890
3	741	0.064418
3	742	0.000118
3	743	0.069325
3	744	0.053461
3	745	0.000066
3	747	0.000964
3	748	0.000015
3	750	0.075940
3	751	0.000370
3	753	0.028345
3	754	0.000489
3	755	0.000036
3	756	0.000083
3	763	0.000002
3	826	0.000038
3	839	0.000007
3	848	0.000034
3	851	0.000767
4	8	0.000033
4	9	0.000019
4	12	0.000011
4	13	0.000005
4	28	0.000024
4	41	0.054971
4	58	0.000020
4	60	0.123555
4	61	0.000388
4	67	0.000001
4	688	0.000021
4	722	0.000002
4	731	0.000003
4	733	0.000026
4	734	0.000073
4	736	0.000002
4	740	0.055237
4	742	0.058517
4	743	0.045831
4	745	0.000105
4	748	0.000338
4	755	0.000074
4	759	0.000034
4	761	0.000060
4	825	0.000038
4	838	0.000007
5	10	0.000010
5	27	0.000024
5	48	0.000021
5	56	0.000040
5	57	0.000019
5	59	0.123737
5	68	0.000034
5	687	0.000021
5	749	0.064050
5	758	0.000037
5	760	0.000065
5	824	0.000038
5	837	0.000007
5	843	0.000001
5	845	0.000022
5	846	0.000002
5	847	0.000002
5	849	0.000087
5	850	0.000067
6	26	0.000024
6	41	0.000750
6	55	0.000045
6	58	0.113662
6	60	0.000005
6	61	0.000022
6	67	0.000029
6	686	0.000021
6	731	0.000002
6	736	0.000008
6	740	0.003276
6	742	0.000536
6	743	0.000055
6	745	0.000053
6	748	0.052097
6	755	0.000002
6	757	0.000030
6	759	0.000029
6	844	0.000021
7	25	0.000022
7	37	0.000084
7	38	0.006753
7	43	0.000233
7	44	0.000239
7	45	0.000110
7	47	0.000054
7	48	0.000016
7	49	0.000015
7	51	0.000003
7	54	0.000050
7	56	0.000111
7	57	0.104677
7	59	0.000005
7	63	0.000052
7	685	0.000019
7	730	0.000002
7	737	0.000101
7	738	0.000372
7	746	0.000496
7	749	0.000047
7	752	0.000014
7	758	0.000019
7	843	0.000019
7	850	0.000001
7	852	0.000019
8	22	0.000012
8	37	0.003802
8	38	0.762795
8	43	0.000163
8	44	0.000097
8	45	0.000016
8	47	0.000019
8	48	0.000015
8	49	0.000005
8	51	0.000006
8	54	0.000034
8	56	0.026620
8	57	0.000049
8	63	0.000004
8	684	0.000010
8	729	0.000001
8	737	0.000056
8	738	0.000202
8	746	0.000469
8	749	0.000005
8	752	0.000002
8	842	0.000003
8	852	0.000005
9	19	0.000003
9	21	0.000015
9	37	0.966146
9	38	0.000326
9	43	0.000031
9	44	0.000005
9	45	0.000001
9	47	0.000004
9	48	0.000002
9	51	0.000009
9	54	0.000131
9	56	0.000012
9	737	0.000023
9	738	0.000020
9	746	0.000008
9	852	0.000009
10	18	0.000003
10	20	0.000015
10	36	0.999582
10	42	0.000008
10	46	0.000001
10	50	0.000007
10	52	0.000033
10	53	0.000112
10	851	0.000012
11	16	0.000005
11	35	0.999644
11	850	0.000012
12	19	0.000001
12	31	0.000004
12	34	0.991582
12	35	0.000003
12	51	0.000024
12	849	0.000010
13	31	0.000121
13	34	0.000106
13	49	0.000182
14	35	0.000003
14	48	0.000191
14	847	0.000006
15	31	0.914018
15	34	0.000004
15	47	0.000190
15	63	0.000004
15	846	0.000006
16	28	0.000021
16	29	0.077072
16	30	0.917021
16	32	0.000047
16	33	0.000003
16	46	0.000179
16	61	0.000006
16	62	0.000006
17	26	0.000065
17	28	0.533615
17	29	0.462565
17	60	0.000009
17	61	0.000003
17	844	0.000005
18	25	0.000137
18	27	0.988226
18	59	0.000012
18	843	0.000005
19	24	0.000100
19	26	0.987278
19	28	0.010477
19	58	0.000012
20	25	0.983762
20	27	0.010727
20	57	0.000012
20	841	0.000004
21	26	0.008117
21	28	0.000001
21	29	0.000003
21	41	0.000001
21	840	0.000004
22	26	0.000008
22	28	0.000017
22	41	0.000001
22	838	0.000004
23	27	0.000017
23	837	0.000004
24	37	0.000027
24	836	0.000004
25	36	0.000029
25	39	0.000005
25	52	0.000012
25	64	0.000014
26	35	0.000029
26	37	0.000069
26	38	0.000003
26	51	0.000012
26	63	0.000014
26	834	0.000003
27	36	0.000074
27	39	0.000001
27	50	0.000012
27	62	0.000015
27	833	0.000004
28	35	0.000072
28	38	0.000001
28	49	0.000011
28	832	0.000004
29	34	0.000042
29	37	0.000001
29	48	0.000010
29	831	0.000004
30	35	0.000002
30	48	0.000002
30	59	0.000018
30	830	0.000004
31	58	0.000018
31	829	0.000004
32	57	0.000018
33	56	0.000018
34	41	0.000006
34	55	0.000018
34	61	0.000004
34	827	0.000002
35	40	0.000006
35	42	0.000003
35	60	0.000006
35	750	0.000003
35	825	0.000001
35	826	0.000002
35	851	0.000040
36	59	0.000006
36	749	0.000003
36	824	0.000002
36	850	0.000040
37	41	0.000008
37	58	0.000005
37	60	0.000002
37	61	0.000031
37	743	0.000001
37	748	0.000002
38	55	0.000005
38	58	0.010229
38	60	0.000089
38	61	0.000001
38	740	0.000002
38	742	0.000003
38	743	0.000002
38	745	0.000003
38	748	0.000001
38	761	0.000008
39	48	0.001519
39	56	0.000071
39	57	0.016589
39	59	0.000111
39	68	0.000017
39	69	0.000108
39	71	0.000001
39	72	0.000072
39	81	0.000007
39	82	0.000006
39	83	0.000008
39	84	0.000005
39	749	0.000009
39	760	0.000011
39	845	0.000007
39	846	0.000032
39	847	0.000322
39	849	0.000798
39	850	0.001160
40	48	0.015849
40	56	0.017070
40	57	0.000086
40	59	0.000014
40	68	0.000222
40	69	0.000016
40	71	0.000123
40	80	0.000007
40	81	0.000006
40	82	0.000008
40	83	0.000005
40	749	0.000010
40	760	0.000004
40	843	0.000014
40	845	0.000032
40	846	0.000322
40	847	0.001218
40	849	0.001158
40	850	0.000013
41	45	0.000193
41	47	0.015061
41	48	0.000191
41	49	0.018188
41	51	0.000013
41	54	0.000070
41	56	0.000038
41	57	0.000375
41	63	0.000025
41	68	0.000021
41	69	0.000023
41	70	0.000126
41	80	0.000005
41	81	0.000008
41	82	0.000005
41	737	0.000002
41	738	0.000010
41	746	0.000010
41	752	0.000002
41	760	0.000002
41	762	0.000015
41	831	0.000004
41	842	0.000015
41	845	0.000060
41	846	0.001263
41	847	0.000025
41	849	0.000010
41	850	0.000025
41	852	0.000005
42	48	0.023454
42	56	0.001952
42	57	0.000013
42	59	0.000161
42	68	0.001725
42	69	0.000124
42	78	0.000011
42	80	0.000009
42	81	0.000005
42	82	0.000001
42	749	0.000171
42	758	0.000002
42	760	0.000065
42	830	0.000005
42	841	0.000015
42	843	0.000026
42	845	0.001543
42	846	0.000026
42	847	0.000087
42	849	0.000067
42	850	0.000011
43	55	0.001689
43	58	0.000154
43	60	0.000004
43	61	0.000046
43	67	0.001693
43	77	0.000011
43	79	0.000006
43	736	0.000001
43	740	0.000027
43	742	0.000028
43	743	0.000142
43	745	0.000043
43	748	0.000163
43	755	0.000003
43	757	0.000002
43	759	0.000031
43	761	0.000182
43	829	0.000005
43	840	0.000014
43	844	0.001506
44	55	0.000038
44	58	0.000031
44	60	0.000023
44	61	0.004875
44	67	0.000068
44	76	0.000011
44	736	0.000002
44	740	0.000032
44	742	0.000146
44	743	0.000191
44	745	0.000089
44	748	0.000045
44	755	0.000003
44	759	0.000072
44	761	0.000048
44	828	0.000004
45	55	0.000032
45	58	0.000184
45	60	0.005964
45	61	0.000084
45	67	0.000035
45	75	0.000010
45	79	0.000009
45	740	0.000021
45	742	0.000187
45	743	0.000036
45	745	0.000041
45	748	0.000019
45	755	0.000002
45	759	0.034063
45	761	0.000066
45	827	0.000002
45	838	0.000008
45	844	0.000052
46	56	0.021103
46	57	0.000196
46	59	0.006102
46	68	0.005746
46	78	0.000011
46	691	0.000001
46	749	0.004362
46	758	0.039168
46	760	0.000071
46	837	0.000008
46	841	0.001560
46	843	0.000052
46	849	0.000033
46	850	0.000025
47	55	0.020747
47	58	0.005577
47	60	0.000478
47	61	0.001054
47	67	0.005981
47	74	0.000010
47	77	0.000011
47	690	0.000001
47	736	0.000046
47	740	0.000388
47	742	0.001468
47	743	0.000040
47	745	0.001989
47	748	0.004463
47	755	0.000077
47	757	0.039284
47	759	0.000065
47	761	0.000039
47	764	0.000095
47	827	0.000003
47	840	0.001570
48	52	0.000228
48	53	0.006554
48	55	0.000040
48	58	0.000012
48	60	0.000758
48	61	0.554376
48	62	0.114779
48	64	0.000621
48	65	0.000318
48	66	0.005461
48	67	0.000001
48	76	0.000010
48	689	0.000001
48	735	0.000050
48	739	0.000396
48	740	0.000004
48	741	0.001650
48	742	0.000013
48	743	0.000010
48	744	0.002156
48	745	0.000006
48	747	0.004105
48	748	0.000001
48	750	0.000017
48	751	0.000033
48	753	0.000016
48	754	0.000085
48	755	0.000001
48	756	0.039298
48	761	0.000008
48	763	0.000117
48	765	0.000001
48	826	0.000003
48	839	0.001571
48	848	0.000008
48	851	0.000130
49	55	0.000119
49	58	0.001709
49	60	0.698226
49	61	0.057595
49	75	0.000009
49	688	0.000001
49	734	0.000032
49	740	0.001053
49	742	0.000010
49	743	0.001409
49	745	0.000033
49	748	0.000001
49	755	0.037358
49	757	0.000033
49	759	0.000179
49	761	0.002818
49	825	0.000003
49	838	0.001512
50	56	0.009648
50	57	0.002050
50	59	0.768943
50	68	0.000025
50	71	0.000073
50	72	0.000006
50	687	0.000001
50	749	0.000086
50	758	0.000200
50	760	0.003025
50	824	0.000003
50	837	0.001497
50	847	0.000002
50	849	0.000005
50	850	0.000003
51	55	0.006384
51	58	0.767081
51	60	0.000364
51	61	0.000003
51	67	0.000024
51	740	0.000003
51	742	0.000010
51	743	0.000003
51	745	0.000005
51	748	0.000072
51	755	0.000035
51	757	0.000188
51	759	0.003050
51	761	0.000084
51	825	0.000002
52	56	0.000898
52	57	0.759741
52	59	0.000377
52	68	0.000022
52	69	0.003071
52	749	0.000021
52	758	0.002975
52	760	0.000093
52	824	0.000002
52	846	0.000006
52	847	0.000003
52	850	0.000119
53	57	0.000501
53	59	0.000095
53	68	0.006279
53	69	0.000002
53	749	0.000158
53	758	0.000198
53	760	0.000014
53	823	0.000002
53	845	0.000006
53	846	0.000003
53	849	0.000119
54	58	0.000066
54	60	0.000005
54	61	0.000005
54	67	0.006352
54	740	0.000001
54	742	0.000014
54	743	0.000007
54	745	0.000006
54	748	0.000112
54	755	0.000074
54	757	0.000257
54	759	0.000015
54	777	0.000009
54	833	0.000006
54	844	0.000006
55	59	0.000005
55	63	0.000241
55	68	0.000002
55	738	0.000002
55	746	0.000117
55	749	0.006167
55	752	0.031200
55	758	0.000013
55	766	0.000002
55	771	0.000002
55	776	0.000011
55	832	0.000006
55	836	0.000003
55	843	0.000005
55	852	0.001463
56	62	0.000315
56	64	0.000052
56	65	0.024776
56	66	0.003186
56	67	0.000026
56	739	0.000002
56	740	0.000124
56	741	0.000063
56	742	0.000402
56	743	0.000001
56	744	0.000014
56	745	0.000133
56	747	0.000052
56	748	0.015689
56	750	0.000007
56	751	0.035592
56	754	0.007246
56	755	0.000001
56	757	0.000001
56	765	0.000003
56	770	0.000003
56	775	0.000011
56	851	0.002227
57	61	0.000133
57	62	0.000088
57	64	0.025039
57	65	0.003113
57	66	0.000053
57	739	0.000155
57	740	0.000048
57	741	0.000457
57	742	0.000001
57	743	0.000011
57	744	0.000135
57	745	0.000001
57	747	0.017059
57	748	0.000003
57	750	0.035594
57	751	0.000001
57	753	0.007261
57	754	0.000001
57	756	0.000001
57	763	0.000001
57	764	0.000002
57	769	0.000002
57	774	0.000011
57	851	0.000022
58	63	0.021984
58	738	0.000153
58	746	0.016893
58	749	0.033412
58	752	0.007246
58	762	0.000001
58	768	0.000002
58	773	0.000010
58	834	0.000024
58	849	0.002230
58	850	0.000011
58	852	0.000014
59	64	0.001611
59	65	0.000061
59	66	0.000158
59	739	0.000879
59	741	0.000026
59	742	0.000009
59	743	0.000022
59	744	0.001175
59	745	0.014021
59	747	0.028837
59	748	0.002857
59	750	0.000447
59	751	0.006597
59	753	0.000001
59	761	0.000001
59	763	0.000003
59	833	0.000026
59	848	0.002279
59	851	0.000028
60	70	0.000002
60	737	0.000001
60	738	0.000885
60	746	0.028713
60	749	0.000861
60	752	0.000001
60	762	0.000003
60	832	0.000026
60	847	0.002276
60	850	0.000017
61	68	0.000002
61	69	0.000005
61	70	0.000002
61	737	0.000408
61	738	0.000024
61	746	0.000297
61	749	0.000227
61	831	0.000026
61	846	0.002265
61	849	0.000005
61	850	0.000088
62	68	0.000744
62	69	0.000006
62	749	0.001688
62	760	0.000004
62	830	0.000026
62	845	0.002279
62	849	0.000528
62	850	0.000011
63	67	0.000519
63	736	0.000003
63	740	0.000749
63	742	0.000836
63	743	0.001437
63	745	0.000052
63	748	0.001565
63	759	0.000004
63	829	0.000020
63	844	0.002266
64	68	0.000053
64	749	0.000022
64	758	0.000004
64	824	0.000001
64	843	0.002244
64	846	0.000002
64	847	0.000725
64	849	0.000007
64	850	0.000333
65	749	0.000010
65	841	0.000021
65	843	0.000005
65	845	0.000002
65	846	0.000727
65	847	0.000007
65	849	0.000332
65	850	0.000278
66	749	0.000021
66	841	0.000056
66	843	0.000001
66	845	0.000718
66	846	0.000007
66	847	0.000005
66	849	0.000282
66	850	0.000005
67	737	0.822973
67	738	0.001398
67	746	0.000084
67	752	0.000005
67	845	0.000002
67	846	0.000001
67	849	0.000003
67	852	0.000006
68	735	0.000137
68	736	0.968396
68	739	0.000175
68	740	0.000009
68	741	0.000060
68	742	0.000174
68	743	0.000002
68	744	0.000031
68	745	0.000081
68	747	0.000005
68	751	0.000006
68	848	0.000002
68	851	0.000010
69	723	0.000001
69	734	0.000095
69	735	0.995946
69	736	0.000006
69	739	0.000005
69	740	0.000003
69	741	0.000182
69	743	0.000016
69	744	0.000077
69	750	0.000004
70	722	0.000001
70	733	0.000095
70	734	0.997154
70	736	0.000033
70	740	0.000179
70	742	0.000016
70	743	0.000073
71	732	0.000062
71	733	0.997483
71	734	0.000002
71	735	0.000032
71	736	0.000003
71	739	0.000149
71	741	0.000014
71	742	0.000041
72	731	0.000022
72	732	0.999735
72	734	0.000013
72	735	0.000004
72	741	0.000035
73	731	0.999088
73	733	0.000011
73	734	0.000004
73	740	0.000030
74	728	0.000020
74	729	0.000085
74	730	0.992609
74	738	0.000002
75	726	0.000005
75	728	0.000136
75	729	0.981973
75	730	0.004309
75	737	0.000001
75	738	0.000004
76	725	0.000007
76	726	0.005672
76	728	0.943444
76	729	0.008559
76	730	0.000004
76	737	0.000003
77	725	0.011172
77	726	0.001220
77	728	0.012880
77	729	0.000007
78	723	0.000048
78	724	0.011748
78	727	0.017003
78	735	0.000001
78	747	0.000001
79	725	0.966737
79	726	0.008815
79	746	0.000001
80	721	0.000607
80	722	0.001315
80	723	0.012773
80	724	0.984854
80	745	0.000001
81	720	0.000610
81	721	0.001505
81	722	0.013637
81	723	0.983887
81	724	0.000203
81	744	0.000001
82	551	0.000004
82	719	0.000610
82	720	0.001563
82	721	0.129772
82	722	0.866174
82	723	0.000215
82	743	0.000001
83	551	0.002362
83	719	0.001443
83	720	0.130469
83	721	0.865411
83	722	0.000164
83	742	0.000001
84	549	0.000012
84	551	0.002481
84	683	0.000006
84	719	0.129588
84	720	0.858830
84	721	0.000171
84	741	0.000001
85	547	0.000214
85	549	0.842080
85	682	0.000004
85	686	0.000001
85	688	0.000027
86	548	0.876376
86	550	0.002157
86	554	0.000001
86	687	0.000035
86	715	0.000005
86	716	0.000839
86	717	0.007336
87	548	0.000626
87	550	0.000050
87	553	0.000001
87	681	0.000003
87	684	0.000003
87	685	0.000003
87	714	0.000004
87	715	0.000102
87	716	0.005801
87	717	0.000162
87	718	0.000082
88	545	0.000002
88	546	0.994696
88	547	0.000048
88	551	0.000001
88	683	0.000002
88	719	0.000002
89	545	0.999955
89	546	0.000026
90	544	0.999963
91	543	0.999964
92	542	0.999991
93	541	0.999977
94	540	0.999473
95	539	0.999428
95	540	0.000006
96	105	0.000001
97	104	0.000001
97	537	0.000234
97	538	0.998988
98	103	0.000001
98	537	0.999013
98	538	0.000008
99	116	0.000109
99	236	0.000009
99	535	0.003841
99	536	0.925994
99	539	0.000025
100	113	0.000037
100	114	0.993209
100	233	0.000001
100	538	0.000031
101	113	0.999664
101	114	0.000026
101	537	0.000031
102	111	0.001130
102	112	0.997289
102	536	0.000030
103	110	0.001159
103	111	0.998763
103	112	0.000011
103	535	0.000029
103	536	0.000001
104	110	0.997728
104	111	0.000014
104	535	0.000002
105	109	0.809748
105	533	0.000002
105	534	0.000003
106	532	0.000004
107	113	0.000003
107	531	0.000004
107	533	0.000003
108	112	0.000002
108	532	0.000002
109	532	0.000002
110	530	0.000006
110	531	0.000002
111	529	0.000006
111	530	0.000002
112	528	0.000006
112	529	0.000002
112	537	0.000001
113	527	0.000006
113	536	0.000002
114	164	0.000008
114	236	0.000023
114	527	0.000002
114	535	0.000003
115	232	0.000001
115	235	0.000028
116	161	0.000010
116	162	0.995636
116	163	0.000120
117	161	0.999866
117	162	0.000072
118	160	0.999502
119	159	0.999977
120	158	0.999979
121	156	0.000001
121	157	0.999033
122	156	0.999289
122	157	0.000001
123	155	0.999964
124	154	0.999511
125	153	0.999977
126	152	0.999984
127	150	0.000001
127	151	0.998859
128	150	0.998775
129	149	0.998652
130	148	0.911101
131	146	0.000002
131	147	0.649753
131	148	0.085284
132	146	0.387791
132	147	0.350045
133	139	0.000003
133	143	0.006217
133	146	0.611800
134	138	0.000003
134	140	0.000002
134	142	0.006271
134	145	0.866866
135	139	0.000002
135	143	0.007765
135	147	0.000026
136	143	0.976668
136	146	0.000034
137	142	0.986965
137	145	0.000042
138	143	0.000033
160	237	0.000001
161	236	0.000006
162	232	0.000008
162	235	0.000012
162	236	0.000069
162	535	0.000002
162	536	0.000002
163	232	0.937523
163	235	0.000046
163	236	0.000282
163	535	0.000012
164	231	0.997406
164	233	0.000020
165	175	0.000003
165	230	0.999903
165	232	0.000001
166	174	0.000003
166	229	0.999577
167	173	0.000003
167	228	0.999961
168	172	0.000002
168	226	0.000001
168	227	0.998838
169	226	0.998119
170	225	0.999471
171	212	0.000004
171	224	0.999946
172	207	0.000014
172	211	0.000006
172	216	0.000008
172	219	0.000005
172	222	0.000001
172	223	0.999631
173	206	0.000028
173	210	0.000013
173	211	0.000002
173	215	0.000014
173	218	0.000009
173	222	0.999212
174	214	0.000021
174	220	0.002073
174	221	0.829782
175	203	0.000002
175	204	0.006136
175	206	0.246250
175	210	0.001430
175	211	0.001734
175	215	0.002021
175	218	0.014941
175	222	0.000008
176	202	0.000001
176	203	0.004633
176	204	0.988969
176	206	0.000020
176	210	0.000881
176	211	0.000002
176	215	0.000004
176	218	0.000106
177	201	0.000001
177	202	0.003097
177	203	0.995226
177	204	0.000048
177	210	0.000001
177	218	0.000014
178	201	0.001561
178	202	0.996854
178	203	0.000033
179	199	0.000002
179	201	0.998397
179	202	0.000017
180	200	0.999448
181	198	0.000001
181	199	0.998115
182	198	0.998840
183	197	0.999964
184	196	0.999509
185	193	0.000002
185	195	0.999972
186	192	0.000006
186	194	0.999917
187	191	0.000024
187	193	0.991644
187	195	0.000007
188	192	0.980165
188	194	0.000008
189	193	0.000009
202	213	0.000002
202	214	0.000002
203	209	0.000006
203	212	0.000004
203	213	0.000040
203	214	0.000007
204	209	0.000136
204	212	0.000072
204	213	0.000127
204	214	0.000006
204	221	0.000006
205	214	0.438750
205	220	0.000629
205	221	0.000379
206	212	0.011263
206	213	0.459646
206	214	0.000346
206	220	0.000466
206	221	0.003805
206	236	0.000001
207	214	0.003497
207	220	0.007307
207	221	0.004211
207	235	0.000001
208	214	0.001126
208	220	0.005978
208	221	0.000105
209	215	0.033742
209	218	0.117010
209	222	0.000088
210	214	0.013210
210	220	0.000839
210	221	0.000918
211	220	0.002119
211	221	0.000058
211	232	0.000001
212	218	0.013260
212	222	0.000002
212	231	0.000002
213	218	0.021521
213	222	0.000092
214	218	0.000516
214	219	0.006934
214	222	0.000003
214	229	0.000002
215	220	0.000422
215	221	0.001426
215	228	0.000002
216	220	0.001544
216	221	0.000903
216	227	0.000002
217	221	0.000210
217	226	0.000002
231	236	0.000174
231	238	0.000002
231	535	0.000005
232	237	0.000033
232	411	0.000005
232	534	0.000005
233	238	0.000032
233	239	0.000064
233	409	0.000037
233	410	0.001081
233	434	0.000002
233	535	0.000121
233	536	0.000051
234	238	0.000086
234	409	0.001041
234	433	0.000002
235	408	0.000341
235	411	0.000021
235	432	0.000003
235	534	0.000046
236	407	0.000122
236	411	0.000053
236	431	0.000003
236	533	0.000046
237	409	0.453188
237	532	0.000002
238	407	0.000005
238	408	0.908584
239	406	0.000016
239	407	0.998874
240	405	0.000014
240	406	0.999611
240	407	0.000326
241	404	0.000012
241	405	0.999634
241	406	0.000334
242	404	0.999593
242	405	0.000340
243	402	0.000014
243	403	0.991067
243	404	0.000328
245	402	0.898323
246	399	0.000014
246	401	0.898323
247	399	0.991400
248	398	0.999931
248	399	0.000020
249	397	0.999976
249	398	0.000014
250	396	0.999984
250	397	0.000007
251	395	0.999991
252	394	0.999977
253	393	0.999484
254	392	0.999545
255	385	0.000001
255	390	0.000016
255	391	0.139503
256	390	0.126732
256	391	0.860113
257	381	0.000002
257	390	0.870981
257	391	0.000005
258	380	0.000001
258	383	0.003693
258	384	0.115881
258	386	0.003915
258	387	0.015209
258	388	0.003286
258	389	0.840129
259	383	0.256803
259	384	0.001320
259	386	0.021439
259	387	0.005103
259	388	0.668693
259	389	0.000330
260	381	0.996116
261	380	0.999846
261	383	0.000003
261	384	0.000002
261	386	0.000065
262	379	0.999481
262	384	0.000002
263	378	0.999479
263	382	0.000003
264	377	0.999893
264	381	0.000003
265	376	0.987407
266	374	0.146818
266	376	0.000045
266	380	0.000007
267	376	0.000040
267	379	0.000006
268	371	0.925032
268	372	0.010413
268	373	0.005395
268	375	0.000051
268	378	0.000002
269	369	0.000109
269	370	0.999503
269	374	0.000014
270	368	0.000118
270	369	0.999800
270	370	0.000069
271	367	0.000125
271	368	0.999797
271	369	0.000064
272	367	0.999594
272	368	0.000058
273	363	0.000002
273	365	0.998903
274	362	0.000001
274	364	0.996494
275	364	0.000172
276	362	0.995678
276	364	0.000003
277	358	0.000002
277	360	0.000001
277	361	0.998089
277	363	0.000003
278	357	0.000003
278	360	0.998404
278	361	0.000234
278	363	0.000008
279	356	0.000002
279	359	0.976085
279	362	0.000007
280	355	0.000002
281	356	0.001274
281	359	0.011297
282	355	0.001003
283	355	0.000009
284	355	0.000012
284	356	0.997809
285	352	0.000045
285	355	0.998338
286	351	0.000032
286	353	0.000004
286	354	0.999216
287	350	0.000009
287	351	0.000003
287	353	0.998334
288	351	0.000597
288	353	0.000011
289	350	0.000024
289	351	0.725312
290	350	0.999294
290	351	0.000082
291	348	0.000001
291	349	0.998791
292	348	0.998873
292	349	0.000001
293	347	0.999974
294	346	0.999978
295	345	0.999571
296	344	0.999736
296	347	0.000002
297	302	0.000001
297	341	0.000020
297	344	0.000063
297	346	0.000002
298	340	0.000020
298	342	0.990608
298	343	0.000065
298	345	0.000003
299	339	0.000020
299	341	0.999459
299	344	0.000005
300	340	0.997871
300	343	0.000005
301	339	0.974904
302	306	0.000001
302	342	0.000002
302	343	0.000132
303	342	0.000131
303	343	0.000111
304	342	0.000111
304	343	0.000046
305	342	0.000046
306	338	0.997957
306	339	0.000016
306	341	0.000027
307	337	0.999448
307	340	0.000015
308	336	0.999974
308	339	0.000002
309	335	0.999958
309	338	0.000001
310	334	0.983005
312	331	0.000001
312	332	0.994313
312	333	0.000931
313	331	0.999385
314	330	0.999490
315	329	0.999963
316	328	0.999575
317	326	0.000011
317	327	0.999915
318	326	0.998639
318	327	0.000036
318	329	0.000002
319	328	0.000005
320	326	0.000214
320	327	0.000008
321	325	0.000664
321	326	0.000010
381	386	0.000159
381	387	0.000006
381	388	0.000021
381	389	0.000068
382	387	0.000208
382	388	0.000133
383	390	0.000010
383	391	0.000001
384	390	0.000001
386	390	0.000005
386	391	0.000002
406	536	0.000024
407	535	0.000148
407	536	0.000046
409	429	0.000002
409	534	0.454576
410	428	0.000003
410	530	0.000002
410	531	0.000019
410	533	0.990143
411	425	0.000216
411	532	0.998307
411	535	0.000003
412	424	0.000216
412	529	0.000023
412	530	0.000030
412	531	0.999710
413	423	0.000216
413	528	0.000023
413	529	0.000047
413	530	0.999597
414	422	0.000215
414	527	0.000022
415	421	0.000214
415	526	0.000019
415	528	0.990714
415	529	0.000018
416	527	0.999516
417	525	0.000037
417	526	0.996179
418	429	0.000001
418	525	0.969702
418	526	0.001077
419	428	0.000002
420	523	0.000055
420	524	0.998717
421	523	0.999113
422	522	0.998953
423	520	0.000009
423	521	0.999695
424	520	0.997695
424	521	0.000006
425	431	0.007726
425	518	0.000604
426	433	0.000043
426	517	0.000267
427	433	0.000133
427	517	0.000006
428	433	0.000016
428	434	0.000091
428	520	0.000082
428	524	0.000079
429	433	0.000083
429	523	0.000077
431	520	0.000947
431	521	0.000099
431	524	0.000005
432	523	0.000005
433	518	0.000002
433	519	0.985457
434	516	0.000001
434	518	0.999207
435	517	0.999288
436	515	0.000019
436	516	0.999960
437	514	0.000034
437	515	0.999613
439	513	0.997039
439	514	0.000005
440	511	0.000070
440	512	0.999793
441	510	0.002212
441	511	0.965877
442	509	0.002221
443	509	0.987160
444	507	0.000004
444	508	0.998116
445	507	0.999974
446	506	0.999944
447	505	0.987589
448	502	0.000004
449	500	0.000009
449	503	0.997261
449	504	0.000931
450	499	0.000009
450	502	0.999967
451	498	0.000009
451	501	0.999500
452	497	0.000010
452	500	0.999946
453	496	0.000010
453	498	0.001965
453	499	0.994334
454	497	0.003924
454	500	0.000001
455	497	0.915503
458	495	0.987522
459	493	0.000014
459	494	0.999882
460	492	0.000015
460	493	0.999961
460	494	0.000012
461	491	0.000013
461	492	0.999828
461	493	0.000012
462	491	0.956921
463	487	0.000002
463	491	0.005332
464	485	0.000001
465	487	0.000003
465	491	0.000208
466	484	0.000008
466	487	0.000018
466	491	0.000067
467	483	0.000009
467	487	0.000051
467	488	0.995345
468	487	0.998876
469	478	0.000001
469	482	0.000004
469	485	0.000001
469	486	0.999417
470	477	0.000001
470	481	0.000004
470	485	0.999850
471	484	0.984543
471	487	0.000006
472	477	0.000002
472	478	0.000226
472	479	0.000012
472	481	0.000059
472	482	0.871336
472	486	0.000012
473	477	0.000224
473	479	0.000335
473	481	0.901311
473	482	0.090301
473	485	0.000013
474	480	0.887690
474	483	0.002138
474	484	0.000018
475	484	0.000002
476	481	0.001652
476	482	0.001617
477	483	0.000051
478	484	0.000004
479	483	0.000008
519	532	0.000011
520	529	0.000014
520	530	0.000003
520	531	0.000015
521	528	0.000014
521	529	0.000003
521	530	0.000015
521	533	0.000089
522	532	0.000090
523	531	0.000090
523	534	0.000003
524	530	0.000089
524	533	0.000003
525	532	0.000003
527	537	0.000012
528	535	0.000001
528	536	0.000037
529	535	0.000038
529	536	0.000036
530	535	0.000039
530	536	0.000003
531	535	0.000003
545	716	0.000002
546	715	0.000005
547	552	0.000002
547	553	0.000004
547	555	0.000001
547	588	0.000014
547	589	0.000002
547	681	0.000003
547	684	0.000138
547	685	0.000003
547	687	0.000008
547	701	0.000001
547	714	0.000013
547	718	0.000008
548	585	0.000003
548	586	0.000002
548	587	0.000026
548	682	0.000018
548	683	0.000159
548	686	0.000020
548	700	0.000003
548	702	0.000007
548	703	0.000003
548	713	0.000018
548	719	0.001195
549	555	0.000002
549	588	0.000029
549	681	0.000030
549	684	0.000089
549	685	0.000021
549	699	0.000003
549	701	0.000007
549	716	0.000011
549	717	0.000001
549	718	0.001197
550	582	0.000002
550	583	0.000010
550	584	0.000004
550	585	0.000221
550	586	0.001542
550	587	0.000263
550	682	0.000007
550	683	0.000216
550	686	0.000005
550	688	0.000504
550	702	0.001731
550	711	0.000032
550	719	0.000129
551	556	0.000002
551	588	0.000007
551	680	0.000015
551	687	0.000636
551	696	0.000001
551	697	0.000004
551	698	0.000002
551	701	0.001733
551	710	0.000032
551	714	0.000026
551	715	0.000002
551	716	0.001199
551	717	0.000282
552	582	0.000013
552	583	0.000653
552	584	0.000026
552	585	0.991113
552	586	0.000014
552	587	0.000005
552	683	0.000016
552	686	0.000004
552	700	0.000002
552	713	0.000026
552	719	0.000001
553	584	0.995887
553	682	0.000011
553	712	0.000025
554	581	0.000004
554	582	0.002661
554	583	0.992569
554	584	0.000002
554	585	0.000433
554	683	0.000006
554	711	0.000025
555	580	0.000004
555	584	0.000413
555	682	0.000005
556	579	0.000001
556	580	0.000002
556	581	0.994764
556	582	0.001538
556	583	0.000187
557	579	0.000002
557	580	0.999067
558	579	0.998087
558	580	0.000002
559	577	0.000009
559	578	0.999451
560	576	0.000031
560	577	0.999949
561	576	0.999360
561	577	0.000002
562	570	0.000003
562	574	0.987553
562	576	0.000002
563	569	0.000003
563	572	0.000003
563	573	0.999919
563	575	0.000007
564	572	0.999957
564	573	0.000007
565	571	0.991573
566	571	0.005519
580	699	0.000002
580	718	0.000001
581	698	0.000004
581	717	0.000002
582	697	0.000004
582	698	0.000001
582	716	0.000003
582	717	0.000035
583	696	0.000004
583	697	0.000001
583	715	0.000003
583	716	0.000034
583	717	0.000045
584	681	0.000120
584	684	0.000003
584	695	0.000004
584	699	0.000008
584	714	0.000002
584	715	0.000024
584	716	0.000002
584	717	0.000369
584	718	0.000013
585	680	0.000123
585	698	0.000011
585	714	0.000023
585	715	0.000002
585	716	0.000915
585	717	0.000016
586	679	0.000090
586	680	0.991023
586	697	0.000013
586	698	0.000003
586	714	0.000001
586	715	0.001273
586	716	0.000014
586	717	0.000007
587	679	0.997360
587	680	0.000535
587	696	0.000013
587	697	0.000003
587	714	0.001279
587	715	0.000009
587	716	0.000006
588	678	0.996624
588	683	0.000030
588	713	0.001281
589	682	0.000029
589	712	0.001201
590	676	0.000016
590	677	0.999244
590	678	0.000005
590	711	0.000459
591	676	0.999957
591	677	0.000004
592	675	0.999198
593	674	0.999928
594	673	0.999985
595	672	0.999698
596	670	0.000001
596	671	0.999965
597	670	0.996596
597	671	0.000002
599	668	0.996004
600	667	0.999975
601	666	0.999511
602	665	0.999977
603	664	0.999991
604	663	0.999991
605	662	0.999957
606	661	0.999964
607	660	0.999991
608	659	0.999957
609	657	0.000008
609	658	0.999947
610	656	0.000016
610	657	0.999966
610	658	0.000002
611	654	0.000005
611	656	0.998723
611	657	0.000003
612	616	0.000001
613	653	0.000636
614	652	0.000330
614	653	0.863852
615	652	0.865255
615	653	0.000004
616	651	0.864967
616	652	0.000003
616	655	0.131663
617	650	0.861832
617	654	0.134346
618	643	0.000001
618	648	0.004279
618	653	0.131230
619	642	0.000001
619	647	0.002164
619	648	0.858863
619	652	0.127264
619	653	0.003143
620	647	0.863075
620	652	0.006240
621	646	0.864516
622	639	0.000003
622	645	0.864182
622	651	0.116090
623	641	0.000001
623	644	0.864414
623	646	0.000002
623	650	0.134585
624	637	0.000247
624	640	0.000001
624	642	0.000013
624	643	0.748940
624	645	0.000004
624	648	0.000002
624	649	0.134693
625	636	0.000538
625	640	0.000045
625	642	0.262211
625	643	0.106717
625	647	0.000005
625	648	0.134725
626	635	0.000573
626	636	0.000003
626	638	0.001291
626	640	0.004033
626	642	0.088665
626	643	0.002778
626	647	0.134646
627	634	0.000572
627	635	0.000002
627	637	0.001305
627	638	0.000012
627	639	0.003953
627	640	0.000070
627	642	0.002969
627	643	0.000403
627	645	0.124748
628	633	0.000555
628	641	0.013289
628	644	0.130416
628	646	0.000003
629	635	0.001366
629	636	0.000936
629	638	0.002431
629	640	0.013149
629	642	0.577578
629	643	0.065416
630	641	0.979502
631	635	0.000141
631	636	0.001074
631	638	0.010738
631	640	0.980472
631	642	0.000001
632	636	0.000013
632	637	0.009247
632	638	0.000015
632	639	0.980353
633	638	0.977361
633	640	0.000001
676	698	0.000005
677	697	0.000010
677	698	0.000001
678	687	0.000019
678	691	0.001272
678	696	0.000014
678	697	0.000002
679	683	0.000003
679	686	0.000017
679	690	0.001297
679	702	0.000034
679	703	0.000002
679	720	0.000003
680	686	0.000001
680	689	0.001319
680	694	0.000408
680	702	0.000005
680	719	0.000032
680	720	0.000001
681	686	0.000809
681	688	0.002434
681	690	0.000003
681	693	0.004336
681	694	0.000015
681	700	0.002751
681	703	0.000080
681	705	0.000003
682	687	0.002281
682	692	0.004910
682	697	0.000015
682	698	0.000003
682	699	0.002921
682	701	0.000006
682	704	0.000001
682	716	0.000007
682	717	0.000183
682	718	0.010887
683	687	0.000814
683	691	0.005026
683	696	0.000028
683	697	0.000008
683	698	0.002954
683	701	0.000334
683	704	0.000329
683	715	0.000004
683	716	0.000366
683	717	0.013009
684	688	0.000053
684	690	0.004550
684	694	0.000113
684	700	0.000190
684	703	0.000744
684	722	0.000001
685	690	0.000010
685	693	0.000128
685	694	0.000008
685	700	0.001877
685	703	0.000240
686	692	0.000130
686	695	0.002766
686	696	0.000003
686	697	0.000002
686	698	0.000002
686	699	0.002101
686	701	0.004973
686	714	0.000006
686	715	0.000002
686	716	0.000090
686	717	0.000991
686	718	0.512101
687	693	0.000022
687	694	0.002639
687	700	0.015861
687	702	0.000075
687	703	0.000001
687	713	0.000004
687	719	0.065228
687	720	0.000011
687	721	0.000002
688	692	0.000024
688	695	0.000004
688	697	0.002159
688	698	0.000154
688	699	0.016779
688	701	0.000049
688	714	0.000002
688	715	0.000212
688	716	0.744275
688	717	0.001888
688	718	0.062544
689	696	0.002234
689	697	0.000261
689	698	0.016955
689	701	0.000002
689	714	0.000265
689	715	0.910525
689	716	0.002611
689	717	0.055445
690	695	0.001956
690	696	0.000271
690	697	0.016545
690	699	0.000014
690	714	0.922108
690	715	0.001725
690	716	0.039004
691	702	0.000004
691	711	0.000030
691	712	0.000010
691	713	0.963891
691	732	0.000011
691	741	0.000001
692	700	0.000012
692	712	0.950204
692	731	0.000011
692	740	0.000001
693	699	0.000014
693	710	0.000921
693	714	0.000051
693	715	0.000006
693	729	0.000001
693	730	0.000010
693	738	0.000001
694	698	0.000012
694	699	0.000004
694	701	0.000041
694	704	0.000056
694	710	0.911525
694	714	0.000003
694	728	0.000002
694	729	0.000008
694	737	0.000002
695	700	0.000049
695	703	0.001325
695	709	0.970198
695	722	0.000005
695	727	0.000003
695	736	0.000002
696	702	0.001451
696	703	0.000919
696	707	0.000002
696	708	0.972858
696	709	0.000010
696	721	0.000008
696	722	0.000003
696	735	0.000002
697	702	0.001077
697	703	0.000063
697	706	0.000003
697	707	0.972876
697	708	0.000010
697	720	0.000008
697	721	0.000005
697	724	0.000013
698	702	0.000067
698	703	0.000004
698	705	0.000002
698	706	0.972830
698	707	0.000010
698	719	0.000006
698	720	0.000005
698	723	0.000013
698	732	0.000001
699	703	0.000010
699	705	0.955915
699	722	0.000012
699	731	0.000001
700	704	0.818783
700	730	0.000001
701	705	0.000008
701	719	0.000001
701	720	0.000006
701	721	0.000005
704	719	0.026350
705	717	0.000031
705	718	0.026925
706	716	0.000057
706	717	0.027040
707	715	0.000065
707	716	0.027031
707	717	0.000002
708	714	0.000073
708	715	0.027008
708	716	0.000003
709	714	0.023636
709	715	0.000004
710	719	0.000004
711	715	0.000004
711	716	0.000012
711	717	0.000046
712	716	0.000038
712	718	0.000024
713	717	0.000027
714	719	0.000142
714	720	0.000006
714	721	0.000016
714	722	0.000002
714	724	0.000006
715	719	0.000012
715	720	0.000016
715	721	0.000004
715	723	0.000006
716	720	0.000008
716	721	0.000006
716	722	0.000007
716	724	0.000006
717	721	0.000009
717	723	0.000006
718	722	0.000005
735	749	0.000001
736	746	0.000059
736	749	0.000004
737	742	0.000065
737	743	0.000112
737	745	0.000100
737	748	0.000013
738	742	0.000212
738	743	0.000278
738	745	0.000583
738	748	0.000069
738	755	0.000003
738	759	0.000027
738	761	0.000039
738	817	0.000002
738	844	0.000057
739	749	0.001591
739	758	0.000029
739	760	0.000042
739	816	0.000002
739	843	0.000061
739	849	0.000002
739	850	0.000012
740	746	0.000166
740	749	0.000052
740	752	0.000011
740	767	0.000001
740	815	0.000002
740	842	0.000061
740	849	0.000007
740	850	0.000024
740	852	0.000003
741	749	0.001138
741	758	0.000027
741	841	0.000060
741	849	0.000045
741	850	0.000005
742	746	0.000139
742	749	0.000265
742	752	0.000013
742	762	0.000002
742	766	0.000002
742	767	0.000018
742	768	0.000029
742	812	0.000003
742	832	0.000003
742	849	0.000005
742	852	0.000008
743	749	0.000038
743	752	0.000037
743	762	0.000008
743	766	0.000020
743	767	0.000035
743	768	0.000003
743	811	0.000004
743	831	0.000004
743	842	0.000001
743	847	0.000061
743	850	0.000004
743	852	0.000068
744	749	0.002245
744	758	0.000003
744	760	0.000007
744	810	0.000004
744	830	0.000004
744	837	0.000004
744	841	0.000001
744	846	0.000078
744	849	0.000007
744	850	0.000015
745	749	0.000028
745	752	0.000056
745	758	0.000002
745	760	0.000221
745	762	0.000288
745	766	0.000008
745	767	0.000003
745	809	0.000004
745	836	0.000004
745	845	0.000078
745	849	0.000012
745	850	0.000003
745	852	0.001028
746	755	0.000014
746	757	0.000002
746	759	0.000286
746	761	0.000333
746	764	0.000053
746	808	0.000003
746	838	0.000014
746	844	0.000079
747	758	0.000295
747	760	0.000331
747	837	0.000014
747	843	0.000079
747	846	0.000002
747	849	0.000181
747	850	0.095943
748	752	0.000016
748	758	0.000002
748	760	0.000012
748	762	0.001377
748	766	0.000042
748	771	0.000001
748	836	0.000013
748	842	0.000051
748	845	0.000002
748	849	0.097004
748	850	0.000002
748	852	0.378657
749	753	0.000049
749	754	0.000207
749	755	0.000011
749	756	0.000078
749	757	0.000003
749	759	0.000124
749	761	0.001736
749	763	0.000045
749	764	0.000002
749	765	0.000049
749	770	0.000001
749	793	0.000004
749	805	0.000004
749	825	0.000002
749	844	0.000002
749	848	0.098088
749	851	0.657919
750	758	0.000125
750	760	0.001422
750	792	0.000004
750	804	0.000004
750	824	0.000002
750	841	0.000001
750	843	0.000002
750	846	0.002869
750	847	0.095356
750	849	0.000002
750	850	0.657924
751	758	0.001158
751	760	0.002742
751	791	0.000004
751	803	0.000004
751	823	0.000001
751	845	0.005558
751	846	0.092099
751	847	0.000019
751	849	0.655111
751	850	0.000017
752	757	0.000960
752	759	0.004202
752	761	0.001029
752	790	0.000004
752	793	0.000001
752	802	0.000004
752	844	0.008204
753	758	0.004273
753	760	0.001186
753	792	0.000002
753	843	0.006269
753	845	0.029705
753	846	0.009842
753	847	0.534227
753	849	0.000033
753	850	0.001687
754	758	0.000180
754	760	0.000793
754	786	0.000005
754	791	0.000002
754	837	0.000002
754	841	0.000206
754	843	0.075515
754	845	0.010206
754	846	0.533539
754	847	0.001273
754	849	0.001686
754	850	0.000183
755	760	0.000027
755	762	0.000013
755	766	0.000005
755	767	0.000024
755	768	0.000081
755	772	0.000002
755	773	0.000001
755	785	0.000005
755	787	0.000004
755	836	0.000002
755	841	0.000009
755	842	0.077578
755	843	0.000037
755	845	0.385514
755	846	0.001440
755	847	0.000346
755	849	0.000108
755	850	0.000405
755	852	0.003712
756	760	0.000125
756	784	0.000005
756	786	0.000005
756	792	0.000004
756	800	0.000052
756	837	0.000085
756	841	0.076956
756	843	0.065856
756	845	0.024142
756	846	0.000489
756	847	0.000117
756	849	0.000839
756	850	0.180933
757	762	0.000034
757	766	0.012387
757	767	0.000182
757	768	0.000346
757	771	0.001316
757	772	0.000029
757	773	0.000020
757	776	0.000028
757	781	0.000128
757	782	0.000002
757	784	0.000003
757	785	0.000005
757	791	0.000005
757	799	0.000070
757	834	0.000017
757	835	0.000003
757	836	0.000095
757	837	0.000026
757	841	0.000119
757	842	0.061239
757	843	0.004533
757	845	0.000544
757	846	0.000119
757	847	0.000001
757	849	0.188843
757	850	0.000008
757	852	0.000317
758	763	0.000590
758	764	0.000020
758	765	0.014825
758	769	0.000741
758	770	0.001551
758	774	0.000820
758	775	0.000021
758	777	0.000037
758	779	0.000003
758	780	0.000151
758	783	0.000063
758	790	0.000002
758	798	0.000073
758	833	0.000018
758	838	0.000123
758	839	0.019777
758	840	0.001831
758	844	0.000266
758	848	0.302563
758	851	0.000557
759	766	0.008556
759	767	0.000139
759	768	0.001166
759	771	0.000804
759	772	0.000017
759	773	0.000802
759	776	0.000041
759	781	0.000072
759	782	0.000059
759	784	0.000003
759	797	0.000072
759	799	0.000006
759	832	0.000017
759	834	0.000370
759	835	0.000086
759	836	0.000934
759	837	0.000844
759	841	0.003060
759	842	0.000170
759	843	0.000231
759	845	0.000195
759	846	0.000012
759	847	0.302291
759	849	0.000048
759	850	0.000531
759	852	0.003871
760	764	0.000021
760	765	0.010463
760	769	0.000404
760	770	0.000999
760	774	0.000286
760	775	0.000020
760	777	0.000110
760	778	0.000013
760	779	0.000002
760	780	0.000092
760	783	0.000022
760	788	0.000017
760	795	0.000010
760	796	0.000057
760	798	0.000008
760	833	0.000400
760	838	0.000054
760	839	0.066698
760	840	0.004578
760	844	0.000176
760	848	0.000473
760	851	0.033576
761	766	0.000046
761	767	0.000222
761	768	0.000511
761	771	0.000014
761	772	0.000007
761	773	0.000273
761	776	0.000119
761	782	0.000021
761	787	0.000017
761	797	0.000008
761	832	0.000362
761	834	0.007681
761	835	0.000093
761	836	0.000293
761	837	0.000034
761	841	0.000030
761	842	0.000010
761	843	0.000017
761	845	0.418027
761	846	0.000004
761	847	0.000231
761	849	0.000484
761	850	0.033222
762	769	0.000063
762	775	0.000111
762	777	0.000001
762	778	0.000003
762	779	0.000002
762	793	0.000042
762	794	0.000008
762	796	0.000007
762	833	0.007713
762	838	0.107797
762	840	0.000017
762	844	0.726634
763	786	0.000026
763	792	0.000044
763	824	0.000001
763	830	0.000004
763	837	0.111196
763	841	0.000002
763	843	0.730984
763	845	0.000174
763	846	0.000198
763	847	0.046743
763	849	0.000078
763	850	0.000013
764	768	0.000020
764	771	0.000023
764	772	0.000010
764	773	0.000036
764	776	0.000002
764	781	0.000029
764	782	0.000002
764	785	0.000027
764	791	0.000004
764	792	0.000022
764	831	0.010984
764	832	0.000034
764	834	0.000020
764	835	0.000140
764	836	0.104687
764	837	0.000004
764	842	0.723719
764	843	0.000013
764	845	0.000079
764	846	0.047200
764	847	0.000119
764	849	0.000011
765	784	0.000027
765	791	0.000065
765	830	0.011606
765	837	0.000016
765	841	0.719364
765	843	0.000168
765	845	0.052538
765	846	0.000278
765	847	0.000035
766	775	0.000065
766	777	0.000008
766	778	0.000031
766	779	0.001890
766	790	0.000066
766	828	0.000009
766	829	0.011518
766	833	0.000245
766	838	0.000061
766	840	0.659507
766	844	0.049926
767	775	0.000195
767	777	0.000072
767	778	0.004906
767	779	0.000574
767	789	0.000059
767	794	0.000006
767	827	0.000015
767	828	0.011069
767	829	0.000025
767	833	0.032788
767	838	0.005497
767	840	0.003333
767	844	0.003372
768	775	0.000380
768	777	0.005814
768	778	0.000685
768	779	0.000110
768	793	0.000007
768	825	0.000092
768	827	0.009180
768	828	0.000036
768	829	0.000004
768	833	0.001446
768	838	0.257344
768	840	0.000440
768	844	0.001001
769	773	0.000079
769	776	0.005128
769	781	0.000115
769	782	0.000045
769	785	0.000007
769	787	0.000058
769	792	0.000007
769	797	0.000001
769	824	0.000127
769	830	0.000001
769	831	0.111192
769	832	0.000855
769	834	0.000025
769	835	0.000270
769	836	0.002596
769	837	0.227088
769	841	0.000011
769	842	0.119994
769	843	0.000296
770	784	0.000007
770	786	0.000059
770	791	0.000007
770	823	0.000049
770	824	0.000769
770	830	0.117247
770	837	0.034774
770	841	0.131411
770	843	0.000002
770	845	0.000002
771	775	0.000144
771	777	0.000145
771	778	0.000765
771	779	0.001459
771	790	0.000007
771	796	0.000001
771	825	0.000011
771	827	0.000036
771	828	0.000106
771	829	0.116634
771	833	0.000542
771	838	0.004991
771	840	0.134409
771	844	0.000002
772	777	0.000735
772	778	0.001800
772	779	0.000760
772	789	0.000006
772	794	0.000115
772	825	0.000024
772	827	0.000187
772	828	0.111792
772	829	0.000123
772	833	0.001192
772	838	0.004094
772	840	0.000874
773	777	0.001132
773	778	0.000644
773	779	0.000110
773	793	0.000142
773	825	0.007263
773	827	0.091166
773	828	0.000188
773	829	0.000007
773	833	0.005049
773	838	0.322242
773	840	0.000015
773	844	0.000034
774	784	0.000003
774	786	0.000002
774	792	0.000145
774	823	0.000018
774	824	0.009256
774	830	0.000831
774	837	0.345441
774	843	0.000035
774	846	0.000006
775	781	0.000286
775	782	0.000392
775	785	0.000002
775	791	0.000145
775	823	0.001979
775	824	0.000356
775	830	0.003301
775	831	0.004253
775	832	0.000653
775	834	0.133436
775	835	0.008407
775	836	0.300508
775	837	0.000079
775	842	0.000033
775	845	0.000008
776	790	0.000143
776	825	0.009701
776	827	0.000273
776	828	0.000462
776	829	0.003740
776	833	0.152819
776	838	0.000257
776	840	0.000001
776	844	0.000010
777	781	0.000094
777	782	0.000150
777	785	0.000001
777	787	0.000002
777	823	0.000082
777	824	0.010123
777	830	0.000581
777	831	0.001063
777	832	0.117845
777	834	0.045215
777	835	0.004251
777	836	0.000459
777	837	0.000280
777	843	0.000008
778	782	0.000079
778	784	0.000001
778	786	0.000003
778	823	0.000455
778	824	0.001188
778	830	0.001194
778	831	0.080562
778	832	0.471270
778	834	0.002105
778	835	0.000333
778	836	0.000141
778	837	0.000004
778	842	0.000005
778	843	0.000013
779	785	0.000003
779	787	0.000139
779	823	0.000060
779	824	0.001074
779	830	0.040865
779	831	0.557715
779	832	0.000720
779	834	0.000072
779	835	0.000034
779	836	0.000001
779	841	0.000003
779	842	0.000026
780	784	0.000003
780	786	0.000140
780	823	0.000417
780	824	0.003384
780	830	0.598108
780	837	0.000002
780	841	0.000031
781	794	0.000001
781	825	0.006353
781	827	0.000686
781	828	0.011462
781	829	0.586951
781	840	0.000026
782	793	0.000002
782	821	0.000001
782	825	0.021278
782	827	0.013708
782	828	0.543998
782	829	0.000186
783	792	0.000002
783	823	0.973833
783	824	0.013236
784	820	0.000054
784	822	0.998785
784	826	0.000092
784	827	0.000001
784	828	0.000330
785	796	0.000001
785	819	0.000057
785	821	0.998746
785	825	0.000057
785	827	0.000522
785	840	0.000002
786	795	0.000001
786	820	0.999090
786	826	0.000543
786	839	0.000003
787	794	0.000001
787	817	0.000130
787	819	0.998752
787	825	0.000543
787	838	0.000003
788	816	0.000224
788	818	0.997744
788	824	0.000543
788	837	0.000003
789	800	0.000034
789	815	0.000162
789	816	0.851071
789	818	0.000007
789	823	0.000499
789	836	0.000003
790	799	0.000254
790	815	0.992343
790	816	0.000580
790	823	0.000022
790	835	0.000002
791	798	0.000292
791	814	0.998608
791	820	0.000007
791	821	0.000429
791	822	0.000044
792	798	0.000011
792	813	0.998644
792	819	0.000002
792	820	0.000448
792	821	0.000032
792	822	0.000007
792	833	0.000002
793	797	0.000009
793	811	0.000047
793	812	0.997604
793	818	0.000003
793	832	0.000003
794	810	0.000093
794	811	0.997030
794	812	0.000007
794	818	0.000004
794	831	0.000003
795	803	0.000001
795	804	0.000013
795	809	0.000182
795	810	0.994656
795	818	0.000021
795	830	0.000003
796	803	0.000032
796	804	0.000007
796	809	0.797415
796	810	0.000157
796	811	0.000028
796	818	0.000002
797	802	0.000064
797	805	0.059577
797	806	0.000999
797	808	0.632124
797	819	0.000467
798	803	0.014382
798	804	0.079292
798	809	0.189748
798	810	0.000003
798	818	0.000489
799	805	0.013001
799	806	0.273884
799	808	0.230621
799	817	0.000321
800	805	0.153718
800	806	0.003029
800	807	0.242279
800	808	0.000149
800	817	0.000884
801	809	0.000151
801	810	0.000005
801	816	0.001324
802	809	0.000013
802	815	0.001327
803	807	0.000895
803	808	0.000070
803	814	0.001328
804	808	0.000013
804	813	0.001328
805	811	0.000002
805	812	0.001292
806	810	0.000004
806	811	0.000978
818	844	0.000009
820	843	0.000262
821	842	0.000312
822	841	0.000340
823	829	0.000002
823	839	0.001216
823	840	0.002676
824	828	0.000018
824	829	0.000082
824	833	0.000350
824	838	0.001982
824	839	0.069027
824	840	0.000048
824	844	0.000013
824	848	0.000005
825	830	0.000010
825	831	0.000687
825	832	0.000321
825	834	0.000012
825	835	0.000005
825	836	0.000007
825	837	0.000014
825	842	0.000009
825	847	0.000005
826	830	0.000795
826	837	0.087194
826	841	0.000011
826	843	0.000221
826	846	0.000004
827	831	0.000009
827	832	0.000014
827	834	0.000086
827	835	0.000310
827	836	0.087404
827	837	0.000868
827	842	0.000228
827	843	0.000002
827	845	0.000004
828	832	0.000009
828	834	0.000421
828	835	0.083664
828	836	0.001592
828	837	0.000229
828	841	0.000188
828	842	0.000003
829	834	0.065910
829	835	0.001898
829	836	0.000425
829	837	0.000012
829	841	0.000003
829	842	0.000002
830	838	0.000004
830	839	0.003940
830	840	0.000002
831	838	0.003514
831	840	0.000011
832	838	0.000165
832	840	0.000007
833	837	0.000185
833	841	0.000002
834	838	0.000021
834	840	0.000022
835	840	0.000052
836	840	0.000015
836	844	0.000001
837	848	0.000077
837	851	0.000006
838	847	0.000077
838	850	0.000004
839	843	0.000001
839	845	0.000014
839	846	0.000077
839	849	0.000004
839	850	0.000003
840	845	0.000068
840	849	0.000004
841	848	0.000005
843	851	0.000013
844	850	0.000013
844	852	0.000003
845	851	0.000006
846	851	0.000012
