1	7	0.000054
1	8	0.000046
1	9	0.000011
1	12	0.000003
1	13	0.000002
1	15	0.000014
1	41	0.350972
1	765	0.000001
1	781	0.000030
1	785	0.225421
1	788	0.000021
1	797	0.000005
1	798	0.000009
1	799	0.000037
1	801	0.000005
1	802	0.000015
1	803	0.000042
1	804	0.000143
1	807	0.000115
1	808	0.000322
2	7	0.000160
2	8	0.000034
2	9	0.000006
2	11	0.000004
2	12	0.000003
2	14	0.000017
2	15	0.000005
2	30	0.000051
2	39	0.000278
2	40	0.464168
2	41	0.002765
2	42	0.008316
2	46	0.000089
2	62	0.000002
2	764	0.000002
2	780	0.000043
2	781	0.000012
2	783	0.000246
2	784	0.255155
2	785	0.002392
2	788	0.000007
2	795	0.000324
2	797	0.000009
2	798	0.000036
2	799	0.000104
2	801	0.000011
2	802	0.000040
2	803	0.000241
2	804	0.000214
2	805	0.016279
2	807	0.000288
2	808	0.000046
2	810	0.003171
3	7	0.000031
3	8	0.000023
3	9	0.000010
3	11	0.000003
3	13	0.000016
3	14	0.000007
3	29	0.000052
3	39	0.464271
3	40	0.003407
3	41	0.006721
3	42	0.076294
3	46	0.000006
3	61	0.000002
3	763	0.000002
3	779	0.000039
3	780	0.000019
3	783	0.252873
3	784	0.002561
3	785	0.000018
3	788	0.000003
3	795	0.000086
3	797	0.000014
3	798	0.000119
3	799	0.000055
3	801	0.000011
3	802	0.000208
3	803	0.000270
3	804	0.014764
3	805	0.006673
3	807	0.000023
3	808	0.000192
3	810	0.003615
4	8	0.000048
4	9	0.000030
4	12	0.000015
4	13	0.000007
4	28	0.000052
4	41	0.073434
4	60	0.000002
4	778	0.000032
4	779	0.000017
4	781	0.000008
4	785	0.000012
4	788	0.000005
4	797	0.000101
4	798	0.000050
4	799	0.000008
4	801	0.000155
4	802	0.000204
4	803	0.012427
4	804	0.005718
4	807	0.000175
4	808	0.001414
5	10	0.000012
5	27	0.000052
5	59	0.000002
5	782	0.003287
5	809	0.005947
6	26	0.000052
6	41	0.000754
6	58	0.000002
6	778	0.000003
6	781	0.001349
6	785	0.000008
6	788	0.000046
6	797	0.000022
6	798	0.000004
6	799	0.000019
6	801	0.000633
6	802	0.000192
6	803	0.000081
6	804	0.000023
6	807	0.000290
6	808	0.004814
7	25	0.000048
7	37	0.000114
7	38	0.008804
7	43	0.000212
7	44	0.000217
7	45	0.000100
7	57	0.000002
7	777	0.000004
7	786	0.000003
7	787	0.000048
7	789	0.000003
7	790	0.000009
7	791	0.000013
7	792	0.000015
7	793	0.000015
7	794	0.000020
7	796	0.000022
7	800	0.000561
7	806	0.000311
7	809	0.000011
7	811	0.000020
7	812	0.000022
8	22	0.000024
8	37	0.004786
8	38	0.818157
8	43	0.000143
8	44	0.000084
8	45	0.000011
8	786	0.000025
8	787	0.000002
8	789	0.000005
8	790	0.000012
8	791	0.000014
8	792	0.000014
8	793	0.000019
8	794	0.000002
8	796	0.000002
8	800	0.000008
8	806	0.000155
8	809	0.000004
8	811	0.000020
8	812	0.000044
9	19	0.000003
9	21	0.000030
9	37	0.971720
9	38	0.000279
9	43	0.000027
9	44	0.000004
9	786	0.000001
9	789	0.000005
9	790	0.000008
9	791	0.000008
9	792	0.000011
9	793	0.000002
9	806	0.000003
9	811	0.000076
10	18	0.000003
10	20	0.000030
10	23	0.000002
10	36	0.999708
10	42	0.000007
10	810	0.000078
11	16	0.000006
11	35	0.999746
11	809	0.000077
12	19	0.000002
12	31	0.000004
12	34	0.991687
12	35	0.000003
12	38	0.000001
13	31	0.000121
13	34	0.000106
13	37	0.000001
14	35	0.000005
15	31	0.914146
15	34	0.000006
15	806	0.000004
16	28	0.000021
16	29	0.077107
16	30	0.917158
16	32	0.000048
16	33	0.000004
16	805	0.000005
17	26	0.000064
17	28	0.533652
17	29	0.462634
17	804	0.000003
18	25	0.000136
18	27	0.988331
19	24	0.000099
19	26	0.987382
19	28	0.010478
20	25	0.983866
20	27	0.010729
21	26	0.008118
21	28	0.000001
21	29	0.000003
22	26	0.000008
22	28	0.000017
23	27	0.000017
27	36	0.000001
28	35	0.000001
33	811	0.000001
34	41	0.000004
35	40	0.000004
35	42	0.000001
35	810	0.000104
36	809	0.000104
37	41	0.000005
37	808	0.000100
38	788	0.000006
38	803	0.000001
38	804	0.000001
38	807	0.000070
38	808	0.000002
39	48	0.000014
39	57	0.000001
39	72	0.000022
39	782	0.000004
39	809	0.000040
40	48	0.000143
40	56	0.000001
40	71	0.000022
40	769	0.000001
40	782	0.000003
40	809	0.000040
41	45	0.000145
41	47	0.000134
41	48	0.000002
41	49	0.000274
41	70	0.000022
41	768	0.000001
41	782	0.000001
41	786	0.000321
41	787	0.000387
41	789	0.000047
41	790	0.000014
41	791	0.000004
41	792	0.000001
41	793	0.000001
41	800	0.000002
41	806	0.000012
41	809	0.000005
41	811	0.000206
41	812	0.000005
42	48	0.000335
42	69	0.000021
42	767	0.000001
42	782	0.000030
42	809	0.004580
43	67	0.000001
43	766	0.000001
43	781	0.000016
43	785	0.011368
43	788	0.000055
43	797	0.000001
43	798	0.000007
43	799	0.000124
43	801	0.000002
43	802	0.000015
43	803	0.000119
43	804	0.000218
43	807	0.000017
43	808	0.004495
44	781	0.000002
44	785	0.001895
44	788	0.000033
44	797	0.000007
44	798	0.000147
44	799	0.000034
44	801	0.000010
44	802	0.000128
44	803	0.000253
44	804	0.000095
44	807	0.003415
44	808	0.000171
45	781	0.000005
45	785	0.001186
45	788	0.000083
45	797	0.000144
45	798	0.000037
45	799	0.000008
45	801	0.000100
45	802	0.000156
45	803	0.000091
45	804	0.000025
45	807	0.000143
45	808	0.000031
46	68	0.000003
46	775	0.000007
46	782	0.975623
46	809	0.000015
47	67	0.000003
47	774	0.000007
47	779	0.000013
47	781	0.990549
47	785	0.000048
47	808	0.000009
48	61	0.000029
48	62	0.000006
48	66	0.000003
48	773	0.000007
48	778	0.000017
48	779	0.000050
48	780	0.996237
48	783	0.000008
48	784	0.000053
48	805	0.000005
48	807	0.000002
48	810	0.000002
49	60	0.000040
49	61	0.000003
49	772	0.000005
49	778	0.000398
49	779	0.978941
49	781	0.000001
49	804	0.000004
50	59	0.000044
50	775	0.000006
50	776	0.000014
50	782	0.000080
50	809	0.000003
51	58	0.000044
51	774	0.000006
51	778	0.014627
51	779	0.000013
51	781	0.000078
51	808	0.000003
52	57	0.000044
52	69	0.000006
52	775	0.000056
52	776	0.997509
53	68	0.000006
53	80	0.000001
53	775	0.998765
53	776	0.000740
54	67	0.000006
54	79	0.000001
54	774	0.954917
55	78	0.000001
55	771	0.000002
55	775	0.000004
56	65	0.000045
56	77	0.000001
56	770	0.000002
56	772	0.000138
56	773	0.995941
56	774	0.000054
56	781	0.000001
56	784	0.000003
57	64	0.000046
57	772	0.998084
57	773	0.000111
57	780	0.000002
57	783	0.000003
58	63	0.000040
58	771	0.999339
58	782	0.000003
59	74	0.000001
59	770	0.999839
59	778	0.000006
60	73	0.000001
60	768	0.000009
60	769	0.990874
60	777	0.000007
61	69	0.000004
61	70	0.000002
61	72	0.000002
61	767	0.000012
61	768	0.987160
61	769	0.000014
61	776	0.000007
62	68	0.000051
62	69	0.000005
62	71	0.000002
62	80	0.000003
62	767	0.987367
62	769	0.000006
62	775	0.000009
63	67	0.000076
63	75	0.000001
63	79	0.000031
63	765	0.000508
63	766	0.679977
63	774	0.000008
64	68	0.001113
64	69	0.000673
64	71	0.000190
64	72	0.008739
64	78	0.000050
64	80	0.000018
64	81	0.000149
64	82	0.000073
64	231	0.000001
64	233	0.000001
64	699	0.000028
64	703	0.000005
64	761	0.000024
64	762	0.054980
64	767	0.000178
64	769	0.000009
64	776	0.000005
65	69	0.000367
65	71	0.008784
65	72	0.019728
65	78	0.000019
65	80	0.000270
65	81	0.000173
65	231	0.000010
65	698	0.000027
65	699	0.000078
65	719	0.000008
65	760	0.000014
65	761	0.055038
65	762	0.003376
65	767	0.000170
65	769	0.000035
65	775	0.000005
66	71	0.019743
66	72	0.000485
66	78	0.000074
66	80	0.000269
66	81	0.000001
66	231	0.000005
66	698	0.000078
66	699	0.000010
66	703	0.000001
66	718	0.000008
66	760	0.054242
66	761	0.003376
66	762	0.000153
66	767	0.000164
66	769	0.008019
67	71	0.000400
67	72	0.000041
67	73	0.000041
67	78	0.001620
67	80	0.000002
67	222	0.000008
67	223	0.000178
67	225	0.000161
67	229	0.000432
67	231	0.000004
67	698	0.000010
67	703	0.000003
67	705	0.000043
67	717	0.000008
67	751	0.000003
67	755	0.000036
67	757	0.000006
67	758	0.000267
67	759	0.048749
67	760	0.000771
67	761	0.000152
67	762	0.000001
67	767	0.000017
67	768	0.011045
68	74	0.000855
68	75	0.000341
68	76	0.000005
68	77	0.002704
68	79	0.000006
68	221	0.000059
68	224	0.000579
68	226	0.000156
68	227	0.000608
68	228	0.004397
68	230	0.000049
68	697	0.000009
68	702	0.000005
68	704	0.000050
68	707	0.000015
68	716	0.000008
68	746	0.000001
68	747	0.000001
68	750	0.000013
68	753	0.000005
68	754	0.000127
68	756	0.000055
68	763	0.000230
68	764	0.048330
68	765	0.092226
68	766	0.001555
69	74	0.000410
69	75	0.000009
69	76	0.002573
69	77	0.000949
69	79	0.000009
69	220	0.000043
69	221	0.002353
69	224	0.000762
69	226	0.000528
69	227	0.004841
69	228	0.000001
69	230	0.000045
69	696	0.000003
69	701	0.000002
69	702	0.000042
69	704	0.000006
69	707	0.000004
69	715	0.000008
69	745	0.000001
69	746	0.000001
69	752	0.000003
69	753	0.000113
69	754	0.000034
69	756	0.000524
69	763	0.048362
69	764	0.093314
69	765	0.002753
69	766	0.290714
70	75	0.002213
70	76	0.000922
70	79	0.000087
70	220	0.002321
70	224	0.000261
70	226	0.004222
70	701	0.000037
70	744	0.000001
70	745	0.000001
70	747	0.000082
70	752	0.000102
70	753	0.000038
70	754	0.000455
70	756	0.001831
70	765	0.750485
70	766	0.000102
71	75	0.000426
71	76	0.000002
71	77	0.000068
71	220	0.000057
71	221	0.004046
71	224	0.000151
71	226	0.000005
71	227	0.000016
71	228	0.002613
71	693	0.000002
71	702	0.000007
71	704	0.000015
71	707	0.000002
71	714	0.000003
71	742	0.000001
71	746	0.000084
71	747	0.000008
71	750	0.000006
71	752	0.000015
71	753	0.000223
71	754	0.002779
71	756	0.000581
71	763	0.091736
71	764	0.759176
71	765	0.000295
72	76	0.000029
72	77	0.000141
72	79	0.000001
72	220	0.003189
72	221	0.027420
72	224	0.000029
72	226	0.000004
72	227	0.002911
72	701	0.000003
72	702	0.000030
72	704	0.000005
72	707	0.000001
72	712	0.000007
72	741	0.000001
72	742	0.000001
72	745	0.000084
72	746	0.000008
72	750	0.000076
72	752	0.000026
72	753	0.003442
72	754	0.000401
72	756	0.000016
72	763	0.756758
72	764	0.000293
73	79	0.000314
73	220	0.027537
73	224	0.000015
73	226	0.002892
73	701	0.000026
73	711	0.000007
73	744	0.000085
73	745	0.000007
73	752	0.003521
73	753	0.000286
73	754	0.000028
73	756	0.000006
73	765	0.000001
74	78	0.000332
74	80	0.000091
74	81	0.000003
74	215	0.000008
74	218	0.052680
74	222	0.000123
74	698	0.000005
74	699	0.000004
74	703	0.000005
74	710	0.000007
74	743	0.000085
74	748	0.000003
74	751	0.003489
74	760	0.896615
74	761	0.009837
74	762	0.001865
75	80	0.000006
75	215	0.000003
75	216	0.000052
75	217	0.059766
75	218	0.000009
75	219	0.000031
75	222	0.000002
75	223	0.000002
75	225	0.000004
75	698	0.000003
75	700	0.000014
75	706	0.000002
75	749	0.000017
75	758	0.000020
75	759	0.903913
75	760	0.005477
75	761	0.001349
76	85	0.000027
76	89	0.000001
76	215	0.000050
76	216	0.061370
76	217	0.000025
76	218	0.000029
76	219	0.000993
76	223	0.002782
76	695	0.000004
76	699	0.000016
76	700	0.000006
76	705	0.000003
76	748	0.000012
76	749	0.002687
76	758	0.916366
76	759	0.002720
76	760	0.000124
77	84	0.000031
77	88	0.000002
77	215	0.060931
77	218	0.001068
77	222	0.002795
77	694	0.000004
77	698	0.000016
77	699	0.000007
77	703	0.000003
77	708	0.000009
77	740	0.000002
77	743	0.000001
77	748	0.002749
77	751	0.000154
77	757	0.920086
78	83	0.000030
78	86	0.000001
78	87	0.000002
78	90	0.000002
78	214	0.014043
78	220	0.000013
78	221	0.002770
78	693	0.000004
78	702	0.000002
78	704	0.000050
78	707	0.000036
78	741	0.000002
78	742	0.000001
78	746	0.000004
78	747	0.001062
78	750	0.000164
78	756	0.918616
79	85	0.000001
79	89	0.000002
79	215	0.007031
79	216	0.000191
79	217	0.000047
79	218	0.000027
79	219	0.000219
79	692	0.000004
79	703	0.000048
79	705	0.000002
79	706	0.000032
79	740	0.000002
79	743	0.000001
79	749	0.000151
79	755	0.918942
80	213	0.001259
80	214	0.058206
80	220	0.000001
80	702	0.000022
80	704	0.000003
80	742	0.000001
80	746	0.000007
80	753	0.000005
80	754	0.914443
81	87	0.000002
81	90	0.000004
81	212	0.000842
81	213	0.080641
81	214	0.000002
81	745	0.000002
81	750	0.000001
81	752	0.000004
81	753	0.908776
81	754	0.000004
82	90	0.000169
82	212	0.081431
82	213	0.000002
82	704	0.000007
82	744	0.000002
82	750	0.000003
82	752	0.916212
82	753	0.000004
83	88	0.000012
83	89	0.000187
83	210	0.000424
83	211	0.081883
83	703	0.000008
83	743	0.000002
83	748	0.000003
83	751	0.917200
84	90	0.000032
84	209	0.000194
84	702	0.000008
84	742	0.000001
84	746	0.000002
84	747	0.000001
84	750	0.888003
84	753	0.000002
85	209	0.080965
85	701	0.000008
85	745	0.000003
85	747	0.000051
85	752	0.000002
86	204	0.000002
86	205	0.000022
86	206	0.000001
86	207	0.000095
86	208	0.081720
86	700	0.000008
86	748	0.005685
86	749	0.143136
86	751	0.000002
87	204	0.000015
87	205	0.000054
87	206	0.000133
87	207	0.079947
87	208	0.000003
87	699	0.000007
87	743	0.000004
87	748	0.131944
87	749	0.002013
87	751	0.000004
88	203	0.000002
88	213	0.000004
88	742	0.000005
88	746	0.000085
88	747	0.006802
88	750	0.000104
89	203	0.000003
89	212	0.000004
89	741	0.000005
89	745	0.000019
89	746	0.001209
89	747	0.000232
89	750	0.000023
90	202	0.000002
90	204	0.974244
90	211	0.000003
90	740	0.000005
90	748	0.000042
91	203	0.999895
92	202	0.999989
93	201	0.999976
94	200	0.999511
95	199	0.999967
96	198	0.999743
97	197	0.999954
98	196	0.999510
99	195	0.999981
100	194	0.999978
101	193	0.997092
102	191	0.000041
102	193	0.000005
103	190	0.000023
103	191	0.999063
104	190	0.998282
105	187	0.000013
105	188	0.000075
105	189	0.919950
106	190	0.000023
107	187	0.100550
107	188	0.274931
110	185	0.000004
110	186	0.981651
110	187	0.000024
110	188	0.000006
111	185	0.999832
111	187	0.000003
112	184	0.999499
112	186	0.000001
113	183	0.999974
114	182	0.999823
115	160	0.000003
115	181	0.965569
116	161	0.000002
116	162	0.000256
116	180	0.794352
117	161	0.277823
117	162	0.000003
118	160	0.890623
118	181	0.000003
119	158	0.000001
119	159	0.999451
119	160	0.000008
120	158	0.999968
120	159	0.000005
121	156	0.000001
121	157	0.999031
122	156	0.999289
122	157	0.000001
123	155	0.999964
124	154	0.999511
125	153	0.999977
126	152	0.999984
127	150	0.000001
127	151	0.998859
128	150	0.998775
129	149	0.998652
130	148	0.911101
131	146	0.000002
131	147	0.649753
131	148	0.085284
132	146	0.387791
132	147	0.350045
133	139	0.000003
133	143	0.006217
133	146	0.611800
134	138	0.000003
134	140	0.000002
134	142	0.006271
134	145	0.866866
135	139	0.000002
135	143	0.007765
135	147	0.000026
136	143	0.976668
136	146	0.000034
137	142	0.986965
137	145	0.000042
138	143	0.000033
160	180	0.045703
161	178	0.000009
161	179	0.720715
162	177	0.000016
162	178	0.993994
162	179	0.004415
163	176	0.000011
163	177	0.996640
163	178	0.003326
164	175	0.000006
164	176	0.997754
164	177	0.002224
165	175	0.998851
165	176	0.001122
166	173	0.000004
166	174	0.999686
167	171	0.000006
167	173	0.999403
168	172	0.656416
203	748	0.000010
204	746	0.000002
204	747	0.000029
204	750	0.000019
205	214	0.000005
205	745	0.000003
205	747	0.863420
206	213	0.000005
206	745	0.000011
206	746	0.915883
206	747	0.000003
207	744	0.000007
207	745	0.916566
208	744	0.916452
208	745	0.000002
209	743	0.916117
210	742	0.917558
211	704	0.000019
211	741	0.917600
212	699	0.000020
212	703	0.000022
212	739	0.000005
212	740	0.916761
213	218	0.000051
213	222	0.000003
213	698	0.000044
213	699	0.001174
213	703	0.000273
213	739	0.807284
213	740	0.000295
214	218	0.000010
214	219	0.000125
214	222	0.000298
214	223	0.000009
214	225	0.000003
214	229	0.000001
214	698	0.001221
214	699	0.000099
214	700	0.000814
214	703	0.043382
214	705	0.223713
214	706	0.020308
214	708	0.000071
214	737	0.000152
214	739	0.000137
215	220	0.000003
215	221	0.000651
215	224	0.000003
215	227	0.000054
215	228	0.000002
215	230	0.000001
215	697	0.000623
215	701	0.000173
215	702	0.080772
215	704	0.258477
215	707	0.012553
215	736	0.000136
215	738	0.001522
215	746	0.000003
216	220	0.000497
216	224	0.000002
216	226	0.000049
216	696	0.000485
216	701	0.076116
216	734	0.000004
216	745	0.000003
217	224	0.000023
217	226	0.000008
217	696	0.000002
217	701	0.000627
217	734	0.000005
217	744	0.000002
218	224	0.000003
218	227	0.001015
218	236	0.000050
218	693	0.000005
218	696	0.000002
218	697	0.154428
218	701	0.009092
218	702	0.716452
218	704	0.000186
218	707	0.000011
218	738	0.000001
219	224	0.000009
219	226	0.001001
219	235	0.000051
219	696	0.155400
219	701	0.718192
220	225	0.000789
220	234	0.000051
220	692	0.000018
220	695	0.156235
220	698	0.000006
220	699	0.170504
220	700	0.602862
220	703	0.000003
220	705	0.000003
220	758	0.000029
221	231	0.000001
221	233	0.000051
221	691	0.000028
221	694	0.156374
221	698	0.492790
221	699	0.304554
221	703	0.000021
221	757	0.000033
222	226	0.000010
222	227	0.000828
222	228	0.000026
222	230	0.000002
222	232	0.000027
222	236	0.000006
222	690	0.000031
222	693	0.155444
222	696	0.000021
222	697	0.792407
222	702	0.000024
222	704	0.000001
222	754	0.000002
222	756	0.000013
223	232	0.000009
223	235	0.000006
223	690	0.000043
223	696	0.793917
223	701	0.000024
223	753	0.000001
223	754	0.000001
223	756	0.000045
224	231	0.000009
224	234	0.000005
224	689	0.000009
224	691	0.004222
224	692	0.003167
224	694	0.008552
224	695	0.772053
224	698	0.000002
224	700	0.000022
224	755	0.000050
224	757	0.000003
225	232	0.000001
225	682	0.000002
225	688	0.000004
225	690	0.003874
225	696	0.000431
225	701	0.000001
225	754	0.000045
225	756	0.000005
226	231	0.000001
226	234	0.000001
226	681	0.000003
226	687	0.000002
226	689	0.000511
226	691	0.004157
226	692	0.912543
226	694	0.000119
226	695	0.000635
226	699	0.000001
226	700	0.000002
226	755	0.000004
226	758	0.000035
227	231	0.000003
227	233	0.000001
227	680	0.000003
227	689	0.000642
227	691	0.931357
227	694	0.000675
227	698	0.000002
227	699	0.000002
227	757	0.000039
228	679	0.000003
228	687	0.000001
228	689	0.990021
228	691	0.000281
228	698	0.000002
229	688	0.997344
229	690	0.000275
230	687	0.998782
230	689	0.000256
231	236	0.000002
231	686	0.997809
231	688	0.000211
231	704	0.000206
232	684	0.496525
232	685	0.497694
232	687	0.000003
232	703	0.000206
233	682	0.000002
233	683	0.996822
233	686	0.000001
233	702	0.000207
234	682	0.998583
234	701	0.000207
235	679	0.000001
235	680	0.000959
235	681	0.997332
235	700	0.000206
236	679	0.003421
236	680	0.991635
236	699	0.000201
237	409	0.453362
238	407	0.000005
238	408	0.908456
238	589	0.000001
238	679	0.000692
239	406	0.000010
239	407	0.999225
239	679	0.000005
240	405	0.000009
240	406	0.999659
240	407	0.000309
241	404	0.000008
241	405	0.999657
241	406	0.000316
242	404	0.999615
242	405	0.000322
243	402	0.000014
243	403	0.991088
243	404	0.000312
245	402	0.898322
246	399	0.000014
246	401	0.898322
247	399	0.991400
248	398	0.999931
248	399	0.000020
249	397	0.999976
249	398	0.000014
250	396	0.999984
250	397	0.000007
251	395	0.999991
252	394	0.999977
253	393	0.999484
254	392	0.999545
255	385	0.000001
255	390	0.000016
255	391	0.139503
256	390	0.126733
256	391	0.860112
257	381	0.000002
257	390	0.870981
257	391	0.000005
258	383	0.003693
258	384	0.115882
258	386	0.003915
258	387	0.015209
258	388	0.003286
258	389	0.840129
259	383	0.256804
259	384	0.001320
259	386	0.021439
259	387	0.005103
259	388	0.668692
259	389	0.000330
260	381	0.996121
261	380	0.999851
261	383	0.000003
261	384	0.000002
261	386	0.000062
262	379	0.999486
262	384	0.000001
263	377	0.000001
263	378	0.999484
264	377	0.999902
265	376	0.986576
266	371	0.000004
266	374	0.478259
266	376	0.000089
266	380	0.000002
267	376	0.000015
267	379	0.000002
268	372	0.942244
268	373	0.013858
268	375	0.000021
269	369	0.000003
269	370	0.002019
269	371	0.997607
269	374	0.000006
270	368	0.000003
270	369	0.002323
270	370	0.997493
270	371	0.000168
271	290	0.000002
271	367	0.000003
271	368	0.002620
271	369	0.997189
271	370	0.000167
272	289	0.000012
272	290	0.000289
272	367	0.002902
272	368	0.994957
272	369	0.000164
274	288	0.016291
274	289	0.000034
274	364	0.000005
275	287	0.018619
275	364	0.000002
275	365	0.979587
275	367	0.000007
276	286	0.018623
276	364	0.980700
277	285	0.018624
277	361	0.000221
277	362	0.000554
277	363	0.978592
278	284	0.018627
278	360	0.000593
278	361	0.001047
278	362	0.974058
278	363	0.000198
279	287	0.000003
279	289	0.000010
279	359	0.000757
280	286	0.000003
280	288	0.000012
281	287	0.000012
281	356	0.000007
281	359	0.742097
282	286	0.000009
282	355	0.000006
284	356	0.980930
284	359	0.000001
285	355	0.980792
286	353	0.000002
286	354	0.980674
287	353	0.979794
288	351	0.000586
288	353	0.000011
289	350	0.000025
289	351	0.711985
290	350	0.998624
290	351	0.000081
291	348	0.000001
291	349	0.998661
292	348	0.998851
292	349	0.000002
293	347	0.999965
294	346	0.999970
295	345	0.999562
296	344	0.999728
296	347	0.000002
296	368	0.000006
297	302	0.000001
297	341	0.000020
297	344	0.000063
297	346	0.000003
297	367	0.000008
298	340	0.000020
298	342	0.990600
298	343	0.000065
298	345	0.000004
298	366	0.000008
299	339	0.000020
299	341	0.999451
299	344	0.000005
299	365	0.000008
300	340	0.997863
300	343	0.000005
301	339	0.974896
301	364	0.000008
302	306	0.000001
302	342	0.000002
302	343	0.000132
302	363	0.000008
303	342	0.000131
303	343	0.000111
303	362	0.000008
304	342	0.000111
304	343	0.000046
304	361	0.000008
305	342	0.000046
305	360	0.000008
306	338	0.997949
306	339	0.000016
306	341	0.000027
306	359	0.000008
307	337	0.999440
307	340	0.000015
307	358	0.000008
308	336	0.999966
308	339	0.000002
309	335	0.999950
309	338	0.000001
310	334	0.982997
311	357	0.000008
312	331	0.000001
312	332	0.994305
312	333	0.000931
312	356	0.000008
313	331	0.999377
313	355	0.000008
314	330	0.999483
314	354	0.000008
315	329	0.999955
315	353	0.000008
316	328	0.999567
316	352	0.000008
317	326	0.000011
317	327	0.999907
317	351	0.000008
318	326	0.998631
318	327	0.000036
318	329	0.000002
318	350	0.000007
319	328	0.000005
319	349	0.000005
320	326	0.000214
320	327	0.000008
321	325	0.000664
321	326	0.000010
324	349	0.000002
325	348	0.000008
326	347	0.000008
327	346	0.000008
328	345	0.000008
329	344	0.000008
332	343	0.000006
333	342	0.000006
350	368	0.000578
351	367	0.018297
352	366	0.018551
353	365	0.018642
354	364	0.018633
355	362	0.000048
355	363	0.018546
356	361	0.000095
356	362	0.018497
356	363	0.000021
357	365	0.000002
358	364	0.000002
359	363	0.000002
381	386	0.000159
381	387	0.000006
381	388	0.000021
381	389	0.000068
382	387	0.000208
382	388	0.000133
383	390	0.000010
383	391	0.000001
384	390	0.000001
386	390	0.000005
386	391	0.000002
407	535	0.000006
409	429	0.000001
409	534	0.455326
409	589	0.000001
410	428	0.000002
410	530	0.000002
410	531	0.000019
410	533	0.991403
410	679	0.000010
411	425	0.000113
411	532	0.998554
411	678	0.000005
412	424	0.000113
412	529	0.000022
412	530	0.000028
412	531	0.999819
413	423	0.000113
413	528	0.000022
413	529	0.000045
413	530	0.999705
414	422	0.000113
414	527	0.000021
415	421	0.000112
415	526	0.000018
415	528	0.990819
415	529	0.000018
416	527	0.999620
417	525	0.000037
417	526	0.996283
418	429	0.000001
418	525	0.969803
418	526	0.001077
419	428	0.000002
420	523	0.000055
420	524	0.998820
421	523	0.999216
422	522	0.999056
423	520	0.000009
423	521	0.999799
424	520	0.997798
424	521	0.000006
425	431	0.007727
425	518	0.000604
426	433	0.000043
426	517	0.000267
427	433	0.000133
427	517	0.000006
428	433	0.000016
428	434	0.000091
428	520	0.000082
428	524	0.000016
429	433	0.000083
429	523	0.000015
431	520	0.000942
431	521	0.000039
433	518	0.000002
433	519	0.985465
434	516	0.000001
434	518	0.999209
435	517	0.999288
436	515	0.000019
436	516	0.999961
437	514	0.000034
437	515	0.999614
439	513	0.997039
439	514	0.000005
440	511	0.000070
440	512	0.999793
441	510	0.002212
441	511	0.965876
442	509	0.002221
443	509	0.987160
444	507	0.000004
444	508	0.998116
445	507	0.999974
446	506	0.999944
447	505	0.987589
448	502	0.000004
449	500	0.000009
449	503	0.997261
449	504	0.000931
450	499	0.000009
450	502	0.999967
451	498	0.000009
451	501	0.999500
452	497	0.000010
452	500	0.999946
453	496	0.000010
453	498	0.001965
453	499	0.994334
454	497	0.003924
454	500	0.000001
455	497	0.915503
458	495	0.987522
459	493	0.000014
459	494	0.999882
460	492	0.000015
460	493	0.999961
460	494	0.000012
461	491	0.000013
461	492	0.999828
461	493	0.000012
462	491	0.956921
463	487	0.000002
463	491	0.005332
464	485	0.000001
465	487	0.000003
465	491	0.000208
466	484	0.000008
466	487	0.000018
466	491	0.000067
467	483	0.000009
467	487	0.000051
467	488	0.995345
468	487	0.998876
469	478	0.000001
469	482	0.000004
469	485	0.000001
469	486	0.999417
470	477	0.000001
470	481	0.000004
470	485	0.999850
471	484	0.984543
471	487	0.000006
472	477	0.000002
472	478	0.000226
472	479	0.000012
472	481	0.000059
472	482	0.871336
472	486	0.000012
473	477	0.000224
473	479	0.000335
473	481	0.901311
473	482	0.090301
473	485	0.000013
474	480	0.887690
474	483	0.002138
474	484	0.000018
475	484	0.000002
476	481	0.001652
476	482	0.001617
477	483	0.000051
478	484	0.000004
479	483	0.000008
519	532	0.000009
520	529	0.000009
520	530	0.000003
520	531	0.000012
521	528	0.000009
521	529	0.000003
521	530	0.000012
521	533	0.000078
522	532	0.000079
523	531	0.000079
523	534	0.000002
524	530	0.000078
524	533	0.000003
525	532	0.000002
533	678	0.000006
534	587	0.000008
535	588	0.973589
535	590	0.000002
535	679	0.000017
536	587	0.990602
537	584	0.000002
537	585	0.007763
537	586	0.992158
537	587	0.000004
538	583	0.000001
538	584	0.010207
538	585	0.989772
538	586	0.000006
539	583	0.012622
539	584	0.985307
539	585	0.000006
541	581	0.000002
541	582	0.992663
541	583	0.004908
542	580	0.000001
542	581	0.997486
542	582	0.002491
543	579	0.000005
543	580	0.998774
544	578	0.000004
544	579	0.998151
544	580	0.000003
544	581	0.000001
545	578	0.999973
546	577	0.999979
547	576	0.998476
548	575	0.999859
549	574	0.999582
550	573	0.999955
551	567	0.000001
551	572	0.999581
552	566	0.000003
552	571	0.999961
553	570	0.999453
554	565	0.009091
554	566	0.001588
554	569	0.986672
555	563	0.000327
555	564	0.011576
556	560	0.000004
556	561	0.000018
556	562	0.000216
556	565	0.972478
556	566	0.002388
556	569	0.000002
557	563	0.009537
557	564	0.969137
558	562	0.009073
559	563	0.002908
559	564	0.000133
559	567	0.000005
559	568	0.000025
560	564	0.000140
562	567	0.000001
562	568	0.000030
563	569	0.000004
586	679	0.000165
586	680	0.001095
587	679	0.004801
587	680	0.000001
588	678	0.015554
590	676	0.000011
590	677	0.987449
590	678	0.007890
591	676	0.995944
591	677	0.003992
591	678	0.000002
592	675	0.999107
593	674	0.999928
594	673	0.999985
595	672	0.999698
596	670	0.000001
596	671	0.999965
597	670	0.996596
597	671	0.000002
599	668	0.996004
600	667	0.999975
601	666	0.999511
602	665	0.999977
603	664	0.999991
604	663	0.999991
605	662	0.999957
606	661	0.999964
607	660	0.999991
608	659	0.999957
609	657	0.000008
609	658	0.999947
610	656	0.000016
610	657	0.999966
610	658	0.000002
611	654	0.000005
611	656	0.998723
611	657	0.000003
612	616	0.000001
613	653	0.000636
614	652	0.000330
614	653	0.863852
615	652	0.865255
615	653	0.000004
616	651	0.864967
616	652	0.000003
616	655	0.131663
617	650	0.861832
617	654	0.134346
618	643	0.000001
618	648	0.004279
618	653	0.131230
619	642	0.000001
619	647	0.002164
619	648	0.858863
619	652	0.127264
619	653	0.003143
620	647	0.863075
620	652	0.006240
621	646	0.864516
622	639	0.000003
622	645	0.864182
622	651	0.116090
623	641	0.000001
623	644	0.864414
623	646	0.000002
623	650	0.134585
624	637	0.000247
624	640	0.000001
624	642	0.000013
624	643	0.748940
624	645	0.000004
624	648	0.000002
624	649	0.134693
625	636	0.000538
625	640	0.000045
625	642	0.262211
625	643	0.106717
625	647	0.000005
625	648	0.134725
626	635	0.000573
626	636	0.000003
626	638	0.001291
626	640	0.004033
626	642	0.088665
626	643	0.002778
626	647	0.134646
627	634	0.000572
627	635	0.000002
627	637	0.001305
627	638	0.000012
627	639	0.003953
627	640	0.000070
627	642	0.002969
627	643	0.000403
627	645	0.124748
628	633	0.000555
628	641	0.013289
628	644	0.130416
628	646	0.000003
629	635	0.001366
629	636	0.000936
629	638	0.002431
629	640	0.013149
629	642	0.577578
629	643	0.065416
630	641	0.979502
631	635	0.000141
631	636	0.001074
631	638	0.010738
631	640	0.980472
631	642	0.000001
632	636	0.000013
632	637	0.009247
632	638	0.000015
632	639	0.980353
633	638	0.977361
633	640	0.000001
678	687	0.000053
678	691	0.000001
678	694	0.000002
678	698	0.000037
678	699	0.000008
679	683	0.000001
679	686	0.000057
679	690	0.000001
679	693	0.000002
679	697	0.000024
679	764	0.000002
680	696	0.000010
680	697	0.000176
680	702	0.000004
680	763	0.000002
681	688	0.000001
681	696	0.000190
681	701	0.000004
682	687	0.000001
682	692	0.000006
682	695	0.000195
682	700	0.000004
683	689	0.000001
683	691	0.000007
683	694	0.000193
683	699	0.000004
683	760	0.000001
684	690	0.000006
685	709	0.000013
686	691	0.000117
686	694	0.000007
686	698	0.000001
686	708	0.000014
686	757	0.000425
687	693	0.000011
687	697	0.000001
687	707	0.000034
687	756	0.000444
688	692	0.000009
688	705	0.000189
688	706	0.000019
688	755	0.000459
688	757	0.000132
688	758	0.000008
689	704	0.000358
689	707	0.000143
689	753	0.000001
689	754	0.000394
689	756	0.001957
690	695	0.000001
690	698	0.000006
690	703	0.000362
690	705	0.000546
690	706	0.000136
690	755	0.002864
690	757	0.000046
690	758	0.000023
691	697	0.000011
691	702	0.000367
691	704	0.000684
691	707	0.000005
691	752	0.000014
691	753	0.028270
691	754	0.002080
691	756	0.000008
692	696	0.000008
692	701	0.000360
692	752	0.037761
692	753	0.001060
692	754	0.000002
692	756	0.000001
693	698	0.000013
693	699	0.000251
693	703	0.001480
693	751	0.042159
694	702	0.001508
694	746	0.000002
694	750	0.042218
694	753	0.000005
694	754	0.000002
695	701	0.001469
695	745	0.000002
695	752	0.000005
695	753	0.000003
696	700	0.001155
696	749	0.042533
696	751	0.000002
697	703	0.000035
697	708	0.000008
697	743	0.000002
697	748	0.043186
697	775	0.000006
698	702	0.000474
698	704	0.009559
698	707	0.018307
698	711	0.000001
698	738	0.000002
698	742	0.000013
698	746	0.001735
698	747	0.044526
698	750	0.000001
698	774	0.000007
698	780	0.000003
699	704	0.002806
699	707	0.001309
699	712	0.000003
699	738	0.000003
699	741	0.000012
699	745	0.001758
699	746	0.044908
699	773	0.000007
699	779	0.000003
700	709	0.000007
700	711	0.000004
700	744	0.001905
700	745	0.042518
700	772	0.000007
700	778	0.000003
701	705	0.000083
701	706	0.000109
701	708	0.000005
701	710	0.000003
701	740	0.000012
701	743	0.001653
701	771	0.000007
701	777	0.000003
702	708	0.000044
702	710	0.000006
702	739	0.000043
702	743	0.042887
702	769	0.000001
702	776	0.000003
703	707	0.003788
703	709	0.000015
703	711	0.000230
703	734	0.000001
703	738	0.001488
703	741	0.005532
703	742	0.039985
703	744	0.000384
703	770	0.000006
704	708	0.000015
704	710	0.000252
704	733	0.000001
704	737	0.001315
704	739	0.000009
704	740	0.008324
704	743	0.000408
704	767	0.000001
704	769	0.000006
704	775	0.000002
705	709	0.000166
705	766	0.000002
705	774	0.000002
706	734	0.000019
706	765	0.000002
707	733	0.000019
707	737	0.028110
707	739	0.157023
707	740	0.000020
708	732	0.000004
708	734	0.000002
708	736	0.030002
708	738	0.965504
709	735	0.029464
709	737	0.966294
710	734	0.011622
710	736	0.968495
710	738	0.000146
711	733	0.003300
711	735	0.928137
711	737	0.000145
712	733	0.911745
712	735	0.000082
713	732	0.996382
713	734	0.000067
714	730	0.000001
714	731	0.999930
714	733	0.000022
715	729	0.000001
715	730	0.999974
715	731	0.000004
716	729	0.999959
716	730	0.000003
717	727	0.003329
717	728	0.994665
718	723	0.000022
718	724	0.001144
718	726	0.006677
718	727	0.989313
718	728	0.000004
719	723	0.001125
719	724	0.001314
719	726	0.980456
719	727	0.000013
719	728	0.000007
719	780	0.000001
720	727	0.000017
720	779	0.000001
721	727	0.000003
721	732	0.000007
721	778	0.000001
722	731	0.000007
722	777	0.000001
723	730	0.000008
723	776	0.000001
724	729	0.000008
724	775	0.000001
730	773	0.000001
731	772	0.000001
732	771	0.000001
733	738	0.000004
733	770	0.000001
734	769	0.000001
736	767	0.000001
737	765	0.000001
737	766	0.000002
739	764	0.030843
739	765	0.000002
740	750	0.000001
740	752	0.000005
740	753	0.000002
740	763	0.035045
740	764	0.000010
741	751	0.000003
741	761	0.000001
741	762	0.035089
742	748	0.000005
742	751	0.000145
742	757	0.000002
742	760	0.000002
742	761	0.035077
743	747	0.000002
743	750	0.000161
743	756	0.000002
743	763	0.000002
744	749	0.000138
744	755	0.000002
744	758	0.000001
744	759	0.034569
744	762	0.000002
745	757	0.000002
745	758	0.035052
745	761	0.000002
746	757	0.035052
746	760	0.000003
747	751	0.000001
747	755	0.007658
747	759	0.000003
748	752	0.000002
748	753	0.000063
748	754	0.008118
748	756	0.000028
749	753	0.005915
749	754	0.003333
749	756	0.000027
750	757	0.000040
750	761	0.000001
751	756	0.000023
751	763	0.000003
752	757	0.000011
752	758	0.000016
752	759	0.000003
752	762	0.000003
753	757	0.000020
753	758	0.000018
753	759	0.000004
753	761	0.000003
754	758	0.000026
754	759	0.000007
754	760	0.000002
759	765	0.000001
760	764	0.000002
761	765	0.000001
761	766	0.000001
761	784	0.000004
762	783	0.000004
763	782	0.000004
765	777	0.000001
766	776	0.000001
767	773	0.000001
767	780	0.000004
768	774	0.000001
768	779	0.000004
769	773	0.000001
769	778	0.000003
769	783	0.000001
769	810	0.000005
770	776	0.000002
770	782	0.000001
770	809	0.000005
771	781	0.000001
771	808	0.000005
774	806	0.000005
775	784	0.000007
775	805	0.000005
776	783	0.000007
776	804	0.000005
777	788	0.000003
777	803	0.000005
778	787	0.000003
778	812	0.000002
779	786	0.000002
779	811	0.000002
779	812	0.000004
780	809	0.000005
781	787	0.000001
781	790	0.000002
781	796	0.000003
781	806	0.000143
781	811	0.004624
781	812	0.000003
782	788	0.000002
782	795	0.000009
782	803	0.000003
782	804	0.000006
782	805	0.000370
782	807	0.000009
782	808	0.000004
782	810	0.010188
783	809	0.011127
784	809	0.002508
785	789	0.000057
785	790	0.000203
785	791	0.000165
785	792	0.000266
785	793	0.000099
785	794	0.000138
785	796	0.000024
785	800	0.003665
785	806	0.000620
785	809	0.052413
785	811	0.000126
785	812	0.000021
786	797	0.000019
786	798	0.001164
786	799	0.004208
786	801	0.000188
786	802	0.323270
786	803	0.001971
786	804	0.000706
786	807	0.000481
786	808	0.072411
787	797	0.001526
787	798	0.004056
787	799	0.000177
787	801	0.426216
787	802	0.001601
787	803	0.000622
787	804	0.000178
787	807	0.076178
787	808	0.000472
788	792	0.000051
788	793	0.000190
788	794	0.000120
788	796	0.001512
788	800	0.442255
788	806	0.071193
788	809	0.001345
788	811	0.000024
788	812	0.000008
789	797	0.000076
789	798	0.001045
789	799	0.442228
789	801	0.000165
789	802	0.000477
789	803	0.001799
789	804	0.036443
789	807	0.000068
789	808	0.001685
790	797	0.001284
790	798	0.432037
790	799	0.006826
790	801	0.000524
790	802	0.002142
790	803	0.040004
790	804	0.042861
790	807	0.001448
790	808	0.000251
791	797	0.361053
791	798	0.008496
791	799	0.002674
791	801	0.001884
791	802	0.040330
791	803	0.047769
791	804	0.016958
791	807	0.000214
791	808	0.000193
792	797	0.006970
792	798	0.003071
792	799	0.002203
792	801	0.038038
792	802	0.046831
792	803	0.020665
792	804	0.001575
792	807	0.000169
792	808	0.000191
793	797	0.001957
793	798	0.002044
793	799	0.002027
793	801	0.040117
793	802	0.021433
793	803	0.001811
793	804	0.000856
793	807	0.000171
793	808	0.000157
794	798	0.001376
794	799	0.002089
794	801	0.015907
794	802	0.001569
794	803	0.000929
794	804	0.000062
794	807	0.000135
794	808	0.000035
795	809	0.012698
796	801	0.000152
796	802	0.000436
796	803	0.000608
796	804	0.000235
796	807	0.000607
796	808	0.012204
797	806	0.000806
797	809	0.000049
797	811	0.000084
797	812	0.000089
798	806	0.000803
798	809	0.000091
798	811	0.000140
798	812	0.000063
799	806	0.000316
799	809	0.001359
799	811	0.000101
799	812	0.000012
800	804	0.000121
800	807	0.000527
800	808	0.001613
801	806	0.000507
801	809	0.000152
801	811	0.000047
801	812	0.000236
802	806	0.000104
802	809	0.000502
802	811	0.000421
802	812	0.000147
803	809	0.000505
803	811	0.000301
803	812	0.000525
804	809	0.000151
804	811	0.000804
804	812	0.000042
805	809	0.000449
807	811	0.000099
807	812	0.000099
808	812	0.000038
