1	7	0.000054
1	8	0.000046
1	9	0.000011
1	12	0.000003
1	13	0.000002
1	15	0.000014
1	41	0.350503
1	67	0.000013
1	736	0.000003
1	740	0.000001
1	742	0.000003
1	743	0.000008
1	745	0.000015
1	755	0.000009
1	764	0.000038
1	775	0.000025
1	796	0.000001
1	808	0.000003
1	829	0.000014
1	834	0.000003
1	836	0.000104
1	840	0.225288
1	843	0.000021
1	852	0.000005
1	853	0.000009
1	854	0.000038
1	856	0.000005
1	857	0.000015
1	858	0.000042
1	859	0.000144
1	862	0.000115
1	863	0.000323
2	7	0.000160
2	8	0.000034
2	9	0.000006
2	11	0.000004
2	12	0.000003
2	14	0.000017
2	15	0.000005
2	30	0.000051
2	39	0.000278
2	40	0.463557
2	41	0.002762
2	42	0.008304
2	46	0.000101
2	62	0.000058
2	65	0.000006
2	66	0.000024
2	733	0.000001
2	735	0.000003
2	736	0.000001
2	739	0.000002
2	740	0.000001
2	741	0.000003
2	742	0.000020
2	744	0.000017
2	745	0.000011
2	747	0.000001
2	751	0.000035
2	754	0.000012
2	761	0.000004
2	763	0.000049
2	764	0.000040
2	765	0.000020
2	770	0.000009
2	774	0.000028
2	775	0.000012
2	779	0.000001
2	780	0.000063
2	783	0.000007
2	795	0.000001
2	807	0.000004
2	821	0.000154
2	822	0.000017
2	825	0.000002
2	828	0.000016
2	829	0.000028
2	833	0.000005
2	835	0.000149
2	836	0.000037
2	838	0.000245
2	839	0.255004
2	840	0.002394
2	843	0.000007
2	850	0.000325
2	852	0.000009
2	853	0.000036
2	854	0.000105
2	856	0.000011
2	857	0.000040
2	858	0.000242
2	859	0.000214
2	860	0.016302
2	862	0.000289
2	863	0.000046
2	865	0.003177
3	7	0.000031
3	8	0.000023
3	9	0.000010
3	11	0.000003
3	13	0.000016
3	14	0.000007
3	29	0.000052
3	39	0.463660
3	40	0.003403
3	41	0.006711
3	42	0.076215
3	46	0.000007
3	61	0.000059
3	64	0.000006
3	65	0.000024
3	732	0.000001
3	734	0.000003
3	735	0.000001
3	739	0.000001
3	740	0.000002
3	741	0.000021
3	743	0.000016
3	744	0.000012
3	750	0.000035
3	753	0.000012
3	763	0.000049
3	764	0.000009
3	765	0.000019
3	769	0.000003
3	770	0.000021
3	774	0.000013
3	778	0.000002
3	779	0.000056
3	780	0.000030
3	783	0.000003
3	794	0.000001
3	806	0.000004
3	820	0.000194
3	825	0.000002
3	827	0.000006
3	828	0.000033
3	834	0.000136
3	835	0.000060
3	838	0.252729
3	839	0.002564
3	840	0.000018
3	843	0.000003
3	850	0.000086
3	852	0.000014
3	853	0.000120
3	854	0.000055
3	856	0.000011
3	857	0.000209
3	858	0.000271
3	859	0.014785
3	860	0.006682
3	862	0.000023
3	863	0.000192
3	865	0.003622
4	8	0.000047
4	9	0.000030
4	12	0.000016
4	13	0.000007
4	28	0.000052
4	41	0.073356
4	60	0.000059
4	731	0.000001
4	733	0.000003
4	734	0.000001
4	740	0.000018
4	742	0.000013
4	743	0.000010
4	759	0.000005
4	761	0.000091
4	764	0.000016
4	769	0.000017
4	777	0.000002
4	778	0.000047
4	779	0.000026
4	793	0.000001
4	805	0.000004
4	819	0.000194
4	827	0.000028
4	833	0.000113
4	834	0.000052
4	836	0.000016
4	840	0.000012
4	843	0.000005
4	852	0.000102
4	853	0.000050
4	854	0.000008
4	856	0.000155
4	857	0.000205
4	858	0.012445
4	859	0.005726
4	862	0.000175
4	863	0.001417
5	10	0.000012
5	27	0.000052
5	59	0.000059
5	749	0.000030
5	758	0.000006
5	760	0.000111
5	792	0.000001
5	804	0.000003
5	818	0.000194
5	824	0.000004
5	830	0.000028
5	831	0.000017
5	837	0.004867
5	864	0.005960
6	26	0.000052
6	41	0.000753
6	58	0.000054
6	731	0.000001
6	748	0.000024
6	757	0.000004
6	759	0.000051
6	769	0.000002
6	777	0.000007
6	817	0.000163
6	829	0.000025
6	833	0.000014
6	834	0.000002
6	836	0.002623
6	840	0.000008
6	843	0.000046
6	852	0.000022
6	853	0.000004
6	854	0.000019
6	856	0.000635
6	857	0.000192
6	858	0.000081
6	859	0.000023
6	862	0.000290
6	863	0.004824
7	25	0.000048
7	37	0.000114
7	38	0.008796
7	43	0.000212
7	44	0.000217
7	45	0.000099
7	57	0.000050
7	730	0.000001
7	758	0.000035
7	768	0.000002
7	776	0.000006
7	816	0.000140
7	832	0.000018
7	841	0.000003
7	842	0.000048
7	844	0.000003
7	845	0.000009
7	846	0.000013
7	847	0.000015
7	848	0.000015
7	849	0.000020
7	851	0.000022
7	855	0.000563
7	861	0.000312
7	864	0.000011
7	866	0.000021
7	867	0.000023
8	22	0.000025
8	37	0.004782
8	38	0.817921
8	43	0.000143
8	44	0.000084
8	45	0.000011
8	56	0.000013
8	729	0.000001
8	767	0.000002
8	815	0.000044
8	831	0.000009
8	832	0.000003
8	841	0.000025
8	842	0.000002
8	844	0.000005
8	845	0.000012
8	846	0.000014
8	847	0.000014
8	848	0.000019
8	849	0.000003
8	851	0.000002
8	855	0.000008
8	861	0.000156
8	864	0.000004
8	866	0.000021
8	867	0.000044
9	19	0.000003
9	21	0.000030
9	37	0.971669
9	38	0.000279
9	43	0.000026
9	44	0.000004
9	826	0.000013
9	830	0.000002
9	841	0.000001
9	844	0.000005
9	845	0.000008
9	846	0.000008
9	847	0.000011
9	848	0.000002
9	861	0.000003
9	866	0.000077
10	18	0.000003
10	20	0.000031
10	23	0.000002
10	36	0.999692
10	42	0.000006
10	825	0.000013
10	865	0.000079
11	16	0.000006
11	35	0.999731
11	824	0.000013
11	864	0.000078
12	19	0.000002
12	31	0.000004
12	34	0.991672
12	35	0.000003
12	38	0.000001
12	823	0.000011
13	31	0.000121
13	34	0.000106
13	37	0.000001
14	35	0.000005
15	31	0.914135
15	34	0.000006
15	861	0.000004
16	28	0.000021
16	29	0.077109
16	30	0.917149
16	32	0.000048
16	33	0.000004
16	820	0.000003
16	860	0.000005
17	26	0.000064
17	28	0.533651
17	29	0.462629
17	819	0.000003
17	859	0.000003
18	25	0.000136
18	27	0.988325
18	760	0.000001
18	818	0.000003
19	24	0.000099
19	26	0.987376
19	28	0.010478
19	759	0.000001
19	817	0.000003
20	25	0.983861
20	27	0.010729
20	758	0.000001
20	816	0.000002
21	26	0.008118
21	28	0.000001
21	29	0.000003
22	26	0.000008
22	28	0.000017
23	27	0.000017
24	815	0.000001
25	64	0.000003
25	814	0.000001
26	63	0.000003
27	36	0.000001
27	62	0.000003
27	813	0.000001
28	35	0.000001
28	812	0.000001
29	811	0.000001
30	59	0.000004
30	810	0.000001
31	58	0.000004
31	805	0.000001
32	57	0.000004
32	804	0.000001
33	56	0.000004
33	803	0.000001
33	866	0.000001
34	41	0.000004
34	55	0.000004
34	802	0.000001
35	40	0.000005
35	42	0.000002
35	801	0.000001
35	865	0.000104
36	800	0.000001
36	864	0.000105
37	41	0.000005
37	863	0.000100
38	58	0.000018
38	761	0.000006
38	843	0.000006
38	858	0.000002
38	859	0.000001
38	862	0.000071
38	863	0.000002
39	48	0.000022
39	57	0.000024
39	72	0.000003
39	81	0.000007
39	82	0.000006
39	83	0.000088
39	760	0.000007
39	831	0.000053
39	837	0.000005
39	864	0.000040
40	48	0.000234
40	56	0.000024
40	71	0.000003
40	80	0.000007
40	81	0.000006
40	82	0.000089
40	83	0.000001
40	760	0.000002
40	786	0.000003
40	830	0.000053
40	831	0.000005
40	837	0.000004
40	864	0.000040
41	45	0.000145
41	47	0.000220
41	48	0.000003
41	49	0.000309
41	70	0.000003
41	80	0.000005
41	81	0.000088
41	82	0.000001
41	762	0.000007
41	771	0.000001
41	785	0.000003
41	830	0.000002
41	831	0.000013
41	832	0.000014
41	837	0.000001
41	841	0.000318
41	842	0.000384
41	844	0.000046
41	845	0.000014
41	846	0.000004
41	847	0.000001
41	848	0.000001
41	855	0.000002
41	861	0.000012
41	864	0.000005
41	866	0.000207
41	867	0.000005
42	48	0.000404
42	56	0.000002
42	68	0.000005
42	69	0.000003
42	78	0.000012
42	80	0.000087
42	81	0.000002
42	760	0.000026
42	784	0.000003
42	830	0.000025
42	831	0.000018
42	837	0.000032
42	864	0.004596
43	55	0.000001
43	67	0.000005
43	77	0.000012
43	79	0.000064
43	759	0.000011
43	761	0.000074
43	769	0.000002
43	779	0.000003
43	827	0.000002
43	829	0.000022
43	833	0.000035
43	834	0.000010
43	836	0.000018
43	840	0.011262
43	843	0.000055
43	852	0.000001
43	853	0.000007
43	854	0.000124
43	856	0.000002
43	857	0.000015
43	858	0.000119
43	859	0.000218
43	862	0.000017
43	863	0.004510
44	61	0.000012
44	76	0.000012
44	77	0.000008
44	759	0.000006
44	761	0.000019
44	764	0.000002
44	769	0.000001
44	778	0.000003
44	833	0.000011
44	834	0.000002
44	836	0.000002
44	840	0.001877
44	843	0.000033
44	852	0.000007
44	853	0.000146
44	854	0.000034
44	856	0.000011
44	857	0.000128
44	858	0.000253
44	859	0.000095
44	862	0.003427
44	863	0.000170
45	60	0.000014
45	75	0.000011
45	76	0.000008
45	77	0.000002
45	79	0.000021
45	759	0.002924
45	761	0.000027
45	764	0.000002
45	777	0.000003
45	833	0.000002
45	836	0.000005
45	840	0.001175
45	843	0.000082
45	852	0.000143
45	853	0.000037
45	854	0.000008
45	856	0.000099
45	857	0.000155
45	858	0.000091
45	859	0.000025
45	862	0.000143
45	863	0.000031
46	56	0.000012
46	59	0.000015
46	68	0.000015
46	78	0.000039
46	749	0.000008
46	758	0.003176
46	760	0.000029
46	809	0.000177
46	824	0.000004
46	830	0.000538
46	831	0.000001
46	837	0.966471
46	864	0.000042
47	55	0.000012
47	58	0.000013
47	60	0.000001
47	61	0.000003
47	67	0.000016
47	74	0.000029
47	75	0.000003
47	76	0.000002
47	77	0.000039
47	742	0.000001
47	748	0.000008
47	757	0.003178
47	759	0.000026
47	761	0.000016
47	764	0.001538
47	775	0.000005
47	808	0.000180
47	821	0.000129
47	829	0.000540
47	834	0.000013
47	836	0.981257
47	840	0.000049
47	859	0.000001
47	863	0.000032
48	53	0.000006
48	60	0.000002
48	61	0.001368
48	62	0.000282
48	64	0.000002
48	66	0.000015
48	74	0.000003
48	75	0.000004
48	76	0.000037
48	741	0.000001
48	747	0.000008
48	756	0.003177
48	761	0.000003
48	763	0.001753
48	764	0.000001
48	765	0.000032
48	770	0.000003
48	774	0.000005
48	780	0.000001
48	807	0.000181
48	820	0.000155
48	828	0.000536
48	833	0.000017
48	834	0.000049
48	835	0.986890
48	838	0.000008
48	839	0.000054
48	860	0.000010
48	862	0.000008
48	865	0.000004
49	58	0.000004
49	60	0.001815
49	61	0.000142
49	74	0.000005
49	75	0.000033
49	755	0.003020
49	757	0.000013
49	759	0.000033
49	761	0.003265
49	764	0.000020
49	769	0.000002
49	806	0.000176
49	819	0.000155
49	827	0.000204
49	833	0.000394
49	834	0.969697
49	836	0.000001
49	859	0.000007
50	56	0.000012
50	57	0.000005
50	59	0.002055
50	71	0.000056
50	72	0.000026
50	749	0.000003
50	758	0.000037
50	760	0.003495
50	818	0.000155
50	824	0.000003
50	830	0.000007
50	831	0.000015
50	837	0.000079
50	864	0.000004
51	55	0.000008
51	58	0.002051
51	60	0.000001
51	748	0.000003
51	755	0.000003
51	757	0.000035
51	759	0.003494
51	761	0.000011
51	805	0.000171
51	817	0.000154
51	829	0.000007
51	833	0.014488
51	834	0.000013
51	836	0.000078
51	863	0.000003
52	56	0.000002
52	57	0.002031
52	59	0.000001
52	69	0.000128
52	72	0.000001
52	758	0.003403
52	760	0.000012
52	804	0.000175
52	816	0.000149
52	824	0.000018
52	830	0.000056
52	831	0.988022
53	57	0.000001
53	68	0.000162
53	71	0.000001
53	749	0.000010
53	758	0.000089
53	760	0.000002
53	803	0.000175
53	816	0.000003
53	824	0.000002
53	830	0.989265
53	831	0.000732
54	67	0.000163
54	748	0.000007
54	755	0.000025
54	757	0.000159
54	759	0.000002
54	777	0.000007
54	802	0.000163
54	827	0.000027
54	829	0.945516
55	63	0.000014
55	746	0.000005
55	749	0.000505
55	752	0.002407
55	758	0.000002
55	766	0.000036
55	771	0.000011
55	776	0.000012
55	815	0.000116
55	826	0.000094
55	830	0.000004
56	62	0.000019
56	64	0.000003
56	65	0.001369
56	66	0.000202
56	67	0.000002
56	740	0.000002
56	741	0.000001
56	742	0.000008
56	745	0.000005
56	747	0.000003
56	748	0.001150
56	751	0.002643
56	754	0.003402
56	764	0.000006
56	765	0.000045
56	770	0.000014
56	775	0.000013
56	801	0.000144
56	814	0.000134
56	825	0.000097
56	827	0.000143
56	828	0.984465
56	829	0.000054
56	839	0.000002
56	853	0.000002
57	61	0.000008
57	62	0.000006
57	64	0.001387
57	65	0.000197
57	66	0.000004
57	739	0.000003
57	740	0.000001
57	741	0.000010
57	744	0.000005
57	747	0.001230
57	750	0.002644
57	753	0.003406
57	763	0.000013
57	764	0.000036
57	765	0.000019
57	769	0.000013
57	774	0.000013
57	813	0.000134
57	825	0.000023
57	827	0.986548
57	828	0.000110
57	838	0.000002
57	852	0.000003
58	63	0.001219
58	738	0.000003
58	746	0.001218
58	749	0.002482
58	752	0.003399
58	762	0.000013
58	766	0.000001
58	768	0.000013
58	773	0.000012
58	799	0.000144
58	812	0.000112
58	823	0.000054
58	824	0.000021
58	826	0.987766
58	837	0.000002
58	851	0.000003
59	64	0.000105
59	65	0.000006
59	66	0.000018
59	739	0.000042
59	741	0.000002
59	743	0.000002
59	744	0.000089
59	745	0.001012
59	747	0.002194
59	748	0.000213
59	750	0.000196
59	751	0.003113
59	761	0.000010
59	763	0.000121
59	765	0.000003
59	774	0.000003
59	783	0.000005
59	798	0.000145
59	822	0.000017
59	825	0.987987
59	833	0.000003
59	850	0.000003
60	70	0.000002
60	738	0.000048
60	746	0.002228
60	749	0.000378
60	762	0.000122
60	767	0.000002
60	768	0.000001
60	772	0.000001
60	773	0.000004
60	782	0.000005
60	797	0.000128
60	811	0.000008
60	823	0.000328
60	824	0.962319
60	832	0.000003
60	849	0.000003
61	68	0.000007
61	69	0.000015
61	70	0.000009
61	85	0.000003
61	737	0.000030
61	738	0.000051
61	746	0.000039
61	749	0.000103
61	762	0.000181
61	766	0.000007
61	767	0.000006
61	768	0.000003
61	771	0.000005
61	772	0.000008
61	773	0.000003
61	776	0.000002
61	781	0.000009
61	782	0.000003
61	810	0.000009
61	823	0.666781
61	824	0.000622
61	831	0.000003
61	848	0.000002
62	68	0.002084
62	69	0.000017
62	83	0.000013
62	84	0.000008
62	749	0.001071
62	758	0.000022
62	760	0.011869
62	784	0.000002
62	809	0.000009
62	818	0.000259
62	824	0.000454
62	830	0.000004
63	67	0.001436
63	736	0.000003
63	740	0.000770
63	742	0.000640
63	743	0.000277
63	745	0.000030
63	748	0.001007
63	757	0.000017
63	759	0.012099
63	761	0.001592
63	764	0.000010
63	769	0.000006
63	775	0.000009
63	777	0.000006
63	778	0.000007
63	779	0.000007
63	793	0.000026
63	794	0.000008
63	808	0.000007
63	817	0.000255
63	819	0.000393
63	821	0.000108
63	829	0.000003
64	68	0.000120
64	69	0.000002
64	72	0.000003
64	82	0.000097
64	83	0.001598
64	84	0.000001
64	749	0.000102
64	758	0.011949
64	760	0.001720
64	792	0.000030
64	816	0.000249
64	818	0.000400
64	824	0.000054
64	831	0.000005
65	69	0.000001
65	71	0.000003
65	72	0.000008
65	81	0.000097
65	82	0.001614
65	83	0.000003
65	749	0.000027
65	758	0.000310
65	760	0.000855
65	791	0.000029
65	792	0.000014
65	816	0.000008
65	818	0.000025
65	824	0.000028
65	830	0.000005
65	831	0.000019
66	71	0.000008
66	80	0.000097
66	81	0.001614
66	82	0.000003
66	749	0.000078
66	758	0.001035
66	760	0.000434
66	784	0.000002
66	791	0.000014
66	816	0.000312
66	818	0.000028
66	824	0.000037
66	830	0.000019
67	78	0.000016
67	80	0.001596
67	81	0.000002
67	725	0.000014
67	737	0.838054
67	738	0.001240
67	746	0.000831
67	749	0.000003
67	752	0.000012
67	758	0.003293
67	760	0.000005
67	762	0.000003
67	766	0.000043
67	767	0.000004
67	768	0.000003
67	771	0.000043
67	772	0.000003
67	773	0.000002
67	776	0.000005
67	781	0.000067
67	782	0.000003
67	815	0.000309
67	823	0.000031
68	76	0.000003
68	77	0.000035
68	79	0.001435
68	724	0.000016
68	735	0.000115
68	736	0.958653
68	739	0.000103
68	740	0.000006
68	741	0.000039
68	742	0.000092
68	743	0.000001
68	744	0.000026
68	745	0.000957
68	747	0.000006
68	748	0.000002
68	750	0.000001
68	751	0.000014
68	754	0.000296
68	756	0.000016
68	757	0.020257
68	763	0.000005
68	765	0.000048
68	770	0.000048
68	774	0.000006
68	775	0.000004
68	780	0.000076
68	783	0.000010
68	814	0.000301
68	822	0.000003
69	75	0.000003
69	76	0.000041
69	77	0.000073
69	79	0.000002
69	723	0.000016
69	734	0.000079
69	735	0.974671
69	736	0.000003
69	739	0.000003
69	740	0.000002
69	741	0.000097
69	743	0.000014
69	744	0.000970
69	747	0.000001
69	750	0.000010
69	753	0.000290
69	755	0.000003
69	756	0.021541
69	765	0.000013
69	774	0.000003
69	779	0.000019
69	813	0.000141
70	74	0.000002
70	75	0.000036
70	76	0.000074
70	77	0.001451
70	79	0.000003
70	722	0.000016
70	733	0.000076
70	734	0.973864
70	736	0.000004
70	740	0.000095
70	742	0.000014
70	743	0.000966
70	745	0.000001
70	748	0.000002
70	755	0.021555
70	764	0.000014
70	778	0.000017
71	75	0.000035
71	76	0.000959
71	77	0.000006
71	721	0.000016
71	732	0.000049
71	733	0.973332
71	735	0.000004
71	739	0.000079
71	741	0.000012
71	742	0.000939
71	744	0.000001
71	745	0.000002
71	747	0.000002
71	751	0.000284
71	754	0.021562
71	763	0.000013
71	777	0.000014
72	76	0.000003
72	77	0.000003
72	720	0.000009
72	731	0.000016
72	732	0.975228
72	734	0.000002
72	735	0.000002
72	740	0.000003
72	741	0.000936
72	743	0.000001
72	744	0.000002
72	750	0.000284
72	753	0.021474
72	770	0.000007
73	731	0.974544
73	733	0.000002
73	734	0.000001
73	740	0.000901
73	742	0.000001
73	743	0.000002
73	748	0.000003
73	761	0.000003
73	769	0.000008
73	775	0.000002
74	728	0.000003
74	729	0.000033
74	730	0.967960
74	738	0.000016
74	749	0.000042
74	752	0.000373
74	760	0.000004
74	768	0.000007
75	726	0.000001
75	728	0.000047
75	729	0.958149
75	730	0.004586
75	737	0.000012
75	738	0.000218
75	749	0.000063
75	752	0.000011
75	767	0.000007
75	773	0.000012
76	82	0.000001
76	83	0.000003
76	119	0.000001
76	725	0.000001
76	726	0.000651
76	728	0.924331
76	729	0.009135
76	730	0.000004
76	737	0.000172
76	738	0.000130
76	746	0.000004
76	749	0.000935
76	752	0.000005
76	766	0.000006
76	772	0.000014
77	81	0.000002
77	82	0.000010
77	83	0.000003
77	118	0.000016
77	725	0.001257
77	726	0.001081
77	728	0.013764
77	729	0.000008
77	737	0.000150
77	738	0.000063
77	746	0.000005
77	749	0.000041
77	752	0.000023
77	771	0.000014
78	116	0.000006
78	117	0.000019
78	723	0.000001
78	724	0.001309
78	727	0.018183
78	735	0.000143
78	736	0.000144
78	739	0.000088
78	744	0.000073
78	745	0.000004
78	747	0.021526
78	748	0.000002
78	750	0.000036
78	751	0.000022
78	753	0.000022
78	756	0.000003
78	763	0.000004
78	770	0.000014
79	115	0.000006
79	118	0.000381
79	725	0.950977
79	726	0.010100
79	728	0.000002
79	737	0.000282
79	738	0.000055
79	746	0.021552
79	749	0.000037
79	752	0.000059
79	758	0.000002
79	762	0.000004
79	766	0.000011
80	116	0.000013
80	117	0.000523
80	721	0.000005
80	722	0.000067
80	723	0.001348
80	724	0.969416
80	727	0.000003
80	732	0.000004
80	733	0.000167
80	734	0.000049
80	735	0.000289
80	736	0.000342
80	741	0.000011
80	742	0.000168
80	743	0.000006
80	744	0.000271
80	745	0.021232
80	748	0.000034
80	750	0.000017
80	751	0.000060
80	754	0.000004
80	756	0.000002
80	757	0.000007
80	761	0.000002
80	765	0.000012
81	116	0.000523
81	117	0.000397
81	720	0.000002
81	721	0.000076
81	722	0.001427
81	723	0.968725
81	724	0.001377
81	731	0.000002
81	732	0.000175
81	733	0.000063
81	734	0.000289
81	735	0.000349
81	736	0.000012
81	740	0.000013
81	741	0.000200
81	742	0.000020
81	743	0.000274
81	744	0.021187
81	745	0.000010
81	747	0.000034
81	748	0.000004
81	750	0.000060
81	753	0.000004
81	755	0.000003
81	756	0.000008
81	764	0.000012
81	765	0.000003
82	111	0.000001
82	112	0.000134
82	116	0.000579
82	117	0.002995
82	719	0.000001
82	720	0.000041
82	721	0.013496
82	722	0.925981
82	723	0.001457
82	724	0.000028
82	731	0.000094
82	732	0.000065
82	733	0.000295
82	734	0.000331
82	735	0.000015
82	736	0.000006
82	739	0.000019
82	740	0.000260
82	741	0.000071
82	742	0.000789
82	743	0.018764
82	744	0.000017
82	745	0.000007
82	747	0.000004
82	748	0.000025
82	751	0.000004
82	754	0.000003
82	755	0.000008
82	763	0.000012
82	764	0.000003
83	111	0.000116
83	112	0.092128
83	116	0.002839
83	117	0.000075
83	719	0.000007
83	720	0.001346
83	721	0.871404
83	722	0.000449
83	723	0.000026
83	731	0.000022
83	732	0.000297
83	733	0.000301
83	734	0.000008
83	735	0.000009
83	739	0.000287
83	740	0.000047
83	741	0.001303
83	742	0.014547
83	743	0.000012
83	744	0.000009
83	747	0.000026
83	748	0.000028
83	750	0.000004
83	753	0.000003
83	754	0.000009
83	763	0.000003
84	90	0.000003
84	110	0.000049
84	111	0.937185
84	112	0.000094
84	116	0.000061
84	117	0.000011
84	719	0.000076
84	720	0.044678
84	721	0.000246
84	731	0.000002
84	732	0.000275
84	739	0.000021
84	740	0.000025
84	741	0.011067
84	744	0.000001
84	747	0.000010
84	753	0.000008
84	756	0.000001
85	110	0.981184
85	112	0.000010
85	731	0.000246
85	740	0.007376
85	755	0.000001
86	108	0.000008
86	109	0.989258
86	113	0.000001
86	119	0.000077
86	718	0.000001
86	729	0.000001
86	730	0.000218
86	737	0.000004
86	738	0.002406
87	94	0.000002
87	99	0.000076
87	102	0.000001
87	106	0.000006
87	108	0.994244
87	109	0.000010
87	118	0.000191
87	728	0.000001
87	729	0.000146
87	737	0.002492
87	738	0.000040
87	752	0.000012
88	93	0.000002
88	98	0.000141
88	101	0.000010
88	105	0.000006
88	107	0.995729
88	111	0.000001
88	117	0.000211
88	727	0.000001
88	733	0.000002
88	735	0.000031
88	736	0.002474
88	739	0.000009
88	740	0.000001
88	751	0.000014
89	97	0.000141
89	100	0.000015
89	104	0.000004
89	105	0.001556
89	107	0.000079
89	116	0.000210
89	117	0.000001
89	727	0.000001
89	732	0.000002
89	734	0.000018
89	735	0.002395
89	736	0.000003
89	739	0.000003
89	750	0.000014
90	95	0.000124
90	99	0.000017
90	103	0.000003
90	113	0.000001
90	114	0.000063
90	749	0.000014
91	98	0.000016
91	104	0.998895
91	105	0.000023
91	116	0.000001
92	99	0.000001
92	103	0.999711
92	114	0.000112
93	102	0.999699
93	113	0.000112
94	101	0.997476
94	112	0.000112
95	100	0.985629
95	101	0.000005
95	111	0.000112
96	110	0.000105
97	103	0.000014
98	102	0.000014
99	107	0.000014
100	119	0.000144
101	108	0.000052
101	118	0.000152
102	107	0.000057
102	117	0.000161
103	116	0.000161
104	114	0.000153
105	109	0.000002
105	113	0.000154
105	114	0.000001
105	115	0.000001
105	728	0.000002
106	110	0.000001
106	112	0.000135
106	727	0.000002
106	731	0.000002
107	113	0.000048
107	114	0.000007
108	112	0.000032
108	727	0.000005
109	121	0.000054
109	727	0.000230
109	731	0.000004
110	115	0.000002
110	119	0.000001
110	120	0.000130
110	726	0.000254
110	728	0.000013
110	729	0.000012
110	730	0.000004
111	119	0.039014
111	120	0.000014
112	118	0.076739
112	119	0.000081
112	725	0.018895
112	726	0.000028
112	728	0.000002
112	737	0.000001
113	117	0.081093
113	123	0.000001
113	720	0.000009
113	721	0.000335
113	722	0.000439
113	723	0.000001
113	724	0.026993
113	736	0.000001
114	122	0.000002
114	719	0.000006
114	720	0.000174
114	721	0.000669
114	722	0.000006
114	723	0.027056
114	724	0.000001
114	735	0.000002
115	121	0.000002
115	722	0.026684
115	734	0.000001
116	120	0.000003
118	722	0.001318
119	719	0.000026
119	720	0.947815
119	721	0.001272
120	719	0.998696
120	720	0.000648
121	717	0.000001
121	718	0.999590
122	716	0.000004
122	717	0.999979
123	715	0.000007
123	716	0.999966
124	715	0.998693
125	714	0.999736
125	715	0.000003
126	713	0.999939
127	712	0.999699
128	711	0.999980
129	710	0.999980
130	709	0.999366
131	707	0.012193
131	708	0.987777
132	706	0.024247
132	707	0.975723
133	705	0.036289
133	706	0.963480
134	704	0.998439
135	702	0.000001
135	703	0.998389
136	702	0.999977
136	703	0.000001
137	701	0.999938
138	700	0.998459
139	699	0.999678
140	697	0.000003
140	698	0.999960
141	697	0.998692
142	696	0.999852
142	697	0.000005
143	695	0.999349
143	696	0.000002
144	693	0.000002
144	694	0.997743
145	693	0.997983
145	694	0.000002
146	156	0.000023
146	689	0.000006
146	692	0.999282
147	155	0.000214
147	687	0.000014
147	689	0.000405
147	691	0.997058
148	154	0.000480
148	155	0.000036
148	156	0.000006
148	157	0.000001
148	684	0.000005
148	685	0.000001
148	687	0.115171
148	689	0.007970
148	691	0.000283
148	692	0.000004
149	153	0.000508
149	683	0.000003
149	686	0.126744
149	688	0.004734
149	690	0.014610
149	693	0.000011
150	154	0.000004
150	155	0.000006
150	156	0.000004
150	157	0.000001
150	684	0.000056
150	685	0.126035
150	687	0.001286
150	689	0.051811
150	691	0.000009
150	692	0.000014
151	155	0.000008
151	156	0.000002
151	681	0.000001
151	684	0.121576
151	685	0.000075
151	687	0.021825
151	689	0.002355
151	691	0.000015
151	692	0.000023
152	680	0.000002
152	687	0.238760
152	689	0.001256
152	691	0.000033
153	679	0.000002
153	687	0.007568
153	689	0.001297
153	691	0.000003
154	682	0.000028
154	683	0.000636
154	688	0.001181
154	690	0.000008
155	682	0.000241
155	683	0.005468
155	686	0.005465
155	688	0.000022
155	690	0.000002
156	682	0.002926
156	683	0.945381
156	688	0.000009
157	682	0.989104
157	683	0.000077
158	680	0.000002
158	681	0.999117
159	679	0.000003
159	680	0.999956
160	679	0.998473
161	678	0.999928
162	677	0.999990
163	676	0.999991
164	675	0.999964
165	674	0.999946
166	672	0.000001
166	673	0.999026
167	672	0.997797
167	673	0.000001
168	671	0.999350
169	521	0.000027
169	524	0.000001
169	670	0.999919
170	669	0.997622
171	520	0.988759
171	521	0.004003
171	523	0.000009
171	524	0.000071
171	668	0.000420
172	519	0.998395
172	522	0.000004
173	518	0.999784
174	517	0.996892
175	516	0.751739
175	518	0.000036
176	515	0.506246
176	516	0.248121
177	514	0.260627
177	515	0.493684
178	514	0.739173
179	513	0.983948
180	510	0.000022
180	511	0.002283
180	512	0.983969
181	509	0.000003
181	513	0.000009
182	509	0.000010
182	513	0.000002
183	509	0.999569
184	508	0.999486
185	507	0.999980
186	506	0.999938
187	504	0.000003
187	505	0.998459
188	503	0.000002
188	504	0.999896
189	503	0.989627
190	501	0.000036
190	502	0.740932
191	502	0.170821
192	500	0.000090
192	503	0.000034
193	499	0.000032
193	501	0.903826
193	502	0.000025
194	500	0.999783
195	498	0.000004
195	499	0.999944
196	498	0.998464
197	497	0.999858
198	496	0.999741
199	495	0.999985
200	494	0.999957
201	493	0.999932
202	491	0.000001
202	492	0.999940
202	493	0.000024
203	491	0.999805
203	492	0.000048
204	488	0.000364
204	491	0.000072
205	487	0.000363
206	487	0.000022
206	488	0.991107
207	487	0.971029
208	487	0.001190
209	485	0.991913
210	483	0.000001
210	484	0.998179
211	483	0.999978
212	482	0.999991
213	479	0.000001
213	481	0.999975
214	478	0.000006
214	479	0.000002
214	480	0.999566
215	477	0.000008
215	479	0.997920
218	476	0.928328
220	474	0.000006
220	475	0.991153
220	477	0.000001
220	478	0.000005
221	474	0.999815
221	477	0.000004
222	473	0.999935
222	476	0.000001
223	472	0.999432
224	471	0.997579
225	469	0.000639
225	470	0.948951
226	466	0.000001
226	467	0.000019
226	468	0.000890
227	466	0.000019
227	467	0.000522
227	468	0.951221
228	467	0.989703
229	469	0.000002
230	465	0.981588
230	466	0.000952
231	464	0.999852
232	462	0.000001
232	463	0.999012
233	462	0.998626
233	463	0.000001
234	461	0.999322
235	460	0.998642
236	459	0.999851
236	460	0.000002
237	458	0.999162
238	456	0.000001
238	457	0.998121
239	456	0.999263
239	457	0.000001
240	455	0.999984
241	454	0.999970
242	453	0.999129
243	452	0.997045
243	454	0.000005
244	451	0.974474
244	453	0.000211
245	452	0.000412
246	448	0.000005
246	449	0.000045
246	450	0.997878
246	451	0.000054
247	449	0.997790
247	451	0.000046
248	448	0.979791
248	449	0.001272
248	450	0.000064
249	446	0.002001
249	448	0.003340
249	449	0.000015
250	446	0.966623
250	448	0.000003
251	444	0.000002
251	445	0.999979
252	444	0.999975
253	443	0.999510
254	442	0.999954
255	440	0.000022
255	441	0.999702
256	440	0.999600
257	438	0.998894
257	440	0.000001
258	437	0.999953
259	436	0.999980
260	435	0.999583
261	434	0.999965
262	433	0.999422
263	429	0.000186
263	430	0.000002
263	431	0.000009
263	432	0.998878
264	428	0.000239
264	431	0.996866
265	302	0.000002
265	339	0.000002
265	409	0.000003
266	302	0.000019
266	303	0.988719
266	304	0.004735
267	302	0.998367
268	301	0.998130
269	299	0.000002
269	300	0.998962
269	304	0.000002
270	298	0.000001
270	299	0.999850
270	300	0.000002
270	303	0.000002
271	298	0.999317
271	299	0.000004
272	297	0.999986
273	296	0.999940
274	295	0.987519
275	287	0.000003
275	290	0.000002
275	295	0.000060
276	286	0.000003
276	289	0.000002
276	295	0.000008
277	285	0.000003
277	291	0.000014
277	292	0.970629
277	293	0.000240
277	294	0.000014
278	284	0.000003
278	291	0.996993
278	292	0.000133
278	293	0.000003
279	288	0.000008
279	289	0.000034
279	290	0.999881
280	286	0.000002
280	287	0.000025
280	288	0.000789
280	289	0.996695
281	286	0.000081
281	287	0.001463
281	288	0.948503
281	289	0.000757
282	286	0.001289
282	287	0.719155
282	288	0.001433
282	289	0.000022
283	287	0.001271
283	288	0.000105
283	289	0.000003
284	288	0.000013
284	289	0.000001
302	340	0.000002
302	429	0.000002
303	428	0.000004
304	342	0.000003
304	394	0.000007
304	407	0.000005
304	428	0.000670
304	431	0.000002
305	339	0.905726
306	338	0.999127
306	339	0.000024
306	341	0.000001
307	337	0.999386
308	336	0.999976
309	335	0.999960
310	334	0.983007
312	331	0.000001
312	332	0.994313
312	333	0.000931
313	331	0.999385
314	330	0.999490
315	329	0.999963
316	328	0.999575
317	326	0.000011
317	327	0.999915
318	326	0.998639
318	327	0.000036
318	329	0.000002
319	328	0.000005
320	326	0.000214
320	327	0.000008
321	325	0.000664
321	326	0.000010
339	394	0.000002
339	408	0.000002
339	427	0.000001
339	428	0.000002
339	429	0.000003
339	430	0.000003
340	409	0.000002
341	350	0.000001
341	394	0.962216
341	428	0.000011
342	349	0.000001
342	392	0.000002
342	393	0.999865
343	348	0.000001
343	392	0.999975
343	393	0.000003
343	395	0.000001
344	390	0.000168
344	391	0.998316
344	394	0.000002
345	388	0.000024
345	389	0.000276
346	390	0.903222
346	391	0.000050
347	387	0.000013
347	388	0.002025
347	389	0.875766
348	390	0.001354
348	391	0.000008
349	390	0.000034
350	386	0.001813
350	387	0.975593
350	388	0.000679
350	389	0.000003
351	386	0.997941
351	387	0.000020
352	385	0.998901
353	383	0.000002
353	384	0.998740
354	383	0.998978
355	382	0.999496
356	381	0.999938
357	380	0.999937
358	379	0.999443
359	372	0.000003
359	377	0.000004
359	378	0.992317
360	368	0.000002
360	371	0.000005
360	374	0.000001
360	376	0.000011
361	367	0.000002
361	370	0.000005
361	374	0.000006
361	376	0.993405
362	366	0.000002
362	372	0.000005
362	373	0.000005
362	375	0.999386
362	377	0.000007
363	368	0.000001
363	369	0.000001
363	371	0.000007
363	374	0.999828
363	376	0.000018
364	372	0.041936
364	373	0.954384
364	375	0.000022
365	369	0.000239
365	370	0.004284
365	371	0.083811
365	374	0.000024
394	409	0.000175
394	410	0.000001
395	405	0.000007
395	406	0.001838
395	407	0.970716
395	428	0.000006
396	404	0.000007
396	405	0.001840
396	406	0.977024
396	407	0.020850
397	402	0.000003
397	404	0.001825
397	405	0.977042
397	406	0.020967
397	407	0.000093
398	402	0.000150
398	404	0.976493
398	405	0.020978
398	406	0.000094
399	403	0.792535
399	404	0.019036
399	405	0.000090
409	426	0.000353
409	427	0.725345
409	428	0.000851
409	429	0.000617
409	430	0.000249
410	426	0.958361
410	427	0.000911
410	428	0.000256
410	429	0.000078
410	430	0.000010
411	425	0.999891
412	424	0.999990
413	420	0.000001
413	423	0.999955
414	419	0.000005
414	422	0.999712
415	420	0.000569
415	421	0.990259
416	422	0.000017
417	421	0.000023
517	525	0.000055
518	524	0.000069
519	523	0.000052
520	529	0.000010
521	528	0.000054
521	533	0.000001
521	667	0.000004
521	669	0.000007
522	532	0.000001
522	666	0.000002
522	668	0.000036
523	531	0.000001
523	667	0.000012
523	669	0.000002
524	530	0.000001
524	667	0.000019
524	669	0.000219
525	666	0.000009
525	668	0.001323
526	668	0.936603
527	667	0.997571
528	665	0.000005
528	666	0.997499
528	668	0.000002
529	664	0.000004
529	665	0.998818
529	666	0.000714
530	664	0.998056
530	665	0.001150
531	664	0.001526
532	662	0.994877
532	663	0.001817
533	661	0.997322
535	659	0.000009
535	660	0.999768
536	659	0.999945
537	658	0.999957
538	657	0.999990
539	656	0.999980
540	655	0.999584
541	654	0.999977
542	653	0.999991
543	652	0.999963
544	650	0.000009
544	651	0.999945
545	650	0.999768
546	647	0.000026
546	648	0.998902
547	647	0.991469
547	648	0.000042
547	649	0.000019
548	646	0.991894
549	645	0.999389
550	644	0.999956
551	642	0.000557
551	643	0.997333
551	647	0.000001
552	641	0.000844
552	644	0.000001
552	646	0.000001
554	641	0.992441
554	644	0.000002
555	638	0.000683
555	640	0.993098
555	642	0.003432
555	643	0.000002
556	641	0.003442
557	641	0.000003
559	636	0.000003
559	637	0.992280
559	638	0.000025
559	639	0.000003
560	635	0.000002
560	636	0.999959
560	638	0.000001
561	635	0.999973
562	634	0.999118
563	632	0.032657
563	633	0.967284
564	631	0.064939
564	632	0.932524
564	633	0.000008
565	630	0.092225
566	628	0.000036
566	630	0.603732
567	627	0.000018
567	629	0.303668
568	629	0.678047
569	628	0.999499
570	627	0.999464
571	626	0.999978
572	625	0.999778
573	623	0.999360
574	622	0.999136
575	621	0.999194
576	615	0.000003
576	619	0.000002
576	620	0.999971
577	614	0.000004
577	618	0.000003
577	619	0.999982
578	613	0.000005
578	618	0.999929
579	612	0.000007
579	617	0.985021
580	612	0.000936
580	617	0.000347
581	611	0.000724
581	617	0.000050
582	610	0.000607
582	611	0.000081
582	617	0.000012
583	609	0.000491
583	610	0.000069
583	611	0.002789
583	617	0.000011
584	609	0.000057
584	610	0.001871
584	611	0.992948
585	609	0.000939
585	610	0.997383
585	611	0.000046
586	606	0.000002
586	609	0.998442
586	610	0.000024
587	605	0.000002
587	607	0.000005
587	608	0.999924
588	604	0.000002
588	607	0.996579
588	608	0.000003
590	600	0.000001
590	605	0.995301
591	604	0.999977
591	605	0.000003
592	598	0.000003
592	602	0.000005
592	603	0.999029
593	597	0.000004
593	599	0.000157
593	602	0.998882
593	603	0.000249
594	600	0.014524
596	600	0.004680
612	616	0.000009
613	617	0.000004
681	690	0.000002
682	689	0.000002
683	689	0.000002
684	688	0.000004
684	690	0.000007
685	690	0.000009
686	691	0.000008
725	731	0.000005
725	733	0.000004
725	734	0.000043
725	736	0.000003
726	731	0.000019
726	733	0.000068
726	734	0.000056
726	736	0.000016
726	740	0.000003
726	742	0.000002
726	743	0.000002
727	737	0.000172
727	738	0.000008
727	746	0.000002
728	733	0.000027
728	734	0.000056
728	736	0.000183
728	740	0.000004
728	742	0.000001
728	743	0.000003
728	745	0.000003
728	779	0.000004
729	733	0.000043
729	734	0.000038
729	736	0.000073
729	740	0.000007
729	742	0.000005
729	743	0.000004
729	778	0.000006
729	834	0.000003
730	734	0.000014
730	736	0.000031
730	740	0.000005
730	742	0.000005
730	743	0.000003
730	777	0.000006
730	833	0.000003
731	737	0.000014
731	738	0.000024
731	776	0.000005
731	832	0.000004
732	749	0.000003
732	831	0.000004
733	737	0.000014
733	738	0.000019
733	830	0.000003
734	738	0.000009
734	832	0.000001
735	749	0.000004
735	831	0.000001
736	746	0.000093
736	749	0.000015
736	760	0.000001
736	762	0.000008
736	771	0.000002
736	772	0.000001
736	773	0.000001
736	776	0.000010
736	830	0.000001
737	742	0.000148
737	743	0.000290
737	745	0.000195
737	748	0.000043
737	755	0.000002
737	757	0.000002
737	759	0.000002
737	761	0.000013
737	764	0.000003
737	769	0.000005
737	775	0.000018
737	777	0.000001
737	778	0.000003
737	779	0.000002
737	829	0.000001
738	742	0.000554
738	743	0.000861
738	745	0.001690
738	748	0.000271
738	755	0.000021
738	757	0.000013
738	759	0.004624
738	761	0.007277
738	764	0.000021
738	769	0.000117
738	775	0.000049
738	777	0.000009
738	778	0.000006
738	779	0.000003
738	817	0.000304
738	819	0.000019
738	834	0.000001
739	749	0.010259
739	758	0.005010
739	760	0.007770
739	786	0.000003
739	816	0.000325
739	818	0.000022
739	824	0.000028
739	837	0.000008
740	746	0.000477
740	749	0.000336
740	752	0.000032
740	758	0.000012
740	760	0.000008
740	762	0.000040
740	766	0.000191
740	767	0.000299
740	768	0.000176
740	771	0.000428
740	772	0.000169
740	773	0.000043
740	776	0.000007
740	781	0.000007
740	782	0.000004
740	785	0.000003
740	787	0.000001
740	811	0.000005
740	815	0.000306
740	823	0.000029
740	832	0.000028
741	749	0.007327
741	758	0.004932
741	760	0.000182
741	784	0.000004
741	786	0.000001
741	800	0.000003
741	810	0.000006
741	816	0.000020
741	824	0.000010
741	831	0.000032
742	746	0.000475
742	749	0.001703
742	752	0.000040
742	758	0.000043
742	760	0.000061
742	762	0.000370
742	766	0.000406
742	767	0.004259
742	768	0.006762
742	771	0.000100
742	772	0.000318
742	773	0.000086
742	776	0.000015
742	781	0.000015
742	782	0.000044
742	785	0.000001
742	799	0.000003
742	809	0.000005
742	811	0.000014
742	812	0.001392
742	815	0.000015
742	823	0.000013
742	830	0.000030
742	832	0.000054
743	749	0.000243
743	752	0.000112
743	758	0.000008
743	760	0.000024
743	762	0.001689
743	766	0.004682
743	767	0.008012
743	768	0.000636
743	771	0.000332
743	772	0.000101
743	773	0.000009
743	776	0.000006
743	781	0.000053
743	782	0.000013
743	784	0.000001
743	785	0.000001
743	799	0.000004
743	810	0.000014
743	811	0.001958
743	812	0.000001
743	823	0.000004
743	831	0.000062
743	832	0.000368
744	749	0.014151
744	758	0.000443
744	760	0.001306
744	784	0.000002
744	800	0.000002
744	809	0.000017
744	810	0.002019
744	824	0.000012
744	830	0.000066
744	831	0.000420
745	749	0.000177
745	752	0.000227
745	758	0.000235
745	760	0.039953
745	762	0.059415
745	766	0.001842
745	767	0.000630
745	768	0.000179
745	771	0.000026
745	772	0.000019
745	773	0.000010
745	776	0.000103
745	781	0.000015
745	782	0.000010
745	797	0.000037
745	799	0.000002
745	809	0.002003
745	818	0.000017
745	823	0.000016
745	830	0.000416
746	755	0.000102
746	757	0.000281
746	759	0.050522
746	761	0.067641
746	764	0.013052
746	769	0.000040
746	775	0.000106
746	777	0.000019
746	778	0.000015
746	779	0.000012
746	796	0.000044
746	808	0.001757
746	817	0.000022
746	827	0.000004
746	829	0.000369
747	758	0.051714
747	760	0.067049
747	800	0.000008
747	809	0.000002
747	810	0.000001
747	816	0.000022
747	824	0.000024
748	752	0.000053
748	758	0.000476
748	760	0.002194
748	762	0.280699
748	766	0.009885
748	767	0.000203
748	768	0.000061
748	771	0.000824
748	772	0.000052
748	773	0.000054
748	776	0.000112
748	781	0.001051
748	782	0.000042
748	784	0.000002
748	799	0.000009
748	809	0.000001
748	815	0.000022
748	823	0.000024
748	826	0.000654
748	866	0.000044
749	753	0.000284
749	754	0.001734
749	755	0.000261
749	756	0.011320
749	757	0.000492
749	759	0.023690
749	761	0.342338
749	763	0.010630
749	764	0.000504
749	765	0.011518
749	769	0.000005
749	770	0.000946
749	774	0.000297
749	775	0.000108
749	777	0.000008
749	778	0.000007
749	779	0.000007
749	780	0.001214
749	783	0.000279
749	793	0.000484
749	798	0.000008
749	805	0.002076
749	806	0.000001
749	807	0.000003
749	814	0.000022
749	822	0.000004
749	825	0.000739
749	865	0.000052
750	758	0.023856
750	760	0.279834
750	792	0.000537
750	804	0.002114
750	810	0.000026
750	824	0.000736
750	831	0.000009
750	864	0.000051
751	758	0.223115
751	760	0.417466
751	791	0.000538
751	803	0.002114
751	809	0.000026
751	824	0.000001
751	830	0.000009
752	757	0.163215
752	759	0.488297
752	761	0.006671
752	764	0.000014
752	769	0.000017
752	775	0.000026
752	777	0.000045
752	778	0.000024
752	779	0.000017
752	790	0.000525
752	793	0.000009
752	802	0.002064
752	805	0.000046
752	808	0.000012
752	829	0.000008
753	758	0.483372
753	760	0.007207
753	792	0.000010
753	800	0.000002
753	804	0.000063
753	831	0.000005
754	758	0.001629
754	760	0.002905
754	784	0.000002
754	786	0.000166
754	791	0.000010
754	800	0.000021
754	803	0.000063
754	824	0.000002
754	830	0.000005
754	831	0.000001
755	760	0.000030
755	762	0.000037
755	766	0.000043
755	767	0.000199
755	768	0.000667
755	771	0.000088
755	772	0.000191
755	773	0.000209
755	776	0.000063
755	781	0.000010
755	782	0.000019
755	785	0.000169
755	787	0.000391
755	799	0.000012
755	823	0.000002
755	830	0.000001
755	832	0.000004
756	760	0.000091
756	784	0.000168
756	786	0.000396
756	792	0.000003
756	800	0.002171
756	824	0.000002
756	831	0.000004
757	762	0.000043
757	766	0.019962
757	767	0.000286
757	768	0.000546
757	771	0.006512
757	772	0.000149
757	773	0.000168
757	776	0.000277
757	781	0.001879
757	782	0.000030
757	784	0.000079
757	785	0.000346
757	791	0.000003
757	797	0.000002
757	799	0.002187
757	823	0.000003
757	826	0.000003
757	830	0.000004
757	866	0.000002
758	763	0.000806
758	764	0.000027
758	765	0.023668
758	769	0.002264
758	770	0.007571
758	774	0.006929
758	775	0.000205
758	777	0.000354
758	778	0.000012
758	779	0.000040
758	780	0.002205
758	783	0.006316
758	788	0.000002
758	790	0.000002
758	796	0.000002
758	798	0.002196
758	825	0.000004
758	827	0.000018
758	828	0.000001
758	852	0.000001
758	865	0.000002
759	766	0.015134
759	767	0.000263
759	768	0.003764
759	771	0.004394
759	772	0.000094
759	773	0.006776
759	776	0.000402
759	781	0.001618
759	782	0.005770
759	784	0.000137
759	787	0.000002
759	797	0.002167
759	799	0.000005
759	824	0.000003
759	826	0.000022
759	851	0.000002
759	864	0.000002
759	866	0.000016
760	764	0.000039
760	765	0.019892
760	769	0.002001
760	770	0.005729
760	774	0.003445
760	775	0.000199
760	777	0.001697
760	778	0.000202
760	779	0.000033
760	780	0.002460
760	783	0.003708
760	788	0.000062
760	794	0.000001
760	795	0.000305
760	796	0.001716
760	798	0.000007
760	825	0.000023
760	850	0.000003
760	865	0.000061
761	766	0.000567
761	767	0.001489
761	768	0.003043
761	771	0.000239
761	772	0.000187
761	773	0.003365
761	776	0.002346
761	781	0.000070
761	782	0.003554
761	787	0.000062
761	797	0.000008
761	823	0.000001
761	824	0.000022
761	849	0.000003
761	864	0.000060
762	769	0.000698
762	775	0.002274
762	777	0.000055
762	778	0.000117
762	779	0.000132
762	793	0.001236
762	794	0.000236
762	796	0.000007
762	863	0.000050
763	784	0.000008
763	786	0.000147
763	791	0.000001
763	792	0.001283
763	824	0.000020
764	768	0.000411
764	771	0.001369
764	772	0.000601
764	773	0.001371
764	776	0.000174
764	781	0.007784
764	782	0.000524
764	785	0.000166
764	791	0.000109
764	792	0.000571
764	823	0.000022
764	831	0.000002
764	832	0.000002
764	861	0.000004
765	784	0.000181
765	786	0.000001
765	791	0.001829
765	830	0.000003
765	831	0.000002
765	837	0.000005
765	864	0.000010
766	775	0.001736
766	777	0.000230
766	778	0.001163
766	779	0.085462
766	789	0.000008
766	790	0.001849
766	829	0.000002
766	836	0.000005
766	858	0.000004
766	859	0.000006
766	863	0.000010
767	775	0.001062
767	777	0.001184
767	778	0.108156
767	779	0.004963
767	789	0.001661
767	790	0.000003
767	794	0.000028
767	834	0.000057
767	853	0.000001
767	857	0.000004
767	858	0.000006
767	862	0.000007
767	863	0.000003
768	775	0.002101
768	777	0.112105
768	778	0.005714
768	779	0.000887
768	789	0.000005
768	793	0.000035
768	796	0.000002
768	833	0.000069
768	852	0.000001
768	856	0.000004
768	857	0.000005
768	862	0.000003
769	773	0.000336
769	776	0.096993
769	781	0.000853
769	782	0.000336
769	785	0.000189
769	787	0.001635
769	792	0.000035
769	797	0.000004
769	823	0.000003
769	831	0.000001
769	832	0.000071
769	855	0.000004
769	861	0.000003
770	784	0.000212
770	786	0.001675
770	791	0.000036
770	830	0.000003
770	831	0.000070
770	837	0.000003
770	864	0.000009
771	775	0.001269
771	777	0.000655
771	778	0.004677
771	779	0.010167
771	790	0.000035
771	794	0.000002
771	796	0.000004
771	829	0.000003
771	834	0.000017
771	836	0.000003
771	854	0.000003
771	859	0.000002
771	863	0.000009
772	777	0.004143
772	778	0.012129
772	779	0.005150
772	789	0.000030
772	793	0.000001
772	794	0.000398
772	829	0.000001
772	833	0.000021
772	834	0.000012
772	853	0.000003
772	858	0.000002
772	862	0.000007
773	777	0.007399
773	778	0.004146
773	779	0.000645
773	793	0.000488
773	833	0.000014
773	852	0.000002
773	857	0.000001
774	784	0.000098
774	786	0.000014
774	792	0.000498
774	824	0.000080
774	830	0.000009
774	831	0.000172
774	837	0.000002
775	781	0.001258
775	782	0.001745
775	784	0.000007
775	785	0.000015
775	791	0.000497
775	823	0.000090
775	830	0.000175
775	831	0.000002
775	844	0.000002
776	790	0.000492
776	827	0.000004
776	829	0.000157
776	833	0.000006
776	834	0.000007
776	843	0.000002
777	781	0.000408
777	782	0.000657
777	784	0.000002
777	785	0.000010
777	786	0.000002
777	787	0.000011
777	823	0.000015
777	824	0.000009
777	826	0.000004
777	832	0.000007
777	842	0.000002
777	867	0.000002
778	782	0.000347
778	784	0.000012
778	785	0.000009
778	786	0.000013
778	787	0.000002
778	823	0.000046
778	824	0.000013
778	826	0.000007
778	831	0.000006
778	832	0.000085
778	841	0.000001
778	866	0.000003
778	867	0.000001
779	784	0.000011
779	785	0.000017
779	786	0.000002
779	787	0.000483
779	792	0.000002
779	823	0.000086
779	824	0.000002
779	826	0.000052
779	830	0.000004
779	831	0.000099
779	832	0.000004
779	866	0.000002
780	784	0.000017
780	786	0.000487
780	791	0.000003
780	824	0.000160
780	830	0.000107
780	831	0.000005
780	864	0.000011
781	790	0.000003
781	794	0.000004
781	806	0.000002
781	827	0.000001
781	829	0.000099
781	863	0.000010
782	789	0.000002
782	793	0.000005
782	805	0.000003
782	821	0.000011
782	827	0.000005
782	862	0.000007
783	792	0.000005
783	804	0.000003
783	824	0.001451
784	795	0.000001
784	820	0.001252
784	821	0.000004
784	822	0.992504
785	790	0.000001
785	794	0.000001
785	796	0.000002
785	802	0.000003
785	819	0.001251
785	821	0.994805
786	795	0.000003
786	801	0.000003
786	820	0.995450
787	794	0.000002
787	817	0.001337
787	819	0.995121
788	800	0.000003
788	816	0.001426
788	818	0.994117
789	799	0.000002
789	800	0.000035
789	815	0.000760
789	816	0.847998
789	818	0.000007
790	799	0.000256
790	815	0.989390
790	816	0.000578
791	798	0.000295
791	802	0.000002
791	814	0.996252
792	798	0.000011
792	801	0.000002
792	813	0.996288
793	797	0.000009
793	800	0.000002
793	811	0.000047
793	812	0.995251
794	799	0.000002
794	810	0.000093
794	811	0.994678
794	812	0.000007
794	823	0.000001
795	803	0.000001
795	804	0.000013
795	809	0.000181
795	810	0.992309
795	824	0.000001
796	803	0.000033
796	804	0.000007
796	809	0.795533
796	810	0.000157
796	811	0.000028
796	823	0.000002
797	802	0.000064
797	805	0.059437
797	806	0.000997
797	808	0.630633
797	819	0.000349
797	821	0.000002
798	803	0.014348
798	804	0.079105
798	809	0.189301
798	810	0.000003
798	818	0.000412
799	805	0.012970
799	806	0.273238
799	808	0.230078
799	817	0.000271
799	819	0.000001
800	805	0.153355
800	806	0.003022
800	807	0.241708
800	808	0.000148
800	817	0.000923
801	809	0.000150
801	810	0.000005
801	816	0.001310
802	809	0.000013
802	815	0.001316
803	807	0.000893
803	808	0.000070
803	814	0.001318
803	839	0.000004
804	808	0.000013
804	813	0.001318
804	838	0.000004
805	811	0.000002
805	812	0.001282
805	837	0.000004
806	810	0.000004
806	811	0.000970
807	816	0.000002
807	837	0.000001
808	815	0.000003
808	837	0.000015
809	814	0.000003
809	835	0.000017
809	836	0.000068
810	834	0.000021
810	835	0.000244
811	833	0.000022
811	834	0.000246
812	819	0.000002
812	833	0.000244
813	818	0.000002
813	831	0.000933
814	830	0.000940
814	837	0.000163
815	821	0.000001
815	829	0.000938
815	836	0.000169
816	820	0.000001
816	822	0.000004
816	827	0.000023
816	828	0.000917
816	835	0.000171
817	823	0.000001
817	826	0.000893
818	822	0.000006
818	825	0.000927
818	827	0.000002
818	833	0.000174
819	824	0.000833
819	826	0.000002
819	832	0.000189
820	824	0.000008
820	831	0.000188
821	830	0.000015
821	831	0.000032
821	832	0.000001
822	830	0.000269
822	831	0.000002
822	837	0.000004
823	827	0.000001
823	829	0.000321
823	833	0.000001
823	834	0.000002
823	836	0.000016
823	840	0.000015
824	828	0.000317
824	829	0.000001
824	833	0.000003
824	835	0.000020
824	838	0.000369
824	839	0.000009
824	865	0.004738
825	830	0.000043
825	831	0.000024
825	837	0.000383
825	864	0.004748
826	833	0.000016
826	834	0.000005
826	836	0.000329
826	843	0.000048
826	862	0.000008
826	863	0.004605
827	832	0.000015
827	841	0.000002
827	842	0.000057
827	861	0.000009
828	837	0.000009
829	837	0.000003
829	841	0.000033
829	851	0.000003
829	855	0.000002
829	861	0.004114
829	866	0.000018
830	834	0.000001
830	835	0.000048
830	836	0.000014
830	838	0.000003
830	839	0.000578
830	840	0.000037
830	850	0.000004
830	854	0.000002
830	858	0.000079
830	859	0.000025
830	860	0.004256
830	865	0.000021
831	835	0.000018
831	838	0.000578
831	839	0.000038
831	853	0.000002
831	857	0.000091
831	858	0.000036
831	859	0.004194
831	860	0.000090
831	863	0.000001
831	865	0.000003
832	836	0.000005
832	843	0.000006
832	852	0.000002
832	856	0.000094
832	857	0.000037
832	858	0.004079
832	859	0.000088
832	862	0.000002
832	863	0.000016
833	837	0.000005
833	842	0.000008
833	845	0.000001
833	847	0.000003
833	848	0.000002
833	851	0.000002
833	855	0.000093
833	861	0.000002
833	864	0.000002
833	866	0.000001
833	867	0.000003
834	841	0.000007
834	844	0.000001
834	846	0.000002
834	847	0.000002
834	855	0.000008
834	864	0.000001
834	866	0.000003
834	867	0.000006
835	864	0.000008
836	842	0.000003
836	844	0.000003
836	845	0.000006
836	846	0.000001
836	848	0.000001
836	851	0.000081
836	855	0.000014
836	861	0.000194
836	866	0.005480
836	867	0.000003
837	843	0.000003
837	850	0.000093
837	852	0.000005
837	853	0.000013
837	854	0.000015
837	857	0.000004
837	858	0.000006
837	859	0.000007
837	860	0.000430
837	862	0.000009
837	863	0.000004
837	865	0.011189
838	864	0.012103
839	864	0.002496
840	844	0.000057
840	845	0.000202
840	846	0.000165
840	847	0.000280
840	848	0.000102
840	849	0.000151
840	851	0.000026
840	855	0.003655
840	861	0.000628
840	864	0.051983
840	866	0.000125
840	867	0.000021
841	852	0.000020
841	853	0.001181
841	854	0.004197
841	856	0.000188
841	857	0.324788
841	858	0.001974
841	859	0.000707
841	862	0.000499
841	863	0.072053
842	852	0.001543
842	853	0.004045
842	854	0.000177
842	856	0.427361
842	857	0.001603
842	858	0.000622
842	859	0.000178
842	862	0.075870
842	863	0.000470
843	847	0.000055
843	848	0.000196
843	849	0.000122
843	851	0.001527
843	855	0.443363
843	861	0.070907
843	864	0.001336
843	866	0.000024
843	867	0.000008
844	852	0.000076
844	853	0.001046
844	854	0.443321
844	856	0.000165
844	857	0.000482
844	858	0.001838
844	859	0.036377
844	862	0.000068
844	863	0.001675
845	852	0.001285
845	853	0.433101
845	854	0.006812
845	856	0.000529
845	857	0.002181
845	858	0.039935
845	859	0.042695
845	862	0.001439
845	863	0.000250
846	852	0.361942
846	853	0.008485
846	854	0.002668
846	856	0.001917
846	857	0.040261
846	858	0.047585
846	859	0.016884
846	862	0.000212
846	863	0.000191
847	852	0.006964
847	853	0.003065
847	854	0.002206
847	856	0.037974
847	857	0.046651
847	858	0.020576
847	859	0.001567
847	862	0.000168
847	863	0.000190
848	852	0.001954
848	853	0.002046
848	854	0.002034
848	856	0.039963
848	857	0.021343
848	858	0.001802
848	859	0.000852
848	862	0.000170
848	863	0.000156
849	853	0.001380
849	854	0.002084
849	856	0.015839
849	857	0.001562
849	858	0.000924
849	859	0.000062
849	862	0.000134
849	863	0.000034
850	864	0.012619
851	856	0.000151
851	857	0.000434
851	858	0.000606
851	859	0.000234
851	862	0.000603
851	863	0.012128
852	861	0.000801
852	864	0.000049
852	866	0.000083
852	867	0.000089
853	861	0.000798
853	864	0.000091
853	866	0.000139
853	867	0.000062
854	861	0.000314
854	864	0.001351
854	866	0.000101
854	867	0.000012
855	859	0.000120
855	862	0.000524
855	863	0.001603
856	861	0.000504
856	864	0.000151
856	866	0.000047
856	867	0.000234
857	861	0.000104
857	864	0.000499
857	866	0.000418
857	867	0.000146
858	864	0.000502
858	866	0.000299
858	867	0.000521
859	864	0.000150
859	866	0.000799
859	867	0.000042
860	864	0.000446
862	866	0.000099
862	867	0.000099
863	867	0.000037
