1	7	0.000109
1	8	0.000096
1	9	0.000025
1	12	0.000127
1	13	0.000063
1	15	0.000555
1	29	0.000009
1	33	0.000023
1	41	0.197732
1	55	0.000037
1	67	0.023168
1	484	0.000020
1	487	0.000005
1	494	0.106802
1	616	0.020552
1	700	0.000069
1	820	0.000037
2	7	0.000323
2	8	0.000073
2	9	0.000015
2	11	0.000170
2	12	0.000126
2	13	0.000002
2	14	0.000670
2	15	0.000218
2	28	0.000018
2	30	0.002077
2	32	0.000024
2	33	0.000006
2	39	0.000272
2	40	0.266289
2	41	0.001557
2	42	0.004522
2	46	0.001733
2	50	0.000106
2	52	0.000045
2	53	0.004458
2	55	0.000001
2	60	0.000002
2	62	0.015912
2	64	0.000047
2	65	0.001706
2	66	0.026274
2	67	0.000081
2	483	0.000026
2	484	0.000031
2	485	0.000067
2	487	0.000005
2	488	0.000559
2	491	0.000214
2	492	0.013980
2	493	0.132879
2	494	0.000366
2	497	0.000011
2	611	0.001857
2	613	0.004137
2	614	0.109044
2	615	0.027774
2	616	0.000078
2	619	0.000003
2	620	0.000022
2	695	0.000012
2	699	0.000093
2	819	0.000074
2	832	0.000061
2	840	0.000351
2	843	0.013827
3	7	0.000067
3	8	0.000051
3	9	0.000025
3	11	0.000135
3	12	0.000003
3	13	0.000660
3	14	0.000282
3	29	0.002099
3	30	0.000020
3	32	0.000006
3	39	0.266605
3	40	0.001950
3	41	0.003661
3	42	0.045992
3	46	0.000128
3	50	0.000033
3	52	0.004426
3	53	0.000027
3	61	0.016052
3	62	0.000106
3	64	0.001720
3	65	0.026069
3	66	0.000097
3	483	0.000038
3	484	0.000029
3	485	0.000094
3	487	0.000192
3	488	0.001396
3	491	0.014016
3	492	0.131989
3	493	0.000488
3	494	0.000004
3	497	0.000007
3	611	0.001925
3	613	0.108289
3	614	0.028511
3	615	0.000116
3	618	0.000003
3	619	0.000022
3	695	0.000003
3	698	0.000093
3	818	0.000079
3	831	0.000072
3	840	0.000251
3	843	0.007829
4	8	0.000073
4	9	0.000084
4	12	0.000628
4	13	0.000273
4	26	0.000028
4	28	0.002109
4	29	0.000011
4	41	0.044444
4	55	0.000001
4	58	0.000005
4	60	0.016362
4	61	0.000055
4	67	0.000003
4	484	0.000069
4	487	0.001195
4	494	0.000005
4	616	0.000001
4	690	0.000003
4	697	0.000079
4	817	0.000078
4	830	0.000072
4	836	0.000006
5	10	0.000445
5	16	0.000005
5	25	0.000029
5	27	0.002117
5	48	0.000135
5	56	0.000032
5	57	0.000004
5	59	0.016395
5	68	0.000642
5	481	0.000028
5	495	0.000332
5	609	0.000114
5	610	0.006669
5	617	0.000006
5	623	0.000005
5	689	0.000003
5	691	0.000005
5	809	0.000003
5	816	0.000077
5	829	0.000072
5	835	0.000007
5	837	0.000214
5	838	0.000005
5	839	0.000015
5	841	0.000701
5	842	0.000808
6	12	0.000003
6	13	0.000002
6	15	0.000005
6	24	0.000028
6	26	0.002103
6	41	0.000685
6	55	0.000045
6	58	0.015060
6	60	0.000001
6	61	0.000005
6	67	0.000523
6	487	0.000272
6	494	0.000272
6	616	0.000005
6	622	0.000005
6	688	0.000003
6	690	0.000001
6	808	0.000003
6	836	0.000211
7	21	0.000003
7	22	0.000006
7	25	0.001955
7	37	0.000077
7	38	0.006171
7	43	0.000177
7	44	0.000194
7	45	0.000103
7	47	0.000186
7	48	0.000127
7	49	0.000099
7	51	0.000014
7	54	0.000045
7	56	0.000015
7	57	0.013870
7	59	0.000001
7	63	0.000023
7	482	0.000002
7	486	0.000264
7	489	0.000088
7	490	0.000282
7	496	0.000005
7	609	0.000017
7	610	0.000127
7	612	0.000073
7	621	0.000004
7	687	0.000002
7	694	0.000008
7	807	0.000003
7	813	0.000005
7	827	0.000002
7	828	0.000004
7	835	0.000199
7	839	0.000010
7	841	0.000007
7	842	0.000016
7	844	0.000081
8	17	0.000005
8	19	0.000003
8	21	0.000016
8	22	0.000989
8	25	0.000003
8	37	0.003527
8	38	0.756093
8	43	0.000127
8	44	0.000084
8	45	0.000016
8	47	0.000065
8	48	0.000077
8	49	0.000005
8	51	0.000003
8	54	0.000005
8	56	0.003527
8	57	0.000007
8	63	0.000001
8	481	0.000002
8	486	0.000044
8	489	0.000157
8	490	0.000011
8	495	0.000003
8	496	0.000002
8	609	0.000002
8	610	0.000020
8	612	0.000013
8	693	0.000007
8	806	0.000003
8	812	0.000005
8	813	0.000007
8	826	0.000001
8	827	0.000004
8	834	0.000096
8	838	0.000009
8	841	0.000006
8	842	0.000043
8	844	0.000026
9	16	0.000005
9	19	0.000103
9	21	0.001223
9	22	0.000027
9	31	0.000015
9	34	0.000005
9	37	0.955670
9	38	0.000306
9	43	0.000026
9	44	0.000005
9	47	0.000017
9	48	0.000002
9	51	0.000002
9	54	0.000018
9	56	0.000002
9	486	0.000013
9	489	0.000006
9	610	0.000002
9	612	0.000051
9	692	0.000004
9	805	0.000002
9	811	0.000004
9	812	0.000007
9	815	0.000007
9	826	0.000003
9	833	0.000011
9	837	0.000009
9	841	0.000066
9	844	0.002175
10	14	0.000002
10	15	0.000002
10	18	0.000120
10	20	0.001232
10	23	0.000072
10	24	0.000002
10	26	0.000003
10	30	0.000019
10	32	0.000007
10	33	0.000005
10	36	0.991276
10	42	0.000006
10	46	0.000004
10	50	0.000001
10	52	0.000005
10	53	0.000015
10	611	0.000058
10	794	0.000003
10	814	0.000008
10	825	0.000003
10	830	0.000003
10	836	0.000010
10	840	0.000079
10	843	0.003516
11	16	0.000229
11	25	0.000004
11	35	0.991349
11	610	0.000058
11	793	0.000003
11	803	0.000002
11	809	0.000002
11	811	0.000019
11	829	0.000004
11	835	0.000010
11	839	0.000078
11	842	0.003516
12	16	0.000004
12	17	0.000008
12	19	0.000083
12	21	0.000017
12	22	0.000020
12	31	0.000008
12	34	0.983418
12	35	0.000003
12	38	0.000001
12	51	0.000003
12	609	0.000006
12	792	0.000003
12	806	0.000006
12	810	0.000017
12	811	0.000002
12	813	0.000014
12	824	0.000003
12	828	0.000004
12	834	0.000009
12	838	0.000072
12	841	0.003370
13	17	0.000025
13	19	0.000011
13	21	0.000018
13	22	0.000002
13	31	0.000123
13	34	0.000109
13	37	0.000001
13	49	0.000029
13	791	0.000003
13	805	0.000008
13	809	0.000014
13	810	0.000006
13	812	0.000020
13	823	0.000003
13	827	0.000003
13	833	0.000006
13	834	0.000006
13	837	0.000040
13	838	0.000002
13	839	0.000016
13	841	0.000001
14	35	0.000005
14	48	0.000031
14	790	0.000001
14	804	0.000008
14	809	0.000007
14	811	0.000021
14	822	0.000003
14	833	0.000008
14	835	0.000037
14	837	0.000003
14	838	0.000019
14	839	0.003411
14	842	0.000002
15	19	0.000002
15	21	0.000011
15	22	0.000002
15	31	0.907277
15	34	0.000008
15	47	0.000031
15	63	0.000004
15	803	0.000008
15	806	0.000003
15	807	0.000006
15	810	0.000021
15	834	0.000035
15	837	0.000017
15	838	0.003386
15	839	0.000006
15	841	0.000003
16	20	0.000012
16	23	0.000002
16	28	0.000022
16	29	0.077728
16	30	0.910604
16	32	0.000050
16	33	0.000004
16	46	0.000029
16	61	0.000004
16	62	0.000005
16	802	0.000007
16	818	0.000001
16	831	0.000015
16	836	0.000004
16	840	0.000004
17	26	0.000099
17	28	0.531245
17	29	0.459328
17	60	0.000007
17	61	0.000002
17	801	0.000006
17	808	0.000012
17	817	0.000001
17	830	0.000015
17	832	0.000001
17	836	0.003331
18	25	0.000174
18	27	0.982704
18	59	0.000009
18	803	0.000010
18	804	0.000006
18	816	0.000001
18	822	0.000002
18	829	0.000015
18	835	0.003327
18	837	0.000090
19	24	0.000129
19	26	0.982122
19	28	0.010411
19	58	0.000009
19	802	0.000010
19	821	0.000002
19	830	0.000001
19	832	0.000001
19	836	0.000091
20	25	0.978662
20	27	0.010662
20	57	0.000009
20	68	0.000004
20	803	0.000333
20	804	0.000002
20	809	0.000001
20	829	0.000001
20	833	0.001409
20	835	0.000091
20	837	0.000001
21	26	0.008069
21	28	0.000001
21	29	0.000003
21	67	0.000004
21	798	0.000003
21	802	0.000332
21	808	0.000001
21	832	0.001363
22	26	0.000008
22	28	0.000018
22	797	0.000003
22	798	0.000002
22	801	0.000294
22	817	0.000034
22	830	0.001395
22	836	0.000002
23	27	0.000018
23	803	0.000001
23	804	0.000002
23	811	0.000003
23	816	0.000037
23	829	0.001432
23	835	0.000003
24	37	0.000005
24	799	0.000143
24	800	0.000007
24	803	0.000002
24	810	0.000003
24	815	0.000037
24	828	0.001348
24	834	0.000003
25	36	0.000005
25	52	0.000010
25	64	0.000016
25	794	0.000002
25	795	0.000009
25	796	0.000033
25	797	0.000009
25	798	0.000135
25	801	0.000001
25	814	0.000038
25	825	0.000002
25	843	0.000001
26	35	0.000005
26	37	0.000012
26	51	0.000010
26	63	0.000016
26	793	0.000002
26	800	0.000001
26	813	0.000036
26	824	0.000002
26	826	0.001032
26	827	0.000002
27	36	0.000013
27	50	0.000010
27	62	0.000016
27	794	0.002231
27	825	0.001290
27	840	0.000002
28	35	0.000013
28	49	0.000009
28	793	0.002240
28	811	0.000001
28	824	0.001298
28	839	0.000002
29	34	0.000007
29	48	0.000008
29	792	0.002263
29	810	0.000002
29	823	0.001300
29	838	0.000003
30	48	0.000001
30	59	0.000021
30	791	0.002270
30	809	0.000002
30	822	0.001300
30	837	0.000004
31	58	0.000021
31	808	0.000001
31	820	0.000002
31	821	0.001031
31	836	0.000004
32	57	0.000021
32	786	0.000005
32	790	0.003388
32	835	0.000004
33	56	0.000021
33	785	0.000005
33	789	0.003422
33	834	0.000004
33	844	0.000014
34	41	0.000006
34	55	0.000020
34	61	0.000008
34	784	0.000005
34	788	0.003428
34	817	0.000003
34	819	0.000051
35	40	0.000007
35	42	0.000003
35	60	0.000012
35	611	0.000009
35	629	0.000001
35	714	0.000004
35	783	0.000005
35	787	0.003431
35	817	0.000052
35	818	0.000050
35	840	0.000004
35	843	0.004771
36	59	0.000013
36	610	0.000009
36	628	0.000001
36	713	0.000004
36	782	0.000005
36	786	0.003429
36	815	0.000006
36	816	0.000081
36	839	0.000004
36	841	0.000002
36	842	0.004790
37	41	0.000005
37	58	0.000007
37	61	0.000013
37	74	0.000006
37	75	0.000007
37	627	0.000001
37	783	0.000003
37	784	0.003262
38	55	0.000002
38	58	0.002331
38	60	0.000036
38	67	0.000002
38	74	0.000030
38	783	0.003347
38	784	0.000014
38	817	0.000013
38	836	0.000002
39	48	0.001398
39	56	0.000010
39	57	0.003387
39	59	0.000045
39	68	0.000405
39	69	0.001034
39	71	0.000004
39	72	0.015495
39	495	0.000007
39	609	0.000005
39	610	0.000716
39	782	0.003332
39	815	0.000001
39	816	0.000016
39	835	0.000001
39	837	0.000061
39	838	0.002454
39	839	0.038771
39	841	0.105430
39	842	0.010777
40	48	0.014595
40	56	0.003454
40	57	0.000019
40	59	0.000006
40	68	0.003763
40	69	0.000150
40	71	0.015676
40	72	0.000002
40	479	0.000001
40	481	0.000016
40	495	0.000024
40	609	0.000628
40	610	0.000053
40	625	0.000038
40	775	0.000004
40	778	0.000029
40	782	0.000029
40	811	0.000180
40	815	0.000015
40	835	0.000122
40	837	0.002453
40	838	0.038821
40	839	0.162419
40	841	0.009696
40	842	0.000055
41	45	0.000134
41	47	0.013694
41	48	0.000193
41	49	0.024616
41	51	0.000019
41	54	0.000018
41	56	0.000008
41	57	0.000083
41	63	0.000008
41	68	0.000320
41	69	0.000272
41	70	0.015602
41	71	0.000001
41	73	0.000014
41	478	0.000001
41	480	0.000016
41	482	0.000001
41	486	0.000004
41	489	0.000005
41	490	0.000004
41	496	0.001969
41	609	0.000006
41	610	0.000021
41	612	0.000014
41	624	0.000052
41	692	0.000023
41	774	0.000004
41	776	0.000031
41	778	0.000001
41	779	0.003093
41	780	0.000123
41	781	0.000015
41	810	0.000184
41	812	0.000002
41	823	0.000096
41	834	0.000130
41	835	0.000003
41	837	0.005330
41	838	0.168356
41	839	0.001242
41	841	0.000038
41	842	0.000058
41	844	0.000019
42	48	0.031330
42	56	0.000331
42	57	0.000003
42	59	0.000050
42	68	0.030663
42	69	0.015160
42	71	0.000001
42	72	0.000016
42	477	0.000001
42	479	0.000016
42	481	0.000001
42	495	0.002588
42	609	0.000035
42	610	0.000203
42	623	0.000054
42	691	0.000028
42	775	0.000032
42	778	0.003346
42	809	0.000184
42	811	0.000003
42	822	0.000115
42	833	0.000120
42	835	0.002473
42	837	0.205797
42	838	0.001228
42	839	0.000728
42	841	0.000154
42	842	0.000048
43	55	0.000303
43	58	0.000047
43	60	0.000001
43	61	0.000014
43	67	0.028951
43	487	0.000005
43	494	0.002216
43	622	0.000045
43	690	0.000007
43	777	0.003260
43	808	0.000149
43	821	0.000114
43	832	0.000094
43	836	0.203226
44	55	0.000044
44	58	0.000007
44	60	0.000007
44	61	0.001528
44	67	0.000444
44	487	0.000006
44	494	0.000011
44	616	0.000001
44	773	0.000004
44	777	0.000010
44	820	0.000104
44	836	0.000108
45	55	0.000045
45	58	0.000040
45	60	0.001864
45	61	0.000026
45	67	0.000113
45	487	0.000004
45	494	0.000004
45	688	0.000001
45	773	0.003387
45	819	0.000067
45	830	0.000054
45	836	0.000393
46	56	0.003327
46	57	0.000042
46	59	0.001906
46	68	0.101521
46	72	0.000001
46	495	0.010284
46	609	0.000020
46	610	0.000408
46	617	0.000019
46	623	0.000006
46	687	0.000001
46	691	0.000004
46	772	0.003471
46	775	0.000002
46	803	0.000006
46	822	0.000004
46	829	0.000056
46	833	0.215385
46	835	0.000240
46	837	0.000002
46	841	0.000093
46	842	0.000104
47	55	0.003492
47	58	0.001742
47	60	0.000156
47	61	0.000369
47	67	0.101766
47	74	0.000015
47	487	0.000004
47	494	0.010373
47	616	0.000067
47	622	0.000006
47	690	0.000003
47	771	0.003465
47	802	0.000005
47	819	0.000017
47	821	0.000004
47	832	0.216888
47	836	0.000001
48	52	0.000362
48	53	0.005107
48	55	0.000038
48	58	0.000004
48	60	0.000265
48	61	0.209874
48	62	0.040006
48	64	0.000286
48	65	0.000436
48	66	0.090174
48	67	0.000002
48	75	0.000001
48	485	0.000030
48	488	0.000389
48	491	0.000020
48	492	0.000049
48	493	0.010163
48	497	0.000001
48	611	0.000310
48	613	0.000100
48	614	0.000176
48	615	0.000080
48	770	0.003442
48	801	0.000001
48	818	0.000023
48	820	0.000004
48	831	0.217122
48	840	0.000003
48	843	0.001919
49	55	0.000127
49	58	0.000545
49	60	0.344196
49	61	0.020422
49	74	0.000002
49	484	0.000013
49	487	0.000311
49	688	0.000002
49	690	0.000009
49	744	0.000001
49	768	0.000008
49	769	0.002856
49	773	0.000005
49	817	0.000022
49	819	0.000003
49	830	0.216788
50	56	0.001920
50	57	0.000627
50	59	0.370131
50	68	0.000493
50	69	0.000002
50	71	0.000188
50	72	0.000045
50	495	0.000060
50	609	0.000007
50	610	0.000202
50	617	0.000002
50	623	0.000009
50	625	0.000001
50	687	0.000002
50	689	0.000010
50	691	0.000004
50	743	0.000002
50	764	0.000001
50	772	0.000005
50	816	0.000021
50	822	0.000006
50	829	0.215725
50	833	0.000001
50	837	0.000010
50	839	0.000003
50	841	0.000044
50	842	0.000073
51	55	0.001314
51	58	0.369282
51	60	0.000257
51	61	0.000008
51	67	0.000457
51	487	0.000002
51	494	0.000051
51	616	0.000004
51	622	0.000010
51	688	0.000018
51	690	0.000003
51	721	0.000001
51	742	0.000002
51	768	0.000021
51	771	0.000004
51	773	0.000002
51	817	0.000067
51	819	0.000004
51	820	0.000005
51	821	0.000010
51	825	0.000050
51	830	0.000011
51	832	0.000001
51	836	0.000010
52	56	0.000333
52	57	0.365756
52	59	0.000272
52	68	0.001135
52	69	0.065866
52	72	0.000001
52	495	0.000033
52	609	0.000003
52	610	0.000074
52	617	0.000130
52	623	0.000052
52	625	0.000603
52	675	0.000002
52	680	0.000009
52	687	0.000023
52	689	0.000002
52	691	0.000011
52	704	0.000001
52	709	0.000009
52	713	0.000013
52	720	0.000002
52	741	0.000002
52	747	0.000002
52	750	0.000002
52	765	0.000189
52	772	0.000002
52	804	0.000029
52	815	0.000003
52	816	0.000069
52	822	0.000012
52	829	0.000026
52	835	0.000010
52	838	0.000012
52	841	0.000019
52	842	0.001298
53	57	0.000253
53	59	0.000115
53	68	0.231852
53	69	0.000031
53	71	0.000001
53	495	0.005683
53	609	0.000032
53	610	0.000004
53	617	0.012394
53	623	0.029739
53	679	0.000008
53	687	0.000001
53	689	0.000005
53	691	0.000006
53	704	0.000001
53	708	0.000009
53	713	0.000001
53	720	0.000004
53	740	0.000002
53	749	0.000001
53	764	0.000189
53	803	0.000029
53	809	0.000003
53	815	0.000068
53	822	0.000064
53	829	0.000009
53	833	0.000005
53	837	0.000012
53	841	0.001294
53	842	0.000008
54	58	0.000079
54	60	0.000028
54	61	0.000019
54	67	0.229442
54	487	0.000004
54	494	0.005563
54	616	0.012796
54	622	0.029886
54	688	0.000006
54	690	0.000002
54	697	0.000002
54	700	0.000035
54	702	0.000003
54	706	0.000003
54	719	0.000004
54	762	0.000002
54	763	0.000151
54	768	0.000001
54	802	0.000022
54	808	0.000003
54	817	0.000006
54	821	0.000057
54	825	0.000283
54	830	0.000013
54	832	0.000004
54	836	0.000011
55	59	0.000026
55	63	0.000354
55	68	0.000079
55	486	0.000004
55	489	0.000062
55	495	0.000008
55	496	0.000001
55	612	0.000002
55	617	0.000006
55	621	0.029883
55	624	0.000010
55	680	0.000001
55	684	0.000014
55	687	0.000006
55	696	0.000003
55	705	0.000003
55	713	0.000001
55	715	0.000038
55	716	0.000005
55	718	0.000004
55	761	0.000004
55	767	0.000001
55	807	0.000002
55	813	0.000001
55	816	0.000007
55	822	0.000002
55	823	0.000011
55	824	0.000289
55	826	0.000013
55	827	0.000027
55	828	0.000287
55	829	0.000040
55	835	0.000010
55	844	0.002036
56	61	0.000001
56	62	0.000416
56	64	0.000081
56	65	0.243369
56	66	0.010985
56	67	0.000184
56	488	0.000074
56	491	0.000001
56	492	0.003747
56	493	0.003863
56	494	0.000034
56	497	0.000002
56	611	0.000003
56	613	0.000004
56	614	0.302080
56	615	0.000176
56	619	0.000122
56	620	0.029479
56	683	0.000016
56	686	0.000006
56	695	0.000004
56	698	0.001118
56	699	0.000281
56	712	0.000003
56	714	0.000043
56	717	0.000012
56	737	0.000003
56	760	0.000003
56	817	0.000012
56	818	0.000003
56	819	0.000017
56	825	0.000005
56	831	0.000002
56	843	0.003089
57	61	0.000176
57	62	0.000131
57	64	0.244124
57	65	0.010706
57	66	0.000225
57	67	0.000002
57	487	0.000073
57	491	0.003764
57	492	0.003869
57	493	0.000043
57	497	0.000277
57	611	0.000007
57	613	0.304850
57	614	0.000106
57	618	0.000236
57	619	0.027796
57	620	0.000001
57	622	0.000014
57	629	0.000002
57	678	0.000006
57	682	0.000016
57	686	0.000001
57	695	0.000029
57	697	0.001194
57	698	0.000278
57	711	0.000002
57	712	0.000002
57	714	0.000288
57	717	0.000007
57	736	0.000003
57	748	0.000367
57	760	0.000002
57	814	0.000019
57	818	0.000018
57	821	0.000001
57	825	0.000005
57	830	0.000001
57	843	0.000032
58	63	0.213898
58	68	0.000013
58	72	0.000004
58	73	0.000003
58	486	0.000072
58	489	0.000489
58	490	0.003268
58	495	0.000003
58	496	0.000284
58	610	0.000006
58	612	0.304977
58	617	0.000335
58	621	0.000014
58	628	0.000002
58	677	0.000006
58	681	0.000015
58	684	0.000004
58	685	0.000001
58	687	0.000002
58	694	0.000028
58	696	0.001474
58	710	0.000002
58	713	0.000291
58	715	0.000016
58	716	0.000005
58	735	0.000003
58	747	0.000368
58	759	0.000002
58	813	0.000019
58	815	0.000035
58	824	0.000004
58	826	0.002781
58	827	0.000002
58	828	0.000002
58	841	0.003072
58	842	0.000016
58	844	0.000015
59	64	0.005483
59	65	0.000184
59	66	0.000432
59	67	0.000018
59	74	0.000001
59	485	0.000030
59	487	0.000032
59	488	0.000943
59	491	0.004033
59	492	0.000005
59	493	0.000015
59	494	0.000004
59	497	0.000293
59	611	0.304893
59	613	0.000056
59	614	0.000006
59	615	0.000048
59	616	0.000116
59	618	0.009279
59	619	0.000001
59	620	0.000014
59	626	0.000009
59	676	0.000006
59	683	0.000005
59	686	0.000005
59	695	0.001506
59	711	0.000040
59	712	0.000286
59	714	0.000023
59	717	0.000004
59	734	0.000003
59	746	0.000368
59	814	0.000051
59	825	0.002961
59	840	0.003140
59	843	0.000029
60	68	0.000064
60	70	0.000044
60	71	0.000005
60	73	0.000002
60	486	0.000048
60	489	0.000010
60	490	0.003997
60	495	0.000014
60	496	0.000270
60	609	0.000008
60	610	0.282394
60	612	0.000051
60	617	0.008367
60	625	0.000011
60	675	0.000006
60	681	0.000002
60	685	0.000005
60	693	0.000469
60	694	0.001073
60	710	0.000101
60	713	0.000021
60	716	0.000004
60	745	0.000322
60	811	0.000013
60	813	0.000051
60	824	0.002981
60	839	0.003136
60	842	0.000015
61	68	0.000406
61	69	0.000379
61	70	0.000113
61	72	0.000004
61	73	0.000005
61	482	0.000002
61	486	0.000090
61	489	0.003370
61	490	0.000019
61	495	0.000232
61	496	0.018096
61	609	0.008421
61	610	0.001295
61	612	0.000008
61	617	0.000019
61	624	0.000030
61	680	0.000002
61	681	0.000003
61	684	0.000004
61	692	0.000915
61	693	0.000605
61	709	0.000104
61	710	0.000195
61	715	0.000003
61	810	0.000021
61	812	0.000051
61	823	0.002992
61	838	0.003123
61	841	0.000006
61	842	0.000046
62	68	0.057436
62	69	0.000212
62	71	0.000005
62	72	0.000006
62	481	0.000002
62	495	0.022035
62	609	0.001517
62	610	0.000349
62	617	0.000125
62	623	0.000034
62	679	0.000002
62	680	0.000003
62	689	0.000008
62	691	0.001341
62	708	0.000103
62	709	0.000204
62	713	0.000001
62	743	0.000357
62	809	0.000021
62	811	0.000051
62	822	0.002993
62	837	0.003143
62	841	0.000276
62	842	0.000012
63	67	0.037918
63	487	0.000170
63	494	0.020468
63	616	0.000134
63	622	0.000027
63	688	0.000008
63	690	0.000973
63	706	0.000003
63	742	0.000358
63	808	0.000019
63	817	0.000012
63	820	0.000005
63	821	0.002349
63	836	0.003134
64	68	0.003553
64	69	0.000021
64	71	0.000002
64	72	0.000040
64	495	0.000039
64	609	0.000046
64	610	0.000579
64	617	0.000002
64	680	0.000003
64	687	0.000009
64	689	0.000896
64	691	0.000004
64	704	0.000002
64	708	0.000025
64	709	0.000020
64	741	0.000357
64	804	0.000003
64	809	0.000004
64	816	0.000021
64	835	0.003104
64	838	0.000007
64	839	0.000366
64	841	0.000014
64	842	0.000814
65	69	0.000014
65	71	0.000040
65	72	0.000093
65	495	0.000102
65	609	0.000491
65	610	0.000722
65	617	0.000001
65	623	0.000017
65	679	0.000003
65	680	0.000008
65	687	0.000195
65	689	0.000003
65	691	0.000004
65	704	0.000005
65	708	0.000020
65	709	0.000006
65	729	0.000003
65	740	0.000356
65	765	0.000001
65	791	0.000014
65	803	0.000003
65	804	0.000028
65	815	0.000021
65	816	0.000008
65	833	0.000218
65	835	0.000006
65	837	0.000007
65	838	0.000367
65	839	0.000011
65	841	0.000809
65	842	0.000686
66	71	0.000093
66	72	0.000002
66	495	0.000295
66	609	0.000655
66	610	0.000158
66	617	0.000002
66	623	0.000019
66	625	0.000001
66	673	0.000002
66	679	0.000008
66	680	0.000021
66	687	0.000235
66	691	0.000004
66	704	0.000166
66	708	0.000006
66	709	0.000007
66	728	0.000003
66	739	0.000354
66	764	0.000001
66	775	0.000007
66	790	0.000014
66	803	0.000028
66	804	0.000002
66	809	0.000001
66	811	0.000008
66	815	0.000008
66	816	0.000031
66	822	0.000003
66	829	0.000012
66	833	0.000730
66	835	0.000012
66	837	0.000365
66	838	0.000011
66	839	0.000002
66	841	0.000696
66	842	0.000028
67	71	0.000002
67	486	0.011329
67	489	0.025987
67	490	0.000165
67	495	0.000008
67	496	0.000002
67	609	0.000025
67	610	0.000025
67	612	0.001433
67	621	0.000077
67	624	0.000002
67	672	0.000002
67	677	0.000004
67	679	0.000021
67	684	0.000125
67	685	0.000014
67	687	0.000049
67	696	0.000013
67	704	0.000064
67	705	0.000002
67	708	0.000007
67	713	0.000004
67	715	0.000025
67	727	0.000003
67	735	0.000036
67	774	0.000007
67	789	0.000014
67	803	0.000002
67	810	0.000007
67	813	0.000001
67	815	0.000031
67	828	0.000011
67	833	0.000004
67	834	0.000017
67	835	0.000002
67	837	0.000010
67	838	0.000002
67	841	0.000024
67	844	0.001430
68	484	0.000002
68	485	0.007774
68	487	0.002203
68	488	0.029094
68	491	0.000189
68	492	0.000275
68	493	0.000380
68	494	0.000015
68	497	0.000019
68	608	0.000004
68	611	0.001721
68	613	0.000170
68	614	0.000172
68	615	0.000027
68	616	0.000003
68	618	0.000003
68	619	0.000001
68	620	0.000088
68	671	0.000002
68	676	0.000004
68	678	0.000022
68	683	0.000140
68	686	0.000086
68	695	0.000020
68	702	0.000394
68	703	0.000083
68	707	0.000007
68	712	0.000008
68	714	0.000029
68	717	0.000005
68	726	0.000003
68	734	0.000037
68	736	0.000025
68	737	0.000110
68	738	0.000001
68	773	0.000006
68	788	0.000013
68	814	0.000032
68	818	0.000032
68	819	0.000001
68	820	0.000002
68	830	0.000004
68	831	0.000376
68	832	0.000010
68	836	0.000005
68	840	0.000008
68	843	0.002826
69	483	0.000004
69	484	0.001481
69	485	0.902027
69	487	0.001502
69	488	0.000204
69	491	0.000197
69	492	0.000254
69	493	0.000007
69	611	0.000001
69	613	0.000048
69	614	0.000013
69	615	0.000001
69	619	0.000012
69	701	0.000640
69	725	0.000001
69	733	0.000021
69	736	0.000115
69	787	0.000005
69	830	0.000002
69	831	0.000005
69	843	0.000006
70	484	0.969511
70	487	0.000162
70	494	0.000123
70	616	0.000029
70	700	0.000722
70	732	0.000010
70	771	0.000004
70	820	0.000004
70	830	0.000003
71	483	0.980531
71	484	0.000515
71	485	0.000260
71	487	0.000001
71	488	0.000002
71	491	0.000003
71	492	0.000009
71	493	0.000132
71	614	0.000012
71	615	0.000031
71	620	0.000009
71	699	0.000734
71	714	0.000001
71	734	0.000120
71	770	0.000004
71	819	0.000005
71	832	0.000003
71	843	0.000001
72	483	0.000717
72	484	0.000132
72	485	0.000242
72	488	0.000062
72	491	0.000009
72	492	0.000130
72	613	0.000012
72	614	0.000031
72	619	0.000008
72	683	0.000001
72	698	0.000733
72	707	0.000001
72	712	0.000004
72	733	0.000121
72	769	0.000004
72	818	0.000005
72	831	0.000003
72	843	0.000001
73	484	0.000249
73	487	0.000064
73	682	0.000001
73	697	0.000680
73	706	0.000001
73	711	0.000004
73	732	0.000118
73	768	0.000004
73	817	0.000003
73	830	0.000003
74	478	0.000002
74	479	0.000009
74	480	0.992642
74	481	0.000062
74	482	0.000031
74	486	0.000028
74	490	0.000007
74	694	0.000003
74	696	0.000409
74	710	0.000003
74	731	0.000106
74	767	0.000004
74	816	0.000002
74	829	0.000003
75	477	0.000001
75	478	0.000017
75	479	0.994152
75	480	0.000091
75	481	0.000030
75	482	0.000003
75	489	0.000005
75	693	0.000007
75	694	0.000019
75	709	0.000003
75	730	0.000080
75	766	0.000003
75	828	0.000003
76	477	0.000010
76	478	0.996560
76	479	0.000070
76	480	0.000015
76	481	0.000002
76	692	0.000008
76	693	0.000019
76	694	0.000019
76	708	0.000002
76	729	0.000013
76	765	0.000002
76	827	0.000003
77	477	0.997279
77	478	0.000057
77	479	0.000009
77	691	0.000007
77	692	0.000017
77	693	0.000017
77	728	0.000007
77	764	0.000002
77	826	0.000002
78	476	0.999844
79	475	0.999737
80	474	0.999936
81	473	0.999734
81	725	0.000002
82	470	0.000001
82	472	0.998666
82	473	0.000001
82	724	0.000002
83	471	0.999462
83	723	0.000002
84	469	0.000010
84	470	0.999755
84	722	0.000002
85	469	0.984326
85	721	0.000002
86	463	0.000004
86	465	0.000053
86	466	0.204777
86	467	0.006085
86	468	0.733682
86	720	0.000002
87	462	0.000008
87	463	0.000022
87	465	0.522811
87	466	0.007050
87	467	0.430396
87	468	0.000044
88	461	0.000002
88	464	0.722843
89	461	0.000003
89	464	0.046227
89	714	0.000001
90	460	0.000002
90	467	0.000019
90	713	0.000001
91	461	0.998508
91	464	0.000026
92	460	0.999984
93	459	0.999960
94	458	0.994419
95	458	0.000023
96	458	0.000003
97	454	0.000009
97	455	0.998664
98	454	0.999891
98	455	0.000001
99	453	0.999203
100	452	0.999972
101	451	0.999511
102	450	0.999976
103	449	0.999989
104	448	0.999928
105	109	0.000001
105	446	0.000014
105	447	0.982503
106	168	0.001501
107	113	0.000011
107	114	0.000002
107	167	0.001748
107	444	0.000073
107	445	0.000454
107	446	0.002653
108	112	0.000008
108	166	0.000893
108	168	0.000004
109	166	0.002660
109	168	0.000006
110	164	0.000102
110	165	0.003613
110	167	0.000006
110	444	0.000011
110	445	0.000628
110	446	0.992338
111	163	0.000102
111	164	0.003612
111	165	0.000007
111	167	0.000001
111	444	0.000621
111	445	0.995344
111	446	0.000033
112	162	0.000006
112	163	0.003512
112	164	0.000006
112	444	0.993917
112	445	0.000028
113	442	0.000049
113	443	0.995755
114	221	0.000029
114	224	0.000002
114	442	0.986825
114	443	0.000047
115	166	0.000147
115	168	0.000004
115	214	0.000004
115	220	0.000030
115	226	0.000008
115	227	0.000001
115	439	0.000013
116	161	0.000013
116	162	0.992917
116	163	0.001654
116	164	0.000035
116	165	0.000095
116	167	0.000001
116	438	0.000007
116	440	0.000014
117	161	0.998955
117	162	0.000871
117	163	0.000027
117	164	0.000072
118	160	0.999429
119	159	0.999977
120	158	0.999979
121	156	0.000001
121	157	0.999033
122	156	0.999289
122	157	0.000001
123	155	0.999964
124	154	0.999511
125	153	0.999977
126	152	0.999984
127	150	0.000001
127	151	0.998859
128	150	0.998775
129	149	0.998652
130	148	0.911101
131	146	0.000002
131	147	0.649753
131	148	0.085284
132	146	0.387791
132	147	0.350045
133	139	0.000003
133	143	0.006217
133	146	0.611800
134	138	0.000003
134	140	0.000002
134	142	0.006271
134	145	0.866866
135	139	0.000002
135	143	0.007765
135	147	0.000026
136	143	0.976668
136	146	0.000034
137	142	0.986965
137	145	0.000042
138	143	0.000033
160	216	0.000002
161	214	0.000003
161	224	0.000003
162	170	0.000005
162	213	0.000088
162	214	0.001092
162	220	0.000001
162	221	0.000035
162	224	0.000018
162	230	0.000005
162	439	0.000002
163	168	0.000127
163	169	0.000038
163	170	0.000790
163	172	0.000002
163	176	0.000001
163	177	0.000058
163	178	0.000004
163	212	0.000191
163	213	0.041864
163	214	0.564986
163	220	0.000092
163	221	0.002566
163	224	0.000516
163	226	0.000040
163	227	0.000040
163	228	0.004595
163	230	0.000005
163	437	0.000012
163	439	0.000003
163	442	0.000001
163	443	0.000008
164	168	0.000029
164	169	0.000807
164	170	0.000100
164	175	0.000002
164	176	0.000074
164	177	0.000005
164	212	0.041637
164	213	0.650991
164	214	0.112140
164	220	0.002112
164	221	0.028648
164	224	0.000159
164	226	0.000086
164	227	0.012164
164	228	0.000011
164	230	0.000001
164	436	0.000009
164	437	0.000310
164	442	0.000008
164	443	0.000009
165	169	0.000100
165	170	0.000003
165	175	0.000088
165	176	0.000006
165	212	0.647804
165	213	0.129359
165	214	0.001585
165	220	0.028882
165	221	0.000093
165	224	0.000996
165	226	0.035470
165	227	0.000013
165	230	0.000004
165	436	0.000310
165	442	0.000010
166	174	0.000087
166	210	0.000729
166	211	0.070982
166	215	0.000264
166	216	0.000199
166	217	0.000152
166	218	0.000121
166	219	0.028786
166	222	0.000059
166	223	0.000960
166	225	0.037607
166	229	0.000004
166	435	0.000308
166	441	0.000008
167	175	0.000213
167	209	0.000775
167	212	0.151191
167	213	0.045588
167	214	0.000227
167	220	0.000082
167	221	0.000110
167	224	0.038264
167	226	0.000007
167	228	0.000003
167	433	0.000004
167	434	0.000288
168	174	0.000216
168	207	0.000060
168	208	0.000682
168	210	0.000016
168	211	0.003882
168	215	0.000170
168	216	0.000490
168	217	0.021026
168	218	0.000077
168	219	0.000111
168	222	0.000093
168	223	0.037562
168	225	0.000008
168	432	0.000049
168	446	0.000001
169	173	0.000214
169	206	0.000111
169	210	0.002278
169	211	0.905602
169	215	0.000223
169	218	0.000040
169	222	0.014975
169	431	0.000041
169	445	0.000003
170	206	0.000270
170	210	0.994181
170	211	0.000044
170	215	0.000007
170	218	0.000005
170	222	0.000014
170	444	0.000003
171	175	0.000005
171	209	0.997218
171	212	0.000044
171	213	0.000002
171	214	0.000003
171	220	0.000055
171	221	0.000023
171	224	0.000005
171	226	0.000006
171	230	0.000001
171	443	0.000003
172	204	0.000003
172	205	0.000097
172	206	0.000084
172	207	0.000567
172	208	0.986692
172	210	0.000024
172	211	0.000042
172	219	0.000057
172	222	0.000002
172	223	0.000004
172	225	0.000006
172	229	0.000001
173	209	0.000032
173	212	0.000002
173	221	0.000016
173	224	0.000006
173	228	0.000001
174	220	0.000014
174	227	0.000001
175	204	0.002946
175	206	0.241255
175	210	0.000002
175	211	0.000002
175	215	0.000003
175	218	0.000004
176	203	0.002220
176	204	0.994667
176	206	0.000006
177	202	0.001484
177	203	0.997678
177	204	0.000019
178	201	0.000748
178	202	0.998487
178	203	0.000013
179	199	0.000001
179	201	0.999221
179	202	0.000007
180	200	0.999463
181	198	0.000001
181	199	0.998119
182	198	0.998841
183	197	0.999964
184	196	0.999509
185	193	0.000002
185	195	0.999972
186	192	0.000006
186	194	0.999917
187	191	0.000024
187	193	0.991644
187	195	0.000007
188	192	0.980165
188	194	0.000008
189	193	0.000009
202	213	0.000002
202	214	0.000001
203	209	0.000001
203	212	0.000002
203	213	0.000007
203	224	0.000037
204	212	0.000007
204	221	0.000002
205	214	0.000177
205	220	0.000002
205	226	0.000005
206	212	0.000005
206	213	0.000187
206	221	0.000297
206	224	0.000014
207	214	0.000001
207	220	0.000290
207	226	0.000001
208	226	0.000001
208	439	0.000003
209	215	0.000012
209	218	0.000320
209	222	0.000384
209	438	0.000004
209	444	0.000002
210	214	0.000005
210	221	0.000494
210	224	0.000019
210	226	0.000001
210	437	0.000004
210	443	0.000002
211	220	0.000461
211	221	0.000079
211	224	0.000036
211	232	0.000004
211	436	0.000003
211	442	0.000002
212	218	0.000658
212	222	0.000168
212	231	0.000011
212	445	0.000036
212	446	0.002024
213	218	0.001462
213	222	0.002818
213	231	0.000004
213	428	0.000001
213	431	0.000002
213	444	0.000036
213	445	0.002043
213	446	0.000003
214	218	0.000098
214	219	0.001299
214	222	0.053786
214	223	0.001330
214	225	0.020695
214	229	0.001957
214	427	0.000001
214	430	0.000001
214	435	0.000003
214	444	0.002024
214	445	0.000003
215	220	0.000249
215	221	0.199090
215	224	0.045364
215	226	0.000064
215	227	0.000463
215	228	0.009063
215	230	0.000008
215	239	0.000001
215	434	0.000005
215	437	0.000002
215	442	0.000029
215	443	0.001945
216	220	0.150980
216	226	0.000934
216	227	0.011377
216	238	0.000002
216	433	0.000004
217	226	0.014900
217	227	0.000112
218	224	0.019172
218	226	0.000240
218	227	0.004605
218	228	0.000721
218	230	0.000003
218	236	0.000833
218	434	0.000008
218	442	0.000125
218	443	0.000001
219	226	0.008176
219	227	0.000935
219	235	0.000835
219	433	0.000008
220	225	0.007096
220	234	0.000835
220	432	0.000008
220	441	0.000016
220	445	0.000108
220	446	0.000009
220	447	0.000011
221	231	0.000001
221	233	0.000833
221	431	0.000008
221	438	0.000006
221	440	0.000016
221	444	0.000245
221	445	0.000025
221	446	0.000048
222	226	0.000287
222	227	0.000152
222	228	0.000201
222	230	0.000006
222	232	0.000311
222	236	0.000006
222	437	0.000006
222	439	0.000007
222	442	0.000090
222	443	0.000246
223	227	0.000205
223	232	0.000487
223	235	0.000006
223	439	0.000003
224	231	0.000744
224	233	0.000007
224	428	0.000001
224	438	0.000004
224	440	0.000072
224	444	0.000224
224	445	0.000058
224	446	0.000013
225	232	0.000008
225	439	0.000069
226	231	0.000007
226	438	0.000060
226	440	0.000001
226	441	0.001486
226	444	0.000003
227	438	0.000002
227	440	0.000059
227	441	0.827674
228	233	0.000001
228	438	0.000007
228	440	0.983177
229	439	0.991354
230	438	0.991894
230	440	0.000034
231	436	0.499951
231	437	0.498004
231	439	0.000002
232	435	0.993552
233	434	0.999054
233	436	0.000016
234	433	0.998543
235	429	0.000186
235	430	0.000002
235	431	0.000009
235	432	0.998005
236	428	0.000239
236	431	0.995993
237	409	0.573052
237	410	0.000251
238	407	0.000004
238	408	0.925847
238	427	0.000018
238	428	0.000065
238	429	0.002964
238	430	0.000542
239	406	0.000008
239	407	0.997590
239	428	0.001801
240	405	0.000007
240	406	0.998979
240	407	0.000982
241	404	0.000006
241	405	0.998982
241	406	0.000991
241	407	0.000003
242	404	0.998942
242	405	0.000995
242	406	0.000003
243	402	0.000014
243	403	0.990423
243	404	0.000948
243	405	0.000003
245	402	0.898375
246	399	0.000014
246	401	0.898376
247	399	0.991401
248	398	0.999931
248	399	0.000020
249	397	0.999976
249	398	0.000014
250	396	0.999984
250	397	0.000007
251	395	0.999991
252	394	0.999977
253	393	0.999484
254	392	0.999545
255	385	0.000001
255	390	0.000016
255	391	0.139503
256	390	0.126732
256	391	0.860113
257	381	0.000002
257	390	0.870981
257	391	0.000005
258	380	0.000001
258	383	0.003693
258	384	0.115881
258	386	0.003915
258	387	0.015209
258	388	0.003286
258	389	0.840129
259	383	0.256803
259	384	0.001320
259	386	0.021439
259	387	0.005103
259	388	0.668693
259	389	0.000330
260	381	0.996116
261	380	0.999846
261	383	0.000003
261	384	0.000002
261	386	0.000065
262	379	0.999481
262	384	0.000002
263	378	0.999479
263	382	0.000003
264	377	0.999893
264	381	0.000003
265	376	0.987407
266	374	0.146818
266	376	0.000045
266	380	0.000007
267	376	0.000040
267	379	0.000006
268	371	0.925032
268	372	0.010413
268	373	0.005395
268	375	0.000051
268	378	0.000002
269	369	0.000109
269	370	0.999503
269	374	0.000014
270	368	0.000118
270	369	0.999800
270	370	0.000069
271	367	0.000125
271	368	0.999797
271	369	0.000064
272	367	0.999594
272	368	0.000058
273	363	0.000002
273	365	0.998903
274	362	0.000001
274	364	0.996494
275	364	0.000172
276	362	0.995678
276	364	0.000003
277	358	0.000002
277	360	0.000001
277	361	0.998089
277	363	0.000003
278	357	0.000003
278	360	0.998404
278	361	0.000234
278	363	0.000008
279	356	0.000002
279	359	0.976085
279	362	0.000007
280	355	0.000002
281	356	0.001274
281	359	0.011297
282	355	0.001003
283	355	0.000009
284	355	0.000012
284	356	0.997809
285	352	0.000045
285	355	0.998338
286	351	0.000032
286	353	0.000004
286	354	0.999216
287	350	0.000009
287	351	0.000003
287	353	0.998334
288	351	0.000597
288	353	0.000011
289	350	0.000024
289	351	0.725312
290	350	0.999294
290	351	0.000082
291	348	0.000001
291	349	0.998791
292	348	0.998873
292	349	0.000001
293	347	0.999974
294	346	0.999978
295	345	0.999571
296	344	0.999736
296	347	0.000002
297	302	0.000001
297	341	0.000020
297	344	0.000063
297	346	0.000002
298	340	0.000020
298	342	0.990608
298	343	0.000065
298	345	0.000003
299	339	0.000020
299	341	0.999459
299	344	0.000005
300	340	0.997871
300	343	0.000005
301	339	0.974904
302	306	0.000001
302	342	0.000002
302	343	0.000132
303	342	0.000131
303	343	0.000111
304	342	0.000111
304	343	0.000046
305	342	0.000046
306	338	0.997957
306	339	0.000016
306	341	0.000027
307	337	0.999448
307	340	0.000015
308	336	0.999974
308	339	0.000002
309	335	0.999958
309	338	0.000001
310	334	0.983005
312	331	0.000001
312	332	0.994313
312	333	0.000931
313	331	0.999385
314	330	0.999490
315	329	0.999963
316	328	0.999575
317	326	0.000011
317	327	0.999915
318	326	0.998639
318	327	0.000036
318	329	0.000002
319	328	0.000005
320	326	0.000214
320	327	0.000008
321	325	0.000664
321	326	0.000010
381	386	0.000159
381	387	0.000006
381	388	0.000021
381	389	0.000068
382	387	0.000208
382	388	0.000133
383	390	0.000010
383	391	0.000001
384	390	0.000001
386	390	0.000005
386	391	0.000002
409	426	0.000151
409	427	0.309549
409	428	0.000362
409	429	0.000262
409	430	0.000105
410	426	0.898485
410	427	0.001419
410	428	0.000186
410	429	0.000073
410	430	0.000025
411	425	0.999765
412	424	0.999988
413	420	0.000001
413	423	0.999954
414	419	0.000006
414	422	0.999711
415	420	0.000569
415	421	0.990258
416	422	0.000017
417	421	0.000023
427	433	0.000002
428	434	0.000060
428	436	0.000002
428	437	0.000013
429	433	0.000045
430	439	0.000002
431	436	0.000003
431	437	0.000010
432	439	0.000004
433	438	0.000004
433	441	0.000157
433	447	0.000004
434	440	0.000188
434	446	0.000016
435	439	0.000124
436	440	0.000001
436	445	0.000087
436	446	0.000003
437	444	0.000100
437	445	0.000003
437	446	0.000002
438	443	0.000094
442	446	0.000002
467	712	0.000003
468	711	0.000003
469	710	0.000003
470	709	0.000003
473	708	0.000003
474	707	0.000003
475	706	0.000003
476	704	0.000005
477	483	0.000001
477	485	0.000474
477	488	0.000077
477	703	0.000023
478	484	0.000476
478	487	0.000078
478	494	0.000003
478	702	0.000023
478	821	0.000028
479	483	0.000458
479	484	0.000001
479	485	0.000169
479	488	0.001285
479	491	0.000003
479	492	0.000002
479	493	0.000005
479	701	0.000023
479	820	0.000057
480	484	0.000129
480	487	0.001261
480	494	0.000033
480	627	0.000006
480	700	0.000023
480	702	0.000001
480	819	0.000070
480	832	0.000002
481	485	0.000091
481	487	0.000003
481	488	0.002974
481	491	0.000029
481	492	0.000020
481	493	0.000049
481	497	0.000007
481	611	0.000003
481	626	0.000009
481	699	0.000023
481	701	0.000001
481	784	0.000013
481	818	0.000078
481	831	0.000003
481	843	0.000004
482	487	0.002342
482	783	0.000014
482	817	0.000077
482	830	0.000003
483	495	0.000020
483	610	0.000002
483	625	0.000358
483	782	0.000014
483	811	0.000014
483	816	0.000076
483	829	0.000003
484	489	0.000014
484	490	0.000010
484	496	0.002311
484	624	0.000660
484	692	0.000022
484	779	0.000118
484	781	0.000005
484	810	0.000017
484	812	0.000004
484	815	0.000062
484	823	0.000153
484	826	0.000003
484	828	0.000003
485	495	0.004410
485	498	0.000041
485	610	0.000002
485	617	0.000002
485	623	0.000909
485	625	0.000002
485	687	0.000001
485	691	0.000039
485	713	0.000002
485	778	0.000247
485	809	0.000021
485	811	0.000007
485	815	0.000002
485	822	0.000290
486	494	0.004050
486	616	0.000002
486	622	0.000853
486	682	0.000010
486	690	0.000010
486	706	0.000002
486	711	0.000004
486	777	0.000254
486	808	0.000020
486	817	0.000001
486	819	0.000001
486	820	0.000002
486	821	0.000246
486	825	0.000107
487	495	0.000031
487	496	0.377829
487	610	0.000002
487	612	0.000003
487	621	0.000647
487	624	0.000743
487	681	0.000012
487	689	0.000003
487	692	0.000141
487	705	0.000003
487	710	0.000005
487	765	0.000003
487	776	0.000258
487	779	0.000003
487	792	0.000007
487	804	0.000003
487	805	0.000002
487	807	0.000015
487	810	0.000070
487	812	0.000015
487	816	0.000001
487	823	0.004055
487	824	0.000061
487	834	0.000013
487	842	0.000007
487	844	0.000003
488	495	0.452637
488	498	0.000001
488	609	0.000002
488	610	0.000006
488	617	0.000267
488	623	0.000849
488	680	0.000011
488	687	0.000001
488	689	0.000002
488	691	0.000161
488	704	0.000003
488	709	0.000005
488	713	0.000003
488	764	0.000008
488	775	0.000258
488	778	0.000004
488	791	0.000007
488	803	0.000006
488	804	0.000002
488	809	0.000076
488	811	0.000016
488	815	0.000001
488	822	0.004682
488	833	0.000015
488	841	0.000013
488	842	0.000020
489	494	0.367511
489	616	0.000260
489	622	0.000704
489	688	0.000002
489	690	0.000045
489	763	0.000009
489	777	0.000003
489	802	0.000006
489	808	0.000067
489	819	0.000002
489	820	0.000014
489	821	0.004471
489	832	0.000014
490	494	0.000362
490	616	0.000076
490	622	0.000002
490	682	0.000001
490	688	0.000058
490	690	0.000002
490	721	0.000001
490	762	0.000008
490	773	0.000151
490	801	0.000004
490	817	0.000169
490	819	0.000019
490	820	0.003187
490	821	0.000003
490	825	0.000001
490	830	0.000002
490	836	0.000019
491	495	0.000705
491	498	0.000004
491	499	0.000001
491	609	0.000003
491	610	0.000280
491	617	0.000044
491	623	0.000006
491	625	0.000004
491	680	0.000032
491	687	0.000074
491	689	0.000003
491	691	0.000003
491	709	0.000008
491	713	0.000005
491	720	0.000001
491	750	0.000001
491	761	0.000008
491	772	0.000154
491	791	0.000007
491	793	0.000002
491	804	0.000027
491	816	0.000199
491	822	0.000012
491	829	0.000002
491	835	0.000021
491	838	0.000007
491	839	0.000044
491	841	0.000005
491	842	0.000289
492	498	0.000003
492	499	0.000001
492	609	0.000231
492	610	0.000280
492	617	0.000009
492	623	0.000095
492	679	0.000032
492	680	0.000058
492	687	0.000005
492	691	0.000005
492	708	0.000008
492	709	0.000026
492	713	0.000002
492	729	0.000292
492	749	0.000001
492	750	0.000001
492	765	0.000004
492	772	0.000001
492	790	0.000007
492	791	0.000013
492	803	0.000026
492	804	0.000048
492	815	0.000197
492	816	0.000105
492	822	0.000012
492	833	0.000005
492	837	0.000007
492	838	0.000044
492	839	0.000003
492	841	0.000288
492	842	0.000195
493	498	0.000005
493	609	0.000237
493	610	0.000140
493	617	0.000016
493	623	0.000055
493	625	0.000009
493	673	0.000005
493	679	0.000058
493	680	0.000034
493	687	0.000005
493	691	0.000010
493	708	0.000026
493	709	0.000129
493	713	0.000004
493	728	0.000295
493	749	0.000001
493	764	0.000004
493	765	0.000010
493	772	0.000001
493	775	0.000016
493	786	0.000065
493	790	0.000013
493	803	0.000048
493	804	0.000011
493	811	0.000029
493	815	0.000106
493	816	0.000059
493	822	0.000024
493	829	0.000001
493	833	0.000037
493	835	0.000007
493	837	0.000044
493	838	0.000003
493	839	0.000060
493	841	0.000198
493	842	0.000005
494	609	0.000034
494	610	0.000046
494	612	0.129374
494	621	0.000300
494	624	0.000011
494	672	0.000005
494	677	0.000034
494	679	0.000034
494	684	0.000371
494	687	0.000003
494	692	0.000001
494	696	0.000010
494	704	0.000005
494	708	0.000130
494	713	0.000028
494	715	0.000106
494	716	0.000001
494	727	0.000295
494	764	0.000010
494	774	0.000016
494	785	0.000068
494	789	0.000012
494	803	0.000011
494	810	0.000028
494	812	0.000001
494	813	0.000012
494	815	0.000059
494	822	0.000004
494	823	0.000003
494	826	0.000002
494	827	0.000001
494	828	0.000002
494	834	0.000006
494	837	0.000003
494	838	0.000060
494	841	0.000003
494	844	0.000162
495	608	0.000004
495	611	0.183428
495	613	0.000911
495	614	0.000074
495	615	0.000004
495	619	0.000002
495	620	0.000325
495	671	0.000005
495	676	0.000035
495	678	0.000036
495	683	0.000424
495	686	0.000006
495	695	0.000018
495	698	0.000002
495	701	0.000003
495	703	0.000007
495	707	0.000140
495	712	0.000052
495	714	0.000123
495	717	0.000007
495	726	0.000293
495	748	0.000002
495	763	0.000013
495	770	0.000029
495	773	0.000010
495	784	0.000069
495	788	0.000010
495	802	0.000010
495	814	0.000065
495	818	0.000264
495	819	0.000003
495	820	0.000009
495	821	0.000008
495	825	0.000002
495	831	0.000114
495	843	0.000434
496	622	0.000007
496	682	0.000356
496	688	0.000001
496	697	0.000001
496	700	0.000003
496	702	0.000006
496	706	0.000118
496	711	0.000025
496	721	0.000001
496	762	0.000013
496	769	0.000024
496	773	0.000008
496	783	0.000069
496	801	0.000008
496	808	0.000014
496	817	0.000250
496	819	0.000010
496	820	0.000007
496	821	0.000003
496	830	0.000115
496	836	0.000065
497	609	0.868323
497	610	0.000739
497	623	0.000031
497	625	0.000002
497	675	0.000016
497	679	0.000001
497	680	0.000012
497	687	0.000002
497	691	0.000024
497	704	0.000041
497	713	0.000062
497	720	0.000001
497	750	0.000001
497	761	0.000013
497	772	0.000012
497	782	0.000069
497	786	0.000002
497	809	0.000004
497	811	0.000007
497	816	0.000244
497	822	0.000026
497	829	0.000114
497	835	0.000066
497	842	0.000001
498	608	0.999606
498	703	0.000003
498	712	0.000005
498	760	0.000001
499	607	0.999984
499	608	0.000003
500	606	0.999980
501	605	0.999511
502	604	0.999981
503	603	0.999991
504	602	0.999977
505	601	0.999511
506	600	0.999980
507	599	0.999980
508	598	0.999698
509	596	0.000004
509	597	0.999957
510	595	0.000004
510	596	0.998153
511	519	0.000001
511	595	0.998833
512	518	0.000002
512	594	0.999802
513	518	0.000007
513	593	0.999648
514	520	0.000007
514	521	0.000012
514	524	0.000001
514	592	0.989757
515	528	0.000013
515	588	0.000009
515	590	0.000544
515	591	0.986063
515	593	0.000002
516	520	0.000584
516	521	0.004060
516	523	0.001424
516	524	0.005475
516	527	0.028467
516	535	0.000036
516	587	0.000025
516	592	0.000006
517	522	0.001518
517	525	0.135513
517	526	0.025742
517	528	0.000002
517	534	0.000035
517	588	0.001354
517	589	0.640870
517	590	0.001356
517	591	0.000004
517	594	0.000001
518	523	0.000176
518	524	0.238597
518	527	0.000987
518	586	0.000003
518	587	0.003060
518	592	0.000055
519	523	0.180804
519	532	0.000036
519	592	0.008248
520	528	0.000002
520	529	0.000012
520	531	0.000036
520	588	0.000402
520	590	0.000403
520	591	0.010643
520	594	0.000180
521	528	0.000021
521	530	0.000036
521	588	0.000233
521	590	0.011990
521	591	0.000026
521	593	0.000268
522	592	0.000538
523	588	0.000103
523	589	0.009492
523	590	0.000632
523	591	0.000636
524	588	0.009616
524	590	0.003629
524	591	0.001095
526	592	0.000002
527	588	0.926216
527	590	0.000157
527	591	0.000001
528	584	0.000006
528	585	0.000262
528	586	0.039928
528	587	0.959394
529	583	0.000006
529	584	0.000264
529	585	0.042098
529	586	0.957512
529	587	0.000056
530	582	0.000006
530	583	0.000265
530	584	0.044146
530	585	0.955471
530	586	0.000059
531	581	0.000006
531	582	0.000261
531	583	0.046174
531	584	0.951635
531	585	0.000060
533	580	0.000057
533	581	0.000682
533	582	0.859366
533	583	0.113235
533	584	0.000005
534	579	0.000024
534	580	0.000690
534	581	0.849097
536	579	0.006450
536	580	0.891909
536	581	0.000132
537	578	0.003441
537	579	0.985353
537	580	0.000229
537	581	0.000001
537	582	0.000001
538	578	0.996510
538	579	0.000005
539	576	0.000122
539	577	0.999828
540	574	0.000002
540	576	0.997705
540	577	0.000015
541	573	0.000002
541	575	0.995754
542	572	0.000002
542	573	0.000090
542	575	0.002287
544	572	0.000120
544	573	0.998001
545	569	0.000001
545	572	0.999863
546	571	0.999978
547	567	0.000177
547	568	0.000003
547	570	0.999304
548	566	0.000358
548	569	0.999243
549	567	0.045719
549	568	0.837798
550	565	0.948114
550	566	0.045997
551	564	0.999344
552	563	0.999469
552	565	0.000170
552	566	0.000010
553	562	0.999202
554	560	0.000010
554	561	0.998757
554	563	0.000467
555	559	0.000509
555	560	0.873523
555	562	0.000477
556	560	0.000117
556	561	0.000489
557	561	0.000002
580	590	0.000005
581	589	0.000011
582	588	0.000011
583	588	0.000001
583	590	0.000001
586	590	0.000002
608	623	0.000003
609	613	0.000006
609	614	0.000037
609	615	0.000405
609	616	0.000019
609	618	0.000014
609	619	0.100050
609	620	0.000874
609	683	0.000001
609	722	0.000002
609	843	0.000021
610	614	0.000613
610	615	0.000144
610	616	0.000013
610	618	0.183172
610	619	0.000546
610	620	0.000009
610	626	0.000003
610	629	0.000091
610	676	0.000002
610	682	0.000001
610	683	0.000044
610	686	0.000004
610	688	0.000017
610	690	0.001936
610	714	0.000157
610	717	0.000001
610	721	0.000132
610	744	0.000002
610	748	0.000136
610	794	0.000012
610	818	0.000006
610	840	0.000004
610	843	0.010116
611	617	0.183976
611	623	0.000057
611	625	0.000004
611	628	0.000092
611	675	0.000002
611	687	0.000022
611	689	0.002089
611	691	0.000043
611	713	0.000156
611	720	0.000143
611	743	0.000002
611	747	0.000136
611	772	0.000001
611	793	0.000012
611	822	0.000010
611	839	0.000004
611	841	0.000012
611	842	0.008562
612	616	0.120843
612	622	0.000047
612	627	0.000088
612	682	0.000011
612	688	0.002130
612	690	0.000043
612	711	0.000003
612	719	0.000142
612	742	0.000002
612	817	0.000019
612	821	0.000008
613	617	0.000037
613	623	0.000006
613	625	0.000019
613	680	0.000373
613	687	0.002149
613	689	0.000043
613	709	0.000004
613	718	0.000142
613	741	0.000002
613	791	0.000009
613	816	0.000022
613	838	0.000003
613	839	0.000056
613	841	0.001141
613	842	0.004553
614	623	0.000052
614	625	0.000020
614	679	0.000375
614	680	0.000298
614	687	0.000031
614	708	0.000004
614	709	0.000006
614	729	0.000017
614	740	0.000002
614	790	0.000009
614	791	0.000006
614	804	0.000002
614	815	0.000022
614	816	0.000001
614	822	0.000001
614	837	0.000003
614	838	0.000055
614	839	0.002093
614	841	0.004419
614	842	0.022979
615	623	0.000291
615	625	0.000098
615	628	0.000001
615	679	0.000300
615	680	0.000079
615	687	0.000018
615	691	0.000001
615	708	0.000006
615	709	0.000023
615	728	0.000017
615	739	0.000002
615	750	0.000008
615	775	0.000074
615	790	0.000007
615	803	0.000002
615	811	0.000001
615	815	0.000001
615	816	0.000001
615	822	0.000004
615	835	0.000003
615	837	0.000055
615	838	0.002094
615	841	0.023532
615	842	0.677430
616	621	0.000009
616	623	0.000011
616	624	0.000119
616	625	0.000001
616	677	0.000687
616	679	0.000079
616	681	0.000013
616	684	0.002502
616	685	0.000018
616	687	0.000004
616	708	0.000023
616	715	0.001166
616	716	0.000002
616	727	0.000017
616	749	0.000011
616	774	0.000075
616	789	0.000006
616	807	0.000001
616	810	0.000001
616	813	0.000004
616	815	0.000001
616	826	0.000001
616	834	0.000003
616	837	0.002077
616	841	0.703461
616	842	0.000027
616	844	0.000040
617	622	0.000007
617	626	0.000070
617	629	0.000001
617	676	0.000714
617	678	0.000083
617	682	0.000123
617	683	0.002689
617	686	0.000008
617	688	0.000004
617	695	0.000002
617	707	0.000023
617	714	0.001350
617	717	0.000001
617	726	0.000017
617	744	0.000001
617	748	0.000120
617	773	0.000075
617	787	0.000013
617	788	0.000001
617	794	0.000002
617	814	0.000002
617	817	0.000005
617	818	0.000001
617	825	0.000001
617	836	0.002110
617	840	0.772153
617	843	0.000121
618	623	0.000110
618	625	0.000083
618	628	0.000001
618	675	0.000711
618	679	0.000006
618	680	0.000816
618	687	0.000007
618	709	0.000010
618	713	0.001341
618	743	0.000001
618	747	0.000120
618	772	0.000074
618	786	0.000014
618	793	0.000002
618	804	0.000003
618	811	0.000015
618	816	0.000006
618	822	0.000003
618	835	0.002114
618	839	0.772382
618	842	0.000120
619	623	0.000231
619	625	0.000017
619	675	0.000004
619	679	0.000807
619	680	0.060409
619	691	0.000005
619	708	0.000010
619	709	0.000085
619	713	0.000004
619	765	0.000013
619	791	0.000003
619	803	0.000003
619	804	0.000184
619	811	0.000010
619	815	0.000006
619	816	0.000007
619	822	0.000007
619	833	0.000036
619	835	0.000004
619	838	0.772384
619	841	0.000116
620	625	0.000178
620	628	0.000002
620	675	0.000011
620	679	0.061558
620	680	0.000430
620	691	0.000073
620	704	0.000016
620	708	0.000086
620	709	0.000003
620	713	0.000014
620	720	0.000011
620	749	0.000001
620	764	0.000013
620	772	0.000010
620	775	0.000002
620	778	0.000007
620	790	0.000003
620	803	0.000188
620	809	0.000114
620	811	0.000002
620	815	0.000007
620	822	0.000438
620	833	0.001570
620	835	0.000002
620	837	0.772292
620	839	0.000010
620	841	0.000001
621	627	0.000002
621	682	0.000001
621	690	0.000015
621	697	0.000078
621	702	0.000001
621	706	0.000025
621	711	0.000002
621	719	0.000012
621	762	0.000001
621	763	0.000010
621	768	0.000002
621	771	0.000010
621	773	0.000002
621	777	0.000007
621	801	0.000004
621	802	0.000145
621	808	0.000114
621	819	0.000001
621	820	0.000004
621	821	0.000368
621	825	0.000015
621	830	0.000001
621	832	0.001430
621	836	0.738694
622	675	0.000013
622	677	0.069260
622	679	0.000013
622	684	0.000015
622	689	0.000004
622	691	0.000001
622	692	0.000006
622	693	0.000004
622	694	0.000003
622	696	0.000173
622	704	0.000083
622	705	0.000018
622	708	0.000018
622	710	0.000002
622	713	0.000151
622	715	0.000292
622	716	0.000003
622	718	0.000012
622	761	0.000002
622	767	0.000003
622	772	0.000002
622	776	0.000007
622	799	0.000003
622	800	0.000007
622	807	0.000107
622	810	0.000004
622	812	0.000002
622	813	0.000001
622	822	0.000008
622	823	0.000011
622	824	0.000016
622	826	0.000006
622	827	0.000004
622	828	0.000004
622	829	0.000002
622	833	0.000137
622	834	0.006423
622	835	0.634498
623	629	0.000007
623	674	0.000040
623	676	0.082572
623	678	0.000038
623	683	0.000021
623	695	0.000382
623	698	0.000127
623	699	0.000020
623	701	0.000506
623	703	0.000460
623	707	0.000026
623	712	0.000437
623	714	0.000412
623	717	0.000051
623	748	0.000002
623	756	0.000001
623	760	0.000003
623	769	0.000006
623	770	0.000307
623	771	0.000002
623	773	0.000001
623	784	0.000001
623	794	0.000002
623	796	0.000025
623	798	0.000004
623	802	0.000007
623	808	0.000003
623	814	0.000007
623	818	0.000100
623	819	0.000029
623	820	0.000132
623	821	0.000074
623	825	0.000008
623	830	0.000099
623	831	0.022344
623	832	0.000674
623	836	0.000021
624	682	0.000020
624	690	0.000002
624	697	0.000113
624	700	0.000497
624	702	0.000448
624	706	0.000022
624	711	0.000246
624	755	0.000001
624	768	0.000008
624	769	0.000282
624	771	0.000006
624	773	0.000001
624	783	0.000001
624	788	0.000004
624	795	0.000030
624	797	0.000004
624	801	0.000007
624	802	0.000002
624	808	0.000013
624	817	0.000037
624	819	0.000137
624	820	0.000071
624	821	0.000015
624	825	0.000004
624	830	0.019561
624	832	0.016795
624	836	0.000011
625	629	0.000001
625	671	0.000001
625	674	0.895906
625	676	0.000014
625	695	0.000027
625	698	0.000001
625	699	0.000393
625	701	0.000314
625	712	0.000012
625	714	0.000066
625	717	0.000019
625	768	0.000035
625	770	0.000004
625	787	0.000004
625	794	0.000032
625	818	0.000075
625	819	0.000009
625	820	0.000002
625	821	0.000002
625	830	0.000453
625	831	0.012282
625	832	0.011970
625	836	0.000008
625	843	0.000020
626	673	0.996442
626	675	0.000013
626	713	0.000056
626	775	0.000021
626	786	0.000004
626	793	0.000030
626	811	0.000001
626	816	0.000001
626	829	0.001204
626	833	0.000015
626	835	0.000011
626	842	0.000020
627	672	0.997449
627	673	0.000007
627	675	0.000005
627	715	0.000145
627	774	0.000021
627	785	0.000004
627	792	0.000026
627	815	0.000001
627	827	0.000004
627	828	0.000955
627	829	0.000002
627	834	0.000010
627	841	0.000020
628	670	0.000002
628	671	0.998004
628	674	0.000117
628	676	0.000002
628	714	0.000223
628	773	0.000021
628	783	0.000001
628	784	0.000002
628	814	0.000001
628	830	0.000062
628	831	0.000002
628	840	0.000020
629	669	0.000004
629	673	0.000124
629	675	0.000002
629	713	0.000223
629	772	0.000021
629	782	0.000002
629	790	0.000019
629	829	0.000066
629	839	0.000020
630	668	0.000002
630	670	0.999752
630	671	0.000008
630	674	0.000001
630	712	0.000008
631	667	0.000002
631	669	0.999974
632	668	0.999582
633	667	0.999953
634	666	0.999508
635	664	0.000002
635	665	0.999963
636	664	0.996561
636	665	0.000003
638	661	0.000002
638	662	0.972159
638	664	0.000003
640	661	0.999345
640	662	0.000094
641	660	0.999956
642	659	0.999957
643	658	0.999990
644	657	0.999985
645	656	0.999500
646	655	0.999191
647	653	0.000037
647	654	0.999889
648	653	0.990948
648	654	0.000013
671	772	0.000001
671	822	0.000007
671	833	0.000003
672	771	0.000001
672	821	0.000007
672	832	0.000003
673	695	0.000022
673	714	0.000015
673	770	0.000001
673	820	0.000004
673	831	0.000003
674	691	0.100838
674	713	0.000015
675	683	0.000003
675	686	0.000003
675	688	0.000010
675	690	0.849220
675	695	0.000106
675	698	0.000002
675	699	0.000002
675	701	0.000002
675	703	0.000001
675	712	0.000013
675	714	0.000198
675	717	0.000006
675	721	0.000011
675	748	0.000018
675	751	0.000001
675	773	0.000015
675	818	0.000001
675	830	0.000010
675	831	0.000004
675	836	0.000098
676	680	0.000003
676	687	0.000012
676	689	0.901995
676	691	0.001040
676	713	0.000192
676	720	0.000012
676	747	0.000018
676	750	0.000001
676	772	0.000016
676	775	0.000036
676	822	0.000010
676	829	0.000012
676	833	0.000006
676	835	0.000123
677	682	0.000001
677	688	0.915007
677	690	0.001049
677	711	0.000021
677	719	0.000012
677	754	0.000001
677	771	0.000015
677	773	0.000355
677	821	0.000007
677	830	0.000006
677	832	0.000004
678	687	0.928054
678	689	0.001045
678	691	0.000013
678	704	0.000003
678	708	0.000003
678	709	0.000163
678	713	0.000016
678	718	0.000012
678	747	0.000002
678	753	0.000002
678	772	0.000415
678	822	0.000014
678	829	0.000007
678	833	0.002424
678	835	0.000001
679	683	0.000017
679	686	0.925551
679	688	0.000985
679	690	0.000014
679	695	0.000110
679	699	0.000200
679	703	0.000003
679	707	0.000002
679	712	0.000011
679	714	0.000050
679	717	0.000012
679	724	0.000001
679	725	0.000089
679	726	0.000006
679	734	0.000001
679	746	0.000002
679	752	0.000002
679	770	0.000023
679	771	0.000415
679	819	0.000005
679	821	0.000014
679	825	0.000002
679	831	0.000001
679	832	0.002489
680	686	0.000257
680	695	0.000001
680	698	0.000200
680	701	0.000003
680	702	0.000001
680	707	0.000192
680	711	0.000003
680	712	0.000298
680	722	0.000010
680	724	0.000089
680	725	0.000006
680	733	0.000001
680	751	0.000002
680	769	0.000023
680	770	0.000416
680	818	0.000006
680	820	0.000013
680	825	0.000016
680	831	0.002500
681	688	0.000127
681	690	0.000005
681	697	0.000197
681	700	0.000003
681	706	0.000195
681	711	0.000312
681	719	0.000001
681	721	0.000050
681	722	0.000044
681	732	0.000001
681	768	0.000026
681	769	0.000404
681	777	0.000009
681	817	0.000004
681	819	0.000012
681	821	0.000001
681	825	0.000184
681	830	0.002448
682	687	0.000131
682	689	0.000004
682	692	0.000448
682	696	0.000142
682	705	0.000195
682	710	0.000315
682	716	0.000005
682	720	0.000035
682	723	0.000003
682	731	0.000001
682	765	0.000391
682	766	0.000017
682	767	0.000014
682	776	0.000011
682	779	0.000003
682	810	0.000001
682	816	0.000003
682	823	0.004600
682	824	0.000102
682	827	0.000001
682	828	0.000003
682	829	0.001896
682	834	0.000037
683	687	0.000006
683	689	0.000013
683	691	0.000505
683	704	0.000193
683	708	0.000001
683	709	0.000314
683	720	0.000417
683	747	0.000002
683	764	0.000464
683	765	0.000010
683	775	0.000012
683	778	0.000004
683	809	0.000002
683	815	0.000003
683	822	0.005401
683	829	0.000116
683	833	0.000043
684	688	0.000011
684	690	0.000442
684	700	0.000006
684	702	0.000012
684	706	0.000002
684	719	0.000237
684	721	0.000010
684	722	0.000009
684	763	0.000473
684	777	0.000004
684	808	0.000001
684	819	0.000001
684	820	0.000013
684	821	0.005123
684	825	0.000006
684	832	0.000038
685	690	0.000001
685	700	0.000005
685	702	0.000022
685	706	0.000010
685	719	0.014368
685	721	0.000013
685	762	0.000474
685	773	0.000012
685	819	0.000016
685	820	0.003524
685	821	0.000003
685	825	0.000002
685	830	0.000016
686	691	0.000016
686	704	0.000073
686	708	0.000087
686	713	0.000008
686	718	0.016228
686	720	0.000013
686	749	0.000002
686	761	0.000475
686	772	0.000012
686	775	0.000004
686	778	0.000002
686	822	0.000027
686	829	0.000018
687	695	0.000392
687	697	0.000143
687	698	0.000010
687	699	0.000025
687	700	0.000003
687	701	0.000028
687	703	0.000076
687	706	0.000003
687	707	0.000090
687	711	0.000001
687	712	0.000008
687	714	0.000203
687	717	0.031420
687	719	0.000011
687	748	0.000003
687	760	0.000466
687	771	0.000011
687	777	0.000002
687	818	0.000312
687	819	0.000016
687	820	0.000001
687	821	0.000011
687	825	0.000007
688	693	0.000006
688	694	0.000390
688	696	0.000228
688	704	0.000144
688	705	0.000005
688	710	0.000004
688	713	0.000203
688	715	0.052791
688	716	0.015775
688	718	0.000007
688	747	0.000002
688	759	0.000395
688	776	0.000002
688	823	0.000003
688	824	0.000006
688	826	0.000002
689	695	0.000394
689	697	0.000085
689	698	0.000016
689	699	0.000060
689	700	0.000002
689	701	0.000060
689	703	0.000181
689	706	0.000002
689	712	0.000200
689	714	0.089238
689	717	0.000309
689	746	0.000002
689	771	0.000001
689	825	0.000002
690	694	0.000333
690	696	0.000712
690	704	0.000268
690	705	0.000004
690	708	0.000010
690	713	0.090364
690	715	0.003227
690	716	0.000335
690	745	0.000002
690	758	0.000002
690	767	0.000002
690	772	0.000011
690	774	0.000015
690	775	0.000003
690	776	0.000002
690	799	0.000016
690	810	0.000002
690	812	0.000001
690	813	0.000001
690	822	0.000005
690	823	0.000010
690	824	0.000002
690	834	0.000003
691	695	0.005097
691	697	0.000034
691	698	0.011354
691	699	0.000854
691	700	0.000030
691	701	0.004402
691	702	0.000006
691	703	0.002466
691	707	0.000103
691	711	0.000009
691	712	0.109054
691	714	0.015008
691	717	0.003327
691	724	0.000001
691	744	0.000002
691	748	0.000002
691	756	0.000212
691	757	0.000002
691	763	0.000001
691	768	0.000006
691	769	0.000063
691	770	0.096865
691	771	0.000033
691	773	0.000053
691	777	0.000003
691	784	0.000003
691	794	0.000001
691	797	0.000004
691	798	0.000066
691	802	0.000004
691	808	0.000002
691	814	0.000006
691	818	0.000056
691	819	0.000002
691	820	0.000018
691	821	0.000134
691	825	0.000001
691	831	0.000288
691	832	0.000002
692	697	0.009639
692	700	0.004176
692	702	0.002297
692	706	0.000089
692	711	0.096667
692	755	0.000180
692	762	0.000001
692	763	0.000001
692	768	0.000083
692	769	0.096866
692	771	0.000141
692	773	0.000037
692	777	0.000010
692	783	0.000003
692	784	0.000002
692	796	0.000004
692	797	0.000072
692	798	0.000004
692	801	0.000003
692	802	0.000005
692	808	0.000010
692	817	0.000023
692	819	0.000020
692	820	0.000147
692	821	0.000131
692	825	0.000005
692	830	0.000251
692	832	0.000019
693	697	0.000079
693	700	0.000174
693	702	0.000056
693	706	0.000005
693	711	0.000231
693	722	0.000045
693	754	0.000119
693	755	0.000039
693	762	0.000002
693	763	0.000008
693	768	0.091568
693	769	0.000815
693	771	0.000075
693	773	0.000044
693	777	0.000004
693	783	0.000001
693	784	0.000064
693	795	0.000004
693	796	0.000072
693	797	0.000004
693	801	0.000004
693	802	0.000002
693	808	0.000009
693	819	0.000123
693	820	0.000136
693	821	0.000023
693	825	0.000004
693	830	0.000002
693	832	0.000006
694	700	0.000207
694	702	0.000011
694	706	0.000003
694	711	0.000553
694	719	0.000006
694	721	0.000068
694	754	0.000069
694	762	0.000008
694	768	0.001171
694	769	0.000727
694	771	0.000031
694	773	0.014134
694	783	0.000073
694	795	0.000064
694	796	0.000003
694	801	0.000001
694	808	0.000025
694	817	0.000017
694	819	0.000104
694	820	0.000019
694	821	0.000004
694	825	0.000002
694	830	0.000177
694	832	0.000002
694	836	0.000097
695	704	0.000464
695	708	0.052901
695	709	0.000077
695	713	0.064394
695	718	0.000007
695	720	0.000071
695	749	0.000002
695	750	0.000004
695	753	0.000098
695	761	0.000007
695	764	0.000036
695	765	0.000016
695	772	0.015640
695	775	0.000004
695	778	0.000344
695	782	0.000074
695	793	0.000018
695	803	0.000081
695	804	0.000009
695	809	0.001148
695	811	0.000129
695	815	0.000005
695	816	0.000018
695	822	0.000097
695	829	0.000204
695	833	0.000081
695	835	0.000121
695	841	0.000004
696	700	0.000015
696	702	0.000021
696	706	0.053759
696	711	0.284315
696	719	0.000070
696	763	0.000032
696	768	0.003694
696	769	0.000112
696	771	0.015278
696	773	0.000005
696	777	0.000353
696	802	0.000064
696	808	0.001029
696	817	0.000025
696	821	0.000051
696	825	0.000003
696	832	0.000046
696	836	0.000002
697	704	0.000015
697	705	0.056538
697	708	0.000001
697	709	0.000007
697	710	0.363789
697	713	0.000010
697	715	0.000011
697	716	0.000003
697	718	0.000058
697	764	0.000004
697	765	0.000092
697	766	0.415896
697	767	0.003447
697	772	0.000003
697	776	0.000349
697	779	0.000009
697	792	0.000114
697	805	0.000911
697	806	0.000004
697	807	0.000542
697	809	0.000001
697	810	0.000072
697	812	0.000152
697	813	0.000035
697	816	0.000024
697	823	0.000011
697	824	0.000002
697	834	0.000016
697	835	0.000001
697	839	0.000017
697	844	0.000005
698	704	0.056541
698	708	0.000014
698	709	0.371139
698	713	0.000017
698	718	0.000006
698	750	0.000001
698	761	0.000010
698	764	0.000179
698	765	0.464336
698	775	0.000345
698	778	0.000010
698	791	0.000120
698	803	0.000001
698	804	0.001073
698	809	0.000079
698	811	0.000142
698	815	0.000025
698	816	0.000042
698	822	0.000012
698	833	0.000016
698	835	0.000002
698	838	0.000046
698	839	0.000003
698	842	0.000229
699	704	0.001172
699	708	0.370967
699	709	0.000098
699	713	0.000102
699	761	0.000002
699	764	0.462138
699	765	0.034929
699	772	0.000010
699	775	0.000005
699	790	0.000120
699	793	0.000013
699	803	0.001062
699	804	0.000003
699	809	0.000028
699	811	0.002155
699	815	0.000043
699	822	0.000004
699	829	0.000014
699	833	0.000003
699	835	0.000312
699	837	0.000047
699	838	0.000003
699	839	0.000002
699	841	0.000244
699	842	0.000003
700	704	0.000061
700	705	0.000231
700	708	0.000077
700	709	0.000111
700	710	0.001086
700	713	0.000003
700	715	0.000063
700	716	0.000418
700	759	0.000023
700	761	0.000007
700	764	0.034713
700	765	0.001674
700	766	0.014388
700	767	0.000084
700	774	0.000005
700	776	0.000026
700	789	0.000092
700	792	0.000014
700	803	0.000002
700	804	0.000003
700	805	0.000024
700	807	0.000001
700	810	0.002194
700	812	0.006036
700	813	0.000010
700	823	0.000030
700	828	0.000012
700	834	0.000344
700	837	0.000002
700	838	0.000002
700	839	0.000001
700	841	0.000003
701	708	0.000206
701	709	0.001220
701	713	0.000012
701	758	0.000024
701	761	0.000563
701	764	0.002809
701	765	0.015861
701	772	0.000090
701	775	0.000028
701	786	0.000002
701	791	0.000014
701	793	0.000002
701	803	0.000003
701	804	0.000026
701	809	0.002183
701	811	0.006669
701	822	0.000033
701	829	0.000011
701	833	0.000345
701	835	0.000288
701	837	0.000003
701	838	0.000003
701	839	0.000356
702	708	0.000973
702	709	0.000112
702	710	0.001420
702	713	0.000003
702	715	0.000931
702	716	0.000027
702	759	0.000134
702	761	0.001100
702	764	0.011578
702	765	0.002098
702	766	0.000454
702	767	0.000002
702	774	0.000026
702	785	0.000001
702	790	0.000011
702	792	0.000002
702	800	0.000006
702	803	0.000016
702	804	0.000013
702	805	0.000038
702	807	0.000016
702	810	0.006661
702	812	0.000003
702	823	0.000099
702	827	0.000001
702	828	0.000011
702	834	0.000332
702	835	0.000002
702	837	0.000002
702	838	0.000360
702	839	0.000002
703	708	0.000331
703	709	0.001596
703	713	0.010630
703	758	0.000137
703	761	0.501927
703	764	0.005520
703	765	0.000480
703	772	0.000004
703	786	0.000001
703	791	0.000002
703	803	0.000021
703	804	0.000039
703	809	0.006600
703	811	0.000004
703	822	0.000109
703	829	0.000002
703	833	0.000333
703	835	0.000017
703	837	0.000368
703	838	0.000003
704	712	0.011745
704	714	0.000016
704	717	0.000010
704	755	0.000002
704	756	0.000159
704	757	0.000021
704	760	0.511674
704	762	0.000085
704	763	0.005710
704	769	0.000005
704	770	0.000026
704	802	0.000018
704	808	0.001901
704	818	0.000012
704	821	0.000099
704	825	0.000004
704	830	0.000001
704	831	0.000320
704	832	0.000116
704	836	0.000290
705	711	0.011447
705	754	0.000003
705	755	0.000155
705	762	0.005252
705	763	0.000364
705	768	0.000006
705	769	0.000026
705	801	0.000015
705	802	0.000014
705	808	0.000042
705	817	0.000012
705	820	0.000086
705	825	0.000010
705	830	0.000319
705	836	0.000019
706	710	0.008996
706	713	0.000002
706	715	0.000013
706	716	0.000004
706	758	0.000012
706	759	0.527931
706	761	0.001598
706	767	0.000001
706	800	0.000008
706	804	0.000005
706	805	0.000182
706	806	0.000023
706	807	0.000035
706	816	0.000011
706	823	0.000116
706	824	0.000006
706	829	0.000248
706	834	0.016181
706	835	0.000006
707	713	0.000146
707	718	0.000015
707	753	0.000190
707	758	0.534861
707	761	0.000009
707	765	0.000001
707	772	0.000002
707	803	0.000005
707	804	0.000195
707	815	0.000009
707	822	0.000143
707	829	0.000064
707	833	0.019470
708	712	0.000141
708	714	0.000277
708	717	0.000279
708	752	0.000197
708	756	0.000719
708	757	0.533684
708	760	0.000007
708	770	0.000002
708	771	0.000002
708	802	0.000002
708	814	0.000009
708	818	0.000004
708	819	0.000022
708	821	0.000136
708	825	0.000003
708	831	0.000002
708	832	0.019511
709	714	0.000082
709	717	0.000019
709	751	0.000194
709	755	0.000747
709	756	0.534433
709	769	0.000002
709	770	0.000002
709	802	0.000179
709	818	0.000025
709	820	0.000128
709	825	0.000013
709	830	0.000001
709	831	0.019549
710	754	0.002606
710	755	0.505949
710	768	0.000002
710	769	0.000002
710	801	0.000176
710	817	0.000015
710	819	0.000110
710	825	0.000043
710	830	0.019046
711	715	0.000023
711	716	0.000037
711	750	0.000192
711	753	0.003593
711	767	0.000002
711	800	0.000154
711	810	0.000005
711	812	0.000004
711	816	0.000011
711	823	0.000529
711	824	0.000032
711	826	0.000003
711	827	0.000007
711	828	0.000026
711	829	0.015710
711	834	0.000185
712	718	0.000053
712	720	0.000006
712	749	0.000551
712	750	0.000008
712	753	0.507103
712	765	0.000001
712	804	0.000001
712	809	0.000005
712	811	0.000004
712	815	0.000010
712	822	0.000826
712	829	0.000805
712	833	0.000329
712	835	0.000024
712	837	0.000004
712	841	0.000002
713	717	0.000928
713	719	0.000008
713	721	0.000044
713	748	0.000885
713	751	0.046591
713	752	0.472562
713	754	0.004048
713	773	0.000001
713	794	0.000002
713	798	0.000003
713	808	0.000002
713	814	0.000008
713	818	0.000010
713	819	0.000002
713	820	0.000002
713	821	0.000478
713	825	0.000058
713	830	0.000260
713	831	0.000032
713	832	0.000180
713	836	0.000023
713	840	0.000002
714	718	0.000007
714	720	0.000049
714	747	0.000781
714	749	0.000029
714	750	0.079724
714	753	0.004280
714	764	0.000004
714	772	0.000001
714	793	0.000002
714	803	0.000001
714	809	0.000003
714	822	0.003423
714	829	0.000337
714	833	0.000518
714	835	0.000029
714	839	0.000002
715	719	0.000032
715	763	0.000004
715	796	0.000002
715	802	0.000001
715	808	0.000003
715	819	0.000035
715	820	0.000063
715	821	0.003282
715	825	0.000069
715	830	0.000010
715	832	0.000461
716	744	0.000010
716	762	0.000004
716	795	0.000001
716	819	0.000055
716	820	0.002385
716	821	0.000012
716	825	0.000023
716	830	0.000257
716	832	0.000003
716	836	0.000010
717	743	0.000010
717	747	0.026499
717	749	0.747286
717	750	0.000243
717	761	0.000003
717	822	0.000157
717	829	0.000277
717	833	0.000017
717	835	0.000012
718	742	0.000002
718	744	0.000001
718	746	0.027267
718	748	0.954842
718	760	0.000002
719	745	0.026776
719	747	0.955197
719	749	0.000004
719	759	0.000002
720	725	0.000002
720	744	0.010564
720	746	0.967434
720	748	0.001077
720	825	0.000001
721	743	0.003005
721	745	0.927154
721	747	0.001065
721	824	0.000001
722	743	0.911649
722	745	0.000087
723	742	0.996009
723	744	0.000069
724	729	0.000001
724	740	0.000001
724	741	0.999576
724	743	0.000022
725	739	0.000001
725	740	0.999622
725	741	0.000004
726	739	0.999609
726	740	0.000003
727	737	0.003331
727	738	0.994320
728	733	0.000023
728	734	0.001153
728	736	0.006678
728	737	0.988970
728	738	0.000004
729	733	0.001134
729	734	0.001315
729	736	0.980116
729	737	0.000013
729	738	0.000007
730	737	0.000017
730	738	0.000002
731	737	0.000004
731	738	0.000002
742	826	0.000008
743	748	0.000023
743	825	0.000025
744	822	0.000018
744	823	0.000016
744	824	0.000029
744	826	0.000012
745	820	0.000002
745	821	0.000020
745	825	0.000013
746	822	0.000173
747	818	0.000006
747	819	0.000109
747	820	0.000303
747	821	0.000158
748	758	0.000001
748	822	0.000102
748	829	0.000001
749	757	0.000001
749	817	0.000008
749	818	0.222070
749	819	0.000610
749	820	0.000006
749	821	0.000019
749	831	0.000006
750	756	0.000002
750	770	0.000002
750	773	0.000017
750	794	0.000005
750	817	0.439991
750	818	0.004976
750	819	0.000010
750	820	0.000006
750	821	0.000003
750	830	0.000009
750	843	0.000001
751	758	0.000001
751	765	0.000023
751	772	0.000018
751	791	0.000008
751	793	0.000005
751	804	0.000005
751	809	0.000002
751	811	0.000017
751	816	0.462441
751	829	0.000009
751	842	0.000001
752	758	0.000006
752	761	0.000028
752	764	0.000023
752	778	0.000001
752	790	0.000008
752	791	0.000003
752	803	0.000005
752	809	0.000124
752	815	0.463053
752	822	0.000001
752	841	0.000001
753	757	0.000002
753	760	0.000031
753	763	0.000020
753	768	0.000184
753	770	0.000001
753	777	0.000001
753	794	0.000426
753	808	0.000124
753	814	0.463102
753	821	0.000001
753	825	0.000078
753	840	0.000001
754	759	0.000027
754	766	0.000005
754	767	0.000243
754	789	0.000002
754	792	0.000004
754	793	0.000427
754	806	0.000097
754	807	0.000085
754	811	0.000004
754	812	0.000001
754	813	0.462676
754	824	0.000085
754	835	0.000001
754	839	0.000001
755	761	0.000002
755	765	0.000007
755	766	0.000283
755	776	0.000011
755	791	0.000005
755	792	0.000429
755	805	0.000195
755	806	0.000045
755	810	0.000029
755	812	0.462702
755	823	0.000089
755	834	0.000004
755	838	0.000001
756	761	0.000004
756	764	0.000008
756	765	0.000292
756	775	0.000014
756	786	0.000012
756	790	0.000007
756	791	0.000429
756	804	0.000245
756	809	0.000035
756	811	0.462879
756	822	0.000089
756	833	0.000005
756	837	0.000001
757	764	0.000281
757	765	0.000007
757	766	0.000017
757	767	0.000009
757	774	0.000015
757	775	0.000001
757	785	0.000018
757	789	0.000008
757	790	0.000417
757	803	0.000254
757	804	0.000079
757	805	0.000146
757	806	0.002302
757	807	0.000268
757	809	0.000204
757	810	0.430426
757	811	0.000057
757	812	0.000005
758	762	0.000007
758	763	0.000148
758	768	0.000002
758	769	0.000028
758	770	0.000383
758	773	0.000010
758	784	0.000086
758	788	0.000006
758	794	0.000003
758	796	0.000001
758	797	0.000003
758	798	0.000001
758	801	0.000004
758	802	0.000298
758	808	0.000568
758	818	0.000107
758	820	0.000002
758	831	0.000006
759	763	0.000025
759	768	0.000037
759	769	0.000352
759	771	0.000004
759	773	0.000550
759	777	0.000003
759	783	0.000094
759	788	0.000048
759	795	0.000001
759	796	0.000003
759	801	0.000160
759	802	0.000115
759	808	0.151503
759	817	0.000107
759	819	0.000002
759	830	0.000006
760	764	0.000429
760	765	0.006693
760	772	0.000662
760	775	0.000328
760	778	0.000478
760	782	0.000095
760	790	0.000008
760	791	0.000006
760	793	0.000004
760	803	0.100184
760	804	0.017248
760	809	0.178609
760	811	0.000005
760	815	0.001177
760	816	0.000056
760	829	0.000006
761	768	0.000213
761	769	0.000016
761	770	0.000724
761	771	0.000340
761	773	0.000007
761	777	0.000524
761	787	0.001021
761	794	0.000023
761	797	0.000002
761	798	0.000003
761	801	0.100494
761	802	0.052465
761	808	0.185935
761	814	0.001375
761	825	0.000014
762	766	0.000031
762	767	0.000232
762	772	0.000013
762	774	0.000019
762	775	0.000347
762	776	0.000539
762	779	0.000004
762	780	0.000023
762	781	0.000017
762	782	0.000001
762	786	0.001025
762	790	0.000023
762	793	0.000022
762	799	0.000053
762	800	0.153877
762	803	0.000179
762	804	0.000331
762	805	0.035453
762	806	0.002135
762	807	0.187846
762	809	0.000163
762	810	0.000253
762	811	0.000053
762	812	0.000237
762	813	0.001409
762	824	0.000017
762	834	0.000005
763	767	0.000029
763	772	0.000722
763	774	0.000601
763	775	0.000494
763	776	0.000005
763	778	0.000005
763	779	0.000030
763	780	0.000019
763	781	0.000003
763	785	0.001031
763	789	0.000032
763	792	0.000008
763	799	0.160028
763	800	0.000618
763	803	0.000248
763	804	0.035068
763	805	0.001343
763	806	0.119679
763	807	0.001781
763	809	0.000609
763	810	0.000162
763	811	0.000281
763	812	0.001374
763	813	0.000007
763	815	0.000002
763	823	0.000019
763	833	0.000005
764	768	0.000016
764	769	0.000027
764	770	0.001119
764	771	0.003399
764	773	0.000665
764	777	0.000005
764	783	0.000002
764	784	0.001027
764	788	0.000035
764	794	0.000017
764	795	0.000881
764	796	0.000119
764	797	0.001214
764	798	0.160872
764	801	0.000027
764	802	0.000122
764	808	0.000499
764	814	0.000005
764	819	0.000002
764	832	0.000006
765	769	0.000479
765	770	0.003920
765	771	0.000017
765	773	0.000022
765	777	0.000014
765	783	0.000916
765	784	0.000019
765	787	0.000035
765	794	0.000933
765	795	0.000129
765	796	0.001566
765	797	0.160872
765	798	0.001301
765	801	0.000071
765	802	0.027551
765	808	0.000139
765	814	0.000002
765	818	0.000002
765	821	0.000019
765	831	0.000006
766	771	0.000417
766	773	0.000051
766	777	0.000006
766	783	0.000022
766	784	0.000099
766	795	0.001810
766	796	0.159758
766	797	0.001502
766	798	0.000104
766	801	0.022093
766	802	0.013362
766	808	0.004408
766	817	0.000002
766	820	0.000021
766	830	0.000006
767	771	0.000066
767	773	0.000340
767	777	0.000759
767	783	0.000137
767	784	0.000010
767	795	0.149197
767	796	0.001554
767	797	0.000162
767	798	0.000078
767	801	0.016089
767	802	0.000536
767	808	0.023937
767	819	0.000021
767	825	0.000280
767	830	0.000001
767	836	0.000037
768	772	0.000311
768	774	0.000129
768	775	0.000064
768	776	0.000957
768	778	0.000003
768	779	0.000026
768	780	0.005330
768	781	0.000027
768	782	0.000113
768	785	0.000001
768	790	0.000005
768	791	0.000034
768	792	0.037197
768	793	0.120707
768	799	0.000845
768	800	0.017868
768	803	0.000150
768	804	0.000032
768	805	0.017730
768	806	0.290629
768	807	0.022835
768	809	0.000144
768	810	0.000744
768	811	0.008722
768	812	0.000179
768	813	0.026615
768	824	0.000304
768	829	0.000001
768	834	0.000003
768	835	0.000043
769	774	0.000086
769	775	0.000900
769	776	0.007932
769	778	0.000027
769	779	0.007307
769	780	0.000020
769	781	0.000055
769	782	0.000001
769	789	0.000006
769	790	0.000036
769	791	0.041481
769	792	0.128098
769	793	0.000992
769	799	0.008350
769	800	0.000545
769	803	0.000041
769	804	0.018422
769	805	0.427400
769	806	0.017743
769	807	0.002287
769	809	0.000798
769	810	0.019348
769	811	0.000097
769	812	0.038690
769	813	0.000018
769	823	0.000316
769	828	0.000001
769	834	0.000077
770	775	0.009088
770	778	0.007605
770	782	0.000246
770	786	0.000021
770	790	0.042907
770	791	0.127555
770	793	0.001844
770	803	0.018638
770	804	0.439370
770	809	0.020547
770	811	0.040011
770	816	0.000051
770	822	0.000315
770	829	0.000001
770	833	0.000076
770	835	0.000109
771	775	0.000048
771	776	0.000957
771	778	0.000019
771	779	0.000048
771	780	0.000063
771	781	0.000251
771	782	0.000002
771	785	0.000028
771	786	0.000001
771	789	0.041616
771	790	0.107170
771	791	0.003823
771	792	0.001398
771	793	0.000002
771	799	0.000048
771	800	0.000212
771	803	0.406055
771	804	0.000824
771	805	0.124454
771	806	0.002049
771	807	0.001487
771	809	0.000435
771	810	0.035286
771	811	0.000016
771	812	0.000046
771	813	0.000007
771	815	0.000055
771	822	0.000002
771	826	0.000006
771	828	0.000001
771	833	0.000001
771	834	0.000155
771	835	0.000015
772	777	0.000033
772	783	0.000001
772	784	0.000029
772	787	0.065566
772	788	0.003011
772	794	0.000068
772	795	0.000003
772	796	0.000030
772	797	0.000022
772	798	0.000036
772	801	0.013552
772	802	0.212394
772	808	0.003016
772	814	0.000065
772	820	0.000026
772	821	0.000014
772	825	0.000006
772	831	0.000001
773	778	0.000011
773	779	0.000015
773	780	0.000014
773	781	0.000004
773	782	0.000008
773	785	0.000439
773	786	0.063722
773	789	0.079630
773	790	0.000325
773	791	0.000001
773	793	0.000061
773	799	0.001030
773	800	0.017382
773	803	0.189989
773	804	0.001339
773	805	0.000439
773	806	0.000677
773	807	0.002615
773	809	0.002721
773	810	0.000042
773	811	0.000014
773	812	0.000003
773	813	0.000056
773	822	0.000006
773	824	0.000006
773	833	0.001793
773	834	0.000007
774	783	0.000096
774	784	0.000550
774	788	0.098911
774	795	0.000120
774	796	0.000007
774	797	0.000015
774	798	0.001043
774	801	0.051003
774	802	0.250548
774	808	0.003068
774	819	0.000151
774	821	0.000009
774	832	0.002288
775	783	0.000390
775	784	0.063874
775	787	0.098814
775	788	0.000020
775	794	0.000123
775	795	0.000002
775	796	0.000015
775	797	0.000923
775	798	0.000138
775	801	0.253691
775	802	0.076516
775	808	0.000034
775	818	0.000163
775	820	0.000009
775	821	0.000005
775	831	0.002339
776	783	0.070788
776	784	0.000790
776	788	0.000004
776	795	0.000007
776	796	0.000835
776	797	0.000101
776	798	0.000440
776	801	0.082060
776	802	0.001089
776	808	0.000216
776	817	0.000158
776	819	0.000009
776	820	0.000005
776	830	0.002321
777	781	0.000062
777	782	0.068303
777	785	0.056710
777	786	0.006368
777	789	0.000018
777	790	0.000003
777	791	0.000001
777	792	0.000021
777	793	0.000005
777	799	0.668413
777	800	0.045640
777	803	0.001795
777	804	0.001117
777	805	0.000389
777	806	0.000262
777	807	0.000235
777	809	0.000001
777	810	0.000002
777	815	0.000002
777	816	0.000127
777	823	0.000002
777	828	0.000002
777	829	0.002207
778	783	0.000302
778	784	0.077820
778	787	0.000139
778	788	0.000014
778	794	0.000030
778	795	0.000002
778	796	0.000039
778	797	0.000560
778	798	0.767054
778	801	0.000025
778	802	0.001941
778	814	0.000004
778	818	0.000023
778	831	0.000020
778	843	0.000001
779	783	0.056830
779	784	0.000482
779	788	0.000004
779	795	0.000017
779	796	0.000464
779	797	0.778814
779	798	0.001577
779	801	0.001836
779	802	0.001717
779	817	0.000023
779	821	0.000004
779	830	0.000019
780	784	0.000058
780	788	0.000001
780	795	0.000233
780	796	0.780322
780	797	0.002015
780	798	0.000700
780	801	0.001477
780	802	0.000982
780	820	0.000004
780	825	0.000002
781	788	0.000197
781	795	0.779537
781	796	0.001885
781	797	0.000801
781	798	0.000372
781	801	0.000983
781	802	0.004481
781	808	0.000001
781	819	0.000004
781	825	0.000055
781	832	0.000002
781	836	0.000005
782	787	0.000216
782	788	0.000001
782	794	0.779764
782	795	0.000303
782	796	0.000611
782	797	0.000425
782	798	0.000643
782	801	0.005035
782	802	0.000006
782	808	0.000014
782	814	0.000041
782	818	0.000004
782	825	0.000647
782	831	0.000002
782	840	0.000017
782	843	0.000001
783	789	0.000029
783	790	0.000068
783	791	0.000095
783	792	0.009017
783	793	0.763991
783	799	0.000093
783	800	0.005105
783	804	0.000011
783	805	0.000004
783	806	0.000002
783	807	0.000015
783	809	0.000001
783	810	0.000045
783	811	0.000002
783	812	0.000002
783	813	0.000042
783	823	0.001003
783	824	0.000681
783	826	0.000040
783	827	0.000081
783	828	0.000003
783	834	0.000033
783	839	0.000017
783	842	0.000001
784	789	0.000439
784	790	0.001014
784	791	0.012386
784	792	0.675806
784	793	0.001224
784	799	0.004992
784	800	0.000008
784	803	0.000016
784	804	0.000005
784	805	0.000003
784	806	0.000015
784	807	0.000006
784	809	0.000047
784	810	0.000002
784	811	0.000002
784	812	0.000040
784	822	0.001023
784	823	0.000622
784	824	0.000006
784	826	0.000116
784	827	0.000002
784	833	0.000038
784	838	0.000009
785	795	0.027378
785	796	0.000078
785	797	0.000013
785	798	0.002070
785	802	0.000016
785	808	0.000038
785	819	0.000002
785	821	0.001000
785	825	0.000118
785	832	0.000039
786	794	0.033469
786	795	0.000004
786	796	0.000001
786	797	0.000250
786	801	0.000013
786	817	0.000007
786	818	0.000003
786	820	0.000496
786	821	0.000033
786	830	0.000003
786	831	0.000038
786	836	0.000129
787	791	0.006162
787	793	0.033739
787	803	0.000003
787	804	0.000136
787	809	0.000021
787	811	0.000031
787	816	0.000009
787	822	0.000426
787	829	0.000031
787	833	0.000003
787	835	0.000178
788	792	0.027460
788	793	0.000011
788	799	0.000091
788	803	0.000142
788	805	0.000003
788	809	0.000012
788	810	0.000029
788	815	0.000008
788	822	0.000019
788	823	0.000001
788	828	0.000030
788	833	0.000053
788	834	0.000151
789	795	0.000139
789	796	0.000011
789	797	0.000003
789	798	0.000099
789	801	0.000001
789	802	0.000139
789	808	0.000016
789	819	0.000056
789	820	0.001622
789	821	0.000015
789	832	0.000066
790	794	0.000139
790	795	0.000010
790	796	0.000005
790	797	0.000090
790	798	0.000009
790	801	0.000123
790	808	0.000007
790	814	0.000003
790	818	0.000056
790	819	0.002391
790	820	0.000009
790	821	0.000004
790	831	0.000065
790	832	0.000239
791	795	0.000003
791	796	0.000058
791	797	0.000013
791	798	0.000028
791	802	0.000049
791	814	0.000033
791	817	0.000045
791	818	0.002890
791	819	0.000003
791	820	0.000060
791	830	0.000015
791	831	0.000282
791	832	0.000004
792	796	0.000010
792	797	0.000027
792	798	0.000011
792	801	0.000055
792	802	0.000003
792	808	0.000012
792	817	0.002871
792	819	0.000067
792	830	0.000210
792	832	0.000120
793	797	0.000007
793	798	0.000011
793	801	0.000003
793	802	0.000002
793	808	0.000011
793	814	0.000105
793	817	0.000044
793	818	0.000067
793	830	0.000717
793	831	0.000141
793	836	0.000016
793	840	0.000003
794	803	0.000327
794	804	0.000529
794	809	0.000255
794	811	0.001243
794	815	0.002770
794	816	0.000134
794	829	0.001090
794	835	0.000024
794	839	0.000003
795	799	0.000004
795	800	0.000006
795	803	0.000523
795	804	0.000046
795	805	0.000234
795	806	0.000601
795	807	0.000860
795	809	0.000005
795	810	0.001246
795	811	0.000050
795	812	0.004767
795	813	0.001591
795	815	0.000111
795	816	0.000001
795	824	0.000001
795	827	0.000005
795	828	0.001066
795	829	0.000068
795	834	0.000024
795	838	0.000003
796	800	0.000006
796	803	0.000085
796	804	0.000291
796	805	0.000912
796	806	0.001380
796	807	0.000389
796	809	0.001130
796	810	0.000088
796	811	0.005983
796	812	0.001857
796	813	0.000563
796	815	0.000001
796	823	0.000002
796	824	0.000058
796	826	0.000005
796	827	0.001018
796	828	0.000213
796	829	0.000014
796	833	0.000022
796	834	0.000003
796	837	0.000002
797	803	0.000297
797	804	0.000923
797	805	0.001531
797	806	0.000536
797	807	0.000065
797	809	0.000090
797	810	0.006437
797	811	0.001844
797	812	0.000625
797	813	0.000049
797	822	0.000002
797	823	0.000082
797	824	0.000003
797	826	0.000832
797	827	0.000274
797	828	0.000044
797	833	0.000003
797	834	0.000006
798	803	0.000625
798	804	0.001496
798	805	0.000514
798	806	0.000080
798	807	0.000277
798	809	0.006494
798	810	0.001366
798	811	0.000588
798	812	0.000052
798	813	0.000019
798	822	0.000088
798	823	0.000004
798	824	0.000003
798	826	0.000308
798	827	0.000049
798	828	0.000001
798	833	0.000006
799	808	0.006161
799	821	0.000087
799	825	0.000220
799	830	0.000002
799	832	0.000006
800	808	0.003316
800	817	0.000374
800	820	0.000063
800	821	0.000007
800	825	0.001931
800	830	0.000076
800	836	0.000005
801	805	0.000041
801	806	0.000277
801	807	0.003699
801	809	0.000076
801	810	0.001921
801	811	0.000367
801	812	0.001605
801	813	0.000378
801	816	0.000412
801	822	0.000004
801	823	0.000135
801	824	0.002242
801	826	0.000005
801	827	0.000418
801	828	0.000121
801	829	0.000082
801	834	0.000382
801	835	0.000005
802	806	0.002631
802	807	0.000960
802	809	0.002227
802	810	0.000816
802	811	0.001875
802	812	0.000541
802	813	0.000090
802	815	0.000471
802	816	0.000003
802	822	0.000142
802	823	0.002273
802	824	0.000011
802	826	0.000559
802	827	0.000154
802	828	0.000091
802	829	0.000001
802	833	0.000444
802	834	0.000009
803	808	0.001636
803	814	0.000655
803	818	0.000010
803	819	0.000351
803	820	0.000003
803	821	0.000133
803	825	0.000570
803	831	0.000004
803	832	0.000542
804	808	0.000254
804	814	0.000037
804	817	0.000008
804	818	0.000393
804	819	0.000002
804	820	0.000127
804	821	0.002168
804	825	0.000030
804	830	0.000004
804	831	0.000560
805	817	0.000370
805	819	0.000119
805	820	0.001949
805	821	0.000209
805	825	0.000029
805	830	0.000548
806	817	0.000007
806	819	0.001350
806	820	0.000269
806	821	0.000411
806	825	0.000024
806	830	0.000002
806	836	0.000004
807	817	0.000231
807	819	0.000279
807	820	0.000387
807	821	0.000169
807	825	0.000223
807	830	0.000005
807	832	0.000002
807	836	0.000023
808	812	0.000193
808	813	0.002593
808	815	0.000508
808	816	0.000230
808	822	0.000027
808	823	0.000149
808	824	0.000240
808	826	0.000010
808	827	0.000028
808	828	0.000014
808	829	0.000006
808	833	0.000004
808	834	0.001459
808	835	0.000025
809	814	0.001056
809	817	0.000002
809	818	0.003320
809	819	0.000005
809	820	0.010020
809	821	0.000093
809	825	0.000006
809	831	0.000086
809	832	0.000002
809	836	0.000025
810	817	0.003235
810	819	0.011876
810	820	0.000063
810	821	0.000208
810	825	0.000013
810	830	0.000084
810	832	0.002309
810	836	0.000112
811	817	0.000002
811	818	0.012206
811	819	0.000021
811	820	0.000224
811	821	0.000144
811	831	0.002373
811	832	0.000003
811	836	0.000097
811	840	0.000004
812	817	0.010190
812	819	0.000205
812	820	0.000146
812	821	0.000019
812	825	0.000001
812	830	0.001895
812	832	0.000005
812	836	0.000062
813	817	0.000010
813	819	0.000120
813	820	0.000016
813	821	0.000002
813	830	0.000482
813	832	0.000030
813	836	0.000195
814	822	0.000121
814	829	0.000928
814	833	0.490326
814	835	0.000205
814	837	0.000006
814	841	0.000005
814	842	0.000004
815	820	0.000003
815	821	0.000104
815	825	0.000015
815	830	0.000002
815	831	0.001953
815	832	0.504205
815	836	0.000012
815	840	0.000005
816	820	0.000045
816	821	0.000009
816	825	0.000412
816	830	0.001877
816	831	0.506847
816	832	0.000009
816	836	0.000007
816	840	0.000006
817	822	0.000008
817	823	0.000837
817	824	0.000379
817	826	0.000102
817	827	0.000011
817	828	0.000007
817	829	0.000034
817	833	0.000005
817	834	0.000534
817	838	0.000004
817	839	0.000006
818	822	0.001623
818	829	0.568229
818	833	0.001439
818	835	0.031516
818	837	0.000004
818	838	0.000006
819	823	0.000180
819	824	0.000300
819	826	0.001721
819	827	0.005209
819	828	0.577831
819	829	0.007540
819	833	0.000244
819	834	0.043920
819	835	0.000544
819	837	0.000006
820	824	0.000145
820	826	0.006520
820	827	0.554847
820	828	0.020873
820	829	0.002074
820	833	0.037118
820	834	0.002499
820	835	0.000134
821	826	0.437441
821	827	0.024705
821	828	0.006685
821	829	0.000115
821	833	0.002449
821	834	0.000780
821	835	0.000007
821	844	0.000001
822	830	0.000044
822	831	0.073100
822	832	0.000449
822	843	0.000002
823	830	0.065080
823	832	0.000862
823	836	0.000002
824	830	0.001068
824	832	0.000070
824	836	0.000018
825	829	0.001314
825	833	0.000209
825	834	0.000123
825	835	0.000021
826	830	0.000027
826	832	0.000281
827	832	0.000174
827	836	0.000005
828	832	0.000050
828	836	0.000014
829	836	0.000002
829	840	0.000254
829	843	0.000021
830	834	0.000059
830	835	0.000013
830	838	0.000001
830	839	0.000254
830	842	0.000013
831	835	0.000034
831	837	0.000003
831	838	0.000254
831	839	0.000001
831	841	0.000013
831	842	0.000011
832	837	0.000223
832	838	0.000001
832	839	0.000002
832	841	0.000011
833	840	0.000015
835	840	0.000005
835	843	0.000257
836	842	0.000254
836	844	0.000046
837	843	0.000075
838	843	0.000126
839	843	0.000013
