1	7	0.000005
1	8	0.000004
1	9	0.000001
1	15	0.000003
1	41	0.020644
1	55	0.000001
1	67	0.000222
1	584	0.000003
1	699	0.000002
1	707	0.010517
1	718	0.000012
1	735	0.000028
1	741	0.000001
1	786	0.000022
1	788	0.000357
1	789	0.136275
1	790	0.001568
1	795	0.000058
1	796	0.000025
1	797	0.000002
1	798	0.000005
1	800	0.000715
1	804	0.000079
1	807	0.000002
1	809	0.297465
1	810	0.007570
1	816	0.039945
1	829	0.000072
1	832	0.000371
1	837	0.000060
1	841	0.000979
2	7	0.000015
2	8	0.000003
2	14	0.000003
2	15	0.000001
2	30	0.000010
2	39	0.000022
2	40	0.029332
2	41	0.000163
2	42	0.000474
2	46	0.000118
2	50	0.000004
2	52	0.000002
2	53	0.000161
2	62	0.000548
2	65	0.000019
2	66	0.000250
2	583	0.000004
2	587	0.000002
2	674	0.000001
2	677	0.000003
2	678	0.000013
2	683	0.000001
2	693	0.000001
2	698	0.000002
2	702	0.000005
2	705	0.000002
2	706	0.011815
2	707	0.000017
2	717	0.000015
2	730	0.000006
2	734	0.000036
2	735	0.000200
2	736	0.000065
2	738	0.000002
2	739	0.000004
2	740	0.000002
2	771	0.000002
2	778	0.000014
2	783	0.000030
2	784	0.005318
2	787	0.000337
2	788	0.273674
2	789	0.001065
2	790	0.000026
2	794	0.000077
2	795	0.000049
2	796	0.000002
2	797	0.000009
2	798	0.000005
2	799	0.000801
2	800	0.000545
2	803	0.000087
2	804	0.000020
2	806	0.000002
2	807	0.000008
2	808	0.394594
2	809	0.008086
2	810	0.000070
2	812	0.000611
2	814	0.000087
2	815	0.052777
2	816	0.000772
2	817	0.000358
2	818	0.121917
2	819	0.017447
2	820	0.016092
2	821	0.005049
2	822	0.010483
2	826	0.000019
2	827	0.000029
2	828	0.000095
2	831	0.000490
2	834	0.000124
2	835	0.000019
2	836	0.000079
2	837	0.000001
2	839	0.000001
2	840	0.001112
2	845	0.000002
2	846	0.000003
2	847	0.000010
2	875	0.000002
2	883	0.000002
2	886	0.000926
3	7	0.000004
3	8	0.000003
3	9	0.000001
3	13	0.000003
3	14	0.000001
3	29	0.000010
3	39	0.029353
3	40	0.000210
3	41	0.000384
3	42	0.005110
3	46	0.000010
3	50	0.000001
3	52	0.000160
3	53	0.000001
3	61	0.000557
3	62	0.000005
3	64	0.000020
3	65	0.000249
3	66	0.000001
3	582	0.000004
3	586	0.000002
3	587	0.000001
3	673	0.000001
3	676	0.000003
3	677	0.000011
3	678	0.000003
3	683	0.000004
3	701	0.000001
3	702	0.000011
3	705	0.011807
3	706	0.000018
3	716	0.000016
3	730	0.000003
3	733	0.000012
3	734	0.000250
3	735	0.000022
3	736	0.000095
3	738	0.000004
3	739	0.000002
3	770	0.000002
3	777	0.000014
3	783	0.005286
3	784	0.000059
3	786	0.000126
3	787	0.293794
3	788	0.000020
3	789	0.000014
3	790	0.000008
3	794	0.000051
3	795	0.000002
3	796	0.000011
3	797	0.000008
3	798	0.000739
3	799	0.000589
3	803	0.000023
3	806	0.000004
3	807	0.396306
3	808	0.008285
3	809	0.000042
3	810	0.000104
3	812	0.000237
3	814	0.052349
3	815	0.000900
3	816	0.000195
3	817	0.122633
3	818	0.017196
3	819	0.016032
3	820	0.005099
3	821	0.010409
3	822	0.000042
3	825	0.000019
3	826	0.000029
3	827	0.000094
3	828	0.000001
3	830	0.000490
3	833	0.000124
3	834	0.000019
3	835	0.000078
3	836	0.000002
3	838	0.000001
3	839	0.001112
3	845	0.000003
3	846	0.000010
3	874	0.000002
3	883	0.000001
3	886	0.000502
4	8	0.000017
4	9	0.000012
4	12	0.000003
4	13	0.000001
4	28	0.000010
4	41	0.005032
4	58	0.000001
4	60	0.000596
4	61	0.000003
4	67	0.000001
4	581	0.000004
4	682	0.000004
4	688	0.000006
4	690	0.000012
4	701	0.000009
4	704	0.009832
4	707	0.000002
4	715	0.000015
4	733	0.000209
4	735	0.000084
4	786	0.293852
4	788	0.000012
4	789	0.000007
4	790	0.000003
4	795	0.000009
4	796	0.000008
4	797	0.000624
4	798	0.000508
4	804	0.000002
4	806	0.400254
4	807	0.004654
4	809	0.000098
4	810	0.000028
4	816	0.105265
4	829	0.000419
4	832	0.000106
4	837	0.000003
4	838	0.000951
4	849	0.000001
4	873	0.000002
5	10	0.000003
5	27	0.000010
5	48	0.000012
5	56	0.000012
5	57	0.000001
5	59	0.000606
5	68	0.000036
5	588	0.000015
5	675	0.000004
5	680	0.000002
5	687	0.000007
5	689	0.000014
5	691	0.000001
5	695	0.000002
5	710	0.000018
5	714	0.000015
5	729	0.000001
5	782	0.000031
5	785	0.293105
5	791	0.000062
5	805	0.403555
5	813	0.016188
5	824	0.000019
5	842	0.000003
5	848	0.000001
5	872	0.000002
5	884	0.000126
5	885	0.000072
6	26	0.000010
6	41	0.000908
6	55	0.000015
6	58	0.000557
6	67	0.000033
6	682	0.000006
6	688	0.000014
6	690	0.000001
6	694	0.000002
6	699	0.000003
6	701	0.000093
6	704	0.000011
6	707	0.000007
6	733	0.000068
6	735	0.000003
6	786	0.000010
6	789	0.000001
6	790	0.000053
6	795	0.000036
6	796	0.000035
6	797	0.000008
6	798	0.000004
6	800	0.000014
6	804	0.329668
6	806	0.000073
6	809	0.000037
6	810	0.000037
6	816	0.000159
6	837	0.000010
6	841	0.000003
7	25	0.000009
7	37	0.000035
7	38	0.002850
7	43	0.000313
7	44	0.000317
7	45	0.000145
7	47	0.000055
7	48	0.000010
7	49	0.000013
7	51	0.000003
7	54	0.000015
7	57	0.000513
7	63	0.000004
7	589	0.000008
7	681	0.000006
7	685	0.000002
7	687	0.000012
7	700	0.000085
7	703	0.000032
7	708	0.000005
7	709	0.000009
7	710	0.000002
7	711	0.000009
7	731	0.000004
7	732	0.000073
7	737	0.000004
7	782	0.000003
7	785	0.000011
7	791	0.000001
7	792	0.000009
7	793	0.000030
7	801	0.000431
7	802	0.006494
7	805	0.000067
7	811	0.000201
7	813	0.000315
7	823	0.000002
7	884	0.000001
7	885	0.000002
7	887	0.000015
8	22	0.000006
8	37	0.001955
8	38	0.684084
8	43	0.000210
8	44	0.000122
8	45	0.000016
8	47	0.000017
8	48	0.000012
8	49	0.000001
8	56	0.000130
8	63	0.000001
8	588	0.000004
8	589	0.000003
8	680	0.000002
8	684	0.000001
8	700	0.000017
8	703	0.000004
8	708	0.000006
8	709	0.000005
8	710	0.000008
8	711	0.000001
8	731	0.000041
8	732	0.000004
8	737	0.000001
8	782	0.000001
8	791	0.000005
8	792	0.000014
8	793	0.000004
8	801	0.003361
8	802	0.006686
8	811	0.000019
8	813	0.000020
8	884	0.000001
8	887	0.000004
9	19	0.000002
9	21	0.000007
9	37	0.948795
9	38	0.000338
9	43	0.000039
9	44	0.000005
9	47	0.000003
9	588	0.000001
9	697	0.000004
9	700	0.000001
9	708	0.000002
9	709	0.000004
9	731	0.000003
9	791	0.000006
9	792	0.000001
9	801	0.003148
9	802	0.000061
9	811	0.000007
9	813	0.000002
9	887	0.000007
10	18	0.000003
10	20	0.000007
10	36	0.999711
10	42	0.000010
10	696	0.000004
10	730	0.000002
10	799	0.000002
10	800	0.000041
10	814	0.000002
10	886	0.000010
11	16	0.000004
11	35	0.999833
11	695	0.000004
11	729	0.000002
11	813	0.000002
11	885	0.000010
12	31	0.000004
12	34	0.991770
12	35	0.000003
12	38	0.000001
12	884	0.000008
13	31	0.000121
13	34	0.000106
13	37	0.000001
13	49	0.000003
14	35	0.000004
14	48	0.000003
15	31	0.914200
15	34	0.000005
15	47	0.000003
15	63	0.000004
15	692	0.000002
16	28	0.000021
16	29	0.077084
16	30	0.917204
16	32	0.000048
16	33	0.000003
16	46	0.000003
16	61	0.000004
16	62	0.000005
16	787	0.000001
17	26	0.000064
17	28	0.533647
17	29	0.462657
17	60	0.000007
17	61	0.000002
17	690	0.000004
17	786	0.000001
18	25	0.000136
18	27	0.988347
18	59	0.000009
18	689	0.000004
18	785	0.000001
19	24	0.000099
19	26	0.987398
19	28	0.010479
19	58	0.000009
19	688	0.000004
20	25	0.983882
20	27	0.010729
20	57	0.000009
20	687	0.000004
21	26	0.008119
21	28	0.000001
21	29	0.000003
22	26	0.000008
22	28	0.000017
23	27	0.000017
25	52	0.000009
25	64	0.000016
26	37	0.000001
26	51	0.000009
26	63	0.000016
27	36	0.000002
27	50	0.000009
27	62	0.000016
28	35	0.000002
28	49	0.000008
29	48	0.000007
30	48	0.000001
30	59	0.000020
31	58	0.000020
32	57	0.000021
33	56	0.000020
33	801	0.000006
34	41	0.000003
34	55	0.000020
34	61	0.000004
34	800	0.000007
35	40	0.000003
35	42	0.000001
35	60	0.000006
35	799	0.000007
35	886	0.000021
36	59	0.000007
36	885	0.000021
37	41	0.000011
37	58	0.000005
37	60	0.000003
37	61	0.000040
37	790	0.000001
37	795	0.000009
37	796	0.000515
37	797	0.000051
37	798	0.000019
38	55	0.000002
38	58	0.009499
38	60	0.000111
38	61	0.000002
38	67	0.000006
38	592	0.001442
38	688	0.000006
38	707	0.000003
38	715	0.000002
38	735	0.000001
38	786	0.000033
38	789	0.000002
38	790	0.000001
38	795	0.001316
38	796	0.000109
38	797	0.000042
38	798	0.000009
38	800	0.000002
38	806	0.000003
38	809	0.000001
38	810	0.000001
39	48	0.002015
39	56	0.000004
39	57	0.011434
39	59	0.000138
39	68	0.000090
39	69	0.000432
39	72	0.000899
39	588	0.000026
39	590	0.000002
39	591	0.002021
39	597	0.000002
39	679	0.000001
39	680	0.000087
39	687	0.000007
39	695	0.000001
39	710	0.000028
39	714	0.000005
39	729	0.000001
39	782	0.000002
39	785	0.000046
39	791	0.000011
39	805	0.000003
39	813	0.000047
39	881	0.000011
39	882	0.000169
39	884	0.000471
39	885	0.001544
40	48	0.021014
40	56	0.011450
40	57	0.000044
40	59	0.000017
40	68	0.001039
40	69	0.000062
40	71	0.000913
40	588	0.000079
40	590	0.002663
40	596	0.000002
40	679	0.000086
40	680	0.000009
40	687	0.000002
40	691	0.000001
40	695	0.000001
40	710	0.000530
40	713	0.000006
40	729	0.000001
40	785	0.000018
40	791	0.000066
40	805	0.000002
40	813	0.000024
40	880	0.000011
40	881	0.000170
40	882	0.000710
40	884	0.001548
40	885	0.000017
41	45	0.000268
41	47	0.019993
41	48	0.000245
41	49	0.022131
41	51	0.000016
41	54	0.000043
41	56	0.000018
41	57	0.000193
41	63	0.000027
41	68	0.000089
41	69	0.000081
41	70	0.000912
41	588	0.000002
41	589	0.003544
41	595	0.000002
41	679	0.000003
41	680	0.000002
41	681	0.000076
41	684	0.000001
41	685	0.000001
41	692	0.000035
41	697	0.000001
41	700	0.000008
41	703	0.000002
41	708	0.000009
41	709	0.000483
41	710	0.000003
41	711	0.000794
41	731	0.000004
41	732	0.000004
41	737	0.000004
41	791	0.000006
41	792	0.209266
41	793	0.000304
41	801	0.000004
41	802	0.000002
41	811	0.000021
41	813	0.000002
41	823	0.000001
41	866	0.000002
41	880	0.000023
41	881	0.000736
41	882	0.000005
41	884	0.000014
41	885	0.000036
41	887	0.000004
42	48	0.028428
42	56	0.000307
42	57	0.000006
42	59	0.000124
42	68	0.005442
42	69	0.000889
42	588	0.003614
42	590	0.000001
42	594	0.000002
42	679	0.000004
42	680	0.000086
42	687	0.000001
42	689	0.000001
42	691	0.000041
42	695	0.000015
42	710	0.000925
42	729	0.000001
42	785	0.000016
42	791	0.232005
42	805	0.000015
42	813	0.000024
42	865	0.000002
42	878	0.000011
42	880	0.000900
42	881	0.000005
42	882	0.000003
42	884	0.000097
42	885	0.000012
43	55	0.000273
43	58	0.000119
43	60	0.000003
43	61	0.000034
43	67	0.005382
43	688	0.000001
43	690	0.000036
43	694	0.000014
43	699	0.000006
43	701	0.000002
43	707	0.000047
43	733	0.000003
43	735	0.000005
43	786	0.000001
43	788	0.000017
43	789	0.000114
43	790	0.229679
43	795	0.000003
43	796	0.000014
43	797	0.000034
43	798	0.000034
43	800	0.000003
43	804	0.000014
43	807	0.000047
43	809	0.000116
43	810	0.000136
43	816	0.000005
43	864	0.000002
43	879	0.000888
44	55	0.000016
44	58	0.000022
44	60	0.000017
44	61	0.003539
44	67	0.000251
44	682	0.000001
44	699	0.000012
44	701	0.000001
44	704	0.000002
44	707	0.000031
44	733	0.000004
44	735	0.000005
44	786	0.000003
44	788	0.000085
44	789	0.192106
44	790	0.003347
44	795	0.000015
44	796	0.000041
44	797	0.000042
44	798	0.000015
44	800	0.000004
44	804	0.000001
44	806	0.000030
44	807	0.012909
44	809	0.000100
44	810	0.000065
44	816	0.000005
44	863	0.000002
45	55	0.000015
45	58	0.000134
45	60	0.004339
45	61	0.000061
45	67	0.000128
45	688	0.000056
45	690	0.000008
45	694	0.000001
45	699	0.000004
45	701	0.000002
45	704	0.000002
45	707	0.000033
45	733	0.000003
45	735	0.000004
45	786	0.001783
45	788	0.049373
45	789	0.004541
45	790	0.002444
45	795	0.000033
45	796	0.000034
45	797	0.000015
45	798	0.000002
45	800	0.000003
45	804	0.000001
45	806	0.016078
45	807	0.000007
45	809	0.000050
45	810	0.000020
45	816	0.000003
45	879	0.000002
46	56	0.001258
46	57	0.000131
46	59	0.004441
46	68	0.017155
46	588	0.000049
46	590	0.000001
46	675	0.000001
46	679	0.000003
46	680	0.000006
46	687	0.000059
46	689	0.000010
46	691	0.000039
46	695	0.003523
46	710	0.000111
46	729	0.000002
46	748	0.000002
46	782	0.000002
46	785	0.002248
46	791	0.000701
46	805	0.016513
46	813	0.000059
46	842	0.000013
46	865	0.000018
46	876	0.000941
46	884	0.000075
46	885	0.000033
47	55	0.001312
47	58	0.004059
47	60	0.000357
47	61	0.000789
47	67	0.018013
47	688	0.000008
47	690	0.000038
47	694	0.003553
47	699	0.000002
47	701	0.000001
47	704	0.000014
47	707	0.002686
47	733	0.000003
47	735	0.000415
47	786	0.000489
47	788	0.185568
47	789	0.000087
47	790	0.000573
47	795	0.000041
47	796	0.000003
47	797	0.000006
47	798	0.000006
47	800	0.000377
47	804	0.016385
47	807	0.000001
47	809	0.000241
47	810	0.000015
47	816	0.000113
47	841	0.000013
47	862	0.000001
47	864	0.000018
47	875	0.000948
48	52	0.000215
48	53	0.003627
48	55	0.000020
48	58	0.000009
48	60	0.000568
48	61	0.416815
48	62	0.085495
48	64	0.000477
48	65	0.000293
48	66	0.016036
48	67	0.000004
48	74	0.000001
48	585	0.000002
48	587	0.000020
48	678	0.000024
48	683	0.000055
48	686	0.000006
48	693	0.003535
48	701	0.000001
48	702	0.000938
48	704	0.000006
48	705	0.003336
48	706	0.002870
48	707	0.000084
48	730	0.000015
48	734	0.000470
48	736	0.000174
48	746	0.000019
48	747	0.000029
48	783	0.000152
48	784	0.000464
48	786	0.000007
48	787	0.244511
48	788	0.000004
48	789	0.000347
48	790	0.000002
48	794	0.000043
48	795	0.000001
48	796	0.000006
48	797	0.000006
48	798	0.000002
48	799	0.000417
48	803	0.015639
48	807	0.000290
48	808	0.000266
48	809	0.000006
48	810	0.000008
48	812	0.000027
48	814	0.000012
48	815	0.000129
48	816	0.000001
48	817	0.000184
48	818	0.000016
48	819	0.000019
48	820	0.000023
48	821	0.000012
48	822	0.000047
48	840	0.000012
48	861	0.000002
48	863	0.000018
48	874	0.000949
48	886	0.000103
49	55	0.000064
49	58	0.001449
49	60	0.543147
49	61	0.042963
49	67	0.000002
49	584	0.000001
49	682	0.000044
49	688	0.000045
49	690	0.000632
49	701	0.000739
49	704	0.003283
49	707	0.000062
49	733	0.000341
49	735	0.000122
49	786	0.244584
49	788	0.000315
49	789	0.000001
49	795	0.000006
49	796	0.000005
49	797	0.000003
49	798	0.000342
49	800	0.000010
49	806	0.000429
49	807	0.000158
49	809	0.000006
49	810	0.000001
49	816	0.000170
49	849	0.000001
49	860	0.000001
49	862	0.000018
49	873	0.000948
50	56	0.002461
50	57	0.001625
50	59	0.597363
50	68	0.000090
50	71	0.000011
50	72	0.000003
50	588	0.000002
50	680	0.000001
50	687	0.000045
50	689	0.000717
50	691	0.002958
50	710	0.000006
50	745	0.000269
50	782	0.000002
50	785	0.243772
50	791	0.000020
50	805	0.000536
50	813	0.000016
50	848	0.000001
50	872	0.000942
50	884	0.000011
50	885	0.000009
51	55	0.001671
51	58	0.596233
51	60	0.000521
51	61	0.000008
51	67	0.000099
51	688	0.000722
51	690	0.002955
51	699	0.000003
51	701	0.000035
51	704	0.002753
51	707	0.000049
51	715	0.000001
51	733	0.000005
51	735	0.000002
51	744	0.000290
51	786	0.000284
51	789	0.000001
51	790	0.000016
51	795	0.000001
51	796	0.000014
51	797	0.000004
51	798	0.000004
51	800	0.000144
51	804	0.000469
51	806	0.000022
51	816	0.000003
51	849	0.000023
51	860	0.000758
52	56	0.000488
52	57	0.590528
52	59	0.000562
52	68	0.000253
52	69	0.026216
52	588	0.000004
52	591	0.000001
52	680	0.000014
52	687	0.000717
52	689	0.001739
52	691	0.000027
52	710	0.000019
52	714	0.000002
52	729	0.000001
52	743	0.000293
52	775	0.000001
52	781	0.000003
52	782	0.000180
52	785	0.000311
52	805	0.000022
52	813	0.000006
52	848	0.000026
52	859	0.000784
52	884	0.000006
52	885	0.000685
53	57	0.000418
53	59	0.000227
53	68	0.063977
53	69	0.000013
53	588	0.000014
53	590	0.000001
53	679	0.000014
53	680	0.000002
53	687	0.000105
53	689	0.001308
53	691	0.000001
53	710	0.000115
53	713	0.000002
53	729	0.000002
53	742	0.000293
53	774	0.000001
53	780	0.000003
53	781	0.000122
53	782	0.000134
53	785	0.000019
53	791	0.000012
53	805	0.000006
53	813	0.000003
53	848	0.000002
53	858	0.000784
53	884	0.000689
53	885	0.000002
54	58	0.000155
54	60	0.000015
54	61	0.000017
54	67	0.065675
54	682	0.000001
54	688	0.002522
54	690	0.000001
54	699	0.000002
54	701	0.171250
54	704	0.000486
54	707	0.000009
54	733	0.000006
54	741	0.000289
54	786	0.000109
54	790	0.000008
54	795	0.000001
54	796	0.000003
54	797	0.000089
54	798	0.000104
54	800	0.000016
54	804	0.000005
54	806	0.000016
54	816	0.000135
54	849	0.000019
54	857	0.000782
54	868	0.000001
55	59	0.000014
55	63	0.000795
55	68	0.000018
55	588	0.000001
55	589	0.000002
55	681	0.000001
55	684	0.000209
55	685	0.000004
55	687	0.002528
55	689	0.000001
55	697	0.000006
55	700	0.201483
55	703	0.000541
55	708	0.000007
55	709	0.000002
55	731	0.000004
55	732	0.000006
55	737	0.000029
55	779	0.000014
55	785	0.000141
55	801	0.000132
55	802	0.000003
55	805	0.000017
55	823	0.000027
55	848	0.000020
55	856	0.000776
55	887	0.000004
56	61	0.000003
56	62	0.001036
56	64	0.000178
56	65	0.127770
56	66	0.009022
56	67	0.000401
56	587	0.000004
56	677	0.000054
56	678	0.000010
56	683	0.000224
56	686	0.002471
56	694	0.000002
56	696	0.000007
56	698	0.000015
56	699	0.209659
56	702	0.000526
56	705	0.000039
56	706	0.000019
56	707	0.000005
56	730	0.000004
56	734	0.000024
56	735	0.000002
56	736	0.000037
56	739	0.000319
56	740	0.000002
56	770	0.000002
56	778	0.000015
56	783	0.000002
56	784	0.000582
56	794	0.000002
56	795	0.000270
56	796	0.000519
56	797	0.000658
56	798	0.000029
56	799	0.000336
56	800	0.000151
56	803	0.000002
56	804	0.000030
56	815	0.017634
56	816	0.000002
56	818	0.000010
56	819	0.000006
56	820	0.000006
56	821	0.000002
56	822	0.000033
56	828	0.000001
56	846	0.000305
56	847	0.000016
56	852	0.000002
56	854	0.000003
56	855	0.000622
56	886	0.000005
57	61	0.000436
57	62	0.000241
57	64	0.128522
57	65	0.008816
57	66	0.000452
57	67	0.000002
57	74	0.000002
57	586	0.000002
57	587	0.000003
57	676	0.000055
57	677	0.000009
57	682	0.000215
57	683	0.000002
57	686	0.000026
57	693	0.000003
57	696	0.000056
57	698	0.211101
57	701	0.000317
57	704	0.000041
57	705	0.000018
57	706	0.000004
57	712	0.000002
57	730	0.000001
57	733	0.000023
57	734	0.000003
57	735	0.000023
57	736	0.000001
57	738	0.000323
57	739	0.000001
57	769	0.000002
57	777	0.000015
57	783	0.000575
57	784	0.000002
57	787	0.000001
57	794	0.000248
57	795	0.000517
57	796	0.000643
57	797	0.000042
57	798	0.000287
57	799	0.000150
57	803	0.000040
57	812	0.000010
57	814	0.017725
57	815	0.000002
57	817	0.000010
57	818	0.000006
57	819	0.000006
57	820	0.000002
57	821	0.000033
57	827	0.000001
57	845	0.000332
57	846	0.000009
57	851	0.000002
57	853	0.000006
57	854	0.000599
58	63	0.112678
58	73	0.000002
58	588	0.000003
58	675	0.000055
58	681	0.000206
58	684	0.001636
58	685	0.000024
58	687	0.000002
58	692	0.000002
58	695	0.000056
58	697	0.211049
58	700	0.000299
58	703	0.000051
58	711	0.000002
58	731	0.000006
58	732	0.000021
58	737	0.000325
58	768	0.000003
58	776	0.000014
58	782	0.000073
58	785	0.000001
58	793	0.000204
58	802	0.000039
58	811	0.000010
58	813	0.017702
58	844	0.000380
58	850	0.000002
58	869	0.000003
58	884	0.000003
58	887	0.000003
59	64	0.004520
59	65	0.000164
59	66	0.000159
59	67	0.000004
59	74	0.000001
59	587	0.000010
59	674	0.000049
59	676	0.000006
59	678	0.000002
59	682	0.000077
59	683	0.002223
59	686	0.000025
59	693	0.000067
59	694	0.000039
59	696	0.211075
59	698	0.000042
59	699	0.000204
59	702	0.000051
59	704	0.000001
59	712	0.000004
59	730	0.000010
59	733	0.000017
59	734	0.000003
59	736	0.000320
59	738	0.000001
59	767	0.000003
59	783	0.000002
59	784	0.000003
59	794	0.012408
59	795	0.000002
59	803	0.000011
59	810	0.000008
59	812	0.017623
59	814	0.000004
59	815	0.000005
59	817	0.000002
59	818	0.000002
59	819	0.000007
59	820	0.000007
59	825	0.000003
59	843	0.000381
59	845	0.000002
59	849	0.000002
59	851	0.000061
59	852	0.000102
59	853	0.000122
59	868	0.000003
59	883	0.000003
59	886	0.000005
60	68	0.000003
60	70	0.000003
60	71	0.000002
60	73	0.000002
60	589	0.000003
60	590	0.000001
60	595	0.000001
60	675	0.000006
60	679	0.000006
60	681	0.000177
60	685	0.000025
60	691	0.000013
60	692	0.000075
60	695	0.199068
60	697	0.000044
60	700	0.000001
60	703	0.000001
60	709	0.000003
60	711	0.000004
60	729	0.000003
60	732	0.000019
60	737	0.000001
60	766	0.000003
60	791	0.000001
60	792	0.000003
60	793	0.012547
60	802	0.000011
60	811	0.014991
60	813	0.000004
60	824	0.000003
60	842	0.000371
60	844	0.000002
60	850	0.000052
60	867	0.000003
60	882	0.000003
60	885	0.000004
61	68	0.000008
61	69	0.000015
61	70	0.000005
61	72	0.000002
61	588	0.000003
61	589	0.000638
61	594	0.000005
61	680	0.000172
61	681	0.002036
61	684	0.000020
61	691	0.000090
61	692	0.196031
61	695	0.000013
61	700	0.000004
61	708	0.000003
61	709	0.000001
61	710	0.000004
61	711	0.000103
61	731	0.000016
61	732	0.000002
61	791	0.000002
61	792	0.012916
61	801	0.000008
61	811	0.000034
61	823	0.000002
61	850	0.000007
61	866	0.000003
61	881	0.000003
61	884	0.000002
61	885	0.000002
62	68	0.003953
62	69	0.000018
62	71	0.000002
62	588	0.000933
62	590	0.000037
62	591	0.000001
62	593	0.000950
62	679	0.000152
62	680	0.002134
62	689	0.000638
62	691	0.210014
62	695	0.000008
62	710	0.000194
62	729	0.000001
62	785	0.000013
62	791	0.013053
62	805	0.000006
62	813	0.000009
62	842	0.000003
62	848	0.000033
62	865	0.000003
62	880	0.000003
62	884	0.000014
62	885	0.000003
63	67	0.002779
63	592	0.003122
63	682	0.000008
63	688	0.000689
63	690	0.209748
63	694	0.000008
63	707	0.000007
63	733	0.000003
63	735	0.000003
63	786	0.000121
63	788	0.000002
63	789	0.000012
63	790	0.010221
63	800	0.000002
63	804	0.000005
63	806	0.000047
63	807	0.000001
63	809	0.000160
63	810	0.000049
63	816	0.000001
63	841	0.000002
63	849	0.000042
63	864	0.000002
63	879	0.000003
64	68	0.000272
64	69	0.000003
64	588	0.005787
64	590	0.000836
64	591	0.003561
64	679	0.000041
64	680	0.000089
64	687	0.000717
64	689	0.207973
64	691	0.000081
64	710	0.000025
64	714	0.000001
64	729	0.000001
64	782	0.000109
64	785	0.000153
64	791	0.000006
64	805	0.000049
64	813	0.000015
64	848	0.000044
64	878	0.000003
64	884	0.000011
64	885	0.000932
65	69	0.000003
65	72	0.000004
65	588	0.011512
65	590	0.004057
65	591	0.000321
65	679	0.000087
65	680	0.000396
65	687	0.055233
65	689	0.000721
65	691	0.000016
65	710	0.000049
65	713	0.000001
65	761	0.000007
65	781	0.000109
65	785	0.000022
65	791	0.000010
65	805	0.000006
65	813	0.000008
65	884	0.000934
65	885	0.000510
66	71	0.000004
66	588	0.240233
66	590	0.000781
66	679	0.000376
66	680	0.000034
66	687	0.068108
66	689	0.000084
66	691	0.000004
66	710	0.000547
66	729	0.000001
66	760	0.000007
66	780	0.000109
66	785	0.000041
66	791	0.000013
66	805	0.000017
66	813	0.000009
66	824	0.000023
66	884	0.000519
66	885	0.000014
67	588	0.006731
67	589	0.001204
67	590	0.000002
67	679	0.000011
67	680	0.000003
67	681	0.000021
67	684	0.020649
67	685	0.004241
67	687	0.008890
67	689	0.000002
67	700	0.000003
67	703	0.000074
67	708	0.000015
67	709	0.000521
67	710	0.000001
67	711	0.000003
67	731	0.000032
67	732	0.000005
67	737	0.000052
67	759	0.000007
67	779	0.000108
67	785	0.000036
67	792	0.000004
67	793	0.000001
67	801	0.000006
67	802	0.000003
67	811	0.000002
67	813	0.000003
67	823	0.000034
67	844	0.000005
67	884	0.000013
67	887	0.000010
68	583	0.000889
68	584	0.000031
68	585	0.000241
68	586	0.736535
68	587	0.009444
68	678	0.000003
68	682	0.000017
68	683	0.022867
68	686	0.015242
68	688	0.000034
68	699	0.000003
68	702	0.000091
68	705	0.000005
68	706	0.000034
68	707	0.000007
68	730	0.000033
68	734	0.000006
68	736	0.000061
68	758	0.000007
68	778	0.000106
68	783	0.000006
68	784	0.000062
68	787	0.000007
68	794	0.000004
68	799	0.000004
68	800	0.000005
68	803	0.000011
68	810	0.000001
68	812	0.000010
68	814	0.000001
68	815	0.000006
68	817	0.000001
68	818	0.000460
68	819	0.000004
68	820	0.000003
68	821	0.000001
68	822	0.000035
68	831	0.000019
68	834	0.000390
68	843	0.000005
68	886	0.000016
69	582	0.000895
69	583	0.000043
69	584	0.000059
69	585	0.963552
69	586	0.004760
69	587	0.000004
69	682	0.000105
69	683	0.000138
69	686	0.000012
69	705	0.000025
69	706	0.000004
69	736	0.000001
69	757	0.000007
69	777	0.000044
69	783	0.000031
69	790	0.000007
69	799	0.000004
69	814	0.000003
69	817	0.000466
69	818	0.000002
69	819	0.000002
69	820	0.000001
69	821	0.000023
69	830	0.000019
69	833	0.000392
70	580	0.000001
70	581	0.000886
70	584	0.992856
70	682	0.000066
70	704	0.000012
70	707	0.000163
70	718	0.000001
70	735	0.000001
70	756	0.000007
70	789	0.000016
70	798	0.000003
70	816	0.000466
70	829	0.000019
70	832	0.000392
70	841	0.000004
71	579	0.000001
71	580	0.000831
71	581	0.000013
71	582	0.000817
71	583	0.996128
71	584	0.000003
71	586	0.000008
71	706	0.000173
71	717	0.000001
71	734	0.000001
71	755	0.000007
71	784	0.000003
71	788	0.000020
71	797	0.000001
71	815	0.000464
71	818	0.000003
71	819	0.000003
71	820	0.000002
71	828	0.000019
71	831	0.000392
71	840	0.000004
72	579	0.000556
72	580	0.000057
72	581	0.001126
72	582	0.995699
72	583	0.000003
72	585	0.000009
72	702	0.000001
72	705	0.000173
72	716	0.000001
72	754	0.000007
72	783	0.000003
72	787	0.000021
72	814	0.000459
72	817	0.000003
72	818	0.000003
72	819	0.000002
72	827	0.000019
72	830	0.000392
72	839	0.000004
73	579	0.000494
73	580	0.032898
73	581	0.928465
73	584	0.000009
73	704	0.000143
73	715	0.000001
73	753	0.000006
73	786	0.000022
73	816	0.000003
73	829	0.000334
73	838	0.000003
74	577	0.000125
74	714	0.000001
74	785	0.000022
74	813	0.000100
74	824	0.000003
75	576	0.000026
75	577	0.000216
75	578	0.858833
75	823	0.000002
76	576	0.000009
76	577	0.920869
76	578	0.062639
77	576	0.967825
77	577	0.031598
78	575	0.999488
79	574	0.999541
79	576	0.000004
79	823	0.000011
80	573	0.999889
80	575	0.000005
80	821	0.000001
80	822	0.000011
81	571	0.000002
81	572	0.999848
81	573	0.000064
81	820	0.000002
81	821	0.000011
82	570	0.000003
82	571	0.999740
82	572	0.000117
82	573	0.000009
82	819	0.000002
82	820	0.000011
83	569	0.000116
83	570	0.998137
83	571	0.000169
83	572	0.000011
83	818	0.000002
83	819	0.000011
84	569	0.998202
84	570	0.000184
84	571	0.000012
84	817	0.000002
84	818	0.000010
85	570	0.000015
85	816	0.000002
86	567	0.000909
86	568	0.974060
87	567	0.996485
87	568	0.000031
88	566	0.999965
88	815	0.000002
89	565	0.999988
89	814	0.000002
90	564	0.999923
90	813	0.000002
91	560	0.000002
91	561	0.000948
91	562	0.001429
91	563	0.991687
91	566	0.000003
92	559	0.000005
92	560	0.001164
92	561	0.051238
92	562	0.792325
92	563	0.003004
92	565	0.000003
93	564	0.000003
94	559	0.009061
94	562	0.011494
95	559	0.007902
95	560	0.754416
95	561	0.013889
95	562	0.000004
95	563	0.000007
96	559	0.756414
96	562	0.000010
97	556	0.000017
97	557	0.998803
98	556	0.999909
98	557	0.000016
99	555	0.999963
100	554	0.999978
101	552	0.000013
101	553	0.993483
102	551	0.000034
103	551	0.999520
104	550	0.963169
104	552	0.000011
105	548	0.000005
105	550	0.036308
106	547	0.000003
106	549	0.963682
107	548	0.999806
108	546	0.000001
108	547	0.998838
109	546	0.999043
109	547	0.000001
110	545	0.999979
111	544	0.999977
112	542	0.000020
112	543	0.999663
113	541	0.000107
113	542	0.999093
114	178	0.000001
114	179	0.000004
114	182	0.000030
114	511	0.000001
114	540	0.000098
115	181	0.000025
115	510	0.000002
115	540	0.979328
116	161	0.000011
116	162	0.005177
116	537	0.000001
116	538	0.002355
116	539	0.972309
116	541	0.000031
116	542	0.000175
117	161	0.040608
117	514	0.000001
117	537	0.003965
117	538	0.833950
117	539	0.000453
117	541	0.000263
118	160	0.661192
118	181	0.000003
118	510	0.000003
118	511	0.000005
118	540	0.000159
119	158	0.000004
119	159	0.998356
119	160	0.000008
119	536	0.000001
120	158	0.999952
120	159	0.000007
121	156	0.000001
121	157	0.999027
122	156	0.999288
122	157	0.000001
123	155	0.999964
124	154	0.999511
125	153	0.999977
126	152	0.999984
127	150	0.000001
127	151	0.998870
128	150	0.999033
129	149	0.999970
130	148	0.999511
131	147	0.999977
132	146	0.999990
133	145	0.999985
134	144	0.999698
135	142	0.000009
135	143	0.999960
136	141	0.000009
136	142	0.999261
136	143	0.000005
137	141	0.756354
138	142	0.000002
160	180	0.274423
160	514	0.000001
161	178	0.000009
161	179	0.957861
161	181	0.000001
161	182	0.000006
161	513	0.000002
162	177	0.000008
162	178	0.994043
162	179	0.000583
163	176	0.000006
163	177	0.999481
163	178	0.000472
163	179	0.000003
164	175	0.000003
164	176	0.999666
164	177	0.000316
164	178	0.000002
165	175	0.999816
165	176	0.000159
165	177	0.000002
166	173	0.000004
166	174	0.999703
167	171	0.000005
167	173	0.999414
168	172	0.656424
178	538	0.000002
178	542	0.000021
179	509	0.000004
179	514	0.000041
179	537	0.000003
179	541	0.000100
180	508	0.000002
180	510	0.000938
180	511	0.004709
180	540	0.000096
181	509	0.000142
181	514	0.000102
181	515	0.000009
181	537	0.000005
181	539	0.000083
182	509	0.001397
182	514	0.004216
182	515	0.000017
182	537	0.000229
182	538	0.000072
182	541	0.000003
183	509	0.986748
183	514	0.000046
183	537	0.000064
184	508	0.998363
184	510	0.000001
184	511	0.000007
185	507	0.999961
185	510	0.000009
186	506	0.999924
186	509	0.000009
186	514	0.000005
187	504	0.000003
187	505	0.998445
187	508	0.000009
187	513	0.000005
188	503	0.000002
188	504	0.999882
188	507	0.000009
188	512	0.000005
189	503	0.989613
189	511	0.000004
190	501	0.000036
190	502	0.740922
191	502	0.170820
191	509	0.000003
192	500	0.000090
192	503	0.000034
192	508	0.000003
193	499	0.000032
193	501	0.903827
193	502	0.000025
194	500	0.999783
195	498	0.000004
195	499	0.999944
196	498	0.998464
197	497	0.999858
198	496	0.999741
199	495	0.999985
200	494	0.999957
201	493	0.999932
202	491	0.000001
202	492	0.999940
202	493	0.000024
203	491	0.999805
203	492	0.000048
204	488	0.000364
204	491	0.000072
205	487	0.000363
206	487	0.000022
206	488	0.991107
207	487	0.971029
208	487	0.001190
209	485	0.991913
210	483	0.000001
210	484	0.998179
211	483	0.999978
212	482	0.999991
213	479	0.000001
213	481	0.999975
214	478	0.000006
214	479	0.000002
214	480	0.999566
215	477	0.000008
215	479	0.997920
218	476	0.928328
220	474	0.000006
220	475	0.991153
220	477	0.000001
220	478	0.000005
221	474	0.999815
221	477	0.000004
222	473	0.999935
222	476	0.000001
223	472	0.999432
224	471	0.997579
225	469	0.000639
225	470	0.948951
226	466	0.000001
226	467	0.000019
226	468	0.000890
227	466	0.000019
227	467	0.000522
227	468	0.951221
228	467	0.989703
229	469	0.000002
230	465	0.981588
230	466	0.000952
231	464	0.999852
232	462	0.000001
232	463	0.999012
233	462	0.998626
233	463	0.000001
234	461	0.999322
235	460	0.998642
236	459	0.999851
236	460	0.000002
237	458	0.999162
238	456	0.000001
238	457	0.998121
239	456	0.999263
239	457	0.000001
240	455	0.999984
241	454	0.999970
242	453	0.999129
243	452	0.997045
243	454	0.000005
244	451	0.974474
244	453	0.000211
245	452	0.000412
246	448	0.000005
246	449	0.000045
246	450	0.997878
246	451	0.000054
247	449	0.997790
247	451	0.000046
248	448	0.979791
248	449	0.001272
248	450	0.000064
249	446	0.002001
249	448	0.003340
249	449	0.000015
250	446	0.966623
250	448	0.000003
251	444	0.000002
251	445	0.999979
252	444	0.999975
253	443	0.999510
254	442	0.999954
255	440	0.000022
255	441	0.999702
256	440	0.999600
257	438	0.998894
257	440	0.000001
258	437	0.999953
259	436	0.999980
260	435	0.999582
261	407	0.000002
261	434	0.999956
262	433	0.999095
263	403	0.000190
263	405	0.000850
263	406	0.000061
263	429	0.000152
263	430	0.000003
263	431	0.000024
263	432	0.996974
264	402	0.000375
264	404	0.005795
264	405	0.000396
264	406	0.000064
264	428	0.000194
264	431	0.990222
265	399	0.000001
265	401	0.000468
265	409	0.000006
265	410	0.000005
266	273	0.000042
266	278	0.000001
266	290	0.000005
266	399	0.000002
266	401	0.001019
266	407	0.001790
266	409	0.000014
266	410	0.000011
267	277	0.000001
267	289	0.000005
267	295	0.000012
267	376	0.000004
267	399	0.000009
267	401	0.911214
267	409	0.000021
268	274	0.000020
268	276	0.000001
268	291	0.000048
268	292	0.000002
268	293	0.000019
268	294	0.000015
268	375	0.000005
268	400	0.975019
268	402	0.000017
268	403	0.000018
268	404	0.000009
268	405	0.000006
268	406	0.000003
268	408	0.000024
268	427	0.000108
268	428	0.000008
268	429	0.000048
268	430	0.000013
269	273	0.000024
269	290	0.000058
269	374	0.000005
269	398	0.000161
269	399	0.995614
269	401	0.000003
269	407	0.000021
270	289	0.000055
270	290	0.000023
270	397	0.000155
270	398	0.998686
270	399	0.000001
271	288	0.000012
271	289	0.000018
271	290	0.000137
271	396	0.000148
271	397	0.998722
272	287	0.000005
272	288	0.000002
272	289	0.000134
272	290	0.000093
272	396	0.998724
273	394	0.000668
273	395	0.990774
274	288	0.000500
275	287	0.000548
275	393	0.982342
276	286	0.000553
276	392	0.998859
277	285	0.000553
277	391	0.998069
278	284	0.000553
278	390	0.999179
278	391	0.000002
279	389	0.999372
280	387	0.000021
280	388	0.997933
281	383	0.000003
281	384	0.000030
281	386	0.000032
281	387	0.992665
281	388	0.000131
281	389	0.000004
282	383	0.000037
282	384	0.000025
282	386	0.963103
282	387	0.000425
282	388	0.000005
283	383	0.000045
283	384	0.000535
283	386	0.000726
283	387	0.000011
284	380	0.000646
284	383	0.000305
284	384	0.937087
284	386	0.000005
285	379	0.000649
285	383	0.995185
285	384	0.000094
286	378	0.000643
286	381	0.000207
286	382	0.997104
287	377	0.000640
287	381	0.995807
288	373	0.000001
288	375	0.000004
288	377	0.000027
288	378	0.000906
288	381	0.000030
289	372	0.000001
289	375	0.000041
289	377	0.000613
289	378	0.982133
290	377	0.992786
291	376	0.956330
291	379	0.000006
292	376	0.003657
293	370	0.000042
293	374	0.554974
293	376	0.000037
293	380	0.000007
294	369	0.000043
294	374	0.042123
294	376	0.000017
294	379	0.000006
295	368	0.000042
295	371	0.923996
295	372	0.006514
295	373	0.021079
295	375	0.000013
295	378	0.000003
296	367	0.000037
296	370	0.999602
296	374	0.000003
297	367	0.000006
297	369	0.999928
297	370	0.000006
298	366	0.000011
298	368	0.999519
299	367	0.999547
300	365	0.479318
300	366	0.514315
301	364	0.963559
302	363	0.999933
302	365	0.000005
303	362	0.999986
303	363	0.000003
304	361	0.999988
304	362	0.000002
305	360	0.999956
305	361	0.000001
306	359	0.999917
307	358	0.999743
308	357	0.999939
309	356	0.999938
310	355	0.999499
311	354	0.999192
312	353	0.999964
313	352	0.999731
314	351	0.999948
315	329	0.000020
315	350	0.999712
316	328	0.000078
316	349	0.939191
316	352	0.000012
317	327	0.000106
317	343	0.026809
317	351	0.000029
318	326	0.000106
318	329	0.000047
318	342	0.026825
318	350	0.000035
319	328	0.000047
319	341	0.026720
319	349	0.000053
320	324	0.000002
320	325	0.000002
320	327	0.000046
320	337	0.000001
320	340	0.025608
320	343	0.000001
320	344	0.000292
320	345	0.835207
321	326	0.000028
321	335	0.000001
321	337	0.000136
321	340	0.000034
321	343	0.000169
321	344	0.954147
321	345	0.001984
322	330	0.000007
322	335	0.000001
322	337	0.000584
322	340	0.000005
322	342	0.000022
322	343	0.964528
322	344	0.002125
322	345	0.000001
323	329	0.000008
323	335	0.001532
323	342	0.968378
323	343	0.001805
323	350	0.000004
324	328	0.000005
324	334	0.000772
324	339	0.000006
324	341	0.942049
324	349	0.000011
325	334	0.023646
325	339	0.002514
325	341	0.000420
325	349	0.000890
326	332	0.000011
326	333	0.024751
326	334	0.000076
326	336	0.000001
326	338	0.002168
326	339	0.938833
326	341	0.000001
326	347	0.000289
326	348	0.001793
326	349	0.000004
327	331	0.000005
327	332	0.024617
327	333	0.000076
327	336	0.001646
327	338	0.970462
327	339	0.000007
327	346	0.000294
327	347	0.001788
327	348	0.000007
328	335	0.001594
328	337	0.970489
328	345	0.000273
329	333	0.000025
329	334	0.000619
329	336	0.965571
329	338	0.000003
329	346	0.001682
329	347	0.000002
329	348	0.000002
330	334	0.005337
331	335	0.006244
331	344	0.002174
331	345	0.000003
332	343	0.002254
333	342	0.002253
334	340	0.000018
335	339	0.000014
335	341	0.000001
336	342	0.000001
342	348	0.000011
343	347	0.000011
343	348	0.000003
344	349	0.000002
374	394	0.000003
376	394	0.000269
377	393	0.000552
378	392	0.000553
379	391	0.000553
380	390	0.000554
380	394	0.000002
381	389	0.000554
381	393	0.000002
382	387	0.000001
382	388	0.000541
382	392	0.000002
383	391	0.000002
384	390	0.000002
394	407	0.000002
394	409	0.000002
395	407	0.001103
396	406	0.001109
397	405	0.001110
398	404	0.001110
398	405	0.000004
399	403	0.000902
399	404	0.000008
399	405	0.000005
399	406	0.000004
399	408	0.000002
400	409	0.002719
400	410	0.000002
401	405	0.000025
401	406	0.000245
401	408	0.011036
401	428	0.000002
401	429	0.000003
401	430	0.000019
402	407	0.045685
402	409	0.000101
402	410	0.001185
402	415	0.000001
402	419	0.000016
402	422	0.000003
402	434	0.000004
403	409	0.001987
403	410	0.000745
403	415	0.000092
403	418	0.000016
403	433	0.000005
404	409	0.001311
404	410	0.000048
404	413	0.000009
404	417	0.000016
404	419	0.000023
404	433	0.000001
405	409	0.000106
405	410	0.000053
405	412	0.000009
405	413	0.000168
405	418	0.000023
405	433	0.000001
406	410	0.000015
406	412	0.000168
406	415	0.000015
406	417	0.000024
407	411	0.000166
407	414	0.000015
407	416	0.000024
407	428	0.183399
407	431	0.000226
408	415	0.000023
409	414	0.000020
409	426	0.000481
409	427	0.765402
409	428	0.000690
409	429	0.000504
409	430	0.000202
410	426	0.962647
410	427	0.000752
410	428	0.000209
410	429	0.000064
410	430	0.000008
411	425	0.999683
412	424	0.999774
413	420	0.000001
413	423	0.999739
414	419	0.000006
414	422	0.999502
414	425	0.000008
415	420	0.000569
415	421	0.990051
415	423	0.000002
415	424	0.000008
415	426	0.000021
416	422	0.000021
416	425	0.000036
417	421	0.000025
417	424	0.000035
417	430	0.000081
418	423	0.000020
418	429	0.000107
419	424	0.000001
419	428	0.000110
420	425	0.000002
422	428	0.000004
508	514	0.000012
509	513	0.000069
510	514	0.000317
510	515	0.000001
510	537	0.000102
510	538	0.000002
510	539	0.000007
510	541	0.001610
511	537	0.000272
511	538	0.000051
511	539	0.002509
511	541	0.000167
512	537	0.006218
512	538	0.122054
512	539	0.019746
512	541	0.000004
513	537	0.295031
513	538	0.037129
513	539	0.000004
514	521	0.000024
514	536	0.200755
515	520	0.000024
515	535	0.102620
515	536	0.797787
516	535	0.897270
516	536	0.000007
517	531	0.000001
517	533	0.000002
517	534	0.995193
518	530	0.000002
518	531	0.000004
518	533	0.999887
519	532	0.999435
520	529	0.000219
520	530	0.000998
520	531	0.998724
521	528	0.000294
521	529	0.001904
521	530	0.997133
521	531	0.000004
522	532	0.000002
523	528	0.014278
523	529	0.015090
523	530	0.000030
523	531	0.000003
524	528	0.010787
524	529	0.001097
524	530	0.000021
527	537	0.000025
528	536	0.000025
529	535	0.000025
570	578	0.000003
571	577	0.000003
572	576	0.000003
575	588	0.000004
576	583	0.000030
576	586	0.000009
576	587	0.000007
576	706	0.000007
577	582	0.000033
577	583	0.000003
577	585	0.000029
577	586	0.000007
577	683	0.000010
577	702	0.000002
577	705	0.000008
577	734	0.000003
578	584	0.000027
578	682	0.000010
578	701	0.000002
578	704	0.000008
578	733	0.000003
579	681	0.000009
579	685	0.000001
579	700	0.000001
579	703	0.000006
579	732	0.000003
580	589	0.000001
580	684	0.000002
580	685	0.000009
580	731	0.000002
581	588	0.000001
581	589	0.000017
581	681	0.000001
581	684	0.000011
581	685	0.000002
582	588	0.000019
582	680	0.000001
583	588	0.000004
583	679	0.000001
583	710	0.000001
584	681	0.000306
584	684	0.000008
584	709	0.000001
584	711	0.000002
585	680	0.000369
585	710	0.000004
586	679	0.000229
586	680	0.241748
586	885	0.000002
587	679	0.359581
587	680	0.007602
587	687	0.000004
587	710	0.000055
587	729	0.000001
587	785	0.000314
587	791	0.000103
587	813	0.000088
587	884	0.000005
587	885	0.000001
588	677	0.000012
588	678	0.535123
588	683	0.000251
588	686	0.000004
588	702	0.000005
588	705	0.000002
588	707	0.000003
588	712	0.000001
588	730	0.000023
588	734	0.000413
588	735	0.000001
588	736	0.001179
588	783	0.000035
588	784	0.000381
588	787	0.000096
588	789	0.000004
588	790	0.000090
588	794	0.000005
588	796	0.000004
588	797	0.000003
588	798	0.000002
588	799	0.000120
588	803	0.000009
588	808	0.000003
588	810	0.000006
588	812	0.000092
588	814	0.000008
588	815	0.000023
588	817	0.000249
588	818	0.000005
588	819	0.000004
588	820	0.000003
588	821	0.000001
588	822	0.000002
588	830	0.000003
588	833	0.000002
588	886	0.000010
589	682	0.000249
589	701	0.000004
589	704	0.000002
589	707	0.000013
589	733	0.000364
589	735	0.001097
589	786	0.000085
589	788	0.000005
589	789	0.000074
589	790	0.000004
589	795	0.000005
589	796	0.000003
589	797	0.000003
589	798	0.000110
589	800	0.000003
589	804	0.000001
589	807	0.000003
589	809	0.000006
589	810	0.000006
589	816	0.000247
589	829	0.000003
589	832	0.000002
590	676	0.000015
590	677	0.985137
590	678	0.003489
590	734	0.000479
590	736	0.000001
590	783	0.000001
590	784	0.000002
590	787	0.000002
590	794	0.000002
590	797	0.000001
590	799	0.000001
590	815	0.000191
590	828	0.000001
590	831	0.000001
591	676	0.992048
591	677	0.001772
591	678	0.000002
591	733	0.000048
591	814	0.000149
592	675	0.993713
592	732	0.000044
592	813	0.000122
593	674	0.998949
593	812	0.000017
594	673	0.999964
594	674	0.000005
595	672	0.999692
596	670	0.000001
596	671	0.999961
597	670	0.996592
597	671	0.000002
599	668	0.996004
600	667	0.999975
601	666	0.999511
602	665	0.999977
603	664	0.999991
604	663	0.999991
605	662	0.999957
606	661	0.999964
607	660	0.999991
608	659	0.999957
609	657	0.000009
609	658	0.999947
610	656	0.000017
610	657	0.999967
610	658	0.000001
611	654	0.000005
611	656	0.998680
611	657	0.000002
613	653	0.000718
614	652	0.000365
614	653	0.997961
615	652	0.999583
615	653	0.000002
616	651	0.999388
616	652	0.000001
616	655	0.000017
617	650	0.995901
617	654	0.000017
618	648	0.004943
618	653	0.000017
619	647	0.002498
619	648	0.992589
619	652	0.000014
620	647	0.997458
621	646	0.999125
622	641	0.000003
622	645	0.999121
622	651	0.000011
623	640	0.000004
623	644	0.999456
623	646	0.000003
623	650	0.000012
624	637	0.001614
624	638	0.000002
624	642	0.000009
624	643	0.056832
624	645	0.000005
624	649	0.000012
625	636	0.003527
625	638	0.000001
625	642	0.042893
625	643	0.941263
625	648	0.000012
626	635	0.003759
626	636	0.000012
626	638	0.005998
626	642	0.953216
626	643	0.000002
626	647	0.000012
627	634	0.003752
627	635	0.000011
627	637	0.005991
627	638	0.000013
627	641	0.963803
627	642	0.000002
627	645	0.000007
628	632	0.000004
628	633	0.003663
628	639	0.053724
628	640	0.934116
628	644	0.000007
628	646	0.000001
629	635	0.007484
629	636	0.006171
629	638	0.795134
629	643	0.000007
630	639	0.165200
630	640	0.000022
630	644	0.000005
631	635	0.002390
631	636	0.372428
631	638	0.167270
631	643	0.000005
632	636	0.016357
632	638	0.001808
632	642	0.000005
633	638	0.000398
634	639	0.000063
635	639	0.000003
635	640	0.000003
669	676	0.000002
670	675	0.000002
674	679	0.000001
674	691	0.000051
674	710	0.000016
675	690	0.000058
675	696	0.000002
675	698	0.000001
675	707	0.000002
675	712	0.000002
675	730	0.000005
675	783	0.000008
675	784	0.000001
675	786	0.000001
675	814	0.000019
675	886	0.000184
676	689	0.000058
676	695	0.000001
676	710	0.000020
676	729	0.000004
676	761	0.000001
676	782	0.000007
676	785	0.000001
676	813	0.000019
676	885	0.000184
677	689	0.000002
677	710	0.000085
677	760	0.000001
677	781	0.000006
677	884	0.000182
677	885	0.000002
678	687	0.011946
678	689	0.000004
678	691	0.000012
678	695	0.000174
678	710	0.000784
678	759	0.000001
678	780	0.000004
678	785	0.000252
678	791	0.000024
678	813	0.000010
678	884	0.000003
679	683	0.000041
679	686	0.014222
679	688	0.000014
679	690	0.000012
679	693	0.000001
679	694	0.000203
679	696	0.000005
679	702	0.000006
679	704	0.000003
679	705	0.000025
679	706	0.608520
679	707	0.000085
679	717	0.000002
679	734	0.000001
679	735	0.000058
679	736	0.000011
679	758	0.000001
679	784	0.000323
679	788	0.000015
679	790	0.000002
679	794	0.000002
679	795	0.000021
679	799	0.000006
679	800	0.000013
679	809	0.000001
679	812	0.000003
679	815	0.000018
679	818	0.000051
679	819	0.000004
679	820	0.000004
679	821	0.000002
679	822	0.000004
679	831	0.000002
679	834	0.000001
680	686	0.002869
680	688	0.000017
680	693	0.000248
680	694	0.000008
680	696	0.000005
680	699	0.000002
680	701	0.000004
680	702	0.005576
680	704	0.000021
680	705	0.632723
680	706	0.000137
680	707	0.000004
680	712	0.000002
680	716	0.000002
680	728	0.000019
680	730	0.000002
680	734	0.000189
680	735	0.000001
680	736	0.000050
680	757	0.000001
680	783	0.000321
680	784	0.000010
680	787	0.000050
680	789	0.000002
680	794	0.000065
680	796	0.000003
680	797	0.000002
680	798	0.000007
680	799	0.000033
680	803	0.000001
680	808	0.000004
680	814	0.000019
680	815	0.000002
680	817	0.000055
680	818	0.000004
680	819	0.000004
680	820	0.000002
680	821	0.000004
680	830	0.000002
680	833	0.000001
681	688	0.001340
681	690	0.000021
681	694	0.000023
681	699	0.000023
681	701	0.005650
681	704	0.630657
681	707	0.000014
681	715	0.000002
681	727	0.000019
681	733	0.000189
681	735	0.000043
681	756	0.000001
681	786	0.000050
681	788	0.000002
681	790	0.000002
681	795	0.000003
681	796	0.000002
681	797	0.000007
681	798	0.000031
681	807	0.000003
681	816	0.000050
681	829	0.000002
681	832	0.000001
682	687	0.001218
682	689	0.000018
682	692	0.000866
682	700	0.004983
682	703	0.567530
682	708	0.000002
682	709	0.000002
682	711	0.000399
682	714	0.000002
682	726	0.000019
682	731	0.000001
682	732	0.000166
682	785	0.000042
682	792	0.000513
682	793	0.000001
683	687	0.000016
683	689	0.000076
683	691	0.000986
683	695	0.000015
683	710	0.000475
683	713	0.000002
683	725	0.000019
683	785	0.000005
683	791	0.000579
683	805	0.000004
683	813	0.000002
684	688	0.000083
684	690	0.000862
684	694	0.000014
684	699	0.001326
684	701	0.098751
684	704	0.000023
684	707	0.000010
684	735	0.000001
684	753	0.000001
684	789	0.000001
684	790	0.000543
684	795	0.000002
684	796	0.000003
684	797	0.000003
684	798	0.000001
684	804	0.000003
684	807	0.000005
684	810	0.000001
685	690	0.000003
685	694	0.000002
685	699	0.010833
685	701	0.001532
685	704	0.000014
685	707	0.000067
685	752	0.000002
685	786	0.000111
685	788	0.000001
685	789	0.000300
685	795	0.000002
685	796	0.000003
685	797	0.000001
685	806	0.000007
685	816	0.000011
685	849	0.000002
686	691	0.000016
686	695	0.000041
686	710	0.000027
686	713	0.000004
686	724	0.000002
686	729	0.000001
686	750	0.000002
686	785	0.000131
686	791	0.000003
686	805	0.000007
686	813	0.000111
686	848	0.000002
687	693	0.000062
687	694	0.000025
687	696	0.000427
687	698	0.746398
687	699	0.000707
687	701	0.001576
687	702	0.000519
687	704	0.000170
687	705	0.000343
687	706	0.002913
687	707	0.000012
687	712	0.000008
687	720	0.000005
687	723	0.000002
687	730	0.000003
687	733	0.000002
687	734	0.000002
687	736	0.000003
687	738	0.000241
687	749	0.000002
687	751	0.000106
687	783	0.000002
687	784	0.000087
687	787	0.000007
687	790	0.000001
687	794	0.000013
687	803	0.000018
687	804	0.000001
687	812	0.000114
687	814	0.000787
687	815	0.000004
687	847	0.000002
687	851	0.000002
688	692	0.000051
688	695	0.000412
688	697	0.750344
688	700	0.001769
688	703	0.000200
688	708	0.000016
688	709	0.000003
688	711	0.000008
688	729	0.000001
688	731	0.000027
688	732	0.000001
688	737	0.000363
688	748	0.000002
688	750	0.000106
688	785	0.000001
688	793	0.000013
688	802	0.000018
688	811	0.000108
688	813	0.000792
688	850	0.000002
689	693	0.000009
689	694	0.000128
689	696	0.750589
689	698	0.023623
689	699	0.000094
689	701	0.000014
689	702	0.000191
689	704	0.005408
689	705	0.000137
689	706	0.000033
689	707	0.000014
689	717	0.000006
689	718	0.000002
689	720	0.000001
689	730	0.000033
689	736	0.000402
689	738	0.000010
689	747	0.000002
689	749	0.000106
689	751	0.000006
689	783	0.000003
689	784	0.000001
689	788	0.000001
689	803	0.000002
689	810	0.000055
689	812	0.000797
689	814	0.000002
689	845	0.000002
689	849	0.000002
690	695	0.690087
690	697	0.023777
690	700	0.000036
690	703	0.006125
690	709	0.000004
690	729	0.000033
690	737	0.000017
690	748	0.000106
690	750	0.000006
690	802	0.000002
690	811	0.000792
690	813	0.000002
690	844	0.000002
690	848	0.000002
691	696	0.023608
691	698	0.000037
691	699	0.000033
691	702	0.006301
691	705	0.000081
691	706	0.000011
691	716	0.000021
691	728	0.000033
691	734	0.000429
691	736	0.000021
691	747	0.000105
691	749	0.000006
691	787	0.000060
691	799	0.000008
691	807	0.000025
691	808	0.000024
691	810	0.000763
691	812	0.000002
691	843	0.000002
691	847	0.000002
692	699	0.000059
692	701	0.006071
692	704	0.000079
692	715	0.000021
692	727	0.000029
692	733	0.000420
692	735	0.000020
692	786	0.000060
692	798	0.000008
692	806	0.000036
692	807	0.000017
692	809	0.000664
693	710	0.000032
693	714	0.000021
693	725	0.000014
693	748	0.000006
693	785	0.000060
693	805	0.000043
694	700	0.000246
694	703	0.000184
694	708	0.000002
694	709	0.000033
694	713	0.000021
694	724	0.000014
694	731	0.000451
694	737	0.000001
694	844	0.000003
694	887	0.000002
695	699	0.000178
695	701	0.000002
695	702	0.000208
695	705	0.000002
695	706	0.000004
695	707	0.000002
695	712	0.000021
695	723	0.000014
695	730	0.000464
695	736	0.000001
695	746	0.000115
695	783	0.000032
695	784	0.000001
695	803	0.000011
695	806	0.000345
695	808	0.000002
695	814	0.000004
695	843	0.000004
695	886	0.000003
696	710	0.000014
696	729	0.000438
696	745	0.000115
696	782	0.000025
696	785	0.000001
696	791	0.000003
696	805	0.000350
696	813	0.000004
696	842	0.000004
696	885	0.000003
697	701	0.000006
697	704	0.000006
697	707	0.000001
697	715	0.000002
697	722	0.000001
697	727	0.000003
697	744	0.000115
697	786	0.000002
697	790	0.000003
697	800	0.000002
697	804	0.000305
697	806	0.000003
697	841	0.000003
698	710	0.000105
698	714	0.000002
698	743	0.000115
698	785	0.000002
698	805	0.000003
699	703	0.000061
699	708	0.001986
699	709	0.000139
699	710	0.000019
699	711	0.000011
699	713	0.000003
699	729	0.000001
699	731	0.000007
699	732	0.000003
699	742	0.000113
699	791	0.000004
699	792	0.000002
699	793	0.000033
699	801	0.000046
699	802	0.000022
700	704	0.000035
700	707	0.001997
700	715	0.000002
700	727	0.000010
700	733	0.000004
700	741	0.000097
700	790	0.000006
700	795	0.000015
700	796	0.000061
700	797	0.000053
700	798	0.000021
700	800	0.000047
700	810	0.000001
701	708	0.000135
701	709	0.000050
701	710	0.000023
701	711	0.006785
701	714	0.000003
701	726	0.000007
701	729	0.000033
701	731	0.000009
701	732	0.000004
701	737	0.000003
701	792	0.004416
701	793	0.000020
701	802	0.000001
702	710	0.009632
702	713	0.000013
702	725	0.000006
702	729	0.000176
702	785	0.000003
702	791	0.005408
702	805	0.000001
702	813	0.000002
702	884	0.000001
703	707	0.000140
703	715	0.000001
703	727	0.001797
703	733	0.000020
703	735	0.000011
703	786	0.000001
703	789	0.000003
703	790	0.005324
703	795	0.000045
703	796	0.000031
703	797	0.000018
703	798	0.000009
703	800	0.000002
703	804	0.000001
704	708	0.000263
704	709	0.000336
704	710	0.000035
704	711	0.012283
704	714	0.000001
704	726	0.002079
704	731	0.000009
704	732	0.000021
704	737	0.000078
704	785	0.000001
704	791	0.000009
704	792	0.011685
704	793	0.000268
704	887	0.000001
705	710	0.014638
705	713	0.000002
705	714	0.000033
705	725	0.002131
705	785	0.000002
705	791	0.013184
705	813	0.000008
705	885	0.000027
706	710	0.000732
706	713	0.000037
706	724	0.002127
706	785	0.000006
706	791	0.015152
706	813	0.000008
706	884	0.000027
706	885	0.000001
707	711	0.000109
707	731	0.000288
707	732	0.000383
707	737	0.009777
707	785	0.000001
707	791	0.002130
707	792	0.000179
707	793	0.000047
707	801	0.000051
707	802	0.000021
707	811	0.000257
707	884	0.000001
708	719	0.000008
708	722	0.001893
708	733	0.000679
708	735	0.000410
708	786	0.000001
708	788	0.000094
708	789	0.141019
708	790	0.002187
708	795	0.000002
708	796	0.000089
708	797	0.000007
708	798	0.000022
708	800	0.000038
708	810	0.000316
708	816	0.000001
708	838	0.000001
709	718	0.000010
709	721	0.002120
709	733	0.001761
709	735	0.218093
709	786	0.000001
709	788	0.186696
709	789	0.001183
709	790	0.000024
709	795	0.000116
709	796	0.000007
709	797	0.000028
709	798	0.000008
709	800	0.000674
709	804	0.000015
709	809	0.000319
709	810	0.000002
709	816	0.000064
709	837	0.000002
709	862	0.000001
710	717	0.000010
710	720	0.002126
710	723	0.000012
710	728	0.000007
710	730	0.244659
710	733	0.000452
710	734	0.244136
710	735	0.000017
710	736	0.015302
710	783	0.000055
710	784	0.000130
710	787	0.193812
710	788	0.000034
710	789	0.000015
710	790	0.000002
710	794	0.000117
710	795	0.000005
710	796	0.000027
710	797	0.000009
710	798	0.000004
710	799	0.000734
710	803	0.000019
710	807	0.000001
710	808	0.000303
710	809	0.000002
710	810	0.000003
710	812	0.000005
710	814	0.000007
710	815	0.000078
710	817	0.000046
710	818	0.000005
710	819	0.000004
710	820	0.000004
710	821	0.000001
710	822	0.000003
710	828	0.000001
710	836	0.000002
710	861	0.000001
710	886	0.000017
711	718	0.000009
711	719	0.001971
711	722	0.000012
711	727	0.000005
711	733	0.240092
711	735	0.015218
711	786	0.193497
711	788	0.000012
711	789	0.000002
711	795	0.000023
711	796	0.000008
711	797	0.000005
711	798	0.000627
711	806	0.000010
711	807	0.000240
711	809	0.000003
711	816	0.000040
712	724	0.000005
712	729	0.791991
712	785	0.191903
712	805	0.000018
713	717	0.000427
713	718	0.000027
713	720	0.000013
713	721	0.000003
713	723	0.000006
713	728	0.825913
713	730	0.000037
713	734	0.000004
713	783	0.000023
713	784	0.171001
713	804	0.000008
714	718	0.000003
714	719	0.000011
714	720	0.000008
714	722	0.000006
714	723	0.000016
714	727	0.836208
714	728	0.000881
714	730	0.000107
714	733	0.000003
714	734	0.000001
714	736	0.000002
714	783	0.158049
714	784	0.000001
714	803	0.000007
715	724	0.000004
715	725	0.000038
715	726	0.943168
715	729	0.000074
715	731	0.000030
715	732	0.000004
715	782	0.013961
715	802	0.000005
716	724	0.000108
716	725	0.966985
716	729	0.000317
716	781	0.009077
716	782	0.000167
717	724	0.965249
717	725	0.000306
717	729	0.000079
717	780	0.008605
717	781	0.000094
717	782	0.000002
718	724	0.000307
718	725	0.000008
718	726	0.000195
718	729	0.000003
718	731	0.000004
718	732	0.000012
718	737	0.000002
718	763	0.000002
718	776	0.000002
718	779	0.007198
718	780	0.000016
719	724	0.000013
719	725	0.000223
719	726	0.001817
719	731	0.000015
719	732	0.000001
719	737	0.000004
719	762	0.000006
719	775	0.000005
719	776	0.004291
719	779	0.000015
720	724	0.000245
720	725	0.002022
720	729	0.000031
720	761	0.000007
720	774	0.000006
720	775	0.004583
721	725	0.000001
721	726	0.000002
721	731	0.000021
721	732	0.000063
721	737	0.000044
721	760	0.000007
721	774	0.004403
721	776	0.000781
721	779	0.000001
722	729	0.000002
722	731	0.000082
722	732	0.000007
722	737	0.000782
722	759	0.000006
722	774	0.000003
722	775	0.000799
722	776	0.000019
722	779	0.000005
723	729	0.000220
723	742	0.000001
723	748	0.000004
723	772	0.004552
723	774	0.000797
723	775	0.000020
723	785	0.000002
724	728	0.000205
724	730	0.000289
724	733	0.000006
724	734	0.000070
724	735	0.014606
724	736	0.002092
724	738	0.000050
724	739	0.000109
724	740	0.000194
724	741	0.000004
724	747	0.000006
724	754	0.000003
724	755	0.000070
724	770	0.000009
724	771	0.004544
724	773	0.000697
724	777	0.000002
724	778	0.001133
724	784	0.000002
724	818	0.000007
725	730	0.000079
725	733	0.000038
725	734	0.019070
725	735	0.000083
725	736	0.000955
725	738	0.000110
725	739	0.000194
725	740	0.000005
725	746	0.000006
725	753	0.000004
725	754	0.000074
725	769	0.000015
725	770	0.004392
725	771	0.000076
725	773	0.000005
725	777	0.001132
725	783	0.000002
725	817	0.000007
726	733	0.018748
726	735	0.000964
726	744	0.000016
726	752	0.000005
726	753	0.000072
726	816	0.000006
727	731	0.000081
727	732	0.015760
727	737	0.000057
727	743	0.000017
727	768	0.000313
727	775	0.000861
727	776	0.000031
727	792	0.000003
728	742	0.000019
728	743	0.000003
728	745	0.000025
728	748	0.000008
728	750	0.000089
728	772	0.000047
728	774	0.001113
728	775	0.000018
728	785	0.000001
728	791	0.000004
729	733	0.000062
729	734	0.001857
729	735	0.000124
729	736	0.003077
729	738	0.000108
729	739	0.000002
729	740	0.000002
729	741	0.000012
729	744	0.000027
729	746	0.003439
729	747	0.000039
729	749	0.000102
729	751	0.000004
729	767	0.000706
729	771	0.000047
729	773	0.001128
729	783	0.000048
729	784	0.000011
729	786	0.000002
729	787	0.000001
729	790	0.000004
729	794	0.000007
729	799	0.000001
729	814	0.000036
729	825	0.000002
729	843	0.000002
729	886	0.000006
730	742	0.000012
730	743	0.000026
730	745	0.003464
730	748	0.000101
730	750	0.000004
730	766	0.000708
730	772	0.001117
730	782	0.000027
730	785	0.000008
730	791	0.013248
730	805	0.000001
730	813	0.000039
730	824	0.000002
730	842	0.000002
730	885	0.000006
731	735	0.000303
731	741	0.000013
731	744	0.001924
731	765	0.000659
731	786	0.000018
731	788	0.000051
731	789	0.000327
731	790	0.013700
731	795	0.000002
731	796	0.000084
731	797	0.000014
731	798	0.000008
731	804	0.000001
731	810	0.000002
731	841	0.000002
732	741	0.000013
732	744	0.001605
732	765	0.000003
732	786	0.000276
732	788	0.000375
732	789	0.013026
732	790	0.000065
732	795	0.000102
732	796	0.000016
732	797	0.000009
732	809	0.000002
733	737	0.000241
733	742	0.000022
733	743	0.003090
733	745	0.000001
733	761	0.000004
733	762	0.000385
733	763	0.000046
733	776	0.000002
733	785	0.000267
733	792	0.000083
733	793	0.000010
733	885	0.000001
734	742	0.003147
734	743	0.000147
734	745	0.000004
734	760	0.000004
734	761	0.000413
734	775	0.000002
734	782	0.000004
734	785	0.000711
734	791	0.000095
734	813	0.000002
734	884	0.000002
735	742	0.000104
735	743	0.000163
735	759	0.000004
735	760	0.000407
735	761	0.000003
735	762	0.000089
735	763	0.000014
735	776	0.000006
735	782	0.000002
735	785	0.001011
735	792	0.001984
735	793	0.000004
735	885	0.000002
736	742	0.000226
736	743	0.000010
736	745	0.000189
736	759	0.000399
736	760	0.000007
736	761	0.000089
736	774	0.000003
736	775	0.000008
736	782	0.000021
736	785	0.010340
736	791	0.002257
736	813	0.000004
736	884	0.000004
737	741	0.000152
737	744	0.000194
737	757	0.000022
737	786	0.000070
737	788	0.000029
737	789	0.000013
737	790	0.002208
738	742	0.000002
738	743	0.000194
738	759	0.000005
738	760	0.000096
738	761	0.000149
738	772	0.000016
738	774	0.000012
738	775	0.000270
738	781	0.000080
738	782	0.973305
738	785	0.000022
738	885	0.000001
739	759	0.000096
739	760	0.000151
739	761	0.000007
739	772	0.000012
739	774	0.000276
739	775	0.000069
739	780	0.000044
739	781	0.989014
739	782	0.000013
739	884	0.000001
740	745	0.000001
740	759	0.000151
740	760	0.000008
740	772	0.000406
740	774	0.000070
740	775	0.000001
740	780	0.990801
740	781	0.000008
741	759	0.000008
741	772	0.000046
741	774	0.000001
741	779	0.991167
741	780	0.000002
742	747	0.000002
742	749	0.000001
742	752	0.000267
742	753	0.000001
742	754	0.000019
742	755	0.000359
742	756	0.000013
742	758	0.000008
742	770	0.002225
742	771	0.000070
742	778	0.992595
743	749	0.000001
743	751	0.000279
743	753	0.000014
743	754	0.000359
743	755	0.000013
743	757	0.000006
743	769	0.002321
743	770	0.000052
743	773	0.000002
743	777	0.992575
743	778	0.000003
744	748	0.000001
744	750	0.000278
744	768	0.002339
744	772	0.000002
744	774	0.000047
744	775	0.000005
744	776	0.986061
745	749	0.000253
745	751	0.000408
745	752	0.000007
745	754	0.000002
745	755	0.000001
745	767	0.002320
745	769	0.000030
745	770	0.000004
745	771	0.000003
745	773	0.000243
745	777	0.000009
745	783	0.000002
745	860	0.000010
745	886	0.000006
746	750	0.000403
746	760	0.000003
746	761	0.000002
746	766	0.002223
746	772	0.000240
746	774	0.005000
746	775	0.985320
746	782	0.000002
746	785	0.000001
746	859	0.000013
746	885	0.000007
747	759	0.000003
747	760	0.000002
747	761	0.000004
747	766	0.000089
747	772	0.003939
747	774	0.987351
747	775	0.000004
747	781	0.000002
747	785	0.000001
747	858	0.000013
747	884	0.000007
748	758	0.000003
748	764	0.000697
748	765	0.000166
748	767	0.005442
748	769	0.000251
748	770	0.000025
748	771	0.003289
748	773	0.987359
748	783	0.000029
748	784	0.000001
748	857	0.000013
748	883	0.000004
748	886	0.000001
749	759	0.000006
749	761	0.000003
749	766	0.005735
749	772	0.985493
749	774	0.000007
749	780	0.000002
749	782	0.000030
749	856	0.000013
749	882	0.000003
749	885	0.000001
750	754	0.000043
750	755	0.000156
750	756	0.000008
750	757	0.000012
750	758	0.000073
750	764	0.005891
750	765	0.007031
750	767	0.482202
750	769	0.000410
750	770	0.001494
750	771	0.486668
750	773	0.000016
750	783	0.000001
750	855	0.000012
750	886	0.000002
751	759	0.000025
751	760	0.000103
751	761	0.000249
751	766	0.574751
751	772	0.000017
751	780	0.000030
751	782	0.000001
751	885	0.000002
752	759	0.000093
752	760	0.000227
752	761	0.000056
752	762	0.013799
752	763	0.715030
752	766	0.000902
752	768	0.002805
752	779	0.000027
752	884	0.000002
753	759	0.000165
753	760	0.000078
753	761	0.014453
753	762	0.921545
753	763	0.001334
753	766	0.000063
753	768	0.001148
753	776	0.000074
754	759	0.000111
754	760	0.014905
754	761	0.932295
754	766	0.000119
754	775	0.000088
755	759	0.014820
755	760	0.930798
755	761	0.000103
755	766	0.001425
755	774	0.000088
755	775	0.000014
756	760	0.000092
756	761	0.000003
756	762	0.000020
756	763	0.000042
756	766	0.000039
756	768	0.000183
756	774	0.000014
756	776	0.000002
757	761	0.000017
757	762	0.000037
757	763	0.000019
757	766	0.000046
757	768	0.000038
757	775	0.000002
758	766	0.002050
758	772	0.001319
758	774	0.000002
758	848	0.000014
759	764	0.000730
759	765	0.002061
759	767	0.000021
759	769	0.000032
759	770	0.036490
759	771	0.007444
759	773	0.000002
759	778	0.000008
759	847	0.000015
760	764	0.001978
760	765	0.000005
760	767	0.000115
760	769	0.036528
760	770	0.008827
760	771	0.000125
760	777	0.000008
760	778	0.000007
760	846	0.000015
761	765	0.000007
761	767	0.001631
761	769	0.008793
761	770	0.000162
761	777	0.000007
761	845	0.000014
764	775	0.000180
765	774	0.000182
765	844	0.000014
766	770	0.000437
766	771	0.000294
766	773	0.000213
766	843	0.000015
767	772	0.000215
767	842	0.000015
768	841	0.000014
769	775	0.000010
769	782	0.000034
770	774	0.000010
770	775	0.000002
770	781	0.000035
771	780	0.000035
772	786	0.000002
772	822	0.000001
772	825	0.000004
772	833	0.000002
772	835	0.000003
772	836	0.000007
773	785	0.000003
773	824	0.000004
774	784	0.000003
774	818	0.000004
774	820	0.000001
774	821	0.000002
774	822	0.000006
774	831	0.000007
774	834	0.000019
775	783	0.000003
775	817	0.000004
775	819	0.000001
775	820	0.000002
775	821	0.000006
775	830	0.000007
775	833	0.000019
776	816	0.000002
776	829	0.000007
776	832	0.000018
778	791	0.000002
779	790	0.000002
779	816	0.000002
779	829	0.000010
780	789	0.000002
780	815	0.000002
780	816	0.000127
780	817	0.000013
780	818	0.000003
780	819	0.000068
780	820	0.000009
780	821	0.000001
780	827	0.000022
780	828	0.000009
781	788	0.000002
781	814	0.000002
781	815	0.001169
781	816	0.000015
781	817	0.000003
781	818	0.000081
781	819	0.000010
781	820	0.000001
781	826	0.000025
781	827	0.000007
782	787	0.000006
782	794	0.000001
782	806	0.000003
782	814	0.002172
782	815	0.000417
782	816	0.000002
782	817	0.000099
782	818	0.000011
782	819	0.000002
782	825	0.000028
782	826	0.000004
782	886	0.000101
783	791	0.000156
783	805	0.000024
783	813	0.001509
783	824	0.000030
783	885	0.000132
784	791	0.006674
784	805	0.000025
784	813	0.078616
784	824	0.000001
784	884	0.000132
785	789	0.000032
785	790	0.005316
785	794	0.007306
785	795	0.000007
785	796	0.000013
785	797	0.000011
785	798	0.000009
785	799	0.000161
785	800	0.000005
785	803	0.004374
785	804	0.000024
785	808	0.000004
785	809	0.000004
785	810	0.000002
785	812	0.087885
785	814	0.039134
785	815	0.001243
785	816	0.000003
785	817	0.000033
785	818	0.000003
785	883	0.000012
785	886	0.000124
786	791	0.000016
786	792	0.001503
786	793	0.006284
786	801	0.000007
786	802	0.004049
786	811	0.082040
786	813	0.037769
786	882	0.000008
786	885	0.000123
787	791	0.002067
787	805	0.000011
787	813	0.001795
787	881	0.000007
787	884	0.000121
788	792	0.000032
788	793	0.000021
788	801	0.000386
788	802	0.003012
788	811	0.030968
788	813	0.000029
788	880	0.000006
789	793	0.000015
789	801	0.003469
789	802	0.002965
789	811	0.001364
789	813	0.000010
789	887	0.000003
790	801	0.004854
790	802	0.000142
790	805	0.000001
790	811	0.000461
790	813	0.000042
790	823	0.000002
790	887	0.000010
791	795	0.000021
791	796	0.000085
791	797	0.000352
791	798	0.000823
791	799	0.060079
791	800	0.002498
791	803	0.000257
791	804	0.000005
791	806	0.000002
791	807	0.000019
791	808	0.544817
791	809	0.000026
791	810	0.000101
791	812	0.000040
791	814	0.000002
791	815	0.000002
791	817	0.000007
791	822	0.000002
791	886	0.000005
792	796	0.000312
792	797	0.000965
792	798	0.058900
792	800	0.000195
792	804	0.000022
792	806	0.000015
792	807	0.546903
792	809	0.000072
792	810	0.000010
792	816	0.000007
793	797	0.034354
793	798	0.000419
793	800	0.000715
793	804	0.000124
793	806	0.547836
793	807	0.000005
793	809	0.000008
793	810	0.000003
793	873	0.000001
793	879	0.000002
794	805	0.547868
794	813	0.000009
794	872	0.000001
794	878	0.000002
795	801	0.002067
795	802	0.011964
795	805	0.000059
795	811	0.000003
795	871	0.000001
795	877	0.000002
796	801	0.014916
796	802	0.008730
796	805	0.000053
796	811	0.000003
796	870	0.000001
796	876	0.000002
797	801	0.006630
797	802	0.020184
797	805	0.000016
797	811	0.000003
798	802	0.000489
798	805	0.000008
798	813	0.000008
799	805	0.000314
799	813	0.000021
800	805	0.000011
800	811	0.000384
800	813	0.000001
801	806	0.000007
801	807	0.000015
801	809	0.000004
801	810	0.000437
801	816	0.000011
802	806	0.000012
802	807	0.000007
802	809	0.000340
802	810	0.000005
802	816	0.000005
803	813	0.000191
803	824	0.000027
804	811	0.000136
804	813	0.003323
804	823	0.000030
804	869	0.000003
804	887	0.000006
805	809	0.000002
805	810	0.000153
805	812	0.009157
805	814	0.000463
805	815	0.000017
805	817	0.000006
805	818	0.000002
805	819	0.000001
805	822	0.000031
805	825	0.000001
805	868	0.000004
805	886	0.000011
806	811	0.008704
806	813	0.000435
806	824	0.000001
806	867	0.000004
806	885	0.000007
807	811	0.000007
807	813	0.000005
807	866	0.000004
807	884	0.000006
808	813	0.000078
808	865	0.000004
809	813	0.000039
809	823	0.000002
809	887	0.000043
810	823	0.000005
810	850	0.000044
810	887	0.000155
811	816	0.000037
811	849	0.000051
811	862	0.000002
812	824	0.000015
812	848	0.000052
812	884	0.000315
812	885	0.000003
813	817	0.000208
813	818	0.000405
813	819	0.000291
813	820	0.000426
813	821	0.000053
813	822	0.000210
813	825	0.000724
813	826	0.000047
813	827	0.000003
813	828	0.000006
813	843	0.000022
813	847	0.000050
813	860	0.000003
813	883	0.000316
813	886	0.613790
814	824	0.000677
814	842	0.000021
814	859	0.000003
814	882	0.000312
814	884	0.000009
814	885	0.614746
815	824	0.000240
815	842	0.000001
815	858	0.000003
815	881	0.000303
815	884	0.613679
815	885	0.000105
816	823	0.000906
816	824	0.000001
816	844	0.000003
816	880	0.000260
816	882	0.000582
816	884	0.000160
816	885	0.000021
816	887	0.000134
817	824	0.000023
817	842	0.000001
817	878	0.000003
817	880	0.000022
817	881	0.000602
817	882	0.261005
817	884	0.000076
817	885	0.001664
818	824	0.000019
818	842	0.000002
818	878	0.000092
818	880	0.000602
818	881	0.260906
818	882	0.006018
818	884	0.001729
818	885	0.003962
819	824	0.000023
819	876	0.000002
819	878	0.000034
819	880	0.260285
819	881	0.006299
819	882	0.000417
819	884	0.004085
819	885	0.010685
820	824	0.000010
820	876	0.000006
820	878	0.154339
820	880	0.006566
820	881	0.000389
820	882	0.002009
820	884	0.010851
820	885	0.022274
821	842	0.000002
821	859	0.000005
821	876	0.000433
821	878	0.100034
821	880	0.000359
821	881	0.002062
821	882	0.000004
821	884	0.022077
821	885	0.220588
822	842	0.000517
822	858	0.000005
822	865	0.000001
822	876	0.262086
822	878	0.000095
822	880	0.002108
822	881	0.000003
822	884	0.223551
822	885	0.004713
823	829	0.000092
823	832	0.000250
823	837	0.000036
823	838	0.000001
823	841	0.000530
823	857	0.000004
823	862	0.000001
823	864	0.000001
823	873	0.000002
823	875	0.262265
823	879	0.002066
824	828	0.000113
824	829	0.000006
824	830	0.000032
824	831	0.000311
824	832	0.000003
824	833	0.000040
824	834	0.000013
824	835	0.000011
824	836	0.000045
824	837	0.000002
824	839	0.000003
824	840	0.000523
824	843	0.001159
824	849	0.000006
824	860	0.000014
824	861	0.000002
824	873	0.000894
824	874	0.258908
824	875	0.000036
824	879	0.001652
824	883	0.653225
824	886	0.071222
825	842	0.001182
825	848	0.000008
825	859	0.000034
825	865	0.000022
825	872	0.037260
825	876	0.000060
825	878	0.001790
825	881	0.000082
825	882	0.654098
825	884	0.000009
825	885	0.071349
826	842	0.000032
826	848	0.000001
826	858	0.000034
826	859	0.000020
826	865	0.000033
826	872	0.043853
826	876	0.000717
826	878	0.000044
826	880	0.000097
826	881	0.654015
826	882	0.000169
826	884	0.071261
826	885	0.000033
827	842	0.000036
827	848	0.000002
827	856	0.000008
827	858	0.000020
827	859	0.000079
827	865	0.000068
827	872	0.002748
827	876	0.000823
827	878	0.000019
827	880	0.653756
827	881	0.000290
827	882	0.061561
827	884	0.000054
827	885	0.000001
828	842	0.000356
828	848	0.000003
828	856	0.000020
828	858	0.000079
828	859	0.000002
828	865	0.000096
828	872	0.073974
828	876	0.000227
828	878	0.644288
828	880	0.000383
828	881	0.061548
828	882	0.009540
828	884	0.000001
829	842	0.000006
829	844	0.000009
829	858	0.000001
829	865	0.000006
829	866	0.002190
829	867	0.000254
829	869	0.004532
829	870	0.000903
829	871	0.068837
829	872	0.000145
829	876	0.000035
829	877	0.644281
829	878	0.000050
829	880	0.056383
829	881	0.009543
829	882	0.000007
829	887	0.000002
830	842	0.000048
830	848	0.000003
830	856	0.000022
830	858	0.000002
830	859	0.000479
830	865	0.002296
830	872	0.001827
830	876	0.639539
830	878	0.000244
830	880	0.012126
830	881	0.000022
830	882	0.000012
830	885	0.000121
831	842	0.000870
831	848	0.000008
831	856	0.000007
831	858	0.000485
831	859	0.000024
831	865	0.000593
831	872	0.185393
831	876	0.001916
831	878	0.082144
831	880	0.000022
831	881	0.000012
831	884	0.000125
831	885	0.000002
832	842	0.000015
832	844	0.000012
832	856	0.000001
832	858	0.000021
832	859	0.000018
832	865	0.000066
832	866	0.027858
832	867	0.000830
832	869	0.001289
832	870	0.002673
832	871	0.175900
832	872	0.012419
832	876	0.000015
832	877	0.082460
832	878	0.000001
832	880	0.000010
832	882	0.000001
832	884	0.000002
833	842	0.000393
833	848	0.000004
833	856	0.000164
833	858	0.000036
833	859	0.001474
833	865	0.028807
833	872	0.062608
833	876	0.081794
833	878	0.000017
833	881	0.000002
833	882	0.000152
833	884	0.000001
833	885	0.000001
834	842	0.000283
834	848	0.000008
834	856	0.000062
834	858	0.001488
834	859	0.000932
834	865	0.000989
834	872	0.048150
834	876	0.000249
834	878	0.000006
834	880	0.000002
834	881	0.000153
834	882	0.000010
834	884	0.000001
834	885	0.000001
835	842	0.000746
835	848	0.000009
835	856	0.000849
835	858	0.000937
835	859	0.000722
835	865	0.001634
835	872	0.012670
835	876	0.000014
835	880	0.000153
835	881	0.000010
835	884	0.000001
835	885	0.000002
836	842	0.003794
836	848	0.000018
836	856	0.000899
836	858	0.000727
836	859	0.000062
836	865	0.004564
836	872	0.081852
836	876	0.000012
836	878	0.000095
836	880	0.000010
836	884	0.000002
837	842	0.000283
837	844	0.000021
837	850	0.000004
837	856	0.000042
837	858	0.000058
837	859	0.000002
837	865	0.000663
837	866	0.008144
837	867	0.552388
837	869	0.003026
837	870	0.003275
837	871	0.075470
837	872	0.000464
837	877	0.000088
837	878	0.000068
838	842	0.000041
838	844	0.000013
838	848	0.000001
838	850	0.000004
838	856	0.000024
838	858	0.000002
838	859	0.000129
838	865	0.008040
838	866	0.668135
838	867	0.004367
838	869	0.002541
838	870	0.048263
838	871	0.000279
838	872	0.000050
838	876	0.000071
838	877	0.000086
839	848	0.000055
839	856	0.000053
839	858	0.000132
839	859	0.021307
839	865	0.673470
839	872	0.000124
839	876	0.000092
839	882	0.000003
839	885	0.000001
840	848	0.000057
840	856	0.000090
840	858	0.021071
840	859	0.005135
840	865	0.017458
840	872	0.000566
840	876	0.000002
840	878	0.000001
840	881	0.000003
840	884	0.000001
840	885	0.000004
841	848	0.000125
841	850	0.009338
841	856	0.001132
841	858	0.005145
841	859	0.000024
841	865	0.001403
841	866	0.001365
841	867	0.007734
841	869	0.000376
841	870	0.000047
841	871	0.000571
841	872	0.000002
841	877	0.000001
841	880	0.000003
841	884	0.000004
841	887	0.000079
842	846	0.000023
842	847	0.000206
842	849	0.011589
842	851	0.000065
842	852	0.000013
842	853	0.000013
842	854	0.000060
842	855	0.001219
842	857	0.012546
842	860	0.000993
842	861	0.222019
842	862	0.098018
842	863	0.005898
842	864	0.002882
842	868	0.000346
842	873	0.000419
842	874	0.000009
842	875	0.000002
842	879	0.000005
842	883	0.000005
842	886	0.000188
843	848	0.011742
843	856	0.013044
843	858	0.006098
843	859	0.001034
843	865	0.035872
843	872	0.000431
843	876	0.000001
843	878	0.000005
843	882	0.000004
843	884	0.000001
843	885	0.000131
844	849	0.000010
844	857	0.006736
844	860	0.878729
844	862	0.000110
844	863	0.000168
844	864	0.020849
844	868	0.000025
844	873	0.000005
845	856	0.006535
845	858	0.001476
845	859	0.932756
845	865	0.000157
845	872	0.000005
845	881	0.000002
845	882	0.000031
845	884	0.000008
845	885	0.000023
846	856	0.000096
846	858	0.932467
846	859	0.003930
846	865	0.000056
846	880	0.000002
846	881	0.000031
846	882	0.000012
846	884	0.000017
846	885	0.001690
847	856	0.926537
847	858	0.004200
847	859	0.000090
847	865	0.000204
847	880	0.000031
847	881	0.000011
847	884	0.001797
848	852	0.000244
848	853	0.001566
848	854	0.002258
848	855	0.891992
848	857	0.003539
848	860	0.000011
848	861	0.005265
848	862	0.000897
848	863	0.000090
848	864	0.000192
848	868	0.000002
848	879	0.000025
848	883	0.001761
848	886	0.000160
849	856	0.000741
849	858	0.002091
849	859	0.000005
849	865	0.000002
849	867	0.000002
849	880	0.000010
849	882	0.000257
849	884	0.000003
849	885	0.000150
849	887	0.000003
850	857	0.005851
850	860	0.011071
850	862	0.000010
850	863	0.000002
850	873	0.000002
850	879	0.000014
851	856	0.006051
851	858	0.000181
851	859	0.012210
851	865	0.000001
851	872	0.000002
851	878	0.000014
851	880	0.000002
851	881	0.000082
851	882	0.001274
851	884	0.000068
851	885	0.000312
852	856	0.000055
852	858	0.012145
852	859	0.001014
852	865	0.000002
852	876	0.000003
852	880	0.000081
852	881	0.001398
852	882	0.000734
852	884	0.000315
853	858	0.001049
853	859	0.000354
853	865	0.000001
853	876	0.000007
853	878	0.000017
853	880	0.001394
853	881	0.000807
853	882	0.000366
854	858	0.000355
854	859	0.000006
854	865	0.000002
854	876	0.000004
854	878	0.000043
854	880	0.000811
854	881	0.000370
854	885	0.000006
855	859	0.000001
855	865	0.000028
855	872	0.000002
855	876	0.000044
855	878	0.002161
855	880	0.000370
855	884	0.000006
856	861	0.000018
856	863	0.000002
856	864	0.000025
856	868	0.000005
856	875	0.000033
856	879	0.000314
856	883	0.000006
857	866	0.000007
857	867	0.000005
857	869	0.000006
857	876	0.002040
857	877	0.000042
857	878	0.000025
857	882	0.000006
858	864	0.000001
858	868	0.000006
858	874	0.000329
858	875	0.006604
858	879	0.000001
859	863	0.000001
859	864	0.000009
859	868	0.000032
859	873	0.000348
859	874	0.008095
859	875	0.000009
859	879	0.000001
860	865	0.000008
860	866	0.000548
860	867	0.000040
860	869	0.000010
860	870	0.000004
860	871	0.000005
860	872	0.000004
860	877	0.000014
861	865	0.000944
861	872	0.043211
861	876	0.000026
861	878	0.001056
862	866	0.000052
862	867	0.000084
862	869	0.000496
862	870	0.001331
862	871	0.045785
862	872	0.002478
862	876	0.000002
862	877	0.001123
862	878	0.000010
863	867	0.000040
863	869	0.001619
863	870	0.044469
863	871	0.005550
863	872	0.000699
863	876	0.000926
863	877	0.000021
863	878	0.000002
864	869	0.035159
864	870	0.006340
864	871	0.001791
864	872	0.000036
864	876	0.000021
864	877	0.000006
865	873	0.000012
865	874	0.006794
865	875	0.000013
866	873	0.006081
866	875	0.000067
867	873	0.000285
867	875	0.000026
867	879	0.000002
868	872	0.000313
868	876	0.000004
868	877	0.000002
868	878	0.000002
869	873	0.000031
869	875	0.000073
870	875	0.000132
871	875	0.000037
871	879	0.000002
872	883	0.000022
872	886	0.000002
873	877	0.000002
873	882	0.000022
873	885	0.000001
874	878	0.000001
874	880	0.000001
874	881	0.000022
874	884	0.000001
874	885	0.000001
875	880	0.000020
875	884	0.000001
876	883	0.000001
878	886	0.000002
879	885	0.000002
