1	7	0.000065
1	8	0.000055
1	9	0.000013
1	12	0.000006
1	13	0.000003
1	15	0.000025
1	41	0.322543
1	61	0.000002
1	67	0.049243
1	253	0.089148
1	796	0.000003
1	800	0.023608
1	803	0.000010
1	812	0.000004
1	813	0.000008
1	814	0.000037
1	816	0.000005
1	817	0.000014
1	818	0.000040
1	819	0.000146
1	822	0.000122
1	823	0.000383
2	7	0.000192
2	8	0.000041
2	9	0.000008
2	11	0.000008
2	12	0.000006
2	14	0.000030
2	15	0.000010
2	30	0.000087
2	39	0.000277
2	40	0.431438
2	41	0.002541
2	42	0.007319
2	46	0.002400
2	50	0.000125
2	52	0.000006
2	53	0.000164
2	60	0.000003
2	61	0.000002
2	62	0.032641
2	64	0.000096
2	65	0.003517
2	66	0.055284
2	67	0.000173
2	74	0.000001
2	251	0.000112
2	252	0.120670
2	253	0.001328
2	254	0.000089
2	264	0.000014
2	795	0.000005
2	796	0.000001
2	798	0.000026
2	799	0.026708
2	800	0.000273
2	803	0.000006
2	810	0.000312
2	812	0.000009
2	813	0.000036
2	814	0.000111
2	816	0.000011
2	817	0.000040
2	818	0.000250
2	819	0.000223
2	820	0.017043
2	822	0.000309
2	823	0.000068
2	825	0.013753
3	7	0.000040
3	8	0.000030
3	9	0.000014
3	11	0.000006
3	13	0.000029
3	14	0.000013
3	29	0.000088
3	39	0.431587
3	40	0.003143
3	41	0.005920
3	42	0.068918
3	46	0.000169
3	50	0.000033
3	52	0.000164
3	53	0.000001
3	61	0.032891
3	62	0.000204
3	64	0.003546
3	65	0.054849
3	66	0.000201
3	67	0.000002
3	251	0.120306
3	252	0.001496
3	253	0.000038
3	254	0.000102
3	263	0.000006
3	264	0.000040
3	794	0.000004
3	795	0.000002
3	798	0.026460
3	799	0.000279
3	800	0.000013
3	803	0.000003
3	810	0.000092
3	812	0.000015
3	813	0.000128
3	814	0.000059
3	816	0.000012
3	817	0.000224
3	818	0.000287
3	819	0.015612
3	820	0.007070
3	822	0.000028
3	823	0.000256
3	825	0.011977
4	8	0.000041
4	9	0.000025
4	12	0.000028
4	13	0.000012
4	26	0.000001
4	28	0.000088
4	41	0.066153
4	58	0.000006
4	60	0.033419
4	61	0.000106
4	67	0.000002
4	253	0.000070
4	257	0.000054
4	263	0.000035
4	793	0.000004
4	794	0.000002
4	800	0.000009
4	803	0.000005
4	812	0.000109
4	813	0.000053
4	814	0.000009
4	816	0.000167
4	817	0.000218
4	818	0.013138
4	819	0.006056
4	822	0.000214
4	823	0.002509
5	10	0.000021
5	25	0.000001
5	27	0.000088
5	48	0.000034
5	56	0.000009
5	57	0.000006
5	59	0.033471
5	68	0.000409
5	69	0.000006
5	71	0.000003
5	72	0.000002
5	248	0.000042
5	249	0.000385
5	250	0.046110
5	256	0.000063
5	258	0.000099
5	261	0.000013
5	266	0.000006
5	269	0.001267
5	270	0.000003
5	797	0.000353
5	824	0.012480
6	24	0.000001
6	26	0.000088
6	41	0.000491
6	55	0.000011
6	58	0.030745
6	60	0.000002
6	61	0.000010
6	67	0.000333
6	253	0.000006
6	257	0.000098
6	263	0.000002
6	268	0.001258
6	796	0.000147
6	800	0.000006
6	803	0.000047
6	812	0.000024
6	813	0.000005
6	814	0.000020
6	816	0.000691
6	817	0.000204
6	818	0.000085
6	819	0.000024
6	822	0.000328
6	823	0.008555
7	25	0.000082
7	37	0.000107
7	38	0.008168
7	43	0.000131
7	44	0.000137
7	45	0.000069
7	47	0.000028
7	48	0.000011
7	49	0.000019
7	51	0.000004
7	54	0.000012
7	56	0.000030
7	57	0.028315
7	59	0.000002
7	63	0.000046
7	73	0.000002
7	248	0.000004
7	249	0.000006
7	250	0.000036
7	255	0.000003
7	256	0.000089
7	260	0.000002
7	262	0.000002
7	266	0.000001
7	267	0.001215
7	801	0.000004
7	802	0.000050
7	804	0.000003
7	805	0.000009
7	806	0.000014
7	807	0.000016
7	808	0.000016
7	809	0.000022
7	811	0.000023
7	815	0.000614
7	821	0.000347
7	824	0.000037
7	826	0.000150
7	827	0.000168
8	22	0.000042
8	37	0.004475
8	38	0.804244
8	43	0.000091
8	44	0.000057
8	45	0.000009
8	47	0.000009
8	48	0.000017
8	49	0.000003
8	51	0.000002
8	54	0.000009
8	56	0.007201
8	57	0.000013
8	63	0.000002
8	248	0.000001
8	250	0.000006
8	255	0.000037
8	261	0.000002
8	266	0.000925
8	801	0.000026
8	802	0.000002
8	804	0.000006
8	805	0.000013
8	806	0.000015
8	807	0.000015
8	808	0.000020
8	809	0.000003
8	811	0.000002
8	815	0.000009
8	821	0.000174
8	824	0.000014
8	826	0.000152
8	827	0.000243
9	19	0.000005
9	21	0.000051
9	22	0.000001
9	37	0.969724
9	38	0.000292
9	43	0.000018
9	44	0.000003
9	47	0.000004
9	48	0.000001
9	51	0.000003
9	54	0.000036
9	56	0.000003
9	265	0.000301
9	801	0.000001
9	804	0.000006
9	805	0.000009
9	806	0.000009
9	807	0.000011
9	808	0.000002
9	811	0.000001
9	815	0.000001
9	821	0.000003
9	824	0.000003
9	826	0.000411
9	827	0.000006
10	18	0.000005
10	20	0.000052
10	23	0.000003
10	30	0.000001
10	36	0.999065
10	42	0.000004
10	50	0.000002
10	52	0.000009
10	53	0.000030
10	264	0.000152
10	825	0.000415
11	16	0.000010
11	35	0.999124
11	261	0.000005
11	824	0.000405
12	19	0.000004
12	31	0.000005
12	34	0.991078
12	35	0.000004
12	37	0.000001
12	38	0.000002
12	51	0.000007
12	260	0.000005
12	261	0.000001
12	262	0.000004
13	17	0.000001
13	31	0.000122
13	34	0.000107
13	37	0.000003
13	49	0.000077
13	259	0.000005
13	260	0.000002
13	261	0.000002
13	262	0.000125
13	267	0.000009
14	35	0.000011
14	48	0.000084
14	258	0.000004
14	259	0.000002
14	261	0.000127
14	266	0.000010
15	21	0.000002
15	31	0.913685
15	34	0.000012
15	47	0.000084
15	63	0.000013
15	258	0.000001
15	260	0.000117
15	265	0.000010
15	821	0.000012
16	20	0.000002
16	28	0.000021
16	29	0.077245
16	30	0.916737
16	32	0.000048
16	33	0.000006
16	46	0.000079
16	61	0.000027
16	62	0.000020
16	264	0.000010
16	820	0.000013
17	26	0.000066
17	28	0.533648
17	29	0.462421
17	60	0.000042
17	61	0.000010
17	263	0.000006
17	819	0.000009
18	25	0.000138
18	27	0.988124
18	59	0.000053
18	68	0.000001
18	258	0.000017
18	261	0.000001
19	24	0.000101
19	26	0.987177
19	28	0.010474
19	58	0.000053
19	67	0.000001
19	257	0.000017
20	25	0.983661
20	27	0.010724
20	57	0.000052
20	68	0.000010
20	256	0.000017
20	269	0.000005
21	26	0.008115
21	28	0.000001
21	29	0.000003
21	67	0.000009
21	268	0.000005
22	26	0.000008
22	28	0.000017
22	55	0.000004
22	67	0.000001
23	27	0.000017
23	48	0.000007
23	68	0.000003
23	266	0.000005
24	37	0.000014
24	47	0.000007
24	54	0.000001
24	265	0.000005
25	36	0.000015
25	39	0.000003
25	46	0.000007
25	52	0.000053
25	64	0.000053
25	264	0.000005
26	35	0.000015
26	37	0.000032
26	38	0.000001
26	45	0.000007
26	51	0.000054
26	63	0.000054
26	262	0.000005
27	36	0.000036
27	39	0.000002
27	50	0.000054
27	62	0.000054
28	35	0.000035
28	38	0.000002
28	49	0.000050
28	260	0.000006
29	34	0.000020
29	37	0.000002
29	48	0.000042
29	49	0.000004
29	259	0.000007
30	35	0.000004
30	48	0.000007
30	59	0.000089
30	258	0.000009
31	58	0.000090
31	257	0.000009
32	48	0.000003
32	57	0.000090
32	256	0.000009
33	43	0.000002
33	44	0.000002
33	47	0.000003
33	56	0.000090
33	255	0.000008
33	826	0.000002
33	827	0.000001
34	41	0.000022
34	55	0.000087
34	61	0.000025
35	39	0.000001
35	40	0.000024
35	42	0.000010
35	46	0.000002
35	53	0.000004
35	60	0.000039
35	251	0.000002
35	825	0.000182
36	48	0.000001
36	59	0.000041
36	250	0.000002
36	824	0.000183
37	41	0.000003
37	58	0.000021
37	61	0.000007
37	823	0.000162
38	55	0.000001
38	58	0.002628
38	60	0.000020
38	257	0.000002
38	818	0.000002
38	819	0.000001
38	822	0.000099
38	823	0.000004
39	48	0.001098
39	56	0.000019
39	57	0.004373
39	59	0.000024
39	68	0.000088
39	69	0.005691
39	71	0.000031
39	72	0.144779
39	249	0.000008
39	250	0.000005
39	256	0.000003
39	259	0.000004
39	266	0.000001
39	269	0.000025
39	270	0.000197
39	271	0.000003
39	272	0.000007
39	824	0.000155
40	48	0.011481
40	56	0.004503
40	57	0.000022
40	59	0.000003
40	68	0.006277
40	69	0.000833
40	71	0.146141
40	72	0.000016
40	248	0.000008
40	249	0.000004
40	256	0.000007
40	258	0.000005
40	261	0.000102
40	266	0.000009
40	269	0.000209
40	270	0.000005
40	271	0.000010
40	784	0.000007
40	824	0.000147
41	45	0.000083
41	47	0.010725
41	48	0.000162
41	49	0.022566
41	51	0.000016
41	54	0.000019
41	56	0.000010
41	57	0.000098
41	63	0.000005
41	68	0.000656
41	69	0.002384
41	70	0.145434
41	71	0.000011
41	72	0.000007
41	73	0.000116
41	247	0.000007
41	248	0.000002
41	255	0.000008
41	260	0.000102
41	262	0.000014
41	265	0.000007
41	267	0.000187
41	269	0.000003
41	270	0.000015
41	783	0.000009
41	801	0.000035
41	802	0.000042
41	804	0.000006
41	805	0.000003
41	806	0.000002
41	807	0.000001
41	808	0.000001
41	815	0.000002
41	821	0.000011
41	824	0.000016
41	826	0.000348
41	827	0.000019
42	48	0.028981
42	56	0.000522
42	57	0.000003
42	59	0.000039
42	68	0.023757
42	69	0.141391
42	71	0.000012
42	72	0.000142
42	246	0.000006
42	256	0.000006
42	258	0.000012
42	259	0.000097
42	261	0.000017
42	266	0.000200
42	269	0.000080
42	270	0.000002
42	782	0.000009
42	797	0.000003
42	824	0.006836
43	55	0.000452
43	58	0.000038
43	60	0.000001
43	61	0.000012
43	67	0.024910
43	253	0.000002
43	257	0.000010
43	268	0.000071
43	781	0.000009
43	796	0.000002
43	800	0.001193
43	803	0.000009
43	812	0.000002
43	813	0.000011
43	814	0.000066
43	816	0.000003
43	817	0.000019
43	818	0.000122
43	819	0.000177
43	822	0.000018
43	823	0.006385
44	55	0.000009
44	58	0.000008
44	60	0.000006
44	61	0.001251
44	67	0.002957
44	253	0.000002
44	257	0.000001
44	268	0.000001
44	780	0.000007
44	800	0.000205
44	803	0.000007
44	812	0.000011
44	813	0.000075
44	814	0.000024
44	816	0.000016
44	817	0.000135
44	818	0.000204
44	819	0.000074
44	822	0.004613
44	823	0.000244
45	55	0.000008
45	58	0.000050
45	60	0.001539
45	61	0.000022
45	67	0.000531
45	253	0.000001
45	257	0.000046
45	263	0.000001
45	800	0.000128
45	803	0.000012
45	812	0.000058
45	813	0.000022
45	814	0.000005
45	816	0.000102
45	817	0.000122
45	818	0.000069
45	819	0.000020
45	822	0.000190
45	823	0.000102
46	56	0.005702
46	57	0.000053
46	59	0.001574
46	68	0.085413
46	69	0.000011
46	71	0.000004
46	72	0.000014
46	250	0.000002
46	256	0.000052
46	258	0.000013
46	261	0.000004
46	266	0.000012
46	269	0.000600
46	270	0.000014
46	790	0.000003
46	797	0.101987
46	824	0.007390
47	55	0.005602
47	58	0.001439
47	60	0.000140
47	61	0.000397
47	67	0.085619
47	75	0.000005
47	253	0.000017
47	257	0.000011
47	268	0.000587
47	789	0.000003
47	794	0.000001
47	796	0.103547
47	800	0.000015
47	803	0.000003
47	812	0.000003
47	813	0.000006
47	814	0.000095
47	816	0.000004
47	817	0.000012
47	818	0.000096
47	819	0.000451
47	822	0.000060
47	823	0.006096
48	52	0.000101
48	53	0.001837
48	55	0.000010
48	58	0.000003
48	60	0.000278
48	61	0.254017
48	62	0.053687
48	64	0.000600
48	65	0.000435
48	66	0.075880
48	67	0.000002
48	74	0.000007
48	251	0.000002
48	252	0.000018
48	253	0.000002
48	254	0.000038
48	264	0.000007
48	268	0.000002
48	778	0.000001
48	788	0.000003
48	793	0.000002
48	794	0.000005
48	795	0.104141
48	799	0.000011
48	800	0.000007
48	803	0.000002
48	810	0.000067
48	812	0.000003
48	813	0.000109
48	814	0.000040
48	816	0.000005
48	817	0.000107
48	818	0.000494
48	819	0.000154
48	820	0.005901
48	822	0.001875
48	823	0.000072
48	825	0.004712
49	55	0.000032
49	58	0.000545
49	60	0.380492
49	61	0.027236
49	253	0.000017
49	257	0.000008
49	263	0.000005
49	268	0.000016
49	787	0.000003
49	793	0.000042
49	794	0.102333
49	800	0.000005
49	803	0.000003
49	812	0.000090
49	813	0.000035
49	814	0.000005
49	816	0.000080
49	817	0.000345
49	818	0.000155
49	819	0.005032
49	822	0.000076
49	823	0.000036
50	56	0.002576
50	57	0.000639
50	59	0.412191
50	68	0.000222
50	69	0.000021
50	71	0.001309
50	72	0.000390
50	250	0.000005
50	256	0.000009
50	258	0.000083
50	261	0.000003
50	266	0.000104
50	269	0.027626
50	270	0.000482
50	271	0.000207
50	272	0.000002
50	775	0.000006
50	791	0.000002
50	797	0.000008
50	824	0.003440
51	55	0.001704
51	58	0.411122
51	60	0.000259
51	61	0.000006
51	67	0.000204
51	253	0.000001
51	257	0.000084
51	268	0.026463
51	793	0.001529
51	794	0.000001
51	796	0.000008
51	800	0.000003
51	803	0.000002
51	812	0.000002
51	813	0.000002
51	814	0.000005
51	816	0.000006
51	817	0.000082
51	818	0.000048
51	819	0.000022
51	822	0.000017
51	823	0.002465
52	56	0.000372
52	57	0.407167
52	59	0.000268
52	68	0.000190
52	69	0.262639
52	71	0.000001
52	72	0.000003
52	256	0.000084
52	259	0.000006
52	266	0.000739
52	269	0.001455
52	270	0.095139
52	271	0.000011
52	790	0.000006
52	791	0.104273
52	824	0.000087
53	57	0.000271
53	59	0.000078
53	68	0.290058
53	69	0.000125
53	71	0.000003
53	258	0.000006
53	266	0.016521
53	269	0.101139
53	270	0.000017
53	772	0.000046
53	790	0.104404
53	791	0.000077
53	824	0.000091
54	58	0.000054
54	60	0.000022
54	61	0.000014
54	67	0.285729
54	257	0.000006
54	268	0.095589
54	771	0.000046
54	789	0.099821
54	812	0.000006
54	816	0.000007
54	818	0.000001
54	819	0.000001
54	822	0.000072
54	823	0.000068
55	59	0.000020
55	63	0.000200
55	68	0.000015
55	256	0.000004
55	265	0.090882
55	266	0.000332
55	267	0.045423
55	269	0.000001
55	770	0.000047
55	811	0.000007
55	815	0.000008
55	821	0.000085
55	824	0.000002
55	826	0.000010
56	62	0.000221
56	64	0.000056
56	65	0.285581
56	66	0.011260
56	67	0.000037
56	75	0.000001
56	252	0.000001
56	263	0.000002
56	264	0.118714
56	268	0.000003
56	769	0.000046
56	787	0.000014
56	788	0.104113
56	789	0.000006
56	810	0.000007
56	813	0.000030
56	814	0.000005
56	820	0.000084
56	823	0.000004
56	825	0.000011
57	61	0.000093
57	62	0.000048
57	64	0.286213
57	65	0.010957
57	66	0.000048
57	74	0.000002
57	251	0.000001
57	263	0.119532
57	264	0.000292
57	268	0.000003
57	768	0.000047
57	787	0.104337
57	788	0.000012
57	812	0.000044
57	813	0.000002
57	819	0.000040
57	820	0.000002
57	822	0.000005
57	825	0.000014
58	63	0.250724
58	72	0.000001
58	73	0.000002
58	250	0.000001
58	262	0.119391
58	265	0.023356
58	266	0.000010
58	267	0.000004
58	767	0.000047
58	786	0.104468
58	811	0.000047
58	821	0.000005
58	824	0.000013
58	826	0.000037
59	64	0.005382
59	65	0.000014
59	66	0.000007
59	74	0.000001
59	263	0.000467
59	264	0.024088
59	766	0.000047
59	785	0.104523
59	810	0.000048
59	820	0.000005
59	823	0.000002
59	825	0.000051
60	68	0.000001
60	70	0.000016
60	71	0.000004
60	73	0.000002
60	260	0.119083
60	261	0.000381
60	262	0.000482
60	265	0.000002
60	765	0.000046
60	784	0.104420
60	809	0.000045
60	824	0.000045
61	68	0.000006
61	69	0.000114
61	70	0.000034
61	72	0.000003
61	73	0.000003
61	259	0.118924
61	260	0.000483
61	261	0.000370
61	262	0.025468
61	764	0.000046
61	783	0.104360
61	808	0.000026
61	826	0.000003
62	68	0.004559
62	69	0.000192
62	71	0.000006
62	72	0.000006
62	258	0.119911
62	259	0.000506
62	261	0.027569
62	266	0.000002
62	269	0.000015
62	296	0.000102
62	763	0.000045
62	764	0.000001
62	782	0.104375
62	824	0.000110
63	67	0.003015
63	257	0.116524
63	263	0.000002
63	268	0.000015
63	295	0.001543
63	780	0.000361
63	781	0.096305
63	823	0.000063
64	68	0.000400
64	69	0.000048
64	71	0.000013
64	72	0.000590
64	250	0.000007
64	256	0.092613
64	258	0.001355
64	259	0.035069
64	261	0.000064
64	270	0.000004
64	271	0.000066
64	272	0.000078
64	293	0.000004
64	294	0.002270
64	296	0.000275
64	703	0.000002
64	762	0.000058
64	763	0.000035
64	764	0.000028
64	776	0.000015
64	777	0.083905
64	824	0.000060
65	69	0.000029
65	71	0.000592
65	72	0.001331
65	249	0.000007
65	256	0.002413
65	258	0.035913
65	259	0.000536
65	261	0.000003
65	269	0.000004
65	270	0.000067
65	271	0.000080
65	293	0.002250
65	294	0.002965
65	296	0.000002
65	761	0.000058
65	762	0.000036
65	763	0.000028
65	775	0.000014
65	776	0.084020
65	777	0.000543
65	824	0.000031
66	71	0.001332
66	72	0.000034
66	248	0.000007
66	256	0.073619
66	258	0.000558
66	259	0.000017
66	266	0.000011
66	269	0.000065
66	270	0.000079
66	293	0.003014
66	294	0.000006
66	760	0.000058
66	761	0.000036
66	762	0.000027
66	775	0.083999
66	776	0.000541
66	777	0.000002
66	824	0.000058
67	71	0.000030
67	72	0.000026
67	73	0.000026
67	247	0.000003
67	255	0.095042
67	256	0.000768
67	258	0.000017
67	265	0.000013
67	269	0.000073
67	291	0.001434
67	292	0.002597
67	293	0.000005
67	514	0.000001
67	703	0.000002
67	705	0.000011
67	760	0.000033
67	761	0.000025
67	767	0.000001
67	770	0.000021
67	772	0.000011
67	773	0.000338
67	774	0.079477
67	775	0.000480
67	776	0.000002
67	783	0.000001
67	824	0.000008
67	826	0.002004
67	827	0.000005
68	74	0.000083
68	75	0.000013
68	252	0.000028
68	253	0.000019
68	254	0.055244
68	257	0.000008
68	264	0.000014
68	268	0.000037
68	290	0.001625
68	389	0.000001
68	513	0.000005
68	702	0.000004
68	704	0.000013
68	707	0.000003
68	758	0.000020
68	759	0.000011
68	766	0.000004
68	768	0.000008
68	769	0.000072
68	771	0.000093
68	779	0.000012
68	780	0.000007
68	823	0.000005
68	825	0.002450
69	74	0.000021
69	251	0.000027
69	252	0.000028
69	253	0.010464
69	254	0.410056
69	289	0.001423
69	290	0.001180
69	512	0.000005
69	702	0.000003
69	758	0.000002
69	768	0.000033
69	769	0.000105
69	771	0.000555
69	778	0.000010
69	779	0.000005
69	781	0.000036
69	825	0.000049
70	75	0.000001
70	253	0.714548
70	288	0.001006
70	289	0.001149
70	511	0.000004
70	701	0.000003
70	766	0.000013
70	768	0.000127
70	769	0.001339
70	771	0.004647
70	780	0.000093
71	251	0.000156
71	252	0.760235
71	253	0.000454
71	254	0.000005
71	287	0.000571
71	288	0.000621
71	289	0.000001
71	290	0.000013
71	510	0.000003
71	766	0.000010
71	768	0.000834
71	769	0.000685
71	771	0.001556
71	779	0.000094
71	825	0.000003
72	251	0.732685
72	252	0.000556
72	253	0.000003
72	254	0.000004
72	286	0.000087
72	287	0.000447
72	289	0.000010
72	290	0.000004
72	702	0.000002
72	766	0.000034
72	768	0.000379
72	769	0.012910
72	771	0.000243
72	778	0.000093
72	825	0.000002
73	253	0.000010
73	286	0.000251
73	288	0.000004
73	289	0.000003
73	701	0.000001
73	766	0.000188
73	768	0.011103
73	769	0.000571
73	771	0.000122
74	248	0.000896
74	249	0.980784
74	250	0.004414
74	284	0.000016
74	764	0.000004
74	775	0.000001
75	247	0.000457
75	248	0.993073
75	249	0.002384
75	283	0.000016
75	774	0.000001
76	246	0.000015
76	247	0.997808
76	248	0.000387
76	282	0.000015
76	765	0.000004
76	773	0.000001
77	246	0.999890
77	281	0.000014
77	764	0.000004
78	245	0.999914
79	244	0.999161
80	242	0.000178
80	243	0.998845
81	241	0.000181
81	242	0.999781
81	243	0.000006
82	240	0.000184
82	241	0.999786
82	242	0.000012
83	105	0.000092
83	107	0.000003
83	239	0.000177
83	240	0.999673
83	241	0.000018
84	104	0.001232
84	105	0.000163
84	107	0.000132
84	238	0.000057
84	239	0.995640
84	240	0.000023
85	105	0.005465
85	166	0.000004
85	214	0.000004
85	238	0.823587
86	102	0.000774
86	103	0.975542
86	114	0.000001
86	164	0.000002
86	165	0.000004
86	215	0.000005
87	102	0.986259
87	103	0.000016
87	106	0.000946
87	108	0.000006
87	163	0.000002
87	164	0.000004
87	237	0.000152
88	101	0.997425
88	104	0.001259
88	105	0.001148
88	107	0.000005
88	236	0.000002
89	100	0.997509
89	104	0.001174
90	99	0.997482
90	102	0.001888
90	103	0.000590
91	97	0.000081
91	98	0.997178
91	101	0.002475
92	97	0.984895
92	98	0.000004
92	100	0.002479
93	99	0.002477
101	113	0.000001
102	107	0.002031
102	110	0.000006
102	111	0.000465
102	112	0.000003
103	107	0.000124
103	110	0.000465
103	111	0.000004
103	166	0.000005
104	113	0.001379
104	114	0.006829
104	163	0.000002
104	164	0.000037
104	165	0.000021
104	167	0.000017
104	215	0.000295
104	218	0.000097
104	233	0.000002
105	109	0.000033
105	113	0.006829
105	114	0.000034
105	115	0.000034
105	163	0.000036
105	164	0.000014
105	165	0.000002
105	167	0.000015
105	215	0.000098
105	216	0.000123
105	217	0.000247
105	233	0.000021
105	234	0.000001
105	237	0.000014
106	112	0.005991
106	166	0.000424
106	168	0.001527
106	214	0.000095
106	232	0.000025
106	235	0.000004
106	238	0.000001
107	113	0.001580
107	114	0.000334
107	163	0.000006
107	164	0.000002
107	165	0.000417
107	167	0.003067
107	215	0.002682
107	218	0.000002
107	231	0.000025
107	233	0.000038
108	112	0.001045
108	166	0.002831
108	168	0.000004
108	214	0.002315
108	232	0.000021
108	238	0.000002
109	166	0.912252
109	168	0.000005
109	214	0.000002
109	232	0.000130
110	114	0.000034
110	162	0.000008
110	163	0.000051
110	164	0.005959
110	165	0.972928
110	167	0.000008
110	215	0.000001
110	231	0.000153
110	233	0.000002
111	161	0.000006
111	162	0.000028
111	163	0.006058
111	164	0.972823
111	165	0.000838
111	167	0.000006
111	215	0.000004
111	231	0.000005
112	161	0.000005
112	162	0.000369
112	163	0.945964
112	164	0.000788
112	165	0.000108
112	216	0.000001
112	229	0.000174
113	166	0.000109
113	228	0.000181
114	160	0.000001
114	166	0.000011
114	227	0.000181
115	166	0.000027
115	226	0.000151
116	161	0.000035
116	162	0.997807
116	163	0.000249
116	164	0.000005
116	165	0.000018
117	161	0.999715
117	162	0.000135
117	163	0.000004
117	164	0.000013
118	160	0.999493
119	159	0.999977
120	158	0.999979
121	156	0.000001
121	157	0.999033
122	156	0.999289
122	157	0.000001
123	155	0.999964
124	154	0.999511
125	153	0.999977
126	152	0.999984
127	150	0.000001
127	151	0.998870
128	150	0.999033
129	149	0.999970
130	148	0.999511
131	147	0.999977
132	146	0.999990
133	145	0.999985
134	144	0.999698
135	142	0.000009
135	143	0.999960
136	141	0.000009
136	142	0.999261
136	143	0.000005
137	141	0.756354
138	142	0.000002
163	214	0.000020
163	221	0.000007
163	228	0.000069
164	213	0.000010
164	214	0.000052
164	220	0.000006
164	221	0.000019
164	227	0.000069
165	213	0.000036
165	214	0.000356
165	220	0.000019
165	224	0.000001
165	226	0.000068
166	212	0.000014
166	215	0.000395
166	216	0.000091
166	217	0.000047
166	219	0.000019
166	223	0.000001
166	225	0.000068
166	237	0.000002
167	213	0.991034
167	214	0.000139
167	224	0.000044
168	212	0.996973
168	223	0.000026
169	211	0.999961
169	222	0.000010
170	210	0.999955
171	209	0.999760
172	205	0.000002
172	206	0.000014
172	207	0.000497
172	208	0.989176
173	209	0.000001
175	204	0.002909
175	206	0.241564
176	203	0.002192
176	204	0.994796
176	206	0.000006
177	202	0.001466
177	203	0.997770
177	204	0.000019
178	201	0.000739
178	202	0.998511
178	203	0.000013
179	199	0.000001
179	201	0.999231
179	202	0.000007
180	200	0.999463
181	198	0.000001
181	199	0.998119
182	198	0.998841
183	197	0.999964
184	196	0.999509
185	193	0.000002
185	195	0.999972
186	192	0.000006
186	194	0.999917
187	191	0.000024
187	193	0.991644
187	195	0.000007
188	192	0.980165
188	194	0.000008
189	193	0.000009
211	221	0.000003
212	220	0.000003
213	218	0.000002
213	231	0.000001
214	218	0.000004
214	219	0.000029
214	222	0.000378
214	223	0.000008
214	225	0.000057
214	229	0.000038
214	231	0.000084
214	234	0.000001
214	237	0.002453
215	221	0.000966
215	224	0.000075
215	227	0.000026
215	228	0.000047
215	230	0.000150
215	236	0.002596
215	238	0.000113
215	239	0.002866
216	220	0.000733
216	226	0.000026
216	235	0.002265
216	238	0.005692
217	226	0.000009
217	232	0.000003
217	235	0.000027
217	238	0.001297
218	224	0.000030
218	227	0.000440
218	228	0.000005
218	230	0.000003
218	232	0.000007
218	235	0.000011
218	236	0.990014
218	238	0.000001
218	239	0.000020
219	226	0.000430
219	232	0.000704
219	235	0.992259
219	238	0.000036
220	225	0.000350
220	229	0.000003
220	231	0.000203
220	233	0.000010
220	234	0.993350
220	237	0.000047
221	231	0.001378
221	233	0.990497
222	226	0.000004
222	227	0.000332
222	228	0.000513
222	230	0.001928
222	232	0.370362
222	235	0.000003
222	236	0.002212
223	232	0.579033
223	235	0.002193
224	231	0.883945
224	233	0.002923
225	232	0.003357
225	235	0.000194
226	231	0.003134
226	234	0.000258
227	231	0.000333
227	233	0.000263
228	233	0.000044
231	236	0.000063
231	238	0.000001
232	237	0.000002
246	278	0.000011
247	277	0.000011
248	766	0.000006
248	768	0.000002
249	766	0.000011
249	779	0.000001
249	825	0.000003
250	254	0.000002
250	257	0.000001
250	273	0.004477
250	295	0.000079
250	766	0.000128
250	768	0.000013
250	769	0.000012
250	771	0.000003
250	778	0.000001
250	825	0.002567
251	256	0.000001
251	259	0.000003
251	272	0.004488
251	294	0.000085
251	762	0.000111
251	763	0.081820
251	764	0.000637
251	777	0.000001
251	824	0.002054
252	258	0.000004
252	261	0.000011
252	271	0.004488
252	293	0.000085
252	761	0.000111
252	762	0.082516
252	763	0.000489
252	776	0.000001
252	824	0.000021
253	260	0.000011
253	270	0.004482
253	292	0.000083
253	760	0.000003
253	761	0.082658
253	762	0.000332
253	824	0.000020
253	826	0.008150
253	827	0.000088
254	259	0.000011
254	269	0.004484
254	294	0.000007
254	760	0.083391
254	761	0.000181
254	824	0.428998
255	268	0.004354
255	295	0.000007
255	387	0.000006
255	759	0.084080
255	813	0.000010
255	817	0.000011
255	822	0.000096
255	823	0.643386
256	263	0.000033
256	264	0.000012
256	268	0.000011
256	295	0.000001
256	386	0.000007
256	515	0.000002
256	704	0.000010
256	707	0.000040
256	758	0.084040
256	798	0.000011
256	812	0.000014
256	816	0.000016
256	820	0.000001
256	822	0.718401
256	823	0.000118
256	825	0.000841
257	262	0.000035
257	265	0.002798
257	266	0.000118
257	267	0.000028
257	291	0.009641
257	292	0.000018
257	293	0.000002
257	385	0.000007
257	514	0.000002
257	703	0.000009
257	705	0.000006
257	706	0.000037
257	755	0.009290
257	756	0.000332
257	757	0.072128
257	797	0.000012
257	811	0.000015
257	815	0.000017
257	821	0.733077
257	824	0.000686
257	826	0.000019
258	263	0.000006
258	264	0.002977
258	290	0.011891
258	384	0.000007
258	513	0.000002
258	702	0.000006
258	704	0.000008
258	707	0.000001
258	753	0.000103
258	754	0.039081
258	796	0.000013
258	810	0.000015
258	814	0.000017
258	820	0.737601
258	822	0.000012
258	823	0.000146
258	825	0.000023
259	263	0.001251
259	264	0.001002
259	289	0.011935
259	290	0.000010
259	383	0.000006
259	512	0.000002
259	701	0.000002
259	704	0.000036
259	752	0.000096
259	753	0.042441
259	754	0.000008
259	795	0.000014
259	813	0.000017
259	818	0.000008
259	819	0.736039
259	820	0.004298
259	822	0.000037
260	268	0.000011
260	288	0.012159
260	289	0.000005
260	511	0.000002
260	752	0.042393
260	754	0.041951
260	794	0.000014
260	796	0.000004
260	812	0.000018
260	814	0.000008
260	817	0.000016
260	818	0.735801
260	819	0.004993
260	822	0.000002
260	823	0.000004
261	268	0.000001
261	273	0.000040
261	278	0.000117
261	287	0.012197
261	290	0.000004
261	380	0.000018
261	389	0.000001
261	510	0.000001
261	697	0.000002
261	702	0.000729
261	707	0.000001
261	750	0.000889
261	753	0.042274
261	793	0.000013
261	795	0.000005
261	810	0.000015
261	813	0.000011
261	816	0.000019
261	817	0.735277
261	818	0.005158
261	819	0.000006
261	820	0.000179
261	822	0.000002
261	823	0.000004
261	825	0.000007
262	268	0.000019
262	277	0.000117
262	286	0.012191
262	289	0.000004
262	295	0.000178
262	298	0.000006
262	379	0.000018
262	696	0.000002
262	701	0.000730
262	752	0.040278
262	793	0.000002
262	794	0.000004
262	812	0.000012
262	814	0.000002
262	816	0.734562
262	817	0.005309
262	818	0.000008
262	819	0.000173
262	822	0.000004
263	267	0.000016
263	269	0.000001
263	270	0.000060
263	271	0.000026
263	272	0.000030
263	276	0.000117
263	280	0.000003
263	282	0.000016
263	285	0.012166
263	294	0.000185
263	297	0.000007
263	378	0.000018
263	695	0.000002
263	700	0.000727
263	749	0.070777
263	751	0.011945
263	791	0.000017
263	792	0.000002
263	804	0.000001
263	805	0.000003
263	806	0.000005
263	807	0.000014
263	808	0.000006
263	809	0.000003
263	811	0.000011
263	815	0.714707
263	821	0.000004
263	824	0.000002
263	826	0.000023
263	827	0.000002
264	269	0.000297
264	270	0.000071
264	271	0.000057
264	275	0.000117
264	279	0.000004
264	281	0.000020
264	284	0.012112
264	293	0.000189
264	294	0.000005
264	296	0.000106
264	377	0.000018
264	694	0.000002
264	699	0.000713
264	748	0.084693
264	751	0.000002
264	790	0.000021
264	824	0.000073
265	277	0.000003
265	295	0.000108
265	376	0.000018
265	711	0.000003
265	747	0.084860
265	789	0.000022
265	803	0.000021
265	812	0.000026
265	813	0.002099
265	814	0.694960
265	816	0.000007
265	817	0.000001
265	818	0.000029
265	819	0.000003
265	823	0.000059
266	273	0.000069
266	278	0.000398
266	290	0.000018
266	295	0.000005
266	374	0.000007
266	515	0.000001
266	697	0.000683
266	702	0.000006
266	704	0.000001
266	707	0.000033
266	745	0.000044
266	746	0.084839
266	750	0.000001
266	788	0.000022
266	803	0.000029
266	810	0.000035
266	812	0.001367
266	813	0.734524
266	814	0.000276
266	817	0.000058
266	818	0.000004
266	819	0.000002
266	820	0.000110
266	822	0.000030
266	823	0.001507
266	825	0.000023
267	277	0.000399
267	289	0.000018
267	295	0.000167
267	696	0.000680
267	701	0.000006
267	709	0.000019
267	744	0.002810
267	745	0.075983
267	747	0.000001
267	787	0.000022
267	800	0.000001
267	803	0.002662
267	812	0.739219
267	813	0.000212
267	814	0.000007
267	816	0.000062
267	817	0.000004
267	818	0.000003
267	819	0.000099
267	822	0.001878
267	823	0.000003
268	274	0.000008
268	275	0.000001
268	276	0.000393
268	279	0.000945
268	280	0.008932
268	281	0.000024
268	282	0.000009
268	283	0.000002
268	291	0.000271
268	292	0.000018
268	293	0.000078
268	294	0.000169
268	372	0.000012
268	514	0.000052
268	695	0.000610
268	700	0.000003
268	703	0.000002
268	705	0.000078
268	708	0.000020
268	743	0.005555
268	748	0.000001
268	786	0.000022
268	801	0.000300
268	802	0.002839
268	804	0.000095
268	805	0.000003
268	806	0.000002
268	808	0.000002
268	809	0.000004
268	811	0.739989
268	815	0.000063
268	821	0.001958
268	826	0.000050
269	273	0.000011
269	278	0.001227
269	290	0.000306
269	295	0.000001
269	370	0.000006
269	371	0.000012
269	513	0.000559
269	515	0.000001
269	702	0.000002
269	704	0.000089
269	707	0.000291
269	742	0.005756
269	744	0.051863
269	745	0.000017
269	747	0.000003
269	785	0.000022
269	800	0.000340
269	803	0.000123
269	810	0.738806
269	812	0.000003
269	814	0.000061
269	817	0.000004
269	818	0.000001
269	820	0.001968
269	825	0.000061
270	277	0.001055
270	278	0.010020
270	289	0.000290
270	290	0.000108
270	369	0.000007
270	370	0.000011
270	512	0.000560
270	513	0.000022
270	701	0.000001
270	702	0.000003
270	704	0.000001
270	707	0.000005
270	741	0.005645
270	742	0.004838
270	744	0.000138
270	746	0.000003
270	780	0.000001
270	799	0.000438
270	800	0.778866
270	803	0.000115
270	810	0.000129
270	813	0.000009
270	819	0.000247
270	820	0.000004
270	825	0.000003
271	277	0.008947
271	278	0.000258
271	288	0.000063
271	289	0.000091
271	290	0.002787
271	295	0.000025
271	368	0.000008
271	369	0.000010
271	511	0.000537
271	512	0.000022
271	513	0.000002
271	701	0.000001
271	702	0.000089
271	704	0.000002
271	741	0.004197
271	742	0.074186
271	745	0.000003
271	779	0.000001
271	798	0.000221
271	799	0.893914
271	800	0.000033
271	818	0.000003
272	277	0.000124
272	278	0.000006
272	287	0.000025
272	288	0.000013
272	289	0.002736
272	290	0.003306
272	295	0.000129
272	367	0.000009
272	368	0.000009
272	510	0.000515
272	511	0.000009
272	512	0.000002
272	701	0.000032
272	702	0.000001
272	704	0.000671
272	738	0.000006
272	741	0.074846
272	742	0.000001
272	744	0.000005
272	778	0.000001
272	798	0.895127
272	799	0.000018
273	279	0.000004
273	293	0.000056
273	294	0.000139
273	296	0.000002
273	365	0.000017
273	509	0.000501
273	703	0.000671
273	737	0.000006
273	739	0.001019
273	740	0.075269
273	743	0.000005
273	797	0.895371
274	288	0.078834
274	289	0.000158
274	295	0.000002
274	364	0.000018
274	508	0.000037
274	796	0.894665
275	286	0.000002
275	287	0.090241
275	288	0.000003
275	290	0.000031
275	507	0.000002
275	702	0.000012
275	793	0.000001
275	794	0.006018
275	795	0.888964
276	286	0.090817
276	289	0.000028
276	295	0.000611
276	362	0.000018
276	701	0.000010
276	793	0.396839
276	794	0.491330
277	282	0.000001
277	285	0.091057
277	291	0.000004
277	292	0.000001
277	294	0.000636
277	361	0.000017
277	700	0.000009
277	783	0.000002
277	790	0.000008
277	791	0.001170
277	792	0.791783
278	284	0.091118
278	293	0.000659
278	360	0.000017
278	390	0.000002
278	698	0.000001
278	699	0.000007
278	703	0.000004
278	782	0.000002
278	790	0.001626
278	791	0.808936
279	287	0.000061
279	289	0.000138
279	290	0.000085
279	359	0.000013
279	389	0.000002
279	697	0.000002
279	702	0.000004
279	781	0.000002
279	788	0.000010
279	789	0.000419
279	793	0.001043
279	794	0.000516
279	795	0.000010
280	286	0.000060
280	288	0.000174
280	289	0.000071
280	359	0.000002
280	388	0.000002
280	696	0.000002
280	701	0.000004
280	780	0.000002
280	787	0.000010
280	789	0.776954
280	793	0.001868
280	794	0.000015
281	287	0.000193
281	288	0.000044
281	290	0.000673
281	779	0.000002
281	785	0.000002
281	788	0.759025
281	789	0.000331
281	793	0.000043
281	794	0.000003
282	286	0.000147
282	288	0.000003
282	289	0.000662
282	781	0.000005
282	787	0.712611
282	789	0.000982
282	793	0.000010
283	288	0.000514
283	289	0.000005
283	295	0.000004
283	780	0.000027
283	781	0.000007
283	787	0.009085
283	789	0.101718
284	288	0.000006
284	289	0.000003
284	290	0.000298
284	356	0.000017
284	389	0.000002
284	702	0.000049
284	704	0.000002
284	707	0.000001
284	779	0.000026
284	780	0.000005
284	781	0.000002
284	785	0.409437
284	787	0.000307
284	788	0.135879
284	794	0.000002
285	289	0.000227
285	295	0.007135
285	298	0.000002
285	355	0.000017
285	388	0.000001
285	701	0.000046
285	780	0.000001
285	781	0.000002
285	787	0.149811
285	793	0.000008
286	291	0.000002
286	292	0.000002
286	293	0.000002
286	294	0.007417
286	297	0.000003
286	354	0.000017
286	700	0.000042
286	776	0.000005
286	782	0.000002
286	783	0.010702
286	784	0.013380
286	786	0.194941
286	792	0.000009
287	293	0.007684
287	294	0.000168
287	296	0.000040
287	353	0.000017
287	699	0.000038
287	775	0.000006
287	782	0.011038
287	784	0.153857
287	791	0.000009
288	292	0.006252
288	293	0.000177
288	294	0.000043
288	296	0.000006
288	698	0.000032
288	706	0.000003
288	774	0.000006
288	782	0.000004
288	783	0.079286
288	784	0.610216
288	786	0.000208
288	790	0.000008
288	792	0.000003
289	293	0.000085
289	294	0.000071
289	296	0.000012
289	297	0.000013
289	350	0.000002
289	351	0.000009
289	354	0.000003
289	700	0.000002
289	705	0.000008
289	706	0.000003
289	773	0.000006
289	782	0.003027
289	783	0.783726
289	784	0.000039
289	786	0.000003
289	791	0.000004
289	792	0.000003
290	294	0.000190
290	296	0.001242
290	297	0.000001
290	350	0.000116
290	353	0.000005
290	390	0.000003
290	509	0.000001
290	699	0.000002
290	703	0.000014
290	772	0.000006
290	782	0.870585
290	784	0.000004
290	790	0.000008
290	791	0.000004
291	295	0.000860
291	349	0.000060
291	352	0.000004
291	388	0.000005
291	771	0.000005
291	780	0.000108
291	781	0.871779
291	789	0.000004
292	349	0.000013
292	387	0.000004
292	388	0.000005
292	510	0.000002
292	701	0.000001
292	780	0.866010
292	781	0.000494
292	789	0.000025
293	348	0.000007
293	349	0.000022
293	352	0.000044
293	386	0.000003
293	387	0.000004
293	388	0.000003
293	389	0.000035
293	510	0.000002
293	513	0.000011
293	697	0.000012
293	702	0.000374
293	704	0.000091
293	707	0.000059
293	742	0.000017
293	769	0.000002
293	778	0.000004
293	779	0.841953
293	780	0.000810
293	781	0.000013
293	785	0.000002
293	788	0.000031
294	346	0.000002
294	348	0.000028
294	349	0.000079
294	386	0.000003
294	387	0.000002
294	388	0.000024
294	389	0.000026
294	510	0.000004
294	512	0.000011
294	515	0.000002
294	696	0.000012
294	701	0.000324
294	702	0.000115
294	704	0.016270
294	707	0.000374
294	738	0.000004
294	741	0.000018
294	768	0.000002
294	778	0.386830
294	779	0.001148
294	780	0.000018
294	781	0.000001
294	785	0.000003
294	787	0.000031
295	345	0.000002
295	347	0.000019
295	350	0.061937
295	351	0.000002
295	385	0.000002
295	390	0.000004
295	514	0.000002
295	695	0.000011
295	700	0.000246
295	703	0.016155
295	705	0.000190
295	706	0.000357
295	737	0.000003
295	740	0.000019
295	767	0.000002
295	774	0.000001
295	775	0.000001
295	776	0.000044
295	777	0.144475
295	783	0.000001
295	784	0.000002
295	786	0.000032
296	344	0.000002
296	346	0.000009
296	348	0.000272
296	349	0.896133
296	388	0.000001
296	389	0.000015
296	513	0.000003
296	701	0.000001
296	702	0.013885
296	704	0.000232
296	707	0.000005
296	736	0.000002
296	778	0.000002
296	779	0.000004
296	785	0.000030
297	348	0.998462
297	349	0.000019
297	701	0.000246
297	704	0.000002
298	342	0.000002
298	347	0.999166
298	700	0.000109
298	703	0.000001
299	341	0.000002
299	346	0.999941
300	340	0.000002
300	345	0.999488
301	344	0.999468
302	342	0.000038
302	343	0.998478
303	342	0.994134
303	343	0.001437
304	342	0.002837
305	339	0.939517
306	338	0.999358
306	339	0.000107
306	341	0.000007
307	337	0.999549
307	340	0.000004
308	336	0.999976
309	335	0.999960
310	334	0.983006
312	331	0.000001
312	332	0.994313
312	333	0.000931
313	331	0.999385
314	330	0.999490
315	329	0.999963
316	328	0.999575
317	326	0.000011
317	327	0.999915
318	326	0.998639
318	327	0.000036
318	329	0.000002
319	328	0.000005
320	326	0.000214
320	327	0.000008
321	325	0.000664
321	326	0.000010
348	390	0.000012
349	390	0.000048
349	703	0.000009
349	705	0.000039
349	706	0.000002
350	386	0.000442
350	387	0.799439
350	388	0.001716
350	389	0.000719
350	702	0.000083
350	704	0.000103
350	707	0.000008
351	386	0.997589
351	387	0.000067
351	388	0.000056
351	389	0.000008
351	701	0.000001
351	704	0.000022
352	385	0.998582
352	703	0.000022
353	383	0.000001
353	384	0.998664
353	386	0.000002
353	702	0.000020
354	383	0.998941
354	384	0.000001
354	701	0.000009
355	382	0.999473
355	700	0.000001
356	381	0.999920
357	380	0.999919
358	379	0.999425
359	372	0.000003
359	377	0.000004
359	378	0.992299
360	368	0.000002
360	371	0.000005
360	374	0.000001
360	376	0.000011
361	367	0.000002
361	370	0.000005
361	374	0.000006
361	376	0.993387
362	366	0.000002
362	372	0.000005
362	373	0.000005
362	375	0.999367
362	377	0.000007
363	368	0.000001
363	369	0.000001
363	371	0.000007
363	374	0.999810
363	376	0.000018
364	372	0.041936
364	373	0.954366
364	375	0.000022
365	369	0.000239
365	370	0.004284
365	371	0.083809
365	374	0.000024
381	389	0.000003
382	388	0.000003
385	510	0.000001
386	509	0.000002
386	775	0.000011
387	509	0.000020
387	703	0.000001
387	705	0.000004
387	706	0.000011
387	774	0.000019
387	784	0.000005
388	509	0.000049
388	514	0.000003
388	700	0.000002
388	703	0.000007
388	705	0.000026
388	706	0.000009
388	740	0.000005
388	773	0.000031
388	776	0.000003
388	783	0.000022
389	509	0.803955
389	514	0.000002
389	703	0.000051
389	739	0.000004
389	740	0.000010
389	743	0.000009
389	772	0.000031
389	775	0.000004
389	776	0.000002
389	782	0.000024
390	507	0.000180
390	508	0.953828
390	510	0.000005
390	513	0.000002
390	702	0.000035
390	704	0.000012
390	707	0.000003
390	738	0.000001
390	742	0.000009
390	771	0.000005
390	781	0.000007
391	507	0.999550
391	508	0.000002
391	741	0.000009
392	506	0.999948
392	740	0.000009
393	505	0.999499
394	504	0.999977
395	503	0.999990
396	500	0.000010
396	502	0.999771
397	499	0.000021
397	500	0.999688
398	498	0.000022
398	499	0.999919
398	500	0.000033
399	498	0.998944
399	499	0.000019
400	497	0.998195
401	495	0.000014
401	496	0.989276
402	493	0.000003
402	494	0.000010
403	494	0.994435
404	491	0.000008
404	492	0.000168
404	493	0.999743
404	494	0.000038
405	491	0.000321
405	492	0.999549
405	493	0.000054
406	488	0.000007
406	491	0.989185
406	492	0.000069
407	487	0.000021
407	488	0.982410
407	491	0.000056
408	487	0.996278
409	485	0.000118
409	486	0.998873
409	489	0.000001
410	485	0.998029
411	480	0.000001
411	483	0.955385
411	484	0.043716
412	479	0.000001
412	482	0.999972
413	479	0.000004
413	481	0.999945
413	482	0.000002
414	476	0.000001
414	480	0.999101
415	477	0.011352
415	478	0.024736
415	479	0.950704
415	481	0.000002
416	476	0.083553
416	480	0.000053
417	475	0.042848
417	477	0.024296
417	478	0.001777
417	479	0.000072
418	474	0.001379
418	475	0.916834
418	477	0.000607
418	478	0.000147
419	474	0.997852
419	477	0.000140
420	473	0.999824
420	476	0.000106
421	472	0.999405
422	471	0.999081
422	474	0.000076
422	475	0.000003
423	469	0.000001
423	470	0.999618
423	473	0.000088
424	469	0.993775
424	470	0.000084
424	472	0.000087
424	473	0.000002
425	429	0.000001
425	430	0.000004
425	431	0.000003
425	432	0.000001
425	465	0.000028
425	466	0.000006
425	467	0.000012
425	468	0.975170
425	471	0.000082
426	434	0.000002
426	464	0.000035
426	469	0.000085
427	433	0.000005
427	464	0.000081
427	469	0.000679
428	464	0.000218
428	469	0.000035
428	470	0.000021
429	464	0.006506
429	469	0.000029
430	464	0.001367
431	464	0.002845
432	461	0.000004
432	464	0.951515
433	462	0.000051
433	463	0.991529
433	465	0.000004
433	466	0.000001
433	467	0.000002
434	462	0.997824
434	463	0.000016
435	461	0.999383
436	460	0.999980
437	459	0.999957
438	458	0.999902
439	456	0.000023
439	457	0.998670
442	454	0.999762
442	455	0.000031
443	451	0.000102
443	453	0.999262
444	449	0.000002
444	450	0.000211
444	451	0.000132
444	452	0.999174
444	453	0.000081
445	449	0.000234
445	450	0.010069
445	451	0.976346
445	452	0.000258
445	453	0.000019
446	450	0.934775
446	451	0.000263
446	452	0.000034
447	451	0.000032
505	705	0.000010
506	704	0.000029
507	703	0.000031
508	703	0.008577
508	705	0.020319
508	706	0.000036
508	767	0.000135
508	786	0.000001
509	513	0.000003
509	515	0.000003
509	697	0.000002
509	701	0.001131
509	702	0.088940
509	704	0.056425
509	707	0.000272
509	741	0.000003
509	766	0.000413
509	768	0.000001
509	785	0.000004
510	514	0.000004
510	695	0.000001
510	698	0.000002
510	699	0.000017
510	700	0.001997
510	703	0.054318
510	705	0.000385
510	706	0.000444
510	740	0.000005
510	763	0.000056
510	764	0.000039
510	765	0.000775
510	767	0.000004
510	773	0.000001
510	774	0.000031
510	775	0.000001
510	784	0.000004
511	539	0.000058
511	695	0.000008
511	698	0.000021
511	699	0.000383
511	700	0.864530
511	703	0.000032
511	705	0.000089
511	706	0.000004
511	762	0.000090
511	763	0.000063
511	764	0.000857
511	765	0.000389
511	772	0.000001
511	773	0.000040
511	774	0.000001
511	776	0.000004
511	777	0.000047
511	783	0.000002
512	538	0.012044
512	694	0.000007
512	698	0.000368
512	699	0.978522
512	740	0.000001
512	761	0.000106
512	762	0.000074
512	763	0.000895
512	764	0.000445
512	772	0.000039
512	775	0.000005
512	776	0.000572
512	777	0.000010
512	782	0.000001
513	537	0.012101
513	538	0.000004
513	694	0.000003
513	698	0.978868
513	699	0.000004
513	703	0.000011
513	739	0.000001
513	751	0.000003
513	760	0.000106
513	761	0.000075
513	762	0.000894
513	763	0.000441
513	764	0.000001
513	772	0.000007
513	775	0.000573
513	776	0.000013
514	536	0.012090
514	693	0.000001
514	696	0.004386
514	697	0.933615
514	702	0.000011
514	704	0.000007
514	738	0.000001
514	750	0.000004
514	758	0.000003
514	759	0.000057
514	771	0.000004
515	694	0.945682
515	703	0.000006
515	737	0.000001
515	760	0.000475
515	761	0.000194
515	762	0.000004
515	772	0.000002
516	535	0.012105
516	693	0.987580
516	696	0.000003
516	702	0.000001
516	758	0.000018
516	759	0.000051
517	534	0.012108
517	692	0.987519
517	695	0.000002
517	757	0.000017
518	533	0.012111
518	689	0.000022
518	691	0.987779
518	694	0.000001
519	532	0.012105
519	688	0.000024
519	690	0.987406
520	529	0.000008
520	530	0.000012
520	531	0.012091
520	687	0.000013
520	689	0.987325
521	528	0.000011
521	529	0.000023
521	530	0.012069
521	687	0.987196
521	689	0.000011
522	527	0.000013
522	686	0.986939
522	688	0.000019
523	528	0.000610
523	529	0.000161
523	684	0.000002
523	685	0.985875
523	687	0.000014
524	528	0.000115
524	529	0.000013
524	684	0.985687
524	685	0.000003
525	682	0.000044
525	683	0.983434
526	682	0.958015
526	683	0.000041
527	680	0.000009
527	681	0.902576
528	536	0.000005
528	583	0.000003
528	584	0.001242
528	585	0.979105
528	586	0.000469
528	587	0.000015
529	535	0.000005
529	536	0.000007
529	582	0.000003
529	583	0.001243
529	584	0.985540
529	585	0.001020
529	586	0.000016
530	535	0.000007
530	581	0.000002
530	582	0.001235
530	583	0.985599
530	584	0.001000
530	585	0.000016
531	581	0.000861
531	582	0.984924
531	583	0.000975
531	584	0.000016
533	579	0.000041
533	580	0.879791
533	581	0.000302
533	582	0.000024
534	579	0.986048
534	580	0.000174
534	581	0.000014
535	577	0.000389
535	578	0.987414
536	576	0.000591
536	577	0.986001
536	578	0.000019
537	575	0.000325
538	575	0.113521
539	573	0.000001
539	575	0.883579
540	574	0.991350
541	573	0.999949
542	572	0.999983
543	571	0.992495
544	569	0.000550
544	573	0.000001
545	569	0.981578
545	572	0.000001
546	567	0.000003
546	568	0.997960
546	571	0.000001
547	567	0.998669
547	568	0.000007
547	570	0.000018
548	566	0.999273
548	569	0.000018
549	567	0.000009
549	568	0.000015
550	565	0.999772
550	566	0.000006
551	564	0.999959
552	563	0.999918
553	560	0.000001
553	562	0.999651
554	560	0.000010
554	561	0.999205
554	563	0.000020
555	559	0.000509
555	560	0.873915
555	562	0.000029
556	560	0.000117
556	561	0.000045
557	561	0.000001
575	772	0.000022
576	582	0.000001
576	583	0.000004
576	584	0.000032
576	585	0.000112
576	766	0.000002
576	768	0.000030
576	769	0.000482
576	771	0.000083
577	582	0.000004
577	583	0.000032
577	584	0.000112
577	766	0.000009
577	768	0.000626
577	769	0.005889
577	771	0.000015
578	582	0.000031
578	583	0.000111
578	766	0.000352
578	768	0.007247
578	769	0.000026
578	771	0.000012
579	765	0.000319
579	767	0.007066
579	770	0.000012
579	773	0.000002
579	774	0.000001
579	775	0.000002
580	764	0.000273
580	765	0.002377
580	767	0.000024
580	770	0.000001
580	772	0.000003
580	773	0.000002
580	774	0.000003
581	763	0.000229
581	764	0.002680
581	765	0.008339
581	773	0.000002
582	762	0.000230
582	763	0.002836
582	764	0.008867
582	772	0.000002
583	761	0.000230
583	762	0.002845
583	763	0.008859
583	764	0.000038
584	760	0.000228
584	761	0.002852
584	762	0.008850
584	763	0.000041
584	764	0.000002
585	680	0.000042
585	760	0.002841
585	761	0.008817
585	762	0.000043
585	763	0.000002
586	679	0.000040
586	680	0.990164
586	760	0.003944
586	761	0.000045
586	762	0.000002
587	679	0.998683
587	680	0.000766
587	760	0.000046
587	761	0.000002
588	678	0.997865
588	758	0.000032
588	759	0.000024
589	759	0.000002
590	676	0.000016
590	677	0.999719
590	678	0.000004
591	676	0.999968
591	677	0.000002
592	675	0.999202
593	674	0.999929
594	673	0.999985
595	672	0.999698
596	670	0.000001
596	671	0.999965
597	670	0.996596
597	671	0.000002
599	668	0.996004
600	667	0.999975
601	666	0.999511
602	665	0.999977
603	664	0.999991
604	663	0.999991
605	662	0.999957
606	661	0.999964
607	660	0.999991
608	659	0.999957
609	657	0.000008
609	658	0.999947
610	656	0.000016
610	657	0.999966
610	658	0.000002
611	654	0.000005
611	656	0.998723
611	657	0.000003
612	616	0.000001
613	653	0.000636
614	652	0.000330
614	653	0.863852
615	652	0.865255
615	653	0.000004
616	651	0.864967
616	652	0.000003
616	655	0.131663
617	650	0.861832
617	654	0.134346
618	643	0.000001
618	648	0.004279
618	653	0.131230
619	642	0.000001
619	647	0.002164
619	648	0.858863
619	652	0.127264
619	653	0.003143
620	647	0.863075
620	652	0.006240
621	646	0.864516
622	639	0.000003
622	645	0.864182
622	651	0.116090
623	641	0.000001
623	644	0.864414
623	646	0.000002
623	650	0.134585
624	637	0.000247
624	640	0.000001
624	642	0.000013
624	643	0.748940
624	645	0.000004
624	648	0.000002
624	649	0.134693
625	636	0.000538
625	640	0.000045
625	642	0.262211
625	643	0.106717
625	647	0.000005
625	648	0.134725
626	635	0.000573
626	636	0.000003
626	638	0.001291
626	640	0.004033
626	642	0.088665
626	643	0.002778
626	647	0.134646
627	634	0.000572
627	635	0.000002
627	637	0.001305
627	638	0.000012
627	639	0.003953
627	640	0.000070
627	642	0.002969
627	643	0.000403
627	645	0.124748
628	633	0.000555
628	641	0.013289
628	644	0.130416
628	646	0.000003
629	635	0.001366
629	636	0.000936
629	638	0.002431
629	640	0.013149
629	642	0.577578
629	643	0.065416
630	641	0.979502
631	635	0.000141
631	636	0.001074
631	638	0.010738
631	640	0.980472
631	642	0.000001
632	636	0.000013
632	637	0.009247
632	638	0.000015
632	639	0.980353
633	638	0.977361
633	640	0.000001
678	687	0.000012
678	689	0.000012
678	691	0.000001
679	686	0.000011
679	688	0.000012
679	690	0.000009
679	759	0.000001
680	686	0.000002
680	690	0.000001
680	758	0.000003
681	686	0.000024
681	688	0.000262
681	690	0.000306
681	759	0.000003
681	766	0.000006
681	771	0.000001
682	687	0.000264
682	689	0.000311
682	756	0.000013
682	757	0.000002
682	760	0.000003
682	761	0.000001
682	763	0.000001
682	765	0.000006
683	687	0.000002
683	689	0.000009
683	755	0.000016
683	756	0.000002
683	760	0.000068
683	761	0.000001
683	762	0.000002
683	764	0.000006
683	770	0.000027
684	688	0.000009
684	690	0.000004
684	754	0.000016
684	759	0.000074
684	769	0.000031
685	690	0.000005
685	759	0.000187
685	768	0.000032
686	755	0.000011
686	756	0.000023
686	757	0.000060
686	760	0.000012
686	767	0.000032
687	704	0.000001
687	707	0.000002
687	754	0.000012
687	758	0.006416
687	759	0.000011
687	766	0.000032
688	703	0.000001
688	705	0.000019
688	706	0.000001
688	755	0.000317
688	756	0.000925
688	757	0.006075
688	765	0.000031
689	702	0.000001
689	704	0.000024
689	754	0.000368
689	758	0.000336
690	703	0.000024
690	705	0.000001
690	755	0.000456
690	756	0.000011
690	757	0.000328
690	763	0.000018
691	702	0.000024
691	704	0.000001
691	753	0.012098
691	754	0.000016
692	701	0.000023
692	752	0.012181
693	699	0.000016
693	703	0.000004
693	751	0.012208
694	702	0.000032
694	746	0.000002
694	750	0.012362
694	753	0.000203
695	701	0.000033
695	745	0.000002
695	752	0.000196
696	700	0.000027
696	705	0.000005
696	706	0.000002
696	749	0.017507
696	751	0.000060
696	791	0.000002
697	703	0.000055
697	708	0.000002
697	743	0.000010
697	748	0.018692
697	790	0.000013
698	702	0.000054
698	704	0.000105
698	707	0.000023
698	742	0.000010
698	746	0.000039
698	747	0.018666
698	789	0.000013
699	704	0.000043
699	707	0.000002
699	741	0.000010
699	745	0.000041
699	746	0.018696
699	788	0.000013
700	744	0.000115
700	745	0.017702
700	766	0.000008
700	787	0.000014
701	705	0.000370
701	706	0.000602
701	740	0.000827
701	743	0.000159
701	749	0.000007
701	763	0.000001
701	765	0.000012
701	773	0.000004
701	776	0.000002
701	783	0.000079
701	786	0.000020
702	708	0.000032
702	710	0.000005
702	739	0.002597
702	740	0.000135
702	743	0.018652
702	748	0.000009
702	762	0.000002
702	764	0.000013
702	772	0.000005
702	775	0.000003
702	776	0.000003
702	777	0.000001
702	782	0.000091
702	784	0.000031
703	707	0.000545
703	709	0.000006
703	711	0.000033
703	738	0.002768
703	741	0.052854
703	742	0.017448
703	744	0.000292
703	747	0.000004
703	771	0.000002
703	778	0.000004
703	779	0.000001
703	781	0.000050
703	785	0.000895
704	708	0.000005
704	710	0.000035
704	737	0.002441
704	739	0.000085
704	740	0.055713
704	743	0.000334
704	760	0.000002
704	762	0.000011
704	775	0.000001
704	777	0.000005
704	782	0.000126
704	784	0.000895
705	709	0.000024
705	745	0.000003
705	759	0.000002
705	780	0.000003
705	781	0.000125
706	734	0.000029
706	744	0.000003
706	780	0.000093
706	781	0.000005
707	733	0.000029
707	737	0.017035
707	739	0.901158
707	740	0.000308
707	743	0.000002
707	782	0.000016
707	784	0.000002
708	732	0.000006
708	734	0.000003
708	736	0.018726
708	738	0.979884
708	742	0.000001
709	735	0.018392
709	737	0.979295
709	739	0.000005
710	734	0.007255
710	736	0.980364
710	738	0.000021
711	733	0.002066
711	735	0.939505
711	737	0.000021
712	733	0.914584
712	735	0.000082
713	732	0.996586
713	734	0.000067
714	731	0.999940
714	733	0.000022
715	730	0.999984
715	731	0.000004
716	729	0.999968
716	730	0.000003
717	727	0.003329
717	728	0.994675
718	723	0.000022
718	724	0.001144
718	726	0.006677
718	727	0.989322
718	728	0.000004
719	723	0.001125
719	724	0.001314
719	726	0.980466
719	727	0.000013
719	728	0.000007
720	727	0.000017
721	727	0.000003
732	786	0.000003
733	785	0.000012
734	784	0.000012
736	782	0.000020
737	780	0.000001
737	781	0.000022
737	785	0.000016
738	782	0.000003
738	784	0.000017
739	778	0.000034
739	779	0.063134
739	780	0.000003
740	750	0.000001
740	752	0.000002
740	753	0.000004
740	778	0.525790
740	779	0.000020
741	748	0.000002
741	751	0.000001
741	761	0.000043
741	762	0.000006
741	763	0.000007
741	764	0.000013
741	775	0.000022
741	776	0.049469
741	777	0.760354
742	748	0.000013
742	751	0.000090
742	760	0.000043
742	761	0.000006
742	762	0.000007
742	763	0.000013
742	764	0.000009
742	772	0.000457
742	775	0.050025
742	776	0.841860
742	777	0.000012
743	747	0.000005
743	750	0.000109
743	758	0.000049
743	759	0.000004
743	766	0.000160
743	768	0.000003
743	771	0.000469
743	778	0.000003
744	749	0.000093
744	757	0.000051
744	760	0.000003
744	761	0.000003
744	762	0.000012
744	763	0.000002
744	764	0.000015
744	765	0.000176
744	767	0.000004
744	770	0.000456
744	772	0.000019
744	773	0.002641
744	774	0.870100
744	775	0.000027
744	776	0.000001
744	777	0.000005
745	756	0.000050
745	760	0.000002
745	761	0.000013
745	762	0.000004
745	763	0.000027
745	764	0.000179
745	765	0.000064
745	770	0.000002
745	772	0.002680
745	773	0.888690
745	774	0.000022
745	776	0.000031
745	777	0.000001
746	760	0.000014
746	761	0.000005
746	762	0.000034
746	763	0.000179
746	764	0.000072
746	772	0.888960
746	775	0.000042
746	776	0.000015
747	755	0.000002
747	756	0.000001
747	760	0.000005
747	761	0.000035
747	762	0.000173
747	763	0.000068
747	764	0.000002
747	765	0.000019
747	767	0.001159
747	770	0.765819
747	772	0.000005
747	774	0.000037
747	775	0.000015
748	753	0.000047
748	754	0.000002
748	758	0.000003
748	759	0.000002
748	766	0.001051
748	768	0.000307
748	769	0.830201
748	771	0.000099
749	759	0.000033
749	766	0.001144
749	768	0.818390
749	769	0.013287
749	771	0.000012
750	760	0.000122
750	761	0.000028
750	762	0.000061
750	763	0.005336
750	764	0.022492
750	772	0.000028
750	775	0.000013
750	776	0.000008
751	758	0.000368
751	759	0.000060
751	766	0.822238
751	768	0.000046
751	769	0.000005
751	771	0.000021
751	778	0.000001
752	756	0.000001
752	757	0.000318
752	760	0.000006
752	761	0.005339
752	762	0.022964
752	763	0.002416
752	764	0.000872
752	765	0.867286
752	767	0.000023
752	770	0.000015
752	773	0.000022
752	774	0.000002
752	776	0.000007
752	777	0.000002
753	760	0.005554
753	761	0.023713
753	762	0.002708
753	763	0.001809
753	764	0.867126
753	772	0.000026
753	775	0.000012
753	776	0.000006
754	760	0.023367
754	761	0.002735
754	762	0.002540
754	763	0.855245
754	764	0.000004
754	765	0.000001
754	767	0.000020
754	770	0.000012
754	774	0.000011
754	775	0.000006
755	759	0.016398
755	766	0.000021
755	769	0.000013
756	766	0.000003
756	768	0.000012
756	769	0.000003
757	766	0.000003
757	768	0.000003
757	769	0.000001
757	771	0.000003
758	762	0.000973
758	763	0.000176
758	764	0.000050
758	772	0.000020
758	775	0.000030
758	776	0.000015
758	784	0.000001
759	763	0.000045
759	764	0.000005
759	765	0.000008
759	767	0.000016
759	770	0.000062
759	772	0.000001
759	773	0.000005
759	774	0.000030
759	775	0.000015
759	783	0.000001
760	766	0.000019
760	768	0.000002
760	769	0.000079
760	771	0.000003
760	779	0.000001
760	780	0.000008
760	781	0.000006
761	766	0.000010
761	768	0.000075
761	769	0.000023
761	771	0.000006
761	778	0.000001
761	779	0.000009
761	780	0.000019
761	781	0.000005
762	766	0.000002
762	768	0.000025
762	769	0.000035
762	771	0.000015
762	778	0.000009
762	779	0.000021
762	780	0.000012
763	768	0.000037
763	769	0.000012
763	771	0.000010
763	778	0.000021
763	779	0.000023
764	768	0.000035
764	769	0.000201
764	771	0.000052
764	778	0.000024
764	779	0.000001
765	769	0.000058
765	771	0.000474
766	770	0.000399
766	772	0.000110
766	773	0.000173
766	774	0.000013
766	775	0.000016
766	776	0.000006
766	777	0.000002
767	771	0.000113
768	772	0.000017
768	773	0.000080
768	774	0.000056
768	775	0.000052
768	776	0.000031
768	777	0.000006
769	773	0.000089
769	774	0.000081
769	775	0.000052
769	776	0.000053
769	777	0.000001
771	775	0.000007
771	776	0.000063
771	777	0.000004
772	778	0.000003
772	779	0.000010
773	780	0.000001
773	781	0.000011
774	780	0.000017
774	789	0.000002
774	796	0.000003
775	779	0.000017
775	788	0.000002
775	795	0.000003
775	800	0.000028
776	787	0.000002
776	794	0.000003
776	799	0.000031
777	785	0.000006
777	793	0.000003
777	798	0.000031
777	825	0.000001
778	784	0.000006
778	791	0.000003
778	797	0.000030
778	824	0.000001
779	784	0.000009
779	790	0.000003
779	791	0.000002
780	784	0.000004
780	786	0.000004
780	790	0.000002
780	792	0.000005
781	786	0.000007
781	791	0.000005
781	821	0.000001
782	788	0.000006
782	795	0.000023
782	820	0.000001
783	787	0.000005
783	789	0.000007
783	794	0.000023
783	819	0.000001
784	788	0.000007
784	793	0.000021
784	825	0.000003
785	790	0.000006
785	791	0.000010
785	824	0.000003
786	823	0.000003
789	821	0.000003
790	799	0.000003
790	820	0.000003
791	798	0.000003
791	819	0.000003
792	818	0.000003
796	821	0.000015
796	826	0.000487
797	820	0.000039
797	825	0.001070
798	824	0.001168
799	824	0.000264
800	804	0.000048
800	805	0.000172
800	806	0.000144
800	807	0.000232
800	808	0.000088
800	809	0.000121
800	811	0.000007
800	815	0.000983
800	821	0.000124
800	824	0.010478
800	826	0.000025
800	827	0.000004
801	812	0.000006
801	813	0.000356
801	814	0.001152
801	816	0.000054
801	817	0.091506
801	818	0.000510
801	819	0.000167
801	822	0.000075
801	823	0.014374
802	812	0.000468
802	813	0.001114
802	814	0.000054
802	816	0.121335
802	817	0.000424
802	818	0.000151
802	819	0.000041
802	822	0.015146
802	823	0.000099
803	807	0.000392
803	808	0.001435
803	809	0.000883
803	811	0.000464
803	815	0.126014
803	821	0.014169
803	824	0.000283
803	826	0.000005
803	827	0.000002
804	812	0.000023
804	813	0.000316
804	814	0.126077
804	816	0.000044
804	817	0.000119
804	818	0.000372
804	819	0.007556
804	822	0.000016
804	823	0.000356
805	812	0.000385
805	813	0.123187
805	814	0.002091
805	816	0.000134
805	817	0.000462
805	818	0.008439
805	819	0.008796
805	822	0.000307
805	823	0.000054
806	812	0.102950
806	813	0.002578
806	814	0.000819
806	816	0.000410
806	817	0.008552
806	818	0.009861
806	819	0.003988
806	822	0.000047
806	823	0.000042
807	812	0.002098
807	813	0.000933
807	814	0.000625
807	816	0.008076
807	817	0.009691
807	818	0.004928
807	819	0.000372
807	822	0.000037
807	823	0.000041
808	812	0.000591
808	813	0.000572
808	814	0.000483
808	816	0.008306
808	817	0.005132
808	818	0.000436
808	819	0.000202
808	822	0.000037
808	823	0.000034
809	813	0.000327
809	814	0.000456
809	816	0.003808
809	817	0.000380
809	818	0.000223
809	819	0.000015
809	822	0.000030
809	823	0.000008
810	824	0.002712
811	816	0.000040
811	817	0.000122
811	818	0.000163
811	819	0.000058
811	822	0.000140
811	823	0.002607
812	821	0.000185
812	824	0.000011
812	826	0.000018
812	827	0.000019
813	821	0.000173
813	824	0.000020
813	826	0.000030
813	827	0.000013
814	821	0.000073
814	824	0.000293
814	826	0.000021
814	827	0.000003
815	819	0.000027
815	822	0.000125
815	823	0.000350
816	821	0.000121
816	824	0.000033
816	826	0.000010
816	827	0.000050
817	821	0.000026
817	824	0.000110
817	826	0.000090
817	827	0.000031
818	824	0.000111
818	826	0.000063
818	827	0.000110
819	824	0.000033
819	826	0.000170
819	827	0.000009
820	824	0.000099
822	826	0.000026
822	827	0.000026
823	827	0.000013
