1	7	0.000005
1	8	0.000004
1	9	0.000001
1	12	0.000004
1	13	0.000002
1	15	0.000018
1	41	0.019746
1	67	0.001064
1	75	0.000036
1	76	0.000024
1	688	0.000013
1	690	0.002234
1	747	0.000037
1	755	0.539620
1	758	0.000041
1	767	0.000007
1	768	0.000013
1	769	0.000052
1	771	0.000008
1	772	0.000023
1	773	0.000063
1	774	0.000194
1	777	0.000156
1	778	0.000441
2	7	0.000016
2	8	0.000003
2	11	0.000006
2	12	0.000004
2	14	0.000022
2	15	0.000007
2	30	0.000069
2	39	0.000018
2	40	0.026411
2	41	0.000156
2	42	0.000427
2	46	0.000137
2	50	0.000005
2	53	0.000002
2	62	0.000792
2	64	0.000002
2	65	0.000085
2	66	0.001218
2	67	0.000004
2	74	0.000047
2	75	0.000049
2	76	0.000002
2	683	0.000092
2	686	0.000059
2	688	0.000001
2	689	0.001699
2	690	0.247027
2	746	0.000047
2	753	0.000016
2	754	0.610826
2	755	0.003083
2	758	0.000008
2	765	0.000397
2	767	0.000011
2	768	0.000046
2	769	0.000137
2	771	0.000013
2	772	0.000050
2	773	0.000309
2	774	0.000276
2	775	0.020997
2	777	0.000368
2	778	0.000057
2	780	0.003983
3	7	0.000005
3	8	0.000005
3	9	0.000002
3	11	0.000004
3	13	0.000022
3	14	0.000009
3	29	0.000070
3	39	0.026430
3	40	0.000197
3	41	0.000346
3	42	0.004799
3	46	0.000012
3	50	0.000002
3	52	0.000002
3	61	0.000798
3	62	0.000005
3	64	0.000085
3	65	0.001209
3	66	0.000005
3	74	0.000052
3	75	0.000001
3	76	0.000003
3	682	0.000039
3	683	0.000285
3	686	0.000048
3	688	0.000657
3	689	0.290505
3	690	0.000007
3	745	0.000047
3	752	0.000002
3	753	0.608227
3	754	0.003299
3	755	0.000024
3	758	0.000004
3	765	0.000113
3	767	0.000018
3	768	0.000157
3	769	0.000073
3	771	0.000015
3	772	0.000273
3	773	0.000353
3	774	0.019168
3	775	0.008661
3	777	0.000030
3	778	0.000249
3	780	0.004703
4	8	0.000006
4	9	0.000005
4	12	0.000021
4	13	0.000009
4	28	0.000070
4	41	0.004619
4	60	0.000811
4	61	0.000003
4	75	0.000002
4	682	0.000239
4	688	0.291327
4	690	0.000004
4	744	0.000047
4	752	0.592529
4	755	0.000016
4	758	0.000007
4	767	0.000133
4	768	0.000065
4	769	0.000011
4	771	0.000203
4	772	0.000267
4	773	0.016134
4	774	0.007420
4	777	0.000227
4	778	0.001838
5	10	0.000015
5	27	0.000070
5	48	0.000003
5	59	0.000812
5	68	0.000005
5	71	0.000025
5	72	0.000001
5	687	0.290873
5	691	0.000010
5	743	0.000047
5	748	0.000002
5	751	0.581299
5	779	0.007737
6	26	0.000070
6	41	0.000668
6	55	0.000001
6	58	0.000746
6	67	0.000005
6	75	0.000005
6	76	0.000005
6	77	0.000002
6	682	0.000081
6	688	0.000012
6	690	0.000009
6	696	0.000008
6	744	0.000001
6	747	0.000004
6	752	0.000003
6	755	0.000011
6	758	0.000059
6	767	0.000029
6	768	0.000006
6	769	0.000024
6	771	0.000834
6	772	0.000251
6	773	0.000105
6	774	0.000029
6	777	0.000377
6	778	0.006263
7	25	0.000065
7	37	0.000034
7	38	0.002841
7	43	0.000188
7	44	0.000192
7	45	0.000089
7	47	0.000013
7	48	0.000003
7	49	0.000007
7	51	0.000001
7	54	0.000001
7	57	0.000687
7	63	0.000002
7	70	0.000001
7	73	0.000005
7	681	0.000045
7	684	0.000223
7	685	0.010108
7	687	0.000014
7	692	0.000004
7	694	0.000001
7	695	0.000015
7	748	0.000005
7	749	0.001711
7	751	0.000005
7	756	0.000004
7	757	0.000062
7	759	0.000004
7	760	0.000011
7	761	0.000018
7	762	0.000019
7	763	0.000020
7	764	0.000027
7	766	0.000029
7	770	0.000739
7	776	0.000405
7	779	0.000014
7	781	0.000025
7	782	0.000028
8	22	0.000033
8	37	0.001941
8	38	0.693154
8	43	0.000127
8	44	0.000074
8	45	0.000010
8	47	0.000005
8	48	0.000006
8	56	0.000175
8	73	0.000002
8	681	0.000003
8	684	0.005564
8	685	0.000145
8	691	0.000001
8	692	0.000001
8	694	0.000010
8	695	0.000003
8	748	0.000236
8	749	0.000027
8	756	0.000032
8	757	0.000003
8	759	0.000007
8	760	0.000016
8	761	0.000019
8	762	0.000019
8	763	0.000025
8	764	0.000003
8	766	0.000002
8	770	0.000011
8	776	0.000203
8	779	0.000005
8	781	0.000026
8	782	0.000070
9	19	0.000004
9	21	0.000041
9	37	0.952847
9	38	0.000341
9	43	0.000024
9	44	0.000003
9	47	0.000002
9	681	0.000002
9	684	0.000077
9	685	0.000022
9	694	0.000002
9	748	0.000003
9	749	0.000008
9	756	0.000002
9	759	0.000007
9	760	0.000011
9	761	0.000011
9	762	0.000014
9	763	0.000002
9	766	0.000001
9	770	0.000001
9	776	0.000004
9	779	0.000001
9	781	0.000123
10	18	0.000004
10	20	0.000041
10	23	0.000002
10	30	0.000001
10	36	0.999540
10	42	0.000006
10	683	0.000008
10	780	0.000128
11	16	0.000008
11	35	0.999627
11	779	0.000126
12	19	0.000003
12	31	0.000004
12	34	0.991570
12	35	0.000003
12	38	0.000001
13	31	0.000122
13	34	0.000106
13	37	0.000002
13	49	0.000011
14	35	0.000006
14	48	0.000013
15	31	0.914064
15	34	0.000007
15	47	0.000013
15	63	0.000001
15	776	0.000011
16	28	0.000021
16	29	0.077129
16	30	0.917084
16	32	0.000048
16	33	0.000004
16	46	0.000012
16	61	0.000001
16	62	0.000002
16	775	0.000012
17	26	0.000064
17	28	0.533649
17	29	0.462596
17	60	0.000002
17	774	0.000008
18	25	0.000136
18	27	0.988292
18	59	0.000003
19	24	0.000099
19	26	0.987344
19	28	0.010478
19	58	0.000003
20	25	0.983828
20	27	0.010728
20	57	0.000003
21	26	0.008118
21	28	0.000001
21	29	0.000003
22	26	0.000008
22	28	0.000017
23	27	0.000017
23	48	0.000003
24	37	0.000003
24	47	0.000003
25	36	0.000003
25	46	0.000003
25	52	0.000003
25	64	0.000007
26	35	0.000003
26	37	0.000006
26	45	0.000002
26	51	0.000003
26	63	0.000007
27	36	0.000007
27	50	0.000003
27	62	0.000007
28	35	0.000006
28	49	0.000003
29	34	0.000004
29	48	0.000003
30	35	0.000001
30	59	0.000009
31	58	0.000009
32	57	0.000009
33	56	0.000009
33	781	0.000002
34	41	0.000003
34	55	0.000008
34	61	0.000001
34	75	0.000006
35	40	0.000003
35	42	0.000001
35	60	0.000002
35	74	0.000007
35	780	0.000158
36	59	0.000002
36	779	0.000159
37	41	0.000006
37	58	0.000001
37	61	0.000008
37	75	0.000033
37	76	0.000122
37	77	0.000014
37	774	0.000001
37	778	0.000152
38	58	0.001174
38	60	0.000023
38	75	0.000257
38	76	0.000102
38	77	0.000017
38	682	0.000001
38	688	0.000002
38	696	0.000004
38	755	0.000001
38	773	0.000002
38	774	0.000001
38	777	0.000106
38	778	0.000003
39	48	0.000985
39	57	0.001450
39	59	0.000029
39	68	0.000010
39	69	0.003807
39	71	0.000263
39	72	0.495481
39	687	0.000002
39	691	0.000007
39	694	0.000329
39	698	0.000002
39	699	0.000014
39	779	0.000034
40	48	0.010278
40	56	0.001455
40	57	0.000008
40	59	0.000004
40	68	0.003869
40	69	0.000620
40	71	0.506905
40	72	0.000056
40	691	0.000019
40	694	0.000678
40	698	0.000015
40	748	0.000001
40	779	0.000028
41	45	0.000161
41	47	0.009630
41	48	0.000120
41	49	0.015147
41	51	0.000010
41	54	0.000006
41	56	0.000003
41	57	0.000035
41	63	0.000006
41	68	0.000442
41	69	0.003205
41	70	0.504433
41	71	0.000038
41	72	0.000021
41	73	0.000355
41	691	0.000001
41	692	0.001152
41	694	0.000086
41	695	0.025337
41	749	0.000063
41	756	0.000001
41	760	0.000001
41	761	0.000001
41	762	0.000001
41	770	0.000001
41	776	0.000007
41	779	0.000003
41	781	0.000147
41	782	0.000003
42	48	0.018350
42	56	0.000062
42	57	0.000001
42	59	0.000027
42	68	0.014263
42	69	0.489853
42	71	0.000050
42	72	0.000415
42	78	0.000009
42	691	0.001163
42	694	0.028799
42	748	0.000074
42	779	0.003278
43	55	0.000055
43	58	0.000026
43	61	0.000011
43	67	0.022732
43	76	0.000011
43	77	0.000047
43	690	0.000777
43	696	0.000008
43	747	0.000062
43	755	0.000006
43	758	0.000003
43	767	0.000001
43	768	0.000008
43	769	0.000040
43	771	0.000002
43	772	0.000013
43	773	0.000076
43	774	0.000115
43	777	0.000010
43	778	0.003246
44	55	0.000003
44	58	0.000003
44	60	0.000005
44	61	0.000890
44	67	0.009975
44	75	0.000009
44	76	0.000081
44	77	0.000061
44	690	0.000004
44	696	0.000004
44	745	0.000025
44	755	0.000008
44	758	0.000008
44	767	0.000008
44	768	0.000044
44	769	0.000015
44	771	0.000011
44	772	0.000083
44	773	0.000132
44	774	0.000049
44	777	0.002599
44	778	0.000122
45	55	0.000002
45	58	0.000024
45	60	0.001115
45	61	0.000018
45	67	0.001724
45	75	0.000066
45	76	0.000091
45	77	0.000046
45	79	0.000039
45	688	0.000353
45	690	0.000003
45	696	0.000007
45	744	0.000027
45	755	0.000005
45	758	0.000003
45	767	0.000032
45	768	0.000013
45	769	0.000003
45	771	0.000060
45	772	0.000078
45	773	0.000045
45	774	0.000013
45	777	0.000106
45	778	0.000050
46	56	0.000342
46	57	0.000024
46	59	0.001141
46	68	0.073958
46	69	0.000004
46	71	0.000021
46	72	0.000031
46	78	0.000044
46	687	0.000367
46	691	0.253526
46	694	0.000027
46	743	0.000027
46	748	0.000398
46	779	0.002998
47	55	0.000348
47	58	0.001042
47	60	0.000124
47	61	0.000505
47	67	0.074254
47	75	0.002347
47	76	0.000016
47	77	0.000053
47	690	0.262336
47	747	0.000401
47	755	0.000662
47	758	0.000002
47	767	0.000002
47	768	0.000003
47	769	0.000055
47	771	0.000003
47	772	0.000007
47	773	0.000057
47	774	0.000267
47	777	0.000034
47	778	0.002708
48	52	0.000027
48	53	0.000276
48	55	0.000004
48	58	0.000002
48	60	0.000336
48	61	0.414995
48	62	0.096314
48	64	0.001521
48	65	0.000618
48	66	0.065878
48	67	0.000002
48	74	0.002672
48	75	0.000012
48	76	0.000068
48	77	0.000001
48	683	0.000051
48	686	0.000015
48	689	0.263544
48	693	0.000011
48	741	0.000004
48	742	0.000002
48	745	0.000002
48	746	0.000400
48	750	0.000009
48	753	0.000015
48	754	0.000730
48	755	0.000006
48	765	0.000038
48	767	0.000002
48	768	0.000063
48	769	0.000023
48	771	0.000003
48	772	0.000062
48	773	0.000288
48	774	0.000090
48	775	0.003475
48	777	0.001066
48	778	0.000040
48	780	0.001224
49	55	0.000014
49	58	0.000372
49	60	0.567141
49	61	0.048632
49	75	0.000063
49	76	0.000002
49	682	0.000043
49	688	0.263230
49	744	0.000051
49	745	0.000322
49	752	0.000015
49	755	0.000004
49	758	0.000002
49	767	0.000052
49	768	0.000020
49	769	0.000003
49	771	0.000046
49	772	0.000201
49	773	0.000091
49	774	0.002965
49	777	0.000043
49	778	0.000018
50	56	0.000635
50	57	0.000414
50	59	0.621107
50	68	0.000033
50	69	0.000007
50	71	0.010876
50	72	0.002441
50	687	0.262125
50	691	0.000022
50	694	0.000007
50	740	0.000002
50	743	0.000099
50	748	0.000005
50	751	0.000015
50	779	0.001793
51	55	0.000430
51	58	0.619547
51	60	0.000471
51	61	0.000007
51	67	0.000031
51	75	0.000021
51	76	0.000019
51	77	0.000004
51	79	0.000005
51	682	0.000022
51	688	0.000002
51	690	0.000009
51	744	0.000013
51	747	0.000004
51	755	0.000003
51	758	0.000001
51	767	0.000001
51	768	0.000001
51	769	0.000003
51	771	0.000004
51	772	0.000057
51	773	0.000033
51	774	0.000015
51	777	0.000012
51	778	0.001404
52	56	0.000430
52	57	0.613572
52	59	0.000488
52	68	0.000043
52	69	0.341769
52	71	0.000089
52	72	0.000216
52	78	0.000005
52	687	0.000004
52	740	0.000001
52	743	0.000012
52	779	0.000006
53	57	0.000415
53	59	0.000106
53	68	0.347954
53	69	0.000228
53	71	0.000213
53	72	0.000001
53	78	0.000111
53	687	0.000001
53	739	0.000001
53	779	0.000005
54	58	0.000074
54	60	0.000019
54	61	0.000012
54	67	0.342669
54	75	0.000003
54	76	0.000096
54	77	0.000426
54	682	0.000017
54	744	0.000109
54	767	0.000001
54	771	0.000009
54	777	0.000016
54	778	0.000004
55	59	0.000018
55	63	0.000188
55	68	0.000040
55	69	0.000046
55	70	0.000004
55	681	0.000012
55	684	0.000342
55	685	0.000003
55	743	0.000111
55	766	0.000002
55	770	0.000010
55	776	0.000020
55	779	0.000001
55	781	0.000001
56	62	0.000209
56	64	0.000064
56	65	0.341782
56	66	0.013750
56	67	0.000058
56	74	0.000040
56	75	0.012779
56	76	0.000043
56	77	0.000015
56	680	0.000001
56	683	0.000360
56	686	0.000006
56	742	0.000116
56	765	0.000002
56	768	0.000048
56	769	0.000007
56	775	0.000020
56	778	0.000003
56	780	0.000001
57	61	0.000088
57	62	0.000053
57	64	0.342543
57	65	0.013380
57	66	0.000074
57	67	0.000005
57	74	0.015174
57	75	0.000025
57	76	0.000037
57	682	0.000200
57	686	0.000006
57	704	0.000007
57	741	0.000116
57	767	0.000069
57	768	0.000003
57	774	0.000008
57	777	0.000005
57	780	0.000001
58	63	0.300075
58	72	0.000125
58	73	0.015092
58	681	0.000149
58	685	0.000005
58	694	0.000004
58	703	0.000007
58	705	0.000001
58	740	0.000107
58	766	0.000074
58	776	0.000005
58	779	0.000001
58	781	0.000003
59	64	0.006579
59	65	0.000029
59	66	0.000036
59	74	0.001444
59	680	0.000025
59	686	0.000001
59	693	0.000017
59	701	0.000001
59	702	0.000009
59	704	0.000006
59	750	0.000001
59	765	0.000075
59	775	0.000005
59	780	0.000004
60	70	0.000367
60	71	0.014742
60	73	0.001451
60	679	0.000020
60	685	0.000001
60	692	0.000016
60	700	0.000002
60	703	0.000006
60	764	0.000073
60	779	0.000003
61	68	0.000003
61	69	0.000475
61	70	0.015197
61	72	0.001449
61	73	0.000016
61	691	0.000013
61	692	0.000025
61	695	0.000094
61	699	0.000002
61	700	0.000010
61	749	0.000001
61	763	0.000058
62	68	0.002749
62	69	0.015233
62	71	0.001475
62	72	0.000028
62	691	0.000051
62	694	0.000173
62	698	0.000003
62	699	0.000011
62	748	0.000002
62	779	0.000041
63	67	0.001880
63	75	0.000001
63	688	0.000001
63	690	0.000029
63	696	0.000015
63	747	0.000002
63	778	0.000040
64	68	0.000856
64	69	0.000146
64	71	0.000028
64	72	0.000435
64	687	0.000002
64	691	0.000025
64	694	0.000207
64	698	0.000002
64	699	0.000024
64	779	0.000074
65	69	0.000034
65	71	0.000443
65	72	0.000981
65	691	0.000146
65	694	0.000436
65	698	0.000025
65	699	0.000013
65	779	0.000010
66	71	0.000992
66	72	0.000034
66	687	0.000001
66	691	0.000438
66	694	0.003135
66	698	0.000013
66	779	0.000009
67	71	0.000028
67	72	0.000002
67	73	0.000002
67	684	0.000013
67	687	0.000007
67	691	0.002240
67	692	0.000054
67	694	0.054662
67	695	0.001086
67	756	0.000045
67	759	0.000002
67	766	0.000006
67	770	0.000002
67	776	0.000563
67	781	0.000103
68	74	0.000049
68	75	0.000025
68	77	0.000002
68	683	0.000015
68	686	0.000043
68	689	0.000091
68	690	0.010093
68	693	0.104631
68	746	0.000001
68	750	0.000005
68	754	0.000009
68	755	0.000056
68	758	0.000002
68	765	0.000007
68	769	0.000003
68	774	0.000001
68	775	0.000708
68	780	0.000126
69	74	0.000052
69	75	0.000003
69	76	0.000029
69	77	0.000008
69	682	0.000014
69	683	0.000069
69	686	0.000657
69	688	0.000086
69	689	0.011757
69	690	0.000003
69	693	0.003397
69	745	0.000001
69	750	0.000001
69	753	0.000007
69	754	0.000058
69	768	0.000003
69	773	0.000003
69	774	0.000668
69	775	0.000129
69	778	0.000003
69	780	0.000007
70	75	0.000262
70	76	0.000380
70	77	0.000405
70	79	0.000001
70	682	0.000086
70	688	0.011858
70	690	0.002446
70	696	0.000002
70	744	0.000001
70	747	0.000527
70	752	0.000003
70	755	0.001003
70	767	0.000003
70	768	0.000001
70	769	0.000001
70	771	0.000001
70	772	0.000004
70	773	0.000605
70	774	0.000124
70	777	0.000005
70	778	0.000085
71	75	0.000239
71	76	0.000502
71	77	0.000047
71	682	0.000033
71	683	0.006226
71	686	0.026177
71	688	0.000007
71	689	0.002130
71	690	0.174115
71	693	0.000048
71	742	0.000011
71	746	0.000556
71	747	0.000003
71	750	0.000004
71	754	0.001068
71	755	0.000005
71	765	0.000004
71	772	0.000096
71	773	0.000044
71	775	0.000035
71	777	0.000019
71	780	0.000017
72	76	0.000088
72	77	0.000056
72	682	0.005949
72	683	0.044928
72	686	0.033334
72	688	0.001583
72	689	0.196913
72	690	0.000003
72	693	0.000002
72	741	0.000011
72	742	0.000001
72	745	0.000557
72	746	0.000003
72	750	0.000002
72	753	0.001006
72	754	0.000005
72	771	0.000004
72	772	0.000010
72	774	0.000018
72	775	0.000020
72	780	0.000002
73	77	0.000114
73	79	0.000021
73	682	0.044898
73	688	0.200915
73	690	0.000004
73	744	0.000564
73	745	0.000002
73	752	0.000990
73	771	0.000007
73	773	0.000016
73	774	0.000017
73	778	0.000003
74	78	0.000023
74	687	0.200775
74	691	0.000026
74	694	0.000019
74	740	0.000003
74	743	0.000563
74	748	0.000001
74	751	0.000971
74	779	0.000012
75	681	0.000179
75	684	0.008078
75	685	0.065910
75	687	0.000010
75	692	0.000017
75	695	0.000011
75	749	0.000004
75	761	0.000002
75	762	0.000002
75	763	0.000002
75	764	0.000001
76	681	0.001610
76	684	0.055731
76	685	0.018844
76	687	0.000013
76	691	0.000019
76	692	0.000003
76	694	0.000011
76	695	0.000004
76	748	0.000002
76	749	0.000005
76	760	0.000002
76	761	0.000003
76	762	0.000003
76	763	0.000002
76	781	0.000002
76	782	0.000002
77	681	0.850261
77	684	0.006804
77	685	0.000043
77	691	0.000001
77	694	0.000003
77	748	0.000001
77	759	0.000001
77	760	0.000002
77	761	0.000002
77	762	0.000001
77	781	0.000003
78	680	0.996659
78	682	0.000013
78	683	0.002507
78	686	0.000004
78	693	0.000001
78	780	0.000002
79	679	0.998503
79	681	0.000056
79	685	0.000003
79	692	0.000001
79	779	0.000002
80	678	0.999907
80	680	0.000016
81	677	0.999986
81	678	0.000003
82	676	0.999989
82	677	0.000001
83	675	0.999957
84	129	0.000011
84	674	0.997981
86	103	0.000005
86	125	0.000002
86	126	0.000548
86	128	0.000003
86	131	0.000007
86	673	0.998298
87	102	0.000005
87	125	0.000551
87	127	0.000003
87	130	0.000024
87	672	0.998303
88	101	0.000005
88	124	0.000565
88	129	0.000014
88	671	0.998795
89	100	0.000006
89	123	0.000598
89	129	0.000932
89	670	0.998421
90	95	0.000003
90	99	0.000013
90	122	0.000598
90	128	0.000948
90	669	0.998351
91	97	0.000116
91	98	0.000202
91	100	0.000237
91	116	0.000300
91	117	0.000018
91	121	0.000609
91	123	0.000002
91	129	0.000005
91	631	0.000008
91	668	0.987452
92	99	0.003861
92	103	0.000006
92	104	0.000002
92	114	0.021384
92	119	0.000004
92	120	0.000633
92	122	0.000003
92	126	0.019168
92	128	0.000003
92	630	0.000009
92	636	0.000001
92	667	0.678648
93	99	0.008571
93	102	0.000020
93	103	0.000002
93	113	0.021916
93	114	0.000004
93	119	0.000690
93	120	0.000003
93	122	0.000004
93	125	0.020065
93	126	0.000002
93	628	0.000012
93	635	0.000002
93	636	0.000001
93	638	0.000004
93	663	0.000105
93	667	0.057221
94	112	0.021895
94	121	0.000004
94	124	0.020159
94	627	0.000012
94	666	0.106324
95	100	0.000089
95	101	0.000015
95	105	0.000002
95	107	0.000392
95	110	0.000089
95	111	0.021632
95	116	0.000860
95	117	0.018905
95	123	0.020084
95	626	0.000012
95	632	0.000001
95	633	0.000402
95	662	0.000277
95	664	0.002847
95	665	0.101759
95	666	0.000201
95	668	0.000017
96	105	0.024337
96	121	0.020574
96	124	0.000002
96	666	0.000061
97	102	0.000006
97	103	0.000019
97	104	0.024733
97	114	0.000640
97	119	0.000177
97	120	0.020782
97	122	0.000038
97	625	0.000002
97	635	0.000007
97	636	0.000818
97	638	0.000008
97	663	0.016356
97	667	0.000004
98	102	0.000022
98	103	0.024718
98	104	0.000003
98	113	0.000629
98	114	0.000079
98	119	0.020604
98	120	0.000008
98	122	0.000381
98	623	0.000007
98	635	0.000826
98	636	0.000018
98	638	0.000037
98	663	0.012953
98	667	0.000006
99	105	0.000008
99	107	0.000011
99	110	0.000003
99	112	0.000329
99	116	0.240121
99	117	0.011439
99	121	0.000445
99	129	0.000003
99	622	0.000003
99	633	0.000101
99	661	0.000023
99	662	0.011895
99	664	0.000495
99	665	0.000002
99	666	0.000007
99	668	0.000002
100	104	0.000008
100	113	0.000044
100	114	0.967957
100	120	0.000448
100	128	0.000003
100	636	0.000022
100	660	0.000002
100	663	0.000312
101	113	0.973401
101	114	0.000026
101	119	0.000445
101	126	0.000003
101	635	0.000023
101	663	0.000001
101	667	0.000001
102	107	0.000012
102	110	0.000003
102	111	0.001535
102	112	0.971241
102	117	0.000030
102	633	0.000054
102	662	0.000002
102	666	0.000012
103	110	0.001569
103	111	0.972733
103	112	0.000011
103	116	0.000029
103	117	0.000610
103	124	0.000003
103	632	0.000054
103	665	0.000012
104	110	0.971727
104	111	0.000014
104	116	0.000617
104	123	0.000003
104	631	0.000054
104	664	0.000012
105	109	0.788646
105	114	0.000001
105	115	0.000415
105	122	0.000003
105	630	0.000050
105	663	0.000011
106	121	0.000001
107	113	0.000538
107	114	0.000105
107	122	0.000019
107	628	0.000006
107	638	0.000020
108	112	0.000356
108	121	0.000010
108	627	0.000004
109	121	0.000294
110	114	0.000001
110	120	0.000331
110	636	0.002330
111	119	0.000342
111	635	0.002357
111	638	0.000002
112	118	0.000357
112	130	0.000001
112	634	0.002357
112	637	0.000002
113	117	0.000349
113	129	0.000001
113	633	0.002353
114	632	0.001187
114	633	0.000026
115	121	0.000003
115	666	0.000001
116	120	0.000004
116	126	0.000073
116	630	0.000008
116	635	0.006673
116	636	0.079768
116	638	0.000114
116	663	0.000002
117	125	0.000075
117	628	0.000007
117	635	0.080695
117	636	0.001037
117	638	0.000018
117	663	0.000002
117	667	0.000018
118	124	0.000075
118	627	0.000007
118	666	0.000056
119	123	0.000071
119	626	0.000006
119	631	0.000016
119	632	0.956109
119	633	0.015529
119	665	0.000059
120	629	0.000001
120	631	0.966439
120	632	0.011015
120	633	0.000025
120	664	0.000059
121	130	0.000005
121	624	0.000004
121	628	0.000001
121	630	0.970298
121	637	0.000038
121	663	0.000058
122	129	0.000014
122	626	0.000014
122	629	0.971479
122	631	0.006840
122	632	0.000014
122	633	0.000003
122	662	0.000053
123	128	0.000014
123	625	0.000015
123	628	0.958058
123	630	0.006702
123	635	0.000416
123	636	0.000001
124	130	0.000002
124	621	0.000002
124	624	0.000016
124	625	0.000003
124	628	0.015161
124	630	0.000212
124	634	0.000430
125	129	0.000002
125	620	0.000002
125	626	0.007776
125	627	0.832854
125	629	0.003309
125	632	0.000106
125	633	0.000459
126	619	0.000002
126	622	0.000006
126	626	0.949582
126	627	0.000022
126	629	0.000083
126	631	0.000175
126	632	0.000461
126	633	0.000003
127	622	0.000021
127	627	0.014442
128	618	0.000002
128	622	0.000057
128	626	0.014971
128	627	0.000001
128	629	0.004811
128	631	0.000045
128	632	0.000001
128	668	0.000002
129	617	0.000002
129	623	0.968308
129	625	0.014424
129	628	0.004818
129	630	0.000044
129	667	0.000002
130	616	0.000002
130	622	0.958464
130	627	0.004742
130	666	0.000001
131	615	0.000002
131	619	0.000002
131	620	0.995366
131	622	0.000007
131	626	0.001165
132	614	0.000002
132	618	0.000001
132	619	0.999915
132	620	0.000059
133	613	0.000002
133	618	0.999958
133	619	0.000030
134	617	0.999936
135	615	0.000141
135	616	0.998337
136	614	0.000144
136	615	0.999829
137	611	0.000002
137	613	0.000147
137	614	0.999839
138	611	0.000189
138	613	0.999785
139	609	0.000414
139	610	0.000255
139	612	0.998745
140	608	0.001939
140	611	0.995174
142	607	0.982147
142	608	0.014479
143	606	0.999947
143	609	0.000002
144	605	0.999509
145	604	0.999981
146	603	0.999991
147	602	0.999977
148	601	0.999511
149	600	0.999970
150	596	0.000003
150	598	0.000003
150	599	0.999028
151	595	0.000033
151	597	0.000003
151	598	0.998830
152	594	0.000038
152	596	0.000006
152	597	0.999911
153	593	0.000039
153	594	0.000008
153	596	0.997014
153	597	0.000012
154	592	0.000021
155	592	0.000016
156	592	0.000484
157	592	0.988913
158	591	0.999943
159	590	0.999976
160	589	0.999696
161	588	0.999872
162	584	0.000356
162	585	0.003988
162	586	0.004715
162	587	0.990850
163	583	0.000441
163	584	0.005020
163	585	0.009267
163	586	0.985248
163	587	0.000002
164	582	0.000526
164	583	0.006099
164	584	0.013654
164	585	0.979691
164	586	0.000004
165	581	0.000610
165	582	0.007246
165	583	0.017838
165	584	0.972979
165	585	0.000005
167	578	0.000058
167	579	0.000114
167	580	0.839843
167	581	0.085785
167	582	0.030559
167	583	0.015678
167	584	0.000001
168	579	0.938283
168	580	0.050134
169	186	0.000001
169	578	0.981553
169	579	0.007780
169	580	0.000073
169	581	0.000550
169	582	0.000139
169	583	0.000002
170	185	0.000001
170	576	0.505157
170	577	0.494097
171	575	0.993642
172	574	0.999375
172	576	0.000002
173	573	0.999956
174	572	0.999377
175	571	0.992140
176	185	0.000012
176	564	0.000058
176	571	0.000954
177	185	0.000005
177	563	0.000057
177	564	0.000027
177	571	0.000034
178	185	0.000015
178	202	0.000001
178	563	0.000025
178	564	0.001904
178	571	0.000010
179	185	0.000021
179	201	0.000001
179	563	0.001912
179	564	0.000004
179	571	0.000005
180	559	0.000022
180	562	0.001870
181	558	0.000032
181	563	0.000002
181	564	0.000115
181	567	0.000473
181	568	0.000133
181	570	0.000050
182	557	0.000032
182	563	0.000116
182	564	0.990358
183	187	0.000001
183	197	0.000014
183	556	0.000032
183	563	0.993558
183	564	0.000301
184	196	0.000015
184	562	0.880523
185	195	0.000015
185	555	0.000031
185	560	0.000003
185	561	0.237590
185	562	0.006360
185	565	0.000933
185	566	0.000001
186	194	0.000015
186	554	0.000031
186	556	0.000056
186	557	0.000089
186	563	0.000384
186	564	0.000909
187	193	0.000013
187	555	0.000055
187	559	0.000077
187	560	0.029075
187	561	0.757241
187	562	0.000029
188	555	0.000090
188	559	0.010688
188	560	0.967338
188	561	0.000018
189	559	0.987868
190	553	0.000202
190	556	0.000002
190	557	0.004443
190	558	0.994008
191	552	0.000221
191	554	0.000017
191	556	0.006637
191	557	0.988740
192	551	0.000224
192	555	0.008544
193	204	0.000002
193	550	0.000223
193	552	0.000403
193	553	0.000040
193	554	0.007943
193	556	0.778385
193	557	0.000001
194	203	0.000002
194	549	0.000216
194	551	0.002402
194	555	0.989980
195	202	0.000002
195	548	0.000215
195	550	0.002411
195	552	0.001056
195	554	0.990166
196	201	0.000002
196	548	0.000007
196	550	0.000015
196	552	0.099133
196	553	0.876453
196	554	0.000009
197	547	0.000004
197	549	0.000032
197	551	0.383733
198	547	0.002647
198	549	0.000340
199	546	0.002753
199	549	0.948478
199	551	0.004860
200	545	0.002751
200	548	0.992115
200	550	0.004664
200	552	0.000014
201	213	0.000009
201	546	0.000083
201	547	0.993046
201	549	0.001833
201	551	0.000012
201	566	0.000006
202	212	0.000009
202	543	0.002751
202	546	0.995569
202	547	0.000003
202	549	0.000306
202	551	0.000005
202	565	0.000006
203	211	0.000009
203	542	0.002751
203	544	0.002340
203	545	0.992408
203	548	0.000600
203	550	0.000007
203	564	0.000006
204	209	0.000005
204	543	0.004195
204	546	0.000469
204	547	0.000249
204	549	0.000005
205	540	0.000050
205	547	0.000313
205	562	0.000006
206	539	0.000011
206	540	0.000002
206	543	0.241146
206	546	0.000401
206	561	0.000006
207	540	0.000014
208	540	0.000030
209	541	0.994458
209	542	0.000262
209	544	0.000016
210	539	0.000005
210	540	0.997790
210	543	0.000013
211	539	0.999950
211	540	0.000002
212	538	0.999981
213	537	0.999962
214	237	0.000001
214	534	0.000001
214	536	0.998572
215	221	0.000007
215	236	0.000006
215	239	0.000022
215	535	0.990065
216	220	0.000006
216	235	0.000006
216	238	0.001583
216	409	0.000001
217	226	0.000001
217	235	0.000005
217	238	0.000696
217	409	0.000001
217	532	0.000007
218	224	0.000011
218	227	0.000251
218	228	0.000005
218	230	0.000002
218	235	0.000009
218	236	0.993942
218	239	0.000012
219	226	0.000246
219	232	0.000007
219	235	0.995882
219	238	0.000020
220	225	0.000200
220	229	0.000001
220	231	0.000002
220	233	0.000006
220	234	0.995994
220	237	0.000026
220	534	0.000020
221	231	0.000376
221	233	0.993120
221	533	0.000015
222	226	0.000004
222	227	0.000290
222	228	0.000471
222	230	0.000918
222	232	0.371343
222	235	0.000003
222	236	0.001777
222	532	0.000004
222	535	0.000003
223	232	0.580405
223	235	0.001760
223	532	0.000001
224	231	0.886116
224	233	0.002327
224	531	0.000001
224	533	0.000219
225	232	0.002781
225	235	0.000116
225	532	0.000228
226	231	0.002634
226	234	0.000155
226	531	0.000231
227	231	0.000328
227	233	0.000159
227	530	0.000233
228	233	0.000030
228	440	0.000002
228	529	0.000232
229	415	0.000001
229	439	0.000002
230	414	0.000001
230	438	0.000002
230	528	0.000222
231	236	0.000034
231	412	0.000001
231	527	0.000224
232	411	0.000002
232	435	0.000002
232	525	0.000093
232	526	0.000136
233	410	0.000009
233	434	0.000002
233	524	0.000177
234	409	0.000007
234	433	0.000002
234	523	0.000173
235	408	0.000002
235	432	0.000002
235	522	0.000148
236	431	0.000002
237	409	0.452713
238	407	0.000005
238	408	0.907015
239	406	0.000011
239	407	0.999188
240	405	0.000009
240	406	0.999645
240	407	0.000323
241	404	0.000008
241	405	0.999642
241	406	0.000330
242	404	0.999600
242	405	0.000336
243	400	0.000001
243	402	0.000015
243	403	0.991072
243	404	0.000325
244	399	0.000002
245	402	0.898260
246	396	0.000041
246	397	0.000004
246	398	0.000010
246	399	0.000015
246	401	0.898249
247	399	0.991097
248	396	0.000008
248	397	0.000066
248	398	0.999606
248	399	0.000034
249	393	0.001991
249	396	0.000042
249	397	0.997933
249	398	0.000020
250	392	0.003744
250	393	0.000008
250	396	0.996221
250	397	0.000011
251	391	0.005205
251	394	0.000669
251	395	0.993585
252	390	0.006907
252	391	0.159361
252	394	0.831490
252	395	0.000281
253	390	0.651741
253	391	0.011313
253	394	0.000554
254	387	0.000020
254	388	0.223247
254	389	0.692889
254	392	0.057327
254	393	0.007316
255	384	0.000002
255	387	0.644541
255	388	0.349958
256	383	0.000003
256	386	0.990958
256	387	0.008422
256	388	0.000001
256	389	0.000039
256	392	0.000046
257	382	0.000003
257	385	0.998764
257	390	0.000005
257	391	0.000043
258	383	0.000416
258	384	0.998445
258	386	0.000003
258	387	0.000008
258	389	0.000005
258	393	0.000002
259	383	0.998939
259	386	0.000008
259	388	0.000004
259	389	0.000027
259	392	0.000002
260	381	0.999026
260	391	0.000001
261	380	0.999934
262	379	0.999493
263	378	0.999486
264	377	0.999901
265	376	0.987414
266	374	0.146819
266	376	0.000045
267	376	0.000040
268	371	0.925034
268	372	0.010413
268	373	0.005395
268	375	0.000051
269	369	0.000109
269	370	0.999503
269	374	0.000014
270	368	0.000118
270	369	0.999800
270	370	0.000069
271	367	0.000125
271	368	0.999797
271	369	0.000064
272	367	0.999594
272	368	0.000058
273	363	0.000002
273	365	0.998903
274	362	0.000001
274	364	0.996494
275	364	0.000172
276	362	0.995677
276	364	0.000003
277	358	0.000002
277	360	0.000001
277	361	0.998089
277	363	0.000003
278	357	0.000003
278	360	0.998404
278	361	0.000234
278	363	0.000008
279	356	0.000003
279	359	0.976086
279	362	0.000007
280	288	0.000001
280	355	0.000002
281	287	0.000001
281	356	0.001401
281	359	0.011295
282	355	0.001129
283	355	0.000009
284	355	0.000012
284	356	0.997678
285	352	0.000168
285	355	0.998207
286	351	0.000153
286	353	0.000004
286	354	0.999081
287	350	0.000130
287	351	0.000010
287	353	0.998194
288	350	0.000010
288	351	0.000683
288	353	0.000013
289	350	0.000102
289	351	0.721085
289	354	0.000006
290	350	0.993170
290	351	0.000648
290	353	0.000007
291	349	0.970807
291	352	0.000007
292	349	0.004125
293	347	0.992218
293	348	0.004892
293	349	0.000674
294	346	0.996190
294	347	0.002477
294	348	0.000994
294	349	0.000003
295	345	0.997996
296	344	0.998184
296	346	0.000026
296	347	0.001300
296	348	0.000003
297	302	0.000001
297	304	0.000001
297	341	0.000020
297	344	0.000078
297	346	0.001508
297	347	0.000002
298	340	0.000020
298	342	0.989079
298	343	0.000073
298	345	0.001532
299	339	0.000020
299	341	0.997923
299	344	0.001533
299	346	0.000004
300	340	0.996338
300	343	0.001344
300	345	0.000003
301	339	0.973406
302	306	0.000001
302	342	0.000140
302	343	0.000213
303	342	0.000222
303	343	0.000176
304	342	0.000185
304	343	0.000065
305	342	0.000067
306	338	0.997937
306	339	0.000016
306	341	0.000040
307	337	0.999440
307	340	0.000022
308	336	0.999973
308	339	0.000002
309	335	0.999958
309	338	0.000002
310	334	0.983005
312	331	0.000001
312	332	0.994313
312	333	0.000931
313	331	0.999385
314	330	0.999490
315	329	0.999963
316	328	0.999575
317	326	0.000011
317	327	0.999915
318	326	0.998639
318	327	0.000036
318	329	0.000002
319	328	0.000005
320	326	0.000214
320	327	0.000008
321	325	0.000664
321	326	0.000010
389	394	0.000008
394	401	0.000004
407	535	0.000007
409	427	0.000001
409	429	0.000004
409	534	0.455827
410	428	0.000007
410	530	0.000002
410	531	0.000019
410	533	0.991182
411	425	0.000349
411	532	0.998315
412	424	0.000350
412	529	0.000022
412	530	0.000028
412	531	0.999580
413	423	0.000350
413	528	0.000022
413	529	0.000045
413	530	0.999466
414	422	0.000348
414	527	0.000021
415	421	0.000347
415	526	0.000019
415	528	0.990582
415	529	0.000018
416	527	0.999382
417	525	0.000037
417	526	0.996046
418	429	0.000002
418	525	0.969572
418	526	0.001077
419	428	0.000002
420	523	0.000055
420	524	0.998582
421	523	0.998978
422	522	0.998819
423	520	0.000009
423	521	0.999561
424	520	0.997561
424	521	0.000006
425	431	0.007725
425	518	0.000604
426	433	0.000043
426	517	0.000267
427	433	0.000133
427	517	0.000006
428	433	0.000016
428	434	0.000092
428	520	0.000082
428	521	0.000002
428	524	0.000057
429	433	0.000083
429	523	0.000056
431	520	0.000963
431	521	0.000164
431	524	0.000003
432	523	0.000003
432	532	0.000001
433	518	0.000002
433	519	0.985444
433	531	0.000001
433	534	0.000001
434	516	0.000001
434	518	0.999202
434	530	0.000001
434	533	0.000002
435	517	0.999282
435	532	0.000002
436	445	0.000002
436	515	0.000019
436	516	0.999954
436	529	0.000002
436	531	0.000001
437	444	0.000002
437	514	0.000034
437	515	0.999607
437	528	0.000002
437	530	0.000001
438	443	0.000002
438	527	0.000002
439	513	0.997032
439	514	0.000005
439	526	0.000001
439	528	0.000001
440	511	0.000070
440	512	0.999786
440	524	0.000001
440	527	0.000001
441	510	0.002212
441	511	0.965869
441	523	0.000001
442	509	0.002221
443	509	0.987150
444	507	0.000004
444	508	0.998106
444	521	0.000003
445	453	0.000001
445	507	0.999964
445	520	0.000003
446	452	0.000001
446	506	0.999920
446	518	0.000005
446	533	0.000002
447	505	0.979877
447	517	0.000005
447	532	0.000002
448	502	0.000018
448	516	0.000005
448	531	0.000002
449	502	0.000270
449	515	0.000005
449	530	0.000002
450	499	0.000013
450	502	0.997361
450	514	0.000005
450	529	0.000002
451	498	0.000013
451	501	0.999334
451	513	0.000005
451	528	0.000002
452	497	0.000014
452	500	0.999923
452	512	0.000005
452	527	0.000002
453	496	0.000014
453	498	0.001966
453	499	0.994311
453	501	0.000005
453	526	0.000002
454	497	0.003925
454	500	0.000006
455	497	0.915483
455	524	0.000001
456	523	0.000001
458	495	0.987521
459	493	0.000014
459	494	0.999882
460	492	0.000015
460	493	0.999961
460	494	0.000012
461	491	0.000013
461	492	0.999828
461	493	0.000012
462	491	0.956921
463	487	0.000002
463	491	0.005332
464	485	0.000001
465	487	0.000003
465	491	0.000208
466	484	0.000008
466	487	0.000018
466	491	0.000067
467	483	0.000009
467	487	0.000051
467	488	0.995345
468	487	0.998876
469	478	0.000001
469	482	0.000004
469	485	0.000001
469	486	0.999416
470	477	0.000002
470	481	0.000004
470	485	0.999850
471	484	0.984543
471	487	0.000006
472	477	0.000002
472	478	0.000226
472	479	0.000012
472	481	0.000059
472	482	0.871335
472	486	0.000012
473	477	0.000224
473	479	0.000335
473	481	0.901310
473	482	0.090301
473	485	0.000013
474	480	0.887689
474	483	0.002138
474	484	0.000018
475	484	0.000002
476	481	0.001652
476	482	0.001617
477	483	0.000051
478	484	0.000004
479	483	0.000008
495	511	0.000001
496	510	0.000006
497	509	0.000007
498	508	0.000007
498	521	0.000002
499	507	0.000007
499	520	0.000002
500	506	0.000007
500	518	0.000002
501	505	0.000005
501	517	0.000002
503	515	0.000002
504	514	0.000002
505	513	0.000002
506	512	0.000002
519	532	0.000009
520	529	0.000009
520	530	0.000003
520	531	0.000012
521	528	0.000009
521	529	0.000003
521	530	0.000012
521	533	0.000078
522	532	0.000079
523	531	0.000079
523	534	0.000002
524	530	0.000078
524	533	0.000003
525	532	0.000002
534	549	0.000006
535	548	0.000007
536	547	0.000007
537	546	0.000007
537	566	0.000002
538	565	0.000002
539	544	0.000006
539	564	0.000002
540	563	0.000002
541	562	0.000002
542	551	0.000003
542	561	0.000002
543	550	0.000003
543	557	0.000005
544	549	0.000002
544	560	0.000002
545	555	0.000006
545	559	0.000002
546	554	0.000006
546	557	0.000003
547	553	0.000006
547	556	0.000003
548	555	0.000003
549	554	0.000003
550	565	0.000005
551	564	0.000005
553	562	0.000005
554	561	0.000005
554	565	0.000001
555	564	0.000001
561	571	0.000002
562	568	0.000003
562	570	0.000733
563	569	0.000856
563	573	0.000001
563	579	0.000001
564	569	0.000018
564	572	0.000001
564	578	0.000001
565	571	0.000002
565	577	0.000001
566	571	0.000001
566	576	0.000001
576	582	0.000004
576	583	0.000005
577	581	0.000005
577	582	0.000007
620	625	0.000007
621	627	0.000003
622	628	0.000002
622	630	0.000055
622	634	0.000029
623	627	0.000001
623	629	0.000118
623	631	0.000015
623	632	0.000420
623	633	0.000096
625	629	0.000028
625	631	0.003353
625	632	0.000042
625	633	0.000001
625	668	0.000002
625	674	0.001076
626	630	0.003324
626	635	0.000008
626	638	0.000010
626	667	0.000001
626	673	0.001172
627	634	0.000011
627	637	0.000010
627	672	0.001173
628	632	0.000027
628	633	0.000021
628	664	0.000004
628	668	0.000025
628	670	0.000333
628	671	0.001140
629	635	0.000010
629	663	0.000004
629	667	0.000022
629	669	0.000374
630	662	0.000004
630	666	0.000005
630	668	0.000488
630	670	0.001198
631	636	0.000002
631	667	0.000392
631	669	0.001195
632	638	0.000001
632	667	0.000052
632	669	0.000004
633	638	0.000609
633	640	0.000001
633	663	0.000009
633	667	0.258481
634	666	0.822247
635	658	0.000001
635	662	0.000086
635	664	0.000601
635	665	0.885208
635	666	0.000387
635	668	0.000002
636	657	0.000001
636	661	0.000040
636	662	0.000184
636	664	0.886953
636	665	0.000480
636	666	0.000003
637	656	0.000001
637	666	0.001433
638	661	0.000006
638	662	0.908510
638	664	0.001095
638	665	0.001507
639	666	0.000003
640	653	0.000002
640	661	0.998679
640	662	0.000413
640	664	0.000013
641	652	0.000002
641	660	0.999929
641	663	0.000011
642	651	0.000002
642	659	0.999952
642	662	0.000004
643	650	0.000002
643	658	0.999986
643	661	0.000002
644	657	0.999983
645	656	0.999498
646	655	0.999190
647	653	0.000037
647	654	0.999888
648	653	0.990947
648	654	0.000013
679	683	0.000002
679	686	0.000013
679	688	0.000014
679	689	0.000001
679	693	0.000004
679	780	0.000006
680	687	0.000017
680	691	0.000009
680	694	0.000026
680	779	0.000006
681	688	0.000076
681	690	0.000023
681	696	0.000702
681	701	0.000004
681	778	0.000005
682	687	0.000107
682	691	0.000013
682	692	0.053531
682	694	0.000004
682	695	0.004327
682	700	0.000007
682	705	0.000006
682	706	0.000004
682	749	0.000166
682	760	0.000002
682	761	0.000003
682	762	0.000007
682	763	0.000002
682	781	0.000003
683	687	0.000013
683	691	0.064615
683	694	0.004989
683	698	0.000003
683	699	0.000008
683	703	0.000015
683	748	0.000199
683	779	0.000040
684	688	0.000022
684	690	0.058574
684	696	0.000338
684	745	0.000086
684	747	0.000157
684	755	0.000001
684	758	0.000003
684	768	0.000002
684	778	0.000040
685	690	0.000191
685	696	0.000213
685	709	0.000007
685	744	0.000167
685	745	0.000001
685	752	0.000183
685	755	0.000008
685	758	0.000011
685	767	0.000003
685	777	0.000030
686	691	0.004087
686	694	0.071624
686	698	0.000091
686	703	0.001934
686	708	0.000007
686	743	0.000176
686	748	0.000001
686	751	0.000306
686	779	0.000009
687	693	0.075862
687	696	0.008450
687	697	0.000105
687	701	0.003492
687	702	0.002038
687	704	0.000005
687	707	0.000009
687	741	0.000003
687	742	0.000130
687	750	0.001657
687	753	0.000001
687	754	0.000336
687	755	0.000075
687	758	0.000178
687	765	0.000031
687	775	0.000013
687	777	0.000001
687	778	0.000005
687	780	0.000048
688	692	0.061584
688	694	0.000015
688	695	0.013672
688	700	0.005926
688	703	0.000003
688	706	0.000010
688	740	0.000005
688	749	0.001617
688	756	0.000273
688	757	0.000176
688	759	0.000002
688	764	0.000029
688	776	0.000002
688	779	0.000041
689	694	0.014698
689	699	0.006075
689	739	0.000003
689	740	0.000012
689	748	0.001577
689	779	0.000004
690	694	0.000018
690	695	0.000239
690	698	0.006071
690	703	0.000001
690	705	0.000158
690	706	0.000002
690	748	0.000001
690	749	0.000003
690	751	0.000001
690	756	0.000137
690	757	0.000037
690	759	0.000013
690	760	0.000007
690	761	0.000005
690	762	0.000010
690	763	0.000004
690	764	0.000002
690	766	0.000002
690	776	0.000008
690	779	0.000002
690	781	0.000007
690	782	0.000001
691	696	0.000003
691	697	0.006129
691	702	0.000006
691	704	0.000205
691	745	0.000287
691	746	0.000513
691	747	0.000019
691	750	0.000489
691	752	0.000016
691	753	0.379340
691	754	0.001525
691	755	0.000014
691	758	0.000001
691	765	0.000002
691	775	0.000014
691	780	0.000008
692	696	0.004652
692	701	0.000006
692	744	0.000365
692	745	0.000384
692	747	0.000074
692	752	0.402383
692	755	0.000004
692	774	0.000006
693	698	0.000007
693	699	0.000007
693	703	0.000359
693	743	0.000428
693	748	0.000073
693	751	0.414973
693	779	0.000002
694	702	0.000388
694	742	0.000407
694	744	0.000010
694	745	0.000069
694	746	0.001500
694	747	0.000012
694	750	0.562226
694	753	0.000055
694	778	0.000002
695	701	0.000379
695	744	0.000128
695	745	0.001439
695	747	0.000002
695	752	0.000054
695	777	0.000001
696	700	0.000298
696	705	0.000001
696	740	0.000017
696	743	0.000007
696	748	0.000020
696	749	0.905605
696	751	0.000017
697	703	0.000013
697	739	0.000015
697	740	0.000002
697	743	0.002008
697	748	0.988196
698	702	0.000014
698	704	0.000025
698	707	0.000003
698	738	0.000010
698	742	0.002047
698	746	0.002032
698	747	0.987117
698	750	0.000002
699	704	0.000006
699	741	0.002024
699	745	0.002097
699	746	0.988692
699	750	0.000001
700	744	0.005540
700	745	0.936001
701	740	0.001884
701	743	0.007224
701	749	0.000013
702	739	0.001883
702	740	0.000017
702	743	0.938866
702	748	0.000031
703	738	0.001863
703	741	0.087160
703	742	0.874949
703	744	0.007800
703	745	0.000002
703	746	0.000005
703	747	0.000015
703	750	0.000001
703	780	0.000001
704	737	0.001642
704	739	0.000016
704	740	0.148358
704	743	0.008302
704	748	0.000004
704	779	0.000001
705	745	0.000013
705	747	0.000003
706	734	0.000020
706	744	0.000016
707	733	0.000020
707	737	0.038473
707	739	0.952304
707	740	0.000423
707	743	0.000012
708	732	0.000004
708	734	0.000002
708	736	0.039547
708	738	0.959719
708	742	0.000006
709	735	0.038833
709	737	0.959020
709	739	0.000003
710	734	0.015316
710	736	0.959716
710	738	0.000004
710	741	0.000002
711	733	0.004343
711	735	0.919720
711	737	0.000004
711	740	0.000002
712	733	0.909518
712	735	0.000080
713	732	0.996248
713	734	0.000066
714	730	0.000001
714	731	0.999939
714	733	0.000021
715	729	0.000001
715	730	0.999983
715	731	0.000004
716	729	0.999968
716	730	0.000002
717	727	0.003329
717	728	0.994675
718	723	0.000022
718	724	0.001144
718	726	0.006677
718	727	0.989322
718	728	0.000004
719	723	0.001125
719	724	0.001314
719	726	0.980465
719	727	0.000013
719	728	0.000007
720	727	0.000017
721	727	0.000003
737	750	0.000002
738	748	0.000006
739	746	0.000005
739	747	0.000007
739	750	0.000003
739	754	0.000003
740	745	0.000004
740	746	0.000016
740	747	0.000003
740	750	0.000118
740	753	0.000003
741	748	0.000062
742	748	0.000298
742	751	0.000067
743	747	0.000115
743	750	0.000893
744	748	0.000003
744	749	0.000766
745	749	0.000002
747	781	0.000006
748	780	0.000013
750	779	0.000018
751	765	0.000001
751	775	0.000008
751	777	0.000009
751	778	0.000016
751	780	0.000011
752	764	0.000001
752	776	0.000014
752	779	0.000011
753	779	0.000005
754	779	0.001171
755	759	0.000038
755	760	0.000134
755	761	0.000109
755	762	0.000173
755	763	0.000065
755	764	0.000090
755	766	0.000016
755	770	0.002357
755	776	0.000290
755	779	0.029676
755	781	0.000071
755	782	0.000012
756	767	0.000020
756	768	0.001210
756	769	0.002947
756	771	0.000196
756	772	0.332842
756	773	0.001930
756	774	0.000670
756	777	0.000229
756	778	0.047358
757	767	0.001582
757	768	0.002879
757	769	0.000186
757	771	0.440480
757	772	0.001589
757	773	0.000599
757	774	0.000160
757	777	0.050538
757	778	0.000462
758	762	0.000054
758	763	0.000198
758	764	0.000125
758	766	0.001559
758	770	0.457177
758	776	0.047373
758	779	0.001373
758	781	0.000025
758	782	0.000008
759	767	0.000072
759	768	0.001078
759	769	0.457169
759	771	0.000158
759	772	0.000407
759	773	0.001179
759	774	0.026526
759	777	0.000068
759	778	0.001714
760	767	0.001324
760	768	0.446639
760	769	0.007105
760	771	0.000461
760	772	0.001492
760	773	0.029759
760	774	0.030385
760	777	0.001473
760	778	0.000255
761	767	0.373256
761	768	0.008830
761	769	0.002744
761	771	0.001328
761	772	0.030156
761	773	0.034095
761	774	0.015767
761	777	0.000218
761	778	0.000196
762	767	0.007235
762	768	0.003137
762	769	0.002084
762	771	0.028474
762	772	0.033513
762	773	0.019301
762	774	0.001481
762	777	0.000172
762	778	0.000195
763	767	0.001995
763	768	0.001916
763	769	0.001628
763	771	0.028727
763	772	0.020002
763	773	0.001722
763	774	0.000872
763	777	0.000174
763	778	0.000160
764	768	0.001103
764	769	0.001589
764	771	0.014813
764	772	0.001495
764	773	0.000946
764	774	0.000064
764	777	0.000138
764	778	0.000035
765	779	0.012982
766	771	0.000149
766	772	0.000449
766	773	0.000631
766	774	0.000242
766	777	0.000624
766	778	0.012476
767	776	0.000828
767	779	0.000050
767	781	0.000085
767	782	0.000091
768	776	0.000821
768	779	0.000093
768	781	0.000143
768	782	0.000064
769	776	0.000324
769	779	0.001390
769	781	0.000103
769	782	0.000013
770	774	0.000124
770	777	0.000542
770	778	0.001650
771	776	0.000521
771	779	0.000155
771	781	0.000048
771	782	0.000240
772	776	0.000107
772	779	0.000512
772	781	0.000428
772	782	0.000150
773	779	0.000517
773	781	0.000306
773	782	0.000535
774	779	0.000154
774	781	0.000820
774	782	0.000043
775	779	0.000460
777	781	0.000102
777	782	0.000102
778	782	0.000039
