1	7	0.000234
1	8	0.000202
1	9	0.000052
1	12	0.000382
1	13	0.000190
1	15	0.001677
1	29	0.000028
1	33	0.000069
1	41	0.079821
1	55	0.000012
1	67	0.001690
1	75	0.000013
1	76	0.000009
1	732	0.000054
1	735	0.002828
1	738	0.015962
1	743	0.005157
1	744	0.000079
1	747	0.083854
1	755	0.000089
1	769	0.000008
1	781	0.000014
1	785	0.000002
2	7	0.000691
2	8	0.000152
2	9	0.000031
2	11	0.000511
2	12	0.000379
2	13	0.000007
2	14	0.002024
2	15	0.000657
2	28	0.000056
2	30	0.006253
2	32	0.000073
2	33	0.000017
2	39	0.000374
2	40	0.110226
2	41	0.000629
2	42	0.001780
2	46	0.000675
2	50	0.000045
2	52	0.000016
2	53	0.001640
2	62	0.001099
2	64	0.000003
2	65	0.000113
2	66	0.001894
2	67	0.000006
2	74	0.000017
2	75	0.000017
2	77	0.000018
2	676	0.000005
2	677	0.000051
2	694	0.000002
2	725	0.000142
2	731	0.000042
2	732	0.028113
2	733	0.001534
2	734	0.003696
2	735	0.000042
2	736	0.000022
2	737	0.021093
2	738	0.000031
2	739	0.000023
2	740	0.007951
2	741	0.001211
2	742	0.006809
2	743	0.000129
2	744	0.000002
2	745	0.000119
2	746	0.095274
2	747	0.000043
2	749	0.000089
2	751	0.000198
2	752	0.000884
2	753	0.003241
2	755	0.000003
2	757	0.000020
2	758	0.000506
2	759	0.000162
2	760	0.000015
2	761	0.000024
2	768	0.000016
2	780	0.000011
2	781	0.001425
2	789	0.001039
2	792	0.002651
3	7	0.000129
3	8	0.000094
3	9	0.000045
3	11	0.000405
3	12	0.000010
3	13	0.001993
3	14	0.000852
3	29	0.006318
3	30	0.000059
3	32	0.000018
3	39	0.110847
3	40	0.000784
3	41	0.001439
3	42	0.016240
3	46	0.000046
3	50	0.000013
3	52	0.001628
3	53	0.000010
3	61	0.001108
3	62	0.000007
3	64	0.000114
3	65	0.001879
3	66	0.000007
3	74	0.000018
3	76	0.000018
3	77	0.000013
3	676	0.000055
3	683	0.000002
3	724	0.000141
3	725	0.000001
3	730	0.000012
3	731	0.033263
3	732	0.000015
3	733	0.003527
3	734	0.000046
3	735	0.000009
3	736	0.021084
3	737	0.000035
3	738	0.000013
3	739	0.007999
3	740	0.001198
3	741	0.006759
3	742	0.000136
3	743	0.000001
3	744	0.000111
3	745	0.095235
3	746	0.000050
3	749	0.000100
3	751	0.000901
3	752	0.003143
3	753	0.000180
3	755	0.000004
3	757	0.000512
3	758	0.000161
3	759	0.000016
3	760	0.000024
3	767	0.000017
3	779	0.000004
3	780	0.001674
3	789	0.000794
3	792	0.002719
4	8	0.000061
4	9	0.000151
4	12	0.001896
4	13	0.000824
4	26	0.000089
4	28	0.006350
4	29	0.000035
4	41	0.015601
4	58	0.000007
4	60	0.001132
4	61	0.000004
4	75	0.000015
4	76	0.000011
4	682	0.000002
4	688	0.000003
4	690	0.000068
4	728	0.000008
4	730	0.033654
4	732	0.001772
4	735	0.017994
4	738	0.006856
4	743	0.000262
4	744	0.081451
4	747	0.000018
4	755	0.000922
4	766	0.000016
4	779	0.001680
4	785	0.000015
5	10	0.001339
5	16	0.000015
5	25	0.000093
5	27	0.006372
5	48	0.000050
5	56	0.000151
5	57	0.000009
5	59	0.001137
5	68	0.000001
5	71	0.000007
5	675	0.000004
5	687	0.000004
5	689	0.000084
5	691	0.000013
5	727	0.000011
5	729	0.034161
5	748	0.000298
5	754	0.000963
5	765	0.000015
5	778	0.001677
5	784	0.000016
5	786	0.000554
5	787	0.000014
5	788	0.000046
5	790	0.001557
5	791	0.001581
6	12	0.000008
6	13	0.000006
6	15	0.000015
6	24	0.000092
6	26	0.006331
6	41	0.000250
6	55	0.000155
6	58	0.001046
6	67	0.000002
6	688	0.000081
6	690	0.000013
6	728	0.033533
6	730	0.000068
6	732	0.000003
6	735	0.000017
6	738	0.000043
6	743	0.000870
6	744	0.000010
6	747	0.000239
6	755	0.000015
6	774	0.000009
6	785	0.000544
7	17	0.000001
7	21	0.000008
7	22	0.000018
7	25	0.005886
7	37	0.000050
7	38	0.003723
7	43	0.000068
7	44	0.000074
7	45	0.000039
7	47	0.000069
7	48	0.000047
7	49	0.000036
7	51	0.000005
7	54	0.000146
7	56	0.000001
7	57	0.000964
7	63	0.000002
7	687	0.000074
7	689	0.000011
7	723	0.000003
7	726	0.000023
7	727	0.031794
7	729	0.000061
7	750	0.000004
7	754	0.000015
7	756	0.000001
7	773	0.000009
7	775	0.000001
7	776	0.000053
7	777	0.000040
7	784	0.000510
7	788	0.000006
7	790	0.000016
7	791	0.000031
7	793	0.000019
8	16	0.000003
8	17	0.000015
8	19	0.000008
8	21	0.000047
8	22	0.002982
8	25	0.000011
8	34	0.000002
8	37	0.002373
8	38	0.685013
8	43	0.000048
8	44	0.000032
8	45	0.000006
8	47	0.000024
8	48	0.000028
8	49	0.000002
8	56	0.000245
8	722	0.000005
8	723	0.000016
8	726	0.013005
8	727	0.000020
8	772	0.000005
8	775	0.000028
8	776	0.000029
8	783	0.000257
8	787	0.000001
8	790	0.000013
8	791	0.000016
8	793	0.000005
9	16	0.000015
9	17	0.000001
9	19	0.000308
9	21	0.003687
9	22	0.000081
9	31	0.000046
9	34	0.000014
9	37	0.939522
9	38	0.000322
9	43	0.000010
9	44	0.000002
9	47	0.000006
9	54	0.000001
9	722	0.000015
9	723	0.000013
9	726	0.000014
9	775	0.000012
9	782	0.000050
9	790	0.000013
9	791	0.000002
9	793	0.000143
10	14	0.000006
10	15	0.000005
10	18	0.000359
10	20	0.003714
10	23	0.000216
10	24	0.000005
10	26	0.000008
10	30	0.000058
10	32	0.000021
10	33	0.000014
10	36	0.985012
10	42	0.000002
10	46	0.000001
10	53	0.000001
10	724	0.000004
10	725	0.000003
10	789	0.000013
10	792	0.000230
11	16	0.000689
11	25	0.000012
11	35	0.985126
11	788	0.000013
11	791	0.000230
12	16	0.000011
12	17	0.000024
12	19	0.000250
12	21	0.000051
12	22	0.000060
12	31	0.000014
12	34	0.977370
12	35	0.000003
12	787	0.000010
12	790	0.000204
13	17	0.000076
13	19	0.000033
13	21	0.000055
13	22	0.000006
13	31	0.000127
13	34	0.000115
13	49	0.000003
13	786	0.000001
13	788	0.000001
14	25	0.000002
14	35	0.000005
14	48	0.000004
14	787	0.000002
14	788	0.000137
15	19	0.000006
15	21	0.000031
15	22	0.000007
15	31	0.903217
15	34	0.000011
15	47	0.000004
15	787	0.000133
16	20	0.000034
16	23	0.000004
16	28	0.000023
16	29	0.079784
16	30	0.907206
16	32	0.000055
16	33	0.000006
16	46	0.000004
16	731	0.000002
17	26	0.000086
17	28	0.532020
17	29	0.457615
17	730	0.000002
17	785	0.000113
18	25	0.000162
18	27	0.981845
18	729	0.000002
18	784	0.000113
19	24	0.000119
19	26	0.980904
19	28	0.010368
19	728	0.000002
20	25	0.977412
20	27	0.010616
20	727	0.000001
20	782	0.000104
21	26	0.008033
21	28	0.000001
21	29	0.000003
21	781	0.000101
22	26	0.000007
22	28	0.000017
22	779	0.000107
23	27	0.000017
23	778	0.000110
23	791	0.000001
24	37	0.000002
24	726	0.000001
24	777	0.000104
24	790	0.000001
24	793	0.000014
25	30	0.000001
25	36	0.000003
25	52	0.000001
25	64	0.000002
25	725	0.000001
25	792	0.000025
26	35	0.000003
26	37	0.000004
26	51	0.000001
26	63	0.000002
26	775	0.000085
26	790	0.000020
26	791	0.000012
27	36	0.000006
27	50	0.000001
27	62	0.000002
27	694	0.000001
27	724	0.000001
27	774	0.000107
27	789	0.000061
28	35	0.000005
28	49	0.000001
28	693	0.000001
28	723	0.000001
28	773	0.000107
28	788	0.000061
29	34	0.000003
29	692	0.000001
29	722	0.000001
29	772	0.000107
29	787	0.000065
30	59	0.000002
30	691	0.000001
30	771	0.000105
30	786	0.000099
31	58	0.000003
31	690	0.000001
31	770	0.000094
31	785	0.000100
32	57	0.000003
32	689	0.000001
32	784	0.000100
32	791	0.000002
33	56	0.000003
33	782	0.000014
33	783	0.000082
33	790	0.000002
33	793	0.000041
34	41	0.000003
34	55	0.000003
34	75	0.000001
34	768	0.000052
34	781	0.000037
35	40	0.000003
35	42	0.000001
35	74	0.000001
35	749	0.000002
35	767	0.000052
35	779	0.000002
35	780	0.000039
35	781	0.000001
35	789	0.000014
35	792	0.014409
36	59	0.000001
36	748	0.000002
36	765	0.000001
36	778	0.000008
36	782	0.000015
36	788	0.000014
36	790	0.000006
36	791	0.014468
37	41	0.000002
37	58	0.000005
37	61	0.000005
37	75	0.000005
37	76	0.000017
37	747	0.000002
37	766	0.000001
37	779	0.000005
37	781	0.000014
38	58	0.024635
38	60	0.000013
38	75	0.000036
38	76	0.000012
38	688	0.000001
38	690	0.000001
38	755	0.000010
38	766	0.000028
38	779	0.000055
38	785	0.000007
39	48	0.000415
39	56	0.000008
39	57	0.029837
39	59	0.000017
39	68	0.000001
39	69	0.000044
39	71	0.000009
39	72	0.040930
39	680	0.000002
39	687	0.000001
39	689	0.000002
39	754	0.000012
39	765	0.000033
39	778	0.000062
39	784	0.000005
39	786	0.000280
39	787	0.007421
39	788	0.117145
39	790	0.318525
39	791	0.026211
40	48	0.004337
40	56	0.029867
40	57	0.000058
40	59	0.000002
40	68	0.000051
40	69	0.000009
40	71	0.041315
40	72	0.000005
40	679	0.000002
40	687	0.000001
40	691	0.000005
40	697	0.000002
40	754	0.000003
40	764	0.000033
40	778	0.000030
40	784	0.000564
40	786	0.007414
40	787	0.117296
40	788	0.490766
40	790	0.022940
40	791	0.000077
41	45	0.000051
41	47	0.004091
41	48	0.000065
41	49	0.008022
41	51	0.000008
41	54	0.000105
41	56	0.000024
41	57	0.000247
41	63	0.000003
41	68	0.000007
41	69	0.000205
41	70	0.041091
41	71	0.000003
41	72	0.000002
41	73	0.000030
41	678	0.000002
41	692	0.000347
41	696	0.000002
41	756	0.000001
41	772	0.001210
41	773	0.000003
41	775	0.000012
41	776	0.000029
41	777	0.000035
41	783	0.000603
41	784	0.000009
41	786	0.016099
41	787	0.508704
41	788	0.003749
41	790	0.000058
41	791	0.000035
41	793	0.000001
42	48	0.010360
42	56	0.000484
42	57	0.000008
42	59	0.000018
42	68	0.001103
42	69	0.039901
42	71	0.000003
42	72	0.000036
42	689	0.000005
42	691	0.000384
42	695	0.000002
42	748	0.000015
42	754	0.000004
42	762	0.000010
42	764	0.000001
42	771	0.001443
42	782	0.000574
42	784	0.007469
42	786	0.621835
42	787	0.003707
42	788	0.002146
42	790	0.000092
42	791	0.000017
43	55	0.000433
43	58	0.000029
43	61	0.000004
43	67	0.001846
43	688	0.000004
43	690	0.000342
43	732	0.000001
43	735	0.000035
43	738	0.000008
43	743	0.000001
43	744	0.000002
43	747	0.000013
43	755	0.000002
43	763	0.000001
43	770	0.001423
43	774	0.000137
43	781	0.000485
43	785	0.614077
44	55	0.000026
44	58	0.000057
44	60	0.000002
44	61	0.000446
44	67	0.000849
44	76	0.000003
44	732	0.000003
44	735	0.000371
44	738	0.000005
44	743	0.000003
44	744	0.000002
44	755	0.000004
44	769	0.001202
44	770	0.000012
44	774	0.000050
44	779	0.000003
44	781	0.000001
44	785	0.000326
45	55	0.000021
45	58	0.000347
45	60	0.000554
45	61	0.000008
45	67	0.000160
45	75	0.000003
45	76	0.000003
45	688	0.000311
45	690	0.000037
45	732	0.000005
45	735	0.000065
45	738	0.000002
45	743	0.000003
45	755	0.000227
45	763	0.000006
45	768	0.000441
45	769	0.000018
45	770	0.000006
45	774	0.000026
45	779	0.000200
45	781	0.000004
45	785	0.001125
46	56	0.002961
46	57	0.000338
46	59	0.000569
46	68	0.006041
46	72	0.000003
46	687	0.000332
46	689	0.000045
46	691	0.000017
46	748	0.000913
46	754	0.000242
46	762	0.000006
46	764	0.000001
46	771	0.014544
46	778	0.000140
46	782	0.650770
46	784	0.000662
46	786	0.000002
46	790	0.000043
46	791	0.000041
47	55	0.003017
47	58	0.000525
47	60	0.000049
47	61	0.000120
47	67	0.006205
47	75	0.000200
47	76	0.000001
47	688	0.000036
47	690	0.000015
47	707	0.000088
47	732	0.027864
47	735	0.000016
47	738	0.000012
47	743	0.000030
47	747	0.000915
47	755	0.000006
47	763	0.000001
47	766	0.000005
47	768	0.000916
47	769	0.000004
47	770	0.014738
47	781	0.655313
47	785	0.000001
48	52	0.000125
48	53	0.002417
48	55	0.000031
48	58	0.000007
48	60	0.000086
48	61	0.076099
48	62	0.016525
48	64	0.000173
48	65	0.000072
48	66	0.005517
48	74	0.000228
48	75	0.000001
48	76	0.000001
48	77	0.000004
48	683	0.000003
48	686	0.000004
48	694	0.000010
48	706	0.000097
48	731	0.032811
48	733	0.000005
48	734	0.000016
48	736	0.000007
48	737	0.000013
48	739	0.000010
48	740	0.000003
48	741	0.000004
48	742	0.000032
48	745	0.000020
48	746	0.000873
48	749	0.000015
48	751	0.000001
48	752	0.000003
48	753	0.000180
48	755	0.000011
48	757	0.000052
48	758	0.000068
48	759	0.000010
48	760	0.000004
48	761	0.000002
48	767	0.001206
48	768	0.000005
48	769	0.014772
48	770	0.000003
48	780	0.656031
48	789	0.000027
48	792	0.000276
49	55	0.000051
49	58	0.002261
49	60	0.100293
49	61	0.008317
49	75	0.000002
49	76	0.000004
49	682	0.000002
49	688	0.000011
49	690	0.000382
49	705	0.000096
49	730	0.032840
49	732	0.000005
49	735	0.000006
49	738	0.000008
49	744	0.000028
49	755	0.001010
49	766	0.000818
49	768	0.014588
49	769	0.000005
49	770	0.000002
49	779	0.655351
50	56	0.001185
50	57	0.002411
50	59	0.110370
50	68	0.000003
50	71	0.000387
50	72	0.000200
50	687	0.000011
50	689	0.000412
50	691	0.000282
50	729	0.032852
50	748	0.000025
50	754	0.001066
50	764	0.000045
50	765	0.000312
50	771	0.000076
50	778	0.652108
50	786	0.000003
50	788	0.000004
50	790	0.000051
50	791	0.000069
51	55	0.000813
51	58	0.110839
51	60	0.000073
51	67	0.000004
51	688	0.000412
51	690	0.000285
51	704	0.000108
51	728	0.032753
51	730	0.000005
51	743	0.000006
51	747	0.000023
51	755	0.022474
51	763	0.000077
51	766	0.616212
51	768	0.000106
51	769	0.000064
51	770	0.000074
51	774	0.000072
51	779	0.000002
51	785	0.000003
52	56	0.000238
52	57	0.109850
52	59	0.000076
52	68	0.000003
52	69	0.003408
52	72	0.000002
52	680	0.000002
52	687	0.000408
52	689	0.000152
52	691	0.000038
52	703	0.000112
52	727	0.031550
52	729	0.000005
52	748	0.000001
52	754	0.024731
52	762	0.000078
52	764	0.000028
52	765	0.636865
52	771	0.000002
52	778	0.000004
52	784	0.000003
52	787	0.000014
52	788	0.000003
52	790	0.000020
52	791	0.002457
53	57	0.000092
53	59	0.000022
53	68	0.003908
53	69	0.000008
53	71	0.000002
53	679	0.000002
53	687	0.000005
53	689	0.000272
53	691	0.000088
53	702	0.000112
53	727	0.000758
53	748	0.000024
53	754	0.002059
53	762	0.000013
53	764	0.637181
53	771	0.000053
53	778	0.000003
53	782	0.000002
53	786	0.000014
53	787	0.000003
53	790	0.002465
53	791	0.000014
54	58	0.000018
54	60	0.000002
54	61	0.000002
54	67	0.004031
54	76	0.000007
54	688	0.000406
54	690	0.000088
54	701	0.000106
54	728	0.000001
54	738	0.000002
54	743	0.000007
54	744	0.000007
54	747	0.000023
54	755	0.017459
54	763	0.635648
54	770	0.000043
54	774	0.000395
54	779	0.000002
54	781	0.000002
54	785	0.000013
55	59	0.000002
55	63	0.000043
55	678	0.000002
55	684	0.000356
55	687	0.000403
55	689	0.000083
55	722	0.000001
55	723	0.000002
55	726	0.027297
55	750	0.000003
55	754	0.018991
55	756	0.000078
55	762	0.630017
55	771	0.000002
55	772	0.000015
55	773	0.000403
55	775	0.000010
55	776	0.000007
55	777	0.000044
55	778	0.000005
55	784	0.000010
55	788	0.000002
55	793	0.000158
56	62	0.000056
56	64	0.000010
56	65	0.007114
56	66	0.000624
56	67	0.000028
56	74	0.000003
56	75	0.000860
56	76	0.000003
56	77	0.000026
56	677	0.000002
56	683	0.000373
56	686	0.000390
56	688	0.000042
56	699	0.000036
56	700	0.000029
56	724	0.000007
56	725	0.031699
56	734	0.000005
56	735	0.000004
56	736	0.000003
56	737	0.000191
56	738	0.000008
56	739	0.000004
56	740	0.000070
56	741	0.000106
56	742	0.000215
56	743	0.000004
56	745	0.000002
56	746	0.000057
56	747	0.000003
56	749	0.000004
56	751	0.000008
56	752	0.293224
56	753	0.015043
56	755	0.000004
56	757	0.000008
56	758	0.000824
56	759	0.000331
56	760	0.001209
56	761	0.486761
56	768	0.000005
56	774	0.000004
56	792	0.000238
57	61	0.000024
57	62	0.000025
57	64	0.007188
57	65	0.000610
57	66	0.000035
57	74	0.001111
57	75	0.000002
57	76	0.000021
57	77	0.000002
57	676	0.000002
57	682	0.000369
57	686	0.000024
57	688	0.000011
57	694	0.000031
57	699	0.000033
57	724	0.031638
57	733	0.000003
57	734	0.000006
57	735	0.000002
57	736	0.000189
57	737	0.000010
57	738	0.000003
57	739	0.000070
57	740	0.000106
57	741	0.000214
57	742	0.000005
57	744	0.000001
57	745	0.000057
57	746	0.000004
57	749	0.000014
57	751	0.319803
57	752	0.007875
57	753	0.000007
57	757	0.000901
57	758	0.000345
57	759	0.002273
57	760	0.466320
57	761	0.000006
57	767	0.000006
57	770	0.000002
57	774	0.000004
57	792	0.000004
58	63	0.006317
58	72	0.000132
58	73	0.001168
58	675	0.000001
58	681	0.000363
58	684	0.000327
58	685	0.000026
58	687	0.000672
58	693	0.000030
58	695	0.003060
58	696	0.000005
58	698	0.000025
58	722	0.000073
58	723	0.029589
58	748	0.000022
58	750	0.365382
58	754	0.000085
58	756	0.000920
58	771	0.000003
58	773	0.000004
58	775	0.000369
58	790	0.000213
58	791	0.000002
58	793	0.000007
59	64	0.000470
59	65	0.000095
59	66	0.000274
59	67	0.000008
59	74	0.030244
59	75	0.000006
59	76	0.000002
59	77	0.000010
59	682	0.000008
59	683	0.000437
59	686	0.003328
59	694	0.436540
59	724	0.000001
59	734	0.000003
59	737	0.000001
59	739	0.000002
59	740	0.000004
59	741	0.000004
59	742	0.000006
59	743	0.000001
59	744	0.000002
59	745	0.000058
59	746	0.000084
59	747	0.000005
59	749	0.366347
59	751	0.000917
59	752	0.000006
59	753	0.000048
59	755	0.000115
59	757	0.004790
59	758	0.006844
59	759	0.007582
59	767	0.000001
59	769	0.000001
59	770	0.000003
59	774	0.000393
59	789	0.000217
59	792	0.000014
60	70	0.000555
60	71	0.001414
60	72	0.000002
60	73	0.030333
60	681	0.000017
60	684	0.000004
60	685	0.003325
60	691	0.000010
60	692	0.000010
60	693	0.438524
60	722	0.000017
60	723	0.000003
60	748	0.359729
60	750	0.000900
60	754	0.000017
60	756	0.004346
60	773	0.000395
60	788	0.000216
60	791	0.000009
61	68	0.000001
61	69	0.000635
61	70	0.001622
61	71	0.000002
61	72	0.030178
61	73	0.000122
61	681	0.000080
61	684	0.002951
61	685	0.000002
61	691	0.000009
61	692	0.440333
61	693	0.000003
61	721	0.000009
61	722	0.000010
61	748	0.000139
61	750	0.000023
61	754	0.000034
61	756	0.000534
61	765	0.000002
61	772	0.000397
61	787	0.000215
61	790	0.000003
61	791	0.000049
62	68	0.000895
62	69	0.001644
62	71	0.030114
62	72	0.000167
62	680	0.000030
62	689	0.000404
62	691	0.441062
62	720	0.000009
62	721	0.000007
62	729	0.000002
62	748	0.001250
62	754	0.001311
62	764	0.000003
62	771	0.000397
62	786	0.000217
62	790	0.000295
62	791	0.000007
63	67	0.000636
63	75	0.000002
63	76	0.000001
63	682	0.001333
63	688	0.000516
63	690	0.440618
63	719	0.000006
63	728	0.000002
63	730	0.000023
63	738	0.000010
63	743	0.000371
63	744	0.000587
63	747	0.001253
63	755	0.003053
63	763	0.000003
63	766	0.000163
63	769	0.000001
63	770	0.000239
63	785	0.000216
64	68	0.000857
64	69	0.002406
64	71	0.000059
64	72	0.000595
64	680	0.000060
64	687	0.000620
64	689	0.439235
64	727	0.000001
64	729	0.000026
64	748	0.000012
64	754	0.003205
64	762	0.000003
64	765	0.000271
64	784	0.000213
64	787	0.000001
64	788	0.000408
64	790	0.000004
64	791	0.000031
65	69	0.000158
65	71	0.000600
65	72	0.001332
65	679	0.000034
65	680	0.426131
65	687	0.011862
65	689	0.000219
65	729	0.000003
65	748	0.000031
65	754	0.000071
65	764	0.000271
65	765	0.000028
65	782	0.000031
65	786	0.000001
65	787	0.000409
65	788	0.000008
65	790	0.000031
65	791	0.000025
66	71	0.001333
66	72	0.000030
66	679	0.427860
66	680	0.000009
66	687	0.005806
66	689	0.000019
66	727	0.000064
66	748	0.000145
66	754	0.000018
66	762	0.000028
66	764	0.000029
66	778	0.000002
66	782	0.000080
66	784	0.000002
66	786	0.000409
66	787	0.000008
66	788	0.000001
66	790	0.000026
67	71	0.000024
67	72	0.000002
67	73	0.000002
67	678	0.427719
67	679	0.000004
67	684	0.000593
67	685	0.001900
67	687	0.004656
67	710	0.000001
67	726	0.000071
67	748	0.000015
67	750	0.006111
67	754	0.000047
67	762	0.000257
67	772	0.000007
67	777	0.000002
67	783	0.000003
67	784	0.000013
67	786	0.000008
67	787	0.000001
68	74	0.000039
68	75	0.000021
68	77	0.000042
68	676	0.000004
68	677	0.427725
68	683	0.000594
68	686	0.008113
68	688	0.000031
68	709	0.000001
68	725	0.000072
68	734	0.001004
68	735	0.000002
68	737	0.054865
68	738	0.000007
68	739	0.000007
68	740	0.394668
68	741	0.000858
68	742	0.000165
68	743	0.000005
68	745	0.000084
68	746	0.000598
68	749	0.006567
68	751	0.000002
68	752	0.000066
68	753	0.000120
68	758	0.000011
68	759	0.000009
68	760	0.000027
68	761	0.000283
68	781	0.000002
68	785	0.000007
69	74	0.000034
69	75	0.000002
69	76	0.000053
69	77	0.000111
69	676	0.426984
69	677	0.000007
69	682	0.000424
69	683	0.015778
69	686	0.003051
69	688	0.000005
69	724	0.000072
69	733	0.001012
69	734	0.000002
69	736	0.055197
69	737	0.000005
69	739	0.397157
69	740	0.000436
69	741	0.000148
69	742	0.000005
69	744	0.000088
69	745	0.000599
69	749	0.000020
69	751	0.000065
69	752	0.000119
69	753	0.000003
69	755	0.000002
69	757	0.000011
69	758	0.000008
69	759	0.000029
69	760	0.000282
69	770	0.000026
69	780	0.000002
70	75	0.000168
70	76	0.000300
70	682	0.015719
70	732	0.000997
70	735	0.055235
70	738	0.397593
70	743	0.000175
70	744	0.000525
70	747	0.006650
70	755	0.000004
70	768	0.000004
70	769	0.000222
70	770	0.000002
70	779	0.000001
70	781	0.000002
71	75	0.000172
71	76	0.000124
71	77	0.000626
71	674	0.000093
71	676	0.000067
71	677	0.000575
71	682	0.000322
71	683	0.004926
71	686	0.000008
71	706	0.000001
71	725	0.000048
71	730	0.000003
71	731	0.000931
71	732	0.000149
71	733	0.000034
71	734	0.055165
71	736	0.000003
71	737	0.397672
71	740	0.000143
71	741	0.000009
71	742	0.000248
71	743	0.000428
71	746	0.006696
71	749	0.000009
71	751	0.000017
71	752	0.000010
71	753	0.000034
71	757	0.000006
71	758	0.000267
71	759	0.000059
71	767	0.000004
71	768	0.000301
71	769	0.000001
71	780	0.000001
71	781	0.000476
72	76	0.000297
72	77	0.000606
72	80	0.000001
72	674	0.000047
72	676	0.000641
72	677	0.000004
72	682	0.003924
72	683	0.007158
72	705	0.000001
72	724	0.000048
72	730	0.000690
72	731	0.000746
72	732	0.000001
72	733	0.054693
72	734	0.000004
72	735	0.000003
72	736	0.397068
72	737	0.000002
72	739	0.000143
72	740	0.000009
72	741	0.000247
72	742	0.000423
72	745	0.006689
72	749	0.000077
72	751	0.000010
72	752	0.000034
72	753	0.000002
72	757	0.000267
72	758	0.000058
72	767	0.000313
72	780	0.000485
73	79	0.000004
73	682	0.007246
73	688	0.000012
73	690	0.000012
73	728	0.002202
73	730	0.001735
73	732	0.045387
73	735	0.336648
73	738	0.000118
73	743	0.000012
73	744	0.005714
73	755	0.000241
73	766	0.000304
73	779	0.000486
74	78	0.000006
74	673	0.000024
74	675	0.000355
74	679	0.080958
74	680	0.066400
74	687	0.000015
74	689	0.000016
74	691	0.000009
74	711	0.000001
74	727	0.004176
74	729	0.003109
74	748	0.000001
74	754	0.000245
74	765	0.000297
74	778	0.000486
75	672	0.000012
75	675	0.000070
75	678	0.076537
75	679	0.066638
75	680	0.000252
75	681	0.000428
75	684	0.000001
75	685	0.000016
75	692	0.000007
75	693	0.000071
75	710	0.000001
75	722	0.000004
75	723	0.000019
75	726	0.003653
75	727	0.000140
75	729	0.000089
75	764	0.000189
75	773	0.000009
75	777	0.000471
76	675	0.000213
76	678	0.042181
76	679	0.000359
76	680	0.000486
76	681	0.000056
76	684	0.000020
76	685	0.000004
76	687	0.000002
76	691	0.000007
76	692	0.000097
76	722	0.000026
76	723	0.000012
76	726	0.000125
76	727	0.000144
76	729	0.000282
76	772	0.000017
76	775	0.000001
76	776	0.000375
77	673	0.000003
77	675	0.940826
77	679	0.000182
77	680	0.000045
77	691	0.000095
77	721	0.000006
77	727	0.000311
77	729	0.000542
77	754	0.000001
77	762	0.000079
77	771	0.000018
78	674	0.999271
78	676	0.000036
78	677	0.000001
78	694	0.000001
78	724	0.000001
78	728	0.000002
78	734	0.000001
78	761	0.000009
79	672	0.000002
79	673	0.998699
79	675	0.000032
79	679	0.000003
79	693	0.000001
79	723	0.000001
80	672	0.998121
80	678	0.000004
81	671	0.999969
81	677	0.000005
82	670	0.999986
82	676	0.000005
83	669	0.999950
83	675	0.000005
84	668	0.996858
84	674	0.000005
85	666	0.001651
86	667	0.915256
86	673	0.000004
87	667	0.000338
87	672	0.000004
88	664	0.000006
88	665	0.994142
88	666	0.000043
88	671	0.000003
89	664	0.999954
89	665	0.000024
89	670	0.000003
90	663	0.999961
90	669	0.000002
91	662	0.999957
92	661	0.999991
93	660	0.999980
94	659	0.999388
95	656	0.000013
95	657	0.000229
95	658	0.997776
98	655	0.982843
99	654	0.999938
100	653	0.999991
101	652	0.999957
102	651	0.999956
103	650	0.999949
104	648	0.000322
104	649	0.987533
105	645	0.000001
105	647	0.000848
105	648	0.821023
105	649	0.001145
106	646	0.001372
107	644	0.000002
107	647	0.880796
107	648	0.000243
108	646	0.881457
109	646	0.002428
110	643	0.000470
110	644	0.997612
111	642	0.000457
111	643	0.999496
111	644	0.000002
112	642	0.998020
113	641	0.999926
114	640	0.999978
115	639	0.994406
116	635	0.000839
116	636	0.056438
116	638	0.941045
117	635	0.075942
117	636	0.792640
117	638	0.000123
119	631	0.000002
119	632	0.949020
119	633	0.045508
120	631	0.965922
120	632	0.032220
120	633	0.001294
121	630	0.978546
121	634	0.000005
121	637	0.000331
122	626	0.000005
122	629	0.979477
122	631	0.019821
122	632	0.000041
122	633	0.000004
123	625	0.000005
123	628	0.965945
123	630	0.019413
123	635	0.000414
124	130	0.000002
124	624	0.000006
124	625	0.000003
124	628	0.020980
124	630	0.000497
124	634	0.000414
125	129	0.000002
125	626	0.007842
125	627	0.846443
125	629	0.009223
125	632	0.000008
125	633	0.000409
126	622	0.000003
126	626	0.964002
126	627	0.000026
126	629	0.000010
126	631	0.000014
126	632	0.000402
127	622	0.000014
127	627	0.013184
128	622	0.000055
128	626	0.013372
128	629	0.000392
128	631	0.000013
129	623	0.978769
129	625	0.012883
129	628	0.000392
129	630	0.000013
130	622	0.968550
130	627	0.000385
131	619	0.000002
131	620	0.996431
131	622	0.000006
131	626	0.000095
132	619	0.999927
132	620	0.000051
133	618	0.999965
133	619	0.000026
134	617	0.999938
135	615	0.000141
135	616	0.998339
136	614	0.000144
136	615	0.999831
137	613	0.000147
137	614	0.999841
138	611	0.000189
138	613	0.999787
139	609	0.000412
139	610	0.000255
139	612	0.998747
140	608	0.001937
140	611	0.995176
142	607	0.982147
142	608	0.014479
143	606	0.999947
143	609	0.000002
144	605	0.999509
145	604	0.999981
146	603	0.999991
147	602	0.999977
148	601	0.999511
149	600	0.999970
150	596	0.000003
150	598	0.000003
150	599	0.999028
151	595	0.000033
151	597	0.000003
151	598	0.998830
152	594	0.000038
152	596	0.000006
152	597	0.999911
153	593	0.000039
153	594	0.000008
153	596	0.997014
153	597	0.000012
154	592	0.000021
155	592	0.000016
156	592	0.000484
157	592	0.988913
158	591	0.999943
159	590	0.999976
160	589	0.999698
161	588	0.999937
162	585	0.000003
162	586	0.001469
162	587	0.998471
163	584	0.000003
163	585	0.002938
163	586	0.997023
163	587	0.000013
164	215	0.000001
164	583	0.000004
164	584	0.004405
164	585	0.995505
164	586	0.000025
165	214	0.000004
165	215	0.000390
165	480	0.000001
165	582	0.000002
165	583	0.005806
165	584	0.986202
165	585	0.000037
166	211	0.000001
166	216	0.000044
166	217	0.000013
166	218	0.000007
166	479	0.000001
167	175	0.000095
167	213	0.030117
167	215	0.000023
167	480	0.000001
167	540	0.000009
167	582	0.001658
167	583	0.293083
167	584	0.000042
168	174	0.000096
168	211	0.000032
168	212	0.032260
169	173	0.000095
169	210	0.000026
169	211	0.995147
169	212	0.000002
170	210	0.999686
170	211	0.000014
171	209	0.999619
172	205	0.000002
172	206	0.000015
172	207	0.000497
172	208	0.989037
172	210	0.000001
173	209	0.000003
175	204	0.002909
175	206	0.241540
176	203	0.002192
176	204	0.994795
176	206	0.000006
177	202	0.001466
177	203	0.997770
177	204	0.000019
178	201	0.000739
178	202	0.998511
178	203	0.000013
179	199	0.000001
179	201	0.999231
179	202	0.000007
180	200	0.999463
181	198	0.000001
181	199	0.998119
182	198	0.998841
183	197	0.999964
184	196	0.999509
185	193	0.000002
185	195	0.999972
186	192	0.000006
186	194	0.999917
187	191	0.000024
187	193	0.991644
187	195	0.000007
188	192	0.980165
188	194	0.000008
189	193	0.000009
211	480	0.000010
211	583	0.000001
212	480	0.965865
213	218	0.000004
213	479	0.969605
214	218	0.000015
214	219	0.000002
214	477	0.000012
214	478	0.975236
214	479	0.000030
215	477	0.975512
215	479	0.000252
216	476	0.664867
216	540	0.000001
217	476	0.002862
218	473	0.000006
218	476	0.001989
218	480	0.000172
218	583	0.000007
219	472	0.000006
219	476	0.314445
220	471	0.000004
220	474	0.000013
220	475	0.990240
221	474	0.999758
222	470	0.000002
222	473	0.999930
223	469	0.000002
223	472	0.999427
224	468	0.000001
224	471	0.997575
225	469	0.000639
225	470	0.948947
226	466	0.000002
226	467	0.000019
226	468	0.000890
227	466	0.000019
227	467	0.000522
227	468	0.951220
228	467	0.989702
229	469	0.000002
230	465	0.981588
230	466	0.000952
231	464	0.999852
232	462	0.000001
232	463	0.999012
233	462	0.998626
233	463	0.000001
234	461	0.999322
235	460	0.998642
236	459	0.999851
236	460	0.000002
237	458	0.999162
238	456	0.000001
238	457	0.998121
239	456	0.999263
239	457	0.000001
240	455	0.999984
241	454	0.999970
242	453	0.999129
243	452	0.997045
243	454	0.000005
244	451	0.974474
244	453	0.000211
245	452	0.000412
246	448	0.000005
246	449	0.000045
246	450	0.997878
246	451	0.000054
247	449	0.997790
247	451	0.000046
248	448	0.979791
248	449	0.001272
248	450	0.000064
249	446	0.002002
249	448	0.003340
249	449	0.000015
250	446	0.966623
250	448	0.000003
251	444	0.000002
251	445	0.999979
252	444	0.999975
253	443	0.999355
254	442	0.997734
255	439	0.000044
256	439	0.998128
257	438	0.999917
258	437	0.999957
259	436	0.999980
260	435	0.999583
261	434	0.999964
262	433	0.999418
263	429	0.000184
263	430	0.000002
263	431	0.000009
263	432	0.998850
264	269	0.000180
264	394	0.000004
264	428	0.000237
264	431	0.996678
265	409	0.000003
265	410	0.000001
266	393	0.000010
266	396	0.000025
266	397	0.000001
266	407	0.000002
266	409	0.000002
266	410	0.000026
267	409	0.000054
267	410	0.000001
268	394	0.005232
268	395	0.002610
268	408	0.000064
268	426	0.000031
268	427	0.003972
268	428	0.000409
268	429	0.002064
268	430	0.000565
268	431	0.000001
269	393	0.007017
269	398	0.000002
269	407	0.000021
269	409	0.000002
269	425	0.000009
270	392	0.003518
270	393	0.991180
270	397	0.000002
271	392	0.996451
271	393	0.000010
271	396	0.000002
271	425	0.000001
272	390	0.000005
272	391	0.999976
272	395	0.000002
272	424	0.000001
273	390	0.999932
273	394	0.000002
273	423	0.000001
274	288	0.000155
274	384	0.000008
274	387	0.000052
274	388	0.000157
274	389	0.993301
275	287	0.000304
275	380	0.000019
275	383	0.000016
275	384	0.000004
275	386	0.000110
275	387	0.000259
275	388	0.960285
275	389	0.002218
276	286	0.000307
276	379	0.000019
276	384	0.000011
276	387	0.827097
276	388	0.005725
276	389	0.000047
277	285	0.000310
277	378	0.000020
277	382	0.002066
277	385	0.006439
278	284	0.000311
278	377	0.000020
278	381	0.002088
279	287	0.000005
279	289	0.000014
279	290	0.000010
279	376	0.000005
279	380	0.001876
279	383	0.000941
279	384	0.007713
279	386	0.116740
279	387	0.000070
279	388	0.000470
279	389	0.000001
280	286	0.000005
280	288	0.000030
280	289	0.000009
280	379	0.001725
280	384	0.922569
280	387	0.000621
280	388	0.000001
281	287	0.000044
281	288	0.000006
281	290	0.000255
281	374	0.000002
281	380	0.000023
281	383	0.957170
281	384	0.000140
281	386	0.000706
282	286	0.000033
282	288	0.000001
282	289	0.000250
282	376	0.000002
282	379	0.000022
282	384	0.000075
283	288	0.000189
283	376	0.000298
283	384	0.000248
284	290	0.000023
284	374	0.000022
284	376	0.000023
284	379	0.000001
284	380	0.997224
284	383	0.000237
285	289	0.000017
285	376	0.000300
285	379	0.997030
286	372	0.000013
286	373	0.000020
286	375	0.000284
286	377	0.000020
286	378	0.996749
286	381	0.000006
286	382	0.000197
287	377	0.994840
287	381	0.000199
288	372	0.000205
288	373	0.004282
288	375	0.034502
288	377	0.000047
288	378	0.000005
289	372	0.003706
289	373	0.002862
289	375	0.058289
289	377	0.000004
289	378	0.001025
290	377	0.001168
290	390	0.000001
291	371	0.001142
291	376	0.001333
291	389	0.000003
292	371	0.919898
292	376	0.000005
292	388	0.000003
293	369	0.000007
293	370	0.989933
293	371	0.008199
293	374	0.000005
293	387	0.000004
294	368	0.000004
294	369	0.989953
294	370	0.008775
294	371	0.000007
294	374	0.000013
294	386	0.000004
295	373	0.000013
295	385	0.000004
296	367	0.000011
296	368	0.999640
296	369	0.000061
296	384	0.000004
297	367	0.999924
297	368	0.000038
297	383	0.000004
298	365	0.000002
298	366	0.999353
298	382	0.000004
299	365	0.972442
299	381	0.000004
300	365	0.026727
301	364	0.963413
302	362	0.000006
302	363	0.999927
303	361	0.000004
303	362	0.999984
304	360	0.000002
304	361	0.999986
305	360	0.999955
306	359	0.999917
307	358	0.999743
308	357	0.999939
309	356	0.999938
310	355	0.999499
311	354	0.999192
312	353	0.999964
313	352	0.999668
314	350	0.000006
314	351	0.999765
315	329	0.001460
315	350	0.997678
315	351	0.000005
316	321	0.000145
316	322	0.000123
316	328	0.006726
316	331	0.000065
316	349	0.539395
316	352	0.000069
317	326	0.004759
317	327	0.012140
317	329	0.000176
317	342	0.000001
317	343	0.000196
317	344	0.000718
317	350	0.000033
317	351	0.000167
318	326	0.016171
318	327	0.000091
318	329	0.121882
318	342	0.000196
318	343	0.000715
318	344	0.000008
318	350	0.000203
319	328	0.122898
319	339	0.000002
319	349	0.000158
319	352	0.000002
320	326	0.018458
320	327	0.122932
320	329	0.000044
320	342	0.000127
320	343	0.000114
320	344	0.000764
320	350	0.000013
320	351	0.000004
321	325	0.015274
321	326	0.105287
321	327	0.000007
321	329	0.000001
321	330	0.000005
321	337	0.000005
321	340	0.000051
321	342	0.000105
321	343	0.000657
321	344	0.002163
321	345	0.001268
321	347	0.000001
321	350	0.000006
322	326	0.000184
322	327	0.000002
322	329	0.000005
322	330	0.000460
322	337	0.000014
322	340	0.000026
322	342	0.000417
322	343	0.002941
322	344	0.001349
322	345	0.000120
322	350	0.000004
322	351	0.000004
323	327	0.000004
323	329	0.000527
323	335	0.000043
323	342	0.003198
323	343	0.001349
323	344	0.000126
323	350	0.000069
323	351	0.000003
324	328	0.000346
324	334	0.000021
324	339	0.000002
324	349	0.000125
325	334	0.000685
325	339	0.000070
325	349	0.002166
326	333	0.000721
326	334	0.000002
326	338	0.000063
326	339	0.005719
326	341	0.000027
326	346	0.000002
326	348	0.002332
326	349	0.408732
327	332	0.000717
327	333	0.000002
327	336	0.000055
327	338	0.006132
327	341	0.000002
327	346	0.000045
327	348	0.853259
327	349	0.000009
328	335	0.000053
328	337	0.006144
328	340	0.000002
328	345	0.000020
328	347	0.858933
329	334	0.000020
329	336	0.006114
329	338	0.000001
329	339	0.000002
329	346	0.861840
329	348	0.000247
329	349	0.000011
330	334	0.000034
330	349	0.000077
331	335	0.000040
331	343	0.000001
331	344	0.001119
331	345	0.964203
331	347	0.000011
332	342	0.000001
332	343	0.001579
332	344	0.991166
333	342	0.001594
333	343	0.991252
333	344	0.000021
334	340	0.000052
334	342	0.988808
334	343	0.000022
334	344	0.000001
334	345	0.000001
334	347	0.000093
335	339	0.000065
335	341	0.973502
335	346	0.000127
336	342	0.000072
336	343	0.000003
336	344	0.000012
338	342	0.000003
338	343	0.000140
338	344	0.000001
339	343	0.000001
341	350	0.000017
342	348	0.000008
342	349	0.000028
343	348	0.000034
344	348	0.000002
345	349	0.000005
346	350	0.000013
370	377	0.000001
372	376	0.000006
374	381	0.000008
376	382	0.000001
376	385	0.000002
377	383	0.000003
377	384	0.000002
377	386	0.000005
377	388	0.000001
377	389	0.000001
378	387	0.000002
378	388	0.000001
381	386	0.000022
381	388	0.000003
381	389	0.000002
382	387	0.000002
382	388	0.000002
390	413	0.000001
391	412	0.000001
392	411	0.000001
393	428	0.000001
394	407	0.002747
394	409	0.002091
394	410	0.000031
395	407	0.991518
395	409	0.000001
395	425	0.000001
396	405	0.000329
396	406	0.999497
396	424	0.000001
397	404	0.000329
397	405	0.999525
397	406	0.000090
397	423	0.000001
398	402	0.000029
398	404	0.998940
398	405	0.000123
399	403	0.810735
399	404	0.000141
402	419	0.000001
403	418	0.000001
407	428	0.001102
409	426	0.000357
409	427	0.721279
409	428	0.000845
409	429	0.000612
409	430	0.000246
410	426	0.957706
410	427	0.000908
410	428	0.000254
410	429	0.000078
410	430	0.000010
411	425	0.999879
412	424	0.999988
413	420	0.000001
413	423	0.999953
414	419	0.000006
414	422	0.999710
415	420	0.000569
415	421	0.990257
416	422	0.000017
417	421	0.000023
477	540	0.000010
477	583	0.000005
478	540	0.000059
479	539	0.000024
479	540	0.000193
479	583	0.000002
480	538	0.000014
480	541	0.000024
481	539	0.997404
481	540	0.000083
482	537	0.000001
482	538	0.999954
483	537	0.999973
483	538	0.000001
484	536	0.999430
484	537	0.000002
485	535	0.998684
487	533	0.000221
487	534	0.974524
488	533	0.978636
489	532	0.490914
490	532	0.498904
491	529	0.000013
491	530	0.017544
491	531	0.982069
492	528	0.000013
492	529	0.017612
492	530	0.982285
492	531	0.000062
493	528	0.017609
493	529	0.982262
493	530	0.000066
494	528	0.981073
494	529	0.000069
495	523	0.000011
495	524	0.685748
495	527	0.312301
496	523	0.983245
497	522	0.996604
497	525	0.001131
497	526	0.000066
498	521	0.998830
498	523	0.000006
498	524	0.000893
499	513	0.000040
499	520	0.998849
499	521	0.000876
499	523	0.000134
500	512	0.000040
500	520	0.000941
500	521	0.000014
501	511	0.000040
501	517	0.000012
502	510	0.000040
502	517	0.999453
503	509	0.000039
503	515	0.000012
503	516	0.999933
504	514	0.000018
504	515	0.999903
505	514	0.997407
505	515	0.000001
506	510	0.000016
506	511	0.000074
506	512	0.000928
506	513	0.954146
507	514	0.000110
507	515	0.000009
508	514	0.000037
509	513	0.000115
514	521	0.000038
515	520	0.000038
541	581	0.000033
541	582	0.988802
541	583	0.002951
541	584	0.000002
542	580	0.000021
542	581	0.998371
542	582	0.001512
542	583	0.000002
543	579	0.000022
543	580	0.998763
544	578	0.000013
544	579	0.998134
544	580	0.000002
545	578	0.999965
546	576	0.000001
546	577	0.999979
547	576	0.998476
548	575	0.999859
549	574	0.999582
550	573	0.999955
551	567	0.000001
551	572	0.999581
552	566	0.000003
552	571	0.999961
553	570	0.999453
554	565	0.009091
554	566	0.001588
554	569	0.986672
555	563	0.000327
555	564	0.011576
556	560	0.000004
556	561	0.000018
556	562	0.000216
556	565	0.972478
556	566	0.002388
556	569	0.000002
557	563	0.009537
557	564	0.969137
558	562	0.009073
559	563	0.002908
559	564	0.000133
559	567	0.000005
559	568	0.000025
560	564	0.000140
562	567	0.000001
562	568	0.000030
563	569	0.000004
623	629	0.000002
633	638	0.000002
672	707	0.000012
673	688	0.000002
673	690	0.000033
673	694	0.000005
673	706	0.000020
673	707	0.000001
673	724	0.000023
673	730	0.000001
673	751	0.000004
673	755	0.000003
674	679	0.000003
674	680	0.000002
674	687	0.000002
674	689	0.000041
674	691	0.000137
674	729	0.000002
674	754	0.000003
675	682	0.000002
675	683	0.000014
675	686	0.000017
675	688	0.000106
675	690	0.000991
675	694	0.000060
675	704	0.008755
675	705	0.000018
675	706	0.000013
675	709	0.000024
675	712	0.000008
675	724	0.000157
675	725	0.000155
675	728	0.000003
675	730	0.000001
675	731	0.000007
675	733	0.000003
675	734	0.000005
675	739	0.000004
675	740	0.000006
675	741	0.000033
675	742	0.000007
675	749	0.002634
675	751	0.000024
675	752	0.000010
675	753	0.000005
675	755	0.000008
675	766	0.000011
675	792	0.000012
676	680	0.000201
676	687	0.000147
676	689	0.001377
676	691	0.018521
676	695	0.000001
676	703	0.016897
676	711	0.000020
676	715	0.000001
676	720	0.000004
676	721	0.256128
676	727	0.000002
676	729	0.000002
676	748	0.001354
676	754	0.000012
676	765	0.000021
676	771	0.000006
676	791	0.000012
677	687	0.000436
677	689	0.044354
677	691	0.004537
677	695	0.000005
677	702	0.016976
677	711	0.000002
677	714	0.000001
677	720	0.258194
677	721	0.000004
677	729	0.000002
677	748	0.008550
677	764	0.000021
677	771	0.000011
677	790	0.000010
678	682	0.000009
678	688	0.044307
678	690	0.004437
678	700	0.000019
678	701	0.016929
678	707	0.013375
678	713	0.000001
678	719	0.258347
678	735	0.000394
678	738	0.001611
678	743	0.000206
678	747	0.010154
678	763	0.000020
678	769	0.000024
678	770	0.000007
679	683	0.000181
679	686	0.013724
679	688	0.000104
679	690	0.000170
679	694	0.003595
679	699	0.000038
679	700	0.016905
679	706	0.014767
679	707	0.000045
679	712	0.000001
679	718	0.258463
679	719	0.000001
679	732	0.000011
679	733	0.000002
679	734	0.000757
679	735	0.000013
679	737	0.001848
679	738	0.000001
679	740	0.000289
679	741	0.000034
679	742	0.000235
679	743	0.000002
679	746	0.010214
679	758	0.000003
679	759	0.000005
679	760	0.000001
679	761	0.000018
679	768	0.000036
679	769	0.000004
680	686	0.040836
680	688	0.002724
680	690	0.000010
680	694	0.032178
680	699	0.016910
680	700	0.000001
680	705	0.014825
680	706	0.000052
680	717	0.258096
680	718	0.000003
680	731	0.000016
680	733	0.000732
680	734	0.000036
680	736	0.001849
680	737	0.000002
680	739	0.000292
680	740	0.000034
680	741	0.000233
680	742	0.000002
680	745	0.010213
680	757	0.000003
680	758	0.000005
680	759	0.000002
680	760	0.000018
680	761	0.000004
680	767	0.000041
681	688	0.004524
681	690	0.000680
681	704	0.014880
681	705	0.000028
681	716	0.258333
681	717	0.000003
681	730	0.000016
681	732	0.000437
681	735	0.001624
681	738	0.000264
681	743	0.000005
681	744	0.009946
681	755	0.000006
681	766	0.000041
682	687	0.004106
682	689	0.000565
682	691	0.000035
682	692	0.081514
682	693	0.000120
682	696	0.000194
682	697	0.000086
682	698	0.015748
682	703	0.014895
682	715	0.258080
682	729	0.000013
682	754	0.000005
682	756	0.000006
682	765	0.000041
683	687	0.000057
683	689	0.001531
683	691	0.089106
683	695	0.000164
683	697	0.015765
683	702	0.014916
683	714	0.258026
683	715	0.000057
683	729	0.000025
683	748	0.000002
683	754	0.000005
683	764	0.000041
684	688	0.001117
684	690	0.077886
684	700	0.000001
684	701	0.014856
684	713	0.236835
684	728	0.000008
684	735	0.000003
684	738	0.000001
684	743	0.000051
684	744	0.000024
684	747	0.000001
684	755	0.000006
684	763	0.000030
685	690	0.000187
685	700	0.014360
685	701	0.000013
685	713	0.007576
685	728	0.000001
685	730	0.000049
685	738	0.000004
685	743	0.000094
685	744	0.000002
685	755	0.003250
685	763	0.000010
686	691	0.000856
686	695	0.029161
686	697	0.000092
686	711	0.161760
686	714	0.000004
686	727	0.000001
686	729	0.000050
686	754	0.003498
686	762	0.000021
687	694	0.094712
687	699	0.010836
687	700	0.000001
687	709	0.042380
687	712	0.009247
687	713	0.000005
687	728	0.000002
687	734	0.000030
687	736	0.000014
687	737	0.000104
687	738	0.000164
687	739	0.003388
687	740	0.000860
687	741	0.000566
687	742	0.000175
687	743	0.000009
687	745	0.000002
687	749	0.000033
687	751	0.001990
687	752	0.000031
687	753	0.003412
687	757	0.000005
687	761	0.000019
688	692	0.000026
688	693	0.093007
688	695	0.000108
688	696	0.000007
688	697	0.000013
688	698	0.010756
688	708	0.042740
688	710	0.190631
688	711	0.004083
688	748	0.000032
688	750	0.002068
688	756	0.000005
689	694	0.001102
689	699	0.000081
689	706	0.000002
689	707	0.039380
689	709	0.205004
689	712	0.000018
689	734	0.000083
689	735	0.000003
689	736	0.000291
689	737	0.007099
689	738	0.000175
689	739	0.001192
689	740	0.000346
689	741	0.000127
689	742	0.000010
689	746	0.000008
689	747	0.000020
689	749	0.002083
689	751	0.003388
689	752	0.000010
689	755	0.000003
689	757	0.000005
689	759	0.000005
689	760	0.000005
690	695	0.000011
690	696	0.009794
690	697	0.000036
690	698	0.000080
690	708	0.197637
690	710	0.000003
690	711	0.000018
690	748	0.002003
690	750	0.003412
690	754	0.000002
690	756	0.000004
691	705	0.000014
691	706	0.253311
691	707	0.005660
691	709	0.000002
691	718	0.000005
691	733	0.000029
691	734	0.000745
691	735	0.000080
691	736	0.009803
691	737	0.001094
691	738	0.000011
691	739	0.000845
691	740	0.000011
691	741	0.000003
691	742	0.000002
691	744	0.000006
691	745	0.000728
691	746	0.000027
691	747	0.000154
691	749	0.003363
691	753	0.000002
691	755	0.000003
691	757	0.000002
691	758	0.000003
691	759	0.000002
692	704	0.000011
692	705	0.258748
692	707	0.000001
692	717	0.000005
692	732	0.000025
692	735	0.009164
692	738	0.000820
692	743	0.000007
692	744	0.000744
692	747	0.000056
693	704	0.258812
693	705	0.000009
693	716	0.000005
693	732	0.000006
693	735	0.002023
693	738	0.000004
693	743	0.000604
693	744	0.000003
693	747	0.000057
693	755	0.000004
694	702	0.000610
694	703	0.258514
694	715	0.000005
694	748	0.000032
694	754	0.000004
695	699	0.000025
695	700	0.000035
695	701	0.001021
695	705	0.000002
695	706	0.000035
695	731	0.001853
695	732	0.000007
695	733	0.688444
695	734	0.002332
695	735	0.000005
695	736	0.000088
695	737	0.000019
695	739	0.000047
695	740	0.000004
695	741	0.000020
695	742	0.000007
695	744	0.000053
695	745	0.000060
695	746	0.000003
695	747	0.000002
695	753	0.000001
696	700	0.000833
696	701	0.070730
696	704	0.000002
696	705	0.000034
696	707	0.000018
696	713	0.000006
696	719	0.000001
696	730	0.001870
696	732	0.704105
696	735	0.000066
696	738	0.000044
696	743	0.000065
696	744	0.000048
697	701	0.000092
697	704	0.000023
697	705	0.000003
697	706	0.000021
697	712	0.000006
697	718	0.000001
697	731	0.706498
697	733	0.000001
697	734	0.000029
697	736	0.000001
697	737	0.000036
697	739	0.000016
697	742	0.000071
697	743	0.000024
697	745	0.000001
698	704	0.000006
698	705	0.000017
698	717	0.000001
698	728	0.001933
698	730	0.706295
698	732	0.000001
698	735	0.000002
698	738	0.000016
698	744	0.000001
699	703	0.000008
699	711	0.000005
699	727	0.001992
699	729	0.705584
700	710	0.000003
700	711	0.000027
700	726	0.001026
700	727	0.601885
700	729	0.000005
701	710	0.000188
701	714	0.000001
701	726	0.702709
701	727	0.000410
702	709	0.000217
702	713	0.000002
702	725	0.708067
702	734	0.000056
702	737	0.000119
702	740	0.000001
703	709	0.000011
703	712	0.000003
703	724	0.708093
703	731	0.000001
703	733	0.000057
703	734	0.000001
703	736	0.000119
703	739	0.000001
704	708	0.000010
704	710	0.000002
704	711	0.000003
704	722	0.000034
704	723	0.707356
705	710	0.000009
705	721	0.000066
705	722	0.706949
705	723	0.000005
705	729	0.000002
706	711	0.000003
706	715	0.000009
706	720	0.000129
706	721	0.705265
706	729	0.000019
707	714	0.000023
707	715	0.000005
707	720	0.565410
707	721	0.000112
707	722	0.000020
707	729	0.000013
708	713	0.000046
708	716	0.042244
708	717	0.000708
708	719	0.448210
708	728	0.000006
708	730	0.018671
708	732	0.000067
709	714	0.010197
709	715	0.056222
709	720	0.134542
709	721	0.000002
709	727	0.000003
709	729	0.021650
710	716	0.009218
710	717	0.194198
710	719	0.163523
710	728	0.014174
710	730	0.000069
710	732	0.000034
711	716	0.108994
711	717	0.002148
711	718	0.171789
711	719	0.000105
711	728	0.017851
711	730	0.000003
711	731	0.000029
711	734	0.000001
711	755	0.000001
712	720	0.000107
712	721	0.000004
712	727	0.033231
712	729	0.000003
712	754	0.000001
713	720	0.000009
713	726	0.033340
714	718	0.000635
714	719	0.000050
714	725	0.033364
714	752	0.000001
715	719	0.000009
715	724	0.033363
715	751	0.000001
716	722	0.000054
716	723	0.032462
716	750	0.000001
717	721	0.000088
717	722	0.024560
717	723	0.000010
718	727	0.000003
719	726	0.000003
720	725	0.000004
720	732	0.000004
720	734	0.000279
720	737	0.000001
720	740	0.000001
720	746	0.000001
721	725	0.000009
721	728	0.000002
721	730	0.000002
721	731	0.000183
721	732	0.000004
721	733	0.000460
721	734	0.000006
721	736	0.000002
721	739	0.000002
721	745	0.000001
722	728	0.000331
722	730	0.000257
722	732	0.000598
722	735	0.000009
722	738	0.000003
722	744	0.000002
723	728	0.000242
723	730	0.013848
723	732	0.000135
723	735	0.000013
723	738	0.000004
723	743	0.000002
723	755	0.000034
724	729	0.015347
724	754	0.000036
725	729	0.000558
725	748	0.000008
726	730	0.000054
726	732	0.003000
726	735	0.002392
726	738	0.000278
726	743	0.000039
726	747	0.000008
727	731	0.003387
727	732	0.000131
727	733	0.003222
727	734	0.004505
727	735	0.000016
727	736	0.000092
727	737	0.000317
727	738	0.000003
727	739	0.000029
727	740	0.000013
727	741	0.000010
727	742	0.000045
727	746	0.000008
727	751	0.000120
727	792	0.000003
728	750	0.000121
728	790	0.000002
728	791	0.000002
728	793	0.000085
729	733	0.000670
729	734	0.002167
729	735	0.000019
729	736	0.000327
729	737	0.000030
729	738	0.000003
729	739	0.000025
729	740	0.000018
729	741	0.000015
729	742	0.000005
729	745	0.000005
729	749	0.000121
729	789	0.000004
729	792	0.000147
730	748	0.000086
730	788	0.000004
730	791	0.000147
731	748	0.000028
731	787	0.000004
731	788	0.000001
731	790	0.000147
732	786	0.000004
732	787	0.000001
732	788	0.000003
732	791	0.000003
732	793	0.000002
733	748	0.000003
733	754	0.000002
733	786	0.000002
733	787	0.000009
733	788	0.000204
733	790	0.000025
733	791	0.000092
734	748	0.000753
734	754	0.000221
734	784	0.000007
734	786	0.000009
734	787	0.000206
734	788	0.000039
734	790	0.000094
734	791	0.000017
735	748	0.000013
735	750	0.000092
735	754	0.000015
735	756	0.000030
735	772	0.000002
735	783	0.000007
735	786	0.000188
735	787	0.000039
735	788	0.000005
735	790	0.000016
735	791	0.000012
735	793	0.000224
736	748	0.000098
736	754	0.000167
736	765	0.000002
736	771	0.000002
736	782	0.000007
736	786	0.000048
736	787	0.000006
736	788	0.000045
736	790	0.000021
736	791	0.010173
737	748	0.001316
737	754	0.000323
737	764	0.000002
737	778	0.000003
737	784	0.000253
737	786	0.000006
737	787	0.000044
737	788	0.000002
737	790	0.010406
737	791	0.000132
738	748	0.000023
738	750	0.000097
738	754	0.000015
738	756	0.000027
738	772	0.000005
738	776	0.000002
738	777	0.000006
738	783	0.000255
738	786	0.000038
738	787	0.000001
738	788	0.000025
738	790	0.000127
738	791	0.000049
738	793	0.000003
739	748	0.000642
739	754	0.000133
739	765	0.000006
739	771	0.000006
739	778	0.000001
739	782	0.000253
739	784	0.000005
739	786	0.000003
739	787	0.000028
739	788	0.010416
739	790	0.000102
739	791	0.000064
740	748	0.000398
740	754	0.000240
740	764	0.000006
740	765	0.000004
740	778	0.000009
740	782	0.000003
740	784	0.000013
740	786	0.000028
740	787	0.010420
740	788	0.000340
740	790	0.000065
740	791	0.000085
741	748	0.001047
741	754	0.000280
741	762	0.000004
741	764	0.000004
741	765	0.000003
741	771	0.000002
741	778	0.000017
741	782	0.000004
741	784	0.000002
741	786	0.010407
741	787	0.000347
741	788	0.000035
741	790	0.000086
741	791	0.000142
742	748	0.005370
742	754	0.000511
742	762	0.000004
742	764	0.000004
742	771	0.000020
742	778	0.000175
742	782	0.000013
742	784	0.005714
742	786	0.000353
742	787	0.000035
742	788	0.000002
742	790	0.000145
742	791	0.000048
743	748	0.000399
743	750	0.000148
743	754	0.000024
743	756	0.000171
743	771	0.000004
743	772	0.000044
743	773	0.002110
743	775	0.000003
743	776	0.000006
743	777	0.000162
743	778	0.000001
743	782	0.000003
743	783	0.005281
743	784	0.004173
743	786	0.000031
743	787	0.000002
743	790	0.000047
743	793	0.000003
744	748	0.000058
744	750	0.000092
744	754	0.000021
744	756	0.000188
744	771	0.000046
744	772	0.003053
744	773	0.000007
744	775	0.000005
744	776	0.000104
744	777	0.000001
744	782	0.004287
744	783	0.004974
744	784	0.000004
744	786	0.000001
744	788	0.000019
744	791	0.000002
744	793	0.000011
745	754	0.001275
745	765	0.000013
745	771	0.003204
745	778	0.000020
745	782	0.005251
745	784	0.000018
745	787	0.000021
745	788	0.000155
745	790	0.000003
745	791	0.000082
746	754	0.001663
746	762	0.000001
746	764	0.000013
746	765	0.000026
746	771	0.000197
746	778	0.001751
746	782	0.000050
746	784	0.000025
746	786	0.000021
746	787	0.000156
746	790	0.000083
746	791	0.000294
747	754	0.002781
747	756	0.240206
747	762	0.000001
747	764	0.000027
747	771	0.000007
747	772	0.000006
747	773	0.000019
747	775	0.000004
747	776	0.000010
747	777	0.001717
747	778	0.000014
747	782	0.000002
747	783	0.000024
747	786	0.000154
747	788	0.000001
747	790	0.000301
747	793	0.005578
748	752	0.000472
748	753	0.004704
748	755	0.297289
748	757	0.001365
748	758	0.000170
748	759	0.000139
748	760	0.000002
748	761	0.000002
748	763	0.000040
748	766	0.000018
748	767	0.002234
748	768	0.000607
748	769	0.000037
748	770	0.000020
748	774	0.000006
748	779	0.003958
748	780	0.000220
748	781	0.000005
748	785	0.000163
748	789	0.000325
748	792	0.014027
749	754	0.300656
749	762	0.000041
749	764	0.000213
749	765	0.000019
749	771	0.000156
749	778	0.004156
749	782	0.000011
749	784	0.000163
749	786	0.000002
749	788	0.000235
749	790	0.000103
749	791	0.009805
750	755	0.000149
750	763	0.000222
750	766	0.014332
750	768	0.000002
750	769	0.000002
750	770	0.000092
750	774	0.000065
750	779	0.000022
750	781	0.000005
750	785	0.000003
751	762	0.000215
751	764	0.000042
751	765	0.015387
751	771	0.000025
751	778	0.000021
751	782	0.000002
751	784	0.000003
751	787	0.000107
751	788	0.002250
751	790	0.000601
751	791	0.001784
752	762	0.000004
752	764	0.015405
752	765	0.000164
752	771	0.000046
752	786	0.000105
752	787	0.002266
752	788	0.000872
752	790	0.001320
752	791	0.132554
753	762	0.018116
753	764	0.000244
753	765	0.000137
753	771	0.002728
753	782	0.000003
753	784	0.000030
753	786	0.002261
753	787	0.000838
753	788	0.000069
753	790	0.147126
753	791	0.000230
754	758	0.000664
754	759	0.002413
754	760	0.000539
754	761	0.018505
754	763	0.000199
754	766	0.000003
754	767	0.007345
754	768	0.000389
754	769	0.000093
754	770	0.002500
754	774	0.000024
754	781	0.000002
754	785	0.001854
754	789	0.144215
754	792	0.041362
755	762	0.000042
755	764	0.000801
755	765	0.000003
755	771	0.000019
755	772	0.000009
755	773	0.000025
755	775	0.000004
755	776	0.000001
755	777	0.000001
755	782	0.000015
755	783	0.000029
755	784	0.000050
755	786	0.000709
755	788	0.021077
755	790	0.000505
755	791	0.038787
755	793	0.000853
756	763	0.001259
756	766	0.021592
756	768	0.000092
756	769	0.000011
756	770	0.000010
756	774	0.000003
756	779	0.000002
756	781	0.000007
756	785	0.000948
757	762	0.001332
757	764	0.000232
757	765	0.023977
757	771	0.000008
757	778	0.000002
757	782	0.000052
757	784	0.000976
757	786	0.000177
757	787	0.006706
757	788	0.116912
757	790	0.017728
757	791	0.089781
758	762	0.000042
758	764	0.023843
758	765	0.002610
758	771	0.000008
758	782	0.000164
758	784	0.000054
758	786	0.006634
758	787	0.126869
758	788	0.072969
758	790	0.090636
758	791	0.000045
759	764	0.002669
759	765	0.001123
759	771	0.000006
759	782	0.000413
759	784	0.001287
759	786	0.126471
759	787	0.078928
759	788	0.096116
759	790	0.000041
759	791	0.000011
760	764	0.001120
760	765	0.000016
760	771	0.000011
760	778	0.000002
760	782	0.000164
760	784	0.003669
760	786	0.079203
760	787	0.096472
760	788	0.000096
760	790	0.000007
760	791	0.002059
761	765	0.000004
761	771	0.000148
761	778	0.000006
761	782	0.002817
761	784	0.194643
761	786	0.096338
761	787	0.000094
761	788	0.000005
761	790	0.002102
762	767	0.000075
762	768	0.000001
762	769	0.000010
762	770	0.000133
762	774	0.000025
762	780	0.000004
762	781	0.001851
762	785	0.081618
762	789	0.002108
762	792	0.000230
763	771	0.000003
763	772	0.000034
763	773	0.000027
763	775	0.000034
763	776	0.000005
763	777	0.000004
763	782	0.199282
763	783	0.007955
763	784	0.006374
763	786	0.000013
763	787	0.000011
763	788	0.002082
763	791	0.000229
764	768	0.000003
764	769	0.000003
764	770	0.000007
764	774	0.000037
764	779	0.000007
764	780	0.003624
764	781	0.298004
764	785	0.000141
765	769	0.000004
765	770	0.000030
765	774	0.000083
765	779	0.003434
765	780	0.303857
765	781	0.000706
765	785	0.000076
765	789	0.000232
766	771	0.000039
766	772	0.002713
766	773	0.000131
766	775	0.000049
766	776	0.000021
766	777	0.000034
766	778	0.000022
766	782	0.000004
766	783	0.000413
766	786	0.000005
766	787	0.000002
766	788	0.000231
767	771	0.005382
767	778	0.313446
767	782	0.000422
767	784	0.004199
767	786	0.000002
767	787	0.000224
768	772	0.000243
768	773	0.000397
768	775	0.002371
768	776	0.006793
768	777	0.328337
768	778	0.000599
768	782	0.000002
768	783	0.004233
768	784	0.000013
768	786	0.000209
769	773	0.000187
769	775	0.008215
769	776	0.317334
769	777	0.018036
769	778	0.000182
769	782	0.003467
769	783	0.000032
769	784	0.000028
770	775	0.250555
770	776	0.022294
770	777	0.006419
770	778	0.000007
770	782	0.000032
770	783	0.000041
770	784	0.000016
770	793	0.000003
771	779	0.000002
771	780	0.004985
771	781	0.000007
771	792	0.000006
772	779	0.004436
772	781	0.000048
773	779	0.000051
773	781	0.000012
773	785	0.000002
774	778	0.000070
774	782	0.000005
774	783	0.000002
774	784	0.000002
774	790	0.000003
774	791	0.000010
774	793	0.000050
775	779	0.000002
775	781	0.000008
776	781	0.000007
777	781	0.000002
777	785	0.000002
778	789	0.011724
778	792	0.001623
779	783	0.000001
779	787	0.000029
779	788	0.011704
779	791	0.001020
779	793	0.000007
780	786	0.000054
780	787	0.011696
780	788	0.000053
780	790	0.000986
780	791	0.000845
781	786	0.010238
781	787	0.000059
781	788	0.000118
781	790	0.000866
781	793	0.000003
782	789	0.001138
782	792	0.000008
784	789	0.000032
784	792	0.001222
785	790	0.000002
785	791	0.001210
785	793	0.000219
786	792	0.000356
787	792	0.000430
788	792	0.000040
