1	7	0.000057
1	8	0.000049
1	9	0.000012
1	12	0.000024
1	13	0.000012
1	15	0.000105
1	29	0.000002
1	33	0.000004
1	41	0.252254
1	67	0.000086
1	75	0.000118
1	76	0.000008
1	484	0.000002
1	841	0.000026
1	845	0.160579
1	848	0.000041
1	857	0.000021
1	858	0.000042
1	859	0.000203
1	861	0.000022
1	862	0.000066
1	863	0.000197
1	864	0.000900
1	867	0.000792
1	868	0.002073
2	7	0.000171
2	8	0.000036
2	9	0.000007
2	11	0.000032
2	12	0.000024
2	14	0.000127
2	15	0.000041
2	28	0.000003
2	30	0.000393
2	32	0.000005
2	33	0.000001
2	39	0.000201
2	40	0.333712
2	41	0.001988
2	42	0.005966
2	46	0.000091
2	50	0.000001
2	53	0.000002
2	62	0.000155
2	65	0.000012
2	66	0.000108
2	74	0.000245
2	75	0.000088
2	77	0.000001
2	483	0.000002
2	484	0.000001
2	488	0.000002
2	788	0.000001
2	840	0.000037
2	841	0.000013
2	843	0.000175
2	844	0.181756
2	845	0.001716
2	848	0.000034
2	855	0.001736
2	857	0.000052
2	858	0.000221
2	859	0.000761
2	861	0.000060
2	862	0.000232
2	863	0.001625
2	864	0.001515
2	865	0.119025
2	867	0.002007
2	868	0.000282
2	870	0.019377
3	7	0.000040
3	8	0.000032
3	9	0.000015
3	11	0.000025
3	13	0.000125
3	14	0.000053
3	29	0.000397
3	30	0.000004
3	32	0.000001
3	39	0.333790
3	40	0.002449
3	41	0.004822
3	42	0.054862
3	46	0.000007
3	52	0.000002
3	61	0.000156
3	62	0.000001
3	64	0.000012
3	65	0.000107
3	74	0.000122
3	75	0.000001
3	76	0.000002
3	483	0.000002
3	487	0.000002
3	488	0.000010
3	787	0.000001
3	839	0.000030
3	840	0.000021
3	843	0.180133
3	844	0.001831
3	845	0.000021
3	848	0.000023
3	855	0.000643
3	857	0.000103
3	858	0.000895
3	859	0.000414
3	861	0.000082
3	862	0.001526
3	863	0.002016
3	864	0.111180
3	865	0.050254
3	867	0.000172
3	868	0.001443
3	870	0.026635
4	8	0.000047
4	9	0.000035
4	12	0.000119
4	13	0.000052
4	26	0.000005
4	28	0.000399
4	29	0.000002
4	41	0.052803
4	60	0.000157
4	75	0.000002
4	487	0.000010
4	786	0.000001
4	838	0.000023
4	839	0.000016
4	841	0.000010
4	845	0.000014
4	848	0.000038
4	857	0.000761
4	858	0.000372
4	859	0.000060
4	861	0.001131
4	862	0.001518
4	863	0.093597
4	864	0.043066
4	867	0.001316
4	868	0.010642
5	10	0.000085
5	25	0.000005
5	27	0.000401
5	56	0.000002
5	59	0.000158
5	71	0.000109
5	72	0.000005
5	479	0.000109
5	485	0.000011
5	785	0.000001
5	842	0.003201
5	869	0.044814
6	15	0.000001
6	24	0.000005
6	26	0.000398
6	41	0.000544
6	55	0.000002
6	58	0.000145
6	75	0.000001
6	484	0.000009
6	487	0.000002
6	838	0.000002
6	841	0.001662
6	845	0.000010
6	848	0.000347
6	857	0.000167
6	858	0.000034
6	859	0.000140
6	861	0.004742
6	862	0.001429
6	863	0.000612
6	864	0.000170
6	867	0.002189
6	868	0.036280
7	22	0.000001
7	25	0.000370
7	37	0.000090
7	38	0.007007
7	43	0.000153
7	44	0.000157
7	45	0.000072
7	54	0.000001
7	57	0.000133
7	70	0.000001
7	73	0.000004
7	479	0.000002
7	480	0.000002
7	486	0.000003
7	837	0.000003
7	846	0.000026
7	847	0.000364
7	849	0.000021
7	850	0.000065
7	851	0.000102
7	852	0.000111
7	853	0.000113
7	854	0.000154
7	856	0.000164
7	860	0.004225
7	866	0.002350
7	869	0.000079
7	871	0.000133
7	872	0.000148
8	21	0.000003
8	22	0.000187
8	37	0.003927
8	38	0.780082
8	43	0.000103
8	44	0.000060
8	45	0.000008
8	56	0.000034
8	73	0.000001
8	479	0.000002
8	485	0.000002
8	846	0.000189
8	847	0.000017
8	849	0.000041
8	850	0.000092
8	851	0.000108
8	852	0.000109
8	853	0.000141
8	854	0.000019
8	856	0.000012
8	860	0.000061
8	866	0.001175
8	869	0.000029
8	871	0.000135
8	872	0.000322
9	19	0.000019
9	21	0.000231
9	22	0.000005
9	31	0.000003
9	34	0.000001
9	37	0.964673
9	38	0.000296
9	43	0.000019
9	44	0.000003
9	846	0.000010
9	847	0.000003
9	849	0.000041
9	850	0.000062
9	851	0.000062
9	852	0.000080
9	853	0.000013
9	854	0.000003
9	856	0.000007
9	860	0.000007
9	866	0.000023
9	869	0.000007
9	871	0.000562
9	872	0.000005
10	18	0.000022
10	20	0.000233
10	23	0.000014
10	30	0.000004
10	32	0.000002
10	33	0.000001
10	36	0.998383
10	42	0.000005
10	483	0.000005
10	855	0.000002
10	865	0.000003
10	870	0.000581
11	16	0.000043
11	35	0.998443
11	482	0.000005
11	869	0.000573
12	17	0.000002
12	19	0.000016
12	21	0.000003
12	22	0.000004
12	31	0.000005
12	34	0.990423
12	35	0.000005
12	37	0.000002
12	38	0.000004
12	481	0.000005
13	17	0.000005
13	19	0.000002
13	21	0.000003
13	31	0.000122
13	34	0.000109
13	37	0.000006
13	49	0.000003
13	73	0.000003
13	480	0.000005
13	866	0.000002
14	35	0.000022
14	48	0.000003
14	72	0.000003
14	479	0.000005
15	21	0.000002
15	31	0.913285
15	34	0.000023
15	47	0.000003
15	71	0.000003
15	478	0.000003
15	866	0.000033
16	20	0.000002
16	28	0.000021
16	29	0.077397
16	30	0.916396
16	32	0.000049
16	33	0.000009
16	46	0.000003
16	865	0.000037
17	26	0.000066
17	28	0.533645
17	29	0.462250
17	864	0.000021
18	25	0.000138
18	27	0.987963
18	68	0.000003
19	24	0.000101
19	26	0.987016
19	28	0.010470
19	67	0.000002
20	25	0.983501
20	27	0.010721
21	26	0.008112
21	28	0.000001
21	29	0.000003
22	26	0.000008
22	28	0.000017
23	27	0.000017
24	37	0.000005
25	36	0.000005
25	64	0.000004
25	857	0.000004
26	35	0.000005
26	37	0.000005
26	63	0.000004
26	856	0.000004
27	36	0.000007
27	62	0.000004
27	855	0.000004
28	35	0.000007
28	854	0.000004
29	34	0.000004
29	853	0.000003
30	35	0.000003
30	59	0.000005
31	58	0.000005
32	57	0.000005
33	56	0.000005
33	871	0.000011
33	872	0.000006
34	41	0.000003
34	55	0.000005
34	75	0.000015
35	40	0.000004
35	42	0.000001
35	74	0.000023
35	870	0.000894
36	869	0.000898
37	41	0.000004
37	75	0.000005
37	76	0.000002
37	859	0.000001
37	862	0.000002
37	863	0.000004
37	864	0.000006
37	867	0.000002
37	868	0.000859
38	58	0.000101
38	75	0.000027
38	76	0.000001
38	484	0.000003
38	845	0.000001
38	848	0.000006
38	857	0.000002
38	858	0.000003
38	859	0.000002
38	861	0.000003
38	862	0.000005
38	863	0.000013
38	864	0.000008
38	867	0.000601
38	868	0.000017
39	48	0.000067
39	57	0.000129
39	69	0.000218
39	71	0.000058
39	72	0.274436
39	482	0.000258
39	842	0.000003
39	869	0.000039
40	48	0.000703
40	56	0.000130
40	68	0.000220
40	69	0.000047
40	71	0.276946
40	72	0.000031
40	479	0.000007
40	481	0.000261
40	842	0.000002
40	869	0.000036
41	45	0.000105
41	47	0.000654
41	48	0.000009
41	49	0.001301
41	57	0.000001
41	68	0.000034
41	69	0.001361
41	70	0.275439
41	71	0.000021
41	72	0.000013
41	73	0.000222
41	478	0.000006
41	480	0.000262
41	486	0.000002
41	828	0.000001
41	846	0.000228
41	847	0.000274
41	849	0.000033
41	850	0.000010
41	851	0.000003
41	852	0.000001
41	853	0.000001
41	860	0.000001
41	866	0.000010
41	869	0.000004
41	871	0.000183
41	872	0.000004
42	48	0.001585
42	56	0.000006
42	68	0.006979
42	69	0.267460
42	71	0.000023
42	72	0.000273
42	477	0.000006
42	479	0.000265
42	485	0.000002
42	827	0.000001
42	842	0.000021
42	869	0.004085
43	55	0.000005
43	61	0.000002
43	67	0.011630
43	484	0.000002
43	826	0.000001
43	841	0.000011
43	845	0.008048
43	848	0.000040
43	857	0.000001
43	858	0.000007
43	859	0.000098
43	861	0.000002
43	862	0.000014
43	863	0.000104
43	864	0.000184
43	867	0.000015
43	868	0.004017
44	61	0.000087
44	67	0.005426
44	76	0.000001
44	841	0.000002
44	845	0.001341
44	848	0.000024
44	857	0.000007
44	858	0.000115
44	859	0.000028
44	861	0.000010
44	862	0.000112
44	863	0.000212
44	864	0.000080
44	867	0.003086
44	868	0.000152
45	58	0.000006
45	60	0.000119
45	61	0.000003
45	67	0.000931
45	75	0.000003
45	76	0.000001
45	841	0.000003
45	845	0.000840
45	848	0.000059
45	857	0.000110
45	858	0.000029
45	859	0.000006
45	861	0.000086
45	862	0.000130
45	863	0.000076
45	864	0.000021
45	867	0.000129
45	868	0.000035
46	56	0.000078
46	57	0.000005
46	59	0.000121
46	68	0.039287
46	71	0.000007
46	72	0.000030
46	479	0.000003
46	481	0.000001
46	485	0.000005
46	835	0.000001
46	842	0.690684
46	869	0.000821
47	55	0.000078
47	58	0.000111
47	60	0.000027
47	61	0.000179
47	67	0.039376
47	75	0.000650
47	484	0.000005
47	834	0.000001
47	839	0.000009
47	841	0.701251
47	845	0.000034
47	859	0.000014
47	862	0.000002
47	863	0.000015
47	864	0.000070
47	867	0.000009
47	868	0.000737
48	52	0.000008
48	53	0.000037
48	60	0.000114
48	61	0.179483
48	62	0.043170
48	64	0.000778
48	65	0.000307
48	66	0.034922
48	74	0.000955
48	75	0.000001
48	483	0.000005
48	833	0.000001
48	838	0.000012
48	839	0.000035
48	840	0.705278
48	843	0.000005
48	844	0.000037
48	855	0.000010
48	858	0.000016
48	859	0.000006
48	862	0.000016
48	863	0.000075
48	864	0.000023
48	865	0.000892
48	867	0.000279
48	868	0.000010
48	870	0.000242
49	55	0.000002
49	58	0.000103
49	60	0.249648
49	61	0.021824
49	75	0.000001
49	838	0.000282
49	839	0.693028
49	857	0.000013
49	858	0.000005
49	861	0.000012
49	862	0.000052
49	863	0.000023
49	864	0.000760
49	867	0.000011
49	868	0.000005
50	56	0.000086
50	57	0.000110
50	59	0.273186
50	68	0.000013
50	71	0.003524
50	72	0.001444
50	479	0.000001
50	482	0.000001
50	835	0.000004
50	836	0.000010
50	842	0.000057
50	869	0.000326
51	55	0.000057
51	58	0.272447
51	60	0.000223
51	61	0.000003
51	67	0.000012
51	834	0.000004
51	838	0.010355
51	839	0.000009
51	841	0.000056
51	862	0.000010
51	863	0.000006
51	864	0.000003
51	867	0.000002
51	868	0.000258
52	56	0.000174
52	57	0.269813
52	59	0.000230
52	68	0.000008
52	69	0.013898
52	71	0.000003
52	72	0.000009
52	835	0.000040
52	836	0.706166
52	869	0.000020
53	57	0.000183
53	59	0.000046
53	68	0.015056
53	69	0.000016
53	71	0.000009
53	835	0.707055
53	836	0.000524
53	869	0.000013
54	58	0.000032
54	60	0.000010
54	61	0.000006
54	67	0.014829
54	834	0.676018
54	857	0.000007
54	861	0.000003
54	867	0.000067
54	868	0.000008
55	59	0.000009
55	63	0.000028
55	68	0.000003
55	69	0.000002
55	835	0.000003
55	856	0.000008
55	860	0.000003
55	866	0.000080
55	871	0.000004
56	62	0.000030
56	64	0.000004
56	65	0.016621
56	66	0.000622
56	67	0.000003
56	74	0.000001
56	75	0.000147
56	832	0.000098
56	833	0.705085
56	834	0.000038
56	855	0.000008
56	858	0.000012
56	859	0.000002
56	865	0.000081
56	868	0.000001
56	870	0.000005
57	61	0.000013
57	62	0.000004
57	64	0.016656
57	65	0.000606
57	66	0.000004
57	74	0.000322
57	832	0.706603
57	833	0.000078
57	857	0.000018
57	864	0.000019
57	867	0.000002
57	870	0.000003
58	63	0.014590
58	72	0.000006
58	73	0.000322
58	831	0.707493
58	856	0.000019
58	866	0.000002
58	869	0.000003
59	64	0.000298
59	65	0.000002
59	74	0.000195
59	830	0.707861
59	855	0.000019
59	865	0.000002
59	870	0.000001
60	70	0.000016
60	71	0.000318
60	73	0.000198
60	828	0.000002
60	829	0.707183
60	854	0.000019
60	869	0.000001
61	68	0.000001
61	69	0.000024
61	70	0.000337
61	72	0.000199
61	73	0.000008
61	486	0.000003
61	827	0.000002
61	828	0.706927
61	853	0.000015
62	68	0.001004
62	69	0.000345
62	71	0.000207
62	72	0.000015
62	485	0.000004
62	827	0.707337
62	869	0.000015
63	67	0.000664
63	75	0.000001
63	484	0.000004
63	825	0.001196
63	826	0.567721
63	868	0.000014
64	68	0.000102
64	69	0.000038
64	71	0.000059
64	72	0.002941
64	482	0.000020
64	495	0.000061
64	498	0.000005
64	609	0.000004
64	610	0.000025
64	611	0.000319
64	710	0.000001
64	725	0.000007
64	761	0.000004
64	791	0.000002
64	821	0.000081
64	822	0.073783
64	827	0.000007
64	869	0.000026
65	69	0.000023
65	71	0.002952
65	72	0.006632
65	481	0.000018
65	482	0.000257
65	495	0.001304
65	498	0.000003
65	609	0.000023
65	610	0.000322
65	611	0.000010
65	623	0.000002
65	710	0.000002
65	724	0.000007
65	725	0.000014
65	760	0.000004
65	761	0.000092
65	791	0.000006
65	820	0.000080
65	821	0.073880
65	822	0.000591
65	827	0.000003
65	869	0.000005
66	71	0.006627
66	72	0.000143
66	479	0.000007
66	481	0.000263
66	485	0.000002
66	495	0.612934
66	609	0.000027
66	610	0.000007
66	710	0.000019
66	724	0.000014
66	725	0.000005
66	759	0.000004
66	760	0.000092
66	791	0.000011
66	820	0.073625
66	821	0.000578
66	822	0.000005
66	829	0.000002
66	869	0.000003
67	71	0.000117
67	72	0.000009
67	73	0.000009
67	478	0.000003
67	480	0.000258
67	485	0.000002
67	486	0.000001
67	489	0.001905
67	490	0.000004
67	494	0.618180
67	495	0.000003
67	621	0.000018
67	697	0.000007
67	708	0.000001
67	709	0.000019
67	710	0.000006
67	724	0.000005
67	737	0.000003
67	759	0.000092
67	785	0.000010
67	791	0.000005
67	792	0.001858
67	793	0.000006
67	801	0.000170
67	811	0.000010
67	815	0.000031
67	817	0.000020
67	818	0.000229
67	819	0.067402
67	820	0.000417
67	821	0.000003
67	828	0.000003
67	866	0.000192
67	871	0.000098
68	74	0.000526
68	75	0.000096
68	77	0.000007
68	484	0.000008
68	487	0.000028
68	488	0.002562
68	492	0.000003
68	493	0.619923
68	497	0.000003
68	615	0.000015
68	616	0.000005
68	618	0.000221
68	619	0.000434
68	620	0.000060
68	629	0.000001
68	696	0.000025
68	702	0.000003
68	706	0.000498
68	707	0.000002
68	720	0.001258
68	721	0.000014
68	723	0.000016
68	735	0.000012
68	736	0.000011
68	738	0.000002
68	758	0.000096
68	784	0.000125
68	787	0.000695
68	788	0.001052
68	789	0.000006
68	790	0.000417
68	794	0.000015
68	795	0.000005
68	797	0.000007
68	798	0.000004
68	799	0.000010
68	800	0.000269
68	803	0.000009
68	804	0.000002
68	806	0.000001
68	808	0.000003
68	809	0.000031
68	810	0.000023
68	812	0.000558
68	813	0.000577
68	814	0.000100
68	816	0.000160
68	823	0.000004
68	824	0.000065
68	825	0.000017
68	865	0.000240
68	867	0.000001
68	868	0.000003
68	870	0.000120
69	74	0.000143
69	75	0.000002
69	76	0.000008
69	77	0.000006
69	483	0.000009
69	487	0.002527
69	488	0.000175
69	491	0.000004
69	492	0.619737
69	614	0.000015
69	615	0.000005
69	618	0.000438
69	619	0.000058
69	701	0.000002
69	705	0.000500
69	706	0.000001
69	707	0.000002
69	719	0.001279
69	720	0.000017
69	722	0.000015
69	723	0.000009
69	734	0.000017
69	735	0.000003
69	736	0.001037
69	757	0.000096
69	783	0.000124
69	784	0.000001
69	786	0.000670
69	787	0.001250
69	788	0.000001
69	789	0.000430
69	790	0.048448
69	794	0.000005
69	796	0.000010
69	797	0.000006
69	798	0.000009
69	799	0.000278
69	803	0.000003
69	807	0.000002
69	808	0.000028
69	809	0.000006
69	810	0.001503
69	812	0.000542
69	813	0.000025
69	814	0.000714
69	816	0.000204
69	823	0.000062
69	824	0.000016
69	826	0.000083
69	864	0.000234
69	865	0.000161
69	867	0.000004
69	868	0.000006
69	870	0.000002
70	75	0.000013
70	76	0.000006
70	484	0.007033
70	487	0.000344
70	491	0.604103
70	616	0.000717
70	627	0.000001
70	694	0.000026
70	699	0.000003
70	704	0.000447
70	707	0.000792
70	718	0.001291
70	719	0.000009
70	721	0.000015
70	722	0.000009
70	733	0.000014
70	735	0.001041
70	756	0.000096
70	786	0.001214
70	788	0.000411
70	789	0.053407
70	790	0.000049
70	795	0.000011
70	796	0.000007
70	797	0.000008
70	798	0.000274
70	800	0.000008
70	804	0.000002
70	806	0.000002
70	807	0.000027
70	809	0.002184
70	810	0.000150
70	813	0.001005
70	814	0.003323
70	816	0.000274
70	825	0.000215
70	845	0.000001
70	862	0.000001
70	863	0.000224
70	864	0.000165
70	867	0.000010
70	868	0.000108
71	75	0.000009
71	76	0.000002
71	77	0.000004
71	483	0.018146
71	484	0.240245
71	487	0.001749
71	488	0.005720
71	491	0.000071
71	493	0.000098
71	613	0.000013
71	614	0.000010
71	615	0.000730
71	616	0.000006
71	618	0.000002
71	619	0.000002
71	620	0.000002
71	626	0.000001
71	693	0.000026
71	698	0.000004
71	699	0.000004
71	702	0.000042
71	706	0.000847
71	717	0.001300
71	718	0.000001
71	720	0.000015
71	721	0.000009
71	734	0.001030
71	735	0.000015
71	736	0.000004
71	755	0.000096
71	784	0.001418
71	787	0.000293
71	788	0.055470
71	789	0.000028
71	794	0.000011
71	795	0.000008
71	796	0.000006
71	797	0.000248
71	799	0.000008
71	800	0.000011
71	803	0.000002
71	806	0.000019
71	808	0.002278
71	809	0.000150
71	810	0.000004
71	812	0.001022
71	813	0.003510
71	814	0.000041
71	816	0.000053
71	823	0.000002
71	824	0.000217
71	825	0.000001
71	844	0.000002
71	855	0.000004
71	859	0.000002
71	862	0.000137
71	863	0.000152
71	864	0.000003
71	865	0.000247
71	867	0.000079
71	870	0.000034
72	76	0.000002
72	77	0.000004
72	483	0.237464
72	484	0.000297
72	487	0.003443
72	488	0.250846
72	491	0.000002
72	492	0.000099
72	613	0.000011
72	614	0.000725
72	615	0.000007
72	618	0.000002
72	619	0.000002
72	693	0.000001
72	698	0.000004
72	701	0.000018
72	702	0.000355
72	705	0.000847
72	716	0.001300
72	717	0.000001
72	719	0.000013
72	720	0.000009
72	730	0.000003
72	733	0.000428
72	734	0.000026
72	735	0.000001
72	736	0.000005
72	754	0.000096
72	783	0.001412
72	784	0.000603
72	786	0.000123
72	787	0.056104
72	794	0.000009
72	795	0.000004
72	796	0.000230
72	798	0.000008
72	799	0.000011
72	803	0.000001
72	804	0.000001
72	807	0.002277
72	808	0.000146
72	809	0.000004
72	810	0.000029
72	812	0.003485
72	813	0.000034
72	814	0.000445
72	816	0.000007
72	823	0.000215
72	824	0.000001
72	843	0.000001
72	855	0.000003
72	858	0.000003
72	859	0.000003
72	861	0.000040
72	862	0.000118
72	863	0.000006
72	864	0.000233
72	865	0.000257
72	868	0.000005
72	870	0.000025
73	484	0.002737
73	487	0.248712
73	491	0.000095
73	699	0.000001
73	701	0.000304
73	704	0.000697
73	715	0.001299
73	718	0.000011
73	719	0.000007
73	733	0.000028
73	735	0.000004
73	753	0.000081
73	786	0.056169
73	795	0.000194
73	797	0.000006
73	798	0.000010
73	804	0.000013
73	806	0.002300
73	807	0.000105
73	809	0.000032
73	810	0.000092
73	813	0.000394
73	814	0.000017
73	816	0.000004
73	848	0.000003
73	857	0.000004
73	858	0.000004
73	859	0.000004
73	861	0.000086
73	862	0.000008
73	863	0.000202
73	864	0.000225
73	867	0.000010
73	868	0.000033
74	479	0.041007
74	481	0.381558
74	482	0.094462
74	485	0.047748
74	610	0.000015
74	611	0.000013
74	691	0.000002
74	695	0.000003
74	710	0.000002
74	713	0.000002
74	714	0.001293
74	782	0.000004
74	785	0.055990
74	791	0.000005
74	805	0.002310
74	820	0.000008
74	821	0.000005
74	822	0.000011
74	869	0.000137
75	478	0.021064
75	479	0.454359
75	480	0.269764
75	481	0.077368
75	482	0.000283
75	485	0.002419
75	486	0.000913
75	489	0.000006
75	490	0.000012
75	609	0.000001
75	610	0.000010
75	700	0.000001
75	703	0.000002
75	709	0.000002
75	713	0.000883
75	731	0.000001
75	732	0.000001
75	785	0.000001
75	793	0.000013
75	802	0.000002
75	811	0.000005
75	819	0.000008
75	820	0.000004
75	821	0.000006
75	851	0.000001
75	866	0.000002
75	869	0.000001
75	871	0.000003
76	477	0.000679
76	478	0.853829
76	479	0.082537
76	480	0.021205
76	481	0.000044
76	482	0.000040
76	485	0.000263
76	486	0.000037
76	489	0.000003
76	711	0.000005
76	792	0.000012
76	818	0.000007
77	477	0.983278
77	479	0.014663
77	481	0.000015
77	482	0.000011
77	485	0.000028
77	710	0.000004
77	791	0.000011
77	817	0.000006
78	476	0.999587
78	484	0.000001
79	475	0.999714
79	477	0.000005
79	478	0.000001
80	474	0.999937
80	477	0.000001
81	473	0.999736
82	470	0.000001
82	472	0.998669
82	473	0.000002
83	471	0.999465
84	469	0.000010
84	470	0.999757
85	469	0.984329
86	463	0.000004
86	465	0.000053
86	466	0.204778
86	467	0.006085
86	468	0.733684
87	462	0.000008
87	463	0.000022
87	465	0.522812
87	466	0.007050
87	467	0.430397
87	468	0.000044
88	461	0.000002
88	464	0.722844
89	461	0.000003
89	464	0.046227
90	460	0.000002
90	467	0.000019
91	461	0.998508
91	464	0.000026
92	460	0.999984
93	459	0.999960
94	458	0.994419
95	458	0.000023
96	458	0.000003
97	454	0.000009
97	455	0.998664
98	454	0.999891
98	455	0.000001
99	453	0.999203
100	452	0.999972
101	451	0.999511
102	450	0.999976
103	449	0.999989
104	448	0.999928
105	109	0.000001
105	446	0.000014
105	447	0.982503
106	168	0.001501
107	113	0.000011
107	114	0.000002
107	167	0.001748
107	444	0.000073
107	445	0.000454
107	446	0.002653
108	112	0.000008
108	166	0.000893
108	168	0.000004
109	166	0.002660
109	168	0.000006
110	164	0.000102
110	165	0.003613
110	167	0.000006
110	444	0.000011
110	445	0.000628
110	446	0.992338
111	163	0.000102
111	164	0.003612
111	165	0.000007
111	167	0.000001
111	444	0.000621
111	445	0.995344
111	446	0.000033
112	162	0.000006
112	163	0.003512
112	164	0.000006
112	444	0.993917
112	445	0.000028
113	442	0.000049
113	443	0.995755
114	221	0.000029
114	224	0.000002
114	442	0.986825
114	443	0.000047
115	166	0.000147
115	168	0.000004
115	214	0.000004
115	220	0.000030
115	226	0.000008
115	227	0.000001
115	439	0.000013
116	161	0.000013
116	162	0.992917
116	163	0.001654
116	164	0.000035
116	165	0.000095
116	167	0.000001
116	438	0.000007
116	440	0.000014
117	161	0.998955
117	162	0.000871
117	163	0.000027
117	164	0.000072
118	160	0.999429
119	159	0.999977
120	158	0.999979
121	156	0.000001
121	157	0.999033
122	156	0.999289
122	157	0.000001
123	155	0.999964
124	154	0.999511
125	153	0.999977
126	152	0.999984
127	150	0.000001
127	151	0.998859
128	150	0.998775
129	149	0.998652
130	148	0.911101
131	146	0.000002
131	147	0.649753
131	148	0.085284
132	146	0.387791
132	147	0.350045
133	139	0.000003
133	143	0.006217
133	146	0.611800
134	138	0.000003
134	140	0.000002
134	142	0.006271
134	145	0.866866
135	139	0.000002
135	143	0.007765
135	147	0.000026
136	143	0.976668
136	146	0.000034
137	142	0.986965
137	145	0.000042
138	143	0.000033
160	216	0.000002
161	214	0.000003
161	224	0.000003
162	170	0.000005
162	213	0.000088
162	214	0.001092
162	220	0.000001
162	221	0.000035
162	224	0.000018
162	230	0.000005
162	439	0.000002
163	168	0.000127
163	169	0.000038
163	170	0.000790
163	172	0.000002
163	176	0.000001
163	177	0.000058
163	178	0.000004
163	212	0.000191
163	213	0.041864
163	214	0.564986
163	220	0.000092
163	221	0.002566
163	224	0.000516
163	226	0.000040
163	227	0.000040
163	228	0.004595
163	230	0.000005
163	437	0.000012
163	439	0.000003
163	442	0.000001
163	443	0.000008
164	168	0.000029
164	169	0.000807
164	170	0.000100
164	175	0.000002
164	176	0.000074
164	177	0.000005
164	212	0.041637
164	213	0.650991
164	214	0.112140
164	220	0.002112
164	221	0.028648
164	224	0.000159
164	226	0.000086
164	227	0.012164
164	228	0.000011
164	230	0.000001
164	436	0.000009
164	437	0.000310
164	442	0.000008
164	443	0.000009
165	169	0.000100
165	170	0.000003
165	175	0.000088
165	176	0.000006
165	212	0.647804
165	213	0.129359
165	214	0.001585
165	220	0.028882
165	221	0.000093
165	224	0.000996
165	226	0.035470
165	227	0.000013
165	230	0.000004
165	436	0.000310
165	442	0.000010
166	174	0.000087
166	210	0.000729
166	211	0.070982
166	215	0.000264
166	216	0.000199
166	217	0.000152
166	218	0.000121
166	219	0.028786
166	222	0.000059
166	223	0.000960
166	225	0.037607
166	229	0.000004
166	435	0.000308
166	441	0.000008
167	175	0.000213
167	209	0.000775
167	212	0.151191
167	213	0.045588
167	214	0.000227
167	220	0.000082
167	221	0.000110
167	224	0.038264
167	226	0.000007
167	228	0.000003
167	433	0.000004
167	434	0.000288
168	174	0.000216
168	207	0.000060
168	208	0.000682
168	210	0.000016
168	211	0.003882
168	215	0.000170
168	216	0.000490
168	217	0.021026
168	218	0.000077
168	219	0.000111
168	222	0.000093
168	223	0.037562
168	225	0.000008
168	432	0.000049
168	446	0.000001
169	173	0.000214
169	206	0.000111
169	210	0.002278
169	211	0.905602
169	215	0.000223
169	218	0.000040
169	222	0.014975
169	431	0.000041
169	445	0.000003
170	206	0.000270
170	210	0.994181
170	211	0.000044
170	215	0.000007
170	218	0.000005
170	222	0.000014
170	444	0.000003
171	175	0.000005
171	209	0.997218
171	212	0.000044
171	213	0.000002
171	214	0.000003
171	220	0.000055
171	221	0.000023
171	224	0.000005
171	226	0.000006
171	230	0.000001
171	443	0.000003
172	204	0.000003
172	205	0.000097
172	206	0.000084
172	207	0.000567
172	208	0.986692
172	210	0.000024
172	211	0.000042
172	219	0.000057
172	222	0.000002
172	223	0.000004
172	225	0.000006
172	229	0.000001
173	209	0.000032
173	212	0.000002
173	221	0.000016
173	224	0.000006
173	228	0.000001
174	220	0.000014
174	227	0.000001
175	204	0.002946
175	206	0.241255
175	210	0.000002
175	211	0.000002
175	215	0.000003
175	218	0.000004
176	203	0.002220
176	204	0.994667
176	206	0.000006
177	202	0.001484
177	203	0.997678
177	204	0.000019
178	201	0.000748
178	202	0.998487
178	203	0.000013
179	199	0.000001
179	201	0.999221
179	202	0.000007
180	200	0.999463
181	198	0.000001
181	199	0.998119
182	198	0.998841
183	197	0.999964
184	196	0.999509
185	193	0.000002
185	195	0.999972
186	192	0.000006
186	194	0.999917
187	191	0.000024
187	193	0.991644
187	195	0.000007
188	192	0.980165
188	194	0.000008
189	193	0.000009
202	213	0.000002
202	214	0.000001
203	209	0.000001
203	212	0.000002
203	213	0.000007
203	224	0.000037
204	212	0.000007
204	221	0.000002
205	214	0.000177
205	220	0.000002
205	226	0.000005
206	212	0.000005
206	213	0.000187
206	221	0.000297
206	224	0.000014
207	214	0.000001
207	220	0.000290
207	226	0.000001
208	226	0.000001
208	439	0.000003
209	215	0.000012
209	218	0.000320
209	222	0.000384
209	438	0.000004
209	444	0.000002
210	214	0.000005
210	221	0.000494
210	224	0.000019
210	226	0.000001
210	437	0.000004
210	443	0.000002
211	220	0.000461
211	221	0.000079
211	224	0.000036
211	232	0.000004
211	436	0.000003
211	442	0.000002
212	218	0.000658
212	222	0.000168
212	231	0.000011
212	445	0.000036
212	446	0.002024
213	218	0.001462
213	222	0.002818
213	231	0.000004
213	428	0.000001
213	431	0.000002
213	444	0.000036
213	445	0.002043
213	446	0.000003
214	218	0.000098
214	219	0.001299
214	222	0.053786
214	223	0.001330
214	225	0.020695
214	229	0.001957
214	427	0.000001
214	430	0.000001
214	435	0.000003
214	444	0.002024
214	445	0.000003
215	220	0.000249
215	221	0.199090
215	224	0.045364
215	226	0.000064
215	227	0.000463
215	228	0.009063
215	230	0.000008
215	239	0.000001
215	434	0.000005
215	437	0.000002
215	442	0.000029
215	443	0.001945
216	220	0.150980
216	226	0.000934
216	227	0.011377
216	238	0.000002
216	433	0.000004
217	226	0.014900
217	227	0.000112
218	224	0.019172
218	226	0.000240
218	227	0.004605
218	228	0.000721
218	230	0.000003
218	236	0.000833
218	434	0.000008
218	442	0.000125
218	443	0.000001
219	226	0.008176
219	227	0.000935
219	235	0.000835
219	433	0.000008
220	225	0.007096
220	234	0.000835
220	432	0.000008
220	441	0.000016
220	445	0.000108
220	446	0.000009
220	447	0.000011
221	231	0.000001
221	233	0.000833
221	431	0.000008
221	438	0.000006
221	440	0.000016
221	444	0.000245
221	445	0.000025
221	446	0.000048
222	226	0.000287
222	227	0.000152
222	228	0.000201
222	230	0.000006
222	232	0.000311
222	236	0.000006
222	437	0.000006
222	439	0.000007
222	442	0.000090
222	443	0.000246
223	227	0.000205
223	232	0.000487
223	235	0.000006
223	439	0.000003
224	231	0.000744
224	233	0.000007
224	428	0.000001
224	438	0.000004
224	440	0.000072
224	444	0.000224
224	445	0.000058
224	446	0.000013
225	232	0.000008
225	439	0.000069
226	231	0.000007
226	438	0.000060
226	440	0.000001
226	441	0.001486
226	444	0.000003
227	438	0.000002
227	440	0.000059
227	441	0.827674
228	233	0.000001
228	438	0.000007
228	440	0.983177
229	439	0.991354
230	438	0.991894
230	440	0.000034
231	436	0.499951
231	437	0.498004
231	439	0.000002
232	435	0.993552
233	434	0.999054
233	436	0.000016
234	433	0.998543
235	429	0.000186
235	430	0.000002
235	431	0.000009
235	432	0.998005
236	428	0.000239
236	431	0.995993
237	409	0.573052
237	410	0.000251
238	407	0.000004
238	408	0.925847
238	427	0.000018
238	428	0.000065
238	429	0.002964
238	430	0.000542
239	406	0.000008
239	407	0.997590
239	428	0.001801
240	405	0.000007
240	406	0.998979
240	407	0.000982
241	404	0.000006
241	405	0.998982
241	406	0.000991
241	407	0.000003
242	404	0.998942
242	405	0.000995
242	406	0.000003
243	402	0.000014
243	403	0.990423
243	404	0.000948
243	405	0.000003
245	402	0.898375
246	399	0.000014
246	401	0.898376
247	399	0.991401
248	398	0.999931
248	399	0.000020
249	397	0.999976
249	398	0.000014
250	396	0.999984
250	397	0.000007
251	395	0.999991
252	394	0.999977
253	393	0.999484
254	392	0.999545
255	385	0.000001
255	390	0.000016
255	391	0.139503
256	390	0.126732
256	391	0.860113
257	381	0.000002
257	390	0.870981
257	391	0.000005
258	380	0.000001
258	383	0.003693
258	384	0.115881
258	386	0.003915
258	387	0.015209
258	388	0.003286
258	389	0.840129
259	383	0.256803
259	384	0.001320
259	386	0.021439
259	387	0.005103
259	388	0.668693
259	389	0.000330
260	381	0.996116
261	380	0.999846
261	383	0.000003
261	384	0.000002
261	386	0.000065
262	379	0.999481
262	384	0.000002
263	378	0.999479
263	382	0.000003
264	377	0.999893
264	381	0.000003
265	376	0.987407
266	374	0.146818
266	376	0.000045
266	380	0.000007
267	376	0.000040
267	379	0.000006
268	371	0.925032
268	372	0.010413
268	373	0.005395
268	375	0.000051
268	378	0.000002
269	369	0.000109
269	370	0.999503
269	374	0.000014
270	368	0.000118
270	369	0.999800
270	370	0.000069
271	367	0.000125
271	368	0.999797
271	369	0.000064
272	367	0.999594
272	368	0.000058
273	363	0.000002
273	365	0.998903
274	362	0.000001
274	364	0.996494
275	364	0.000172
276	362	0.995678
276	364	0.000003
277	358	0.000002
277	360	0.000001
277	361	0.998089
277	363	0.000003
278	357	0.000003
278	360	0.998404
278	361	0.000234
278	363	0.000008
279	356	0.000002
279	359	0.976085
279	362	0.000007
280	355	0.000002
281	356	0.001274
281	359	0.011297
282	355	0.001003
283	355	0.000009
284	355	0.000012
284	356	0.997809
285	352	0.000045
285	355	0.998338
286	351	0.000032
286	353	0.000004
286	354	0.999216
287	350	0.000009
287	351	0.000003
287	353	0.998334
288	351	0.000597
288	353	0.000011
289	350	0.000024
289	351	0.725312
290	350	0.999294
290	351	0.000082
291	348	0.000001
291	349	0.998791
292	348	0.998873
292	349	0.000001
293	347	0.999974
294	346	0.999978
295	345	0.999571
296	344	0.999736
296	347	0.000002
297	302	0.000001
297	341	0.000020
297	344	0.000063
297	346	0.000002
298	340	0.000020
298	342	0.990608
298	343	0.000065
298	345	0.000003
299	339	0.000020
299	341	0.999459
299	344	0.000005
300	340	0.997871
300	343	0.000005
301	339	0.974904
302	306	0.000001
302	342	0.000002
302	343	0.000132
303	342	0.000131
303	343	0.000111
304	342	0.000111
304	343	0.000046
305	342	0.000046
306	338	0.997957
306	339	0.000016
306	341	0.000027
307	337	0.999448
307	340	0.000015
308	336	0.999974
308	339	0.000002
309	335	0.999958
309	338	0.000001
310	334	0.983005
312	331	0.000001
312	332	0.994313
312	333	0.000931
313	331	0.999385
314	330	0.999490
315	329	0.999963
316	328	0.999575
317	326	0.000011
317	327	0.999915
318	326	0.998639
318	327	0.000036
318	329	0.000002
319	328	0.000005
320	326	0.000214
320	327	0.000008
321	325	0.000664
321	326	0.000010
381	386	0.000159
381	387	0.000006
381	388	0.000021
381	389	0.000068
382	387	0.000208
382	388	0.000133
383	390	0.000010
383	391	0.000001
384	390	0.000001
386	390	0.000005
386	391	0.000002
409	426	0.000151
409	427	0.309549
409	428	0.000362
409	429	0.000262
409	430	0.000105
410	426	0.898485
410	427	0.001419
410	428	0.000186
410	429	0.000073
410	430	0.000025
411	425	0.999765
412	424	0.999988
413	420	0.000001
413	423	0.999954
414	419	0.000006
414	422	0.999711
415	420	0.000569
415	421	0.990258
416	422	0.000017
417	421	0.000023
427	433	0.000002
428	434	0.000060
428	436	0.000002
428	437	0.000013
429	433	0.000045
430	439	0.000002
431	436	0.000003
431	437	0.000010
432	439	0.000004
433	438	0.000004
433	441	0.000157
433	447	0.000004
434	440	0.000188
434	446	0.000016
435	439	0.000124
436	440	0.000001
436	445	0.000087
436	446	0.000003
437	444	0.000100
437	445	0.000003
437	446	0.000002
438	443	0.000094
442	446	0.000002
477	483	0.000002
477	488	0.000018
477	736	0.000103
477	789	0.000003
477	799	0.000011
477	865	0.000003
478	484	0.000083
478	487	0.000020
478	491	0.000001
478	616	0.000003
478	622	0.000012
478	707	0.000006
478	735	0.000115
478	788	0.000011
478	790	0.000053
478	798	0.000012
478	800	0.000077
478	845	0.000002
478	848	0.000035
478	864	0.000003
479	483	0.000122
479	484	0.000013
479	487	0.000001
479	488	0.009676
479	492	0.000026
479	493	0.000007
479	497	0.000037
479	615	0.000004
479	618	0.000003
479	620	0.001175
479	622	0.000001
479	629	0.000093
479	678	0.000001
479	696	0.000002
479	698	0.000001
479	702	0.000006
479	705	0.000004
479	706	0.000009
479	707	0.000026
479	712	0.000004
479	723	0.000001
479	730	0.000003
479	734	0.000130
479	736	0.003059
479	783	0.000004
479	784	0.000010
479	787	0.000022
479	789	0.000143
479	790	0.000001
479	796	0.000003
479	797	0.000017
479	799	0.000129
479	814	0.000003
479	825	0.000001
479	826	0.000678
479	845	0.000133
479	848	0.000046
479	855	0.000015
479	858	0.000001
479	859	0.000001
479	862	0.000001
479	863	0.000004
479	864	0.000001
479	865	0.000057
479	870	0.000019
480	484	0.000041
480	487	0.009520
480	491	0.000028
480	616	0.000081
480	622	0.000007
480	627	0.000002
480	688	0.000005
480	694	0.000008
480	699	0.000071
480	701	0.000005
480	704	0.000004
480	707	0.047557
480	722	0.000001
480	733	0.000100
480	735	0.003073
480	786	0.000021
480	788	0.000183
480	789	0.000002
480	795	0.000004
480	796	0.000020
480	797	0.000001
480	798	0.000129
480	800	0.000046
480	804	0.000024
480	813	0.000004
480	814	0.000001
480	825	0.002618
480	826	0.000002
480	841	0.000004
480	845	0.272540
480	848	0.000007
480	864	0.000022
481	487	0.000052
481	488	0.002138
481	491	0.000002
481	492	0.000027
481	493	0.000903
481	497	0.002294
481	614	0.000019
481	615	0.000085
481	619	0.005326
481	620	0.000071
481	626	0.000001
481	627	0.000221
481	678	0.000007
481	686	0.000007
481	693	0.000008
481	694	0.000001
481	698	0.000076
481	699	0.000003
481	702	0.000002
481	705	0.000035
481	706	0.050661
481	707	0.000013
481	721	0.000001
481	730	0.000002
481	734	0.003056
481	735	0.000002
481	736	0.000008
481	783	0.000002
481	784	0.000356
481	787	0.000188
481	788	0.000001
481	794	0.000004
481	795	0.000021
481	796	0.000001
481	797	0.000120
481	798	0.000001
481	799	0.000049
481	800	0.000006
481	803	0.000025
481	812	0.000004
481	813	0.000001
481	824	0.002858
481	840	0.000005
481	844	0.290608
481	845	0.000006
482	487	0.001007
482	488	0.000219
482	491	0.000027
482	492	0.000898
482	493	0.000004
482	497	0.004727
482	613	0.000020
482	614	0.000083
482	618	0.005384
482	619	0.000051
482	626	0.000275
482	629	0.000034
482	676	0.000012
482	678	0.000002
482	686	0.000045
482	693	0.000001
482	696	0.000096
482	698	0.000003
482	704	0.000035
482	705	0.050550
482	706	0.000013
482	720	0.000001
482	730	0.000092
482	733	0.001611
482	734	0.000002
482	735	0.000003
482	751	0.000001
482	783	0.000353
482	784	0.000006
482	786	0.000185
482	787	0.000001
482	794	0.000021
482	795	0.000001
482	796	0.000103
482	797	0.000002
482	798	0.000037
482	799	0.000006
482	812	0.000001
482	823	0.002860
482	839	0.000003
482	840	0.000002
482	843	0.290786
482	844	0.000004
482	870	0.000003
483	495	0.020756
483	611	0.000003
483	617	0.005384
483	623	0.000002
483	625	0.000277
483	628	0.000034
483	675	0.000012
483	687	0.000001
483	695	0.000095
483	710	0.000001
483	714	0.000001
483	729	0.000086
483	750	0.000001
483	782	0.000065
483	785	0.000182
483	821	0.000001
483	822	0.002839
483	842	0.289595
483	869	0.000003
484	489	0.000061
484	490	0.000848
484	494	0.021056
484	495	0.000002
484	496	0.000002
484	498	0.000001
484	610	0.000003
484	612	0.000002
484	617	0.000004
484	621	0.000026
484	624	0.000272
484	684	0.000120
484	697	0.000002
484	703	0.049604
484	709	0.000001
484	713	0.000001
484	729	0.000075
484	731	0.000627
484	732	0.000008
484	737	0.000007
484	781	0.000002
484	793	0.000003
484	820	0.000002
484	821	0.002780
484	842	0.000037
484	866	0.000002
485	491	0.000005
485	492	0.000674
485	493	0.020530
485	497	0.000144
485	613	0.000087
485	614	0.000136
485	615	0.001559
485	616	0.000039
485	618	0.000013
485	620	0.000034
485	626	0.000012
485	683	0.000135
485	693	0.000055
485	694	0.000001
485	696	0.000002
485	702	0.050630
485	705	0.000003
485	712	0.000001
485	728	0.000162
485	730	0.000626
485	734	0.000007
485	736	0.000009
485	783	0.000032
485	784	0.000011
485	794	0.000164
485	796	0.000006
485	797	0.000002
485	799	0.000027
485	838	0.000003
485	839	0.000324
485	840	0.235592
485	841	0.001555
485	843	0.000005
485	865	0.000003
486	491	0.000950
486	616	0.000032
486	622	0.000243
486	682	0.000134
486	701	0.050208
486	704	0.000003
486	727	0.000161
486	733	0.000007
486	735	0.000008
486	795	0.000005
486	796	0.000002
486	798	0.000027
486	838	0.000271
486	839	0.198086
486	841	0.000395
486	864	0.000002
487	494	0.000003
487	496	0.000925
487	611	0.000004
487	612	0.000038
487	621	0.000221
487	624	0.000059
487	681	0.000130
487	685	0.000002
487	692	0.000078
487	697	0.000012
487	700	0.044679
487	703	0.000002
487	711	0.000002
487	726	0.000156
487	729	0.000009
487	732	0.000006
487	792	0.000334
487	818	0.002656
487	819	0.000002
487	837	0.000097
488	495	0.001292
488	610	0.000005
488	611	0.000034
488	617	0.000303
488	623	0.000076
488	680	0.000122
488	691	0.000084
488	695	0.000781
488	710	0.000003
488	725	0.000154
488	729	0.000048
488	791	0.000355
488	817	0.002695
488	836	0.000036
488	842	0.000012
489	616	0.000307
489	622	0.000064
489	690	0.000018
489	694	0.000737
489	699	0.004543
489	790	0.000355
489	814	0.000002
489	816	0.002184
489	838	0.000874
489	839	0.083360
489	841	0.000020
490	616	0.000010
490	622	0.000002
490	682	0.000220
490	694	0.000010
490	699	0.000229
490	722	0.000002
490	727	0.000234
490	789	0.000340
490	790	0.000008
490	813	0.000007
490	814	0.000022
490	816	0.000024
490	838	0.282376
490	839	0.000017
491	495	0.000002
491	496	0.000007
491	610	0.000003
491	611	0.000036
491	612	0.007208
491	621	0.000003
491	624	0.000007
491	677	0.000002
491	681	0.000254
491	692	0.000568
491	695	0.000004
491	697	0.004798
491	700	0.000002
491	711	0.000001
491	726	0.000261
491	792	0.000025
491	815	0.000039
491	818	0.000002
491	837	0.290898
492	609	0.000001
492	610	0.000060
492	611	0.007804
492	623	0.000007
492	680	0.000260
492	691	0.000574
492	695	0.000309
492	710	0.000001
492	724	0.000001
492	725	0.000263
492	791	0.000028
492	817	0.000002
492	836	0.292065
493	609	0.000049
493	610	0.007796
493	611	0.000010
493	617	0.000071
493	623	0.000017
493	628	0.000021
493	675	0.000002
493	679	0.000260
493	689	0.000004
493	691	0.000020
493	695	0.043778
493	724	0.000263
493	791	0.000006
493	805	0.000004
493	817	0.000001
493	835	0.292098
494	616	0.000073
494	622	0.000014
494	627	0.000021
494	688	0.000003
494	690	0.000008
494	694	0.044243
494	699	0.000059
494	707	0.000002
494	718	0.000003
494	719	0.000001
494	721	0.000153
494	722	0.000007
494	735	0.000014
494	788	0.002073
494	789	0.000005
494	790	0.000004
494	800	0.000001
494	804	0.000004
494	809	0.000013
494	810	0.000004
494	813	0.000069
494	814	0.000002
494	834	0.291897
495	613	0.000007
495	615	0.000070
495	620	0.000001
495	626	0.000021
495	676	0.000001
495	678	0.000014
495	683	0.000001
495	693	0.043833
495	694	0.000005
495	696	0.000004
495	698	0.000059
495	702	0.000002
495	705	0.000001
495	706	0.000002
495	717	0.000003
495	718	0.000001
495	720	0.000175
495	721	0.000003
495	722	0.000012
495	723	0.000061
495	734	0.000016
495	736	0.000006
495	784	0.000002
495	787	0.002382
495	789	0.000002
495	799	0.000002
495	803	0.000004
495	807	0.000002
495	808	0.000014
495	809	0.000004
495	810	0.000014
495	812	0.000072
495	813	0.000001
495	814	0.000001
495	830	0.000003
495	833	0.291669
496	688	0.000004
496	690	0.000016
496	694	0.000001
496	701	0.000002
496	719	0.000149
496	721	0.000011
496	722	0.000052
496	733	0.000013
496	735	0.000005
496	786	0.002385
496	788	0.000001
496	798	0.000001
496	806	0.000005
496	807	0.000010
496	809	0.000013
496	810	0.000003
496	813	0.000001
496	825	0.000007
496	826	0.000005
496	832	0.243684
497	609	0.817974
497	610	0.000050
497	611	0.000002
497	623	0.000014
497	625	0.000008
497	675	0.000003
497	687	0.000003
497	689	0.000016
497	691	0.011851
497	695	0.000005
497	710	0.000002
497	785	0.002379
497	805	0.000008
497	827	0.000378
497	829	0.001303
498	607	0.000001
498	608	0.998994
498	690	0.000002
498	784	0.000331
498	826	0.000002
498	830	0.000156
499	607	0.999861
499	608	0.000004
499	783	0.000117
499	830	0.000001
500	606	0.999972
500	782	0.000004
501	605	0.999510
502	604	0.999981
503	603	0.999991
504	602	0.999977
505	601	0.999511
506	600	0.999980
507	599	0.999980
508	598	0.999698
509	596	0.000004
509	597	0.999957
510	595	0.000004
510	596	0.998153
511	519	0.000001
511	595	0.998833
512	518	0.000002
512	594	0.999802
513	518	0.000007
513	593	0.999648
514	520	0.000007
514	521	0.000012
514	524	0.000001
514	592	0.989757
515	528	0.000013
515	588	0.000009
515	590	0.000544
515	591	0.986063
515	593	0.000002
516	520	0.000584
516	521	0.004060
516	523	0.001424
516	524	0.005475
516	527	0.028467
516	535	0.000036
516	587	0.000025
516	592	0.000006
517	522	0.001518
517	525	0.135513
517	526	0.025742
517	528	0.000002
517	534	0.000035
517	588	0.001354
517	589	0.640870
517	590	0.001356
517	591	0.000004
517	594	0.000001
518	523	0.000176
518	524	0.238597
518	527	0.000987
518	586	0.000003
518	587	0.003060
518	592	0.000055
519	523	0.180804
519	532	0.000036
519	592	0.008248
520	528	0.000002
520	529	0.000012
520	531	0.000036
520	588	0.000402
520	590	0.000403
520	591	0.010643
520	594	0.000180
521	528	0.000021
521	530	0.000036
521	588	0.000233
521	590	0.011990
521	591	0.000026
521	593	0.000268
522	592	0.000538
523	588	0.000103
523	589	0.009492
523	590	0.000632
523	591	0.000636
524	588	0.009616
524	590	0.003629
524	591	0.001095
526	592	0.000002
527	588	0.926216
527	590	0.000157
527	591	0.000001
528	584	0.000006
528	585	0.000262
528	586	0.039928
528	587	0.959394
529	583	0.000006
529	584	0.000264
529	585	0.042098
529	586	0.957512
529	587	0.000056
530	582	0.000006
530	583	0.000265
530	584	0.044146
530	585	0.955471
530	586	0.000059
531	581	0.000006
531	582	0.000261
531	583	0.046174
531	584	0.951635
531	585	0.000060
533	580	0.000057
533	581	0.000682
533	582	0.859366
533	583	0.113235
533	584	0.000005
534	579	0.000024
534	580	0.000690
534	581	0.849097
536	579	0.006450
536	580	0.891909
536	581	0.000132
537	578	0.003441
537	579	0.985353
537	580	0.000229
537	581	0.000001
537	582	0.000001
538	578	0.996510
538	579	0.000005
539	576	0.000122
539	577	0.999828
540	574	0.000002
540	576	0.997705
540	577	0.000015
541	573	0.000002
541	575	0.995754
542	572	0.000002
542	573	0.000090
542	575	0.002287
544	572	0.000120
544	573	0.998001
545	569	0.000001
545	572	0.999863
546	571	0.999978
547	567	0.000177
547	568	0.000003
547	570	0.999304
548	566	0.000358
548	569	0.999243
549	567	0.045719
549	568	0.837798
550	565	0.948114
550	566	0.045997
551	564	0.999344
552	563	0.999469
552	565	0.000170
552	566	0.000010
553	562	0.999202
554	560	0.000010
554	561	0.998757
554	563	0.000467
555	559	0.000509
555	560	0.873523
555	562	0.000477
556	560	0.000117
556	561	0.000489
557	561	0.000002
580	590	0.000005
581	589	0.000011
582	588	0.000011
583	588	0.000001
583	590	0.000001
586	590	0.000002
608	617	0.000001
608	623	0.000003
608	827	0.000154
609	614	0.000004
609	615	0.000170
609	616	0.000032
609	618	0.000006
609	619	0.000371
609	620	0.072593
609	622	0.000002
609	686	0.000001
609	706	0.000003
609	707	0.000029
609	718	0.000042
609	736	0.000021
609	784	0.000001
609	789	0.000007
609	824	0.000585
609	825	0.092652
609	826	0.000798
609	830	0.000017
610	614	0.000187
610	615	0.000209
610	616	0.000207
610	618	0.000455
610	619	0.079226
610	620	0.006652
610	622	0.000001
610	627	0.000002
610	629	0.000003
610	683	0.000033
610	686	0.000008
610	690	0.000002
610	699	0.000002
610	702	0.000002
610	705	0.000003
610	706	0.000154
610	707	0.000001
610	717	0.000386
610	735	0.000029
610	736	0.000001
610	783	0.000001
610	784	0.000060
610	788	0.000212
610	800	0.000004
610	823	0.000601
610	824	0.852982
610	825	0.026049
610	826	0.000055
610	830	0.000426
611	615	0.000220
611	616	0.000014
611	618	0.078883
611	619	0.006627
611	620	0.000065
611	626	0.000002
611	629	0.000003
611	682	0.000026
611	683	0.000322
611	686	0.000002
611	698	0.000002
611	701	0.000001
611	702	0.000018
611	704	0.000001
611	705	0.000155
611	706	0.000001
611	716	0.000388
611	734	0.000030
611	736	0.000003
611	783	0.000059
611	787	0.000240
611	799	0.000004
611	823	0.856525
611	824	0.029048
611	825	0.000035
611	826	0.000055
611	830	0.000202
611	833	0.000001
612	616	0.000530
612	627	0.000002
612	682	0.000318
612	688	0.000012
612	701	0.000017
612	704	0.000135
612	715	0.000388
612	733	0.000028
612	735	0.000003
612	786	0.000240
612	798	0.000004
612	825	0.000057
612	826	0.000008
612	832	0.000001
613	617	0.005312
613	623	0.000003
613	625	0.000005
613	628	0.000003
613	680	0.000297
613	687	0.000014
613	714	0.000387
613	782	0.000029
613	785	0.000238
613	821	0.000059
613	822	0.894366
613	827	0.000277
613	829	0.000102
614	623	0.000030
614	625	0.000002
614	628	0.000004
614	679	0.000299
614	680	0.000239
614	713	0.000383
614	781	0.000029
614	820	0.000052
614	821	0.894790
614	822	0.000409
614	827	0.000172
614	829	0.000015
615	623	0.000108
615	625	0.000036
615	628	0.000026
615	679	0.000240
615	680	0.000018
615	710	0.000196
615	713	0.000002
615	780	0.000029
615	820	0.894680
615	821	0.000447
615	822	0.000003
615	827	0.000177
615	829	0.000048
616	621	0.000006
616	623	0.000005
616	624	0.000047
616	677	0.000725
616	679	0.000018
616	681	0.000004
616	684	0.000251
616	685	0.000002
616	697	0.000162
616	700	0.000002
616	703	0.000005
616	708	0.000001
616	709	0.000197
616	710	0.000001
616	711	0.000019
616	731	0.000032
616	779	0.000029
616	815	0.000002
616	817	0.000003
616	818	0.000626
616	819	0.870627
616	820	0.000471
616	821	0.000003
616	827	0.000003
616	828	0.000048
616	831	0.000231
617	622	0.000011
617	626	0.000751
617	629	0.000183
617	631	0.000002
617	676	0.001226
617	678	0.000139
617	682	0.000094
617	683	0.000427
617	686	0.000006
617	688	0.000003
617	696	0.000295
617	698	0.000003
617	699	0.000002
617	702	0.000007
617	705	0.000003
617	706	0.000014
617	707	0.000002
617	712	0.000003
617	730	0.000049
617	736	0.000002
617	773	0.000001
617	778	0.000028
617	783	0.000077
617	784	0.000002
617	786	0.000011
617	787	0.000002
617	806	0.000002
617	812	0.000011
617	813	0.000002
617	814	0.000007
617	816	0.000019
617	823	0.006002
617	824	0.000034
617	830	0.000286
618	623	0.000106
618	625	0.000757
618	628	0.000181
618	630	0.000002
618	675	0.001221
618	679	0.000005
618	680	0.000370
618	687	0.000004
618	695	0.000293
618	710	0.000006
618	729	0.000045
618	772	0.000001
618	775	0.000001
618	782	0.000072
618	785	0.000012
618	805	0.000002
618	817	0.007846
618	820	0.000003
618	821	0.000010
618	822	0.006076
618	829	0.000285
619	623	0.000129
619	625	0.000011
619	628	0.000002
619	675	0.000006
619	679	0.000363
619	680	0.008882
619	691	0.000002
619	710	0.000002
619	774	0.000001
619	775	0.000009
619	781	0.000063
619	785	0.000001
619	817	0.011349
619	820	0.000012
619	821	0.006075
619	827	0.000008
620	625	0.000056
620	628	0.000014
620	675	0.000006
620	679	0.009017
620	680	0.000026
620	691	0.000028
620	695	0.000008
620	710	0.000005
620	774	0.000009
620	780	0.000057
620	785	0.000002
620	791	0.000004
620	805	0.000002
620	817	0.838651
620	820	0.005873
620	827	0.000235
621	627	0.000014
621	690	0.000006
621	694	0.000007
621	701	0.000007
621	704	0.001198
621	707	0.000002
621	733	0.000001
621	786	0.000021
621	790	0.000004
621	804	0.000001
621	810	0.000003
621	813	0.000050
621	814	0.000180
621	816	0.861864
621	826	0.000203
621	832	0.000004
622	675	0.000008
622	677	0.042753
622	679	0.000002
622	684	0.000002
622	689	0.000001
622	691	0.000002
622	692	0.000002
622	697	0.000024
622	700	0.000008
622	703	0.001426
622	708	0.000002
622	731	0.000009
622	732	0.000001
622	737	0.001054
622	772	0.000007
622	779	0.000029
622	785	0.000024
622	811	0.000208
622	815	0.861964
622	817	0.000003
622	818	0.000147
622	819	0.000034
622	831	0.000009
623	629	0.000022
623	674	0.000005
623	676	0.055555
623	678	0.000255
623	683	0.000002
623	693	0.000006
623	696	0.000032
623	698	0.000004
623	699	0.000006
623	702	0.001501
623	705	0.000021
623	706	0.000005
623	707	0.000002
623	730	0.000012
623	734	0.000034
623	736	0.001432
623	771	0.000007
623	778	0.000029
623	783	0.000002
623	784	0.000030
623	787	0.000016
623	789	0.000003
623	790	0.000002
623	796	0.000002
623	799	0.000011
623	808	0.000061
623	809	0.000003
623	810	0.000253
623	812	0.000630
623	813	0.000087
623	814	0.857408
623	816	0.000002
623	823	0.000003
623	824	0.000081
623	826	0.000003
623	830	0.000010
624	682	0.000002
624	694	0.000014
624	699	0.000080
624	701	0.001361
624	704	0.000019
624	707	0.000004
624	733	0.000031
624	735	0.001405
624	752	0.000001
624	786	0.000014
624	788	0.000004
624	789	0.000002
624	790	0.000001
624	795	0.000003
624	798	0.000010
624	807	0.000062
624	809	0.000246
624	810	0.000072
624	813	0.835845
624	814	0.000103
624	816	0.000077
624	825	0.000003
625	629	0.000021
625	631	0.000002
625	674	0.326989
625	676	0.000106
625	678	0.000004
625	693	0.000014
625	696	0.000037
625	698	0.000117
625	699	0.000017
625	702	0.000002
625	705	0.000001
625	706	0.000003
625	730	0.000005
625	733	0.000002
625	734	0.001202
625	751	0.000001
625	777	0.000004
625	783	0.000002
625	786	0.000010
625	787	0.000004
625	794	0.000002
625	797	0.000001
625	806	0.000060
625	808	0.000036
625	809	0.000011
625	810	0.000012
625	812	0.653397
625	813	0.000011
625	823	0.000020
625	824	0.000002
625	830	0.000049
626	630	0.000005
626	635	0.000002
626	673	0.786517
626	675	0.000111
626	695	0.000036
626	710	0.000074
626	729	0.000005
626	750	0.000001
626	775	0.000026
626	785	0.000063
626	805	0.000066
626	822	0.000019
626	829	0.000049
627	634	0.000002
627	672	0.793899
627	673	0.000028
627	675	0.000228
627	677	0.000304
627	697	0.003334
627	700	0.000014
627	703	0.000096
627	708	0.000009
627	709	0.000070
627	731	0.002260
627	732	0.000049
627	737	0.000030
627	774	0.000026
627	785	0.000017
627	811	0.017437
627	821	0.000014
627	828	0.000046
627	831	0.000019
628	633	0.000003
628	670	0.000050
628	671	0.797744
628	674	0.000746
628	676	0.000391
628	693	0.000001
628	696	0.004140
628	698	0.000044
628	699	0.000013
628	701	0.000001
628	702	0.000116
628	704	0.000001
628	705	0.000007
628	706	0.000019
628	707	0.000009
628	730	0.002596
628	734	0.000004
628	736	0.000037
628	749	0.000001
628	773	0.000026
628	783	0.000080
628	784	0.000029
628	786	0.000221
628	787	0.000019
628	790	0.000002
628	803	0.000021
628	806	0.000869
628	807	0.000005
628	808	0.000076
628	809	0.001743
628	810	0.014307
628	812	0.000015
628	823	0.000003
628	830	0.000023
629	669	0.000046
629	673	0.000754
629	675	0.000391
629	695	0.003813
629	710	0.000009
629	729	0.002494
629	748	0.000001
629	772	0.000026
629	782	0.000068
629	785	0.000259
629	805	0.000889
629	820	0.000001
629	822	0.000003
629	827	0.000011
629	829	0.000023
630	668	0.000026
630	670	0.998564
630	671	0.000052
630	674	0.000188
630	694	0.000005
630	728	0.000028
630	771	0.000001
630	784	0.000014
630	804	0.000005
630	806	0.000005
630	808	0.000009
631	667	0.000021
631	669	0.999686
631	673	0.000148
631	805	0.000006
632	666	0.000010
632	668	0.999497
632	804	0.000004
632	806	0.000010
633	667	0.999893
633	805	0.000011
634	666	0.999480
634	804	0.000010
635	664	0.000002
635	665	0.999948
635	803	0.000010
636	664	0.996547
636	665	0.000003
636	736	0.000001
637	735	0.000001
637	800	0.000006
638	661	0.000002
638	662	0.972146
638	664	0.000003
638	734	0.000001
638	799	0.000007
639	733	0.000001
639	798	0.000006
640	661	0.999344
640	662	0.000094
641	660	0.999956
642	659	0.999957
643	658	0.999990
644	657	0.999985
645	656	0.999500
646	655	0.999191
647	653	0.000037
647	654	0.999889
648	653	0.990948
648	654	0.000013
663	702	0.000002
667	698	0.000040
668	697	0.000052
669	696	0.000088
670	695	0.000051
671	691	0.000001
671	695	0.191511
671	805	0.000005
672	694	0.200125
672	699	0.000010
672	707	0.000002
672	804	0.000005
673	678	0.000006
673	693	0.202747
673	694	0.000005
673	696	0.000392
673	698	0.000013
673	702	0.000003
673	706	0.000003
673	730	0.000001
673	786	0.000006
673	787	0.000001
673	803	0.000005
674	679	0.000003
674	680	0.000004
674	689	0.000001
674	691	0.637500
674	695	0.000410
674	710	0.000098
674	785	0.000033
675	683	0.000001
675	686	0.000002
675	688	0.000004
675	690	0.821245
675	693	0.000128
675	694	0.000062
675	696	0.000166
675	698	0.000020
675	702	0.000002
675	705	0.000002
675	706	0.000006
675	707	0.000040
675	712	0.000015
675	730	0.000093
675	734	0.000003
675	736	0.000006
675	751	0.000066
675	783	0.000034
675	784	0.000036
675	786	0.000118
675	787	0.001010
675	788	0.000049
675	789	0.000003
675	790	0.000005
675	806	0.000023
675	808	0.000006
675	810	0.000001
675	812	0.000027
675	823	0.000006
675	830	0.000087
676	680	0.000001
676	687	0.000004
676	689	0.838898
676	691	0.000265
676	695	0.000159
676	710	0.000190
676	729	0.000088
676	750	0.000066
676	782	0.000026
676	785	0.000137
676	791	0.000005
676	805	0.000025
676	817	0.000004
676	822	0.000005
676	827	0.000001
676	829	0.000087
677	688	0.840649
677	690	0.000268
677	694	0.000113
677	707	0.001168
677	786	0.002314
677	790	0.000006
677	804	0.000020
677	806	0.000011
677	810	0.000002
677	816	0.000003
678	687	0.841288
678	689	0.000268
678	691	0.000035
678	695	0.000113
678	710	0.000094
678	748	0.000066
678	785	0.002537
678	791	0.000002
678	805	0.000013
678	817	0.000005
678	821	0.000001
678	827	0.000015
679	683	0.000005
679	686	0.838545
679	688	0.000252
679	690	0.000036
679	693	0.000033
679	694	0.000127
679	696	0.000001
679	702	0.000001
679	705	0.000006
679	706	0.144216
679	707	0.000020
679	717	0.000001
679	735	0.000008
679	736	0.000001
679	747	0.000066
679	784	0.002397
679	788	0.000010
679	795	0.000002
679	800	0.000001
679	804	0.000005
679	809	0.000001
679	824	0.000001
680	686	0.000142
680	693	0.000142
680	702	0.000098
680	704	0.000004
680	705	0.144666
680	706	0.000015
680	716	0.000001
680	734	0.000010
680	746	0.000066
680	783	0.002359
680	787	0.000012
680	794	0.000002
680	799	0.000001
680	803	0.000005
680	808	0.000002
680	823	0.000001
681	688	0.000052
681	690	0.000007
681	694	0.000002
681	699	0.000002
681	701	0.000106
681	704	0.144054
681	707	0.000001
681	715	0.000001
681	733	0.000010
681	744	0.000064
681	786	0.000011
681	798	0.000001
681	807	0.000002
682	687	0.000046
682	689	0.000006
682	692	0.000202
682	700	0.000096
682	703	0.129615
682	711	0.000023
682	714	0.000001
682	732	0.000009
682	743	0.000065
682	785	0.000010
682	792	0.000014
682	818	0.000101
682	828	0.000006
683	689	0.000021
683	691	0.000213
683	695	0.000002
683	710	0.000028
683	742	0.000065
683	743	0.000001
683	785	0.000001
683	791	0.000017
683	805	0.000002
683	817	0.000116
683	827	0.000007
684	688	0.000015
684	690	0.000186
684	694	0.000002
684	699	0.000189
684	701	0.022482
684	704	0.000002
684	741	0.000062
684	790	0.000016
684	804	0.000002
684	807	0.000003
684	816	0.000095
684	826	0.000007
685	699	0.002050
685	701	0.000329
685	704	0.000001
685	707	0.000006
685	786	0.000017
685	789	0.000009
685	806	0.000004
685	814	0.000001
685	825	0.000005
686	691	0.000001
686	695	0.000003
686	710	0.000002
686	785	0.000019
686	805	0.000004
686	817	0.000004
687	693	0.000004
687	694	0.000002
687	696	0.000051
687	698	0.152237
687	699	0.000141
687	701	0.000245
687	702	0.000069
687	704	0.000014
687	705	0.000028
687	706	0.000243
687	707	0.000001
687	712	0.000001
687	738	0.000077
687	751	0.000037
687	784	0.000013
687	812	0.000006
687	816	0.000003
688	692	0.000003
688	695	0.000050
688	697	0.153081
688	700	0.000274
688	703	0.000017
688	708	0.000001
688	711	0.000001
688	731	0.000002
688	737	0.000086
688	750	0.000037
688	811	0.000005
688	815	0.000002
688	831	0.000001
689	693	0.000001
689	694	0.000016
689	696	0.153149
689	698	0.005641
689	699	0.000015
689	701	0.000003
689	702	0.000017
689	704	0.000869
689	705	0.000024
689	706	0.000009
689	707	0.000002
689	730	0.000003
689	736	0.000092
689	738	0.000002
689	749	0.000037
689	751	0.000010
689	810	0.000003
689	812	0.000013
689	830	0.000002
690	695	0.140808
690	697	0.006264
690	700	0.000021
690	703	0.005645
690	708	0.000006
690	709	0.000002
690	729	0.000003
690	731	0.000001
690	737	0.000059
690	748	0.000037
690	750	0.000011
690	785	0.000001
690	811	0.000015
690	829	0.000002
690	831	0.000003
691	696	0.009393
691	698	0.001936
691	699	0.000081
691	701	0.000007
691	702	0.030731
691	704	0.000010
691	705	0.007957
691	706	0.001747
691	707	0.000024
691	712	0.000044
691	716	0.000217
691	720	0.000002
691	728	0.000004
691	730	0.000006
691	734	0.003040
691	736	0.000356
691	747	0.000037
691	749	0.000027
691	751	0.000003
691	783	0.000005
691	784	0.000021
691	787	0.029918
691	788	0.000002
691	789	0.000004
691	790	0.000021
691	799	0.000013
691	803	0.000003
691	807	0.000210
691	808	0.000068
691	810	0.000027
691	812	0.000013
691	824	0.000004
691	826	0.000005
691	830	0.000016
691	833	0.000002
692	699	0.001096
692	701	0.030015
692	704	0.008147
692	707	0.000229
692	715	0.000233
692	719	0.000002
692	727	0.000004
692	733	0.003029
692	735	0.000346
692	786	0.030817
692	788	0.000007
692	789	0.000033
692	790	0.000045
692	798	0.000012
692	800	0.000001
692	804	0.000005
692	806	0.000500
692	807	0.000049
692	809	0.000032
692	810	0.000011
692	825	0.000006
692	826	0.000007
692	832	0.000003
693	710	0.006382
693	714	0.000239
693	725	0.000003
693	748	0.000043
693	750	0.000001
693	775	0.000002
693	785	0.030802
693	791	0.000001
693	805	0.000550
693	827	0.000006
693	829	0.000026
694	700	0.002857
694	703	0.041846
694	708	0.000437
694	709	0.006467
694	710	0.000034
694	711	0.000054
694	713	0.000239
694	724	0.000003
694	729	0.000003
694	731	0.006041
694	732	0.000010
694	737	0.000221
694	774	0.000002
694	785	0.000068
694	792	0.000002
694	793	0.000002
694	801	0.000020
694	802	0.000019
694	805	0.000002
694	811	0.000027
694	828	0.000025
694	831	0.000663
695	699	0.002238
695	701	0.000318
695	702	0.048962
695	704	0.000305
695	705	0.000614
695	706	0.001411
695	707	0.000465
695	712	0.000273
695	716	0.000002
695	717	0.000004
695	723	0.000003
695	728	0.000005
695	730	0.006595
695	734	0.000018
695	735	0.000002
695	736	0.000281
695	746	0.000150
695	749	0.000001
695	773	0.000002
695	783	0.016320
695	784	0.000522
695	786	0.000559
695	787	0.000267
695	788	0.000013
695	789	0.000004
695	790	0.000019
695	794	0.000006
695	797	0.000002
695	798	0.000003
695	799	0.000030
695	800	0.000020
695	803	0.000149
695	804	0.000002
695	806	0.000240
695	808	0.000019
695	809	0.000003
695	810	0.000026
695	812	0.000012
695	823	0.000416
695	824	0.000010
695	830	0.000816
696	710	0.000668
696	729	0.006235
696	745	0.000155
696	772	0.000002
696	782	0.012844
696	785	0.000674
696	791	0.000069
696	805	0.000271
696	817	0.000006
696	821	0.000002
696	822	0.000418
696	827	0.000007
696	829	0.000814
697	701	0.001216
697	704	0.001089
697	707	0.000220
697	715	0.000030
697	727	0.000049
697	733	0.000007
697	735	0.000006
697	744	0.000155
697	786	0.000686
697	788	0.000002
697	789	0.000007
697	790	0.000101
697	795	0.000005
697	796	0.000010
697	797	0.000007
697	798	0.000009
697	800	0.000017
697	804	0.000237
697	806	0.000044
697	809	0.000006
697	810	0.000007
697	816	0.000005
697	826	0.000006
698	710	0.005769
698	713	0.000003
698	714	0.000045
698	729	0.000008
698	743	0.000155
698	781	0.000015
698	782	0.000001
698	785	0.000751
698	791	0.000002
698	805	0.000048
698	820	0.000082
698	821	0.000377
698	822	0.000003
698	827	0.000119
698	829	0.000005
699	703	0.000353
699	708	0.008255
699	709	0.005314
699	710	0.000059
699	711	0.000035
699	713	0.000045
699	726	0.000002
699	729	0.000005
699	731	0.000024
699	732	0.000013
699	737	0.000002
699	742	0.000152
699	745	0.000002
699	780	0.000002
699	785	0.000003
699	791	0.000005
699	792	0.000002
699	793	0.000029
699	801	0.000038
699	802	0.000017
699	805	0.000002
699	811	0.000063
699	815	0.000002
699	817	0.000003
699	819	0.000083
699	820	0.000367
699	821	0.000003
699	827	0.000018
699	828	0.000005
700	704	0.000218
700	707	0.008917
700	715	0.000006
700	727	0.000134
700	733	0.000011
700	735	0.000001
700	741	0.000130
700	744	0.000002
700	786	0.000015
700	788	0.000003
700	789	0.000009
700	790	0.000061
700	795	0.000015
700	796	0.000060
700	797	0.000065
700	798	0.000025
700	800	0.000038
700	804	0.000003
700	806	0.000002
700	807	0.000002
700	809	0.000005
700	810	0.000065
700	814	0.000002
700	816	0.000004
700	825	0.000008
700	826	0.000026
701	708	0.000497
701	709	0.000120
701	710	0.000054
701	711	0.015652
701	714	0.000009
701	726	0.000096
701	729	0.000080
701	731	0.000022
701	732	0.000011
701	737	0.000007
701	743	0.000002
701	785	0.000014
701	792	0.003624
701	793	0.000015
701	802	0.000003
701	811	0.000004
701	815	0.000003
701	818	0.001317
701	821	0.000007
701	822	0.000001
701	828	0.000226
702	710	0.018714
702	713	0.000037
702	725	0.000084
702	729	0.000228
702	742	0.000003
702	785	0.000040
702	791	0.004365
702	805	0.000026
702	817	0.001458
702	820	0.000009
702	821	0.000002
702	827	0.000233
703	707	0.000351
703	715	0.000001
703	727	0.004759
703	733	0.000021
703	735	0.000011
703	741	0.000003
703	786	0.000017
703	788	0.000004
703	789	0.000027
703	790	0.004565
703	795	0.000027
703	796	0.000017
703	797	0.000011
703	798	0.000006
703	800	0.000002
703	804	0.000025
703	806	0.000002
703	809	0.000006
703	810	0.000008
703	816	0.001408
703	826	0.000209
703	832	0.000002
704	708	0.000460
704	709	0.000505
704	710	0.000042
704	711	0.014371
704	714	0.000001
704	724	0.000001
704	726	0.005463
704	731	0.000010
704	732	0.000022
704	737	0.000080
704	785	0.000016
704	791	0.000008
704	792	0.006767
704	793	0.000148
704	805	0.000002
704	811	0.000004
704	815	0.001122
704	818	0.000310
704	822	0.000191
704	828	0.000006
704	831	0.000003
705	710	0.017085
705	713	0.000004
705	714	0.000057
705	725	0.005562
705	785	0.000022
705	791	0.008009
705	805	0.000002
705	817	0.000353
705	821	0.000254
705	822	0.000064
705	827	0.000006
705	829	0.000002
706	710	0.000791
706	713	0.000068
706	714	0.000001
706	724	0.005556
706	725	0.000001
706	785	0.000057
706	791	0.010436
706	805	0.000002
706	817	0.000024
706	820	0.000254
706	821	0.000064
706	827	0.000002
706	829	0.000037
707	711	0.000054
707	713	0.000002
707	724	0.000001
707	731	0.000133
707	732	0.000175
707	737	0.004263
707	785	0.000004
707	791	0.000490
707	792	0.000032
707	793	0.000008
707	801	0.000007
707	802	0.000003
707	805	0.000001
707	811	0.002274
707	815	0.000631
707	817	0.000002
707	818	0.000001
707	819	0.000233
707	820	0.000056
707	827	0.000060
707	828	0.000039
707	829	0.000016
708	719	0.000055
708	722	0.004946
708	733	0.000348
708	735	0.000206
708	786	0.000003
708	788	0.000204
708	789	0.386900
708	790	0.002941
708	796	0.000017
708	797	0.000001
708	798	0.000003
708	800	0.000005
708	804	0.000001
708	809	0.000005
708	810	0.002572
708	813	0.000003
708	814	0.000740
708	816	0.000002
708	825	0.000001
708	826	0.000075
709	718	0.000065
709	721	0.005538
709	733	0.000911
709	735	0.110183
709	786	0.000003
709	788	0.512828
709	789	0.001742
709	790	0.000084
709	795	0.000021
709	796	0.000001
709	797	0.000004
709	798	0.000001
709	800	0.000093
709	804	0.000009
709	809	0.002566
709	810	0.000013
709	813	0.000743
709	814	0.000001
709	825	0.000079
709	826	0.000015
710	716	0.000001
710	717	0.000065
710	719	0.000001
710	720	0.005552
710	722	0.000002
710	723	0.000023
710	728	0.000006
710	730	0.129189
710	733	0.000234
710	734	0.123478
710	735	0.000009
710	736	0.007642
710	783	0.000026
710	784	0.000069
710	786	0.000001
710	787	0.531680
710	788	0.000051
710	789	0.000050
710	790	0.000006
710	794	0.000021
710	796	0.000004
710	797	0.000001
710	799	0.000101
710	803	0.000009
710	807	0.000005
710	808	0.002429
710	809	0.000009
710	810	0.000014
710	812	0.000724
710	814	0.000001
710	824	0.000056
710	825	0.000013
710	826	0.000160
710	830	0.000013
711	715	0.000001
711	718	0.000024
711	719	0.005148
711	721	0.000002
711	722	0.000022
711	727	0.000004
711	733	0.121444
711	735	0.007603
711	786	0.530811
711	788	0.000042
711	789	0.000006
711	790	0.000002
711	795	0.000004
711	796	0.000001
711	798	0.000086
711	806	0.000075
711	807	0.001925
711	809	0.000014
711	810	0.000017
711	813	0.000001
711	825	0.000202
711	826	0.000098
712	724	0.000006
712	729	0.446660
712	785	0.526443
712	805	0.000138
712	827	0.000010
712	829	0.000005
713	717	0.001115
713	718	0.000071
713	719	0.000002
713	720	0.000025
713	721	0.000006
713	723	0.000008
713	727	0.000002
713	728	0.516794
713	730	0.000056
713	734	0.000005
713	736	0.000002
713	783	0.000064
713	784	0.469100
713	804	0.000060
713	824	0.005058
714	718	0.000009
714	719	0.000023
714	720	0.000019
714	722	0.000008
714	723	0.000043
714	727	0.546589
714	728	0.002349
714	730	0.000200
714	733	0.000004
714	734	0.000004
714	736	0.000005
714	783	0.433570
714	784	0.000003
714	803	0.000058
714	823	0.005079
715	724	0.000011
715	725	0.000104
715	726	0.838141
715	729	0.000146
715	731	0.000082
715	732	0.000009
715	737	0.000002
715	782	0.038297
715	802	0.000042
715	822	0.005076
716	724	0.000293
716	725	0.902944
716	729	0.000861
716	781	0.024900
716	782	0.000459
716	821	0.005079
717	724	0.901873
717	725	0.000797
717	729	0.000218
717	780	0.023607
717	781	0.000257
717	782	0.000004
717	820	0.005079
718	724	0.000764
718	725	0.000022
718	726	0.000526
718	729	0.000008
718	731	0.000012
718	732	0.000033
718	737	0.000005
718	763	0.000004
718	776	0.000007
718	779	0.019745
718	780	0.000044
718	793	0.000001
718	819	0.005072
719	724	0.000032
719	725	0.000602
719	726	0.004971
719	729	0.000001
719	731	0.000040
719	732	0.000003
719	737	0.000012
719	761	0.000002
719	762	0.000018
719	775	0.000015
719	776	0.011772
719	779	0.000042
719	792	0.000002
719	818	0.005065
719	821	0.000002
720	724	0.000659
720	725	0.005535
720	729	0.000086
720	759	0.000001
720	760	0.000002
720	761	0.000019
720	774	0.000015
720	775	0.012572
720	780	0.000001
720	791	0.000002
720	817	0.005038
720	820	0.000004
721	725	0.000004
721	726	0.000006
721	729	0.000003
721	731	0.000061
721	732	0.000189
721	737	0.000132
721	759	0.000002
721	760	0.000019
721	774	0.012078
721	775	0.000003
721	776	0.002142
721	779	0.000003
721	793	0.000018
721	802	0.000002
721	815	0.000057
721	819	0.000006
722	726	0.000003
722	729	0.000006
722	731	0.000244
722	732	0.000021
722	737	0.002328
722	759	0.000017
722	774	0.000008
722	775	0.002192
722	776	0.000052
722	779	0.000013
722	792	0.000023
722	801	0.000002
722	815	0.000266
722	818	0.000014
723	729	0.000657
723	742	0.000003
723	748	0.000011
723	759	0.000001
723	772	0.012487
723	774	0.002187
723	775	0.000054
723	785	0.000424
723	791	0.000023
723	805	0.000002
723	817	0.000015
724	728	0.000614
724	730	0.000868
724	733	0.000017
724	734	0.000209
724	735	0.043650
724	736	0.006241
724	738	0.000138
724	739	0.000300
724	740	0.000533
724	741	0.000010
724	747	0.000017
724	752	0.000001
724	754	0.000009
724	755	0.000193
724	770	0.000024
724	771	0.012466
724	773	0.001912
724	777	0.000006
724	778	0.003109
724	784	0.000463
724	787	0.000001
724	788	0.000133
724	790	0.000018
724	794	0.000001
724	795	0.000009
724	797	0.000001
724	799	0.000009
724	800	0.000008
724	804	0.000002
724	809	0.000007
724	812	0.000060
724	813	0.000332
724	814	0.000006
724	816	0.000003
725	730	0.000235
725	733	0.000115
725	734	0.056904
725	735	0.000247
725	736	0.002809
725	738	0.000301
725	739	0.000533
725	740	0.000013
725	746	0.000017
725	747	0.000002
725	751	0.000002
725	753	0.000011
725	754	0.000202
725	769	0.000040
725	770	0.012049
725	771	0.000209
725	773	0.000013
725	777	0.003106
725	778	0.000002
725	783	0.000457
725	787	0.000158
725	789	0.000017
725	794	0.000010
725	796	0.000002
725	797	0.000001
725	798	0.000009
725	799	0.000009
725	803	0.000002
725	808	0.000008
725	810	0.000008
725	812	0.000340
725	813	0.000004
725	814	0.000013
726	733	0.055909
726	735	0.002831
726	744	0.000045
726	752	0.000014
726	753	0.000198
726	786	0.000156
726	788	0.000016
726	795	0.000002
726	796	0.000002
726	797	0.000009
726	798	0.000008
726	807	0.000007
726	809	0.000008
726	810	0.000011
726	813	0.000011
727	731	0.000227
727	732	0.046974
727	737	0.000157
727	743	0.000046
727	748	0.000002
727	768	0.000859
727	775	0.002362
727	776	0.000085
727	785	0.000093
727	792	0.000017
727	811	0.000004
728	742	0.000052
728	743	0.000009
728	745	0.000068
728	748	0.000023
728	750	0.000245
728	766	0.000002
728	772	0.000129
728	774	0.003054
728	775	0.000048
728	785	0.000079
728	791	0.000019
728	805	0.000003
729	733	0.000163
729	734	0.004839
729	735	0.000323
729	736	0.008017
729	738	0.000294
729	739	0.000005
729	740	0.000006
729	741	0.000032
729	744	0.000073
729	746	0.009434
729	747	0.000106
729	749	0.000279
729	751	0.000012
729	765	0.000001
729	767	0.001938
729	769	0.000002
729	771	0.000129
729	773	0.003095
729	783	0.000170
729	784	0.000099
729	786	0.000014
729	787	0.000008
729	789	0.000001
729	790	0.000020
729	794	0.000004
729	804	0.000002
729	806	0.000014
729	812	0.000001
729	830	0.000004
730	742	0.000034
730	743	0.000071
730	745	0.009504
730	748	0.000278
730	750	0.000012
730	766	0.001942
730	772	0.003064
730	782	0.000094
730	785	0.000036
730	791	0.004771
730	805	0.000021
730	817	0.000009
730	827	0.000005
730	829	0.000004
731	735	0.000427
731	741	0.000035
731	744	0.005278
731	765	0.001807
731	786	0.000065
731	788	0.000196
731	789	0.001285
731	790	0.007173
731	796	0.000017
731	797	0.000003
731	798	0.000002
731	804	0.000018
731	807	0.000001
731	809	0.000003
731	810	0.000016
731	816	0.000008
731	826	0.000005
731	832	0.000002
732	741	0.000034
732	744	0.004404
732	765	0.000010
732	786	0.000996
732	788	0.001413
732	789	0.007223
732	790	0.000286
732	795	0.000021
732	796	0.000003
732	797	0.000002
732	806	0.000002
732	809	0.000014
732	810	0.000004
732	825	0.000004
732	832	0.000029
733	737	0.000266
733	742	0.000062
733	743	0.008477
733	745	0.000003
733	748	0.000001
733	761	0.000011
733	762	0.001055
733	763	0.000125
733	776	0.000005
733	785	0.000954
733	792	0.000021
733	793	0.000002
733	805	0.000001
733	811	0.000001
733	818	0.000019
733	821	0.000001
733	828	0.000002
733	831	0.000052
734	742	0.008633
734	743	0.000404
734	745	0.000010
734	748	0.000002
734	760	0.000012
734	761	0.001132
734	775	0.000005
734	782	0.000004
734	785	0.002045
734	791	0.000024
734	817	0.000022
734	820	0.000003
734	822	0.000003
734	827	0.000002
734	829	0.000508
735	742	0.000285
735	743	0.000447
735	759	0.000011
735	760	0.001116
735	761	0.000009
735	762	0.000244
735	763	0.000039
735	774	0.000003
735	775	0.000001
735	776	0.000018
735	782	0.000002
735	785	0.003089
735	792	0.000484
735	811	0.000002
735	818	0.000178
735	819	0.000002
735	821	0.000003
735	828	0.000526
736	742	0.000621
736	743	0.000028
736	745	0.000520
736	759	0.001094
736	760	0.000018
736	761	0.000245
736	766	0.000002
736	774	0.000007
736	775	0.000023
736	781	0.000001
736	782	0.000022
736	785	0.014446
736	791	0.000563
736	805	0.000005
736	817	0.000205
736	820	0.000003
736	827	0.000529
737	741	0.000417
737	744	0.000533
737	756	0.000003
737	757	0.000059
737	765	0.000002
737	786	0.000213
737	788	0.000042
737	789	0.000021
737	790	0.000569
737	804	0.000004
737	809	0.000002
737	810	0.000003
737	816	0.000155
737	826	0.000413
738	742	0.000005
738	743	0.000531
738	745	0.000001
738	759	0.000013
738	760	0.000264
738	761	0.000407
738	772	0.000045
738	774	0.000033
738	775	0.000754
738	781	0.000176
738	782	0.938940
738	785	0.000068
739	743	0.000001
739	759	0.000263
739	760	0.000416
739	761	0.000021
739	772	0.000033
739	774	0.000770
739	775	0.000192
739	780	0.000092
739	781	0.974007
739	782	0.000013
740	745	0.000003
740	759	0.000415
740	760	0.000021
740	772	0.001126
740	774	0.000194
740	775	0.000004
740	780	0.975849
740	781	0.000008
741	750	0.000002
741	759	0.000021
741	772	0.000127
741	774	0.000004
741	779	0.977510
741	780	0.000002
742	747	0.000005
742	749	0.000003
742	751	0.000002
742	752	0.000732
742	753	0.000004
742	754	0.000051
742	755	0.000986
742	756	0.000035
742	757	0.000001
742	758	0.000022
742	765	0.000001
742	770	0.006137
742	771	0.000195
742	773	0.000001
742	778	0.980593
743	749	0.000003
743	751	0.000765
743	752	0.000002
743	753	0.000038
743	754	0.000986
743	755	0.000036
743	757	0.000017
743	764	0.000002
743	769	0.006401
743	770	0.000142
743	771	0.000001
743	773	0.000004
743	777	0.980579
743	778	0.000005
744	748	0.000003
744	750	0.000764
744	762	0.000001
744	763	0.000002
744	768	0.006452
744	772	0.000005
744	774	0.000046
744	775	0.000005
744	776	0.974143
745	749	0.000693
745	751	0.001040
745	752	0.000019
745	754	0.000006
745	755	0.000004
745	767	0.006397
745	769	0.000081
745	770	0.000005
745	771	0.000006
745	773	0.000240
745	777	0.000010
746	750	0.001028
746	760	0.000005
746	761	0.000004
746	766	0.006131
746	772	0.000238
746	774	0.004940
746	775	0.973274
747	759	0.000005
747	760	0.000004
747	761	0.000010
747	766	0.000244
747	772	0.003892
747	774	0.975283
747	775	0.000004
747	785	0.000001
748	758	0.000005
748	764	0.001922
748	765	0.000458
748	767	0.011816
748	769	0.000332
748	770	0.000025
748	771	0.003250
748	773	0.975292
748	783	0.000005
748	784	0.000001
749	759	0.000014
749	761	0.000008
749	766	0.012131
749	772	0.973449
749	774	0.000007
749	782	0.000005
750	754	0.000042
750	755	0.000154
750	756	0.000008
750	757	0.000012
750	758	0.000080
750	764	0.007922
750	765	0.013015
750	767	0.476507
750	769	0.000405
750	770	0.001476
750	771	0.480720
750	773	0.000016
750	830	0.000006
751	759	0.000029
751	760	0.000105
751	761	0.000306
751	766	0.567924
751	772	0.000017
751	780	0.000005
751	829	0.000006
752	759	0.000095
752	760	0.000279
752	761	0.000056
752	762	0.013876
752	763	0.716204
752	766	0.000891
752	768	0.002771
752	779	0.000005
752	828	0.000005
753	759	0.000202
753	760	0.000081
753	761	0.014527
753	762	0.920758
753	763	0.001318
753	766	0.000063
753	768	0.001134
753	776	0.000044
754	759	0.000116
754	760	0.014979
754	761	0.931408
754	766	0.000118
754	775	0.000056
755	759	0.014893
755	760	0.929913
755	761	0.000102
755	766	0.001408
755	774	0.000056
755	775	0.000014
756	760	0.000091
756	761	0.000003
756	762	0.000020
756	763	0.000041
756	766	0.000038
756	768	0.000181
756	774	0.000016
756	776	0.000004
757	761	0.000017
757	762	0.000037
757	763	0.000019
757	766	0.000045
757	768	0.000037
757	775	0.000005
758	766	0.002025
758	772	0.001356
758	774	0.000005
759	764	0.000721
759	765	0.002036
759	767	0.000021
759	769	0.000032
759	770	0.036045
759	771	0.007417
759	773	0.000005
759	778	0.000020
760	764	0.001954
760	765	0.000005
760	767	0.000114
760	769	0.036082
760	770	0.008783
760	771	0.000127
760	777	0.000020
760	778	0.000018
761	765	0.000007
761	767	0.001611
761	769	0.008749
761	770	0.000163
761	771	0.000001
761	777	0.000018
764	774	0.000001
764	775	0.000290
765	774	0.000294
766	770	0.000432
766	771	0.000291
766	773	0.000327
767	772	0.000329
769	775	0.000011
769	782	0.000006
770	774	0.000011
770	775	0.000002
770	781	0.000006
771	780	0.000006
772	786	0.000002
773	785	0.000003
774	784	0.000003
775	783	0.000003
775	830	0.000006
777	829	0.000024
778	827	0.000167
779	825	0.000007
779	826	0.000195
780	824	0.000008
780	825	0.000239
781	823	0.000008
781	824	0.000327
782	786	0.000001
782	787	0.000017
782	788	0.000002
782	789	0.000003
782	790	0.000001
782	806	0.000018
782	823	0.000410
782	830	0.000006
783	791	0.000047
783	805	0.000171
783	817	0.000109
783	821	0.000196
783	822	0.000455
783	827	0.000010
783	829	0.000007
784	791	0.002027
784	805	0.000179
784	817	0.004543
784	820	0.000197
784	821	0.000450
784	822	0.000003
784	827	0.000008
784	829	0.000003
785	789	0.000101
785	790	0.002659
785	794	0.001505
785	795	0.000001
785	796	0.000003
785	797	0.000002
785	798	0.000002
785	799	0.000030
785	803	0.000944
785	804	0.000129
785	806	0.000005
785	807	0.000003
785	808	0.000031
785	809	0.000031
785	810	0.000016
785	812	0.016064
785	813	0.000028
785	814	0.000153
785	816	0.004588
785	823	0.001130
785	824	0.000005
785	826	0.000002
785	830	0.000486
785	832	0.000015
786	791	0.000005
786	792	0.000350
786	793	0.001295
786	801	0.000001
786	802	0.000875
786	805	0.000006
786	811	0.015210
786	815	0.004368
786	818	0.000421
786	819	0.000113
786	821	0.000048
786	822	0.001130
786	828	0.000034
786	829	0.000059
786	831	0.000024
787	791	0.000480
787	805	0.000055
787	817	0.000521
787	820	0.000209
787	821	0.001131
787	822	0.000002
787	827	0.000041
787	829	0.000605
788	792	0.000007
788	793	0.000005
788	801	0.000082
788	802	0.000610
788	805	0.000005
788	811	0.041466
788	815	0.000035
788	817	0.000009
788	818	0.000005
788	819	0.000224
788	820	0.001113
788	821	0.000002
788	827	0.000009
788	828	0.000616
788	829	0.000021
789	793	0.000003
789	801	0.000646
789	802	0.000491
789	805	0.000002
789	811	0.002531
789	815	0.000012
789	817	0.000005
789	818	0.000237
789	819	0.001067
789	820	0.000002
789	827	0.000595
789	828	0.000048
789	829	0.000007
790	801	0.000769
790	802	0.000024
790	805	0.000002
790	811	0.000944
790	815	0.000021
790	817	0.000238
790	818	0.001012
790	819	0.000002
790	827	0.000055
790	828	0.000016
790	831	0.000025
791	795	0.000004
791	796	0.000016
791	797	0.000068
791	798	0.000147
791	799	0.010158
791	800	0.000396
791	803	0.000040
791	804	0.000004
791	806	0.000002
791	807	0.000030
791	808	0.933680
791	809	0.000049
791	810	0.000204
791	812	0.000015
791	814	0.000011
791	816	0.000003
791	823	0.000066
791	824	0.000234
791	825	0.000037
791	826	0.000059
791	830	0.000031
792	796	0.000060
792	797	0.000173
792	798	0.009963
792	800	0.000033
792	804	0.000016
792	806	0.000029
792	807	0.941977
792	809	0.000150
792	810	0.000028
792	813	0.000010
792	814	0.000002
792	816	0.000042
792	825	0.000059
792	826	0.000026
793	797	0.005801
793	798	0.000047
793	800	0.000063
793	804	0.000049
793	806	0.945135
793	807	0.000013
793	809	0.000023
793	810	0.000007
793	813	0.000002
793	825	0.000021
793	826	0.000001
794	805	0.945396
794	817	0.000007
794	820	0.000114
794	821	0.000469
794	822	0.002641
794	827	0.000002
794	829	0.000245
795	801	0.001265
795	802	0.012789
795	805	0.000111
795	811	0.000009
795	815	0.000001
795	818	0.000005
795	819	0.000119
795	820	0.000455
795	821	0.002695
795	828	0.000244
795	829	0.000017
795	831	0.000038
796	801	0.015906
796	802	0.013616
796	805	0.000122
796	811	0.000009
796	815	0.000002
796	817	0.000005
796	818	0.000122
796	819	0.000466
796	820	0.002758
796	827	0.000231
796	828	0.000029
796	829	0.000022
796	831	0.000015
797	801	0.010048
797	802	0.034305
797	805	0.000041
797	811	0.000009
797	817	0.000118
797	818	0.000481
797	819	0.003317
797	827	0.000030
797	828	0.000036
797	829	0.000661
797	831	0.000020
798	802	0.000610
798	805	0.000021
798	811	0.000003
798	817	0.000430
798	818	0.003951
798	819	0.000001
798	821	0.000002
798	827	0.000032
798	828	0.001130
798	829	0.000002
798	831	0.000014
798	837	0.000002
799	805	0.000936
799	817	0.004030
799	820	0.000003
799	821	0.000002
799	827	0.001178
799	829	0.000225
799	836	0.000002
800	805	0.000035
800	811	0.001305
800	815	0.001965
800	817	0.000035
800	818	0.000004
800	819	0.000003
800	820	0.000002
800	827	0.000108
800	828	0.000224
800	835	0.000002
801	806	0.000022
801	807	0.000053
801	809	0.000013
801	810	0.001484
801	813	0.000005
801	814	0.002041
801	816	0.000112
801	825	0.000064
801	826	0.000246
801	834	0.000002
802	806	0.000042
802	807	0.000022
802	809	0.001153
802	810	0.000018
802	813	0.001697
802	814	0.000065
802	816	0.000005
802	825	0.000221
802	826	0.000055
802	832	0.000002
803	817	0.000022
803	820	0.000013
803	821	0.000062
803	822	0.004196
803	827	0.000022
803	829	0.000029
804	811	0.001456
804	815	0.000043
804	817	0.000033
804	818	0.000003
804	819	0.000011
804	820	0.000054
804	821	0.004254
804	828	0.000029
804	831	0.001083
805	809	0.000010
805	810	0.001492
805	812	0.005513
805	813	0.000003
805	814	0.000050
805	816	0.000087
805	823	0.002982
805	824	0.000018
805	830	0.001335
806	811	0.005303
806	815	0.000091
806	818	0.000007
806	819	0.005387
806	822	0.003002
806	829	0.001334
807	811	0.000014
807	817	0.000004
807	818	0.007592
807	819	0.000001
807	821	0.003014
807	822	0.000018
807	828	0.001332
808	817	0.007891
808	820	0.003068
808	821	0.000038
808	827	0.001331
808	829	0.000001
809	815	0.000288
809	817	0.000173
809	818	0.005234
809	819	0.003196
809	820	0.000046
809	821	0.000001
809	822	0.000002
809	828	0.000002
810	815	0.000204
810	817	0.005744
810	818	0.003398
810	819	0.000105
810	820	0.000001
810	821	0.000002
810	822	0.000002
810	827	0.000002
810	831	0.000017
811	816	0.004266
811	825	0.000003
811	826	0.000002
812	817	0.008919
812	820	0.000418
812	821	0.001004
812	822	0.000362
812	829	0.000481
813	817	0.000052
813	818	0.000113
813	819	0.000445
813	820	0.000982
813	821	0.000359
813	822	0.000013
813	828	0.000488
814	818	0.000359
814	819	0.000768
814	820	0.000310
814	821	0.000016
814	827	0.000487
815	826	0.000447
816	820	0.000001
816	821	0.000004
816	828	0.000012
816	831	0.000002
817	823	0.000016
817	824	0.000349
817	826	0.000003
817	830	0.000002
818	825	0.000003
818	826	0.000033
819	825	0.000041
820	824	0.000040
820	825	0.000001
820	830	0.000002
821	830	0.000013
822	830	0.000964
823	827	0.000023
823	829	0.001006
824	829	0.000057
825	829	0.000101
825	831	0.000194
826	831	0.000362
827	832	0.000016
827	833	0.000049
828	832	0.000056
828	834	0.000004
829	833	0.000005
835	844	0.000003
836	843	0.000003
837	848	0.000002
838	847	0.000002
838	872	0.000002
839	846	0.000002
839	871	0.000001
839	872	0.000003
840	869	0.000004
841	850	0.000002
841	856	0.000003
841	866	0.000105
841	871	0.003339
841	872	0.000002
842	848	0.000001
842	855	0.000006
842	863	0.000002
842	864	0.000004
842	865	0.000267
842	867	0.000006
842	868	0.000003
842	870	0.007292
843	869	0.007956
844	869	0.001777
845	849	0.000043
845	850	0.000153
845	851	0.000124
845	852	0.000200
845	853	0.000075
845	854	0.000103
845	856	0.000018
845	860	0.002735
845	866	0.000447
845	869	0.037472
845	871	0.000090
845	872	0.000015
846	857	0.000023
846	858	0.001399
846	859	0.003416
846	861	0.000219
846	862	0.370339
846	863	0.001958
846	864	0.000632
846	867	0.000375
846	868	0.053274
847	857	0.001830
847	858	0.003336
847	859	0.000214
847	861	0.490051
847	862	0.001649
847	863	0.000572
847	864	0.000157
847	867	0.056499
847	868	0.000378
848	852	0.000063
848	853	0.000233
848	854	0.000146
848	856	0.001803
848	860	0.508727
848	866	0.052863
848	869	0.001064
848	871	0.000019
848	872	0.000006
849	857	0.000083
849	858	0.001227
849	859	0.508814
849	861	0.000171
849	862	0.000482
849	863	0.001551
849	864	0.028421
849	867	0.000059
849	868	0.001338
850	857	0.001502
850	858	0.497114
850	859	0.008093
850	861	0.000539
850	862	0.001909
850	863	0.031754
850	864	0.032738
850	867	0.001154
850	868	0.000202
851	857	0.415442
851	858	0.010028
851	859	0.003148
851	861	0.001691
851	862	0.032221
851	863	0.036708
851	864	0.014623
851	867	0.000174
851	868	0.000155
852	857	0.008198
852	858	0.003595
852	859	0.002427
852	861	0.030436
852	862	0.036094
852	863	0.018110
852	864	0.001362
852	867	0.000137
852	868	0.000154
853	857	0.002283
853	858	0.002219
853	859	0.001873
853	861	0.030942
853	862	0.018913
853	863	0.001598
853	864	0.000742
853	867	0.000139
853	868	0.000126
854	858	0.001267
854	859	0.001717
854	861	0.014044
854	862	0.001396
854	863	0.000819
854	864	0.000055
854	867	0.000110
854	868	0.000028
855	869	0.010074
856	861	0.000151
856	862	0.000473
856	863	0.000603
856	864	0.000213
856	867	0.000523
856	868	0.009684
857	866	0.000687
857	869	0.000039
857	871	0.000065
857	872	0.000069
858	866	0.000642
858	869	0.000073
858	871	0.000109
858	872	0.000049
859	866	0.000268
859	869	0.001084
859	871	0.000079
859	872	0.000010
860	864	0.000100
860	867	0.000463
860	868	0.001294
861	866	0.000447
861	869	0.000122
861	871	0.000037
861	872	0.000184
862	866	0.000095
862	869	0.000409
862	871	0.000329
862	872	0.000115
863	869	0.000419
863	871	0.000234
863	872	0.000408
864	869	0.000124
864	871	0.000626
864	872	0.000033
865	869	0.000368
867	871	0.000095
867	872	0.000095
868	872	0.000036
