1	7	0.000018
1	8	0.000015
1	9	0.000003
1	12	0.000003
1	13	0.000002
1	15	0.000014
1	41	0.053021
1	67	0.000146
1	75	0.000220
1	76	0.000024
1	79	0.000003
1	112	0.011247
1	853	0.000012
1	854	0.000038
1	856	0.021277
1	860	0.679710
1	863	0.000038
1	872	0.000003
1	873	0.000005
1	874	0.000025
1	876	0.000003
1	877	0.000009
1	878	0.000024
1	879	0.000100
1	882	0.000083
1	883	0.000231
2	7	0.000052
2	8	0.000011
2	9	0.000002
2	11	0.000004
2	12	0.000003
2	14	0.000017
2	15	0.000005
2	30	0.000052
2	39	0.000044
2	40	0.070417
2	41	0.000418
2	42	0.001244
2	46	0.000122
2	50	0.000007
2	53	0.000002
2	62	0.000123
2	65	0.000011
2	66	0.000165
2	74	0.000290
2	75	0.000174
2	77	0.000011
2	107	0.000003
2	110	0.000050
2	111	0.014863
2	112	0.000271
2	113	0.000253
2	116	0.000002
2	117	0.000003
2	853	0.000043
2	854	0.000069
2	855	0.030637
2	856	0.008667
2	858	0.000305
2	859	0.769430
2	860	0.005121
2	863	0.000004
2	870	0.000198
2	872	0.000006
2	873	0.000025
2	874	0.000083
2	876	0.000007
2	877	0.000026
2	878	0.000176
2	879	0.000157
2	880	0.011966
2	882	0.000213
2	883	0.000035
2	885	0.002523
3	7	0.000012
3	8	0.000010
3	9	0.000004
3	11	0.000003
3	13	0.000017
3	14	0.000007
3	29	0.000053
3	39	0.070440
3	40	0.000517
3	41	0.001006
3	42	0.011764
3	46	0.000009
3	50	0.000002
3	52	0.000002
3	61	0.000125
3	64	0.000011
3	65	0.000164
3	74	0.000191
3	75	0.000003
3	76	0.000012
3	77	0.000010
3	110	0.014706
3	111	0.000329
3	112	0.000144
3	113	0.000637
3	116	0.000004
3	853	0.000044
3	854	0.028256
3	855	0.014031
3	856	0.000016
3	858	0.768348
3	859	0.005511
3	860	0.000016
3	863	0.000002
3	870	0.000068
3	872	0.000011
3	873	0.000097
3	874	0.000045
3	876	0.000009
3	877	0.000165
3	878	0.000207
3	879	0.011110
3	880	0.005014
3	882	0.000021
3	883	0.000177
3	885	0.003300
4	8	0.000033
4	9	0.000023
4	12	0.000016
4	13	0.000007
4	28	0.000053
4	41	0.011355
4	60	0.000127
4	75	0.000012
4	76	0.000009
4	79	0.000008
4	112	0.000551
4	853	0.022999
4	854	0.012184
4	856	0.002980
4	860	0.000011
4	863	0.000004
4	872	0.000083
4	873	0.000041
4	874	0.000007
4	876	0.000125
4	877	0.000158
4	878	0.009357
4	879	0.004296
4	882	0.000161
4	883	0.001298
5	10	0.000012
5	27	0.000053
5	48	0.000008
5	56	0.000002
5	59	0.000128
5	71	0.000128
5	72	0.000005
5	78	0.000008
5	80	0.000014
5	114	0.000036
5	851	0.000140
5	857	0.585409
5	884	0.005461
6	26	0.000053
6	41	0.000195
6	55	0.000002
6	58	0.000117
6	75	0.000004
6	79	0.000014
6	112	0.000002
6	853	0.002255
6	854	0.000387
6	856	0.474879
6	860	0.000006
6	863	0.000033
6	872	0.000018
6	873	0.000004
6	874	0.000015
6	876	0.000514
6	877	0.000149
6	878	0.000061
6	879	0.000017
6	882	0.000234
6	883	0.004425
7	25	0.000049
7	37	0.000042
7	38	0.003455
7	43	0.000084
7	44	0.000087
7	45	0.000040
7	47	0.000011
7	48	0.000006
7	49	0.000016
7	51	0.000004
7	54	0.000002
7	57	0.000108
7	70	0.000001
7	73	0.000007
7	78	0.000013
7	108	0.000026
7	109	0.000049
7	115	0.000006
7	851	0.000004
7	852	0.002627
7	857	0.000049
7	861	0.000002
7	862	0.000035
7	864	0.000002
7	865	0.000007
7	866	0.000010
7	867	0.000011
7	868	0.000012
7	869	0.000016
7	871	0.000018
7	875	0.000457
7	881	0.000244
7	884	0.000010
7	886	0.000031
7	887	0.000074
8	22	0.000025
8	37	0.002237
8	38	0.709466
8	43	0.000057
8	44	0.000034
8	45	0.000005
8	47	0.000005
8	48	0.000014
8	49	0.000002
8	56	0.000027
8	73	0.000003
8	108	0.000028
8	109	0.000004
8	114	0.000004
8	115	0.000002
8	851	0.000060
8	852	0.000530
8	857	0.000008
8	861	0.000018
8	862	0.000002
8	864	0.000004
8	865	0.000009
8	866	0.000011
8	867	0.000011
8	868	0.000015
8	869	0.000002
8	871	0.000001
8	875	0.000007
8	881	0.000122
8	884	0.000004
8	886	0.000031
8	887	0.000072
9	19	0.000003
9	21	0.000031
9	37	0.955250
9	38	0.000330
9	43	0.000011
9	44	0.000001
9	47	0.000003
9	108	0.000002
9	851	0.000007
9	852	0.000237
9	857	0.000001
9	864	0.000004
9	865	0.000006
9	866	0.000006
9	867	0.000008
9	868	0.000001
9	881	0.000002
9	886	0.000106
9	887	0.000004
10	18	0.000003
10	20	0.000031
10	23	0.000002
10	36	0.999620
10	42	0.000003
10	885	0.000109
11	16	0.000006
11	35	0.999693
11	884	0.000107
12	19	0.000002
12	31	0.000004
12	34	0.991635
12	35	0.000003
13	31	0.000122
13	34	0.000106
13	37	0.000001
13	49	0.000005
14	35	0.000004
14	48	0.000006
15	31	0.914114
15	34	0.000006
15	47	0.000006
15	881	0.000007
16	28	0.000021
16	29	0.077120
16	30	0.917130
16	32	0.000048
16	33	0.000003
16	46	0.000005
16	880	0.000007
17	26	0.000064
17	28	0.533658
17	29	0.462620
17	879	0.000004
18	25	0.000136
18	27	0.988323
19	24	0.000099
19	26	0.987375
19	28	0.010478
20	25	0.983859
20	27	0.010729
21	26	0.008118
21	28	0.000001
21	29	0.000003
22	26	0.000008
22	28	0.000017
23	27	0.000017
24	37	0.000001
25	36	0.000001
25	872	0.000001
26	35	0.000001
26	37	0.000003
26	871	0.000001
27	36	0.000003
27	870	0.000001
28	35	0.000003
28	869	0.000001
29	34	0.000002
29	81	0.000001
29	868	0.000001
30	80	0.000004
31	79	0.000004
32	78	0.000004
33	861	0.000006
33	886	0.000001
34	41	0.000001
34	75	0.000010
34	860	0.000007
35	40	0.000001
35	74	0.000011
35	858	0.000029
35	859	0.000004
35	885	0.000109
36	857	0.000033
36	884	0.000110
37	41	0.000003
37	75	0.000045
37	76	0.000026
37	854	0.000003
37	856	0.000029
37	883	0.000105
38	58	0.000320
38	60	0.000001
38	75	0.000245
38	76	0.000019
38	83	0.000009
38	853	0.000005
38	854	0.000004
38	856	0.000003
38	878	0.000001
38	882	0.000074
38	883	0.000002
39	48	0.001921
39	57	0.000394
39	59	0.000002
39	68	0.000001
39	69	0.000548
39	71	0.000140
39	72	0.668679
39	81	0.000173
39	82	0.000017
39	103	0.000001
39	114	0.000020
39	857	0.000007
39	884	0.000013
40	48	0.020036
40	56	0.000396
40	57	0.000001
40	68	0.000554
40	69	0.000117
40	71	0.674736
40	72	0.000076
40	80	0.000173
40	81	0.000033
40	82	0.000018
40	102	0.000001
40	114	0.000055
40	857	0.000006
40	884	0.000012
41	45	0.000070
41	47	0.018566
41	48	0.000233
41	49	0.035256
41	51	0.000026
41	54	0.000001
41	57	0.000005
41	68	0.000083
41	69	0.003310
41	70	0.671056
41	71	0.000051
41	72	0.000028
41	73	0.000490
41	80	0.000009
41	81	0.000076
41	108	0.000002
41	109	0.000001
41	114	0.000001
41	115	0.000329
41	852	0.000008
41	861	0.000038
41	862	0.000045
41	864	0.000006
41	865	0.000002
41	881	0.000003
41	884	0.000001
41	886	0.000062
41	887	0.000003
42	48	0.041375
42	56	0.000013
42	59	0.000002
42	68	0.016981
42	69	0.651616
42	71	0.000047
42	72	0.000578
42	78	0.000088
42	80	0.000128
42	81	0.000002
42	114	0.000401
42	851	0.000008
42	857	0.000072
42	884	0.001352
43	55	0.000012
43	58	0.000002
43	61	0.000005
43	67	0.028313
43	75	0.000001
43	76	0.000007
43	79	0.000127
43	112	0.000007
43	853	0.000003
43	854	0.000019
43	856	0.000063
43	860	0.001323
43	863	0.000007
43	873	0.000003
43	874	0.000023
43	877	0.000004
43	878	0.000031
43	879	0.000049
43	882	0.000004
43	883	0.001334
44	60	0.000002
44	61	0.000227
44	67	0.013218
44	75	0.000008
44	76	0.000039
44	112	0.000014
44	853	0.000018
44	854	0.000018
44	856	0.000005
44	860	0.000222
44	863	0.000008
44	872	0.000003
44	873	0.000027
44	874	0.000007
44	876	0.000004
44	877	0.000034
44	878	0.000057
44	879	0.000021
44	882	0.001047
44	883	0.000050
45	58	0.000014
45	60	0.000313
45	61	0.000008
45	67	0.002268
45	75	0.000041
45	76	0.000012
45	79	0.000017
45	83	0.000001
45	112	0.000002
45	853	0.000015
45	854	0.000004
45	856	0.000003
45	860	0.000139
45	863	0.000011
45	872	0.000024
45	873	0.000007
45	874	0.000002
45	876	0.000026
45	877	0.000035
45	878	0.000020
45	879	0.000006
45	882	0.000043
45	883	0.000016
46	56	0.000140
46	57	0.000013
46	59	0.000320
46	68	0.095530
46	69	0.000002
46	71	0.000011
46	72	0.000045
46	78	0.000018
46	80	0.000003
46	81	0.000001
46	82	0.000002
46	84	0.000001
46	88	0.000005
46	114	0.000137
46	850	0.000002
46	851	0.000001
46	857	0.113412
46	884	0.000878
47	55	0.000141
47	58	0.000292
47	60	0.000069
47	61	0.000439
47	67	0.095747
47	75	0.003456
47	76	0.000005
47	79	0.000002
47	87	0.000009
47	112	0.000416
47	849	0.000002
47	853	0.000003
47	854	0.000008
47	856	0.115119
47	860	0.000442
47	874	0.000015
47	877	0.000002
47	878	0.000015
47	879	0.000068
47	882	0.000009
47	883	0.000800
48	52	0.000020
48	53	0.000090
48	55	0.000001
48	60	0.000281
48	61	0.438807
48	62	0.105072
48	64	0.001896
48	65	0.000748
48	66	0.084917
48	67	0.000001
48	74	0.003923
48	75	0.000008
48	76	0.000005
48	77	0.000011
48	86	0.000009
48	110	0.000027
48	111	0.000463
48	112	0.000003
48	113	0.000665
48	848	0.000002
48	853	0.000005
48	854	0.000028
48	855	0.115627
48	856	0.000002
48	858	0.000052
48	859	0.000488
48	860	0.000002
48	870	0.000010
48	873	0.000017
48	874	0.000006
48	877	0.000017
48	878	0.000074
48	879	0.000023
48	880	0.000884
48	882	0.000336
48	883	0.000013
48	885	0.000397
49	55	0.000007
49	58	0.000256
49	60	0.610169
49	61	0.053119
49	75	0.000009
49	76	0.000011
49	83	0.000630
49	112	0.000570
49	847	0.000001
49	853	0.000194
49	854	0.097455
49	856	0.000003
49	860	0.000001
49	872	0.000014
49	873	0.000006
49	876	0.000013
49	877	0.000053
49	878	0.000023
49	879	0.000756
49	882	0.000014
49	883	0.000006
50	56	0.000226
50	57	0.000274
50	59	0.667650
50	68	0.000032
50	69	0.000002
50	71	0.010308
50	72	0.004650
50	80	0.000225
50	81	0.000017
50	82	0.000881
50	84	0.000111
50	114	0.000084
50	851	0.000031
50	857	0.000494
50	884	0.000594
51	55	0.000152
51	58	0.665847
51	60	0.000544
51	61	0.000008
51	67	0.000029
51	75	0.000002
51	79	0.000228
51	83	0.000116
51	112	0.000003
51	853	0.000709
51	854	0.000012
51	856	0.000390
51	876	0.000001
51	877	0.000016
51	878	0.000009
51	879	0.000004
51	882	0.000004
51	883	0.000465
52	56	0.000425
52	57	0.659410
52	59	0.000562
52	68	0.000020
52	69	0.038737
52	71	0.000009
52	72	0.000024
52	78	0.000224
52	80	0.000005
52	81	0.278207
52	82	0.000082
52	851	0.000821
52	884	0.000002
53	57	0.000447
53	59	0.000113
53	68	0.041613
53	69	0.000050
53	71	0.000024
53	78	0.000002
53	80	0.279424
53	81	0.000046
53	114	0.000007
53	850	0.000820
53	884	0.000002
54	58	0.000079
54	60	0.000024
54	61	0.000015
54	67	0.040984
54	76	0.000025
54	79	0.279328
54	849	0.000782
54	853	0.000006
54	872	0.000001
54	876	0.000005
54	882	0.000007
54	883	0.000001
55	59	0.000022
55	63	0.000070
55	68	0.000008
55	69	0.000005
55	78	0.278675
55	852	0.000006
55	871	0.000001
55	875	0.000005
55	881	0.000008
56	62	0.000074
56	64	0.000011
56	65	0.045229
56	66	0.001707
56	67	0.000008
56	74	0.000007
56	75	0.004695
56	76	0.000009
56	77	0.275526
56	111	0.000030
56	848	0.000814
56	859	0.000015
56	870	0.000001
56	873	0.000024
56	874	0.000003
56	880	0.000008
57	61	0.000031
57	62	0.000011
57	64	0.045325
57	65	0.001663
57	66	0.000010
57	74	0.009921
57	75	0.000169
57	76	0.196935
57	77	0.000024
57	110	0.000030
57	847	0.000815
57	858	0.000015
57	872	0.000035
57	873	0.000002
57	879	0.000002
58	63	0.039703
58	72	0.000282
58	73	0.010238
58	108	0.000010
58	109	0.000020
58	846	0.000817
58	857	0.000014
58	871	0.000038
59	64	0.000818
59	65	0.000004
59	66	0.000002
59	74	0.270274
59	75	0.000012
59	86	0.000006
59	107	0.000019
59	845	0.000817
59	856	0.000002
59	870	0.000038
60	70	0.000571
60	71	0.010386
60	72	0.000008
60	73	0.270104
60	85	0.000003
60	106	0.000016
60	844	0.000816
60	869	0.000037
61	68	0.000003
61	69	0.000668
61	70	0.010918
61	71	0.000011
61	72	0.268462
61	73	0.000344
61	81	0.000007
61	85	0.000415
61	843	0.000816
61	868	0.000031
62	68	0.003215
62	69	0.011006
62	71	0.267767
62	72	0.000633
62	80	0.000026
62	84	0.002987
62	842	0.000816
62	884	0.000002
63	67	0.002179
63	75	0.000002
63	79	0.000026
63	83	0.003119
63	840	0.000001
63	841	0.000645
63	883	0.000002
64	68	0.007474
64	69	0.021317
64	71	0.000234
64	72	0.001015
64	78	0.000026
64	81	0.000173
64	82	0.003179
64	122	0.000002
64	837	0.000030
64	884	0.000002
65	69	0.000941
65	71	0.001034
65	72	0.001527
65	80	0.000173
65	81	0.003295
65	120	0.000051
65	128	0.000002
65	836	0.000030
66	71	0.001537
66	72	0.000031
66	78	0.000007
66	80	0.003293
66	81	0.000002
66	119	0.000052
66	128	0.000703
66	835	0.000029
67	71	0.000026
67	72	0.000002
67	73	0.000002
67	78	0.001807
67	80	0.000002
67	115	0.000078
67	118	0.000052
67	127	0.000720
67	834	0.000024
67	857	0.000003
67	861	0.000012
67	864	0.000001
67	881	0.000016
67	886	0.000008
68	74	0.000050
68	75	0.000027
68	77	0.002058
68	79	0.000004
68	117	0.000052
68	855	0.000003
68	856	0.000013
68	858	0.000042
68	859	0.000421
68	860	0.000010
68	863	0.000002
68	880	0.000021
68	885	0.000010
69	74	0.000036
69	75	0.000002
69	76	0.001950
69	77	0.001356
69	79	0.000001
69	113	0.000369
69	116	0.000052
69	125	0.000761
69	854	0.000003
69	855	0.000019
69	858	0.000421
69	859	0.000010
69	879	0.000020
69	880	0.000013
70	75	0.001700
70	76	0.001319
70	79	0.000014
70	112	0.000385
70	124	0.000762
70	853	0.000003
70	854	0.000019
70	856	0.000543
70	860	0.001009
70	878	0.000018
70	879	0.000013
70	883	0.000009
71	75	0.000614
71	76	0.000005
71	77	0.000027
71	111	0.000387
71	117	0.000004
71	123	0.000762
71	853	0.000011
71	855	0.000593
71	856	0.000260
71	858	0.000001
71	859	0.001078
71	860	0.000005
71	877	0.000011
71	878	0.000012
71	880	0.000018
71	882	0.000006
71	885	0.000003
72	76	0.000013
72	77	0.000039
72	110	0.000381
72	113	0.000010
72	116	0.000007
72	854	0.000549
72	855	0.000353
72	858	0.001073
72	859	0.000006
72	876	0.000003
72	877	0.000010
72	879	0.000017
72	880	0.000019
72	885	0.000003
73	79	0.000233
73	83	0.000005
73	112	0.000010
73	121	0.000756
73	853	0.000455
73	854	0.000312
73	856	0.000019
73	876	0.000007
73	878	0.000015
73	879	0.000017
73	883	0.000003
74	78	0.000241
74	80	0.000202
74	81	0.001039
74	82	0.000007
74	114	0.000043
74	119	0.000004
74	120	0.000758
74	851	0.000003
74	857	0.000361
74	884	0.000014
75	80	0.000992
75	81	0.000010
75	108	0.000001
75	109	0.000007
75	114	0.000008
75	115	0.001341
75	118	0.000007
75	119	0.000741
75	852	0.000031
75	857	0.000002
75	886	0.000002
75	887	0.000002
76	80	0.000006
76	81	0.000002
76	108	0.000010
76	114	0.000097
76	115	0.602610
76	118	0.000114
76	852	0.000003
77	81	0.000009
77	114	0.706834
78	110	0.001090
78	111	0.000228
78	112	0.000049
78	113	0.706677
78	116	0.000045
78	858	0.000016
78	882	0.000006
78	885	0.000003
79	108	0.000006
79	109	0.001113
79	114	0.000068
79	115	0.000044
79	857	0.000016
79	861	0.000002
79	881	0.000007
79	884	0.000003
80	107	0.000004
80	110	0.003823
80	111	0.683680
80	112	0.013239
80	113	0.000150
80	855	0.000001
80	856	0.000016
80	859	0.000005
80	860	0.000002
80	880	0.000007
80	883	0.000001
81	107	0.000032
81	110	0.678289
81	111	0.014974
81	112	0.000073
81	113	0.000028
81	855	0.000017
81	858	0.000005
81	859	0.000002
81	879	0.000005
82	107	0.962065
82	110	0.013905
82	111	0.000041
82	112	0.000002
82	113	0.000004
82	858	0.000002
83	106	0.979114
83	108	0.001564
83	109	0.010264
83	857	0.000001
84	104	0.000004
84	105	0.992812
84	107	0.002167
85	104	0.998186
85	105	0.000107
86	102	0.000001
86	103	0.999729
87	102	0.998265
88	101	0.999921
89	100	0.999987
90	99	0.999959
91	97	0.000081
91	98	0.999654
91	101	0.000001
91	859	0.000003
92	97	0.987340
92	98	0.000004
92	100	0.000001
92	858	0.000003
93	99	0.000001
93	857	0.000003
94	856	0.000003
95	855	0.000003
96	854	0.000003
98	114	0.000002
99	113	0.000002
102	107	0.000001
102	111	0.000202
103	110	0.000203
104	109	0.000174
104	115	0.000003
105	109	0.000001
105	114	0.000007
105	115	0.000003
106	112	0.000002
107	114	0.000145
107	857	0.000009
108	112	0.000089
108	853	0.000003
108	854	0.000011
108	856	0.000014
108	860	0.000017
108	883	0.000001
109	121	0.000002
109	853	0.000013
109	854	0.000006
109	856	0.000022
109	860	0.000009
109	882	0.000001
110	114	0.000790
110	120	0.000002
110	851	0.000003
110	857	0.000629
110	884	0.000001
111	119	0.000002
111	128	0.000002
111	850	0.000003
111	851	0.000004
111	857	0.001638
111	884	0.000001
112	118	0.000002
112	127	0.000002
112	852	0.000213
112	857	0.000225
112	886	0.000001
113	126	0.000002
113	851	0.000085
113	857	0.000392
113	884	0.000016
114	125	0.000002
114	853	0.001931
114	854	0.016917
114	855	0.050051
114	856	0.000094
114	858	0.000004
114	859	0.000003
114	880	0.000042
114	883	0.000015
114	885	0.000006
115	124	0.000002
115	853	0.023569
115	854	0.044340
115	856	0.000053
115	879	0.000036
115	882	0.000013
116	850	0.000022
116	851	0.990030
117	122	0.000001
117	850	0.999041
117	851	0.000020
118	849	0.998679
119	848	0.999037
120	847	0.997854
120	848	0.000002
121	130	0.000037
121	846	0.998664
122	129	0.000046
122	845	0.999164
123	128	0.000046
123	844	0.999163
124	843	0.998879
125	842	0.999067
126	626	0.000001
126	698	0.000003
126	702	0.000001
126	736	0.000002
126	839	0.000020
126	840	0.000009
126	841	0.995747
127	622	0.000004
127	701	0.000001
127	735	0.000002
127	840	0.994022
127	841	0.000051
128	622	0.000008
128	626	0.000001
128	676	0.000013
128	696	0.000236
128	734	0.000002
128	838	0.004570
128	839	0.966386
128	840	0.000040
129	623	0.574161
129	625	0.000003
129	675	0.000015
129	695	0.000249
129	710	0.000001
129	785	0.000001
129	791	0.000018
129	832	0.000002
129	835	0.000004
129	836	0.000024
129	837	0.008639
130	622	0.570870
130	694	0.000222
130	790	0.000015
130	831	0.000001
130	840	0.000002
131	619	0.000005
131	620	0.997035
131	622	0.000001
131	693	0.000061
131	838	0.000002
132	618	0.000002
132	619	0.999939
132	620	0.000035
133	618	0.999971
133	619	0.000018
134	617	0.999938
135	615	0.000141
135	616	0.998339
136	614	0.000144
136	615	0.999831
137	613	0.000147
137	614	0.999841
138	611	0.000189
138	613	0.999787
139	609	0.000412
139	610	0.000255
139	612	0.998748
140	608	0.001937
140	611	0.995177
142	607	0.982147
142	608	0.014479
143	606	0.999947
143	609	0.000002
144	605	0.999509
145	604	0.999981
146	603	0.999991
147	602	0.999977
148	601	0.999512
149	600	0.999970
150	598	0.000001
150	599	0.999033
151	598	0.998869
152	597	0.999980
153	594	0.000003
153	596	0.999404
154	593	0.000008
155	592	0.000001
155	593	0.000706
156	592	0.000355
156	593	0.993424
157	592	0.998384
157	593	0.000026
158	591	0.999978
159	590	0.999977
160	589	0.999698
161	588	0.999936
162	586	0.000025
162	587	0.999523
163	527	0.000021
163	585	0.000050
163	586	0.998905
163	587	0.000401
164	170	0.000001
164	524	0.000064
164	527	0.015636
164	584	0.000037
164	585	0.958282
164	586	0.000799
164	587	0.000001
165	170	0.000007
165	175	0.000001
165	523	0.000087
165	524	0.000389
165	527	0.405550
165	583	0.000014
165	584	0.195070
165	585	0.001040
165	586	0.000001
166	174	0.000001
166	522	0.000089
166	525	0.658795
166	526	0.217105
166	528	0.000047
167	173	0.000001
167	523	0.000016
167	524	0.959469
167	527	0.000137
167	581	0.000029
167	582	0.000004
167	583	0.000023
168	172	0.000001
168	523	0.805062
168	580	0.000030
169	523	0.003207
169	524	0.000321
169	527	0.000016
169	579	0.000028
170	521	0.980606
170	578	0.000027
171	520	0.999847
172	519	0.999737
173	518	0.999948
174	517	0.997050
175	516	0.751857
175	518	0.000005
176	515	0.506326
176	516	0.248004
177	514	0.260668
177	515	0.493605
178	514	0.739132
179	513	0.983946
180	510	0.000022
180	511	0.002283
180	512	0.983967
181	509	0.000003
181	513	0.000009
182	509	0.000010
182	513	0.000002
183	509	0.999569
184	508	0.999486
185	507	0.999980
186	506	0.999938
187	504	0.000003
187	505	0.998459
188	503	0.000002
188	504	0.999896
189	503	0.989627
190	501	0.000036
190	502	0.740932
191	502	0.170821
192	500	0.000090
192	503	0.000034
193	499	0.000032
193	501	0.903826
193	502	0.000025
194	500	0.999783
195	498	0.000004
195	499	0.999944
196	498	0.998464
197	497	0.999858
198	496	0.999741
199	495	0.999985
200	494	0.999957
201	493	0.999932
202	491	0.000001
202	492	0.999940
202	493	0.000024
203	491	0.999805
203	492	0.000048
204	488	0.000364
204	491	0.000072
205	487	0.000363
206	487	0.000022
206	488	0.991107
207	487	0.971029
208	487	0.001190
209	485	0.991913
210	483	0.000001
210	484	0.998179
211	483	0.999978
212	482	0.999991
213	479	0.000001
213	481	0.999975
214	478	0.000006
214	479	0.000002
214	480	0.999566
215	477	0.000008
215	479	0.997920
218	476	0.928328
220	474	0.000006
220	475	0.991153
220	477	0.000001
220	478	0.000005
221	474	0.999815
221	477	0.000004
222	473	0.999935
222	476	0.000001
223	472	0.999432
224	471	0.997579
225	469	0.000639
225	470	0.948951
226	466	0.000001
226	467	0.000019
226	468	0.000890
227	466	0.000019
227	467	0.000522
227	468	0.951221
228	467	0.989703
229	469	0.000002
230	465	0.981588
230	466	0.000952
231	464	0.999852
232	462	0.000001
232	463	0.999012
233	462	0.998626
233	463	0.000001
234	461	0.999322
235	460	0.998642
236	459	0.999851
236	460	0.000002
237	458	0.999162
238	456	0.000001
238	457	0.998121
239	456	0.999263
239	457	0.000001
240	455	0.999984
241	454	0.999970
242	453	0.999129
243	452	0.997045
243	454	0.000005
244	451	0.974474
244	453	0.000211
245	452	0.000412
246	448	0.000005
246	449	0.000045
246	450	0.997878
246	451	0.000054
247	449	0.997790
247	451	0.000046
248	448	0.979791
248	449	0.001272
248	450	0.000064
249	446	0.002001
249	448	0.003340
249	449	0.000015
250	446	0.966623
250	448	0.000003
251	444	0.000002
251	445	0.999979
252	444	0.999975
253	443	0.999510
254	442	0.999954
255	440	0.000022
255	441	0.999702
256	440	0.999600
257	438	0.998894
257	440	0.000001
258	437	0.999953
259	436	0.999980
260	435	0.999582
261	407	0.000002
261	434	0.999956
262	433	0.999095
263	403	0.000190
263	405	0.000850
263	406	0.000061
263	429	0.000152
263	430	0.000003
263	431	0.000024
263	432	0.996974
264	402	0.000375
264	404	0.005795
264	405	0.000396
264	406	0.000064
264	428	0.000194
264	431	0.990222
265	399	0.000001
265	401	0.000468
265	409	0.000006
265	410	0.000005
266	273	0.000042
266	278	0.000001
266	290	0.000005
266	399	0.000002
266	401	0.001019
266	407	0.001790
266	409	0.000014
266	410	0.000011
267	277	0.000001
267	289	0.000005
267	295	0.000012
267	376	0.000004
267	399	0.000009
267	401	0.911214
267	409	0.000021
268	274	0.000020
268	276	0.000001
268	291	0.000048
268	292	0.000002
268	293	0.000019
268	294	0.000015
268	375	0.000005
268	400	0.975019
268	402	0.000017
268	403	0.000018
268	404	0.000009
268	405	0.000006
268	406	0.000003
268	408	0.000024
268	427	0.000108
268	428	0.000008
268	429	0.000048
268	430	0.000013
269	273	0.000024
269	290	0.000058
269	374	0.000005
269	398	0.000161
269	399	0.995614
269	401	0.000003
269	407	0.000021
270	289	0.000055
270	290	0.000023
270	397	0.000155
270	398	0.998686
270	399	0.000001
271	288	0.000012
271	289	0.000018
271	290	0.000137
271	396	0.000148
271	397	0.998722
272	287	0.000005
272	288	0.000002
272	289	0.000134
272	290	0.000093
272	396	0.998724
273	394	0.000668
273	395	0.990774
274	288	0.000500
275	287	0.000548
275	393	0.982342
276	286	0.000553
276	392	0.998859
277	285	0.000553
277	391	0.998069
278	284	0.000553
278	390	0.999179
278	391	0.000002
279	389	0.999372
280	387	0.000021
280	388	0.997933
281	383	0.000003
281	384	0.000030
281	386	0.000032
281	387	0.992665
281	388	0.000131
281	389	0.000004
282	383	0.000037
282	384	0.000025
282	386	0.963103
282	387	0.000425
282	388	0.000005
283	383	0.000045
283	384	0.000535
283	386	0.000726
283	387	0.000011
284	380	0.000646
284	383	0.000305
284	384	0.937087
284	386	0.000005
285	379	0.000649
285	383	0.995185
285	384	0.000094
286	378	0.000643
286	381	0.000207
286	382	0.997104
287	377	0.000640
287	381	0.995807
288	373	0.000001
288	375	0.000004
288	377	0.000027
288	378	0.000906
288	381	0.000030
289	372	0.000001
289	375	0.000041
289	377	0.000613
289	378	0.982133
290	377	0.992786
291	376	0.956330
291	379	0.000006
292	376	0.003657
293	370	0.000042
293	374	0.554974
293	376	0.000037
293	380	0.000007
294	369	0.000043
294	374	0.042123
294	376	0.000017
294	379	0.000006
295	368	0.000042
295	371	0.923996
295	372	0.006514
295	373	0.021079
295	375	0.000013
295	378	0.000003
296	367	0.000037
296	370	0.999602
296	374	0.000003
297	367	0.000006
297	369	0.999928
297	370	0.000006
298	366	0.000011
298	368	0.999519
299	367	0.999547
300	365	0.479318
300	366	0.514315
301	364	0.963559
302	363	0.999933
302	365	0.000005
303	362	0.999986
303	363	0.000003
304	361	0.999988
304	362	0.000002
305	360	0.999956
305	361	0.000001
306	359	0.999917
307	358	0.999743
308	357	0.999939
309	356	0.999938
310	355	0.999499
311	354	0.999192
312	353	0.999964
313	352	0.999731
314	351	0.999948
315	329	0.000020
315	350	0.999712
316	328	0.000078
316	349	0.939191
316	352	0.000012
317	327	0.000106
317	343	0.026809
317	351	0.000029
318	326	0.000106
318	329	0.000047
318	342	0.026825
318	350	0.000035
319	328	0.000047
319	341	0.026720
319	349	0.000053
320	324	0.000002
320	325	0.000002
320	327	0.000046
320	337	0.000001
320	340	0.025608
320	343	0.000001
320	344	0.000292
320	345	0.835207
321	326	0.000028
321	335	0.000001
321	337	0.000136
321	340	0.000034
321	343	0.000169
321	344	0.954147
321	345	0.001984
322	330	0.000007
322	335	0.000001
322	337	0.000584
322	340	0.000005
322	342	0.000022
322	343	0.964528
322	344	0.002125
322	345	0.000001
323	329	0.000008
323	335	0.001532
323	342	0.968378
323	343	0.001805
323	350	0.000004
324	328	0.000005
324	334	0.000772
324	339	0.000006
324	341	0.942049
324	349	0.000011
325	334	0.023646
325	339	0.002514
325	341	0.000420
325	349	0.000890
326	332	0.000011
326	333	0.024751
326	334	0.000076
326	336	0.000001
326	338	0.002168
326	339	0.938833
326	341	0.000001
326	347	0.000289
326	348	0.001793
326	349	0.000004
327	331	0.000005
327	332	0.024617
327	333	0.000076
327	336	0.001646
327	338	0.970462
327	339	0.000007
327	346	0.000294
327	347	0.001788
327	348	0.000007
328	335	0.001594
328	337	0.970489
328	345	0.000273
329	333	0.000025
329	334	0.000619
329	336	0.965571
329	338	0.000003
329	346	0.001682
329	347	0.000002
329	348	0.000002
330	334	0.005337
331	335	0.006244
331	344	0.002174
331	345	0.000003
332	343	0.002254
333	342	0.002253
334	340	0.000018
335	339	0.000014
335	341	0.000001
336	342	0.000001
342	348	0.000011
343	347	0.000011
343	348	0.000003
344	349	0.000002
374	394	0.000003
376	394	0.000269
377	393	0.000552
378	392	0.000553
379	391	0.000553
380	390	0.000554
380	394	0.000002
381	389	0.000554
381	393	0.000002
382	387	0.000001
382	388	0.000541
382	392	0.000002
383	391	0.000002
384	390	0.000002
394	407	0.000002
394	409	0.000002
395	407	0.001103
396	406	0.001109
397	405	0.001110
398	404	0.001110
398	405	0.000004
399	403	0.000902
399	404	0.000008
399	405	0.000005
399	406	0.000004
399	408	0.000002
400	409	0.002719
400	410	0.000002
401	405	0.000025
401	406	0.000245
401	408	0.011036
401	428	0.000002
401	429	0.000003
401	430	0.000019
402	407	0.045685
402	409	0.000101
402	410	0.001185
402	415	0.000001
402	419	0.000016
402	422	0.000003
402	434	0.000004
403	409	0.001987
403	410	0.000745
403	415	0.000092
403	418	0.000016
403	433	0.000005
404	409	0.001311
404	410	0.000048
404	413	0.000009
404	417	0.000016
404	419	0.000023
404	433	0.000001
405	409	0.000106
405	410	0.000053
405	412	0.000009
405	413	0.000168
405	418	0.000023
405	433	0.000001
406	410	0.000015
406	412	0.000168
406	415	0.000015
406	417	0.000024
407	411	0.000166
407	414	0.000015
407	416	0.000024
407	428	0.183399
407	431	0.000226
408	415	0.000023
409	414	0.000020
409	426	0.000481
409	427	0.765402
409	428	0.000690
409	429	0.000504
409	430	0.000202
410	426	0.962647
410	427	0.000752
410	428	0.000209
410	429	0.000064
410	430	0.000008
411	425	0.999683
412	424	0.999774
413	420	0.000001
413	423	0.999739
414	419	0.000006
414	422	0.999502
414	425	0.000008
415	420	0.000569
415	421	0.990051
415	423	0.000002
415	424	0.000008
415	426	0.000021
416	422	0.000021
416	425	0.000036
417	421	0.000025
417	424	0.000035
417	430	0.000081
418	423	0.000020
418	429	0.000107
419	424	0.000001
419	428	0.000110
420	425	0.000002
422	428	0.000004
521	527	0.000008
522	532	0.000002
523	528	0.000002
523	531	0.000002
524	528	0.000002
524	530	0.000002
526	532	0.000002
527	531	0.000002
527	537	0.001013
527	538	0.000236
528	536	0.001034
528	582	0.000127
528	583	0.054598
528	584	0.747623
528	585	0.034635
528	586	0.000021
529	535	0.001031
529	536	0.000266
529	581	0.000128
529	582	0.054480
529	583	0.886302
529	584	0.052674
529	585	0.000037
530	535	0.000268
530	580	0.000054
530	581	0.053915
530	582	0.887274
530	583	0.056639
530	584	0.000046
531	579	0.000010
531	580	0.020268
531	581	0.886344
531	582	0.056603
531	583	0.000047
533	579	0.004995
533	580	0.842064
533	581	0.003924
534	579	0.979543
534	580	0.002030
535	576	0.000009
535	577	0.007756
535	578	0.990681
536	576	0.007919
536	577	0.989285
536	578	0.000054
537	575	0.003316
537	583	0.000001
538	573	0.000004
538	575	0.113994
538	582	0.000001
539	572	0.000004
539	573	0.000002
539	575	0.880123
540	571	0.000003
540	574	0.990905
541	573	0.999942
542	572	0.999979
543	571	0.992492
544	569	0.000550
545	569	0.981578
546	567	0.000003
546	568	0.997960
546	571	0.000001
547	567	0.998669
547	568	0.000007
547	570	0.000018
548	566	0.999273
548	569	0.000018
549	567	0.000009
549	568	0.000015
550	565	0.999772
550	566	0.000006
551	564	0.999959
552	563	0.999918
553	560	0.000001
553	562	0.999651
554	560	0.000010
554	561	0.999205
554	563	0.000020
555	559	0.000509
555	560	0.873915
555	562	0.000029
556	560	0.000117
556	561	0.000045
557	561	0.000001
576	581	0.000004
576	582	0.000096
576	583	0.000751
576	584	0.000217
576	585	0.000004
577	581	0.000093
577	582	0.000749
577	583	0.000297
577	584	0.000007
578	582	0.000288
578	583	0.000008
621	701	0.000010
621	704	0.001355
621	707	0.000001
621	786	0.000013
621	831	0.000002
622	675	0.000005
622	679	0.000002
622	697	0.000006
622	700	0.000012
622	703	0.001679
622	731	0.000003
622	737	0.000058
622	785	0.000015
622	830	0.000002
623	674	0.000022
623	676	0.002810
623	677	0.000395
623	678	0.000030
623	696	0.000008
623	698	0.000006
623	699	0.000010
623	702	0.001785
623	705	0.000023
623	706	0.000003
623	730	0.000004
623	734	0.000008
623	736	0.000077
623	784	0.000016
623	787	0.000007
623	829	0.000002
623	838	0.000003
623	839	0.000005
624	699	0.000002
624	701	0.001563
624	704	0.000021
624	733	0.000007
624	735	0.000069
624	786	0.000006
624	828	0.000002
625	674	0.997372
625	676	0.000008
625	734	0.000008
626	673	0.999852
626	675	0.000008
627	672	0.999405
627	675	0.000001
627	731	0.000002
628	670	0.000003
628	671	0.999327
628	674	0.000040
628	696	0.000001
628	730	0.000002
629	669	0.000005
629	673	0.000040
629	729	0.000002
630	668	0.000003
630	670	0.999772
630	671	0.000002
631	667	0.000002
631	669	0.999956
632	668	0.999961
633	667	0.999978
634	666	0.999509
635	664	0.000002
635	665	0.999963
636	664	0.996561
636	665	0.000003
638	661	0.000002
638	662	0.972159
638	664	0.000003
640	661	0.999345
640	662	0.000094
641	660	0.999956
642	659	0.999957
643	658	0.999990
644	657	0.999985
645	656	0.999500
646	655	0.999191
647	653	0.000037
647	654	0.999889
648	653	0.990948
648	654	0.000013
672	699	0.000005
673	696	0.000032
673	698	0.000007
673	839	0.000002
674	695	0.000036
675	693	0.000203
675	694	0.000073
675	696	0.044722
675	698	0.000010
675	712	0.000001
675	730	0.000004
675	783	0.000002
675	786	0.000002
675	838	0.935125
675	839	0.000091
676	691	0.000007
676	695	0.044755
676	710	0.000006
676	729	0.000003
676	782	0.000002
676	785	0.000002
676	824	0.000014
676	836	0.000021
676	837	0.938975
677	691	0.000058
677	695	0.000037
677	710	0.000017
677	781	0.000001
677	823	0.000014
677	835	0.000023
677	836	0.939018
677	837	0.000010
678	687	0.000003
678	691	0.061677
678	695	0.000017
678	710	0.000004
678	713	0.000001
678	785	0.000008
678	791	0.000001
678	822	0.000014
678	832	0.000003
678	835	0.934300
678	836	0.000015
679	686	0.000004
679	688	0.000001
679	689	0.000014
679	690	0.067885
679	693	0.000011
679	694	0.000036
679	696	0.000007
679	698	0.000003
679	699	0.000003
679	702	0.000014
679	704	0.000003
679	705	0.000006
679	706	0.025479
679	707	0.000005
679	712	0.000002
679	717	0.000009
679	735	0.000027
679	736	0.000004
679	784	0.000013
679	788	0.000004
679	800	0.000001
679	831	0.000027
680	688	0.000008
680	689	0.068864
680	693	0.000038
680	698	0.000004
680	701	0.000010
680	702	0.000696
680	704	0.000003
680	705	0.025574
680	706	0.000004
680	716	0.000009
680	734	0.000035
680	783	0.000012
680	787	0.000004
680	799	0.000001
680	831	0.000157
681	686	0.000001
681	688	0.068424
681	694	0.000005
681	701	0.000695
681	704	0.025420
681	715	0.000009
681	733	0.000034
681	786	0.000004
681	798	0.000001
681	829	0.000003
681	831	0.019336
682	687	0.065859
682	691	0.000002
682	692	0.000043
682	700	0.000546
682	703	0.022157
682	709	0.000003
682	714	0.000009
682	732	0.000034
682	785	0.000004
682	830	0.010439
682	832	0.001526
682	833	0.000526
682	834	0.000037
683	687	0.000020
683	691	0.000046
683	692	0.000001
683	695	0.000003
683	697	0.000001
683	700	0.008299
683	703	0.000049
683	708	0.000003
683	713	0.000003
683	731	0.000028
683	791	0.000001
683	830	0.859318
683	832	0.000426
683	833	0.000014
684	690	0.000043
684	694	0.000003
684	699	0.009002
684	701	0.002214
684	707	0.000003
684	790	0.000001
684	828	0.000035
684	829	0.896225
684	831	0.000232
685	694	0.000002
685	699	0.000295
685	701	0.000815
685	704	0.000025
685	826	0.000001
685	828	0.901548
685	829	0.000009
685	831	0.000006
686	692	0.000002
686	695	0.000002
686	697	0.013998
686	700	0.000862
686	703	0.000070
686	713	0.000008
686	825	0.000002
686	827	0.902413
686	830	0.000005
687	693	0.000037
687	694	0.000002
687	696	0.014591
687	698	0.010779
687	699	0.000336
687	701	0.000008
687	702	0.000092
687	705	0.000004
687	706	0.000013
687	712	0.000133
687	727	0.000010
687	794	0.000001
687	826	0.902778
687	828	0.000001
687	829	0.000004
687	838	0.000002
688	692	0.000031
688	695	0.011623
688	697	0.010581
688	700	0.000010
688	711	0.000148
688	726	0.000011
688	792	0.000002
688	823	0.000004
688	824	0.000007
688	825	0.903105
688	827	0.000001
688	837	0.000002
689	695	0.008946
689	710	0.000162
689	725	0.000011
689	791	0.000002
689	822	0.000008
689	823	0.000610
689	824	0.901156
689	836	0.000002
690	695	0.000258
690	697	0.009216
690	700	0.000284
690	703	0.085832
690	708	0.000093
690	709	0.000176
690	710	0.000004
690	711	0.000005
690	724	0.000011
690	729	0.000001
690	731	0.000019
690	737	0.000763
690	785	0.000019
690	811	0.000049
690	821	0.000003
690	822	0.000678
690	823	0.685488
690	824	0.000016
690	835	0.000002
691	696	0.025091
691	698	0.009695
691	699	0.000557
691	701	0.000039
691	702	0.218922
691	704	0.000056
691	705	0.042212
691	706	0.009342
691	707	0.000168
691	712	0.000102
691	716	0.000649
691	717	0.000003
691	720	0.000007
691	723	0.000012
691	728	0.000008
691	730	0.000040
691	733	0.000002
691	734	0.013841
691	735	0.000003
691	736	0.002152
691	783	0.000022
691	784	0.000113
691	786	0.000003
691	787	0.175481
691	788	0.000011
691	789	0.000022
691	790	0.000124
691	794	0.000002
691	796	0.000002
691	798	0.000002
691	799	0.000040
691	803	0.000010
691	806	0.000002
691	807	0.001258
691	808	0.000400
691	809	0.000005
691	810	0.000121
691	812	0.000001
691	813	0.000002
691	818	0.000007
691	819	0.000003
691	829	0.000001
692	699	0.000894
692	701	0.211221
692	704	0.041347
692	707	0.000179
692	715	0.000662
692	719	0.000007
692	722	0.000012
692	727	0.000007
692	733	0.013511
692	735	0.002062
692	786	0.176083
692	788	0.000021
692	789	0.000121
692	790	0.000035
692	795	0.000002
692	796	0.000001
692	797	0.000002
692	798	0.000037
692	804	0.000004
692	806	0.001575
692	807	0.000278
692	809	0.000112
692	810	0.000008
692	819	0.000005
692	828	0.000001
693	710	0.004971
693	714	0.000667
693	725	0.000004
693	729	0.000002
693	785	0.175449
693	791	0.000002
693	805	0.001704
693	820	0.007316
693	821	0.003471
693	822	0.001844
693	823	0.003062
693	824	0.000014
693	832	0.000014
693	835	0.003485
693	836	0.000375
693	837	0.000021
694	700	0.010176
694	703	0.073074
694	708	0.000438
694	709	0.005095
694	710	0.000038
694	711	0.000060
694	713	0.000666
694	724	0.000004
694	729	0.000004
694	731	0.018207
694	732	0.000024
694	737	0.000249
694	785	0.000176
694	792	0.000002
694	793	0.000002
694	801	0.000019
694	802	0.000024
694	805	0.000007
694	811	0.000022
694	815	0.000009
694	816	0.000006
694	817	0.000013
694	820	0.003150
694	821	0.000496
694	822	0.003431
694	823	0.000032
694	824	0.000001
694	830	0.000007
694	832	0.000004
694	833	0.000067
694	834	0.002901
694	835	0.000376
694	836	0.000020
695	699	0.007496
695	701	0.000702
695	702	0.079695
695	704	0.000292
695	705	0.000564
695	706	0.001276
695	707	0.000454
695	712	0.000694
695	716	0.000005
695	717	0.000012
695	720	0.000001
695	723	0.000004
695	728	0.000007
695	730	0.019093
695	733	0.000001
695	734	0.000026
695	735	0.000002
695	736	0.000316
695	746	0.000016
695	783	0.092527
695	784	0.002627
695	786	0.000512
695	787	0.000217
695	788	0.000010
695	789	0.000003
695	790	0.000015
695	794	0.000007
695	795	0.000001
695	796	0.000001
695	797	0.000002
695	798	0.000002
695	799	0.000024
695	800	0.000018
695	803	0.000418
695	804	0.000006
695	806	0.000337
695	808	0.000015
695	809	0.000003
695	810	0.000021
695	812	0.000003
695	813	0.000003
695	814	0.000008
695	818	0.002672
695	819	0.001064
695	829	0.000008
695	831	0.000006
695	838	0.001227
696	710	0.000742
696	729	0.018050
696	745	0.000017
696	782	0.072815
696	785	0.000591
696	791	0.000061
696	805	0.000362
696	820	0.003895
696	821	0.000018
696	822	0.000362
696	823	0.000053
696	824	0.000001
696	832	0.005517
696	835	0.000005
696	836	0.000008
696	837	0.001225
697	701	0.001814
697	704	0.000955
697	707	0.000180
697	715	0.000062
697	727	0.000142
697	733	0.000009
697	735	0.000007
697	744	0.000017
697	786	0.000459
697	788	0.000001
697	789	0.000004
697	790	0.000079
697	795	0.000004
697	796	0.000006
697	797	0.000005
697	798	0.000007
697	800	0.000023
697	804	0.000316
697	806	0.000031
697	809	0.000003
697	810	0.000004
697	814	0.000009
697	819	0.003141
697	828	0.000006
697	829	0.000027
697	831	0.005445
698	710	0.007203
698	713	0.000006
698	714	0.000090
698	725	0.000002
698	729	0.000013
698	743	0.000017
698	780	0.000002
698	781	0.000088
698	782	0.000005
698	785	0.000500
698	791	0.000005
698	805	0.000034
698	820	0.000021
698	821	0.000112
698	822	0.000085
698	823	0.000083
698	824	0.000003
698	832	0.000212
698	835	0.000358
698	836	0.001380
698	837	0.000028
699	703	0.000314
699	708	0.008411
699	709	0.006620
699	710	0.000073
699	711	0.000043
699	713	0.000089
699	724	0.000002
699	726	0.000006
699	729	0.000008
699	731	0.000028
699	732	0.000015
699	737	0.000003
699	742	0.000016
699	779	0.000001
699	780	0.000009
699	785	0.000002
699	791	0.000011
699	792	0.000005
699	793	0.000081
699	801	0.000044
699	802	0.000022
699	805	0.000001
699	811	0.000047
699	815	0.000274
699	816	0.000034
699	817	0.000223
699	820	0.000112
699	821	0.000025
699	822	0.000076
699	823	0.000006
699	827	0.000925
699	830	0.003346
699	832	0.000137
699	833	0.000002
699	834	0.000345
699	835	0.001338
699	836	0.000027
700	704	0.000188
700	707	0.008952
700	715	0.000012
700	727	0.000384
700	733	0.000013
700	735	0.000001
700	741	0.000014
700	786	0.000009
700	788	0.000002
700	789	0.000006
700	790	0.000045
700	795	0.000012
700	796	0.000061
700	797	0.000098
700	798	0.000039
700	800	0.000044
700	804	0.000002
700	806	0.000001
700	807	0.000001
700	809	0.000004
700	810	0.000048
700	814	0.000263
700	819	0.000096
700	826	0.001007
700	828	0.002602
700	829	0.003473
700	831	0.000171
701	708	0.000526
701	709	0.000137
701	710	0.000065
701	711	0.019108
701	714	0.000017
701	726	0.000275
701	729	0.000099
701	731	0.000025
701	732	0.000013
701	737	0.000008
701	785	0.000009
701	792	0.009421
701	793	0.000042
701	802	0.000002
701	811	0.000006
701	815	0.000016
701	816	0.000008
701	817	0.000013
701	821	0.000014
701	822	0.000012
701	823	0.000023
701	824	0.000001
701	825	0.001020
701	827	0.002594
701	830	0.000170
701	832	0.000001
701	833	0.001852
701	834	0.000001
701	836	0.000001
702	710	0.022832
702	713	0.000069
702	725	0.000241
702	729	0.000272
702	785	0.000026
702	791	0.010894
702	805	0.000016
702	820	0.000029
702	821	0.000009
702	822	0.000080
702	823	0.000035
702	824	0.001019
702	832	0.001936
702	835	0.000002
702	836	0.000002
703	707	0.000354
703	715	0.000002
703	727	0.009170
703	733	0.000026
703	735	0.000014
703	786	0.000014
703	788	0.000003
703	789	0.000024
703	790	0.010916
703	795	0.000036
703	796	0.000018
703	797	0.000011
703	798	0.000007
703	800	0.000002
703	804	0.000015
703	806	0.000001
703	809	0.000009
703	810	0.000017
703	814	0.000006
703	819	0.000024
703	826	0.008843
703	828	0.000003
703	829	0.000001
703	831	0.001521
704	708	0.000565
704	709	0.000647
704	710	0.000059
704	711	0.020290
704	714	0.000002
704	724	0.000004
704	726	0.010511
704	731	0.000014
704	732	0.000028
704	737	0.000108
704	785	0.000013
704	791	0.000017
704	792	0.018004
704	793	0.000416
704	805	0.000001
704	811	0.000006
704	815	0.000001
704	821	0.000001
704	822	0.000699
704	823	0.003074
704	824	0.000040
704	825	0.010334
704	827	0.000001
704	830	0.000571
704	833	0.000003
704	837	0.000040
705	710	0.024101
705	713	0.000006
705	714	0.000110
705	724	0.000002
705	725	0.010661
705	785	0.000020
705	791	0.020653
705	805	0.000001
705	820	0.000002
705	821	0.000843
705	822	0.009692
705	823	0.001956
705	824	0.010803
705	832	0.000004
705	836	0.000129
705	837	0.000014
706	710	0.001137
706	713	0.000129
706	714	0.000003
706	724	0.010656
706	725	0.000002
706	729	0.000001
706	785	0.000057
706	791	0.023100
706	805	0.000002
706	820	0.000841
706	821	0.009668
706	822	0.001978
706	823	0.010905
706	824	0.000006
706	835	0.000129
706	836	0.000014
707	711	0.000065
707	713	0.000003
707	724	0.000002
707	731	0.000153
707	732	0.000200
707	737	0.004979
707	785	0.000003
707	791	0.001112
707	792	0.000085
707	793	0.000022
707	801	0.000004
707	802	0.000002
707	805	0.000001
707	811	0.001721
707	815	0.000005
707	816	0.000002
707	817	0.000002
707	820	0.009389
707	821	0.000636
707	822	0.008605
707	823	0.000009
707	827	0.000040
707	830	0.000007
707	832	0.000001
707	834	0.000114
707	835	0.000012
708	719	0.000147
708	721	0.000002
708	722	0.009496
708	733	0.000357
708	735	0.000214
708	786	0.000003
708	788	0.000212
708	789	0.365384
708	790	0.003037
708	796	0.000023
708	798	0.000002
708	800	0.000003
708	804	0.000001
708	809	0.000006
708	810	0.001957
708	814	0.000005
708	819	0.007327
708	826	0.000032
708	829	0.000009
708	831	0.000001
709	718	0.000173
709	721	0.010634
709	733	0.000950
709	735	0.116353
709	786	0.000003
709	788	0.481570
709	789	0.001764
709	790	0.000074
709	795	0.000030
709	796	0.000001
709	797	0.000003
709	800	0.000054
709	804	0.000010
709	809	0.001958
709	810	0.000010
709	814	0.000157
709	819	0.000547
709	828	0.000006
710	716	0.000004
710	717	0.000174
710	719	0.000002
710	720	0.010660
710	722	0.000004
710	723	0.000041
710	728	0.000008
710	730	0.134658
710	733	0.000244
710	734	0.130372
710	735	0.000009
710	736	0.008069
710	738	0.000003
710	783	0.000021
710	784	0.000057
710	786	0.000001
710	787	0.498517
710	788	0.000051
710	789	0.000044
710	790	0.000005
710	794	0.000030
710	796	0.000003
710	799	0.000060
710	803	0.000010
710	807	0.000005
710	808	0.001854
710	809	0.000007
710	810	0.000011
710	812	0.000001
710	813	0.000158
710	818	0.000821
710	819	0.000003
710	841	0.000001
711	715	0.000004
711	718	0.000046
711	719	0.009884
711	721	0.000004
711	722	0.000040
711	727	0.000005
711	733	0.128222
711	735	0.008027
711	786	0.497695
711	788	0.000037
711	789	0.000005
711	790	0.000002
711	795	0.000003
711	798	0.000051
711	806	0.000058
711	807	0.001469
711	809	0.000010
711	810	0.000002
711	814	0.000003
711	840	0.000002
711	841	0.000001
712	724	0.000008
712	729	0.474610
712	785	0.493598
712	805	0.000106
713	717	0.002141
713	718	0.000136
713	719	0.000004
713	720	0.000042
713	721	0.000009
713	723	0.000010
713	727	0.000002
713	728	0.546419
713	730	0.000054
713	734	0.000005
713	736	0.000002
713	783	0.000060
713	784	0.439833
713	804	0.000046
713	839	0.000519
714	718	0.000016
714	719	0.000037
714	720	0.000021
714	722	0.000010
714	723	0.000041
714	727	0.574383
714	728	0.002211
714	730	0.000190
714	733	0.000004
714	734	0.000004
714	736	0.000004
714	783	0.406519
714	784	0.000003
714	803	0.000045
714	838	0.000569
715	724	0.000010
715	725	0.000098
715	726	0.847876
715	729	0.000139
715	731	0.000077
715	732	0.000009
715	737	0.000002
715	782	0.035908
715	802	0.000032
715	837	0.000570
716	724	0.000274
716	725	0.908682
716	729	0.000807
716	781	0.023346
716	782	0.000430
716	836	0.000575
717	724	0.907553
717	725	0.000755
717	729	0.000206
717	780	0.022134
717	781	0.000241
717	782	0.000004
717	835	0.000575
718	724	0.000725
718	725	0.000021
718	726	0.000497
718	729	0.000007
718	731	0.000011
718	732	0.000031
718	737	0.000005
718	763	0.000004
718	776	0.000006
718	779	0.018513
718	780	0.000041
718	793	0.000002
718	834	0.000574
719	724	0.000031
719	725	0.000569
719	726	0.004691
719	729	0.000001
719	731	0.000038
719	732	0.000003
719	737	0.000012
719	761	0.000002
719	762	0.000017
719	775	0.000014
719	776	0.011038
719	779	0.000040
719	792	0.000002
719	833	0.000574
720	724	0.000622
720	725	0.005223
720	729	0.000081
720	759	0.000001
720	760	0.000002
720	761	0.000018
720	774	0.000014
720	775	0.011787
720	780	0.000001
720	791	0.000002
720	823	0.000002
720	832	0.000573
721	725	0.000003
721	726	0.000005
721	729	0.000002
721	731	0.000053
721	732	0.000165
721	737	0.000115
721	759	0.000002
721	760	0.000017
721	774	0.011325
721	775	0.000002
721	776	0.002008
721	779	0.000003
721	793	0.000007
721	822	0.000002
721	825	0.000001
721	830	0.000007
722	726	0.000002
722	729	0.000005
722	731	0.000213
722	732	0.000018
722	737	0.002031
722	759	0.000016
722	774	0.000007
722	775	0.002055
722	776	0.000049
722	779	0.000013
722	792	0.000008
722	821	0.000002
722	824	0.000001
722	830	0.000040
722	833	0.000001
723	729	0.000571
723	742	0.000003
723	748	0.000011
723	759	0.000001
723	772	0.011708
723	774	0.002050
723	775	0.000050
723	785	0.000061
723	791	0.000009
723	820	0.000002
723	823	0.000001
723	832	0.000001
724	728	0.000534
724	730	0.000753
724	733	0.000014
724	734	0.000182
724	735	0.037931
724	736	0.005432
724	738	0.000129
724	739	0.000281
724	740	0.000499
724	741	0.000009
724	747	0.000016
724	752	0.000001
724	754	0.000008
724	755	0.000181
724	770	0.000022
724	771	0.011688
724	773	0.001793
724	777	0.000005
724	778	0.002915
724	784	0.000066
724	788	0.000020
724	790	0.000007
724	795	0.000005
724	799	0.000003
724	800	0.000002
724	819	0.000002
724	828	0.000017
724	829	0.000004
725	730	0.000206
725	733	0.000100
725	734	0.049512
725	735	0.000215
725	736	0.002474
725	738	0.000282
725	739	0.000500
725	740	0.000012
725	746	0.000016
725	747	0.000002
725	751	0.000002
725	753	0.000010
725	754	0.000189
725	769	0.000037
725	770	0.011297
725	771	0.000196
725	773	0.000012
725	777	0.002912
725	778	0.000002
725	783	0.000065
725	787	0.000024
725	789	0.000006
725	794	0.000005
725	798	0.000003
725	799	0.000002
725	818	0.000002
725	828	0.000005
725	829	0.000030
726	733	0.048672
726	735	0.002497
726	744	0.000042
726	752	0.000013
726	753	0.000185
726	786	0.000024
726	788	0.000006
726	797	0.000003
726	798	0.000002
726	826	0.000433
726	828	0.000030
727	731	0.000209
727	732	0.040912
727	737	0.000147
727	743	0.000043
727	748	0.000002
727	768	0.000806
727	775	0.002215
727	776	0.000080
727	785	0.000014
727	792	0.000010
727	825	0.000449
727	827	0.000029
728	742	0.000049
728	743	0.000009
728	745	0.000064
728	748	0.000022
728	750	0.000230
728	766	0.000002
728	772	0.000121
728	774	0.002864
728	775	0.000045
728	785	0.000019
728	791	0.000012
728	822	0.000002
728	824	0.000450
729	733	0.000153
729	734	0.004543
729	735	0.000303
729	736	0.007529
729	738	0.000302
729	739	0.000005
729	740	0.000006
729	741	0.000030
729	744	0.000068
729	746	0.008845
729	747	0.000100
729	749	0.000261
729	751	0.000011
729	765	0.000001
729	767	0.001817
729	769	0.000002
729	771	0.000121
729	773	0.002902
729	783	0.000107
729	784	0.000037
729	786	0.000010
729	787	0.000006
729	789	0.000001
729	790	0.000014
729	794	0.000003
729	806	0.000003
729	838	0.000001
730	742	0.000032
730	743	0.000067
730	745	0.008911
730	748	0.000261
730	750	0.000011
730	766	0.001821
730	772	0.002873
730	782	0.000059
730	785	0.000028
730	791	0.008523
730	805	0.000007
730	820	0.000004
730	822	0.000342
730	823	0.000026
730	824	0.000002
730	832	0.000065
730	837	0.000001
731	735	0.000414
731	741	0.000033
731	744	0.004949
731	765	0.001695
731	786	0.000056
731	788	0.000167
731	789	0.001101
731	790	0.010537
731	796	0.000023
731	797	0.000002
731	804	0.000006
731	809	0.000002
731	810	0.000013
731	819	0.000003
731	826	0.000003
731	828	0.000009
731	829	0.000013
731	831	0.000064
732	741	0.000032
732	744	0.004128
732	765	0.000009
732	786	0.000843
732	788	0.001213
732	789	0.010324
732	790	0.000242
732	795	0.000028
732	796	0.000003
732	797	0.000001
732	806	0.000001
732	809	0.000012
732	810	0.000003
732	826	0.002029
732	828	0.000012
733	737	0.000262
733	742	0.000058
733	743	0.007947
733	745	0.000003
733	748	0.000001
733	761	0.000010
733	762	0.000989
733	763	0.000118
733	776	0.000004
733	785	0.000809
733	792	0.000045
733	793	0.000005
733	811	0.000001
733	822	0.000004
733	823	0.000168
733	824	0.000002
733	825	0.002213
733	827	0.000008
733	833	0.000007
734	742	0.008093
734	743	0.000378
734	745	0.000009
734	748	0.000002
734	760	0.000011
734	761	0.001062
734	775	0.000004
734	782	0.000004
734	785	0.001786
734	791	0.000051
734	820	0.000001
734	821	0.000006
734	822	0.000969
734	823	0.000060
734	824	0.002257
734	832	0.000008
734	835	0.000001
734	837	0.000001
735	742	0.000267
735	743	0.000419
735	759	0.000010
735	760	0.001046
735	761	0.000009
735	762	0.000229
735	763	0.000037
735	774	0.000002
735	776	0.000015
735	782	0.000002
735	785	0.002809
735	792	0.001044
735	793	0.000002
735	811	0.000001
735	820	0.000003
735	821	0.000960
735	822	0.000052
735	823	0.002228
735	824	0.000001
735	825	0.000013
735	833	0.000063
735	836	0.000001
736	742	0.000582
736	743	0.000026
736	745	0.000486
736	759	0.001026
736	760	0.000017
736	761	0.000229
736	766	0.000002
736	774	0.000006
736	775	0.000020
736	781	0.000003
736	782	0.000020
736	785	0.014973
736	791	0.001199
736	805	0.000004
736	820	0.000966
736	821	0.000035
736	822	0.002149
736	823	0.000035
736	824	0.000014
736	832	0.000072
736	835	0.000001
737	741	0.000390
737	744	0.000499
737	756	0.000002
737	757	0.000056
737	765	0.000002
737	786	0.000193
737	788	0.000043
737	789	0.000021
737	790	0.001188
737	804	0.000004
737	809	0.000002
737	810	0.000003
737	819	0.000759
737	831	0.000055
738	742	0.000005
738	743	0.000497
738	745	0.000001
738	759	0.000012
738	760	0.000248
738	761	0.000382
738	772	0.000042
738	774	0.000029
738	775	0.000658
738	781	0.000463
738	782	0.882643
738	785	0.000061
739	743	0.000001
739	759	0.000247
739	760	0.000389
739	761	0.000019
739	772	0.000030
739	774	0.000673
739	775	0.000167
739	780	0.000237
739	781	0.975362
739	782	0.000012
740	745	0.000003
740	759	0.000389
740	760	0.000020
740	772	0.001010
740	774	0.000169
740	775	0.000003
740	780	0.977504
740	781	0.000008
741	750	0.000001
741	759	0.000020
741	772	0.000113
741	774	0.000003
741	779	0.979166
741	780	0.000002
742	747	0.000005
742	749	0.000003
742	751	0.000002
742	752	0.000686
742	753	0.000003
742	754	0.000048
742	755	0.000925
742	756	0.000033
742	757	0.000001
742	758	0.000021
742	765	0.000001
742	770	0.005673
742	771	0.000178
742	773	0.000001
742	778	0.982085
743	749	0.000003
743	751	0.000717
743	752	0.000002
743	753	0.000036
743	754	0.000924
743	755	0.000033
743	757	0.000016
743	764	0.000002
743	769	0.005919
743	770	0.000130
743	771	0.000001
743	773	0.000004
743	777	0.982070
743	778	0.000004
744	748	0.000003
744	750	0.000715
744	762	0.000001
744	763	0.000002
744	768	0.005966
744	772	0.000004
744	774	0.000046
744	775	0.000005
744	776	0.975625
745	749	0.000650
745	751	0.000978
745	752	0.000018
745	754	0.000005
745	755	0.000003
745	767	0.005915
745	769	0.000074
745	770	0.000005
745	771	0.000006
745	773	0.000241
745	777	0.000010
746	750	0.000966
746	760	0.000005
746	761	0.000003
746	766	0.005669
746	772	0.000238
746	774	0.004947
746	775	0.974749
747	759	0.000005
747	760	0.000004
747	761	0.000010
747	766	0.000226
747	772	0.003897
747	774	0.976759
747	775	0.000004
747	785	0.000001
748	758	0.000005
748	764	0.001777
748	765	0.000424
748	767	0.011161
748	769	0.000324
748	770	0.000025
748	771	0.003254
748	773	0.976767
748	783	0.000006
749	759	0.000013
749	761	0.000008
749	766	0.011473
749	772	0.974921
749	774	0.000007
749	782	0.000006
750	754	0.000042
750	755	0.000154
750	756	0.000008
750	757	0.000012
750	758	0.000079
750	764	0.007684
750	765	0.012398
750	767	0.477207
750	769	0.000406
750	770	0.001478
750	771	0.481447
750	773	0.000016
751	759	0.000028
751	760	0.000105
751	761	0.000299
751	766	0.568763
751	772	0.000017
751	780	0.000006
752	759	0.000095
752	760	0.000273
752	761	0.000056
752	762	0.013866
752	763	0.716163
752	766	0.000893
752	768	0.002775
752	779	0.000005
753	759	0.000198
753	760	0.000080
753	761	0.014518
753	762	0.920951
753	763	0.001320
753	766	0.000063
753	768	0.001135
753	776	0.000019
754	759	0.000115
754	760	0.014969
754	761	0.931612
754	766	0.000118
754	775	0.000026
755	759	0.014883
755	760	0.930117
755	761	0.000102
755	766	0.001410
755	774	0.000026
755	775	0.000010
756	760	0.000091
756	761	0.000003
756	762	0.000020
756	763	0.000041
756	766	0.000038
756	768	0.000181
756	774	0.000012
756	776	0.000004
757	761	0.000017
757	762	0.000037
757	763	0.000019
757	766	0.000045
757	768	0.000037
757	775	0.000004
758	766	0.002028
758	772	0.001315
758	774	0.000005
759	764	0.000722
759	765	0.002039
759	767	0.000021
759	769	0.000032
759	770	0.036099
759	771	0.007384
759	773	0.000005
759	778	0.000019
760	764	0.001957
760	765	0.000005
760	767	0.000114
760	769	0.036136
760	770	0.008752
760	771	0.000126
760	777	0.000019
760	778	0.000017
761	765	0.000007
761	767	0.001614
761	769	0.008718
761	770	0.000162
761	771	0.000001
761	777	0.000017
764	775	0.000145
765	774	0.000147
766	770	0.000433
766	771	0.000291
766	773	0.000177
767	772	0.000179
769	775	0.000009
769	782	0.000006
770	774	0.000009
770	775	0.000001
770	781	0.000007
771	780	0.000007
772	786	0.000002
773	785	0.000002
774	784	0.000002
775	783	0.000002
782	786	0.000001
782	787	0.000015
782	788	0.000002
782	789	0.000003
782	790	0.000001
782	806	0.000015
782	838	0.000023
783	791	0.000090
783	805	0.000139
783	820	0.000010
783	821	0.000754
783	822	0.000450
783	823	0.001438
783	824	0.000264
783	836	0.000026
783	837	0.000034
784	791	0.003854
784	805	0.000146
784	820	0.000761
784	821	0.000437
784	822	0.001473
784	823	0.000315
784	824	0.000007
784	832	0.000021
784	835	0.000026
784	836	0.000034
785	789	0.000093
785	790	0.003929
785	794	0.002085
785	795	0.000002
785	796	0.000003
785	797	0.000002
785	798	0.000001
785	799	0.000019
785	803	0.000654
785	804	0.000105
785	806	0.000004
785	807	0.000003
785	808	0.000027
785	809	0.000027
785	810	0.000015
785	812	0.001907
785	813	0.000381
785	814	0.000054
785	818	0.000554
785	819	0.000310
785	826	0.000283
785	831	0.000018
785	838	0.000658
786	791	0.000009
786	792	0.000685
786	793	0.001799
786	802	0.000606
786	805	0.000005
786	811	0.001983
786	815	0.000021
786	816	0.000011
786	817	0.000538
786	820	0.000047
786	821	0.000142
786	822	0.000027
786	823	0.000007
786	824	0.000002
786	825	0.000307
786	830	0.000016
786	833	0.000031
786	834	0.000008
786	836	0.000009
786	837	0.000656
787	791	0.000886
787	805	0.000045
787	820	0.000152
787	821	0.000039
787	822	0.000031
787	823	0.000042
787	824	0.000312
787	832	0.000036
787	835	0.000025
787	836	0.000658
788	792	0.000013
788	793	0.000011
788	801	0.000060
788	802	0.000476
788	805	0.000005
788	811	0.050607
788	815	0.000099
788	816	0.000032
788	817	0.000214
788	820	0.000037
788	821	0.000009
788	822	0.000031
788	823	0.000274
788	833	0.000001
788	834	0.000029
788	835	0.000641
789	793	0.000007
789	801	0.000488
789	802	0.000354
789	805	0.000002
789	811	0.002892
789	815	0.000026
789	816	0.000255
789	817	0.000034
789	820	0.000005
789	821	0.000007
789	822	0.000104
789	823	0.000002
789	827	0.000001
789	830	0.000002
789	832	0.000002
789	833	0.000031
789	834	0.000591
790	801	0.000533
790	802	0.000016
790	805	0.000002
790	811	0.000942
790	815	0.000256
790	816	0.000038
790	817	0.000011
790	820	0.000006
790	821	0.000012
790	822	0.000004
790	823	0.000003
790	830	0.000015
790	832	0.000029
790	833	0.000540
790	834	0.000001
791	795	0.000005
791	796	0.000019
791	797	0.000049
791	798	0.000095
791	799	0.006456
791	800	0.000272
791	803	0.000026
791	804	0.000003
791	806	0.000002
791	807	0.000028
791	808	0.884606
791	809	0.000046
791	810	0.000201
791	812	0.000003
791	813	0.000008
791	814	0.000024
791	829	0.000018
791	831	0.000009
791	838	0.000454
791	839	0.000059
792	796	0.000048
792	797	0.000116
792	798	0.006337
792	800	0.000022
792	804	0.000011
792	806	0.000026
792	807	0.892190
792	809	0.000148
792	810	0.000026
792	819	0.000002
792	828	0.000017
792	829	0.000012
792	831	0.000228
793	797	0.003691
793	798	0.000031
793	800	0.000041
793	804	0.000034
793	806	0.894753
793	807	0.000012
793	809	0.000021
793	810	0.000006
793	828	0.000015
793	829	0.000004
793	831	0.000001
794	805	0.894933
794	820	0.000001
794	821	0.000008
794	822	0.000025
794	823	0.000021
794	832	0.000001
794	835	0.001332
794	836	0.008729
794	837	0.043320
795	801	0.001159
795	802	0.011966
795	805	0.000102
795	811	0.000008
795	816	0.000004
795	817	0.000005
795	820	0.000007
795	821	0.000024
795	822	0.000021
795	825	0.000023
795	827	0.000004
795	833	0.000013
795	834	0.001469
795	835	0.008558
795	836	0.044588
795	837	0.000003
796	801	0.014884
796	802	0.012864
796	805	0.000106
796	811	0.000007
796	815	0.000005
796	816	0.000007
796	817	0.000003
796	820	0.000020
796	821	0.000018
796	823	0.000003
796	824	0.000026
796	825	0.000026
796	827	0.000040
796	832	0.000015
796	833	0.001434
796	834	0.009173
796	835	0.045513
796	836	0.000005
797	801	0.009488
797	802	0.032465
797	805	0.000034
797	811	0.000007
797	815	0.000007
797	816	0.000004
797	817	0.000001
797	820	0.000016
797	822	0.000009
797	823	0.000070
797	824	0.000028
797	825	0.000045
797	827	0.000002
797	832	0.001380
797	833	0.009133
797	834	0.057221
797	835	0.000004
797	837	0.000002
798	802	0.000574
798	805	0.000017
798	811	0.000003
798	815	0.000004
798	816	0.000001
798	821	0.000011
798	822	0.000187
798	823	0.000049
798	824	0.000047
798	825	0.000244
798	830	0.000002
798	832	0.008217
798	833	0.060375
798	834	0.000011
798	836	0.000005
799	805	0.000764
799	820	0.000013
799	821	0.000243
799	822	0.000106
799	823	0.000079
799	824	0.000253
799	832	0.060898
799	835	0.000007
799	836	0.000001
800	805	0.000028
800	811	0.001168
800	815	0.000017
800	816	0.000001
800	817	0.000001
800	820	0.000240
800	821	0.000100
800	822	0.000076
800	823	0.000248
800	827	0.000003
800	830	0.041236
800	832	0.000036
800	833	0.000005
800	834	0.000007
800	835	0.000001
801	806	0.000018
801	807	0.000045
801	809	0.000012
801	810	0.001328
801	814	0.000018
801	819	0.000223
801	826	0.000002
801	828	0.000051
801	829	0.042962
801	831	0.000242
802	806	0.000035
802	807	0.000019
802	809	0.001031
802	810	0.000016
802	814	0.000002
802	819	0.000003
802	828	0.041017
802	829	0.002851
802	831	0.000025
803	820	0.000305
803	821	0.000129
803	822	0.000037
803	823	0.000017
803	824	0.000001
803	832	0.000013
803	837	0.000015
804	811	0.000398
804	815	0.000013
804	816	0.000013
804	817	0.000003
804	820	0.000115
804	821	0.000032
804	822	0.000016
804	823	0.000001
804	825	0.000005
804	827	0.064792
804	830	0.000016
804	832	0.000003
804	836	0.000015
805	809	0.000007
805	810	0.000451
805	812	0.000288
805	813	0.000011
805	814	0.000014
805	818	0.001251
805	819	0.000006
805	826	0.069710
805	828	0.000228
805	829	0.000017
805	831	0.000008
805	838	0.000003
806	811	0.000330
806	815	0.000012
806	816	0.000005
806	817	0.001253
806	820	0.000006
806	822	0.000011
806	823	0.000017
806	824	0.000074
806	825	0.068679
806	827	0.000228
806	830	0.000008
806	834	0.000022
806	837	0.000003
807	811	0.000011
807	815	0.000005
807	816	0.001196
807	817	0.000001
807	821	0.000018
807	822	0.000053
807	823	0.000170
807	824	0.067162
807	825	0.004849
807	827	0.000006
807	833	0.000025
807	836	0.000003
808	820	0.000024
808	821	0.000075
808	822	0.000425
808	823	0.066950
808	824	0.006382
808	832	0.000025
808	835	0.000003
809	815	0.000133
809	816	0.000264
809	817	0.000161
809	820	0.000077
809	821	0.000419
809	822	0.052085
809	823	0.006567
809	824	0.000240
809	825	0.000921
809	827	0.000025
809	830	0.000002
809	833	0.000010
809	834	0.000003
810	815	0.000259
810	816	0.000205
810	817	0.000058
810	820	0.000445
810	821	0.002287
810	822	0.004309
810	823	0.001146
810	824	0.000516
810	825	0.000059
810	827	0.000074
810	830	0.000013
810	832	0.000011
810	833	0.000002
811	819	0.000429
811	826	0.000080
811	829	0.000013
811	831	0.000011
812	820	0.000303
812	821	0.262906
812	822	0.610399
812	823	0.081840
812	824	0.000508
812	836	0.000002
813	820	0.265159
813	821	0.613359
813	822	0.083782
813	823	0.000632
813	824	0.000010
813	835	0.000002
814	820	0.601509
814	821	0.079334
814	822	0.000614
814	823	0.000012
814	834	0.000002
815	819	0.417263
818	822	0.000031
818	823	0.000019
818	824	0.000002
819	823	0.000002
819	830	0.000002
820	829	0.000003
821	828	0.000002
822	828	0.000003
822	829	0.000014
822	831	0.000003
823	828	0.000022
823	829	0.000013
823	831	0.000006
824	828	0.000008
824	829	0.000015
824	831	0.000004
825	829	0.000005
825	831	0.000042
826	830	0.000036
826	832	0.000012
826	833	0.000018
826	834	0.000007
827	831	0.000014
828	832	0.000003
828	833	0.000014
828	834	0.000039
828	835	0.000003
828	836	0.000001
828	837	0.000001
829	833	0.000036
829	834	0.000034
829	835	0.000003
829	836	0.000003
831	836	0.000002
832	838	0.000003
850	855	0.000001
850	859	0.000010
851	855	0.000023
851	856	0.000004
851	858	0.000017
851	859	0.000003
851	880	0.000002
851	885	0.000002
852	856	0.000253
852	860	0.000024
852	863	0.000364
852	872	0.000004
852	873	0.000002
852	874	0.000003
852	876	0.000008
852	877	0.000002
852	878	0.000002
852	879	0.000003
852	882	0.000011
852	883	0.000013
853	857	0.000059
853	861	0.000019
853	862	0.000390
853	864	0.000005
853	865	0.000016
853	866	0.000008
853	867	0.000014
853	868	0.000017
853	869	0.000006
853	871	0.000004
853	875	0.000008
853	881	0.000008
853	884	0.000025
853	886	0.000016
853	887	0.000051
854	861	0.000323
854	862	0.000004
854	864	0.000018
854	865	0.000010
854	866	0.000016
854	867	0.000020
854	868	0.000007
854	869	0.000001
854	871	0.000001
854	881	0.000004
854	884	0.000018
854	886	0.000041
854	887	0.000091
855	884	0.000138
856	861	0.000023
856	862	0.000075
856	864	0.000054
856	865	0.000114
856	866	0.000024
856	867	0.000018
856	868	0.000015
856	869	0.000008
856	871	0.000165
856	875	0.000005
856	881	0.003279
856	884	0.000009
856	886	0.055291
856	887	0.000032
857	863	0.000054
857	870	0.000214
857	874	0.000005
857	876	0.000001
857	877	0.000005
857	878	0.000022
857	879	0.000037
857	880	0.004532
857	882	0.000051
857	883	0.000022
857	885	0.078158
858	884	0.077102
859	884	0.001076
860	864	0.000020
860	865	0.000069
860	866	0.000057
860	867	0.000122
860	868	0.000034
860	869	0.000048
860	871	0.000008
860	875	0.001231
860	881	0.001038
860	884	0.015211
860	886	0.000036
860	887	0.000006
861	872	0.000019
861	873	0.001126
861	874	0.001786
861	876	0.000196
861	877	0.345994
861	878	0.002608
861	879	0.000977
861	882	0.001772
861	883	0.046260
862	872	0.001460
862	873	0.001781
862	874	0.000170
862	876	0.447695
862	877	0.002006
862	878	0.000827
862	879	0.000284
862	882	0.054497
862	883	0.000561
863	867	0.000049
863	868	0.000180
863	869	0.000113
863	871	0.001433
863	875	0.463748
863	881	0.051240
863	884	0.001312
863	886	0.000024
863	887	0.000007
864	872	0.000062
864	873	0.001048
864	874	0.463535
864	876	0.000210
864	877	0.000806
864	878	0.004623
864	879	0.034191
864	882	0.000069
864	883	0.001681
865	872	0.001288
865	873	0.452817
865	874	0.006896
865	876	0.000837
865	877	0.005016
865	878	0.038230
865	879	0.032968
865	882	0.001444
865	883	0.000253
866	872	0.378410
866	873	0.008637
866	874	0.002808
866	876	0.004338
866	877	0.038655
866	878	0.036936
866	879	0.015941
866	882	0.000215
866	883	0.000193
867	872	0.007118
867	873	0.003252
867	874	0.002788
867	876	0.036483
867	877	0.036288
867	878	0.019434
867	879	0.001453
867	882	0.000168
867	883	0.000190
868	872	0.002071
868	873	0.002523
868	874	0.002737
868	876	0.031107
868	877	0.020128
868	878	0.001681
868	879	0.000837
868	882	0.000170
868	883	0.000156
869	873	0.001825
869	874	0.001911
869	876	0.014914
869	877	0.001458
869	878	0.000906
869	879	0.000061
869	882	0.000134
869	883	0.000034
870	884	0.012413
871	876	0.000143
871	877	0.000420
871	878	0.000592
871	879	0.000230
871	882	0.000594
871	883	0.011931
872	881	0.000789
872	884	0.000048
872	886	0.000082
872	887	0.000087
873	881	0.000785
873	884	0.000089
873	886	0.000137
873	887	0.000061
874	881	0.000309
874	884	0.001328
874	886	0.000099
874	887	0.000012
875	879	0.000118
875	882	0.000515
875	883	0.001580
876	881	0.000495
876	884	0.000148
876	886	0.000046
876	887	0.000229
877	881	0.000101
877	884	0.000488
877	886	0.000410
877	887	0.000143
878	884	0.000492
878	886	0.000293
878	887	0.000512
879	884	0.000147
879	886	0.000785
879	887	0.000041
880	884	0.000438
882	886	0.000097
882	887	0.000096
883	887	0.000037
