1	7	0.000024
1	8	0.000023
1	9	0.000008
1	12	0.000045
1	13	0.000022
1	15	0.000261
1	24	0.000004
1	29	0.000001
1	33	0.000001
1	41	0.110978
1	67	0.000098
1	700	0.000003
1	754	0.000086
1	755	0.000004
1	757	0.322304
1	762	0.000020
1	763	0.000013
1	768	0.000015
1	769	0.000052
1	771	0.008980
1	773	0.000015
1	795	0.000005
1	796	0.000015
1	797	0.000006
1	798	0.000059
1	801	0.000001
1	802	0.000004
1	821	0.000354
1	825	0.000026
1	826	0.000658
1	828	0.003200
1	832	0.123586
1	835	0.000014
1	844	0.000007
1	845	0.000014
1	846	0.000067
1	848	0.000007
1	849	0.000019
1	850	0.000050
1	851	0.000241
1	854	0.000169
1	855	0.000459
2	7	0.000073
2	8	0.000020
2	9	0.000005
2	11	0.000061
2	12	0.000045
2	14	0.000301
2	15	0.000102
2	18	0.000003
2	20	0.000003
2	23	0.000004
2	28	0.000005
2	30	0.000243
2	32	0.000001
2	39	0.000093
2	40	0.148122
2	41	0.000874
2	42	0.002592
2	46	0.000036
2	53	0.000002
2	62	0.000277
2	65	0.000027
2	66	0.000114
2	699	0.000006
2	717	0.000019
2	748	0.000002
2	751	0.000229
2	752	0.118351
2	754	0.000003
2	755	0.000008
2	756	0.382389
2	757	0.001054
2	760	0.000053
2	762	0.000010
2	763	0.000008
2	768	0.000051
2	769	0.000074
2	770	0.015539
2	771	0.007683
2	773	0.000006
2	794	0.000007
2	795	0.000031
2	796	0.000011
2	797	0.000083
2	798	0.000034
2	801	0.000006
2	802	0.000002
2	814	0.000014
2	817	0.000001
2	820	0.000397
2	821	0.000947
2	825	0.001299
2	826	0.000051
2	827	0.004610
2	828	0.000797
2	830	0.000094
2	831	0.139883
2	832	0.001431
2	835	0.000007
2	842	0.000560
2	844	0.000016
2	845	0.000072
2	846	0.000242
2	848	0.000018
2	849	0.000063
2	850	0.000440
2	851	0.000356
2	852	0.024945
2	854	0.000432
2	855	0.000070
2	857	0.005506
3	7	0.000019
3	8	0.000016
3	9	0.000010
3	11	0.000048
3	12	0.000001
3	13	0.000296
3	14	0.000126
3	18	0.000004
3	23	0.000001
3	26	0.000001
3	29	0.000246
3	30	0.000001
3	39	0.148163
3	40	0.001080
3	41	0.002095
3	42	0.023795
3	46	0.000003
3	52	0.000002
3	61	0.000280
3	62	0.000002
3	64	0.000027
3	65	0.000113
3	698	0.000006
3	712	0.000001
3	717	0.000012
3	722	0.000012
3	748	0.000003
3	751	0.118142
3	752	0.000952
3	754	0.000006
3	755	0.383245
3	756	0.001325
3	757	0.000001
3	760	0.000072
3	762	0.000007
3	763	0.001039
3	768	0.000021
3	769	0.013011
3	770	0.015522
3	771	0.000016
3	773	0.000010
3	784	0.000145
3	794	0.000030
3	795	0.000010
3	796	0.000089
3	797	0.000042
3	798	0.000021
3	801	0.000003
3	802	0.000006
3	814	0.000002
3	817	0.000001
3	819	0.000176
3	820	0.001122
3	821	0.000002
3	825	0.000059
3	826	0.004374
3	827	0.001290
3	828	0.000001
3	830	0.138961
3	831	0.001523
3	832	0.000024
3	835	0.000004
3	842	0.000205
3	844	0.000033
3	845	0.000285
3	846	0.000133
3	848	0.000025
3	849	0.000441
3	850	0.000480
3	851	0.023260
3	852	0.010385
3	854	0.000042
3	855	0.000352
3	857	0.007235
4	8	0.000035
4	9	0.000037
4	12	0.000281
4	13	0.000122
4	26	0.000658
4	28	0.000247
4	41	0.022888
4	60	0.000282
4	74	0.000001
4	549	0.000002
4	690	0.000014
4	697	0.000004
4	719	0.000002
4	721	0.000016
4	754	0.383979
4	755	0.000913
4	757	0.000001
4	762	0.001167
4	763	0.000005
4	768	0.007176
4	769	0.013414
4	771	0.000019
4	773	0.002360
4	783	0.000157
4	795	0.000077
4	796	0.000037
4	797	0.000019
4	798	0.000003
4	801	0.000006
4	802	0.000001
4	819	0.000960
4	821	0.000003
4	825	0.003713
4	826	0.001180
4	828	0.000243
4	832	0.000016
4	835	0.000007
4	844	0.000241
4	845	0.000119
4	846	0.000019
4	848	0.000342
4	849	0.000384
4	850	0.019627
4	851	0.008903
4	854	0.000318
4	855	0.002655
5	10	0.000195
5	16	0.000026
5	25	0.000698
5	27	0.000248
5	59	0.000283
5	71	0.000002
5	72	0.000001
5	479	0.000026
5	541	0.000005
5	548	0.000002
5	689	0.000015
5	718	0.000002
5	720	0.000016
5	749	0.000837
5	750	0.045225
5	753	0.383437
5	758	0.000138
5	761	0.001171
5	764	0.001030
5	765	0.000140
5	772	0.002525
5	775	0.000015
5	778	0.000116
5	782	0.000158
5	786	0.000001
5	791	0.000001
5	793	0.000016
5	803	0.000076
5	804	0.000003
5	809	0.000160
5	811	0.000007
5	816	0.000002
5	822	0.007502
5	823	0.000933
5	829	0.050049
5	856	0.011605
6	12	0.000001
6	13	0.000002
6	15	0.000026
6	24	0.000682
6	26	0.000247
6	41	0.000233
6	58	0.000260
6	74	0.000038
6	75	0.000003
6	540	0.000001
6	547	0.000002
6	688	0.000015
6	719	0.000016
6	754	0.000056
6	755	0.000001
6	757	0.000113
6	762	0.000009
6	763	0.000833
6	768	0.000529
6	769	0.000041
6	771	0.002046
6	773	0.000008
6	777	0.000118
6	783	0.000001
6	795	0.000003
6	796	0.000003
6	797	0.000003
6	798	0.000019
6	801	0.000015
6	802	0.000063
6	808	0.000163
6	819	0.000010
6	821	0.007425
6	825	0.000323
6	826	0.000022
6	828	0.034233
6	832	0.000011
6	835	0.000060
6	844	0.000054
6	845	0.000011
6	846	0.000049
6	848	0.001448
6	849	0.000361
6	850	0.000125
6	851	0.000035
6	854	0.000475
6	855	0.009059
7	17	0.000001
7	21	0.000004
7	22	0.000018
7	25	0.000230
7	37	0.000056
7	38	0.004406
7	43	0.000066
7	44	0.000067
7	45	0.000029
7	47	0.000001
7	49	0.000001
7	57	0.000239
7	73	0.000039
7	479	0.000002
7	687	0.000013
7	715	0.000009
7	716	0.000017
7	718	0.000014
7	749	0.000013
7	750	0.000401
7	753	0.000056
7	759	0.000039
7	761	0.000008
7	764	0.000014
7	765	0.000018
7	766	0.000111
7	767	0.000562
7	772	0.000008
7	774	0.000002
7	776	0.000115
7	780	0.000007
7	781	0.000004
7	782	0.000001
7	799	0.000004
7	800	0.000017
7	807	0.000157
7	811	0.000001
7	818	0.000013
7	822	0.000048
7	823	0.000022
7	824	0.000414
7	829	0.000007
7	833	0.000004
7	834	0.000063
7	836	0.000004
7	837	0.000013
7	838	0.000021
7	839	0.000024
7	840	0.000027
7	841	0.000042
7	843	0.000053
7	847	0.001296
7	853	0.000500
7	856	0.000024
7	858	0.000070
7	859	0.000176
8	16	0.000002
8	17	0.000002
8	21	0.000019
8	22	0.000708
8	37	0.002679
8	38	0.712092
8	43	0.000044
8	44	0.000025
8	45	0.000003
8	48	0.000001
8	56	0.000061
8	72	0.000003
8	73	0.000003
8	715	0.000013
8	716	0.000005
8	749	0.000005
8	750	0.000191
8	753	0.000001
8	758	0.000024
8	759	0.000001
8	761	0.000005
8	764	0.000008
8	765	0.000065
8	766	0.000358
8	767	0.000016
8	775	0.000092
8	779	0.000005
8	780	0.000003
8	799	0.000009
8	800	0.000009
8	806	0.000118
8	810	0.000002
8	816	0.000023
8	818	0.000005
8	822	0.000013
8	823	0.000325
8	824	0.000045
8	829	0.000001
8	833	0.000033
8	834	0.000003
8	836	0.000008
8	837	0.000019
8	838	0.000023
8	839	0.000024
8	840	0.000037
8	841	0.000006
8	843	0.000004
8	847	0.000019
8	853	0.000255
8	856	0.000009
8	858	0.000092
8	859	0.004742
9	16	0.000003
9	19	0.000072
9	21	0.000794
9	22	0.000003
9	31	0.000003
9	37	0.935891
9	38	0.000311
9	43	0.000008
9	44	0.000001
9	715	0.000003
9	749	0.000002
9	750	0.000013
9	764	0.000019
9	765	0.000121
9	766	0.000010
9	767	0.000001
9	774	0.000039
9	778	0.000002
9	779	0.000001
9	799	0.000008
9	805	0.000078
9	809	0.000003
9	815	0.000075
9	818	0.008071
9	822	0.000078
9	823	0.000024
9	824	0.000010
9	833	0.000002
9	836	0.000009
9	837	0.000013
9	838	0.000014
9	839	0.000019
9	840	0.000004
9	841	0.000001
9	843	0.000014
9	847	0.000003
9	853	0.000009
9	856	0.000002
9	858	0.008728
9	859	0.000011
10	14	0.000002
10	15	0.000001
10	18	0.000083
10	20	0.000793
10	23	0.000009
10	26	0.000011
10	30	0.000003
10	36	0.978040
10	42	0.000002
10	751	0.000004
10	773	0.000015
10	794	0.001723
10	808	0.000002
10	814	0.000083
10	817	0.008191
10	827	0.000004
10	830	0.000004
10	842	0.000013
10	852	0.000005
10	857	0.009417
11	16	0.000164
11	25	0.000011
11	35	0.978122
11	750	0.000004
11	772	0.000014
11	793	0.001728
11	803	0.000040
11	804	0.000003
11	811	0.000004
11	816	0.008180
11	822	0.000001
11	823	0.000003
11	829	0.000004
11	856	0.009382
12	16	0.000005
12	17	0.000006
12	19	0.000050
12	21	0.000003
12	22	0.000004
12	31	0.000007
12	34	0.970244
12	35	0.000003
12	38	0.000002
12	767	0.000004
12	792	0.001664
12	793	0.000009
12	803	0.000002
12	805	0.000002
12	806	0.000077
12	810	0.000004
12	811	0.000050
12	812	0.000001
12	813	0.001748
12	815	0.005856
12	822	0.000002
12	824	0.000002
12	853	0.000003
12	856	0.000004
13	17	0.000016
13	19	0.000003
13	21	0.000004
13	22	0.000001
13	31	0.000122
13	34	0.000105
13	37	0.000002
13	49	0.000001
13	73	0.000001
13	766	0.000005
13	791	0.001491
13	792	0.000058
13	804	0.000002
13	805	0.000133
13	809	0.000004
13	810	0.000280
13	811	0.000001
13	812	0.007432
13	813	0.000049
13	823	0.000002
13	824	0.000007
13	853	0.000020
14	25	0.000010
14	35	0.000009
14	48	0.000002
14	72	0.000001
14	765	0.000005
14	790	0.000579
14	791	0.000101
14	793	0.000002
14	803	0.000002
14	804	0.000137
14	809	0.000283
14	811	0.007867
14	816	0.000001
14	822	0.000002
14	823	0.000007
15	21	0.000033
15	22	0.000007
15	31	0.895855
15	34	0.000010
15	47	0.000002
15	71	0.000001
15	764	0.000005
15	789	0.000330
15	790	0.000002
15	792	0.000002
15	799	0.000006
15	803	0.000131
15	806	0.000023
15	807	0.000021
15	809	0.000009
15	810	0.007750
15	812	0.000010
15	815	0.000002
15	822	0.000006
15	843	0.000004
15	847	0.000001
15	853	0.003134
15	858	0.000016
16	20	0.000038
16	23	0.000023
16	26	0.000004
16	28	0.000023
16	29	0.077442
16	30	0.899254
16	32	0.000047
16	33	0.000005
16	46	0.000001
16	763	0.000003
16	787	0.000005
16	788	0.000111
16	798	0.000007
16	802	0.000109
16	808	0.000039
16	814	0.000003
16	820	0.000002
16	821	0.000001
16	842	0.000005
16	846	0.000001
16	849	0.000011
16	850	0.000045
16	851	0.000087
16	852	0.003581
16	855	0.000003
16	857	0.000021
17	24	0.000002
17	26	0.002497
17	28	0.526136
17	29	0.453603
17	762	0.000003
17	797	0.000005
17	801	0.000094
17	808	0.004359
17	819	0.000002
17	848	0.000009
17	849	0.000035
17	850	0.000089
17	851	0.002713
17	854	0.000002
18	25	0.002839
18	27	0.972357
18	68	0.000001
18	761	0.000003
18	786	0.000005
18	803	0.000492
18	804	0.000683
18	809	0.000052
18	856	0.000009
19	24	0.002063
19	26	0.971945
19	28	0.010283
19	801	0.000002
19	802	0.000455
19	808	0.000051
19	846	0.000001
19	848	0.000078
19	849	0.000141
19	850	0.000022
19	855	0.000006
20	25	0.968540
20	27	0.010531
20	786	0.000002
20	803	0.007077
20	804	0.000044
20	809	0.000002
20	856	0.000010
21	26	0.007971
21	28	0.000001
21	29	0.000003
21	784	0.000011
21	796	0.000003
21	797	0.000005
21	798	0.000017
21	801	0.000009
21	802	0.007038
21	808	0.000002
21	845	0.000056
21	846	0.000634
21	848	0.000006
21	849	0.000016
21	850	0.000007
21	855	0.000010
22	26	0.000009
22	28	0.000017
22	783	0.000013
22	795	0.000003
22	796	0.000004
22	797	0.000019
22	798	0.000010
22	801	0.006242
22	802	0.000008
22	844	0.000061
22	845	0.000659
22	846	0.000015
22	848	0.000012
22	849	0.000005
22	854	0.000007
23	27	0.000017
23	782	0.000013
23	803	0.000032
23	804	0.000014
23	816	0.000009
24	37	0.000003
24	781	0.000013
24	799	0.002957
24	800	0.000149
24	803	0.000013
24	815	0.000009
24	843	0.001733
24	847	0.000002
24	853	0.000004
24	858	0.000035
25	36	0.000003
25	64	0.000004
25	794	0.000005
25	795	0.000079
25	796	0.000505
25	797	0.000159
25	798	0.002787
25	801	0.000029
25	802	0.000003
25	814	0.000009
25	842	0.001837
25	844	0.000070
25	846	0.000002
25	852	0.000004
25	857	0.000041
26	35	0.000003
26	37	0.000003
26	63	0.000004
26	793	0.000005
26	799	0.000011
26	800	0.000033
26	813	0.000009
26	840	0.000003
26	841	0.001724
26	843	0.000072
26	856	0.000038
27	36	0.000004
27	62	0.000004
27	794	0.015810
27	796	0.000003
27	842	0.000061
28	35	0.000004
28	780	0.000009
28	793	0.016012
28	841	0.000054
29	34	0.000003
29	776	0.000001
29	779	0.000010
29	792	0.016798
29	793	0.000017
29	840	0.000025
30	35	0.000002
30	59	0.000005
30	775	0.000001
30	778	0.000011
30	791	0.017185
30	793	0.000041
31	58	0.000005
31	549	0.000001
31	773	0.000001
31	777	0.000011
31	783	0.000001
31	788	0.000002
32	57	0.000005
32	765	0.000009
32	772	0.000001
32	775	0.000010
32	782	0.000001
32	786	0.000214
32	790	0.020643
32	791	0.000004
32	823	0.000001
33	56	0.000005
33	764	0.000009
33	767	0.000001
33	774	0.000010
33	781	0.000001
33	785	0.000217
33	789	0.020926
33	790	0.000001
33	822	0.000001
33	858	0.000003
33	859	0.000001
34	41	0.000002
34	55	0.000005
34	547	0.000001
34	763	0.000009
34	771	0.000001
34	773	0.000006
34	784	0.000217
34	788	0.021054
34	821	0.000001
35	40	0.000002
35	546	0.000001
35	751	0.000007
35	762	0.000009
35	770	0.000001
35	773	0.000006
35	783	0.000217
35	787	0.021089
35	820	0.000001
35	830	0.000003
35	857	0.000220
36	545	0.000001
36	750	0.000007
36	761	0.000009
36	764	0.000034
36	772	0.000010
36	778	0.000001
36	782	0.000216
36	786	0.021077
36	829	0.000003
36	856	0.000221
37	41	0.000002
37	74	0.000810
37	75	0.000754
37	76	0.000006
37	763	0.000073
37	769	0.000003
37	771	0.000009
37	777	0.000001
37	783	0.000019
37	784	0.019981
37	828	0.000003
37	851	0.000001
37	855	0.000208
38	58	0.000067
38	74	0.004123
38	75	0.000092
38	76	0.000004
38	762	0.000133
38	768	0.000007
38	769	0.000004
38	777	0.000002
38	783	0.020546
38	784	0.000090
38	832	0.000001
38	835	0.000002
38	849	0.000001
38	850	0.000003
38	851	0.000002
38	854	0.000143
38	855	0.000004
39	48	0.000161
39	57	0.000093
39	69	0.000537
39	71	0.000133
39	72	0.642194
39	479	0.000001
39	556	0.000004
39	750	0.000024
39	753	0.000001
39	761	0.000159
39	764	0.000012
39	765	0.002921
39	775	0.000004
39	778	0.000078
39	782	0.020472
39	791	0.000003
39	804	0.000029
39	823	0.000044
39	829	0.000015
39	856	0.000019
40	48	0.001687
40	56	0.000095
40	68	0.000541
40	69	0.000113
40	71	0.647979
40	72	0.000073
40	479	0.000004
40	554	0.000012
40	556	0.000001
40	749	0.000020
40	750	0.000002
40	761	0.000011
40	764	0.002941
40	765	0.000324
40	775	0.000563
40	778	0.000289
40	782	0.000191
40	786	0.000001
40	790	0.000003
40	793	0.000002
40	803	0.000029
40	804	0.000004
40	811	0.000279
40	822	0.000044
40	823	0.000006
40	829	0.000012
40	856	0.000018
41	45	0.000043
41	47	0.001567
41	48	0.000020
41	49	0.002964
41	51	0.000001
41	57	0.000002
41	68	0.000081
41	69	0.003179
41	70	0.644447
41	71	0.000049
41	72	0.000027
41	73	0.000539
41	478	0.000003
41	553	0.000013
41	555	0.000001
41	759	0.000284
41	764	0.000057
41	765	0.002224
41	766	0.000245
41	767	0.000001
41	774	0.000566
41	775	0.000011
41	776	0.001070
41	778	0.000008
41	779	0.020535
41	780	0.000758
41	781	0.000093
41	789	0.000002
41	792	0.000002
41	803	0.000001
41	804	0.000019
41	805	0.000004
41	810	0.000282
41	822	0.000002
41	823	0.000010
41	824	0.000096
41	833	0.000081
41	834	0.000097
41	836	0.000012
41	837	0.000004
41	838	0.000001
41	853	0.000004
41	856	0.000002
41	858	0.000070
41	859	0.000002
42	48	0.003559
42	56	0.000007
42	59	0.000002
42	68	0.016293
42	69	0.625778
42	71	0.000043
42	72	0.000615
42	477	0.000003
42	552	0.000013
42	554	0.000001
42	750	0.000003
42	758	0.000318
42	761	0.000114
42	764	0.004772
42	765	0.000276
42	772	0.000006
42	775	0.001390
42	778	0.022323
42	786	0.000001
42	791	0.000002
42	803	0.000051
42	804	0.000005
42	809	0.000283
42	822	0.000017
42	823	0.000120
42	829	0.000025
42	856	0.001546
43	55	0.000006
43	58	0.000002
43	61	0.000005
43	67	0.027177
43	74	0.000001
43	75	0.000005
43	76	0.000003
43	757	0.000302
43	762	0.000016
43	763	0.004779
43	769	0.000002
43	771	0.000005
43	773	0.000006
43	777	0.021760
43	802	0.000049
43	808	0.000232
43	821	0.000015
43	825	0.000393
43	826	0.000110
43	828	0.000020
43	832	0.002856
43	835	0.000014
43	845	0.000003
43	846	0.000036
43	849	0.000005
43	850	0.000037
43	851	0.000064
43	854	0.000006
43	855	0.001502
44	60	0.000002
44	61	0.000206
44	67	0.012694
44	74	0.000006
44	75	0.000013
44	76	0.000004
44	755	0.000276
44	762	0.004508
44	763	0.000200
44	768	0.000002
44	769	0.000002
44	773	0.000141
44	777	0.000065
44	784	0.000007
44	797	0.000001
44	801	0.000037
44	825	0.000119
44	826	0.000017
44	828	0.000001
44	832	0.000476
44	835	0.000009
44	844	0.000003
44	845	0.000042
44	846	0.000010
44	848	0.000004
44	849	0.000040
44	850	0.000074
44	851	0.000027
44	854	0.001134
44	855	0.000054
45	58	0.000010
45	60	0.000283
45	61	0.000007
45	67	0.002178
45	74	0.000014
45	75	0.000013
45	76	0.000004
45	549	0.000018
45	754	0.000301
45	755	0.000002
45	762	0.000299
45	763	0.000002
45	768	0.000002
45	773	0.056590
45	783	0.000008
45	825	0.000016
45	826	0.000002
45	828	0.000002
45	832	0.000298
45	835	0.000021
45	844	0.000039
45	845	0.000010
45	846	0.000002
45	848	0.000030
45	849	0.000045
45	850	0.000026
45	851	0.000007
45	854	0.000044
45	855	0.000011
46	56	0.000087
46	57	0.000009
46	59	0.000290
46	68	0.091752
46	69	0.000002
46	71	0.000010
46	72	0.000045
46	479	0.000002
46	548	0.000018
46	750	0.000008
46	753	0.000303
46	758	0.009782
46	761	0.000275
46	764	0.000056
46	765	0.000010
46	772	0.059867
46	775	0.000004
46	778	0.000001
46	782	0.000008
46	803	0.000032
46	804	0.000002
46	822	0.006074
46	823	0.000008
46	829	0.245065
46	856	0.000247
47	55	0.000088
47	58	0.000265
47	60	0.000064
47	61	0.000419
47	67	0.091960
47	74	0.001463
47	75	0.000031
47	76	0.000014
47	547	0.000018
47	757	0.009915
47	763	0.000051
47	769	0.000001
47	771	0.059996
47	795	0.000001
47	798	0.000001
47	802	0.000028
47	821	0.006109
47	825	0.000019
47	826	0.000004
47	828	0.248814
47	832	0.000020
47	846	0.000005
47	850	0.000004
47	851	0.000016
47	854	0.000002
47	855	0.000216
48	52	0.000016
48	53	0.000053
48	60	0.000268
48	61	0.420220
48	62	0.101061
48	64	0.001822
48	65	0.000719
48	66	0.081558
48	67	0.000001
48	74	0.000052
48	75	0.000080
48	546	0.000018
48	751	0.000072
48	752	0.000036
48	755	0.000052
48	756	0.009899
48	760	0.000062
48	762	0.000032
48	763	0.000018
48	769	0.000003
48	770	0.060055
48	784	0.000002
48	794	0.000001
48	797	0.000002
48	801	0.000007
48	820	0.006109
48	825	0.000005
48	826	0.000018
48	827	0.250240
48	830	0.000002
48	831	0.000022
48	842	0.000003
48	845	0.000005
48	846	0.000002
48	849	0.000005
48	850	0.000018
48	851	0.000005
48	852	0.000183
48	854	0.000071
48	855	0.000003
48	857	0.000068
49	55	0.000005
49	58	0.000221
49	60	0.584603
49	61	0.051091
49	74	0.000122
49	75	0.000003
49	744	0.000002
49	754	0.001684
49	755	0.007484
49	762	0.000026
49	768	0.000041
49	769	0.051260
49	773	0.000031
49	783	0.000002
49	796	0.000001
49	819	0.005019
49	825	0.000146
49	826	0.245698
49	844	0.000004
49	845	0.000002
49	848	0.000003
49	849	0.000013
49	850	0.000005
49	851	0.000156
49	854	0.000003
49	855	0.000001
50	56	0.000182
50	57	0.000237
50	59	0.640019
50	68	0.000032
50	69	0.000005
50	71	0.026149
50	72	0.008063
50	479	0.000007
50	541	0.000001
50	544	0.000004
50	545	0.000004
50	743	0.000003
50	749	0.000002
50	750	0.000063
50	753	0.003306
50	758	0.000107
50	761	0.000030
50	764	0.000084
50	765	0.000030
50	772	0.000032
50	782	0.000002
50	793	0.000001
50	803	0.000002
50	816	0.000002
50	822	0.000364
50	823	0.000396
50	829	0.000023
50	856	0.000083
51	55	0.000122
51	58	0.638284
51	60	0.000523
51	61	0.000008
51	67	0.000030
51	74	0.000014
51	75	0.000003
51	742	0.000003
51	754	0.000189
51	757	0.000102
51	763	0.000066
51	768	0.000070
51	769	0.000003
51	771	0.000024
51	802	0.000002
51	821	0.000340
51	825	0.003617
51	826	0.000003
51	828	0.000021
51	849	0.000003
51	850	0.000001
51	855	0.000062
52	56	0.000405
52	57	0.632113
52	59	0.000541
52	68	0.000022
52	69	0.094619
52	71	0.000024
52	72	0.000069
52	741	0.000003
52	750	0.000017
52	753	0.000170
52	764	0.000002
52	765	0.000786
52	791	0.000002
52	804	0.000002
52	822	0.000437
52	823	0.248446
52	856	0.000001
53	57	0.000428
53	59	0.000110
53	68	0.097786
53	69	0.000104
53	71	0.000068
53	740	0.000003
53	749	0.000015
53	750	0.000002
53	753	0.000004
53	758	0.000004
53	764	0.000789
53	765	0.000002
53	790	0.000002
53	803	0.000002
53	822	0.248291
53	823	0.000036
54	58	0.000076
54	60	0.000023
54	61	0.000014
54	67	0.096287
54	754	0.001374
54	757	0.000002
54	762	0.000035
54	763	0.000657
54	773	0.000002
54	802	0.000002
54	819	0.062303
54	821	0.170409
54	848	0.000003
54	854	0.000003
55	59	0.000021
55	63	0.000098
55	68	0.000016
55	69	0.000015
55	70	0.000001
55	750	0.000059
55	753	0.001442
55	761	0.000068
55	764	0.000002
55	772	0.000002
55	789	0.000002
55	818	0.215049
55	847	0.000003
55	853	0.000004
56	62	0.000107
56	64	0.000022
56	65	0.099247
56	66	0.003867
56	67	0.000018
56	74	0.000002
56	75	0.000133
56	737	0.000002
56	752	0.001535
56	760	0.000069
56	762	0.000003
56	763	0.000005
56	771	0.000004
56	788	0.000002
56	817	0.231762
56	819	0.000110
56	820	0.018505
56	821	0.000003
56	831	0.000002
56	845	0.000013
56	846	0.000002
56	852	0.000004
57	61	0.000045
57	62	0.000021
57	64	0.099465
57	65	0.003764
57	66	0.000021
57	67	0.000002
57	74	0.000409
57	736	0.000003
57	748	0.000126
57	751	0.001533
57	760	0.000199
57	762	0.000018
57	770	0.000005
57	787	0.000002
57	814	0.000005
57	817	0.000407
57	819	0.018457
57	820	0.000006
57	830	0.000002
57	844	0.000019
57	851	0.000001
58	63	0.087131
58	72	0.000084
58	73	0.000451
58	696	0.000001
58	735	0.000003
58	747	0.000127
58	749	0.000002
58	750	0.001403
58	759	0.000175
58	761	0.000125
58	786	0.000002
58	813	0.000005
58	815	0.232134
58	816	0.000144
58	818	0.018262
58	829	0.000002
58	843	0.000021
59	64	0.001855
59	65	0.000008
59	66	0.000005
59	74	0.000604
59	75	0.000002
59	695	0.000001
59	734	0.000003
59	746	0.000130
59	748	0.000004
59	756	0.000005
59	757	0.000002
59	760	0.000151
59	768	0.000012
59	814	0.233081
59	817	0.017846
59	825	0.000001
59	842	0.000021
60	70	0.000385
60	71	0.000638
60	72	0.000001
60	73	0.000714
60	595	0.000004
60	745	0.000114
60	747	0.000004
60	759	0.000100
60	766	0.000006
60	767	0.000014
60	780	0.000092
60	805	0.000010
60	806	0.000006
60	811	0.000266
60	812	0.000015
60	813	0.232726
60	815	0.000010
60	816	0.016878
60	824	0.000002
60	841	0.000020
61	68	0.000004
61	69	0.000568
61	70	0.001030
61	71	0.000002
61	72	0.000798
61	73	0.000261
61	534	0.000001
61	594	0.000005
61	758	0.000044
61	759	0.000088
61	765	0.000011
61	766	0.000018
61	776	0.000001
61	779	0.000370
61	804	0.000037
61	805	0.000038
61	806	0.000001
61	807	0.000004
61	810	0.002381
61	811	0.000014
61	812	0.232429
61	813	0.000008
61	815	0.009525
61	816	0.000010
61	823	0.000002
61	840	0.000016
62	68	0.003039
62	69	0.001136
62	71	0.000901
62	72	0.000356
62	533	0.000001
62	593	0.000008
62	691	0.000001
62	743	0.000135
62	750	0.000002
62	753	0.000007
62	758	0.000154
62	764	0.000018
62	765	0.000020
62	775	0.000002
62	778	0.000491
62	803	0.000054
62	804	0.000042
62	809	0.002759
62	811	0.231838
62	816	0.000007
62	822	0.000002
62	856	0.000006
63	67	0.002013
63	74	0.001226
63	75	0.000033
63	76	0.000002
63	532	0.000002
63	592	0.000009
63	690	0.000001
63	742	0.000136
63	754	0.000040
63	757	0.000143
63	762	0.000022
63	763	0.000016
63	773	0.000006
63	777	0.000495
63	783	0.000005
63	795	0.000006
63	801	0.000003
63	802	0.000046
63	808	0.002619
63	821	0.000001
63	855	0.000006
64	68	0.000323
64	69	0.000248
64	71	0.000568
64	72	0.026047
64	479	0.000005
64	531	0.000002
64	591	0.000009
64	689	0.000001
64	741	0.000136
64	750	0.000018
64	753	0.000043
64	758	0.000003
64	761	0.000027
64	764	0.000021
64	765	0.000584
64	772	0.000007
64	775	0.000018
64	778	0.000113
64	782	0.000005
64	791	0.000006
64	793	0.000435
64	803	0.000019
64	804	0.003453
64	809	0.013158
64	811	0.000110
64	823	0.000002
64	856	0.000008
65	69	0.000311
65	71	0.026151
65	72	0.061456
65	530	0.000002
65	590	0.000009
65	680	0.000003
65	704	0.000001
65	729	0.000003
65	740	0.000136
65	749	0.000008
65	750	0.000007
65	753	0.000002
65	758	0.000014
65	761	0.000006
65	764	0.000587
65	765	0.000950
65	775	0.000327
65	778	0.000105
65	782	0.000002
65	790	0.000004
65	791	0.002414
65	803	0.003451
65	804	0.001329
65	809	0.001038
65	811	0.000144
65	822	0.000002
65	823	0.000014
65	856	0.000003
66	71	0.061414
66	72	0.001321
66	479	0.000002
66	529	0.000002
66	588	0.000009
66	679	0.000003
66	704	0.000024
66	728	0.000003
66	739	0.000136
66	749	0.000007
66	750	0.000001
66	753	0.000012
66	758	0.000081
66	761	0.000022
66	764	0.000951
66	765	0.000016
66	772	0.000003
66	775	0.144577
66	778	0.000001
66	790	0.002427
66	803	0.001248
66	804	0.000062
66	809	0.000160
66	811	0.000092
66	816	0.000012
66	822	0.000014
66	823	0.000035
66	856	0.000002
67	71	0.001081
67	72	0.000071
67	73	0.000084
67	528	0.000001
67	587	0.000009
67	678	0.000003
67	704	0.000005
67	727	0.000003
67	753	0.000329
67	758	0.000034
67	759	0.000003
67	761	0.001031
67	764	0.000015
67	765	0.000001
67	772	0.000017
67	774	0.146037
67	775	0.000004
67	776	0.000001
67	789	0.002426
67	799	0.000459
67	800	0.000006
67	803	0.000058
67	804	0.000015
67	805	0.000005
67	806	0.000035
67	807	0.000031
67	809	0.000002
67	810	0.000095
67	815	0.000016
67	822	0.000035
67	833	0.000003
67	853	0.000047
67	858	0.000023
68	74	0.000023
68	75	0.000010
68	76	0.000003
68	77	0.000013
68	527	0.000001
68	586	0.000009
68	677	0.000003
68	702	0.000142
68	703	0.000010
68	726	0.000003
68	736	0.000002
68	737	0.000114
68	751	0.000002
68	752	0.001094
68	755	0.000009
68	756	0.000234
68	757	0.000075
68	760	0.001491
68	762	0.000010
68	763	0.000009
68	770	0.000006
68	771	0.000055
68	773	0.145053
68	788	0.002422
68	797	0.000008
68	798	0.000484
68	801	0.000038
68	802	0.000040
68	808	0.000003
68	814	0.000017
68	820	0.000002
68	821	0.000044
68	828	0.000001
68	830	0.000034
68	831	0.000168
68	832	0.000002
68	852	0.000058
68	857	0.000028
69	74	0.000009
69	75	0.000026
69	76	0.000019
69	77	0.000011
69	585	0.000009
69	676	0.000003
69	701	0.000181
69	725	0.000003
69	736	0.000127
69	751	0.001090
69	752	0.000009
69	754	0.000023
69	755	0.000236
69	756	0.000081
69	760	0.000061
69	762	0.000008
69	763	0.000004
69	769	0.000005
69	770	0.000068
69	771	0.000001
69	773	0.000006
69	787	0.002406
69	796	0.000011
69	797	0.000502
69	798	0.000122
69	801	0.000023
69	802	0.000031
69	808	0.000032
69	820	0.000046
69	827	0.000002
69	830	0.000169
69	831	0.000002
69	851	0.000056
69	852	0.000141
69	855	0.000001
70	74	0.000046
70	75	0.000056
70	76	0.000017
70	484	0.000002
70	584	0.000009
70	700	0.000182
70	754	0.000237
70	755	0.000074
70	757	0.000576
70	762	0.000004
70	768	0.000003
70	769	0.000063
70	771	0.146523
70	784	0.000001
70	795	0.000012
70	796	0.000500
70	797	0.000123
70	798	0.000152
70	801	0.000029
70	802	0.000008
70	819	0.000040
70	821	0.000008
70	826	0.000002
70	828	0.000442
70	832	0.000133
70	850	0.000053
70	851	0.000146
70	854	0.000002
70	855	0.000023
71	75	0.000019
71	76	0.000004
71	77	0.000004
71	480	0.000015
71	483	0.000002
71	583	0.000009
71	699	0.000183
71	717	0.000001
71	734	0.000135
71	751	0.000017
71	752	0.004761
71	754	0.000027
71	756	0.000610
71	757	0.001446
71	760	0.000005
71	768	0.000017
71	770	0.146942
71	771	0.000155
71	783	0.000001
71	784	0.000009
71	794	0.000010
71	795	0.000466
71	796	0.000109
71	797	0.000159
71	798	0.000041
71	801	0.000005
71	802	0.000012
71	820	0.000008
71	821	0.000054
71	827	0.000484
71	828	0.000019
71	831	0.000142
71	832	0.000002
71	842	0.000002
71	846	0.000003
71	849	0.000036
71	850	0.000144
71	852	0.000052
71	854	0.000017
71	857	0.000010
72	76	0.000003
72	77	0.000006
72	480	0.000092
72	582	0.000009
72	698	0.000183
72	717	0.000001
72	733	0.000136
72	748	0.000001
72	751	0.004750
72	752	0.000191
72	755	0.000605
72	756	0.001449
72	760	0.000004
72	763	0.000001
72	768	0.000002
72	769	0.143939
72	770	0.000243
72	783	0.000005
72	784	0.001726
72	794	0.000383
72	795	0.000076
72	796	0.000154
72	797	0.000048
72	798	0.000018
72	801	0.000005
72	802	0.000159
72	819	0.000003
72	820	0.000071
72	826	0.000483
72	827	0.000026
72	830	0.000140
72	831	0.000002
72	842	0.000001
72	845	0.000005
72	848	0.000012
72	849	0.000140
72	850	0.000001
72	851	0.000049
72	852	0.000054
72	855	0.000005
72	857	0.000005
73	697	0.000173
73	732	0.000135
73	754	0.000614
73	755	0.001260
73	762	0.000002
73	768	0.137845
73	769	0.000257
73	771	0.000001
73	773	0.000002
73	777	0.000003
73	783	0.001759
73	795	0.000133
73	796	0.000042
73	797	0.000017
73	798	0.000007
73	801	0.000165
73	802	0.000002
73	808	0.000047
73	819	0.000071
73	825	0.000485
73	826	0.000023
73	828	0.000002
73	832	0.000002
73	835	0.000007
73	844	0.000008
73	845	0.000001
73	846	0.000002
73	848	0.000136
73	849	0.000002
73	850	0.000044
73	851	0.000049
73	854	0.000013
73	855	0.000009
74	478	0.000026
74	479	0.001875
74	481	0.000005
74	696	0.000143
74	715	0.000009
74	716	0.000018
74	731	0.000129
74	749	0.000001
74	750	0.000107
74	753	0.000574
74	761	0.000001
74	764	0.000002
74	765	0.000007
74	766	0.000147
74	767	0.130411
74	772	0.000002
74	776	0.000004
74	781	0.000020
74	782	0.001690
74	792	0.000008
74	793	0.000013
74	800	0.000155
74	805	0.000001
74	806	0.000002
74	807	0.000048
74	810	0.000003
74	818	0.000061
74	824	0.000468
74	829	0.000002
74	834	0.000007
74	838	0.000001
74	839	0.000001
74	840	0.000001
74	841	0.000001
74	843	0.000007
74	847	0.000112
74	853	0.000012
74	856	0.000001
74	858	0.000003
74	859	0.000009
75	477	0.000004
75	478	0.001657
75	479	0.535306
75	481	0.000001
75	715	0.000016
75	716	0.000005
75	730	0.000094
75	749	0.000002
75	750	0.000006
75	753	0.000049
75	764	0.000010
75	765	0.000169
75	766	0.094306
75	767	0.000095
75	775	0.000003
75	779	0.000001
75	780	0.000022
75	781	0.000996
75	782	0.000001
75	791	0.000002
75	792	0.000007
75	799	0.000075
75	804	0.000001
75	805	0.000002
75	806	0.000039
75	809	0.000002
75	823	0.000355
75	824	0.000003
75	833	0.000004
75	837	0.000001
75	838	0.000001
75	839	0.000001
75	840	0.000001
75	858	0.000005
75	859	0.000002
76	477	0.000057
76	478	0.912388
76	479	0.000113
76	715	0.000002
76	729	0.000032
76	764	0.000045
76	765	0.044728
76	766	0.000113
76	779	0.000019
76	780	0.000255
76	804	0.000001
76	805	0.000027
76	822	0.000046
76	823	0.000002
77	477	0.967391
77	479	0.000002
77	728	0.000019
77	758	0.000001
77	761	0.000385
77	764	0.030696
77	765	0.000133
77	778	0.000020
77	804	0.000024
77	822	0.000001
78	476	0.999092
78	760	0.000573
78	763	0.000131
79	475	0.999099
79	759	0.000583
80	474	0.999334
80	758	0.000583
80	761	0.000019
81	473	0.999142
81	757	0.000573
81	760	0.000019
82	472	0.998078
82	473	0.000002
82	756	0.000569
83	471	0.998882
84	469	0.000005
84	470	0.999311
84	754	0.000008
84	755	0.000463
84	756	0.000020
85	469	0.991202
85	754	0.000528
85	755	0.000021
86	467	0.816299
86	753	0.000505
87	462	0.000001
87	463	0.000006
87	465	0.504812
87	466	0.476986
87	467	0.001345
87	468	0.000140
87	753	0.000079
88	464	0.844338
88	752	0.000592
89	461	0.000002
89	464	0.025695
89	751	0.000593
90	460	0.000001
90	467	0.000004
90	750	0.000592
91	461	0.998820
91	464	0.000001
92	460	0.999986
93	459	0.999961
94	458	0.994419
95	458	0.000023
96	458	0.000003
97	454	0.000009
97	455	0.998664
98	454	0.999891
98	455	0.000001
99	453	0.999203
100	452	0.999972
101	451	0.999511
102	450	0.999976
103	449	0.999989
104	448	0.999930
105	109	0.000001
105	446	0.000010
105	447	0.982786
106	168	0.000018
107	113	0.000019
107	114	0.000003
107	167	0.000020
107	444	0.000011
107	445	0.000100
107	446	0.002480
108	112	0.000013
108	166	0.000017
109	166	0.000011
109	168	0.000047
110	165	0.000014
110	167	0.000053
110	444	0.000012
110	445	0.000655
110	446	0.995840
111	163	0.000002
111	165	0.000006
111	167	0.000012
111	444	0.000649
111	445	0.998856
111	446	0.000033
112	165	0.000065
112	444	0.997416
112	445	0.000028
113	164	0.000101
113	166	0.000003
113	170	0.000002
113	213	0.000003
113	442	0.000064
113	443	0.999209
114	164	0.002853
114	166	0.000004
114	169	0.000002
114	212	0.000003
114	221	0.000026
114	224	0.000002
114	442	0.987557
114	443	0.000047
115	166	0.000337
115	168	0.000015
115	214	0.000008
115	220	0.000027
115	226	0.000008
115	227	0.000001
115	439	0.000011
116	161	0.000013
116	162	0.992768
116	163	0.001914
116	165	0.000098
116	167	0.000005
116	438	0.000006
116	440	0.000010
117	161	0.998889
117	162	0.001006
117	163	0.000002
118	160	0.999422
119	159	0.999977
120	158	0.999979
121	156	0.000001
121	157	0.999033
122	156	0.999289
122	157	0.000001
123	155	0.999964
124	154	0.999511
125	153	0.999977
126	152	0.999984
127	150	0.000001
127	151	0.998859
128	150	0.998775
129	149	0.998652
130	148	0.911101
131	146	0.000002
131	147	0.649753
131	148	0.085284
132	146	0.387791
132	147	0.350045
133	139	0.000003
133	143	0.006217
133	146	0.611800
134	138	0.000003
134	140	0.000002
134	142	0.006271
134	145	0.866866
135	139	0.000002
135	143	0.007765
135	147	0.000026
136	143	0.976668
136	146	0.000034
137	142	0.986965
137	145	0.000042
138	143	0.000033
160	215	0.000002
161	213	0.000006
161	214	0.000031
161	221	0.000002
162	168	0.000002
162	169	0.000001
162	170	0.000002
162	212	0.000010
162	213	0.000872
162	214	0.000049
162	220	0.000004
162	221	0.000172
162	224	0.000028
163	168	0.000108
163	169	0.000019
163	170	0.000007
163	172	0.001560
163	175	0.000005
163	212	0.001906
163	213	0.001857
163	214	0.001400
163	220	0.000533
163	221	0.001542
163	224	0.007007
163	226	0.000301
163	227	0.000075
163	228	0.000114
163	230	0.000005
163	232	0.000014
163	437	0.000004
163	439	0.000498
163	442	0.000002
164	171	0.001661
164	173	0.000021
164	210	0.000062
164	211	0.001077
164	215	0.285286
164	218	0.013341
164	222	0.017439
164	231	0.000018
164	438	0.000529
164	440	0.000010
165	169	0.000018
165	170	0.001568
165	172	0.000012
165	175	0.000071
165	176	0.000002
165	209	0.000080
165	212	0.003023
165	213	0.146971
165	214	0.264588
165	220	0.001460
165	221	0.017265
165	224	0.005115
165	226	0.084956
165	227	0.000028
165	228	0.000001
165	230	0.000034
165	436	0.000010
165	437	0.000496
165	439	0.000006
165	442	0.000004
166	171	0.000002
166	174	0.000071
166	208	0.000076
166	210	0.000043
166	211	0.000333
166	215	0.001534
166	216	0.001379
166	217	0.000591
166	218	0.000272
166	219	0.005571
166	222	0.000171
166	223	0.004917
166	225	0.093723
166	229	0.000031
166	435	0.000015
166	438	0.000004
166	441	0.000005
167	175	0.000560
167	209	0.000054
167	212	0.446800
167	213	0.262083
167	214	0.000917
167	220	0.001955
167	221	0.000339
167	224	0.096508
167	226	0.000031
167	228	0.000024
167	230	0.000002
167	434	0.000014
167	436	0.000016
167	437	0.000004
168	174	0.000565
168	207	0.000027
168	208	0.000047
168	211	0.011129
168	215	0.000448
168	216	0.000849
168	217	0.004402
168	218	0.001334
168	219	0.002219
168	222	0.000255
168	223	0.094742
168	225	0.000033
168	229	0.000001
168	432	0.000003
168	435	0.000014
169	173	0.000557
169	206	0.000031
169	210	0.005637
169	211	0.941582
169	215	0.000319
169	218	0.000775
169	222	0.037771
169	431	0.000002
170	206	0.000020
170	210	0.989872
170	211	0.000103
170	215	0.000012
170	218	0.000012
170	222	0.000035
171	175	0.000005
171	209	0.995851
171	212	0.000061
171	213	0.000002
171	214	0.000005
171	220	0.000138
171	221	0.000058
171	224	0.000001
171	226	0.000001
172	205	0.000010
172	206	0.000020
172	207	0.000522
172	208	0.985313
172	210	0.000029
172	211	0.000059
172	216	0.000002
172	217	0.000002
172	218	0.000001
172	219	0.000144
172	222	0.000002
172	223	0.000001
172	225	0.000002
173	209	0.000045
173	212	0.000004
173	213	0.000002
173	221	0.000036
173	224	0.000002
174	214	0.000002
174	220	0.000033
175	203	0.000002
175	204	0.003378
175	206	0.240980
175	210	0.000005
175	211	0.000004
175	215	0.000007
175	218	0.000010
176	202	0.000002
176	203	0.002662
176	204	0.994300
176	206	0.000007
176	210	0.000002
177	201	0.000002
177	202	0.001933
177	203	0.997289
177	204	0.000029
178	201	0.001204
178	202	0.998031
178	203	0.000023
179	199	0.000128
179	201	0.998749
179	202	0.000017
180	200	0.997120
181	198	0.002150
181	199	0.924037
182	197	0.001423
182	199	0.023017
183	197	0.996095
184	196	0.999398
185	193	0.000003
185	195	0.999970
186	192	0.000007
186	194	0.999915
187	191	0.000025
187	193	0.991642
187	195	0.000007
188	192	0.980164
188	194	0.000009
189	193	0.000009
204	221	0.000001
205	214	0.000484
205	220	0.000002
205	226	0.000015
206	212	0.000015
206	213	0.000512
206	221	0.000724
206	224	0.000046
206	226	0.000002
206	227	0.000002
206	228	0.000002
207	214	0.000004
207	220	0.000709
207	226	0.000004
207	227	0.000003
208	214	0.000001
208	220	0.000002
208	226	0.000004
208	439	0.000011
209	215	0.000032
209	218	0.000791
209	222	0.001204
209	438	0.000012
210	214	0.000013
210	220	0.000001
210	221	0.001431
210	224	0.000025
210	226	0.000002
210	437	0.000012
211	220	0.001326
211	221	0.000202
211	224	0.000110
211	226	0.000002
211	230	0.000001
211	232	0.000001
211	436	0.000010
212	218	0.002130
212	222	0.000648
212	231	0.000007
212	445	0.000002
212	446	0.000110
213	218	0.005097
213	222	0.011349
213	231	0.000004
213	440	0.000002
213	444	0.000002
213	445	0.000111
214	218	0.000229
214	219	0.003049
214	222	0.123289
214	223	0.003034
214	225	0.047270
214	229	0.004749
214	435	0.000007
214	438	0.000001
214	444	0.000110
215	220	0.000195
215	221	0.199774
215	224	0.058368
215	226	0.000029
215	227	0.000210
215	228	0.008077
215	230	0.000004
215	434	0.000008
215	437	0.000002
215	442	0.000003
215	443	0.000106
216	220	0.151488
216	226	0.000635
216	227	0.010098
216	433	0.000007
217	226	0.013173
217	227	0.000098
218	224	0.016656
218	226	0.000210
218	227	0.004027
218	228	0.000640
218	230	0.000002
218	236	0.000460
218	434	0.000007
218	442	0.000011
219	226	0.007245
219	227	0.000832
219	235	0.000461
219	433	0.000007
220	225	0.006295
220	234	0.000461
220	432	0.000007
220	441	0.000013
220	445	0.000012
220	446	0.000001
220	447	0.000001
221	233	0.000459
221	431	0.000007
221	438	0.000003
221	440	0.000012
221	444	0.000032
221	445	0.000003
221	446	0.000005
222	226	0.000228
222	227	0.000121
222	228	0.000163
222	230	0.000005
222	232	0.000172
222	236	0.000005
222	437	0.000003
222	439	0.000006
222	442	0.000039
222	443	0.000033
223	227	0.000171
223	232	0.000269
223	235	0.000005
223	439	0.000003
224	231	0.000411
224	233	0.000005
224	428	0.000001
224	438	0.000003
224	440	0.000066
224	444	0.000028
224	445	0.000006
224	446	0.000001
225	232	0.000005
225	439	0.000063
226	231	0.000005
226	438	0.000054
226	440	0.000001
226	441	0.001407
227	438	0.000002
227	440	0.000057
227	441	0.840076
228	438	0.000007
228	440	0.989174
229	439	0.992040
230	438	0.992450
230	440	0.000031
231	436	0.500059
231	437	0.498281
231	439	0.000002
232	435	0.993924
233	434	0.999438
233	436	0.000016
234	433	0.998926
235	429	0.000186
235	430	0.000002
235	431	0.000009
235	432	0.998389
236	428	0.000239
236	431	0.996376
237	409	0.573052
237	410	0.000251
238	407	0.000004
238	408	0.925847
238	427	0.000018
238	428	0.000065
238	429	0.002965
238	430	0.000542
239	406	0.000008
239	407	0.997590
239	428	0.001802
240	405	0.000007
240	406	0.998979
240	407	0.000982
241	404	0.000006
241	405	0.998982
241	406	0.000991
241	407	0.000003
242	404	0.998942
242	405	0.000995
242	406	0.000003
243	402	0.000014
243	403	0.990423
243	404	0.000948
243	405	0.000003
245	402	0.898375
246	399	0.000014
246	401	0.898376
247	399	0.991401
248	398	0.999931
248	399	0.000020
249	397	0.999976
249	398	0.000014
250	396	0.999984
250	397	0.000007
251	395	0.999991
252	394	0.999977
253	393	0.999484
254	392	0.999545
255	385	0.000001
255	390	0.000016
255	391	0.139503
256	390	0.126732
256	391	0.860113
257	381	0.000002
257	390	0.870981
257	391	0.000005
258	380	0.000001
258	383	0.003693
258	384	0.115881
258	386	0.003915
258	387	0.015209
258	388	0.003286
258	389	0.840129
259	383	0.256803
259	384	0.001320
259	386	0.021439
259	387	0.005103
259	388	0.668693
259	389	0.000330
260	381	0.996116
261	380	0.999846
261	383	0.000003
261	384	0.000002
261	386	0.000065
262	379	0.999481
262	384	0.000002
263	378	0.999479
263	382	0.000003
264	377	0.999893
264	381	0.000003
265	376	0.987407
266	374	0.146818
266	376	0.000045
266	380	0.000007
267	376	0.000040
267	379	0.000006
268	371	0.925032
268	372	0.010413
268	373	0.005395
268	375	0.000051
268	378	0.000002
269	369	0.000109
269	370	0.999503
269	374	0.000014
270	368	0.000118
270	369	0.999800
270	370	0.000069
271	367	0.000125
271	368	0.999797
271	369	0.000064
272	367	0.999594
272	368	0.000058
273	363	0.000002
273	365	0.998903
274	362	0.000001
274	364	0.996494
275	364	0.000172
276	362	0.995677
276	364	0.000003
277	358	0.000002
277	360	0.000001
277	361	0.998089
277	363	0.000003
278	357	0.000003
278	360	0.998404
278	361	0.000234
278	363	0.000008
279	356	0.000003
279	359	0.976086
279	362	0.000007
280	288	0.000001
280	355	0.000002
281	287	0.000001
281	356	0.001401
281	359	0.011295
282	355	0.001129
283	355	0.000009
284	355	0.000012
284	356	0.997678
285	352	0.000168
285	355	0.998207
286	351	0.000153
286	353	0.000004
286	354	0.999081
287	350	0.000130
287	351	0.000010
287	353	0.998194
288	350	0.000010
288	351	0.000683
288	353	0.000013
289	350	0.000102
289	351	0.721085
289	354	0.000006
290	350	0.993170
290	351	0.000648
290	353	0.000007
291	349	0.970807
291	352	0.000007
292	349	0.004125
293	347	0.992218
293	348	0.004892
293	349	0.000674
294	346	0.996190
294	347	0.002477
294	348	0.000994
294	349	0.000003
295	345	0.997996
296	344	0.998184
296	346	0.000026
296	347	0.001300
296	348	0.000003
297	302	0.000001
297	304	0.000001
297	341	0.000020
297	344	0.000078
297	346	0.001508
297	347	0.000002
298	340	0.000020
298	342	0.989079
298	343	0.000073
298	345	0.001532
299	339	0.000020
299	341	0.997923
299	344	0.001533
299	346	0.000004
300	340	0.996338
300	343	0.001344
300	345	0.000003
301	339	0.973406
302	306	0.000001
302	342	0.000140
302	343	0.000213
303	342	0.000222
303	343	0.000176
304	342	0.000185
304	343	0.000065
305	342	0.000067
306	338	0.997937
306	339	0.000016
306	341	0.000040
307	337	0.999440
307	340	0.000022
308	336	0.999973
308	339	0.000002
309	335	0.999958
309	338	0.000002
310	334	0.983005
312	331	0.000001
312	332	0.994313
312	333	0.000931
313	331	0.999385
314	330	0.999490
315	329	0.999963
316	328	0.999575
317	326	0.000011
317	327	0.999915
318	326	0.998639
318	327	0.000036
318	329	0.000002
319	328	0.000005
320	326	0.000214
320	327	0.000008
321	325	0.000664
321	326	0.000010
381	386	0.000159
381	387	0.000006
381	388	0.000021
381	389	0.000068
382	387	0.000208
382	388	0.000133
383	390	0.000010
383	391	0.000001
384	390	0.000001
386	390	0.000005
386	391	0.000002
409	426	0.000151
409	427	0.309549
409	428	0.000362
409	429	0.000262
409	430	0.000105
410	426	0.898486
410	427	0.001419
410	428	0.000186
410	429	0.000073
410	430	0.000025
411	425	0.999765
412	424	0.999988
413	420	0.000001
413	423	0.999954
414	419	0.000006
414	422	0.999711
415	420	0.000569
415	421	0.990258
416	422	0.000017
417	421	0.000023
428	434	0.000047
428	436	0.000001
428	437	0.000011
429	433	0.000036
430	439	0.000002
431	436	0.000003
431	437	0.000009
432	439	0.000003
433	438	0.000003
433	441	0.000139
434	440	0.000166
434	446	0.000002
435	439	0.000109
436	440	0.000001
436	445	0.000009
437	444	0.000011
438	443	0.000010
464	474	0.000004
464	477	0.000004
464	479	0.000009
466	472	0.000002
467	473	0.000054
467	476	0.000022
467	480	0.000003
467	488	0.000001
468	472	0.000041
468	487	0.000001
469	475	0.000020
469	478	0.000168
469	486	0.000001
470	474	0.000022
470	477	0.000192
470	479	0.000005
470	485	0.000001
471	484	0.000001
472	478	0.000016
472	482	0.000001
473	477	0.000018
473	479	0.000011
473	481	0.000002
474	480	0.000002
474	755	0.000005
475	754	0.000007
476	544	0.000002
476	753	0.000009
476	758	0.000003
477	543	0.000008
477	546	0.000005
477	751	0.000006
477	752	0.000019
477	756	0.005848
477	760	0.000002
477	763	0.000003
478	540	0.000005
478	547	0.000011
478	755	0.005872
478	757	0.000005
478	762	0.000003
478	763	0.000025
478	771	0.000001
478	821	0.000001
479	539	0.000007
479	543	0.000363
479	546	0.000012
479	549	0.000003
479	714	0.000007
479	717	0.000005
479	751	0.000596
479	752	0.000043
479	754	0.005911
479	756	0.000006
479	760	0.000003
479	762	0.000031
479	770	0.000003
479	794	0.000002
479	820	0.000002
479	827	0.000002
479	830	0.000003
479	842	0.000003
479	852	0.000002
479	857	0.000070
480	537	0.000007
480	538	0.000004
480	541	0.974184
480	542	0.000209
480	545	0.000011
480	548	0.000004
480	713	0.000006
480	750	0.000553
480	753	0.005909
480	761	0.000029
480	764	0.000003
480	772	0.000001
480	793	0.000002
480	829	0.000003
480	856	0.000063
481	536	0.000012
481	539	0.000009
481	540	0.990736
481	547	0.000004
481	712	0.000006
481	751	0.000002
481	752	0.005692
481	760	0.000024
481	763	0.000003
481	831	0.000003
481	855	0.000009
482	535	0.000012
482	536	0.000001
482	539	0.995268
482	540	0.000002
482	543	0.000001
482	546	0.000004
482	711	0.000006
482	751	0.004638
482	762	0.000002
482	830	0.000003
483	537	0.000005
483	538	0.995837
483	542	0.000001
483	545	0.000004
483	709	0.000006
483	750	0.004073
483	761	0.000002
483	829	0.000003
484	537	0.995461
484	538	0.000010
484	541	0.000001
484	544	0.000004
484	708	0.000006
484	713	0.000003
484	749	0.000784
485	535	0.001250
485	536	0.984571
485	539	0.000012
485	543	0.000004
485	707	0.000006
485	712	0.000006
485	748	0.000411
485	756	0.000002
485	760	0.000001
485	826	0.000001
485	827	0.000002
486	706	0.000006
486	711	0.000006
486	755	0.000001
486	825	0.000002
486	826	0.000001
487	533	0.000019
487	534	0.946726
487	538	0.000002
487	542	0.000002
487	705	0.000006
487	710	0.000006
487	747	0.000001
487	759	0.000002
487	824	0.000002
488	533	0.975715
488	537	0.000003
488	541	0.000006
488	704	0.000005
488	709	0.000005
488	743	0.000003
488	758	0.000002
488	823	0.000002
489	532	0.489454
489	540	0.000006
489	742	0.000001
489	757	0.000002
490	532	0.500336
490	742	0.000007
490	744	0.000003
491	529	0.000013
491	530	0.017497
491	531	0.982101
491	741	0.000007
491	743	0.000003
492	528	0.000013
492	529	0.017564
492	530	0.982317
492	531	0.000062
492	740	0.000007
492	741	0.000004
493	528	0.017561
493	529	0.982294
493	530	0.000066
493	739	0.000007
493	740	0.000004
494	528	0.981105
494	529	0.000069
494	739	0.000004
495	523	0.000011
495	524	0.685737
495	527	0.312311
496	523	0.983244
497	522	0.996603
497	525	0.001131
497	526	0.000066
498	521	0.998830
498	523	0.000006
498	524	0.000893
499	513	0.000040
499	520	0.998849
499	521	0.000876
499	523	0.000134
500	512	0.000040
500	520	0.000941
500	521	0.000014
501	511	0.000040
501	517	0.000012
502	510	0.000040
502	517	0.999453
503	509	0.000039
503	515	0.000012
503	516	0.999933
504	514	0.000018
504	515	0.999902
505	514	0.997406
505	515	0.000001
506	510	0.000016
506	511	0.000074
506	512	0.000928
506	513	0.954145
507	514	0.000110
507	515	0.000009
508	514	0.000037
509	513	0.000115
514	521	0.000038
515	520	0.000038
527	537	0.000002
527	728	0.000002
528	536	0.000002
529	535	0.000002
529	726	0.000011
530	725	0.000011
531	724	0.000012
532	723	0.000012
533	539	0.000007
533	546	0.000002
533	551	0.000002
533	722	0.000029
533	756	0.000008
534	719	0.000002
534	721	0.000040
534	755	0.000007
535	541	0.000023
535	542	0.000023
535	545	0.000059
535	550	0.000002
535	718	0.000001
535	720	0.000043
536	541	0.000103
536	544	0.000059
536	548	0.000007
536	718	0.000113
536	720	0.000002
536	753	0.000017
537	543	0.000059
537	547	0.000008
537	717	0.000155
537	719	0.000002
537	752	0.000023
538	546	0.000008
538	714	0.000001
538	717	0.000032
538	719	0.000006
538	751	0.000023
539	545	0.000008
539	554	0.000001
539	713	0.000001
539	718	0.000007
539	750	0.000023
540	544	0.000006
540	553	0.000002
540	715	0.000223
540	716	0.000150
540	749	0.000008
540	753	0.000001
541	702	0.000001
541	712	0.000001
541	714	0.000175
541	717	0.000016
541	748	0.000005
541	751	0.000003
541	752	0.000091
541	755	0.000016
541	756	0.000002
541	831	0.000005
542	549	0.000043
542	551	0.000442
542	575	0.000005
542	578	0.000001
542	701	0.000012
542	711	0.000001
542	712	0.000003
542	714	0.994179
542	717	0.000001
542	751	0.000093
542	754	0.001206
542	755	0.000002
542	762	0.000016
542	773	0.000001
542	830	0.000006
542	857	0.000001
543	548	0.000046
543	550	0.000455
543	552	0.000011
543	577	0.000001
543	713	0.996827
543	750	0.000090
543	753	0.001354
543	761	0.000017
543	764	0.000025
543	772	0.000001
543	829	0.000006
543	856	0.000001
544	549	0.000358
544	551	0.000013
544	573	0.000014
544	695	0.000018
544	698	0.000002
544	699	0.000108
544	711	0.000029
544	712	0.996747
544	714	0.000001
544	752	0.001429
544	760	0.000017
544	763	0.000026
544	771	0.000001
544	828	0.000005
544	831	0.000007
545	551	0.000017
545	572	0.000014
545	695	0.000008
545	697	0.000002
545	698	0.000108
545	711	0.979893
545	712	0.000021
545	714	0.000002
545	748	0.000004
545	751	0.001427
545	762	0.000027
545	770	0.000001
545	817	0.000011
545	827	0.000005
545	830	0.000007
546	550	0.000017
546	554	0.000001
546	556	0.000001
546	571	0.000014
546	708	0.000029
546	709	0.996484
546	713	0.000002
546	747	0.000004
546	750	0.001359
546	761	0.000027
546	816	0.000011
546	829	0.000007
547	553	0.000001
547	555	0.000001
547	570	0.000014
547	692	0.000006
547	693	0.000007
547	696	0.000121
547	708	0.995809
547	709	0.000055
547	710	0.000055
547	715	0.000030
547	747	0.000001
547	749	0.001073
547	815	0.000011
548	569	0.000014
548	695	0.000132
548	706	0.000055
548	707	0.996498
548	714	0.000036
548	746	0.000008
548	748	0.001036
548	760	0.000006
548	814	0.000011
549	568	0.000011
549	689	0.000002
549	691	0.000043
549	694	0.000124
549	705	0.001855
549	708	0.000055
549	713	0.000036
549	715	0.000006
549	745	0.000009
549	747	0.001018
549	749	0.000003
549	759	0.000004
549	813	0.000010
550	565	0.000013
550	688	0.000014
550	690	0.000222
550	706	0.000686
550	707	0.000054
550	712	0.000036
550	714	0.000008
550	744	0.000013
550	746	0.000870
550	748	0.000012
551	556	0.000138
551	564	0.000013
551	687	0.000017
551	689	0.000228
551	691	0.000002
551	704	0.997795
551	713	0.000008
551	743	0.000016
551	747	0.000013
552	686	0.000018
552	688	0.000226
552	690	0.000002
552	703	0.998580
552	712	0.000007
552	742	0.000002
552	744	0.000023
552	746	0.000011
553	562	0.000013
553	688	0.000002
553	700	0.000001
553	702	0.998346
553	711	0.000005
553	744	0.000008
554	561	0.000013
554	686	0.000302
554	699	0.000001
554	701	0.998611
554	744	0.000001
555	700	0.998062
556	683	0.000013
556	686	0.000034
556	695	0.000001
556	697	0.000002
556	698	0.000753
556	699	0.995001
556	700	0.000002
557	682	0.000008
557	683	0.375579
557	686	0.000027
557	695	0.000001
557	697	0.000004
557	698	0.622987
557	699	0.000004
558	682	0.617112
558	688	0.000003
558	690	0.000002
558	697	0.335292
559	624	0.000022
559	681	0.841787
559	684	0.000013
559	685	0.000007
559	687	0.000003
559	689	0.000002
559	691	0.000003
559	692	0.000010
559	693	0.000019
559	694	0.000037
559	696	0.129373
560	623	0.000039
560	679	0.000002
560	680	0.998687
560	691	0.000006
561	571	0.000013
561	623	0.000011
561	679	0.999361
561	680	0.000002
562	570	0.000082
562	574	0.000090
562	621	0.000074
562	678	0.998898
562	692	0.000020
562	693	0.000007
562	694	0.000004
562	696	0.000017
563	569	0.000094
563	573	0.000119
563	619	0.000233
563	620	0.000078
563	677	0.999289
563	695	0.000024
564	569	0.000003
564	572	0.000121
564	618	0.000338
564	619	0.000070
564	676	0.999162
564	688	0.000001
564	690	0.000036
565	571	0.000121
565	617	0.000372
565	623	0.000001
565	675	0.991263
565	687	0.000001
565	689	0.000036
565	691	0.000008
566	571	0.000246
566	609	0.000004
566	617	0.028725
566	623	0.001688
566	673	0.000259
566	675	0.003862
566	687	0.000016
566	689	0.000008
566	691	0.000005
567	608	0.000005
567	616	0.027463
567	622	0.001545
567	688	0.000006
567	690	0.000003
568	608	0.000002
568	616	0.000378
568	622	0.000023
568	688	0.000018
568	690	0.000027
569	606	0.000033
569	609	0.004596
569	617	0.022390
569	623	0.002044
569	628	0.000023
569	673	0.000013
569	675	0.000021
569	687	0.000021
569	689	0.000028
570	579	0.000064
570	608	0.007252
570	616	0.022235
570	622	0.002015
570	627	0.000024
570	688	0.000023
571	575	0.000003
571	578	0.000074
571	604	0.000135
571	607	0.007550
571	608	0.000012
571	611	0.972589
571	613	0.000023
571	614	0.000030
571	615	0.004775
571	618	0.000004
571	619	0.000001
571	620	0.000007
571	626	0.000024
572	577	0.000074
572	603	0.000135
572	606	0.006286
572	609	0.000018
572	610	0.979707
572	617	0.000002
572	623	0.000002
572	625	0.000024
573	602	0.000135
573	606	0.000027
573	609	0.979965
573	623	0.000049
574	608	0.969760
574	622	0.000037
575	602	0.000013
575	603	0.000005
575	606	0.990795
576	604	0.000013
576	605	0.999676
577	600	0.000161
577	604	0.999728
577	605	0.000002
578	599	0.000162
578	602	0.001068
578	603	0.998653
579	598	0.000131
579	599	0.000460
579	601	0.002029
579	602	0.992941
579	603	0.000001
580	597	0.000012
580	598	0.002831
580	599	0.002337
580	601	0.955263
580	602	0.000040
581	596	0.000008
581	597	0.002110
581	599	0.843909
581	602	0.000007
582	594	0.000006
582	596	0.001060
582	597	0.997262
582	599	0.000164
583	593	0.000006
583	594	0.000001
583	596	0.998847
583	597	0.000031
583	599	0.000013
584	593	0.000001
584	595	0.999654
584	596	0.000006
584	598	0.000014
585	591	0.000007
585	594	0.999953
585	597	0.000014
586	590	0.000007
586	591	0.000003
586	593	0.999800
586	596	0.000014
587	592	0.919146
588	592	0.000065
593	760	0.000001
596	620	0.000002
596	757	0.000007
597	619	0.000002
597	756	0.000008
598	608	0.000019
598	755	0.000008
599	607	0.000021
599	618	0.000053
599	629	0.000001
599	754	0.000008
600	606	0.000021
600	617	0.000054
600	628	0.000001
600	753	0.000008
601	616	0.000054
601	627	0.000001
602	615	0.000053
602	752	0.000008
603	611	0.000017
603	614	0.000036
603	751	0.000008
604	610	0.000032
604	750	0.000008
605	609	0.000031
605	610	0.000010
605	623	0.000043
605	749	0.000008
606	611	0.000005
606	618	0.000021
606	620	0.000014
606	622	0.000041
606	626	0.000001
606	748	0.000008
607	617	0.000023
607	623	0.000830
607	625	0.000003
607	679	0.000015
607	747	0.000008
608	621	0.001233
608	623	0.000016
608	624	0.000011
608	678	0.000016
608	692	0.000044
609	615	0.000027
609	619	0.014052
609	620	0.001055
609	677	0.000016
610	614	0.000027
610	615	0.000003
610	618	0.019165
610	619	0.000598
610	620	0.000002
610	629	0.000001
610	676	0.000016
610	690	0.000055
611	617	0.019802
611	623	0.000095
611	628	0.000001
611	675	0.000016
611	689	0.000060
611	691	0.000002
612	616	0.013407
612	622	0.000283
612	627	0.000001
612	682	0.000002
612	688	0.000061
612	690	0.000002
613	617	0.003301
613	623	0.002354
613	625	0.000077
613	628	0.000001
613	680	0.000001
613	687	0.000061
613	689	0.000002
614	623	0.020179
614	625	0.000029
614	628	0.000002
614	680	0.000189
615	623	0.070636
615	625	0.000605
615	628	0.000014
615	679	0.000190
616	621	0.002556
616	623	0.002607
616	624	0.006167
616	625	0.000008
616	678	0.000190
616	684	0.000046
617	622	0.001531
617	626	0.000602
617	629	0.000017
617	674	0.000009
617	676	0.000022
617	677	0.000170
617	682	0.000001
617	683	0.000048
618	623	0.012907
618	625	0.000647
618	628	0.000017
618	673	0.000007
618	675	0.000043
618	680	0.000008
619	623	0.006648
619	625	0.000016
619	675	0.000033
619	679	0.000008
619	680	0.000096
620	625	0.000042
620	675	0.000007
620	679	0.000107
620	680	0.000020
622	675	0.000003
622	678	0.000137
623	674	0.000045
623	676	0.000210
623	677	0.000159
623	683	0.000001
624	682	0.000001
625	674	0.995902
626	673	0.999176
627	672	0.999060
627	673	0.000001
627	675	0.000001
628	670	0.000002
628	671	0.999034
628	674	0.000211
629	669	0.000004
629	673	0.000210
630	668	0.000002
630	670	0.999768
630	671	0.000006
631	667	0.000002
631	669	0.999975
632	668	0.999582
633	667	0.999953
634	666	0.999508
635	664	0.000002
635	665	0.999963
636	664	0.996561
636	665	0.000003
638	661	0.000002
638	662	0.972159
638	664	0.000003
640	661	0.999345
640	662	0.000094
641	660	0.999956
642	659	0.999957
643	658	0.999990
644	657	0.999985
645	656	0.999500
646	655	0.999191
647	653	0.000037
647	654	0.999889
648	653	0.990948
648	654	0.000013
675	690	0.000008
676	689	0.000008
676	691	0.000015
677	687	0.000002
677	689	0.000044
677	691	0.000005
678	688	0.000045
678	690	0.000005
679	686	0.000025
679	695	0.000119
680	686	0.000057
680	688	0.000003
680	695	0.000015
681	688	0.000669
681	690	0.000752
681	697	0.000004
682	687	0.000637
682	689	0.000641
682	691	0.000035
682	692	0.099280
682	693	0.000235
682	694	0.000019
682	696	0.000015
683	687	0.000031
683	689	0.003703
683	691	0.121133
683	764	0.000002
684	688	0.002528
684	690	0.105988
684	697	0.000185
684	700	0.000002
684	719	0.000002
684	721	0.000003
684	722	0.000002
684	763	0.000002
685	690	0.000404
685	697	0.002785
685	719	0.000842
685	721	0.000003
685	762	0.000002
686	691	0.004242
686	718	0.000898
686	720	0.000003
686	761	0.000002
687	695	0.249935
687	697	0.358185
687	698	0.010397
687	699	0.000124
687	717	0.000902
687	719	0.000003
687	760	0.000002
688	692	0.000065
688	693	0.001777
688	694	0.247813
688	696	0.414558
688	715	0.000460
688	716	0.000451
688	718	0.000002
688	759	0.000001
689	695	0.433803
689	697	0.017651
689	698	0.001595
689	699	0.000051
689	714	0.000919
689	717	0.000002
690	694	0.352128
690	696	0.020689
690	713	0.000920
690	715	0.000003
690	716	0.000002
691	695	0.021077
691	697	0.000026
691	698	0.007983
691	699	0.000007
691	712	0.000920
691	714	0.000003
691	770	0.000015
692	697	0.006765
692	711	0.000815
692	769	0.000015
693	697	0.000048
693	711	0.000002
693	768	0.000015
695	708	0.000443
695	713	0.000001
696	706	0.000435
696	711	0.000108
697	705	0.000445
697	710	0.000474
697	766	0.000068
698	704	0.000442
698	709	0.000478
698	765	0.000088
699	704	0.000004
699	708	0.000478
699	764	0.000088
699	765	0.000015
700	710	0.000001
700	764	0.000016
700	765	0.000009
700	766	0.000039
701	709	0.000001
701	764	0.000016
701	765	0.000048
702	708	0.000001
702	710	0.000001
702	764	0.000035
702	765	0.000016
702	766	0.000003
703	709	0.000001
703	761	0.000281
703	764	0.000048
703	765	0.000004
704	712	0.000003
704	756	0.000001
704	760	0.000409
704	763	0.000053
705	711	0.000004
705	719	0.000006
705	721	0.000008
705	762	0.000050
705	763	0.000003
706	710	0.000003
706	720	0.000008
706	759	0.000860
706	761	0.000015
707	713	0.000003
707	718	0.000094
707	753	0.000001
707	758	0.000970
708	712	0.000004
708	714	0.000019
708	717	0.000106
708	752	0.000002
708	756	0.000004
708	757	0.000972
708	827	0.000001
709	714	0.000010
709	722	0.000001
709	751	0.000002
709	755	0.000004
709	756	0.000974
709	826	0.000001
710	719	0.000001
710	721	0.000002
710	754	0.000008
710	755	0.000923
710	825	0.000001
711	720	0.000001
711	750	0.000002
711	753	0.000010
711	824	0.000001
712	718	0.000003
712	720	0.000002
712	749	0.000003
712	753	0.000934
712	823	0.000001
713	717	0.000003
713	719	0.000002
713	721	0.000013
713	748	0.000003
713	751	0.000358
713	752	0.000883
713	754	0.000013
713	857	0.000003
714	718	0.000002
714	720	0.000014
714	747	0.000003
714	750	0.000434
714	753	0.000022
714	764	0.000007
714	822	0.000001
714	856	0.000003
715	719	0.000010
715	754	0.000003
715	755	0.000036
715	763	0.000025
715	796	0.000002
715	797	0.000001
715	798	0.000002
715	802	0.000003
715	808	0.000001
715	821	0.000001
715	826	0.000001
715	846	0.000001
715	855	0.000003
716	754	0.000059
716	755	0.000001
716	762	0.000027
716	763	0.000001
716	773	0.000001
716	783	0.000001
716	795	0.000001
716	796	0.000001
716	797	0.000002
716	801	0.000002
716	808	0.000001
716	825	0.000001
716	854	0.000002
717	728	0.000004
717	729	0.000073
717	747	0.002055
717	749	0.954332
717	750	0.000800
717	753	0.000048
717	761	0.000022
717	772	0.000001
718	724	0.000004
718	726	0.000001
718	746	0.002200
718	748	0.995959
718	751	0.000006
718	752	0.000023
718	760	0.000018
719	723	0.000003
719	727	0.000078
719	745	0.002162
719	747	0.995349
719	749	0.000010
719	750	0.000005
719	759	0.000017
719	843	0.000001
720	725	0.000001
720	726	0.000079
720	744	0.000854
720	746	0.996003
720	748	0.000021
720	751	0.000007
720	842	0.000001
721	743	0.000259
721	745	0.954500
721	747	0.000021
721	750	0.000007
721	841	0.000001
722	743	0.918337
722	745	0.000083
722	749	0.000002
723	742	0.996694
723	744	0.000069
724	729	0.000002
724	741	0.999790
724	743	0.000022
725	740	0.999833
725	741	0.000004
726	739	0.999818
726	740	0.000003
727	737	0.003329
727	738	0.994527
728	733	0.000022
728	734	0.001147
728	736	0.006677
728	737	0.989175
728	738	0.000004
729	733	0.001128
729	734	0.001315
729	736	0.980320
729	737	0.000013
729	738	0.000007
730	737	0.000017
731	737	0.000003
744	833	0.000002
745	754	0.000003
745	762	0.000015
745	832	0.000002
746	753	0.000004
746	761	0.000018
747	752	0.000004
747	754	0.000002
747	760	0.000019
747	762	0.000016
747	773	0.000089
747	794	0.000003
747	830	0.000070
747	857	0.000002
748	753	0.000004
748	758	0.000044
748	761	0.000030
748	764	0.000290
748	765	0.000046
748	772	0.000159
748	775	0.000002
748	793	0.000003
748	829	0.000092
748	856	0.000002
749	754	0.000003
749	756	0.000032
749	757	0.000053
749	760	0.000048
749	762	0.000001
749	763	0.000500
749	768	0.000002
749	770	0.000093
749	771	0.000225
749	773	0.000001
749	784	0.000001
749	794	0.000004
749	795	0.000107
749	796	0.000001
749	797	0.000001
749	798	0.000005
749	814	0.000001
749	817	0.000002
749	819	0.000004
749	820	0.000005
749	827	0.000058
749	828	0.000118
749	830	0.000001
749	831	0.023265
749	832	0.000003
750	754	0.000018
750	755	0.000033
750	756	0.000107
750	757	0.000017
750	760	0.000730
750	762	0.005120
750	763	0.002748
750	768	0.000026
750	769	0.000159
750	770	0.000876
750	771	0.000100
750	773	0.007674
750	783	0.000030
750	784	0.000001
750	787	0.000012
750	794	0.001309
750	795	0.000024
750	796	0.000033
750	797	0.000081
750	798	0.000034
750	808	0.000015
750	814	0.000004
750	817	0.032731
750	820	0.000001
750	825	0.000016
750	826	0.000076
750	827	0.000533
750	828	0.000042
750	830	0.026920
750	831	0.000014
750	842	0.000002
750	857	0.000011
751	758	0.000402
751	761	0.003095
751	764	0.000850
751	765	0.069698
751	772	0.008018
751	775	0.000006
751	778	0.000008
751	782	0.000032
751	786	0.000013
751	791	0.001671
751	793	0.001292
751	803	0.000003
751	804	0.001791
751	809	0.000831
751	811	0.000220
751	816	0.032832
751	823	0.000710
751	829	0.026989
751	856	0.000011
752	758	0.001483
752	761	0.067302
752	764	0.070044
752	765	0.000308
752	772	0.000153
752	775	0.000023
752	778	0.000578
752	782	0.000010
752	786	0.000012
752	790	0.001691
752	791	0.000677
752	793	0.000033
752	803	0.001802
752	804	0.000011
752	809	0.019938
752	811	0.000004
752	816	0.000034
752	822	0.000714
752	823	0.000010
752	829	0.000084
753	757	0.000576
753	760	0.074028
753	762	0.000130
753	763	0.060204
753	768	0.197192
753	769	0.000296
753	770	0.000928
753	771	0.000055
753	777	0.000556
753	784	0.000002
753	787	0.000009
753	788	0.000002
753	794	0.051759
753	801	0.000004
753	802	0.000336
753	808	0.019990
753	814	0.040753
753	817	0.000001
753	819	0.000005
753	820	0.000010
753	821	0.000584
753	825	0.034166
753	826	0.000422
753	827	0.003505
753	828	0.000057
753	830	0.000008
753	842	0.000016
753	857	0.000044
754	758	0.000118
754	759	0.063329
754	761	0.000083
754	764	0.000009
754	765	0.000013
754	766	0.003625
754	767	0.225033
754	776	0.000310
754	778	0.000001
754	779	0.000002
754	780	0.000031
754	786	0.000006
754	789	0.000560
754	790	0.000024
754	792	0.000661
754	793	0.051840
754	800	0.000007
754	805	0.000023
754	806	0.012541
754	807	0.013631
754	809	0.000003
754	810	0.000003
754	811	0.000004
754	813	0.040875
754	816	0.000001
754	818	0.000008
754	823	0.000005
754	824	0.036726
754	829	0.000008
754	841	0.000016
754	856	0.000041
754	859	0.000003
755	759	0.000121
755	761	0.004810
755	764	0.000019
755	765	0.004593
755	766	0.244358
755	767	0.000024
755	775	0.000056
755	776	0.001273
755	778	0.000001
755	779	0.000040
755	785	0.000003
755	789	0.000016
755	791	0.000792
755	792	0.052028
755	799	0.000003
755	800	0.000005
755	804	0.000026
755	805	0.020806
755	806	0.007162
755	807	0.000002
755	809	0.000003
755	810	0.000048
755	812	0.040897
755	818	0.000007
755	822	0.000006
755	823	0.037112
755	824	0.006542
755	840	0.000013
755	858	0.000002
755	859	0.000008
756	761	0.010190
756	764	0.005247
756	765	0.247707
756	772	0.000009
756	775	0.001678
756	778	0.000041
756	782	0.000066
756	786	0.003795
756	790	0.000931
756	791	0.051978
756	793	0.000002
756	803	0.000030
756	804	0.027334
756	809	0.000053
756	811	0.040914
756	816	0.000030
756	822	0.036512
756	823	0.006865
757	761	0.000070
757	764	0.234264
757	765	0.000058
757	766	0.000122
757	767	0.000061
757	774	0.001628
757	775	0.000003
757	776	0.000002
757	781	0.000067
757	785	0.003877
757	789	0.001036
757	790	0.050508
757	791	0.000002
757	792	0.000002
757	799	0.000002
757	803	0.026839
757	804	0.000418
757	805	0.000098
757	806	0.000297
757	807	0.000034
757	809	0.000018
757	810	0.038046
757	811	0.000005
757	815	0.000031
757	818	0.000152
757	822	0.006043
757	823	0.000002
757	833	0.000002
757	834	0.000001
757	836	0.000001
757	838	0.000004
757	839	0.000002
757	843	0.000001
757	847	0.000003
757	853	0.000065
757	856	0.000004
757	858	0.024438
757	859	0.000112
758	762	0.000156
758	763	0.089815
758	768	0.000013
758	769	0.000302
758	770	0.004718
758	771	0.000004
758	773	0.000966
758	784	0.003927
758	787	0.000003
758	788	0.000773
758	794	0.000002
758	796	0.000002
758	797	0.000007
758	798	0.000002
758	801	0.000003
758	802	0.014707
758	808	0.000050
758	814	0.000030
758	817	0.000178
758	819	0.000003
758	820	0.045012
758	821	0.000179
758	827	0.000007
758	830	0.000005
758	831	0.000016
758	832	0.000003
758	835	0.000002
758	842	0.000003
758	845	0.000044
758	846	0.000008
758	852	0.000136
758	854	0.000002
758	855	0.000061
758	857	0.057290
759	763	0.000565
759	768	0.000356
759	769	0.004341
759	771	0.000032
759	773	0.001237
759	777	0.000001
759	783	0.003932
759	788	0.005404
759	795	0.000002
759	796	0.000008
759	797	0.000002
759	801	0.007864
759	802	0.000711
759	808	0.013392
759	819	0.044877
759	821	0.000006
759	826	0.000006
759	832	0.000047
759	835	0.000001
759	844	0.000052
759	845	0.000008
759	850	0.000001
759	851	0.000119
759	854	0.000065
759	855	0.000051
760	764	0.000557
760	765	0.008393
760	772	0.001893
760	775	0.000081
760	778	0.000208
760	782	0.003906
760	786	0.000019
760	790	0.000006
760	791	0.000001
760	793	0.000001
760	803	0.009299
760	804	0.001534
760	809	0.015873
760	811	0.000002
760	816	0.000027
760	822	0.000002
760	829	0.000020
760	856	0.085378
761	768	0.001045
761	769	0.000079
761	770	0.003709
761	771	0.000971
761	773	0.000004
761	777	0.000271
761	787	0.052720
761	794	0.000015
761	797	0.000005
761	798	0.000007
761	801	0.029462
761	802	0.004883
761	808	0.016523
761	814	0.000560
761	817	0.046812
761	820	0.000003
761	825	0.000003
761	828	0.000005
761	830	0.000657
761	831	0.000634
761	832	0.000002
761	835	0.000246
761	842	0.000489
761	848	0.000001
761	849	0.000009
761	852	0.000005
761	854	0.000588
761	855	0.079247
761	857	0.006784
762	766	0.000105
762	767	0.001008
762	772	0.000009
762	774	0.000011
762	775	0.000129
762	776	0.000276
762	778	0.000002
762	779	0.000146
762	780	0.000871
762	781	0.000606
762	782	0.000002
762	785	0.000016
762	786	0.052877
762	790	0.000011
762	793	0.000015
762	799	0.000038
762	800	0.040940
762	803	0.000016
762	804	0.000029
762	805	0.003135
762	806	0.000189
762	807	0.016692
762	809	0.000016
762	810	0.000071
762	811	0.000005
762	812	0.000032
762	813	0.000559
762	816	0.046830
762	823	0.000005
762	824	0.000003
762	829	0.000407
762	833	0.000002
762	834	0.000266
762	837	0.000002
762	838	0.000002
762	839	0.000003
762	840	0.000009
762	841	0.000486
762	853	0.000349
762	856	0.006445
762	858	0.000060
762	859	0.039208
763	767	0.000053
763	772	0.000392
763	774	0.000279
763	775	0.000252
763	776	0.000007
763	778	0.000152
763	779	0.001151
763	780	0.000662
763	781	0.000023
763	782	0.000002
763	785	0.052540
763	786	0.000003
763	789	0.000033
763	792	0.000005
763	799	0.043097
763	800	0.000063
763	803	0.000022
763	804	0.003101
763	805	0.000119
763	806	0.010635
763	807	0.000159
763	809	0.000108
763	810	0.000056
763	811	0.000039
763	812	0.000539
763	813	0.000002
763	815	0.046780
763	818	0.000010
763	822	0.000007
763	823	0.000003
763	829	0.001774
763	833	0.000274
763	836	0.000002
763	837	0.000002
763	838	0.000004
763	839	0.000014
763	840	0.000465
763	843	0.000007
763	847	0.000017
763	853	0.099616
763	856	0.000009
763	858	0.072488
763	859	0.000027
764	768	0.000036
764	769	0.000068
764	770	0.002895
764	771	0.003077
764	773	0.000303
764	777	0.000114
764	783	0.000032
764	784	0.051670
764	787	0.000001
764	788	0.000035
764	794	0.000006
764	795	0.000488
764	796	0.000124
764	797	0.000491
764	798	0.043139
764	801	0.000002
764	802	0.000011
764	808	0.000089
764	814	0.046762
764	817	0.000011
764	821	0.000011
764	827	0.000027
764	828	0.006006
764	830	0.000001
764	831	0.000081
764	832	0.000251
764	835	0.000002
764	842	0.000008
764	846	0.000017
764	850	0.000002
764	851	0.000038
764	852	0.102154
764	854	0.000128
764	855	0.000012
764	857	0.078183
765	769	0.001238
765	770	0.004443
765	771	0.000016
765	773	0.000011
765	777	0.000517
765	783	0.045855
765	784	0.000134
765	787	0.000035
765	794	0.000514
765	795	0.000122
765	796	0.000609
765	797	0.043100
765	798	0.000158
765	801	0.000006
765	802	0.002436
765	808	0.000050
765	814	0.000048
765	820	0.000011
765	821	0.000002
765	826	0.000021
765	827	0.007412
765	830	0.000080
765	831	0.000246
765	845	0.000017
765	846	0.000007
765	849	0.000003
765	850	0.000132
765	851	0.101669
765	852	0.001269
765	854	0.000014
765	855	0.000156
765	857	0.000098
766	771	0.000205
766	773	0.000025
766	777	0.000047
766	783	0.000200
766	784	0.000095
766	795	0.000662
766	796	0.042779
766	797	0.000188
766	798	0.000010
766	801	0.001954
766	802	0.001191
766	808	0.000798
766	819	0.000009
766	825	0.000017
766	826	0.007428
766	828	0.000001
766	835	0.000003
766	844	0.000015
766	845	0.000007
766	848	0.000003
766	849	0.000214
766	850	0.100793
766	851	0.001323
766	854	0.000169
766	855	0.075296
767	771	0.000024
767	773	0.000077
767	777	0.000985
767	783	0.000148
767	784	0.000003
767	795	0.039917
767	796	0.000194
767	797	0.000015
767	798	0.000007
767	801	0.001432
767	802	0.000048
767	808	0.007028
767	819	0.000005
767	825	0.007386
767	826	0.000004
767	828	0.000003
767	835	0.000464
767	844	0.000007
767	845	0.000001
767	848	0.000203
767	849	0.096241
767	850	0.000955
767	851	0.000033
767	854	0.075645
767	855	0.000025
768	772	0.000071
768	774	0.000287
768	775	0.000051
768	776	0.001018
768	778	0.000007
768	779	0.000043
768	780	0.042761
768	781	0.000301
768	782	0.000132
768	790	0.000001
768	791	0.000009
768	792	0.009816
768	793	0.032045
768	799	0.000075
768	800	0.001590
768	803	0.000013
768	804	0.000003
768	805	0.001515
768	806	0.025850
768	807	0.006153
768	809	0.000146
768	810	0.006847
768	811	0.018803
768	812	0.000040
768	813	0.002712
768	818	0.000007
768	824	0.007081
768	833	0.000003
768	834	0.000556
768	836	0.000002
768	837	0.000002
768	838	0.000003
768	839	0.000003
768	840	0.000001
768	841	0.000002
768	843	0.000006
768	847	0.000191
768	853	0.066228
768	856	0.000013
768	858	0.000014
768	859	0.000190
769	774	0.000053
769	775	0.000922
769	776	0.003235
769	778	0.000047
769	779	0.054906
769	780	0.000176
769	781	0.000066
769	782	0.000002
769	789	0.000001
769	790	0.000010
769	791	0.010913
769	792	0.033932
769	793	0.000264
769	799	0.000743
769	800	0.000049
769	803	0.000004
769	804	0.001673
769	805	0.047105
769	806	0.004748
769	807	0.000737
769	809	0.006285
769	810	0.025125
769	811	0.000021
769	812	0.002962
769	823	0.006790
769	824	0.000331
769	833	0.000561
769	834	0.000005
769	836	0.000002
769	837	0.000003
769	838	0.000003
769	839	0.000001
769	840	0.000002
769	847	0.000557
769	853	0.000095
769	856	0.000005
769	858	0.000106
769	859	0.000649
770	775	0.003610
770	778	0.055640
770	782	0.000275
770	786	0.000098
770	790	0.011270
770	791	0.033778
770	793	0.000355
770	803	0.001746
770	804	0.049853
770	809	0.025638
770	811	0.003022
770	816	0.000031
770	822	0.005788
770	823	0.000568
770	856	0.000035
771	775	0.000019
771	776	0.002589
771	778	0.000030
771	779	0.000050
771	780	0.000048
771	781	0.000274
771	782	0.000001
771	785	0.000102
771	786	0.000002
771	789	0.010931
771	790	0.028379
771	791	0.000897
771	792	0.000269
771	799	0.000005
771	800	0.000020
771	803	0.046075
771	804	0.000156
771	805	0.027334
771	806	0.000636
771	807	0.001766
771	809	0.000039
771	810	0.002665
771	815	0.000036
771	818	0.000044
771	822	0.000400
771	823	0.000003
771	824	0.000273
771	833	0.000004
771	834	0.000001
771	836	0.000008
771	838	0.000001
771	843	0.001015
771	847	0.000054
771	853	0.004237
771	856	0.000011
771	858	0.277450
771	859	0.000412
772	777	0.000097
772	784	0.000093
772	787	0.017275
772	788	0.000791
772	794	0.000007
772	796	0.000003
772	797	0.000002
772	798	0.000003
772	801	0.001374
772	802	0.024101
772	808	0.000351
772	814	0.000037
772	817	0.000046
772	819	0.000004
772	820	0.000040
772	821	0.000025
772	830	0.002689
772	831	0.000011
772	835	0.000009
772	842	0.001085
772	844	0.000155
772	845	0.000013
772	846	0.000040
772	848	0.168384
772	849	0.000515
772	850	0.000023
772	851	0.000128
772	852	0.005835
772	854	0.000010
772	855	0.000003
772	857	0.340397
773	778	0.000009
773	779	0.000013
773	780	0.000009
773	781	0.000002
773	782	0.000003
773	785	0.000127
773	786	0.016795
773	789	0.020876
773	790	0.000063
773	793	0.000006
773	799	0.000116
773	800	0.001788
773	803	0.045206
773	804	0.000809
773	805	0.000280
773	806	0.000601
773	807	0.000305
773	809	0.000207
773	810	0.000001
773	813	0.000031
773	816	0.000042
773	818	0.000005
773	822	0.001462
773	829	0.002739
773	833	0.000043
773	834	0.000006
773	836	0.000017
773	840	0.000003
773	841	0.001004
773	843	0.000150
773	847	0.172590
773	853	0.000010
773	856	0.320765
773	858	0.000214
773	859	0.000014
774	783	0.000039
774	784	0.000157
774	788	0.025955
774	795	0.000011
774	797	0.000002
774	798	0.000117
774	801	0.005908
774	802	0.053221
774	808	0.000236
774	819	0.000002
774	821	0.006613
774	828	0.002771
774	832	0.000060
774	835	0.000024
774	844	0.000006
774	845	0.000004
774	846	0.173159
774	848	0.000002
774	849	0.000005
774	850	0.006370
774	851	0.000043
774	854	0.000018
774	855	0.280674
775	783	0.000111
775	784	0.017197
775	787	0.025932
775	788	0.000005
775	794	0.000011
775	796	0.000002
775	797	0.000104
775	798	0.000016
775	801	0.051303
775	802	0.016405
775	808	0.000003
775	814	0.000002
775	817	0.000007
775	820	0.006818
775	826	0.000002
775	827	0.002780
775	831	0.000060
775	842	0.000067
775	844	0.000003
775	845	0.173320
775	846	0.000004
775	848	0.000003
775	849	0.009190
775	850	0.000044
775	851	0.000003
775	852	0.000079
775	854	0.138177
775	855	0.086046
775	857	0.000301
776	783	0.019174
776	784	0.000233
776	788	0.000001
776	796	0.000095
776	797	0.000012
776	798	0.000064
776	801	0.019855
776	802	0.000833
776	808	0.000397
776	819	0.006811
776	825	0.000021
776	826	0.002679
776	832	0.000004
776	835	0.000031
776	844	0.173473
776	845	0.000003
776	848	0.009513
776	849	0.000033
776	850	0.000003
776	851	0.000070
776	854	0.236470
776	855	0.000060
777	781	0.000021
777	782	0.018516
777	785	0.014968
777	786	0.001677
777	789	0.000003
777	792	0.000002
777	799	0.228428
777	800	0.011209
777	803	0.000304
777	804	0.000165
777	805	0.000073
777	806	0.000115
777	807	0.000392
777	809	0.000001
777	810	0.000004
777	815	0.000012
777	818	0.006752
777	824	0.000039
777	829	0.000002
777	833	0.000006
777	834	0.000031
777	836	0.000016
777	837	0.000012
777	838	0.000008
777	839	0.000025
777	840	0.000042
777	841	0.000014
777	843	0.173009
777	847	0.009551
777	853	0.380661
777	858	0.000006
778	783	0.000085
778	784	0.020540
778	787	0.000039
778	788	0.000002
778	794	0.000004
778	796	0.000006
778	797	0.000105
778	798	0.269646
778	801	0.000013
778	802	0.000501
778	808	0.000001
778	814	0.000012
778	817	0.006632
778	825	0.000003
778	827	0.000039
778	830	0.000022
778	831	0.000145
778	832	0.000007
778	835	0.000015
778	842	0.171199
778	846	0.009544
778	849	0.000004
778	850	0.000005
778	851	0.000028
778	852	0.383378
778	857	0.000008
779	783	0.015014
779	784	0.000227
779	788	0.000003
779	795	0.000003
779	796	0.000107
779	797	0.280712
779	798	0.001061
779	801	0.000506
779	802	0.000360
779	808	0.000002
779	825	0.000002
779	826	0.000039
779	828	0.000007
779	832	0.000049
779	835	0.000066
779	844	0.000001
779	845	0.009499
779	846	0.000035
779	848	0.000004
779	849	0.000005
779	850	0.000122
779	851	0.382463
780	784	0.000041
780	788	0.000002
780	795	0.000057
780	796	0.283511
780	797	0.001211
780	798	0.000980
780	801	0.000322
780	802	0.000388
780	808	0.000001
780	825	0.000023
780	826	0.000002
780	828	0.000010
780	832	0.000109
780	835	0.000015
780	844	0.008678
780	845	0.000060
780	846	0.000045
780	848	0.000007
780	849	0.000195
780	850	0.377832
780	851	0.000084
780	855	0.000002
781	788	0.000244
781	795	0.284283
781	796	0.001146
781	797	0.001111
781	798	0.000669
781	801	0.000423
781	802	0.004536
781	808	0.000004
781	821	0.000080
781	825	0.000003
781	826	0.000096
781	828	0.009090
781	832	0.004904
781	835	0.000045
781	844	0.000081
781	845	0.000086
781	846	0.000019
781	848	0.000222
781	849	0.362076
781	850	0.000153
781	854	0.000003
781	855	0.000001
782	787	0.000290
782	788	0.000003
782	794	0.284897
782	795	0.000187
782	796	0.000871
782	797	0.000803
782	798	0.001185
782	801	0.005691
782	802	0.000009
782	808	0.000044
782	814	0.002289
782	817	0.000005
782	820	0.000081
782	825	0.000207
782	826	0.000033
782	827	0.009804
782	828	0.000068
782	830	0.004902
782	831	0.005475
782	832	0.000007
782	835	0.052721
782	842	0.010017
782	844	0.000133
782	845	0.000024
782	846	0.000030
782	848	0.328240
782	849	0.000142
782	850	0.000005
782	852	0.000003
782	854	0.000002
782	857	0.000005
783	789	0.000015
783	790	0.000032
783	791	0.000041
783	792	0.003328
783	793	0.279137
783	799	0.000118
783	800	0.005804
783	804	0.000018
783	805	0.000007
783	806	0.000004
783	807	0.000045
783	809	0.000005
783	810	0.000348
783	811	0.000057
783	812	0.000306
783	813	0.002331
783	816	0.000006
783	818	0.000001
783	824	0.000211
783	829	0.004454
783	833	0.000027
783	834	0.058458
783	836	0.000198
783	837	0.072613
783	838	0.002640
783	839	0.000430
783	840	0.000078
783	841	0.009916
783	843	0.000134
783	847	0.283431
783	853	0.000002
783	856	0.000004
784	789	0.000180
784	790	0.000390
784	791	0.004583
784	792	0.246925
784	793	0.000457
784	799	0.005914
784	800	0.000032
784	803	0.000031
784	804	0.000008
784	805	0.000005
784	806	0.000043
784	807	0.000016
784	809	0.000355
784	810	0.000057
784	811	0.000299
784	812	0.002198
784	813	0.000002
784	815	0.000005
784	818	0.000035
784	822	0.000001
784	823	0.000026
784	824	0.000064
784	829	0.016504
784	833	0.064523
784	834	0.000060
784	836	0.077205
784	837	0.002384
784	838	0.000411
784	839	0.000122
784	840	0.008382
784	841	0.000126
784	843	0.000323
784	847	0.008531
785	795	0.168231
785	796	0.000225
785	797	0.000024
785	798	0.002461
785	801	0.000001
785	802	0.000034
785	808	0.000287
785	819	0.000001
785	821	0.000002
785	825	0.001164
785	826	0.002260
785	828	0.018128
785	832	0.064803
785	835	0.076005
785	844	0.001032
785	845	0.017626
785	846	0.014360
785	848	0.000078
785	849	0.000125
785	850	0.000037
786	794	0.256037
786	795	0.000015
786	796	0.000002
786	797	0.000298
786	798	0.000002
786	801	0.000031
786	808	0.000005
786	817	0.000283
786	820	0.000001
786	825	0.003504
786	826	0.000063
786	827	0.018266
786	828	0.000040
786	830	0.002701
786	831	0.062716
786	832	0.000012
786	835	0.001679
786	842	0.000601
786	844	0.010290
786	845	0.008030
786	846	0.000379
786	848	0.000303
786	849	0.000079
786	857	0.000022
787	791	0.002306
787	793	0.256519
787	803	0.000010
787	804	0.000478
787	809	0.001116
787	811	0.000268
787	816	0.000289
787	822	0.000068
787	823	0.135153
787	829	0.004310
787	856	0.000021
788	792	0.208223
788	793	0.000029
788	799	0.000319
788	800	0.000001
788	803	0.000483
788	805	0.000015
788	806	0.000001
788	807	0.000009
788	809	0.000045
788	810	0.000254
788	815	0.000272
788	822	0.136481
788	823	0.000027
788	824	0.000012
788	829	0.024524
788	833	0.080970
788	834	0.000074
788	836	0.000066
788	837	0.000001
788	838	0.000002
788	839	0.000003
788	840	0.000050
788	841	0.000092
788	843	0.001956
788	847	0.011894
789	795	0.000218
789	796	0.000019
789	797	0.000009
789	798	0.000344
789	801	0.000003
789	802	0.000473
789	808	0.000177
789	821	0.137237
789	825	0.000004
789	826	0.000008
789	828	0.028699
789	832	0.087175
789	835	0.000066
789	844	0.001929
789	845	0.001268
789	846	0.024960
789	848	0.000007
789	849	0.000001
789	854	0.000001
790	794	0.000240
790	795	0.000020
790	796	0.000014
790	797	0.000314
790	798	0.000028
790	801	0.000418
790	802	0.000002
790	808	0.000070
790	814	0.000119
790	817	0.000003
790	820	0.137229
790	821	0.000799
790	825	0.000002
790	826	0.000002
790	827	0.028775
790	828	0.001271
790	830	0.000460
790	831	0.087583
790	832	0.000672
790	842	0.007370
790	844	0.002140
790	845	0.025279
790	846	0.008334
790	848	0.000002
790	852	0.000003
791	795	0.000008
791	796	0.000201
791	797	0.000042
791	798	0.000092
791	801	0.000001
791	802	0.000230
791	808	0.000002
791	814	0.000076
791	817	0.000002
791	819	0.131042
791	820	0.001282
791	825	0.000002
791	826	0.028192
791	827	0.001391
791	830	0.086856
791	831	0.000769
791	832	0.000014
791	842	0.005687
791	844	0.025033
791	845	0.009160
791	846	0.001010
791	849	0.000001
791	851	0.000004
791	852	0.000024
792	796	0.000041
792	797	0.000118
792	798	0.000131
792	801	0.000363
792	802	0.000067
792	808	0.000063
792	819	0.001488
792	821	0.000004
792	825	0.025034
792	826	0.001455
792	828	0.057360
792	832	0.000049
792	835	0.000002
792	844	0.009360
792	845	0.001011
792	846	0.000024
792	848	0.000001
792	850	0.000004
792	851	0.000023
793	797	0.000073
793	798	0.000059
793	801	0.000061
793	802	0.000023
793	808	0.000031
793	814	0.000130
793	817	0.140555
793	820	0.000003
793	825	0.001311
793	826	0.000008
793	827	0.057569
793	828	0.000327
793	830	0.001459
793	831	0.000032
793	835	0.000002
793	842	0.030606
793	844	0.000849
793	845	0.000017
793	846	0.000001
793	849	0.000002
793	850	0.000014
793	857	0.000110
794	803	0.001429
794	804	0.001576
794	809	0.000564
794	811	0.000511
794	816	0.140530
794	822	0.000272
794	823	0.021463
794	829	0.001921
794	856	0.000110
795	799	0.000052
795	800	0.000073
795	803	0.001588
795	804	0.000289
795	805	0.001453
795	806	0.003924
795	807	0.005250
795	809	0.000029
795	810	0.000651
795	811	0.000099
795	812	0.014486
795	813	0.003301
795	815	0.117613
795	816	0.000006
795	822	0.020747
795	823	0.000125
795	824	0.000376
795	829	0.000058
795	833	0.000002
795	834	0.000034
795	836	0.000329
795	837	0.000302
795	838	0.001315
795	839	0.048744
795	840	0.067942
795	841	0.003706
795	843	0.000020
795	858	0.000007
795	859	0.000074
796	800	0.000051
796	803	0.000473
796	804	0.001711
796	805	0.005382
796	806	0.007893
796	807	0.001931
796	809	0.000632
796	810	0.000622
796	811	0.035962
796	812	0.014036
796	813	0.028524
796	815	0.000191
796	816	0.000003
796	818	0.000003
796	822	0.000153
796	823	0.000382
796	824	0.057965
796	829	0.000046
796	833	0.000052
796	834	0.000620
796	836	0.000437
796	837	0.002163
796	838	0.090726
796	839	0.110641
796	840	0.006216
796	841	0.001315
796	843	0.000009
796	856	0.000003
796	858	0.000139
796	859	0.000060
797	803	0.001700
797	804	0.005344
797	805	0.008379
797	806	0.002367
797	807	0.000141
797	809	0.000612
797	810	0.039479
797	811	0.015097
797	812	0.029695
797	813	0.024741
797	815	0.000012
797	816	0.000003
797	818	0.000029
797	822	0.000335
797	823	0.058022
797	824	0.000286
797	829	0.000040
797	833	0.000657
797	834	0.007307
797	836	0.001957
797	837	0.100697
797	838	0.119659
797	839	0.006422
797	840	0.001749
797	841	0.000045
797	843	0.000002
797	853	0.000004
797	856	0.000010
797	858	0.000101
797	859	0.000019
798	803	0.003592
798	804	0.008144
798	805	0.002217
798	806	0.000176
798	807	0.000235
798	809	0.039936
798	810	0.011280
798	811	0.027765
798	812	0.023245
798	813	0.000955
798	815	0.000009
798	816	0.000003
798	818	0.000066
798	822	0.057113
798	823	0.000264
798	824	0.000047
798	829	0.000061
798	833	0.008915
798	834	0.000062
798	836	0.102258
798	837	0.109532
798	838	0.005524
798	839	0.001741
798	840	0.000050
798	841	0.000003
798	847	0.000020
798	856	0.001100
798	858	0.000030
798	859	0.000001
799	808	0.038012
799	819	0.000048
799	821	0.054245
799	825	0.000056
799	826	0.000976
799	828	0.000021
799	832	0.008592
799	835	0.067358
799	844	0.000002
799	845	0.000009
799	846	0.000031
799	854	0.000006
799	855	0.001498
800	808	0.029267
800	819	0.000591
800	821	0.000061
800	825	0.001064
800	826	0.000003
800	828	0.000006
800	832	0.000137
800	835	0.206628
800	844	0.000011
800	845	0.000025
800	854	0.001516
800	855	0.001077
801	805	0.000127
801	806	0.001499
801	807	0.031600
801	809	0.002318
801	810	0.037247
801	811	0.001725
801	812	0.001019
801	813	0.000140
801	815	0.000033
801	816	0.018443
801	818	0.000388
801	822	0.000027
801	823	0.000587
801	824	0.001024
801	829	0.000124
801	833	0.006108
801	834	0.251730
801	836	0.000013
801	837	0.000222
801	838	0.000024
801	839	0.000012
801	840	0.000007
801	841	0.000004
801	843	0.000009
801	853	0.000763
801	856	0.000005
801	858	0.000003
801	859	0.000563
802	806	0.022153
802	807	0.009809
802	809	0.037531
802	810	0.003622
802	811	0.001200
802	812	0.000175
802	813	0.000019
802	815	0.024814
802	816	0.000015
802	818	0.052581
802	822	0.001446
802	823	0.000846
802	824	0.000003
802	829	0.033115
802	833	0.253573
802	834	0.000077
802	836	0.000287
802	837	0.000028
802	838	0.000014
802	839	0.000008
802	840	0.000005
802	843	0.000029
802	853	0.008395
802	858	0.001054
802	859	0.000007
803	808	0.023336
803	814	0.025853
803	817	0.052771
803	819	0.000068
803	820	0.000657
803	821	0.004801
803	825	0.000001
803	826	0.000005
803	827	0.000637
803	828	0.073628
803	830	0.000100
803	831	0.072501
803	832	0.231590
803	835	0.000263
803	842	0.000030
803	846	0.000001
803	852	0.010840
803	857	0.001133
804	808	0.001100
804	814	0.000336
804	817	0.000313
804	819	0.000537
804	820	0.005605
804	821	0.000308
804	825	0.000005
804	826	0.000618
804	827	0.082567
804	828	0.000005
804	830	0.072995
804	831	0.229776
804	832	0.000024
804	835	0.000002
804	846	0.000003
804	851	0.010847
804	852	0.000026
804	857	0.000295
805	819	0.005137
805	821	0.000044
805	825	0.000573
805	826	0.082697
805	828	0.000522
805	832	0.000013
805	835	0.000002
805	845	0.000003
805	846	0.000184
805	850	0.010853
805	851	0.000024
805	855	0.000520
806	819	0.000024
806	821	0.000007
806	825	0.079495
806	826	0.000899
806	828	0.001864
806	832	0.000017
806	844	0.000002
806	845	0.000212
806	849	0.010830
806	850	0.000021
806	854	0.000265
806	855	0.001255
807	819	0.000858
807	821	0.000024
807	825	0.001196
807	826	0.000028
807	828	0.077423
807	832	0.000014
807	835	0.000008
807	844	0.000223
807	848	0.010817
807	849	0.000013
807	854	0.001805
808	812	0.000239
808	813	0.002398
808	815	0.006922
808	816	0.000071
808	818	0.001650
808	822	0.000148
808	823	0.072541
808	824	0.000810
808	829	0.001257
808	833	0.000004
808	834	0.000008
808	836	0.000001
808	843	0.000226
808	847	0.010780
808	853	0.002102
809	814	0.007712
809	817	0.001737
809	819	0.000001
809	820	0.001305
809	821	0.000020
809	825	0.000037
809	826	0.003945
809	827	0.291105
809	828	0.000111
809	830	0.001576
809	831	0.000015
809	832	0.000004
809	835	0.000001
809	842	0.000224
809	844	0.000002
809	845	0.000086
809	846	0.010477
809	852	0.002116
810	819	0.001301
810	821	0.087728
810	825	0.004366
810	826	0.290281
810	828	0.020187
810	832	0.000049
810	835	0.000003
810	844	0.000158
810	845	0.009635
810	846	0.000020
810	850	0.000001
810	851	0.002065
811	817	0.000113
811	820	0.088512
811	821	0.000003
811	825	0.270332
811	826	0.000213
811	827	0.021256
811	830	0.000006
811	831	0.000059
811	832	0.000005
811	835	0.000003
811	842	0.000340
811	844	0.006811
811	845	0.000027
811	846	0.000003
811	849	0.000002
811	850	0.001964
811	852	0.000002
812	819	0.078875
812	821	0.000009
812	825	0.000413
812	826	0.020820
812	832	0.000010
812	835	0.000007
812	844	0.000037
812	845	0.000005
812	848	0.000002
812	849	0.001764
812	850	0.000002
812	851	0.000002
813	819	0.000075
813	821	0.000005
813	825	0.015787
813	826	0.000005
813	832	0.000004
813	835	0.000001
813	844	0.000006
813	848	0.001157
813	849	0.000002
813	850	0.000001
814	822	0.318506
814	823	0.002356
814	829	0.001034
815	819	0.000003
815	821	0.317804
815	825	0.000005
815	826	0.000002
815	828	0.001046
815	832	0.000047
815	835	0.000002
815	844	0.000013
815	845	0.000009
815	846	0.000131
815	848	0.000003
816	820	0.304085
816	821	0.000077
816	825	0.000004
816	827	0.001041
816	830	0.001114
816	831	0.000028
816	835	0.000002
816	842	0.000008
816	844	0.000008
816	845	0.000094
816	846	0.000003
816	848	0.000001
816	857	0.000930
817	822	0.000551
817	823	0.000200
817	829	0.001147
817	856	0.000933
818	825	0.000703
818	826	0.000198
818	828	0.000987
818	832	0.000003
818	835	0.003264
818	844	0.000024
818	845	0.000004
818	846	0.000012
818	854	0.000002
818	855	0.000905
819	823	0.000007
819	824	0.000644
819	829	0.000002
819	833	0.000028
819	834	0.003658
819	836	0.000056
819	837	0.000012
819	838	0.000002
819	840	0.000001
819	841	0.000001
819	843	0.000019
819	847	0.000001
819	853	0.000002
820	829	0.000209
821	829	0.000086
821	833	0.001378
821	834	0.000045
821	836	0.000007
821	837	0.000002
821	838	0.000010
821	839	0.000004
821	840	0.000006
821	841	0.000006
821	843	0.000165
821	847	0.000030
821	853	0.000915
821	858	0.000089
822	826	0.000009
822	827	0.000842
822	828	0.000357
822	830	0.000055
822	831	0.016183
822	832	0.001442
822	835	0.000004
822	842	0.000185
822	846	0.000035
822	850	0.000018
822	851	0.000005
822	852	0.000977
822	857	0.000113
823	827	0.000434
823	828	0.000021
823	830	0.016196
823	831	0.001485
823	832	0.000025
823	835	0.000001
823	842	0.000012
823	845	0.000041
823	846	0.000007
823	849	0.000024
823	850	0.000009
823	851	0.000964
823	852	0.000040
823	855	0.000011
823	857	0.000042
824	828	0.000168
824	832	0.000056
824	835	0.002550
824	844	0.000063
824	845	0.000018
824	846	0.000017
824	848	0.000029
824	849	0.000009
824	850	0.000938
824	851	0.000039
824	854	0.000013
824	855	0.000088
825	829	0.000150
825	833	0.000086
825	834	0.002724
825	836	0.000040
825	837	0.000123
825	838	0.000067
825	839	0.000177
825	840	0.000144
825	841	0.000048
825	843	0.000057
825	847	0.000029
825	853	0.000009
825	856	0.000009
825	858	0.000004
825	859	0.000012
826	833	0.002216
826	834	0.000028
826	836	0.000138
826	837	0.000076
826	838	0.000190
826	839	0.000167
826	840	0.000059
826	841	0.000011
826	843	0.000008
826	847	0.000003
826	853	0.000005
826	856	0.000004
826	858	0.000010
826	859	0.000025
827	856	0.000034
828	833	0.000104
828	834	0.000502
828	836	0.000409
828	837	0.000849
828	838	0.000184
828	839	0.000139
828	840	0.000122
828	841	0.000063
828	843	0.001174
828	847	0.000009
828	853	0.000608
828	856	0.000002
828	858	0.013518
828	859	0.000008
829	835	0.000412
829	842	0.001502
829	844	0.000005
829	845	0.000006
829	846	0.000013
829	848	0.000001
829	849	0.000003
829	850	0.000009
829	851	0.000011
829	852	0.000925
829	854	0.000013
829	855	0.000006
829	857	0.019638
830	856	0.019615
831	856	0.000809
832	836	0.000084
832	837	0.000298
832	838	0.000252
832	839	0.000626
832	840	0.000154
832	841	0.000215
832	843	0.000030
832	847	0.001985
832	853	0.000376
832	856	0.014830
832	858	0.000035
832	859	0.000006
833	844	0.000020
833	845	0.001102
833	846	0.002505
833	848	0.000095
833	849	0.147880
833	850	0.000929
833	851	0.000330
833	854	0.000486
833	855	0.024740
834	844	0.001488
834	845	0.002460
834	846	0.000174
834	848	0.199639
834	849	0.000747
834	850	0.000286
834	851	0.000093
834	854	0.027174
834	855	0.000191
835	839	0.000075
835	840	0.000270
835	841	0.000168
835	843	0.001476
835	847	0.208843
835	853	0.025444
835	856	0.000471
835	858	0.000008
835	859	0.000003
836	844	0.000089
836	845	0.001110
836	846	0.211266
836	848	0.000097
836	849	0.000294
836	850	0.001395
836	851	0.014569
836	854	0.000026
836	855	0.000602
837	844	0.001266
837	845	0.206891
837	846	0.008327
837	848	0.000325
837	849	0.001569
837	850	0.016174
837	851	0.015627
837	854	0.000518
837	855	0.000092
838	844	0.173015
838	845	0.009600
838	846	0.003833
838	848	0.001375
838	849	0.016382
838	850	0.017480
838	851	0.006495
838	854	0.000079
838	855	0.000070
839	844	0.007357
839	845	0.004358
839	846	0.003275
839	848	0.015494
839	849	0.017183
839	850	0.008025
839	851	0.000602
839	854	0.000062
839	855	0.000070
840	844	0.002714
840	845	0.002981
840	846	0.002082
840	848	0.014745
840	849	0.008428
840	850	0.000711
840	851	0.000335
840	854	0.000063
840	855	0.000060
841	845	0.001405
841	846	0.001196
841	848	0.006299
841	849	0.000626
841	850	0.000374
841	851	0.000026
841	854	0.000052
841	855	0.000014
842	856	0.004612
843	848	0.000090
843	849	0.000244
843	850	0.000293
843	851	0.000101
843	854	0.000246
843	855	0.004437
844	853	0.000322
844	856	0.000018
844	858	0.000030
844	859	0.000032
845	853	0.000295
845	856	0.000033
845	858	0.000050
845	859	0.000023
846	853	0.000125
846	856	0.000498
846	858	0.000036
846	859	0.000004
847	851	0.000046
847	854	0.000216
847	855	0.000601
848	853	0.000209
848	856	0.000056
848	858	0.000017
848	859	0.000085
849	853	0.000042
849	856	0.000185
849	858	0.000152
849	859	0.000053
850	856	0.000185
850	858	0.000108
850	859	0.000187
851	856	0.000055
851	858	0.000287
851	859	0.000015
852	856	0.000164
854	858	0.000040
854	859	0.000040
855	859	0.000016
