1	7	0.000220
1	8	0.000190
1	9	0.000048
1	12	0.000334
1	13	0.000167
1	15	0.001466
1	29	0.000025
1	33	0.000060
1	41	0.160343
1	55	0.000028
1	67	0.002306
1	735	0.000005
1	738	0.000906
1	743	0.003936
1	744	0.000058
1	747	0.064755
1	755	0.000146
1	769	0.000012
1	781	0.000011
1	785	0.000001
2	7	0.000650
2	8	0.000143
2	9	0.000029
2	11	0.000447
2	12	0.000332
2	13	0.000006
2	14	0.001769
2	15	0.000575
2	28	0.000049
2	30	0.005468
2	32	0.000064
2	33	0.000015
2	39	0.000407
2	40	0.218192
2	41	0.001263
2	42	0.003688
2	46	0.001498
2	50	0.000107
2	52	0.000038
2	53	0.003864
2	55	0.000001
2	62	0.001408
2	64	0.000004
2	65	0.000154
2	66	0.002585
2	67	0.000008
2	734	0.000007
2	735	0.000002
2	737	0.001197
2	738	0.000002
2	740	0.000370
2	741	0.000083
2	742	0.005208
2	743	0.000099
2	744	0.000001
2	745	0.000092
2	746	0.073576
2	747	0.000033
2	749	0.000030
2	751	0.000113
2	752	0.000141
2	753	0.001029
2	755	0.000006
2	757	0.000040
2	758	0.001009
2	759	0.000330
2	760	0.000031
2	761	0.000049
2	768	0.000024
2	780	0.000009
2	781	0.001185
2	789	0.000961
2	792	0.002750
3	7	0.000122
3	8	0.000088
3	9	0.000042
3	11	0.000354
3	12	0.000009
3	13	0.001743
3	14	0.000745
3	29	0.005525
3	30	0.000052
3	32	0.000016
3	39	0.218774
3	40	0.001568
3	41	0.002981
3	42	0.033550
3	46	0.000102
3	50	0.000032
3	52	0.003836
3	53	0.000023
3	61	0.001419
3	62	0.000009
3	64	0.000155
3	65	0.002565
3	66	0.000009
3	733	0.000006
3	734	0.000003
3	736	0.001197
3	737	0.000002
3	739	0.000373
3	740	0.000075
3	741	0.005179
3	742	0.000105
3	743	0.000001
3	744	0.000086
3	745	0.073545
3	746	0.000039
3	749	0.000042
3	751	0.000142
3	752	0.000819
3	753	0.000356
3	755	0.000008
3	757	0.001023
3	758	0.000328
3	759	0.000032
3	760	0.000049
3	767	0.000026
3	779	0.000003
3	780	0.001392
3	789	0.000744
3	792	0.002645
4	8	0.000055
4	9	0.000132
4	12	0.001657
4	13	0.000720
4	26	0.000077
4	28	0.005554
4	29	0.000030
4	41	0.032190
4	60	0.001449
4	61	0.000005
4	732	0.000004
4	735	0.001020
4	738	0.000318
4	743	0.000203
4	744	0.062915
4	747	0.000014
4	755	0.001830
4	766	0.000025
4	779	0.001397
4	785	0.000013
5	10	0.001171
5	16	0.000013
5	25	0.000081
5	27	0.005572
5	48	0.000113
5	56	0.000090
5	59	0.001455
5	68	0.000002
5	748	0.000226
5	754	0.001912
5	765	0.000024
5	778	0.001394
5	784	0.000014
5	786	0.000479
5	787	0.000012
5	788	0.000041
5	790	0.001461
5	791	0.001502
6	12	0.000007
6	13	0.000006
6	15	0.000013
6	24	0.000080
6	26	0.005536
6	41	0.000293
6	55	0.000099
6	58	0.001337
6	67	0.000003
6	738	0.000002
6	743	0.000673
6	744	0.000007
6	747	0.000184
6	755	0.000030
6	763	0.000002
6	774	0.000007
6	785	0.000470
7	17	0.000001
7	21	0.000007
7	22	0.000015
7	25	0.005148
7	37	0.000069
7	38	0.005309
7	43	0.000078
7	44	0.000091
7	45	0.000054
7	47	0.000153
7	48	0.000109
7	49	0.000082
7	51	0.000011
7	54	0.000094
7	56	0.000001
7	57	0.001231
7	63	0.000003
7	754	0.000029
7	756	0.000002
7	762	0.000001
7	773	0.000007
7	775	0.000001
7	776	0.000044
7	777	0.000034
7	784	0.000441
7	788	0.000005
7	790	0.000015
7	791	0.000030
7	793	0.000020
8	16	0.000002
8	17	0.000013
8	19	0.000007
8	21	0.000041
8	22	0.002607
8	25	0.000009
8	34	0.000002
8	37	0.003109
8	38	0.741496
8	43	0.000058
8	44	0.000042
8	45	0.000010
8	47	0.000053
8	48	0.000064
8	49	0.000004
8	51	0.000002
8	56	0.000313
8	772	0.000004
8	775	0.000024
8	776	0.000024
8	783	0.000221
8	790	0.000012
8	791	0.000015
8	793	0.000005
9	16	0.000013
9	17	0.000001
9	19	0.000270
9	21	0.003224
9	22	0.000071
9	31	0.000040
9	34	0.000012
9	37	0.949404
9	38	0.000308
9	43	0.000013
9	44	0.000003
9	47	0.000014
9	48	0.000002
9	54	0.000002
9	775	0.000010
9	782	0.000042
9	790	0.000011
9	791	0.000001
9	793	0.000154
10	14	0.000006
10	15	0.000004
10	18	0.000314
10	20	0.003248
10	23	0.000189
10	24	0.000004
10	26	0.000007
10	30	0.000050
10	32	0.000019
10	33	0.000012
10	36	0.986862
10	42	0.000003
10	46	0.000003
10	53	0.000001
10	789	0.000011
10	792	0.000247
11	16	0.000602
11	25	0.000010
11	35	0.986950
11	788	0.000011
11	791	0.000247
12	16	0.000010
12	17	0.000021
12	19	0.000218
12	21	0.000045
12	22	0.000053
12	31	0.000013
12	34	0.979156
12	35	0.000003
12	787	0.000009
12	790	0.000221
13	17	0.000066
13	19	0.000029
13	21	0.000048
13	22	0.000006
13	31	0.000126
13	34	0.000114
13	49	0.000006
13	786	0.000001
13	788	0.000001
14	25	0.000001
14	35	0.000004
14	48	0.000006
14	787	0.000001
14	788	0.000160
15	19	0.000005
15	21	0.000027
15	22	0.000006
15	31	0.904572
15	34	0.000010
15	47	0.000006
15	787	0.000156
16	20	0.000029
16	23	0.000003
16	28	0.000022
16	29	0.079438
16	30	0.908436
16	32	0.000054
16	33	0.000005
16	46	0.000006
17	26	0.000082
17	28	0.532203
17	29	0.458235
17	785	0.000140
18	25	0.000158
18	27	0.982628
18	59	0.000001
18	784	0.000140
19	24	0.000116
19	26	0.981685
19	28	0.010381
19	58	0.000001
20	25	0.978191
20	27	0.010630
20	57	0.000001
20	782	0.000130
21	26	0.008043
21	28	0.000001
21	29	0.000003
21	781	0.000127
22	26	0.000007
22	28	0.000017
22	779	0.000134
23	27	0.000017
23	778	0.000138
23	791	0.000001
24	37	0.000002
24	777	0.000130
24	790	0.000001
24	793	0.000012
25	36	0.000003
25	52	0.000001
25	64	0.000002
25	792	0.000020
26	35	0.000003
26	37	0.000005
26	51	0.000001
26	63	0.000002
26	775	0.000107
26	790	0.000017
26	791	0.000010
27	36	0.000006
27	50	0.000001
27	62	0.000002
27	774	0.000135
27	789	0.000050
28	35	0.000006
28	49	0.000001
28	773	0.000136
28	788	0.000051
29	34	0.000003
29	48	0.000001
29	772	0.000135
29	787	0.000053
30	59	0.000002
30	771	0.000134
30	786	0.000082
31	58	0.000002
31	770	0.000124
31	785	0.000082
32	57	0.000002
32	784	0.000082
32	791	0.000002
33	56	0.000002
33	782	0.000012
33	783	0.000068
33	790	0.000002
33	793	0.000036
34	41	0.000003
34	55	0.000002
34	768	0.000085
34	769	0.000001
34	781	0.000031
35	40	0.000003
35	42	0.000001
35	749	0.000001
35	766	0.000001
35	767	0.000086
35	768	0.000001
35	769	0.000001
35	779	0.000002
35	780	0.000032
35	789	0.000012
35	792	0.012597
36	59	0.000001
36	748	0.000001
36	765	0.000002
36	778	0.000008
36	782	0.000012
36	788	0.000012
36	790	0.000005
36	791	0.012648
37	41	0.000002
37	61	0.000005
37	747	0.000001
37	766	0.000003
37	779	0.000004
37	781	0.000012
38	55	0.000001
38	58	0.000693
38	60	0.000015
38	67	0.000001
38	75	0.000002
38	755	0.000021
38	766	0.000065
38	779	0.000044
38	785	0.000006
39	48	0.000550
39	56	0.000003
39	57	0.000896
39	59	0.000019
39	68	0.000002
39	69	0.000013
39	72	0.004074
39	754	0.000026
39	762	0.000001
39	765	0.000077
39	778	0.000050
39	784	0.000004
39	786	0.000237
39	787	0.006486
39	788	0.102409
39	790	0.278467
39	791	0.024131
40	48	0.005754
40	56	0.000914
40	57	0.000005
40	59	0.000002
40	68	0.000025
40	69	0.000002
40	71	0.004111
40	754	0.000005
40	764	0.000076
40	778	0.000024
40	784	0.000476
40	786	0.006481
40	787	0.102541
40	788	0.429034
40	790	0.021274
40	791	0.000081
41	45	0.000049
41	47	0.005416
41	48	0.000092
41	49	0.011854
41	51	0.000008
41	54	0.000007
41	56	0.000002
41	57	0.000024
41	63	0.000004
41	68	0.000002
41	69	0.000022
41	70	0.004089
41	73	0.000003
41	756	0.000002
41	772	0.001151
41	773	0.000003
41	775	0.000010
41	776	0.000023
41	777	0.000029
41	783	0.000509
41	784	0.000008
41	786	0.014074
41	787	0.444716
41	788	0.003277
41	790	0.000060
41	791	0.000053
41	793	0.000002
42	48	0.015991
42	56	0.000153
42	59	0.000018
42	68	0.000209
42	69	0.003970
42	72	0.000003
42	748	0.000015
42	754	0.000008
42	762	0.000024
42	764	0.000003
42	771	0.001374
42	782	0.000483
42	784	0.006529
42	786	0.543616
42	787	0.003241
42	788	0.001889
42	790	0.000141
42	791	0.000031
43	55	0.000145
43	58	0.000017
43	61	0.000005
43	67	0.000339
43	743	0.000001
43	744	0.000002
43	747	0.000014
43	755	0.000005
43	763	0.000003
43	770	0.001356
43	774	0.000110
43	781	0.000406
43	785	0.536833
44	55	0.000032
44	58	0.000002
44	60	0.000002
44	61	0.000510
44	67	0.000132
44	743	0.000003
44	744	0.000002
44	755	0.000009
44	769	0.001145
44	770	0.000012
44	774	0.000041
44	779	0.000003
44	781	0.000001
44	785	0.000285
45	55	0.000033
45	58	0.000011
45	60	0.000624
45	61	0.000009
45	67	0.000042
45	743	0.000002
45	755	0.000517
45	763	0.000014
45	768	0.000405
45	769	0.000018
45	770	0.000006
45	774	0.000021
45	779	0.000171
45	781	0.000003
45	785	0.000984
46	56	0.001905
46	57	0.000011
46	59	0.000639
46	68	0.000906
46	748	0.000696
46	754	0.000551
46	762	0.000014
46	764	0.000003
46	771	0.011762
46	778	0.000122
46	782	0.568916
46	784	0.000580
46	786	0.000002
46	790	0.000093
46	791	0.000092
47	55	0.002040
47	58	0.000584
47	60	0.000050
47	61	0.000112
47	67	0.001103
47	75	0.000018
47	743	0.000025
47	747	0.000697
47	755	0.000015
47	763	0.000003
47	766	0.000005
47	768	0.000898
47	769	0.000003
47	770	0.011919
47	781	0.572888
47	785	0.000001
48	52	0.000222
48	53	0.004194
48	55	0.000027
48	58	0.000001
48	60	0.000081
48	61	0.060372
48	62	0.012598
48	64	0.000079
48	65	0.000039
48	66	0.000996
48	74	0.000020
48	741	0.000003
48	742	0.000027
48	745	0.000006
48	746	0.000659
48	749	0.000003
48	752	0.000004
48	753	0.000425
48	755	0.000026
48	757	0.000124
48	758	0.000162
48	759	0.000023
48	760	0.000008
48	761	0.000004
48	767	0.001184
48	768	0.000004
48	769	0.011946
48	770	0.000003
48	780	0.573516
48	789	0.000063
48	792	0.000630
49	55	0.000087
49	58	0.000134
49	60	0.077095
49	61	0.006325
49	744	0.000006
49	755	0.002386
49	763	0.000001
49	766	0.000868
49	768	0.011797
49	769	0.000004
49	770	0.000002
49	779	0.572902
50	56	0.000761
50	57	0.000157
50	59	0.084928
50	68	0.000002
50	71	0.000035
50	72	0.000018
50	748	0.000004
50	754	0.002518
50	762	0.000001
50	764	0.000097
50	765	0.000418
50	771	0.000062
50	778	0.570022
50	786	0.000006
50	788	0.000008
50	790	0.000120
50	791	0.000162
51	55	0.000556
51	58	0.084723
51	60	0.000049
51	67	0.000003
51	743	0.000001
51	747	0.000003
51	755	0.053173
51	763	0.000166
51	766	0.498299
51	768	0.000087
51	769	0.000052
51	770	0.000061
51	774	0.000069
51	779	0.000003
51	785	0.000006
52	56	0.000088
52	57	0.083910
52	59	0.000051
52	68	0.000002
52	69	0.000521
52	754	0.058512
52	762	0.000169
52	764	0.000039
52	765	0.515000
52	771	0.000004
52	778	0.000007
52	784	0.000006
52	787	0.000031
52	788	0.000007
52	790	0.000046
52	791	0.005789
53	57	0.000056
53	59	0.000015
53	68	0.000871
53	748	0.000003
53	754	0.004871
53	762	0.000031
53	764	0.515250
53	771	0.000108
53	778	0.000005
53	782	0.000004
53	786	0.000031
53	787	0.000006
53	788	0.000002
53	790	0.005809
53	791	0.000033
54	58	0.000011
54	61	0.000001
54	67	0.001098
54	747	0.000003
54	755	0.041209
54	763	0.512085
54	770	0.000086
54	774	0.000852
54	781	0.000002
54	785	0.000029
55	63	0.000045
55	754	0.044826
55	756	0.000184
55	762	0.500025
55	771	0.000005
55	772	0.000032
55	773	0.000871
55	775	0.000013
55	776	0.000009
55	777	0.000032
55	778	0.000002
55	784	0.000023
55	788	0.000004
55	790	0.000001
55	791	0.000002
55	793	0.000148
56	62	0.000059
56	64	0.000010
56	65	0.004867
56	66	0.000645
56	67	0.000037
56	75	0.000006
56	742	0.000026
56	746	0.000006
56	751	0.000018
56	752	0.693759
56	753	0.035465
56	755	0.000008
56	757	0.000017
56	758	0.000319
56	759	0.000167
56	760	0.000559
56	761	0.164211
56	792	0.000217
57	61	0.000025
57	62	0.000026
57	64	0.004941
57	65	0.000632
57	66	0.000046
57	74	0.000009
57	741	0.000026
57	745	0.000006
57	749	0.000005
57	751	0.756645
57	752	0.018508
57	753	0.000016
57	755	0.000001
57	757	0.000334
57	758	0.000152
57	759	0.000919
57	760	0.128554
57	761	0.000001
57	792	0.000002
58	63	0.004352
58	72	0.000001
58	73	0.000009
58	748	0.000008
58	750	0.864498
58	754	0.000115
58	756	0.000343
58	775	0.000168
58	790	0.000166
59	64	0.000482
59	65	0.000126
59	66	0.000365
59	67	0.000010
59	74	0.000028
59	694	0.000018
59	741	0.000007
59	742	0.000004
59	745	0.000011
59	746	0.000016
59	747	0.000004
59	749	0.866925
59	751	0.002161
59	752	0.000012
59	753	0.000085
59	755	0.000144
59	757	0.005635
59	758	0.007046
59	759	0.007577
59	774	0.000178
59	789	0.000170
59	792	0.000001
60	70	0.000003
60	71	0.000009
60	73	0.000028
60	693	0.000018
60	748	0.851380
60	750	0.002121
60	754	0.000024
60	756	0.005209
60	773	0.000180
60	788	0.000170
61	69	0.000004
61	70	0.000010
61	72	0.000028
61	692	0.000018
61	748	0.000329
61	750	0.000054
61	754	0.000051
61	756	0.000668
61	772	0.000180
61	787	0.000169
61	791	0.000004
62	68	0.000117
62	69	0.000011
62	71	0.000028
62	691	0.000018
62	748	0.002953
62	754	0.001536
62	771	0.000180
62	786	0.000170
62	790	0.000023
63	67	0.000129
63	690	0.000018
63	743	0.000367
63	744	0.001193
63	747	0.002963
63	755	0.003887
63	766	0.000002
63	770	0.000140
63	785	0.000169
64	68	0.000009
64	69	0.000002
64	72	0.000004
64	689	0.000018
64	748	0.000022
64	754	0.004082
64	765	0.000004
64	784	0.000168
64	788	0.000031
64	791	0.000040
65	71	0.000004
65	72	0.000009
65	687	0.000010
65	748	0.000048
65	754	0.000100
65	764	0.000004
65	782	0.000025
65	787	0.000031
65	790	0.000040
65	791	0.000034
66	71	0.000009
66	687	0.000004
66	748	0.000230
66	754	0.000017
66	778	0.000002
66	782	0.000062
66	786	0.000031
66	790	0.000034
66	791	0.000001
67	684	0.000003
67	685	0.000002
67	748	0.000028
67	750	0.009105
67	754	0.000005
67	762	0.000002
67	777	0.000002
67	790	0.000001
68	683	0.000003
68	737	0.001351
68	739	0.000006
68	740	0.975348
68	741	0.002112
68	742	0.000355
68	743	0.000010
68	745	0.000131
68	746	0.000927
68	749	0.009770
68	751	0.000003
68	752	0.000032
68	753	0.000009
68	761	0.000002
69	682	0.000003
69	683	0.000014
69	736	0.001359
69	738	0.000001
69	739	0.981509
69	740	0.001070
69	741	0.000315
69	742	0.000009
69	744	0.000138
69	745	0.000928
69	749	0.000029
69	751	0.000031
69	752	0.000009
69	760	0.000002
70	682	0.000013
70	735	0.001360
70	738	0.982610
70	743	0.000274
70	744	0.000812
70	747	0.009894
70	769	0.000002
71	680	0.000003
71	734	0.001359
71	735	0.000002
71	736	0.000005
71	737	0.982925
71	738	0.000002
71	739	0.000001
71	740	0.000296
71	741	0.000015
71	742	0.000388
71	743	0.000658
71	746	0.009963
71	758	0.000002
71	768	0.000002
71	781	0.000012
72	77	0.000008
72	680	0.000007
72	733	0.001139
72	734	0.000010
72	735	0.000006
72	736	0.982232
72	737	0.000003
72	739	0.000297
72	740	0.000015
72	741	0.000387
72	742	0.000653
72	745	0.009956
72	757	0.000002
72	767	0.000003
72	780	0.000012
73	79	0.000002
73	732	0.000788
73	735	0.836910
73	738	0.000255
73	743	0.000018
73	744	0.008510
73	755	0.000001
73	766	0.000003
73	779	0.000012
74	78	0.000005
74	675	0.000271
74	679	0.000008
74	691	0.000002
74	695	0.000002
74	754	0.000001
74	765	0.000002
74	778	0.000012
75	675	0.000054
75	677	0.000445
75	692	0.000017
75	693	0.000084
75	764	0.000002
75	777	0.000012
76	675	0.000231
76	677	0.000322
76	692	0.000102
76	693	0.000010
76	696	0.000001
76	776	0.000010
77	673	0.000001
77	675	0.903033
77	691	0.000045
77	695	0.000002
78	674	0.999254
78	676	0.000001
78	694	0.000003
78	734	0.000003
79	672	0.000002
79	673	0.998618
79	675	0.000001
79	693	0.000003
80	672	0.998133
80	692	0.000001
81	671	0.999975
82	670	0.999991
83	669	0.999956
84	668	0.996863
85	666	0.001651
86	667	0.915261
87	667	0.000338
88	664	0.000006
88	665	0.994145
88	666	0.000043
89	664	0.999956
89	665	0.000024
90	663	0.999963
91	662	0.999957
92	661	0.999991
93	660	0.999980
94	659	0.999388
95	656	0.000013
95	657	0.000229
95	658	0.997776
98	655	0.982843
99	654	0.999938
100	653	0.999991
101	652	0.999957
102	651	0.999956
103	650	0.999949
104	648	0.000322
104	649	0.987533
105	645	0.000001
105	647	0.000848
105	648	0.821023
105	649	0.001145
106	646	0.001372
107	644	0.000002
107	647	0.880796
107	648	0.000243
108	646	0.881457
109	646	0.002428
110	643	0.000470
110	644	0.997612
111	642	0.000457
111	643	0.999496
111	644	0.000002
112	642	0.998020
113	641	0.999926
114	640	0.999978
115	639	0.994406
116	635	0.000839
116	636	0.056438
116	638	0.941045
117	635	0.075942
117	636	0.792640
117	638	0.000123
119	631	0.000002
119	632	0.949020
119	633	0.045508
120	631	0.965922
120	632	0.032220
120	633	0.001294
121	630	0.978546
121	634	0.000005
121	637	0.000331
122	626	0.000005
122	629	0.979477
122	631	0.019821
122	632	0.000041
122	633	0.000004
123	625	0.000005
123	628	0.965945
123	630	0.019413
123	635	0.000414
124	130	0.000002
124	624	0.000006
124	625	0.000003
124	628	0.020980
124	630	0.000497
124	634	0.000414
125	129	0.000002
125	626	0.007842
125	627	0.846443
125	629	0.009223
125	632	0.000008
125	633	0.000409
126	622	0.000003
126	626	0.964002
126	627	0.000026
126	629	0.000010
126	631	0.000014
126	632	0.000402
127	622	0.000014
127	627	0.013184
128	622	0.000055
128	626	0.013372
128	629	0.000392
128	631	0.000013
129	623	0.978769
129	625	0.012883
129	628	0.000392
129	630	0.000013
130	622	0.968550
130	627	0.000385
131	619	0.000002
131	620	0.996431
131	622	0.000006
131	626	0.000095
132	619	0.999927
132	620	0.000051
133	618	0.999965
133	619	0.000026
134	617	0.999938
135	615	0.000141
135	616	0.998339
136	614	0.000144
136	615	0.999831
137	613	0.000147
137	614	0.999841
138	611	0.000189
138	613	0.999787
139	609	0.000412
139	610	0.000255
139	612	0.998747
140	608	0.001937
140	611	0.995176
142	607	0.982147
142	608	0.014479
143	606	0.999947
143	609	0.000002
144	605	0.999509
145	604	0.999981
146	603	0.999991
147	602	0.999977
148	601	0.999511
149	600	0.999970
150	596	0.000003
150	598	0.000003
150	599	0.999028
151	595	0.000033
151	597	0.000003
151	598	0.998830
152	594	0.000038
152	596	0.000006
152	597	0.999911
153	593	0.000039
153	594	0.000008
153	596	0.997014
153	597	0.000012
154	592	0.000021
155	592	0.000016
156	592	0.000484
157	592	0.988913
158	591	0.999943
159	590	0.999976
160	589	0.999698
161	588	0.999937
162	585	0.000003
162	586	0.001469
162	587	0.998471
163	584	0.000003
163	585	0.002938
163	586	0.997023
163	587	0.000013
164	215	0.000001
164	583	0.000004
164	584	0.004405
164	585	0.995505
164	586	0.000025
165	214	0.000004
165	215	0.000390
165	480	0.000001
165	582	0.000002
165	583	0.005806
165	584	0.986202
165	585	0.000037
166	211	0.000001
166	216	0.000044
166	217	0.000013
166	218	0.000007
166	479	0.000001
167	175	0.000095
167	213	0.030117
167	215	0.000023
167	480	0.000001
167	540	0.000009
167	582	0.001658
167	583	0.293083
167	584	0.000042
168	174	0.000096
168	211	0.000032
168	212	0.032260
169	173	0.000095
169	210	0.000026
169	211	0.995147
169	212	0.000002
170	210	0.999686
170	211	0.000014
171	209	0.999619
172	205	0.000002
172	206	0.000015
172	207	0.000497
172	208	0.989037
172	210	0.000001
173	209	0.000003
175	204	0.002909
175	206	0.241540
176	203	0.002192
176	204	0.994795
176	206	0.000006
177	202	0.001466
177	203	0.997770
177	204	0.000019
178	201	0.000739
178	202	0.998511
178	203	0.000013
179	199	0.000001
179	201	0.999231
179	202	0.000007
180	200	0.999463
181	198	0.000001
181	199	0.998119
182	198	0.998841
183	197	0.999964
184	196	0.999509
185	193	0.000002
185	195	0.999972
186	192	0.000006
186	194	0.999917
187	191	0.000024
187	193	0.991644
187	195	0.000007
188	192	0.980165
188	194	0.000008
189	193	0.000009
211	480	0.000010
211	583	0.000001
212	480	0.965865
213	218	0.000004
213	479	0.969605
214	218	0.000015
214	219	0.000002
214	477	0.000012
214	478	0.975236
214	479	0.000030
215	477	0.975512
215	479	0.000252
216	476	0.664867
216	540	0.000001
217	476	0.002862
218	473	0.000006
218	476	0.001989
218	480	0.000172
218	583	0.000007
219	472	0.000006
219	476	0.314445
220	471	0.000004
220	474	0.000013
220	475	0.990240
221	474	0.999758
222	470	0.000002
222	473	0.999930
223	469	0.000002
223	472	0.999427
224	468	0.000001
224	471	0.997575
225	469	0.000639
225	470	0.948947
226	466	0.000002
226	467	0.000019
226	468	0.000890
227	466	0.000019
227	467	0.000522
227	468	0.951220
228	467	0.989702
229	469	0.000002
230	465	0.981588
230	466	0.000952
231	464	0.999852
232	462	0.000001
232	463	0.999012
233	462	0.998626
233	463	0.000001
234	461	0.999322
235	460	0.998642
236	459	0.999851
236	460	0.000002
237	458	0.999162
238	456	0.000001
238	457	0.998121
239	456	0.999263
239	457	0.000001
240	455	0.999984
241	454	0.999970
242	453	0.999129
243	452	0.997045
243	454	0.000005
244	451	0.974474
244	453	0.000211
245	452	0.000412
246	448	0.000005
246	449	0.000045
246	450	0.997878
246	451	0.000054
247	449	0.997790
247	451	0.000046
248	448	0.979791
248	449	0.001272
248	450	0.000064
249	446	0.002002
249	448	0.003340
249	449	0.000015
250	446	0.966623
250	448	0.000003
251	444	0.000002
251	445	0.999979
252	444	0.999975
253	443	0.999355
254	442	0.997734
255	439	0.000044
256	439	0.998128
257	438	0.999917
258	437	0.999957
259	436	0.999980
260	435	0.999583
261	434	0.999964
262	433	0.999418
263	429	0.000184
263	430	0.000002
263	431	0.000009
263	432	0.998850
264	269	0.000180
264	394	0.000004
264	428	0.000237
264	431	0.996678
265	409	0.000003
265	410	0.000001
266	393	0.000010
266	396	0.000025
266	397	0.000001
266	407	0.000002
266	409	0.000002
266	410	0.000026
267	409	0.000054
267	410	0.000001
268	394	0.005232
268	395	0.002610
268	408	0.000064
268	426	0.000031
268	427	0.003972
268	428	0.000409
268	429	0.002064
268	430	0.000565
268	431	0.000001
269	393	0.007017
269	398	0.000002
269	407	0.000021
269	409	0.000002
269	425	0.000009
270	392	0.003518
270	393	0.991180
270	397	0.000002
271	392	0.996451
271	393	0.000010
271	396	0.000002
271	425	0.000001
272	390	0.000005
272	391	0.999976
272	395	0.000002
272	424	0.000001
273	390	0.999932
273	394	0.000002
273	423	0.000001
274	288	0.000155
274	384	0.000008
274	387	0.000052
274	388	0.000157
274	389	0.993301
275	287	0.000304
275	380	0.000019
275	383	0.000016
275	384	0.000004
275	386	0.000110
275	387	0.000259
275	388	0.960285
275	389	0.002218
276	286	0.000307
276	379	0.000019
276	384	0.000011
276	387	0.827097
276	388	0.005725
276	389	0.000047
277	285	0.000310
277	378	0.000020
277	382	0.002066
277	385	0.006439
278	284	0.000311
278	377	0.000020
278	381	0.002088
279	287	0.000005
279	289	0.000014
279	290	0.000010
279	376	0.000005
279	380	0.001876
279	383	0.000941
279	384	0.007713
279	386	0.116740
279	387	0.000070
279	388	0.000470
279	389	0.000001
280	286	0.000005
280	288	0.000030
280	289	0.000009
280	379	0.001725
280	384	0.922569
280	387	0.000621
280	388	0.000001
281	287	0.000044
281	288	0.000006
281	290	0.000255
281	374	0.000002
281	380	0.000023
281	383	0.957170
281	384	0.000140
281	386	0.000706
282	286	0.000033
282	288	0.000001
282	289	0.000250
282	376	0.000002
282	379	0.000022
282	384	0.000075
283	288	0.000189
283	376	0.000298
283	384	0.000248
284	290	0.000023
284	374	0.000022
284	376	0.000023
284	379	0.000001
284	380	0.997224
284	383	0.000237
285	289	0.000017
285	376	0.000300
285	379	0.997030
286	372	0.000013
286	373	0.000020
286	375	0.000284
286	377	0.000020
286	378	0.996749
286	381	0.000006
286	382	0.000197
287	377	0.994840
287	381	0.000199
288	372	0.000205
288	373	0.004282
288	375	0.034502
288	377	0.000047
288	378	0.000005
289	372	0.003706
289	373	0.002862
289	375	0.058289
289	377	0.000004
289	378	0.001025
290	377	0.001168
290	390	0.000001
291	371	0.001142
291	376	0.001333
291	389	0.000003
292	371	0.919898
292	376	0.000005
292	388	0.000003
293	369	0.000007
293	370	0.989933
293	371	0.008199
293	374	0.000005
293	387	0.000004
294	368	0.000004
294	369	0.989953
294	370	0.008775
294	371	0.000007
294	374	0.000013
294	386	0.000004
295	373	0.000013
295	385	0.000004
296	367	0.000011
296	368	0.999640
296	369	0.000061
296	384	0.000004
297	367	0.999924
297	368	0.000038
297	383	0.000004
298	365	0.000002
298	366	0.999353
298	382	0.000004
299	365	0.972444
299	381	0.000004
300	365	0.026725
301	364	0.963351
302	362	0.000070
302	363	0.999863
303	361	0.000069
303	362	0.999918
304	360	0.000068
304	361	0.999906
305	360	0.998409
306	359	0.999858
307	358	0.999741
308	357	0.999939
309	356	0.999938
310	355	0.999499
311	354	0.999192
312	353	0.999964
313	352	0.999668
314	350	0.000006
314	351	0.999765
315	329	0.001460
315	350	0.997678
315	351	0.000005
316	321	0.000145
316	322	0.000123
316	328	0.006726
316	331	0.000065
316	349	0.539395
316	352	0.000069
317	326	0.004759
317	327	0.012140
317	329	0.000176
317	342	0.000001
317	343	0.000196
317	344	0.000718
317	350	0.000033
317	351	0.000167
318	326	0.016171
318	327	0.000091
318	329	0.121882
318	342	0.000196
318	343	0.000715
318	344	0.000008
318	350	0.000203
319	328	0.122898
319	339	0.000002
319	349	0.000158
319	352	0.000002
320	326	0.018458
320	327	0.122932
320	329	0.000044
320	342	0.000127
320	343	0.000114
320	344	0.000764
320	350	0.000013
320	351	0.000004
321	325	0.015274
321	326	0.105287
321	327	0.000007
321	329	0.000001
321	330	0.000005
321	337	0.000005
321	340	0.000051
321	342	0.000105
321	343	0.000657
321	344	0.002163
321	345	0.001268
321	347	0.000001
321	350	0.000006
322	326	0.000184
322	327	0.000002
322	329	0.000005
322	330	0.000460
322	337	0.000014
322	340	0.000026
322	342	0.000417
322	343	0.002941
322	344	0.001349
322	345	0.000120
322	350	0.000004
322	351	0.000004
323	327	0.000004
323	329	0.000527
323	335	0.000043
323	342	0.003198
323	343	0.001349
323	344	0.000126
323	350	0.000069
323	351	0.000003
324	328	0.000346
324	334	0.000021
324	339	0.000002
324	349	0.000125
325	334	0.000685
325	339	0.000070
325	349	0.002166
326	333	0.000721
326	334	0.000002
326	338	0.000063
326	339	0.005719
326	341	0.000027
326	346	0.000002
326	348	0.002332
326	349	0.408732
327	332	0.000717
327	333	0.000002
327	336	0.000055
327	338	0.006132
327	341	0.000002
327	346	0.000045
327	348	0.853259
327	349	0.000009
328	335	0.000053
328	337	0.006144
328	340	0.000002
328	345	0.000020
328	347	0.858933
329	334	0.000020
329	336	0.006114
329	338	0.000001
329	339	0.000002
329	346	0.861840
329	348	0.000247
329	349	0.000011
330	334	0.000034
330	349	0.000077
331	335	0.000040
331	343	0.000001
331	344	0.001119
331	345	0.964203
331	347	0.000011
332	342	0.000001
332	343	0.001579
332	344	0.991166
333	342	0.001594
333	343	0.991252
333	344	0.000021
334	340	0.000052
334	342	0.988808
334	343	0.000022
334	344	0.000001
334	345	0.000001
334	347	0.000093
335	339	0.000065
335	341	0.973502
335	346	0.000127
336	342	0.000072
336	343	0.000003
336	344	0.000012
338	342	0.000003
338	343	0.000140
338	344	0.000001
339	343	0.000001
341	350	0.000017
342	348	0.000008
342	349	0.000028
343	348	0.000034
344	348	0.000002
345	349	0.000005
346	350	0.000013
370	377	0.000001
372	376	0.000006
374	381	0.000008
376	382	0.000001
376	385	0.000002
377	383	0.000003
377	384	0.000002
377	386	0.000005
377	388	0.000001
377	389	0.000001
378	387	0.000002
378	388	0.000001
381	386	0.000022
381	388	0.000003
381	389	0.000002
382	387	0.000002
382	388	0.000002
390	413	0.000001
391	412	0.000001
392	411	0.000001
393	428	0.000001
394	407	0.002747
394	409	0.002091
394	410	0.000031
395	407	0.991518
395	409	0.000001
395	425	0.000001
396	405	0.000329
396	406	0.999497
396	424	0.000001
397	404	0.000329
397	405	0.999525
397	406	0.000090
397	423	0.000001
398	402	0.000029
398	404	0.998940
398	405	0.000123
399	403	0.810735
399	404	0.000141
402	419	0.000001
403	418	0.000001
407	428	0.001102
409	426	0.000357
409	427	0.721279
409	428	0.000845
409	429	0.000612
409	430	0.000246
410	426	0.957706
410	427	0.000908
410	428	0.000254
410	429	0.000078
410	430	0.000010
411	425	0.999879
412	424	0.999988
413	420	0.000001
413	423	0.999953
414	419	0.000006
414	422	0.999710
415	420	0.000569
415	421	0.990257
416	422	0.000017
417	421	0.000023
477	540	0.000010
477	583	0.000005
478	540	0.000059
479	539	0.000024
479	540	0.000193
479	583	0.000002
480	538	0.000014
480	541	0.000024
481	539	0.997404
481	540	0.000083
482	537	0.000001
482	538	0.999954
483	537	0.999973
483	538	0.000001
484	536	0.999430
484	537	0.000002
485	535	0.998684
487	533	0.000221
487	534	0.974524
488	533	0.978636
489	532	0.490916
490	532	0.498898
491	529	0.000013
491	530	0.017555
491	531	0.982059
492	528	0.000013
492	529	0.017622
492	530	0.982275
492	531	0.000062
493	528	0.017619
493	529	0.982252
493	530	0.000066
494	528	0.981062
494	529	0.000069
495	523	0.000011
495	524	0.686153
495	527	0.311899
496	523	0.983826
497	522	0.997197
497	525	0.000722
497	526	0.000066
498	520	0.000011
498	521	0.999457
498	524	0.000492
499	520	0.999336
499	521	0.000004
499	523	0.000390
500	518	0.983559
501	517	0.980814
502	517	0.015899
503	515	0.983316
503	516	0.016271
504	514	0.984067
504	515	0.015901
505	513	0.983207
505	514	0.015348
506	510	0.000026
506	511	0.000263
506	512	0.969275
507	514	0.000062
508	513	0.000068
508	514	0.000001
514	521	0.000001
515	520	0.000001
541	581	0.000033
541	582	0.988802
541	583	0.002951
541	584	0.000002
542	580	0.000021
542	581	0.998371
542	582	0.001512
542	583	0.000002
543	579	0.000022
543	580	0.998763
544	578	0.000013
544	579	0.998134
544	580	0.000002
545	578	0.999965
546	576	0.000001
546	577	0.999979
547	576	0.998476
548	575	0.999859
549	574	0.999582
550	573	0.999955
551	567	0.000001
551	572	0.999581
552	566	0.000003
552	571	0.999961
553	570	0.999453
554	565	0.009091
554	566	0.001588
554	569	0.986672
555	563	0.000327
555	564	0.011576
556	560	0.000004
556	561	0.000018
556	562	0.000216
556	565	0.972478
556	566	0.002388
556	569	0.000002
557	563	0.009537
557	564	0.969137
558	562	0.009073
559	563	0.002908
559	564	0.000133
559	567	0.000005
559	568	0.000025
560	564	0.000140
562	567	0.000001
562	568	0.000030
563	569	0.000004
623	629	0.000002
633	638	0.000002
673	694	0.000194
674	689	0.000001
674	691	0.000177
674	695	0.000001
675	688	0.000003
675	690	0.001287
675	694	0.001503
675	734	0.000014
676	687	0.000004
676	689	0.002022
676	691	0.984960
676	695	0.000001
677	686	0.000004
677	688	0.002027
677	690	0.991114
678	687	0.002027
678	689	0.992151
678	691	0.005389
679	686	0.001096
679	688	0.991428
679	690	0.005539
679	694	0.000002
680	687	0.991737
680	689	0.005556
680	691	0.000021
681	686	0.686678
681	688	0.005346
681	690	0.000021
682	687	0.004539
682	689	0.000017
682	692	0.000019
683	687	0.000052
683	689	0.000003
683	691	0.000022
684	688	0.000002
684	690	0.000019
687	694	0.000023
688	693	0.000023
689	694	0.000001
691	706	0.000013
691	733	0.000002
691	734	0.000059
691	735	0.000002
691	736	0.000034
691	737	0.000009
691	739	0.000008
692	705	0.000018
692	732	0.000004
692	735	0.000307
692	738	0.000014
693	704	0.000019
693	732	0.000022
693	735	0.005112
693	738	0.000002
694	703	0.000019
695	706	0.000001
695	731	0.002976
695	732	0.000009
695	733	0.987924
695	734	0.003387
695	735	0.000001
695	736	0.000003
695	739	0.000001
696	701	0.000005
696	705	0.000001
696	707	0.000003
696	730	0.002973
696	732	0.995882
696	735	0.000002
696	738	0.000001
697	706	0.000004
697	731	0.996931
697	734	0.000001
698	705	0.000003
698	728	0.003029
698	730	0.996594
699	727	0.003109
699	729	0.995588
700	711	0.000034
700	726	0.001596
700	727	0.849259
700	729	0.000007
701	710	0.000250
701	726	0.991636
701	727	0.000578
702	709	0.000287
702	725	0.999338
702	734	0.000004
703	709	0.000011
703	724	0.999375
703	733	0.000004
704	708	0.000009
704	722	0.000047
704	723	0.998334
705	721	0.000093
705	722	0.997759
705	723	0.000007
706	714	0.000001
706	715	0.000013
706	720	0.000182
706	721	0.995383
707	714	0.000033
707	715	0.000007
707	720	0.797998
707	721	0.000158
707	722	0.000028
708	713	0.000064
708	716	0.059621
708	717	0.001000
708	719	0.632586
708	730	0.000017
709	714	0.014392
709	715	0.079350
709	720	0.189887
709	721	0.000003
709	729	0.000020
710	716	0.013011
710	717	0.274084
710	719	0.230789
710	728	0.000014
711	716	0.153830
711	717	0.003031
711	718	0.242456
711	719	0.000149
711	728	0.000526
712	720	0.000151
712	721	0.000005
712	727	0.000602
713	720	0.000013
713	726	0.000602
714	718	0.000896
714	719	0.000070
714	725	0.000603
715	719	0.000013
715	724	0.000603
716	723	0.000587
717	721	0.000002
717	722	0.000444
736	791	0.000004
737	790	0.000004
739	748	0.000002
739	788	0.000006
739	790	0.000002
739	791	0.000001
740	748	0.000002
740	787	0.000006
740	788	0.000002
740	790	0.000001
740	791	0.000002
741	748	0.000115
741	754	0.000020
741	765	0.000002
741	771	0.000001
741	786	0.000006
741	787	0.000003
741	790	0.000002
741	791	0.000022
742	748	0.000588
742	754	0.000037
742	764	0.000002
742	771	0.000012
742	778	0.000003
742	784	0.000003
742	786	0.000003
742	790	0.000022
742	791	0.000007
743	748	0.000045
743	750	0.000016
743	754	0.000002
743	756	0.000011
743	771	0.000002
743	772	0.000025
743	773	0.001149
743	775	0.000001
743	776	0.000001
743	777	0.000004
743	783	0.000003
743	784	0.000004
743	790	0.000007
744	748	0.000007
744	750	0.000010
744	754	0.000002
744	756	0.000013
744	771	0.000025
744	772	0.001526
744	773	0.000002
744	775	0.000001
744	776	0.000002
744	782	0.000003
744	783	0.000005
744	788	0.000003
744	793	0.000002
745	754	0.000093
745	765	0.000002
745	771	0.001554
745	782	0.000005
745	787	0.000003
745	788	0.000019
745	791	0.000017
746	754	0.000122
746	764	0.000002
746	765	0.000005
746	771	0.000055
746	778	0.000001
746	786	0.000003
746	787	0.000019
746	790	0.000017
746	791	0.000062
747	754	0.000210
747	756	0.016560
747	764	0.000005
747	771	0.000002
747	772	0.000001
747	777	0.000001
747	786	0.000019
747	790	0.000064
747	793	0.001593
748	752	0.000050
748	753	0.000456
748	755	0.021523
748	757	0.000089
748	758	0.000009
748	759	0.000005
748	763	0.000006
748	766	0.000003
748	767	0.000675
748	768	0.000222
748	769	0.000012
748	770	0.000004
748	779	0.000004
748	785	0.000019
748	789	0.000072
748	792	0.006159
749	754	0.021817
749	762	0.000006
749	764	0.000015
749	765	0.000003
749	771	0.000011
749	778	0.000004
749	784	0.000019
749	788	0.000052
749	790	0.000050
749	791	0.004307
750	755	0.000017
750	763	0.000015
750	766	0.002554
750	770	0.000006
751	762	0.000015
751	764	0.000005
751	765	0.002731
751	787	0.000024
751	788	0.000991
751	790	0.000264
751	791	0.000945
752	764	0.002739
752	765	0.000120
752	771	0.000010
752	786	0.000023
752	787	0.000995
752	788	0.000383
752	790	0.000695
752	791	0.076216
753	762	0.009005
753	764	0.000296
753	765	0.000319
753	771	0.005576
753	784	0.000007
753	786	0.000993
753	787	0.000368
753	788	0.000033
753	790	0.096309
753	791	0.000439
754	758	0.000473
754	759	0.001686
754	760	0.001129
754	761	0.011150
754	763	0.000239
754	766	0.000006
754	767	0.017063
754	768	0.000863
754	769	0.000185
754	770	0.005104
754	774	0.000041
754	785	0.000814
754	789	0.094648
754	792	0.077392
755	762	0.000054
755	764	0.001766
755	765	0.000006
755	771	0.000027
755	772	0.000009
755	773	0.000043
755	775	0.000007
755	776	0.000002
755	777	0.000002
755	782	0.000004
755	783	0.000010
755	784	0.000022
755	786	0.000315
755	788	0.013833
755	790	0.000825
755	791	0.072576
755	793	0.001617
756	763	0.002597
756	766	0.048962
756	768	0.000184
756	769	0.000022
756	770	0.000015
756	774	0.000005
756	781	0.000002
756	785	0.000416
757	762	0.002741
757	764	0.000532
757	765	0.054382
757	771	0.000016
757	782	0.000022
757	784	0.000429
757	786	0.000115
757	787	0.004421
757	788	0.121498
757	790	0.033645
757	791	0.175528
758	762	0.000092
758	764	0.054078
758	765	0.005825
758	771	0.000019
758	782	0.000072
758	784	0.000026
758	786	0.004373
758	787	0.128081
758	788	0.083975
758	790	0.177159
758	791	0.000089
759	764	0.005959
759	765	0.002440
759	771	0.000013
759	782	0.000182
759	784	0.000825
759	786	0.127606
759	787	0.088422
759	788	0.184533
759	790	0.000080
759	791	0.000022
760	764	0.002433
760	765	0.000035
760	771	0.000026
760	782	0.000094
760	784	0.003337
760	786	0.088696
760	787	0.184824
760	788	0.000186
760	790	0.000014
760	791	0.004076
761	765	0.000009
761	771	0.000346
761	778	0.000003
761	782	0.002242
761	784	0.203056
761	786	0.184551
761	787	0.000183
761	788	0.000010
761	790	0.004161
762	766	0.000001
762	767	0.000173
762	768	0.000003
762	769	0.000024
762	770	0.000311
762	774	0.000057
762	780	0.000003
762	781	0.001474
762	785	0.156332
762	789	0.004172
762	792	0.000457
763	771	0.000008
763	772	0.000077
763	773	0.000061
763	775	0.000070
763	776	0.000010
763	777	0.000008
763	782	0.234762
763	783	0.013886
763	784	0.012200
763	786	0.000025
763	787	0.000021
763	788	0.004122
763	791	0.000456
764	768	0.000007
764	769	0.000006
764	770	0.000015
764	774	0.000077
764	779	0.000006
764	780	0.003655
764	781	0.386069
764	785	0.000260
765	769	0.000009
765	770	0.000065
765	774	0.000162
765	779	0.003469
765	780	0.394264
765	781	0.001233
765	785	0.000142
765	789	0.000461
766	771	0.000039
766	772	0.002736
766	773	0.000200
766	775	0.000048
766	776	0.000021
766	777	0.000033
766	778	0.000027
766	782	0.000007
766	783	0.000768
766	784	0.000002
766	786	0.000009
766	787	0.000003
766	788	0.000459
767	771	0.005057
767	778	0.403486
767	782	0.000773
767	784	0.007498
767	786	0.000004
767	787	0.000445
768	772	0.000217
768	773	0.000354
768	775	0.002119
768	776	0.006180
768	777	0.416450
768	778	0.000615
768	782	0.000001
768	783	0.007515
768	784	0.000019
768	786	0.000416
769	773	0.000170
769	775	0.007551
769	776	0.401186
769	777	0.016517
769	778	0.000231
769	782	0.006147
769	783	0.000047
769	784	0.000053
770	775	0.316522
770	776	0.020596
770	777	0.005831
770	778	0.000008
770	782	0.000047
770	783	0.000077
770	784	0.000033
770	793	0.000003
771	779	0.000003
771	780	0.007883
771	781	0.000009
771	792	0.000005
772	779	0.007012
772	781	0.000078
773	779	0.000065
773	781	0.000020
773	785	0.000002
774	778	0.000097
774	782	0.000005
774	783	0.000003
774	784	0.000002
774	790	0.000003
774	791	0.000008
774	793	0.000041
775	779	0.000002
775	781	0.000006
776	781	0.000003
778	789	0.009627
778	792	0.001332
779	787	0.000024
779	788	0.009611
779	791	0.000837
779	793	0.000005
780	786	0.000043
780	787	0.009604
780	788	0.000044
780	790	0.000809
780	791	0.000693
781	786	0.008407
781	787	0.000049
781	788	0.000097
781	790	0.000711
781	793	0.000002
782	789	0.000934
782	792	0.000007
784	789	0.000027
784	792	0.001045
785	790	0.000002
785	791	0.001035
785	793	0.000187
786	792	0.000304
787	792	0.000373
788	792	0.000035
