1	7	0.000201
1	8	0.000173
1	9	0.000044
1	12	0.000302
1	13	0.000150
1	15	0.001324
1	29	0.000022
1	33	0.000055
1	41	0.155918
1	55	0.000026
1	67	0.002412
1	740	0.000023
1	742	0.000053
1	743	0.000246
1	745	0.000556
1	748	0.000028
1	755	0.000044
1	757	0.000002
1	764	0.000123
1	775	0.000085
1	779	0.000001
1	826	0.012401
1	839	0.000016
1	842	0.000085
1	847	0.003644
1	848	0.000054
1	851	0.059894
1	859	0.000133
1	873	0.000011
1	885	0.000010
1	889	0.000001
2	7	0.000592
2	8	0.000130
2	9	0.000026
2	11	0.000403
2	12	0.000300
2	13	0.000005
2	14	0.001598
2	15	0.000519
2	28	0.000044
2	30	0.004938
2	32	0.000058
2	33	0.000013
2	39	0.000376
2	40	0.211788
2	41	0.001228
2	42	0.003593
2	46	0.001425
2	50	0.000097
2	52	0.000035
2	53	0.003530
2	55	0.000001
2	62	0.002342
2	64	0.000007
2	65	0.000253
2	66	0.002876
2	67	0.000008
2	739	0.000030
2	740	0.000019
2	741	0.000070
2	742	0.000491
2	743	0.000001
2	744	0.000622
2	745	0.000401
2	747	0.000035
2	748	0.000006
2	751	0.000163
2	754	0.000059
2	756	0.000002
2	757	0.000002
2	761	0.000011
2	763	0.000161
2	764	0.000130
2	765	0.000066
2	770	0.000028
2	774	0.000094
2	775	0.000041
2	778	0.000001
2	779	0.000004
2	780	0.000213
2	783	0.000004
2	821	0.000085
2	822	0.000009
2	824	0.000032
2	825	0.016386
2	826	0.000213
2	827	0.000105
2	828	0.035911
2	829	0.005187
2	830	0.004753
2	831	0.001484
2	832	0.003068
2	836	0.000006
2	837	0.000007
2	838	0.000022
2	841	0.000113
2	843	0.000001
2	844	0.000468
2	845	0.000096
2	846	0.004822
2	847	0.000092
2	848	0.000001
2	849	0.000085
2	850	0.068053
2	851	0.000031
2	853	0.000028
2	855	0.000104
2	856	0.000128
2	857	0.000939
2	859	0.000006
2	861	0.000037
2	862	0.000922
2	863	0.000301
2	864	0.000028
2	865	0.000045
2	872	0.000022
2	884	0.000008
2	885	0.001069
2	893	0.000869
2	896	0.002763
3	7	0.000111
3	8	0.000081
3	9	0.000039
3	11	0.000320
3	12	0.000008
3	13	0.001574
3	14	0.000672
3	29	0.004989
3	30	0.000047
3	32	0.000014
3	39	0.212318
3	40	0.001526
3	41	0.002905
3	42	0.032956
3	46	0.000097
3	50	0.000029
3	52	0.003504
3	53	0.000021
3	61	0.002359
3	62	0.000015
3	64	0.000253
3	65	0.002854
3	66	0.000011
3	739	0.000025
3	740	0.000040
3	741	0.000524
3	743	0.000561
3	744	0.000433
3	747	0.000008
3	750	0.000163
3	753	0.000058
3	754	0.000001
3	755	0.000001
3	756	0.000003
3	763	0.000161
3	764	0.000030
3	765	0.000063
3	769	0.000010
3	770	0.000069
3	774	0.000043
3	778	0.000006
3	779	0.000191
3	780	0.000102
3	783	0.000002
3	820	0.000104
3	824	0.016253
3	825	0.000248
3	826	0.000058
3	827	0.036122
3	828	0.005114
3	829	0.004736
3	830	0.001499
3	831	0.003047
3	832	0.000012
3	835	0.000006
3	836	0.000007
3	837	0.000022
3	840	0.000113
3	843	0.000471
3	844	0.000088
3	845	0.004794
3	846	0.000097
3	847	0.000001
3	848	0.000079
3	849	0.068024
3	850	0.000036
3	853	0.000039
3	855	0.000129
3	856	0.000748
3	857	0.000325
3	859	0.000007
3	861	0.000934
3	862	0.000300
3	863	0.000030
3	864	0.000045
3	871	0.000024
3	883	0.000003
3	884	0.001255
3	893	0.000673
3	896	0.002543
4	8	0.000055
4	9	0.000123
4	12	0.001496
4	13	0.000651
4	26	0.000070
4	28	0.005014
4	29	0.000027
4	41	0.031664
4	60	0.002398
4	61	0.000008
4	79	0.000001
4	740	0.000449
4	742	0.000474
4	743	0.000371
4	755	0.000002
4	759	0.000027
4	761	0.000418
4	764	0.000052
4	769	0.000058
4	775	0.000001
4	777	0.000006
4	778	0.000161
4	779	0.000089
4	819	0.000104
4	826	0.030962
4	839	0.000096
4	842	0.000402
4	847	0.000187
4	848	0.058192
4	851	0.000013
4	859	0.001671
4	870	0.000023
4	883	0.001260
4	889	0.000012
5	10	0.001057
5	16	0.000012
5	25	0.000073
5	27	0.005031
5	48	0.000106
5	56	0.000084
5	59	0.002406
5	68	0.000003
5	78	0.000001
5	749	0.000147
5	758	0.000029
5	760	0.000495
5	818	0.000104
5	823	0.000495
5	834	0.000006
5	852	0.000208
5	858	0.001746
5	869	0.000022
5	882	0.001257
5	888	0.000013
5	890	0.000432
5	891	0.000011
5	892	0.000037
5	894	0.001358
5	895	0.001379
6	12	0.000006
6	13	0.000005
6	15	0.000012
6	24	0.000072
6	26	0.004999
6	41	0.000396
6	55	0.000092
6	58	0.002210
6	67	0.000003
6	77	0.000001
6	740	0.000027
6	742	0.000004
6	748	0.000120
6	757	0.000023
6	759	0.000218
6	761	0.000004
6	769	0.000017
6	775	0.000002
6	777	0.000027
6	778	0.000002
6	817	0.000087
6	826	0.000047
6	842	0.000003
6	847	0.000622
6	848	0.000007
6	851	0.000169
6	859	0.000028
6	867	0.000001
6	878	0.000006
6	889	0.000424
7	21	0.000007
7	22	0.000014
7	25	0.004648
7	37	0.000068
7	38	0.005246
7	43	0.000107
7	44	0.000120
7	45	0.000060
7	47	0.000143
7	48	0.000100
7	49	0.000076
7	51	0.000010
7	54	0.000087
7	56	0.000002
7	57	0.002035
7	63	0.000003
7	738	0.000003
7	746	0.000001
7	758	0.000147
7	760	0.000004
7	766	0.000002
7	767	0.000002
7	768	0.000019
7	772	0.000002
7	773	0.000003
7	776	0.000024
7	782	0.000002
7	816	0.000075
7	823	0.000010
7	858	0.000026
7	860	0.000002
7	866	0.000001
7	877	0.000006
7	880	0.000040
7	881	0.000030
7	888	0.000398
7	892	0.000005
7	894	0.000014
7	895	0.000027
7	897	0.000020
8	16	0.000002
8	17	0.000012
8	19	0.000006
8	21	0.000037
8	22	0.002354
8	25	0.000008
8	34	0.000002
8	37	0.003080
8	38	0.740374
8	43	0.000077
8	44	0.000049
8	45	0.000010
8	47	0.000050
8	48	0.000059
8	49	0.000004
8	51	0.000002
8	54	0.000001
8	56	0.000518
8	738	0.000002
8	746	0.000001
8	766	0.000002
8	767	0.000014
8	768	0.000001
8	771	0.000001
8	772	0.000003
8	781	0.000001
8	815	0.000024
8	876	0.000003
8	879	0.000021
8	880	0.000022
8	887	0.000199
8	894	0.000011
8	895	0.000014
8	897	0.000005
9	16	0.000012
9	17	0.000001
9	19	0.000243
9	21	0.002911
9	22	0.000064
9	31	0.000036
9	34	0.000011
9	37	0.950324
9	38	0.000309
9	43	0.000016
9	44	0.000003
9	47	0.000013
9	48	0.000001
9	54	0.000003
9	766	0.000007
9	771	0.000002
9	879	0.000009
9	886	0.000038
9	894	0.000010
9	895	0.000001
9	897	0.000141
10	14	0.000005
10	15	0.000004
10	18	0.000284
10	20	0.002932
10	23	0.000171
10	24	0.000004
10	26	0.000006
10	30	0.000046
10	32	0.000017
10	33	0.000011
10	36	0.988115
10	42	0.000004
10	46	0.000003
10	53	0.000002
10	765	0.000001
10	893	0.000010
10	896	0.000226
11	16	0.000544
11	25	0.000009
11	35	0.988202
11	892	0.000010
11	895	0.000226
12	16	0.000009
12	17	0.000019
12	19	0.000197
12	21	0.000040
12	22	0.000048
12	31	0.000012
12	34	0.980381
12	35	0.000003
12	891	0.000008
12	894	0.000203
13	17	0.000060
13	19	0.000026
13	21	0.000043
13	22	0.000005
13	31	0.000126
13	34	0.000113
13	49	0.000007
13	890	0.000001
13	892	0.000001
14	25	0.000001
14	35	0.000004
14	48	0.000008
14	891	0.000001
14	892	0.000146
15	19	0.000005
15	21	0.000025
15	22	0.000005
15	31	0.905507
15	34	0.000009
15	47	0.000008
15	891	0.000142
16	20	0.000026
16	23	0.000003
16	28	0.000022
16	29	0.079208
16	30	0.909287
16	32	0.000053
16	33	0.000005
16	46	0.000007
17	26	0.000081
17	28	0.532343
17	29	0.458665
17	761	0.000002
17	889	0.000127
18	25	0.000156
18	27	0.983182
18	59	0.000001
18	760	0.000002
18	888	0.000127
19	24	0.000114
19	26	0.982239
19	28	0.010391
19	58	0.000001
19	759	0.000002
20	25	0.978742
20	27	0.010640
20	57	0.000001
20	758	0.000002
20	886	0.000118
21	26	0.008051
21	28	0.000001
21	29	0.000003
21	757	0.000002
21	885	0.000115
22	26	0.000007
22	28	0.000017
22	883	0.000122
23	27	0.000017
23	882	0.000125
23	895	0.000001
24	37	0.000002
24	881	0.000118
24	897	0.000011
25	36	0.000003
25	52	0.000002
25	64	0.000003
25	896	0.000018
26	35	0.000003
26	37	0.000005
26	51	0.000002
26	63	0.000003
26	879	0.000098
26	894	0.000015
26	895	0.000009
27	36	0.000006
27	50	0.000002
27	62	0.000003
27	878	0.000122
27	893	0.000045
28	35	0.000006
28	49	0.000002
28	877	0.000123
28	892	0.000046
29	34	0.000004
29	48	0.000001
29	876	0.000123
29	891	0.000048
30	59	0.000004
30	875	0.000122
30	890	0.000074
31	58	0.000004
31	874	0.000112
31	889	0.000074
32	57	0.000004
32	888	0.000074
32	895	0.000002
33	56	0.000004
33	886	0.000011
33	887	0.000061
33	894	0.000001
33	897	0.000032
34	41	0.000003
34	55	0.000004
34	872	0.000077
34	873	0.000001
34	885	0.000028
35	40	0.000003
35	42	0.000001
35	60	0.000001
35	853	0.000001
35	870	0.000001
35	871	0.000078
35	872	0.000001
35	883	0.000002
35	884	0.000029
35	893	0.000011
35	896	0.011374
36	59	0.000001
36	852	0.000001
36	869	0.000002
36	882	0.000007
36	886	0.000011
36	892	0.000011
36	894	0.000004
36	895	0.011420
37	41	0.000003
37	61	0.000006
37	851	0.000001
37	870	0.000003
37	883	0.000004
37	885	0.000011
38	55	0.000001
38	58	0.000838
38	60	0.000017
38	67	0.000001
38	761	0.000146
38	764	0.000006
38	769	0.000001
38	775	0.000001
38	859	0.000019
38	870	0.000060
38	883	0.000040
38	889	0.000005
39	48	0.000719
39	56	0.000003
39	57	0.001103
39	59	0.000022
39	68	0.000002
39	69	0.000011
39	72	0.000084
39	81	0.000001
39	760	0.000180
39	858	0.000024
39	869	0.000070
39	882	0.000045
39	888	0.000004
39	890	0.000214
39	891	0.005856
39	892	0.092461
39	894	0.251420
39	895	0.022250
40	48	0.007513
40	56	0.001123
40	57	0.000006
40	59	0.000003
40	68	0.000026
40	69	0.000002
40	71	0.000087
40	80	0.000001
40	82	0.000001
40	760	0.000060
40	786	0.000001
40	858	0.000005
40	868	0.000070
40	882	0.000022
40	888	0.000430
40	890	0.005851
40	891	0.092581
40	892	0.387358
40	894	0.019673
40	895	0.000078
41	45	0.000064
41	47	0.007057
41	48	0.000110
41	49	0.011375
41	51	0.000007
41	54	0.000008
41	56	0.000003
41	57	0.000029
41	63	0.000004
41	68	0.000002
41	69	0.000003
41	70	0.000086
41	81	0.000001
41	760	0.000017
41	762	0.000140
41	766	0.000017
41	767	0.000016
41	768	0.000016
41	771	0.000020
41	772	0.000008
41	773	0.000002
41	781	0.000003
41	785	0.000001
41	860	0.000002
41	876	0.001041
41	877	0.000003
41	879	0.000009
41	880	0.000021
41	881	0.000026
41	887	0.000460
41	888	0.000007
41	890	0.012707
41	891	0.401516
41	892	0.002959
41	894	0.000058
41	895	0.000060
41	897	0.000003
42	48	0.015852
42	56	0.000162
42	59	0.000021
42	68	0.000143
42	69	0.000084
42	78	0.000007
42	80	0.000001
42	749	0.000006
42	758	0.000003
42	760	0.000325
42	784	0.000001
42	852	0.000015
42	858	0.000007
42	866	0.000022
42	868	0.000002
42	875	0.001242
42	886	0.000437
42	888	0.005895
42	890	0.490809
42	891	0.002926
42	892	0.001706
42	894	0.000158
42	895	0.000031
43	55	0.000152
43	58	0.000020
43	61	0.000006
43	67	0.000203
43	77	0.000007
43	743	0.000002
43	748	0.000005
43	757	0.000003
43	759	0.000142
43	761	0.000862
43	764	0.000009
43	769	0.000026
43	778	0.000004
43	779	0.000029
43	826	0.000001
43	847	0.000001
43	848	0.000002
43	851	0.000013
43	859	0.000004
43	867	0.000003
43	874	0.001225
43	878	0.000100
43	885	0.000367
43	889	0.484686
44	55	0.000030
44	58	0.000002
44	60	0.000003
44	61	0.000597
44	67	0.000053
44	76	0.000007
44	742	0.000002
44	743	0.000003
44	745	0.000001
44	759	0.000076
44	761	0.000223
44	764	0.000028
44	769	0.000015
44	775	0.000002
44	777	0.000004
44	778	0.000036
44	779	0.000003
44	826	0.000002
44	847	0.000003
44	848	0.000002
44	859	0.000008
44	873	0.001034
44	874	0.000011
44	878	0.000037
44	883	0.000003
44	889	0.000257
45	55	0.000031
45	58	0.000013
45	60	0.000730
45	61	0.000010
45	67	0.000028
45	75	0.000007
45	79	0.000009
45	742	0.000003
45	759	0.034212
45	761	0.000311
45	764	0.000027
45	769	0.000005
45	777	0.000032
45	778	0.000002
45	847	0.000002
45	859	0.000472
45	867	0.000013
45	872	0.000366
45	873	0.000016
45	874	0.000005
45	878	0.000019
45	883	0.000154
45	885	0.000003
45	889	0.000889
46	56	0.001940
46	57	0.000014
46	59	0.000747
46	68	0.000451
46	78	0.000010
46	749	0.000136
46	758	0.037251
46	760	0.000331
46	823	0.000008
46	852	0.000662
46	858	0.000504
46	866	0.000013
46	868	0.000002
46	875	0.010602
46	882	0.000111
46	886	0.513652
46	888	0.000524
46	890	0.000001
46	894	0.000099
46	895	0.000090
47	55	0.002062
47	58	0.000683
47	60	0.000058
47	61	0.000129
47	67	0.000645
47	74	0.000006
47	77	0.000010
47	740	0.000005
47	742	0.000020
47	745	0.000026
47	748	0.000137
47	755	0.000002
47	757	0.037271
47	759	0.000302
47	761	0.000185
47	764	0.016489
47	775	0.000049
47	779	0.000001
47	821	0.000078
47	826	0.000038
47	847	0.000023
47	851	0.000662
47	859	0.000014
47	867	0.000002
47	870	0.000005
47	872	0.000812
47	873	0.000003
47	874	0.010743
47	885	0.517238
48	52	0.000206
48	53	0.003915
48	55	0.000025
48	58	0.000001
48	60	0.000093
48	61	0.067818
48	62	0.014053
48	64	0.000079
48	65	0.000041
48	66	0.000592
48	76	0.000010
48	739	0.000005
48	741	0.000022
48	744	0.000028
48	747	0.000125
48	754	0.000002
48	756	0.037263
48	761	0.000037
48	763	0.018783
48	764	0.000015
48	765	0.000343
48	770	0.000027
48	774	0.000052
48	778	0.000001
48	780	0.000013
48	820	0.000089
48	824	0.000005
48	825	0.000045
48	827	0.000008
48	828	0.000005
48	829	0.000004
48	830	0.000004
48	831	0.000001
48	832	0.000003
48	845	0.000003
48	846	0.000025
48	849	0.000006
48	850	0.000627
48	853	0.000003
48	856	0.000004
48	857	0.000388
48	859	0.000023
48	861	0.000113
48	862	0.000148
48	863	0.000021
48	864	0.000008
48	865	0.000004
48	871	0.001070
48	872	0.000004
48	873	0.010768
48	874	0.000002
48	884	0.517805
48	893	0.000058
48	896	0.000602
49	55	0.000082
49	58	0.000161
49	60	0.086526
49	61	0.007054
49	75	0.000009
49	740	0.000014
49	743	0.000019
49	755	0.035421
49	757	0.000150
49	759	0.000359
49	761	0.033340
49	764	0.000213
49	769	0.000016
49	779	0.000007
49	819	0.000089
49	826	0.000003
49	848	0.000006
49	859	0.002179
49	867	0.000001
49	870	0.000786
49	872	0.010634
49	873	0.000004
49	874	0.000001
49	883	0.517250
50	56	0.000841
50	57	0.000189
50	59	0.095570
50	68	0.000003
50	71	0.000014
50	72	0.000005
50	749	0.000036
50	758	0.000389
50	760	0.034803
50	818	0.000089
50	852	0.000004
50	858	0.002299
50	866	0.000001
50	868	0.000089
50	869	0.000379
50	875	0.000056
50	882	0.514649
50	890	0.000005
50	892	0.000007
50	894	0.000110
50	895	0.000148
51	55	0.000605
51	58	0.095341
51	60	0.000054
51	67	0.000004
51	748	0.000030
51	755	0.000032
51	757	0.000366
51	759	0.034782
51	761	0.000080
51	817	0.000088
51	851	0.000003
51	859	0.048547
51	867	0.000151
51	870	0.449151
51	872	0.000078
51	873	0.000047
51	874	0.000055
51	878	0.000063
51	883	0.000003
51	889	0.000005
52	56	0.000097
52	57	0.094426
52	59	0.000057
52	68	0.000003
52	69	0.000408
52	749	0.000011
52	758	0.033875
52	760	0.000087
52	816	0.000085
52	858	0.053421
52	866	0.000153
52	868	0.000036
52	869	0.464205
52	875	0.000004
52	882	0.000007
52	888	0.000005
52	891	0.000028
52	892	0.000007
52	894	0.000042
52	895	0.005299
53	57	0.000063
53	59	0.000018
53	68	0.000884
53	749	0.000121
53	758	0.000848
53	760	0.000015
53	816	0.000002
53	852	0.000003
53	858	0.004447
53	866	0.000028
53	868	0.464430
53	875	0.000098
53	882	0.000004
53	886	0.000003
53	890	0.000028
53	891	0.000005
53	892	0.000002
53	894	0.005317
53	895	0.000030
54	58	0.000012
54	61	0.000001
54	67	0.001109
54	748	0.000085
54	755	0.000255
54	757	0.001548
54	759	0.000016
54	777	0.000009
54	851	0.000003
54	859	0.037613
54	867	0.461544
54	874	0.000079
54	878	0.000778
54	885	0.000002
54	889	0.000026
55	63	0.000054
55	746	0.000038
55	749	0.005567
55	752	0.024596
55	758	0.000014
55	766	0.000002
55	771	0.000002
55	776	0.000011
55	815	0.000066
55	833	0.000002
55	858	0.040915
55	860	0.000168
55	866	0.450547
55	875	0.000004
55	876	0.000029
55	877	0.000796
55	879	0.000012
55	880	0.000008
55	881	0.000029
55	882	0.000002
55	888	0.000021
55	892	0.000003
55	895	0.000002
55	897	0.000140
56	62	0.000071
56	64	0.000012
56	65	0.005641
56	66	0.000772
56	67	0.000036
56	740	0.000003
56	741	0.000002
56	742	0.000025
56	744	0.000002
56	745	0.000039
56	747	0.000026
56	748	0.012092
56	750	0.000005
56	751	0.026186
56	753	0.000002
56	754	0.032852
56	755	0.000005
56	756	0.000002
56	757	0.000001
56	765	0.000002
56	770	0.000002
56	775	0.000011
56	814	0.000077
56	825	0.000002
56	832	0.000002
56	846	0.000024
56	850	0.000007
56	855	0.000016
56	856	0.633400
56	857	0.032366
56	859	0.000008
56	861	0.000016
56	862	0.000235
56	863	0.000131
56	864	0.000440
56	865	0.144078
56	896	0.000205
57	61	0.000030
57	62	0.000029
57	64	0.005724
57	65	0.000756
57	66	0.000046
57	739	0.000004
57	740	0.000002
57	741	0.000027
57	743	0.000001
57	744	0.000039
57	747	0.012679
57	748	0.000002
57	750	0.026184
57	753	0.032887
57	754	0.000004
57	756	0.000001
57	763	0.000001
57	764	0.000001
57	769	0.000002
57	774	0.000011
57	813	0.000077
57	824	0.000002
57	831	0.000002
57	845	0.000024
57	849	0.000007
57	853	0.000006
57	855	0.690815
57	856	0.016884
57	857	0.000014
57	859	0.000001
57	861	0.000243
57	862	0.000116
57	863	0.000701
57	864	0.111609
57	865	0.000001
57	896	0.000002
58	63	0.005039
58	738	0.000004
58	746	0.012553
58	749	0.024580
58	752	0.032818
58	762	0.000001
58	768	0.000002
58	773	0.000011
58	812	0.000065
58	852	0.000009
58	854	0.789285
58	858	0.000100
58	860	0.000237
58	879	0.000157
58	894	0.000159
59	64	0.000561
59	65	0.000139
59	66	0.000406
59	67	0.000010
59	739	0.000201
59	741	0.000011
59	742	0.000004
59	743	0.000015
59	744	0.000863
59	745	0.010420
59	747	0.021639
59	748	0.002103
59	750	0.002016
59	751	0.029877
59	753	0.000003
59	763	0.000004
59	774	0.000001
59	845	0.000006
59	846	0.000004
59	849	0.000017
59	850	0.000025
59	851	0.000004
59	853	0.791501
59	855	0.001948
59	856	0.000011
59	857	0.000072
59	859	0.000066
59	861	0.003098
59	862	0.005209
59	863	0.005945
59	878	0.000167
59	893	0.000163
59	896	0.000001
60	68	0.000002
60	70	0.000005
60	737	0.000002
60	738	0.000232
60	746	0.021968
60	749	0.003893
60	752	0.000003
60	762	0.000004
60	773	0.000001
60	811	0.000004
60	852	0.777319
60	854	0.001911
60	858	0.000010
60	860	0.002750
60	877	0.000168
60	892	0.000162
61	68	0.000002
61	69	0.000008
61	70	0.000002
61	737	0.000108
61	738	0.000016
61	746	0.000286
61	749	0.001027
61	772	0.000001
61	810	0.000005
61	852	0.000300
61	854	0.000049
61	858	0.000030
61	860	0.000331
61	876	0.000169
61	891	0.000161
61	895	0.000003
62	68	0.000280
62	69	0.000003
62	749	0.007562
62	760	0.000014
62	809	0.000005
62	852	0.002661
62	858	0.000740
62	875	0.000169
62	890	0.000162
62	894	0.000017
63	67	0.000240
63	740	0.000175
63	742	0.000391
63	743	0.001091
63	745	0.000096
63	748	0.007003
63	759	0.000014
63	761	0.000001
63	808	0.000004
63	842	0.000001
63	847	0.000365
63	848	0.001101
63	851	0.002670
63	859	0.001885
63	870	0.000001
63	874	0.000132
63	889	0.000162
64	68	0.000019
64	749	0.000071
64	758	0.000014
64	760	0.000001
64	852	0.000016
64	858	0.001979
64	869	0.000002
64	888	0.000160
64	892	0.000021
64	894	0.000001
64	895	0.000101
65	749	0.000027
65	852	0.000014
65	858	0.000045
65	868	0.000002
65	886	0.000024
65	891	0.000021
65	894	0.000101
65	895	0.000085
66	749	0.000034
66	852	0.000028
66	858	0.000010
66	882	0.000002
66	886	0.000059
66	890	0.000021
66	894	0.000087
66	895	0.000002
67	737	0.076916
67	738	0.000288
67	746	0.000212
67	852	0.000021
67	854	0.002633
67	858	0.000002
67	881	0.000002
67	894	0.000001
68	735	0.000013
68	736	0.089783
68	739	0.000098
68	740	0.000009
68	741	0.000133
68	742	0.000648
68	743	0.000005
68	744	0.000073
68	745	0.000188
68	747	0.000003
68	757	0.000004
68	828	0.000006
68	838	0.000001
68	841	0.008753
68	842	0.000001
68	843	0.000006
68	844	0.888310
68	845	0.001922
68	846	0.000124
68	847	0.000002
68	849	0.000002
68	850	0.000023
68	853	0.002786
68	855	0.000001
68	856	0.000010
68	857	0.000003
69	734	0.000009
69	735	0.091885
69	739	0.000005
69	740	0.000006
69	741	0.000650
69	743	0.000036
69	744	0.000176
69	756	0.000005
69	827	0.000006
69	837	0.000001
69	840	0.008806
69	843	0.893921
69	844	0.000974
69	845	0.000087
69	846	0.000001
69	848	0.000001
69	849	0.000022
69	853	0.000008
69	855	0.000009
69	856	0.000003
70	733	0.000009
70	734	0.091932
70	736	0.000003
70	740	0.000636
70	742	0.000035
70	743	0.000165
70	755	0.000005
70	826	0.000006
70	839	0.008813
70	842	0.894923
70	847	0.000003
70	848	0.000019
70	851	0.002809
70	873	0.000003
71	732	0.000006
71	733	0.092097
71	735	0.000003
71	736	0.000002
71	739	0.000530
71	741	0.000031
71	742	0.000095
71	754	0.000005
71	825	0.000006
71	836	0.000002
71	837	0.000026
71	838	0.008795
71	840	0.000002
71	841	0.895214
71	844	0.000014
71	846	0.000004
71	847	0.000012
71	850	0.002829
71	872	0.000005
72	731	0.000002
72	732	0.092846
72	734	0.000002
72	735	0.000006
72	740	0.000002
72	741	0.000082
72	753	0.000005
72	824	0.000004
72	835	0.000003
72	836	0.000048
72	837	0.008741
72	838	0.000005
72	839	0.000002
72	840	0.895086
72	843	0.000014
72	845	0.000004
72	846	0.000012
72	849	0.002828
72	871	0.000005
73	79	0.000001
73	731	0.092796
73	733	0.000002
73	734	0.000006
73	740	0.000071
73	839	0.856737
73	842	0.000013
73	847	0.000002
73	848	0.002775
73	870	0.000005
74	78	0.000002
74	728	0.000003
74	729	0.000008
74	730	0.092228
74	738	0.000004
74	833	0.000003
74	834	0.000159
74	869	0.000005
75	728	0.000012
75	729	0.091259
75	730	0.000419
75	737	0.000003
75	738	0.000009
75	833	0.000032
75	834	0.000439
75	868	0.000004
76	726	0.000449
76	728	0.087756
76	729	0.000818
76	737	0.000007
76	738	0.000001
76	833	0.000276
76	834	0.109689
77	725	0.000879
77	726	0.000110
77	728	0.001220
77	737	0.000001
77	833	0.135694
77	834	0.001573
78	723	0.000003
78	724	0.000924
78	727	0.001603
78	735	0.000003
78	736	0.000001
78	747	0.000006
78	830	0.000004
78	831	0.000024
78	832	0.138010
78	835	0.042150
78	836	0.000802
78	837	0.000138
78	838	0.000150
78	840	0.000008
78	841	0.000143
78	842	0.000015
78	843	0.000946
78	844	0.000056
78	845	0.000122
78	846	0.000033
78	847	0.000007
79	725	0.090059
79	726	0.000830
79	737	0.000003
79	746	0.000006
79	833	0.728381
79	834	0.018296
79	866	0.000004
80	721	0.000040
80	722	0.000224
80	723	0.000862
80	724	0.091781
80	733	0.000001
80	736	0.000004
80	745	0.000006
80	828	0.000026
80	829	0.000061
80	830	0.001224
80	831	0.153487
80	832	0.748331
80	837	0.000022
80	838	0.000211
80	839	0.000134
80	840	0.000254
80	841	0.001940
80	842	0.000020
80	843	0.000006
80	844	0.000185
80	845	0.000041
80	846	0.000011
80	847	0.000162
80	865	0.000004
81	720	0.000040
81	721	0.000256
81	722	0.000912
81	723	0.091710
81	724	0.000023
81	732	0.000001
81	735	0.000004
81	744	0.000006
81	827	0.000026
81	828	0.000062
81	829	0.001228
81	830	0.156705
81	831	0.745389
81	832	0.000517
81	836	0.000022
81	837	0.000211
81	838	0.000209
81	839	0.000252
81	840	0.001939
81	841	0.000022
81	842	0.000005
81	843	0.000185
81	844	0.000041
81	845	0.000012
81	846	0.000165
81	864	0.000004
82	551	0.000001
82	719	0.000040
82	720	0.000266
82	721	0.008637
82	722	0.083768
82	723	0.000024
82	734	0.000004
82	743	0.000006
82	826	0.000027
82	827	0.000064
82	828	0.001229
82	829	0.159818
82	830	0.742239
82	831	0.000528
82	832	0.000002
82	835	0.000021
82	836	0.000210
82	837	0.000211
82	838	0.000679
82	839	0.001511
82	840	0.000022
82	841	0.000006
82	842	0.000184
82	843	0.000041
82	844	0.000011
82	845	0.000165
82	863	0.000004
83	551	0.001556
83	719	0.000255
83	720	0.008676
83	721	0.083663
83	722	0.000017
83	733	0.000004
83	742	0.000006
83	825	0.000047
83	826	0.000051
83	827	0.001181
83	828	0.162866
83	829	0.738128
83	830	0.000530
83	831	0.000002
83	832	0.000001
83	835	0.000096
83	836	0.000210
83	837	0.000681
83	838	0.001513
83	839	0.000016
83	840	0.000005
83	841	0.000197
83	842	0.000025
83	843	0.000011
83	844	0.000165
83	862	0.000004
84	549	0.000009
84	551	0.001876
84	683	0.000003
84	686	0.000001
84	719	0.008564
84	720	0.083029
84	721	0.000017
84	732	0.000005
84	735	0.000001
84	741	0.000007
84	744	0.000001
84	765	0.000003
84	770	0.000003
84	780	0.000005
84	824	0.000058
84	825	0.000202
84	826	0.000653
84	827	0.165439
84	828	0.730142
84	829	0.000531
84	830	0.000002
84	831	0.000001
84	835	0.000200
84	836	0.000680
84	837	0.001500
84	838	0.000016
84	839	0.000003
84	840	0.000196
84	841	0.000026
84	842	0.000006
84	843	0.000165
84	861	0.000004
85	547	0.000237
85	549	0.754607
85	682	0.000002
85	688	0.000155
85	690	0.000092
85	731	0.000003
85	734	0.000001
85	736	0.000001
85	740	0.000004
85	743	0.000001
85	745	0.000001
85	759	0.000017
85	761	0.000018
85	764	0.000002
85	769	0.000002
85	775	0.000002
85	777	0.000001
85	778	0.000001
85	779	0.000003
85	826	0.086106
85	839	0.000093
85	842	0.000078
85	859	0.000003
86	103	0.000006
86	548	0.807177
86	550	0.002888
86	554	0.000001
86	687	0.000168
86	689	0.000100
86	696	0.000046
86	697	0.000002
86	698	0.000001
86	714	0.000003
86	715	0.000029
86	716	0.000424
86	717	0.000402
86	749	0.000008
86	758	0.000019
86	760	0.000019
86	823	0.000096
86	834	0.000092
86	858	0.000003
87	102	0.000007
87	548	0.000838
87	550	0.000066
87	553	0.000001
87	681	0.000003
87	684	0.000003
87	685	0.000005
87	687	0.000003
87	695	0.000042
87	696	0.000002
87	697	0.000001
87	714	0.000025
87	715	0.000383
87	716	0.000323
87	717	0.000008
87	718	0.000006
87	725	0.000001
87	726	0.000001
87	728	0.000001
87	729	0.000002
87	730	0.000001
87	737	0.000001
87	738	0.000002
87	752	0.000006
87	766	0.000003
87	767	0.000003
87	768	0.000002
87	771	0.000004
87	772	0.000003
87	773	0.000002
87	776	0.000002
87	781	0.000006
87	782	0.000003
87	823	0.000008
87	833	0.000087
88	101	0.000018
88	545	0.000002
88	546	0.994603
88	547	0.000060
88	551	0.000002
88	683	0.000002
88	713	0.000002
88	751	0.000008
88	765	0.000002
88	770	0.000002
88	780	0.000003
88	824	0.000024
88	825	0.000069
88	827	0.000002
88	832	0.000039
89	100	0.000018
89	545	0.999852
89	546	0.000033
89	750	0.000007
89	824	0.000051
89	831	0.000009
90	99	0.000018
90	167	0.000001
90	544	0.999894
90	749	0.000007
90	823	0.000037
91	98	0.000017
91	166	0.000001
91	543	0.999939
91	748	0.000001
92	165	0.000001
92	542	0.999967
93	164	0.000001
93	541	0.999952
94	540	0.999440
94	745	0.000001
95	539	0.999208
95	540	0.000006
95	744	0.000001
96	105	0.000008
96	166	0.000141
96	439	0.000001
97	104	0.000008
97	114	0.000002
97	164	0.000022
97	165	0.000148
97	438	0.000001
97	537	0.000246
97	538	0.996626
98	103	0.000008
98	113	0.000002
98	163	0.000023
98	164	0.000148
98	222	0.000002
98	438	0.000002
98	440	0.000001
98	537	0.996634
98	538	0.000009
99	116	0.000162
99	166	0.000001
99	212	0.000016
99	221	0.000001
99	230	0.000004
99	236	0.000001
99	437	0.000002
99	535	0.003806
99	536	0.918322
99	539	0.000191
100	113	0.000037
100	114	0.992769
100	164	0.000002
100	165	0.000002
100	211	0.000017
100	215	0.000001
100	538	0.000242
101	113	0.999196
101	114	0.000026
101	163	0.000002
101	164	0.000002
101	210	0.000017
101	215	0.000188
101	537	0.000243
102	107	0.000002
102	111	0.001132
102	112	0.996824
102	170	0.000001
102	209	0.000015
102	214	0.000190
102	536	0.000241
102	765	0.000011
103	110	0.001161
103	111	0.998298
103	112	0.000011
103	169	0.000001
103	170	0.000017
103	213	0.000191
103	535	0.000237
103	536	0.000005
103	764	0.000011
104	110	0.997264
104	111	0.000014
104	169	0.000018
104	212	0.000190
104	535	0.000008
104	763	0.000016
105	109	0.809371
105	211	0.000073
105	533	0.000002
105	534	0.000010
105	762	0.000016
106	168	0.000200
106	532	0.000004
106	761	0.000016
107	113	0.000004
107	167	0.000231
107	531	0.000004
107	533	0.000003
107	760	0.000016
108	112	0.000002
108	166	0.000118
108	532	0.000002
108	759	0.000015
109	166	0.000309
109	532	0.000002
110	164	0.000013
110	165	0.000431
110	530	0.000006
110	531	0.000002
110	758	0.000002
111	163	0.000013
111	164	0.000431
111	529	0.000006
111	530	0.000002
112	163	0.000419
112	528	0.000006
112	529	0.000002
112	537	0.000001
112	752	0.000002
113	527	0.000006
113	536	0.000002
113	751	0.000002
113	754	0.000009
114	236	0.000003
114	527	0.000002
114	535	0.000003
114	750	0.000002
114	753	0.000009
114	756	0.000001
115	166	0.000099
115	168	0.000002
115	214	0.000004
115	232	0.000005
115	235	0.000003
116	161	0.000014
116	162	0.993061
116	163	0.001147
116	164	0.000020
116	165	0.000064
116	231	0.000003
117	161	0.999254
117	162	0.000607
117	163	0.000015
117	164	0.000048
118	160	0.999452
119	159	0.999977
120	158	0.999979
121	156	0.000001
121	157	0.999033
122	156	0.999289
122	157	0.000001
123	155	0.999964
124	154	0.999511
125	153	0.999977
126	152	0.999984
127	150	0.000001
127	151	0.998859
128	150	0.998775
129	149	0.998652
130	148	0.911101
131	146	0.000002
131	147	0.649753
131	148	0.085284
132	146	0.387791
132	147	0.350045
133	139	0.000003
133	143	0.006217
133	146	0.611800
134	138	0.000003
134	140	0.000002
134	142	0.006271
134	145	0.866866
135	139	0.000002
135	143	0.007765
135	147	0.000026
136	143	0.976668
136	146	0.000034
137	142	0.986965
137	145	0.000042
138	143	0.000033
160	216	0.000002
161	214	0.000003
161	230	0.000002
162	170	0.000002
162	213	0.000064
162	214	0.001158
162	228	0.000004
162	230	0.000302
162	535	0.000002
162	536	0.000020
163	168	0.000084
163	169	0.000022
163	170	0.000285
163	177	0.000013
163	178	0.000002
163	212	0.000133
163	213	0.029874
163	214	0.585113
163	221	0.000011
163	227	0.000006
163	228	0.118914
163	230	0.000061
163	232	0.000006
163	236	0.000002
163	240	0.000008
163	410	0.000002
163	535	0.000110
163	536	0.001147
163	721	0.000001
163	755	0.000003
164	168	0.000018
164	169	0.000298
164	170	0.000036
164	176	0.000018
164	177	0.000003
164	212	0.029703
164	213	0.645525
164	214	0.115797
164	220	0.000009
164	221	0.000123
164	226	0.000003
164	227	0.119558
164	228	0.000139
164	236	0.000004
164	239	0.000009
164	410	0.000001
164	443	0.000003
164	535	0.001152
164	536	0.004538
164	720	0.000001
164	754	0.000004
165	169	0.000037
165	175	0.000021
165	176	0.000003
165	212	0.642175
165	213	0.128050
165	214	0.001624
165	220	0.000124
165	224	0.000002
165	226	0.119426
165	227	0.000137
165	230	0.000012
165	235	0.000003
165	236	0.000002
165	238	0.000012
165	442	0.000003
165	535	0.004658
165	536	0.000003
165	719	0.000001
165	753	0.000004
166	174	0.000021
166	210	0.000537
166	211	0.070359
166	215	0.000314
166	216	0.000188
166	217	0.000073
166	219	0.000123
166	223	0.000002
166	225	0.119652
166	229	0.000012
166	234	0.000003
166	237	0.000013
166	441	0.000003
166	534	0.004244
166	718	0.000001
166	752	0.000004
167	175	0.000122
167	209	0.000586
167	212	0.139896
167	213	0.031361
167	214	0.000196
167	220	0.000001
167	224	0.119627
167	228	0.000011
167	235	0.000010
167	236	0.000011
167	535	0.000015
167	751	0.000004
168	174	0.000124
168	207	0.000047
168	208	0.000516
168	210	0.000016
168	211	0.003597
168	215	0.000050
168	216	0.000041
168	217	0.000104
168	218	0.000004
168	219	0.000008
168	222	0.000265
168	223	0.117428
168	234	0.000022
168	530	0.000001
168	534	0.000013
168	716	0.000001
169	173	0.000124
169	206	0.000085
169	210	0.002131
169	211	0.876015
169	215	0.000018
169	218	0.000005
169	222	0.046814
169	233	0.000022
169	529	0.000001
169	715	0.000001
170	206	0.000206
170	210	0.993834
170	211	0.000123
170	215	0.000011
170	218	0.000014
170	222	0.000043
170	231	0.000023
170	528	0.000001
170	714	0.000001
171	175	0.000007
171	209	0.997028
171	212	0.000070
171	213	0.000001
171	214	0.000005
171	220	0.000170
171	221	0.000071
171	230	0.000023
171	527	0.000001
172	204	0.000002
172	205	0.000079
172	206	0.000073
172	207	0.000557
172	208	0.986504
172	210	0.000041
172	211	0.000067
172	216	0.000002
172	217	0.000003
172	218	0.000002
172	219	0.000179
172	222	0.000002
172	229	0.000023
172	526	0.000001
173	209	0.000053
173	212	0.000003
173	213	0.000002
173	221	0.000042
173	228	0.000023
174	214	0.000002
174	220	0.000038
175	204	0.002941
175	206	0.241247
175	210	0.000004
175	211	0.000003
175	215	0.000008
175	218	0.000012
176	203	0.002216
176	204	0.994730
176	206	0.000006
176	210	0.000002
177	202	0.001482
177	203	0.997729
177	204	0.000019
178	201	0.000747
178	202	0.998491
178	203	0.000013
179	199	0.000001
179	201	0.999222
179	202	0.000007
180	200	0.999463
181	198	0.000001
181	199	0.998119
182	198	0.998841
183	197	0.999964
184	196	0.999509
185	193	0.000002
185	195	0.999972
186	192	0.000006
186	194	0.999917
187	191	0.000024
187	193	0.991644
187	195	0.000007
188	192	0.980165
188	194	0.000008
189	193	0.000009
202	213	0.000002
202	214	0.000001
203	212	0.000002
203	213	0.000005
203	228	0.000002
204	212	0.000006
204	213	0.000001
204	227	0.000002
204	236	0.000003
205	214	0.000425
205	226	0.000003
205	235	0.000003
205	745	0.000002
206	212	0.000011
206	213	0.000445
206	221	0.000475
206	227	0.000003
206	744	0.000002
207	214	0.000003
207	220	0.000466
207	226	0.000003
207	743	0.000002
208	214	0.000001
208	220	0.000002
208	232	0.000004
208	415	0.000002
208	742	0.000002
209	215	0.000030
209	218	0.000532
209	222	0.000024
209	231	0.000004
209	414	0.000003
210	214	0.000012
210	220	0.000001
210	221	0.000244
210	230	0.000004
210	413	0.000003
210	536	0.000002
210	540	0.000001
210	740	0.000002
210	751	0.000001
211	220	0.000289
211	221	0.000237
211	228	0.000002
211	412	0.000003
211	535	0.000002
211	539	0.000001
211	739	0.000002
211	750	0.000001
212	218	0.000935
212	222	0.000079
212	231	0.000001
212	233	0.000002
212	411	0.000003
212	530	0.000003
212	538	0.000004
212	749	0.000001
213	218	0.001533
213	222	0.000788
213	233	0.000003
213	529	0.000003
213	537	0.000004
213	538	0.000003
214	218	0.000039
214	219	0.000489
214	222	0.003930
214	223	0.000013
214	225	0.000025
214	229	0.000008
214	231	0.000018
214	237	0.000232
214	528	0.000003
214	534	0.000002
214	537	0.000003
215	220	0.000025
215	221	0.015824
215	224	0.000049
215	227	0.000051
215	228	0.000017
215	230	0.000076
215	236	0.000634
215	238	0.000053
215	239	0.001820
215	410	0.000011
215	527	0.000003
215	535	0.000099
215	536	0.000045
215	735	0.000016
215	744	0.000004
216	220	0.012000
216	226	0.000048
216	235	0.000553
216	238	0.003135
216	409	0.000007
216	734	0.000016
216	743	0.000004
217	226	0.000006
217	232	0.000001
217	235	0.000010
217	238	0.000610
217	733	0.000016
217	742	0.000004
218	224	0.000049
218	227	0.000585
218	228	0.000005
218	230	0.000002
218	232	0.000002
218	235	0.000008
218	236	0.872556
218	239	0.000013
218	535	0.000001
218	732	0.000016
218	741	0.000004
219	226	0.000571
219	232	0.000175
219	235	0.874330
219	238	0.000020
219	422	0.000002
219	731	0.000016
219	740	0.000003
220	225	0.000464
220	229	0.000001
220	231	0.000051
220	233	0.000007
220	234	0.874664
220	237	0.000025
220	421	0.000002
220	730	0.000014
221	231	0.000573
221	233	0.872143
221	420	0.000002
221	696	0.000001
222	226	0.000003
222	227	0.000278
222	228	0.000426
222	230	0.001052
222	232	0.326108
222	235	0.000003
222	236	0.001974
222	419	0.000002
222	535	0.000075
222	536	0.000002
223	232	0.509769
223	235	0.001956
223	418	0.000002
224	231	0.778244
224	233	0.002526
224	533	0.000376
225	232	0.002910
225	235	0.000141
225	532	0.000379
225	693	0.000013
226	231	0.002720
226	234	0.000188
226	441	0.000009
226	531	0.000379
226	692	0.000016
227	231	0.000293
227	233	0.000192
227	440	0.000006
227	530	0.000379
227	691	0.000016
228	233	0.000051
228	416	0.000003
228	440	0.001039
228	529	0.000379
228	689	0.000021
229	235	0.000063
229	238	0.000019
229	415	0.000010
229	439	0.001681
229	688	0.000021
230	411	0.000008
230	414	0.000011
230	438	0.001746
230	440	0.000002
230	528	0.000368
230	537	0.000002
230	687	0.000021
231	235	0.000039
231	236	0.008212
231	238	0.000100
231	239	0.000002
231	409	0.000002
231	410	0.000013
231	412	0.000029
231	413	0.000006
231	436	0.001206
231	437	0.000878
231	527	0.000370
231	535	0.000232
231	536	0.000006
231	686	0.000021
232	237	0.000147
232	411	0.000041
232	435	0.002079
232	525	0.000153
232	526	0.000225
232	534	0.000213
232	684	0.000010
232	685	0.000011
233	238	0.000004
233	239	0.000007
233	409	0.000004
233	410	0.000170
233	412	0.000002
233	434	0.002090
233	524	0.000293
233	535	0.000015
233	536	0.000006
233	683	0.000021
234	238	0.000010
234	409	0.000158
234	433	0.002089
234	523	0.000286
234	532	0.000007
234	682	0.000021
235	408	0.000050
235	411	0.000003
235	432	0.002088
235	522	0.000244
235	531	0.000007
235	534	0.000005
235	681	0.000020
236	407	0.000018
236	411	0.000006
236	428	0.000001
236	431	0.002084
236	530	0.000007
236	533	0.000005
236	680	0.000014
237	409	0.454216
238	407	0.000005
238	408	0.905658
238	429	0.000002
239	406	0.000013
239	407	0.997176
239	428	0.000001
240	405	0.000012
240	406	0.998962
240	407	0.000916
241	404	0.000010
241	405	0.999040
241	406	0.000927
241	407	0.000003
242	404	0.999001
242	405	0.000931
242	406	0.000003
243	402	0.000014
243	403	0.990482
243	404	0.000888
243	405	0.000003
245	402	0.898370
246	399	0.000014
246	401	0.898371
247	399	0.991400
248	398	0.999931
248	399	0.000020
249	397	0.999976
249	398	0.000014
250	396	0.999984
250	397	0.000007
251	395	0.999991
252	394	0.999977
253	393	0.999484
254	392	0.999545
255	385	0.000001
255	390	0.000016
255	391	0.139503
256	390	0.126732
256	391	0.860113
257	381	0.000002
257	390	0.870981
257	391	0.000005
258	380	0.000001
258	383	0.003693
258	384	0.115881
258	386	0.003915
258	387	0.015209
258	388	0.003286
258	389	0.840129
259	383	0.256803
259	384	0.001320
259	386	0.021439
259	387	0.005103
259	388	0.668693
259	389	0.000330
260	381	0.996116
261	380	0.999846
261	383	0.000003
261	384	0.000002
261	386	0.000065
262	379	0.999481
262	384	0.000002
263	378	0.999479
263	382	0.000003
264	377	0.999893
264	381	0.000003
265	376	0.987407
266	374	0.146818
266	376	0.000045
266	380	0.000007
267	376	0.000040
267	379	0.000006
268	371	0.925032
268	372	0.010413
268	373	0.005395
268	375	0.000051
268	378	0.000002
269	369	0.000109
269	370	0.999503
269	374	0.000014
270	368	0.000118
270	369	0.999800
270	370	0.000069
271	367	0.000125
271	368	0.999797
271	369	0.000064
272	367	0.999594
272	368	0.000058
273	363	0.000002
273	365	0.998903
274	362	0.000001
274	364	0.996494
275	364	0.000172
276	362	0.995677
276	364	0.000003
277	358	0.000002
277	360	0.000001
277	361	0.998089
277	363	0.000003
278	357	0.000003
278	360	0.998404
278	361	0.000234
278	363	0.000008
279	356	0.000003
279	359	0.976086
279	362	0.000007
280	288	0.000001
280	355	0.000002
281	287	0.000002
281	356	0.001432
281	359	0.011295
282	286	0.000001
282	355	0.001160
283	355	0.000009
284	355	0.000012
284	356	0.997641
285	352	0.000191
285	355	0.998170
286	351	0.000176
286	353	0.000004
286	354	0.999032
286	358	0.000005
287	350	0.000152
287	351	0.000012
287	353	0.998139
287	357	0.000005
288	350	0.000012
288	351	0.000703
288	353	0.000014
289	350	0.000125
289	351	0.719243
289	354	0.000030
290	350	0.990551
290	351	0.001191
290	353	0.000034
291	349	0.965729
291	352	0.000038
292	349	0.005492
293	347	0.984208
293	348	0.007150
293	349	0.004207
294	346	0.988145
294	347	0.003671
294	348	0.006209
294	349	0.000018
295	345	0.989928
296	304	0.000001
296	344	0.990079
296	346	0.000132
296	347	0.008121
296	348	0.000016
297	302	0.000002
297	303	0.000001
297	304	0.000001
297	311	0.000001
297	338	0.000001
297	341	0.000027
297	344	0.000111
297	346	0.009420
297	347	0.000014
298	310	0.000001
298	337	0.000001
298	340	0.000028
298	342	0.980073
298	343	0.000123
298	345	0.009564
299	304	0.000003
299	336	0.000001
299	339	0.000008
299	341	0.988705
299	344	0.009572
299	346	0.000020
300	308	0.000001
300	335	0.000001
300	340	0.980684
300	342	0.000004
300	343	0.008718
300	345	0.000020
301	307	0.000002
301	339	0.373421
302	306	0.000002
302	309	0.000021
302	342	0.001207
302	343	0.001340
303	308	0.000021
303	309	0.000015
303	335	0.000005
303	342	0.001399
303	343	0.000467
304	308	0.000015
304	335	0.001246
304	342	0.000487
305	334	0.001258
305	339	0.616100
306	333	0.001249
306	334	0.000009
306	336	0.003928
306	338	0.993864
306	339	0.000006
306	341	0.000004
307	335	0.003923
307	337	0.994177
307	340	0.000004
308	332	0.000018
308	333	0.000091
308	334	0.003882
308	336	0.993980
308	338	0.000005
308	339	0.000004
309	331	0.000008
309	332	0.000086
309	333	0.003897
309	334	0.000119
309	336	0.000054
309	338	0.000004
310	331	0.000067
310	334	0.870167
311	335	0.000091
312	331	0.000002
312	332	0.994210
312	333	0.000882
312	334	0.000004
313	331	0.999256
314	330	0.999487
315	329	0.999962
316	328	0.999574
317	326	0.000011
317	327	0.999914
318	326	0.998638
318	327	0.000036
318	329	0.000002
319	328	0.000005
320	326	0.000214
320	327	0.000008
321	325	0.000664
321	326	0.000010
381	386	0.000159
381	387	0.000006
381	388	0.000021
381	389	0.000068
382	387	0.000208
382	388	0.000133
383	390	0.000010
383	391	0.000001
384	390	0.000001
386	390	0.000005
386	391	0.000002
406	536	0.000073
407	535	0.000424
407	536	0.000128
409	426	0.000004
409	427	0.000009
409	429	0.000031
409	534	0.453534
410	428	0.000057
410	440	0.000001
410	530	0.000002
410	531	0.000019
410	533	0.988650
411	425	0.002679
411	439	0.000001
411	532	0.995913
411	535	0.000003
412	424	0.002685
412	438	0.000001
412	529	0.000023
412	530	0.000028
412	531	0.997204
413	423	0.002685
413	528	0.000023
413	529	0.000046
413	530	0.997108
414	422	0.002671
414	436	0.000001
414	527	0.000022
415	421	0.002658
415	435	0.000001
415	526	0.000020
415	528	0.988249
415	529	0.000018
416	434	0.000001
416	527	0.997038
417	430	0.000001
417	525	0.000037
417	526	0.993710
418	429	0.000002
418	525	0.967299
418	526	0.001075
419	428	0.000002
419	431	0.000001
420	523	0.000055
420	524	0.996246
421	523	0.996641
422	522	0.996482
423	520	0.000009
423	521	0.997222
423	751	0.000002
424	520	0.995227
424	521	0.000006
424	750	0.000002
425	431	0.007707
425	518	0.000603
425	749	0.000002
426	433	0.000043
426	517	0.000266
426	748	0.000001
427	433	0.000133
427	517	0.000006
427	745	0.000001
428	433	0.000016
428	434	0.000092
428	520	0.000082
428	521	0.000002
428	524	0.000148
428	744	0.000002
429	433	0.000083
429	523	0.000144
429	743	0.000002
430	742	0.000002
431	520	0.000979
431	521	0.000304
431	524	0.000009
431	741	0.000002
432	523	0.000008
432	532	0.000001
432	740	0.000001
433	518	0.000002
433	519	0.983367
433	522	0.000002
433	531	0.000001
433	534	0.000002
434	516	0.000001
434	518	0.997110
434	530	0.000001
434	533	0.000002
435	517	0.997190
435	532	0.000002
436	445	0.000003
436	515	0.000019
436	516	0.997861
436	529	0.000002
436	531	0.000002
437	444	0.000005
437	514	0.000035
437	515	0.997519
437	528	0.000004
437	530	0.000002
438	443	0.000005
438	527	0.000004
439	513	0.994954
439	514	0.000005
439	525	0.000001
439	526	0.000003
439	528	0.000002
440	511	0.000069
440	512	0.997704
440	524	0.000003
440	527	0.000002
440	539	0.000006
441	510	0.002207
441	511	0.963858
441	523	0.000003
442	509	0.002216
442	538	0.001989
443	509	0.985095
443	537	0.002012
444	507	0.000004
444	508	0.996028
444	521	0.000007
444	535	0.000002
444	536	0.002068
445	453	0.000001
445	507	0.997882
445	520	0.000007
445	535	0.002070
446	452	0.000001
446	506	0.997838
446	518	0.000009
446	533	0.002079
447	505	0.977837
447	517	0.000009
447	532	0.002079
448	502	0.000018
448	516	0.000009
448	531	0.002080
449	502	0.000269
449	515	0.000009
449	530	0.002080
450	499	0.000013
450	502	0.995284
450	514	0.000009
450	529	0.002080
451	498	0.000013
451	501	0.997253
451	513	0.000009
451	528	0.002077
452	497	0.000014
452	500	0.997841
452	512	0.000008
452	527	0.002077
453	496	0.000014
453	498	0.001962
453	499	0.992241
453	501	0.000005
453	522	0.000002
453	525	0.000125
453	526	0.001721
454	497	0.003928
454	500	0.000006
454	521	0.000003
454	524	0.000248
455	497	0.913596
455	520	0.000003
455	523	0.000101
455	524	0.001445
456	523	0.001282
457	523	0.000003
458	495	0.987363
459	493	0.000014
459	494	0.999868
459	521	0.000011
460	492	0.000015
460	493	0.999948
460	494	0.000012
460	520	0.000011
460	521	0.000002
461	491	0.000013
461	492	0.999815
461	493	0.000012
461	520	0.000002
462	491	0.956908
463	487	0.000002
463	491	0.005332
463	517	0.000008
464	485	0.000001
464	516	0.000007
465	487	0.000003
465	491	0.000208
466	484	0.000008
466	487	0.000018
466	491	0.000067
467	483	0.000009
467	487	0.000051
467	488	0.995344
468	487	0.998875
469	478	0.000001
469	482	0.000004
469	485	0.000001
469	486	0.999415
470	477	0.000002
470	481	0.000004
470	485	0.999849
471	484	0.984541
471	487	0.000006
472	477	0.000002
472	478	0.000226
472	479	0.000012
472	481	0.000059
472	482	0.871334
472	486	0.000012
473	477	0.000224
473	479	0.000335
473	481	0.901309
473	482	0.090300
473	485	0.000013
474	480	0.887688
474	483	0.002138
474	484	0.000018
475	484	0.000002
476	481	0.001652
476	482	0.001617
477	483	0.000051
478	484	0.000004
479	483	0.000008
479	507	0.000001
480	506	0.000001
481	504	0.000001
482	503	0.000001
483	502	0.000001
484	501	0.000001
485	500	0.000001
490	517	0.000002
491	516	0.000002
492	515	0.000007
492	516	0.000002
493	514	0.000007
493	515	0.000005
494	514	0.000005
495	511	0.000032
495	512	0.000011
495	524	0.000066
496	510	0.000140
496	511	0.000006
496	523	0.000074
497	509	0.000159
498	508	0.000159
498	520	0.000004
498	521	0.001907
499	507	0.000159
499	510	0.000001
499	520	0.001910
500	506	0.000159
500	509	0.000002
500	518	0.001897
501	505	0.000105
501	508	0.000002
501	517	0.001892
502	507	0.000002
502	517	0.000030
503	515	0.001897
503	516	0.000031
504	514	0.001899
504	515	0.000030
505	513	0.001897
505	514	0.000029
506	512	0.001870
511	519	0.000002
512	518	0.000002
513	517	0.000001
514	521	0.000130
515	520	0.000130
515	521	0.000003
515	536	0.000006
516	520	0.000003
516	535	0.000011
517	534	0.000011
519	532	0.000020
520	529	0.000016
520	530	0.000003
520	531	0.000023
521	528	0.000016
521	529	0.000003
521	530	0.000023
521	533	0.000080
522	532	0.000081
523	531	0.000081
523	534	0.000003
524	530	0.000080
524	533	0.000003
525	532	0.000002
527	537	0.000013
527	538	0.000001
528	535	0.000001
528	536	0.000039
529	535	0.000040
529	536	0.000047
530	535	0.000050
530	536	0.000003
531	535	0.000003
534	549	0.000014
535	548	0.000015
537	546	0.000021
538	545	0.000021
539	544	0.000021
542	551	0.000002
543	550	0.000002
544	551	0.000032
545	550	0.000032
545	716	0.000014
546	550	0.000001
546	554	0.000001
546	715	0.000064
547	552	0.000002
547	553	0.000005
547	554	0.000001
547	555	0.000001
547	588	0.000102
547	589	0.000016
547	681	0.000003
547	684	0.000123
547	685	0.000002
547	687	0.000408
547	689	0.000004
547	691	0.000004
547	695	0.000002
547	701	0.000004
547	714	0.000234
547	718	0.000023
547	725	0.000009
547	726	0.000001
547	728	0.000086
547	729	0.000002
547	730	0.000001
547	737	0.000009
547	738	0.000002
547	746	0.000006
547	749	0.000005
547	752	0.002185
547	762	0.000015
547	766	0.000319
547	767	0.000023
547	768	0.000011
547	771	0.000103
547	772	0.000005
547	773	0.000004
547	776	0.000016
547	781	0.000162
547	782	0.000004
548	585	0.000004
548	586	0.000007
548	587	0.000199
548	682	0.000016
548	683	0.000141
548	686	0.000999
548	688	0.000005
548	690	0.000030
548	693	0.000002
548	694	0.000002
548	700	0.000011
548	702	0.000007
548	703	0.000002
548	711	0.000017
548	712	0.000003
548	713	0.000920
548	719	0.000075
548	724	0.000010
548	727	0.000097
548	731	0.000007
548	732	0.000006
548	735	0.000009
548	736	0.000008
548	739	0.000264
548	741	0.000028
548	744	0.000011
548	745	0.000006
548	747	0.001767
548	748	0.000001
548	750	0.000111
548	751	0.002838
548	753	0.002497
548	754	0.000031
548	756	0.000003
548	761	0.000017
548	763	0.027517
548	764	0.000003
548	765	0.000331
548	769	0.000014
548	770	0.000116
548	774	0.000288
548	775	0.000011
548	777	0.000049
548	780	0.000185
548	783	0.000033
548	824	0.000024
548	825	0.000310
548	826	0.000009
548	827	0.000026
548	855	0.000003
549	555	0.000002
549	588	0.000222
549	589	0.000002
549	681	0.000028
549	684	0.000127
549	685	0.000901
549	687	0.000029
549	689	0.000193
549	691	0.000018
549	692	0.000002
549	695	0.000002
549	699	0.000012
549	701	0.000006
549	710	0.000013
549	714	0.000001
549	716	0.000037
549	717	0.000002
549	718	0.000074
549	725	0.000018
549	726	0.000093
549	728	0.000005
549	729	0.000002
549	730	0.000009
549	737	0.000013
549	738	0.000249
549	746	0.001762
549	749	0.000107
549	752	0.002529
549	760	0.000027
549	762	0.027708
549	766	0.000065
549	767	0.000003
549	768	0.000024
549	771	0.000063
549	772	0.000003
549	773	0.000272
549	776	0.000058
549	781	0.000105
549	782	0.000033
549	823	0.000010
549	854	0.000003
550	582	0.000001
550	583	0.000009
550	584	0.000004
550	585	0.000208
550	586	0.004056
550	587	0.001553
550	682	0.000006
550	683	0.000254
550	686	0.000242
550	688	0.002107
550	690	0.001318
550	694	0.000003
550	700	0.000003
550	702	0.000936
550	711	0.003388
550	713	0.000016
550	719	0.000009
550	721	0.000001
550	723	0.000002
550	724	0.000034
550	727	0.000007
550	731	0.000002
550	732	0.000028
550	733	0.000004
550	734	0.000003
550	735	0.000043
550	736	0.000022
550	739	0.000125
550	740	0.000004
550	741	0.000040
550	742	0.000006
550	743	0.000009
550	744	0.000082
550	745	0.001581
550	747	0.000103
550	748	0.000039
550	750	0.016661
550	751	0.001579
550	753	0.000008
550	754	0.000008
550	756	0.000005
550	757	0.000001
550	759	0.000225
550	761	0.027854
550	763	0.000294
550	764	0.000004
550	765	0.000130
550	769	0.000004
550	770	0.000126
550	774	0.000110
550	775	0.000054
550	777	0.000006
550	778	0.000025
550	779	0.000007
550	780	0.000212
550	783	0.000011
550	824	0.002554
550	825	0.000108
550	826	0.000006
550	827	0.000030
550	835	0.000011
550	853	0.000003
551	556	0.000004
551	588	0.000038
551	680	0.000014
551	687	0.002233
551	689	0.001416
551	691	0.000013
551	696	0.000040
551	697	0.000016
551	698	0.000006
551	701	0.000937
551	710	0.003366
551	714	0.000448
551	715	0.000025
551	716	0.000072
551	717	0.000015
551	749	0.017701
551	758	0.000242
551	760	0.027585
551	823	0.002472
551	834	0.000011
551	852	0.000003
552	582	0.000011
552	583	0.000568
552	584	0.000025
552	585	0.984416
552	586	0.000041
552	587	0.000027
552	683	0.000016
552	686	0.000359
552	688	0.000023
552	700	0.000005
552	709	0.000004
552	713	0.000509
552	723	0.000041
552	724	0.000001
552	732	0.000005
552	734	0.000080
552	735	0.000032
552	739	0.000003
552	741	0.000255
552	743	0.001185
552	744	0.000105
552	747	0.000077
552	748	0.000404
552	750	0.000008
552	756	0.000197
552	757	0.000007
552	759	0.001999
552	763	0.000004
552	765	0.000278
552	770	0.000012
552	774	0.000001
552	780	0.000104
552	822	0.000511
552	824	0.000002
552	825	0.000005
552	827	0.000363
553	584	0.989484
553	682	0.000011
553	712	0.000506
553	722	0.000041
553	731	0.000004
553	733	0.000097
553	734	0.000023
553	736	0.000043
553	740	0.000254
553	742	0.001307
553	743	0.000066
553	745	0.000248
553	748	0.000052
553	755	0.000202
553	757	0.002279
553	759	0.000005
553	764	0.000276
553	769	0.000009
553	775	0.000002
553	779	0.000100
553	821	0.000507
553	826	0.000363
554	581	0.000004
554	582	0.002554
554	583	0.986176
554	584	0.000003
554	585	0.000513
554	683	0.000017
554	686	0.000010
554	711	0.000495
554	713	0.000002
554	721	0.000040
554	723	0.000002
554	732	0.000105
554	733	0.000008
554	735	0.000045
554	739	0.000245
554	741	0.001345
554	742	0.000017
554	743	0.000002
554	744	0.000265
554	747	0.000058
554	754	0.000198
554	756	0.002312
554	757	0.000002
554	763	0.000268
554	765	0.000007
554	770	0.000003
554	774	0.000002
554	778	0.000088
554	780	0.000006
554	820	0.000502
554	825	0.000357
554	827	0.000005
555	580	0.000003
555	584	0.000494
555	682	0.000015
555	712	0.000001
555	722	0.000002
555	731	0.000092
555	733	0.000002
555	734	0.000040
555	736	0.000006
555	740	0.001272
555	742	0.000006
555	743	0.000237
555	745	0.000030
555	755	0.002218
555	757	0.000008
555	761	0.000004
555	764	0.000007
555	769	0.000002
555	777	0.000075
555	779	0.000005
555	819	0.000407
555	826	0.000005
556	579	0.000001
556	580	0.000003
556	581	0.992739
556	582	0.001539
556	583	0.000224
556	720	0.000001
556	721	0.000002
556	732	0.000002
556	733	0.000001
556	735	0.000006
556	739	0.000559
556	741	0.000009
556	742	0.000006
556	744	0.000028
556	753	0.000002
556	754	0.001312
556	756	0.000007
556	763	0.000003
556	824	0.000001
556	825	0.000003
557	579	0.000004
557	580	0.998312
557	731	0.000002
557	734	0.000005
557	740	0.000007
557	743	0.000024
557	755	0.000005
558	579	0.997945
558	580	0.000003
558	733	0.000002
558	742	0.000008
559	577	0.000009
559	578	0.999408
560	576	0.000032
560	577	0.999926
561	571	0.000001
561	576	0.999337
561	577	0.000002
562	570	0.000003
562	574	0.987547
562	576	0.000002
563	569	0.000003
563	572	0.000003
563	573	0.999918
563	575	0.000007
564	572	0.999956
564	573	0.000007
565	571	0.991572
566	571	0.005519
575	704	0.000002
576	583	0.000001
576	703	0.000005
576	720	0.000001
576	721	0.000004
576	724	0.000010
577	582	0.000001
577	702	0.000006
577	719	0.000001
577	720	0.000004
577	723	0.000010
578	722	0.000010
579	718	0.000013
580	699	0.000218
580	717	0.000023
580	718	0.000140
581	698	0.000355
581	715	0.000002
581	716	0.000048
581	717	0.000238
582	687	0.000002
582	697	0.000362
582	698	0.000008
582	701	0.000002
582	714	0.000003
582	715	0.000066
582	716	0.000243
582	717	0.000192
583	687	0.000001
583	689	0.000002
583	696	0.000363
583	697	0.000008
583	698	0.000002
583	714	0.000066
583	715	0.000243
583	716	0.000193
583	717	0.000023
583	786	0.000003
584	681	0.000290
584	684	0.000008
584	692	0.000001
584	695	0.000310
584	696	0.000007
584	697	0.000002
584	699	0.000013
584	714	0.000178
584	715	0.000191
584	716	0.000005
584	717	0.000133
584	718	0.000008
584	785	0.000003
585	680	0.000280
585	687	0.000002
585	691	0.000002
585	696	0.000002
585	698	0.000017
585	714	0.000197
585	715	0.000006
585	716	0.000307
585	717	0.000011
585	784	0.000003
586	679	0.000212
586	680	0.977491
586	696	0.000002
586	697	0.000019
586	698	0.000004
586	714	0.000004
586	715	0.000710
586	716	0.000012
586	717	0.000001
586	758	0.000020
586	760	0.000001
587	679	0.994478
587	680	0.000521
587	696	0.000018
587	697	0.000004
587	714	0.000716
587	715	0.000010
587	716	0.000001
587	758	0.000007
588	678	0.994654
588	683	0.000020
588	713	0.000714
588	723	0.000071
588	732	0.000005
588	735	0.000009
588	741	0.000019
588	744	0.000009
588	756	0.000283
588	765	0.000021
588	770	0.000007
588	780	0.000011
588	827	0.000120
589	682	0.000020
589	712	0.000671
589	722	0.000071
589	731	0.000005
589	734	0.000008
589	740	0.000018
589	743	0.000008
589	755	0.000284
589	764	0.000021
589	769	0.000006
589	779	0.000010
589	826	0.000120
590	676	0.000016
590	677	0.998889
590	678	0.000016
590	711	0.000267
590	721	0.000071
590	733	0.000001
590	739	0.000011
590	742	0.000001
590	754	0.000283
590	763	0.000012
590	825	0.000116
591	676	0.999468
591	677	0.000009
591	720	0.000069
591	732	0.000001
591	741	0.000001
591	753	0.000281
591	824	0.000110
592	675	0.998806
592	752	0.000262
592	823	0.000026
593	674	0.999765
593	751	0.000161
594	673	0.999901
594	750	0.000083
595	672	0.999684
595	748	0.000001
596	670	0.000001
596	671	0.999961
596	674	0.000001
596	747	0.000001
597	670	0.996591
597	671	0.000002
597	673	0.000001
598	672	0.000001
599	668	0.996004
600	667	0.999975
601	666	0.999511
602	665	0.999977
603	664	0.999991
604	663	0.999991
605	662	0.999957
606	661	0.999963
607	660	0.999981
608	659	0.999511
609	657	0.000008
609	658	0.999967
610	656	0.000017
610	657	0.999966
610	658	0.000002
611	654	0.000005
611	656	0.998723
611	657	0.000003
612	616	0.000001
613	653	0.000636
614	652	0.000330
614	653	0.863851
615	652	0.865255
615	653	0.000004
616	651	0.864967
616	652	0.000003
616	655	0.131663
617	650	0.861832
617	654	0.134346
618	643	0.000001
618	648	0.004279
618	653	0.131230
619	642	0.000001
619	647	0.002164
619	648	0.858863
619	652	0.127264
619	653	0.003143
620	647	0.863075
620	652	0.006240
621	646	0.864516
622	639	0.000003
622	645	0.864182
622	651	0.116090
623	641	0.000001
623	644	0.864414
623	646	0.000002
623	650	0.134585
624	637	0.000247
624	640	0.000001
624	642	0.000013
624	643	0.748940
624	645	0.000004
624	648	0.000002
624	649	0.134694
625	636	0.000538
625	640	0.000045
625	642	0.262211
625	643	0.106717
625	647	0.000005
625	648	0.134725
626	635	0.000573
626	636	0.000003
626	638	0.001291
626	640	0.004033
626	642	0.088665
626	643	0.002778
626	647	0.134646
627	634	0.000572
627	635	0.000002
627	637	0.001305
627	638	0.000012
627	639	0.003953
627	640	0.000070
627	642	0.002969
627	643	0.000403
627	645	0.124748
628	633	0.000555
628	641	0.013289
628	644	0.130416
628	646	0.000003
629	635	0.001366
629	636	0.000936
629	638	0.002431
629	640	0.013149
629	642	0.577578
629	643	0.065416
630	641	0.979502
631	635	0.000141
631	636	0.001074
631	638	0.010738
631	640	0.980472
631	642	0.000001
632	636	0.000013
632	637	0.009247
632	638	0.000015
632	639	0.980353
633	638	0.977361
633	640	0.000001
669	702	0.000002
670	701	0.000002
673	680	0.000002
673	701	0.000003
674	679	0.000002
674	691	0.000037
674	701	0.000028
675	690	0.000056
675	700	0.000034
675	702	0.000004
676	689	0.000057
676	698	0.000407
676	701	0.000003
676	716	0.000003
677	689	0.000025
677	691	0.000001
677	696	0.000002
677	697	0.000433
677	698	0.000006
677	715	0.000004
678	687	0.001015
678	689	0.000017
678	691	0.000043
678	696	0.000639
678	697	0.000010
678	714	0.000005
678	749	0.000005
678	758	0.000015
679	683	0.000002
679	686	0.001149
679	688	0.000017
679	690	0.000047
679	694	0.000002
679	702	0.000023
679	703	0.000002
679	713	0.000005
679	720	0.000108
679	721	0.000326
679	724	0.000271
679	733	0.000009
679	735	0.000002
679	736	0.000005
679	741	0.000001
679	742	0.000015
679	744	0.000024
679	745	0.000072
679	747	0.000001
679	748	0.000005
679	751	0.000010
679	754	0.000006
679	757	0.000016
679	765	0.000001
679	779	0.000002
679	780	0.000053
679	825	0.000034
680	686	0.000138
680	688	0.000001
680	690	0.000001
680	693	0.000006
680	694	0.011643
680	702	0.000004
680	712	0.000002
680	713	0.000002
680	719	0.000167
680	720	0.000337
680	721	0.000001
680	723	0.000279
680	732	0.000027
680	734	0.000002
680	735	0.000013
680	739	0.000001
680	741	0.000044
680	743	0.000027
680	744	0.000187
680	747	0.000007
680	750	0.000011
680	753	0.000006
680	756	0.000018
680	763	0.000002
680	765	0.000017
680	770	0.000077
680	774	0.000001
680	778	0.000015
680	779	0.000059
680	780	0.000678
680	824	0.000034
680	825	0.000002
680	827	0.000009
681	688	0.006262
681	690	0.006352
681	693	0.208739
681	694	0.000474
681	700	0.001877
681	703	0.000067
681	705	0.000001
681	712	0.000002
681	722	0.000278
681	727	0.000027
681	731	0.000041
681	733	0.000007
681	734	0.000018
681	736	0.000012
681	740	0.000066
681	742	0.000099
681	743	0.000283
681	745	0.000074
681	748	0.000015
681	755	0.000019
681	757	0.000005
681	759	0.000221
681	761	0.000105
681	764	0.000022
681	769	0.000108
681	775	0.000051
681	777	0.000261
681	778	0.000195
681	779	0.000963
681	826	0.000015
682	687	0.005698
682	689	0.005280
682	691	0.000017
682	692	0.241658
682	695	0.000005
682	696	0.000003
682	697	0.000010
682	698	0.000005
682	699	0.001991
682	701	0.000005
682	715	0.000009
682	716	0.000017
682	717	0.000064
682	718	0.033279
682	725	0.000002
682	726	0.000024
682	728	0.000002
682	729	0.000003
682	730	0.000037
682	737	0.000011
682	738	0.000013
682	746	0.000017
682	749	0.000005
682	752	0.000005
682	758	0.000183
682	760	0.000084
682	762	0.000020
682	766	0.000004
682	767	0.000006
682	768	0.000099
682	771	0.000005
682	772	0.000008
682	773	0.000004
682	776	0.000260
682	781	0.000130
682	782	0.000026
682	792	0.000001
683	687	0.000091
683	689	0.013431
683	691	0.248484
683	696	0.000117
683	697	0.000013
683	698	0.001999
683	701	0.000364
683	704	0.000119
683	710	0.000001
683	714	0.000020
683	715	0.000079
683	716	0.000148
683	717	0.039731
683	749	0.000955
683	758	0.000690
683	760	0.000233
683	791	0.000001
683	823	0.000003
684	688	0.009015
684	690	0.217379
684	693	0.000046
684	694	0.000089
684	700	0.000350
684	703	0.000267
684	722	0.000003
684	727	0.000003
684	731	0.000003
684	733	0.000009
684	734	0.000100
684	736	0.000032
684	740	0.000093
684	742	0.000233
684	743	0.000353
684	745	0.000020
684	748	0.000865
684	755	0.000010
684	757	0.000661
684	759	0.000188
684	761	0.000006
684	764	0.000006
684	769	0.000005
684	775	0.000246
684	777	0.001011
684	778	0.001256
684	779	0.001137
684	790	0.000001
684	826	0.000008
685	690	0.000765
685	693	0.000102
685	694	0.000036
685	700	0.000004
685	703	0.000301
685	705	0.000015
685	712	0.000002
685	722	0.000002
685	727	0.000004
685	731	0.000014
685	733	0.000118
685	734	0.000021
685	736	0.000176
685	740	0.000393
685	742	0.000405
685	743	0.000142
685	745	0.000049
685	748	0.000287
685	755	0.000340
685	757	0.000030
685	759	0.001018
685	761	0.000184
685	764	0.000019
685	769	0.000011
685	775	0.003431
685	777	0.001385
685	778	0.001340
685	779	0.000098
685	826	0.000009
685	859	0.000001
686	691	0.000940
686	696	0.001189
686	697	0.002070
686	698	0.000147
686	701	0.004000
686	704	0.000025
686	710	0.000002
686	714	0.043507
686	715	0.000452
686	716	0.001910
686	717	0.003820
686	749	0.001590
686	758	0.001137
686	760	0.000196
686	784	0.000034
686	823	0.000008
686	858	0.000001
687	693	0.000117
687	694	0.000160
687	700	0.004107
687	702	0.010582
687	703	0.000005
687	711	0.000131
687	712	0.000005
687	713	0.043371
687	719	0.002071
687	720	0.000015
687	721	0.000012
687	723	0.000003
687	724	0.000006
687	727	0.000055
687	731	0.000182
687	732	0.000499
687	733	0.000054
687	734	0.000126
687	735	0.005529
687	736	0.000624
687	739	0.038940
687	740	0.000042
687	741	0.003978
687	742	0.000028
687	743	0.000055
687	744	0.000977
687	745	0.000078
687	747	0.023832
687	748	0.000730
687	750	0.001736
687	751	0.000116
687	753	0.006842
687	754	0.000818
687	755	0.000034
687	756	0.000221
687	757	0.000729
687	759	0.000088
687	761	0.000001
687	763	0.001713
687	764	0.000009
687	765	0.001183
687	769	0.000174
687	770	0.000098
687	774	0.223441
687	775	0.000094
687	777	0.001198
687	778	0.000014
687	779	0.000008
687	780	0.000141
687	783	0.000447
687	798	0.000002
687	824	0.000093
687	825	0.000128
687	826	0.000005
687	827	0.000070
687	857	0.000001
688	692	0.000111
688	695	0.002549
688	696	0.000110
688	697	0.000015
688	698	0.000007
688	699	0.004114
688	701	0.010557
688	710	0.000111
688	714	0.001829
688	715	0.001190
688	716	0.012668
688	717	0.000101
688	718	0.001821
688	725	0.000069
688	726	0.000056
688	728	0.000369
688	729	0.000012
688	730	0.000203
688	737	0.001051
688	738	0.038265
688	746	0.023741
688	749	0.001646
688	752	0.006907
688	758	0.000021
688	762	0.001651
688	766	0.000205
688	767	0.000010
688	768	0.000197
688	771	0.000228
688	772	0.000322
688	773	0.209626
688	776	0.001299
688	781	0.000999
688	782	0.000442
688	784	0.000001
688	797	0.000002
688	799	0.000002
688	823	0.000040
689	693	0.000022
689	694	0.002434
689	700	0.010530
689	702	0.000150
689	703	0.000002
689	709	0.000005
689	711	0.040865
689	712	0.000074
689	713	0.002590
689	719	0.000048
689	720	0.000001
689	721	0.000001
689	723	0.000003
689	724	0.000082
689	727	0.000438
689	731	0.000485
689	732	0.000690
689	733	0.002333
689	734	0.002414
689	735	0.006883
689	736	0.001197
689	739	0.006207
689	740	0.000017
689	741	0.001119
689	742	0.000279
689	743	0.000297
689	744	0.002164
689	745	0.019659
689	747	0.003684
689	748	0.000237
689	750	0.000607
689	751	0.006583
689	753	0.002184
689	754	0.000043
689	755	0.000007
689	756	0.000030
689	757	0.000009
689	761	0.001250
689	763	0.001769
689	764	0.000003
689	765	0.000252
689	769	0.000045
689	770	0.000278
689	774	0.001937
689	775	0.001068
689	777	0.000050
689	778	0.000015
689	779	0.000004
689	780	0.001249
689	783	0.000158
689	796	0.000001
689	798	0.000002
689	822	0.000007
689	824	0.000111
689	825	0.000095
689	826	0.000003
689	827	0.000018
689	855	0.000001
690	695	0.000022
690	696	0.000037
690	697	0.003728
690	698	0.000010
690	699	0.010592
690	701	0.000145
690	710	0.034256
690	714	0.045050
690	715	0.000083
690	716	0.000624
690	717	0.000003
690	718	0.000038
690	725	0.000145
690	726	0.000416
690	728	0.000061
690	729	0.000156
690	730	0.000550
690	737	0.000114
690	738	0.005986
690	746	0.003579
690	749	0.000830
690	752	0.002192
690	760	0.000047
690	762	0.001643
690	766	0.000654
690	767	0.000019
690	768	0.000059
690	771	0.229488
690	772	0.000164
690	773	0.001321
690	776	0.000048
690	781	0.002525
690	782	0.000115
690	797	0.000002
690	823	0.000041
690	854	0.000001
691	700	0.000065
691	702	0.000018
691	706	0.000005
691	709	0.001488
691	711	0.002559
691	712	0.000064
691	713	0.229853
691	723	0.000076
691	724	0.000183
691	727	0.000053
691	731	0.000121
691	732	0.107560
691	733	0.000047
691	734	0.000086
691	735	0.014888
691	736	0.000018
691	739	0.001894
691	740	0.000154
691	741	0.020023
691	742	0.000082
691	743	0.001000
691	744	0.009851
691	745	0.000534
691	747	0.000041
691	748	0.000060
691	750	0.000505
691	751	0.002053
691	753	0.000003
691	754	0.000008
691	756	0.000017
691	759	0.000018
691	761	0.000830
691	763	0.000056
691	765	0.000785
691	769	0.000001
691	770	0.252378
691	774	0.000010
691	775	0.000020
691	778	0.000500
691	779	0.000333
691	780	0.003145
691	820	0.000005
691	822	0.000005
691	824	0.000010
691	825	0.000015
691	827	0.000037
691	853	0.000001
692	700	0.000100
692	703	0.000002
692	705	0.000005
692	709	0.000058
692	712	0.227447
692	722	0.000049
692	727	0.001315
692	731	0.107936
692	733	0.000138
692	734	0.014355
692	736	0.000051
692	740	0.019827
692	742	0.001033
692	743	0.009716
692	745	0.000025
692	748	0.000931
692	755	0.000015
692	759	0.000104
692	761	0.000026
692	764	0.000687
692	769	0.251660
692	775	0.000001
692	777	0.000543
692	778	0.000467
692	779	0.002914
692	819	0.000004
692	821	0.000004
692	826	0.000032
693	697	0.000010
693	698	0.000008
693	699	0.000114
693	701	0.000002
693	704	0.000003
693	710	0.000427
693	714	0.000005
693	715	0.000002
693	725	0.000031
693	726	0.001535
693	728	0.000899
693	729	0.023913
693	730	0.098091
693	737	0.000045
693	738	0.031652
693	746	0.000010
693	749	0.000084
693	758	0.000077
693	760	0.000023
693	762	0.000004
693	766	0.000039
693	767	0.000545
693	768	0.247101
693	772	0.000004
693	773	0.000007
693	776	0.000315
693	782	0.000004
693	818	0.000004
694	698	0.000097
694	699	0.000019
694	701	0.000149
694	704	0.000204
694	710	0.337813
694	714	0.000003
694	725	0.001477
694	726	0.000950
694	728	0.040345
694	729	0.079130
694	730	0.000100
694	737	0.041567
694	738	0.000074
694	746	0.001607
694	749	0.000385
694	758	0.001029
694	760	0.000013
694	762	0.000064
694	766	0.001000
694	767	0.206900
694	768	0.000046
694	771	0.000005
694	772	0.000009
694	773	0.000002
694	776	0.004752
694	781	0.000010
694	782	0.000008
695	700	0.000181
695	703	0.004957
695	705	0.000001
695	709	0.435475
695	712	0.000003
695	722	0.006418
695	727	0.048902
695	731	0.000173
695	733	0.001018
695	734	0.000049
695	736	0.042902
695	740	0.003360
695	742	0.000555
695	743	0.000014
695	745	0.001789
695	748	0.000486
695	755	0.000254
695	757	0.001456
695	759	0.000018
695	761	0.000061
695	764	0.019290
695	775	0.005288
695	777	0.000002
695	778	0.000003
695	779	0.000003
695	826	0.000406
695	839	0.000003
696	700	0.000002
696	702	0.005429
696	703	0.003442
696	707	0.000006
696	708	0.445032
696	709	0.000012
696	720	0.000004
696	721	0.007382
696	722	0.003863
696	723	0.000876
696	724	0.008918
696	727	0.003034
696	731	0.000016
696	732	0.001115
696	733	0.000075
696	734	0.001669
696	735	0.042667
696	736	0.000128
696	739	0.003381
696	740	0.000009
696	741	0.000620
696	742	0.000020
696	743	0.000036
696	744	0.001791
696	745	0.000048
696	747	0.000494
696	748	0.000002
696	750	0.000005
696	751	0.000014
696	753	0.000002
696	754	0.000279
696	755	0.000227
696	756	0.001483
696	757	0.000001
696	761	0.000002
696	763	0.021048
696	764	0.000437
696	765	0.142190
696	770	0.000048
696	774	0.005302
696	775	0.000041
696	777	0.000002
696	778	0.000003
696	779	0.000001
696	780	0.000406
696	783	0.000002
696	822	0.000040
696	824	0.000020
696	825	0.000479
696	826	0.000229
696	827	0.000090
696	828	0.000002
696	829	0.000380
696	838	0.000004
697	702	0.004085
697	703	0.000255
697	706	0.000006
697	707	0.445093
697	708	0.000014
697	719	0.000003
697	720	0.007379
697	721	0.004854
697	722	0.000626
697	723	0.008549
697	724	0.338008
697	727	0.000055
697	731	0.000159
697	732	0.000063
697	733	0.019479
697	734	0.017349
697	735	0.000146
697	736	0.000363
697	739	0.000011
697	740	0.000435
697	741	0.000016
697	742	0.000201
697	743	0.000300
697	744	0.000053
697	745	0.000166
697	747	0.000002
697	750	0.000011
697	751	0.000004
697	753	0.000267
697	754	0.000835
697	755	0.000866
697	756	0.000001
697	757	0.000019
697	763	0.000583
697	764	0.110056
697	765	0.000669
697	769	0.000001
697	770	0.000002
697	774	0.000040
697	775	0.000004
697	779	0.000357
697	780	0.000007
697	821	0.000041
697	824	0.000333
697	825	0.000270
697	826	0.000062
697	827	0.000002
697	828	0.000397
697	837	0.000004
698	702	0.000280
698	703	0.000019
698	705	0.000004
698	706	0.445074
698	707	0.000014
698	713	0.000029
698	719	0.005493
698	720	0.004877
698	721	0.000921
698	722	0.006483
698	723	0.339747
698	724	0.000935
698	727	0.000045
698	731	0.000044
698	732	0.036717
698	733	0.000553
698	734	0.000132
698	735	0.000414
698	739	0.000425
698	740	0.000009
698	741	0.000355
698	742	0.000081
698	743	0.000052
698	744	0.000192
698	750	0.000004
698	751	0.000017
698	753	0.000838
698	754	0.000858
698	756	0.000019
698	761	0.000003
698	763	0.109248
698	764	0.000470
698	765	0.000218
698	770	0.000105
698	774	0.000004
698	778	0.000359
698	779	0.000006
698	780	0.000004
698	820	0.000042
698	824	0.000268
698	825	0.000062
698	826	0.000001
698	827	0.000408
698	836	0.000004
699	703	0.000059
699	705	0.437337
699	712	0.000029
699	722	0.329939
699	727	0.000692
699	731	0.036872
699	733	0.000129
699	734	0.000404
699	736	0.000032
699	740	0.000340
699	742	0.000049
699	743	0.000186
699	748	0.000005
699	755	0.000018
699	759	0.000005
699	761	0.015041
699	764	0.000203
699	769	0.000104
699	777	0.000359
699	778	0.000005
699	779	0.000004
699	819	0.000042
699	826	0.000394
700	704	0.374599
700	716	0.000001
700	717	0.000240
700	718	0.000048
700	725	0.005898
700	726	0.000672
700	728	0.000081
700	729	0.000113
700	730	0.033939
700	737	0.000105
700	738	0.000049
700	746	0.000001
700	752	0.000576
700	758	0.000005
700	760	0.014555
700	762	0.044197
700	766	0.000005
700	768	0.000096
700	771	0.000038
700	776	0.000350
700	818	0.000041
701	705	0.000004
701	711	0.000122
701	719	0.000074
701	720	0.109193
701	721	0.111766
701	722	0.000961
701	723	0.001957
701	724	0.007588
701	727	0.000134
701	731	0.000008
701	732	0.000159
701	733	0.000002
701	734	0.000002
701	735	0.000024
701	736	0.000088
701	739	0.000091
701	740	0.000002
701	741	0.000060
701	744	0.000003
701	745	0.000001
701	747	0.000004
701	750	0.001551
701	751	0.000389
701	753	0.000004
701	757	0.000002
701	759	0.014207
701	761	0.044503
701	763	0.000031
701	765	0.000005
701	770	0.000038
701	774	0.000016
701	775	0.000271
701	817	0.000041
701	824	0.000356
701	825	0.000005
701	835	0.000004
702	710	0.000122
702	715	0.000356
702	716	0.000007
702	717	0.000011
702	749	0.001746
702	758	0.014183
702	760	0.042934
702	816	0.000041
702	823	0.000335
702	834	0.000004
703	714	0.000356
703	715	0.000005
703	716	0.000002
703	718	0.000096
703	725	0.000940
703	726	0.000714
703	728	0.000770
703	729	0.000124
703	730	0.000064
703	737	0.000025
703	738	0.000019
703	746	0.000015
703	749	0.000058
703	752	0.000006
703	758	0.000127
703	760	0.000001
703	762	0.000010
703	766	0.000002
703	768	0.000006
703	771	0.000001
703	772	0.000002
703	773	0.000023
703	815	0.000039
703	833	0.000004
704	708	0.000006
704	711	0.000008
704	713	0.000359
704	719	0.540774
704	720	0.000617
704	721	0.000189
704	722	0.000003
704	723	0.000022
704	724	0.000469
704	727	0.000078
704	732	0.000002
704	735	0.000002
704	736	0.000002
704	739	0.000001
704	745	0.000001
704	747	0.000056
704	748	0.000001
704	751	0.000003
704	753	0.000001
704	754	0.000003
704	755	0.000001
704	756	0.000141
704	757	0.000003
704	765	0.000001
704	814	0.000020
704	832	0.000002
705	710	0.000007
705	716	0.000046
705	717	0.000751
705	718	0.552409
705	725	0.000002
705	726	0.000026
705	746	0.000029
705	752	0.000001
706	710	0.000003
706	715	0.000064
706	716	0.001060
706	717	0.552952
707	714	0.000064
707	715	0.001248
707	716	0.552771
707	717	0.000023
708	714	0.001417
708	715	0.552304
708	716	0.000038
709	714	0.483346
709	715	0.000054
709	718	0.000002
709	725	0.000024
709	726	0.000001
709	728	0.000038
709	729	0.000028
709	730	0.000010
709	752	0.000012
709	760	0.000014
709	762	0.001376
709	766	0.000004
709	771	0.000002
709	781	0.000002
709	833	0.000001
710	719	0.000015
710	720	0.000001
710	723	0.000008
710	724	0.000065
710	727	0.000087
710	731	0.000003
710	732	0.000025
710	735	0.000004
710	736	0.000002
710	739	0.000090
710	740	0.000001
710	741	0.000012
710	744	0.000010
710	745	0.000002
710	747	0.000020
710	748	0.000002
710	750	0.001472
710	751	0.000013
710	756	0.000004
710	759	0.000363
710	761	0.004742
710	763	0.000030
710	765	0.000010
710	770	0.000006
710	774	0.000004
710	780	0.000005
710	824	0.000043
710	825	0.000003
710	827	0.000002
710	832	0.000002
710	835	0.002377
710	836	0.000004
711	715	0.000061
711	716	0.000044
711	717	0.000166
711	749	0.001505
711	758	0.000464
711	760	0.005461
711	786	0.000006
711	823	0.000042
711	834	0.002508
712	716	0.000136
712	717	0.000003
712	718	0.000087
712	725	0.001512
712	726	0.002288
712	728	0.000256
712	729	0.000054
712	730	0.000013
712	737	0.000274
712	738	0.000017
712	746	0.000097
712	749	0.000001
712	752	0.000001
712	758	0.000039
712	760	0.000005
712	762	0.000003
712	766	0.000004
712	767	0.000004
712	768	0.000003
712	771	0.000001
712	772	0.000002
712	773	0.000001
712	776	0.000001
712	781	0.000002
712	782	0.000001
712	785	0.000006
712	833	0.002439
713	717	0.000099
713	749	0.000191
713	758	0.005989
713	760	0.000055
713	784	0.000006
714	719	0.000622
714	720	0.000391
714	721	0.004785
714	722	0.002183
714	723	0.005003
714	724	0.245816
714	727	0.000142
714	731	0.000001
714	732	0.000090
714	733	0.000090
714	734	0.000042
714	735	0.016398
714	736	0.000287
714	739	0.000043
714	740	0.000047
714	741	0.002224
714	742	0.000880
714	743	0.000041
714	744	0.007828
714	745	0.000150
714	747	0.000116
714	748	0.000236
714	750	0.000040
714	751	0.000184
714	753	0.000022
714	754	0.001509
714	755	0.000476
714	756	0.003494
714	757	0.005863
714	759	0.000059
714	763	0.000018
714	764	0.000032
714	765	0.000178
714	770	0.000025
714	774	0.000016
714	775	0.000037
714	780	0.000037
714	783	0.000007
714	824	0.000009
714	825	0.001411
714	826	0.000165
714	827	0.004975
714	828	0.000074
714	829	0.000017
714	830	0.000885
714	831	0.001449
714	832	0.000672
714	838	0.000006
715	719	0.000404
715	720	0.004775
715	721	0.002928
715	722	0.005013
715	723	0.246680
715	724	0.031697
715	727	0.000040
715	731	0.000077
715	732	0.000113
715	733	0.000085
715	734	0.016669
715	735	0.000338
715	736	0.000576
715	739	0.000064
715	740	0.002260
715	741	0.001115
715	742	0.000077
715	743	0.007953
715	744	0.000178
715	745	0.000639
715	747	0.000244
715	748	0.000021
715	750	0.000186
715	751	0.000151
715	753	0.001513
715	754	0.000585
715	755	0.003539
715	756	0.005882
715	757	0.000002
715	763	0.000044
715	764	0.000158
715	765	0.000094
715	769	0.000009
715	770	0.000013
715	774	0.000044
715	775	0.000002
715	779	0.000018
715	780	0.000016
715	796	0.000002
715	822	0.000003
715	824	0.001401
715	825	0.000225
715	826	0.005165
715	827	0.000144
715	828	0.000018
715	829	0.000948
715	830	0.001433
715	831	0.000671
715	837	0.000006
716	720	0.002847
716	721	0.007449
716	722	0.241056
716	723	0.031711
716	724	0.032988
716	727	0.000001
716	731	0.000062
716	732	0.000091
716	733	0.016964
716	734	0.000199
716	735	0.000616
716	736	0.000334
716	739	0.002260
716	740	0.001088
716	741	0.000084
716	742	0.008103
716	743	0.000107
716	744	0.000669
716	745	0.000345
716	747	0.000026
716	748	0.000050
716	750	0.000152
716	751	0.001439
716	753	0.000582
716	754	0.004499
716	755	0.004865
716	756	0.000002
716	757	0.000066
716	763	0.000139
716	764	0.000081
716	774	0.000002
716	779	0.000002
716	780	0.000001
716	795	0.000002
716	821	0.000003
716	824	0.000189
716	825	0.005214
716	826	0.000110
716	827	0.000017
716	828	0.000970
716	829	0.001413
716	830	0.000669
716	836	0.000006
717	721	0.231263
717	722	0.019355
717	723	0.033258
717	724	0.000173
717	731	0.000042
717	732	0.017156
717	733	0.000082
717	734	0.000584
717	735	0.000423
717	736	0.000001
717	739	0.001085
717	740	0.000057
717	741	0.008198
717	742	0.000043
717	743	0.000629
717	744	0.000431
717	747	0.000054
717	748	0.000040
717	750	0.001439
717	751	0.000073
717	753	0.004477
717	754	0.004832
717	755	0.000002
717	756	0.000068
717	763	0.000081
717	765	0.000002
717	770	0.000001
717	778	0.000001
717	780	0.000002
717	794	0.000002
717	820	0.000003
717	822	0.000001
717	824	0.005173
717	825	0.000112
717	826	0.000010
717	827	0.000993
717	828	0.001386
717	829	0.000663
717	835	0.000006
718	722	0.025229
718	727	0.000028
718	731	0.015074
718	733	0.000506
718	734	0.000380
718	736	0.000011
718	740	0.007253
718	742	0.000546
718	743	0.000383
718	745	0.000004
718	748	0.000077
718	755	0.000063
718	759	0.000004
718	761	0.000109
718	764	0.000002
718	777	0.000001
718	779	0.000002
718	793	0.000002
718	819	0.000003
718	826	0.000869
719	749	0.000419
719	758	0.000004
719	760	0.000142
719	792	0.000002
719	818	0.000003
719	823	0.000075
719	834	0.000001
720	749	0.000113
720	758	0.000023
720	760	0.000007
720	791	0.000002
720	823	0.000003
721	749	0.001718
721	758	0.000179
721	760	0.000008
721	786	0.000001
721	823	0.000017
722	726	0.000189
722	728	0.000344
722	729	0.000916
722	730	0.000209
722	737	0.000138
722	738	0.000083
722	746	0.000028
722	749	0.000017
722	752	0.000014
722	758	0.000001
722	760	0.000001
722	762	0.000002
722	785	0.000001
723	749	0.000081
723	758	0.000013
723	760	0.000008
723	784	0.000001
724	749	0.002769
724	758	0.000331
724	760	0.000034
725	731	0.000647
725	733	0.000646
725	734	0.006127
725	736	0.000429
725	740	0.000145
725	742	0.000110
725	743	0.000548
725	745	0.000128
725	748	0.002653
725	755	0.000009
725	757	0.000300
725	759	0.000034
725	761	0.000005
725	764	0.000004
725	769	0.000001
725	775	0.000001
725	778	0.000272
725	779	0.000008
725	826	0.000004
726	731	0.000666
726	733	0.006078
726	734	0.002036
726	736	0.000582
726	740	0.000139
726	742	0.000571
726	743	0.000439
726	745	0.000202
726	748	0.000088
726	755	0.000013
726	757	0.000014
726	759	0.000510
726	761	0.000120
726	764	0.000003
726	769	0.000012
726	775	0.000001
726	777	0.000345
726	778	0.000008
726	779	0.000003
726	826	0.000004
727	737	0.006430
727	738	0.000322
727	746	0.002167
727	749	0.000204
727	752	0.000011
727	758	0.000534
727	760	0.000122
727	762	0.000038
727	766	0.000003
727	767	0.000002
727	768	0.000013
727	771	0.000003
727	772	0.000003
727	773	0.000001
727	776	0.000354
727	781	0.000030
727	782	0.000005
728	733	0.001023
728	734	0.001945
728	736	0.006860
728	740	0.000235
728	742	0.000192
728	743	0.000848
728	745	0.002213
728	748	0.000240
728	755	0.000012
728	757	0.000485
728	759	0.000110
728	761	0.000040
728	764	0.000003
728	769	0.000003
728	775	0.000334
728	777	0.000002
728	778	0.000011
728	779	0.000919
728	826	0.000004
729	733	0.001487
729	734	0.001335
729	736	0.002755
729	740	0.000375
729	742	0.000949
729	743	0.001006
729	745	0.000209
729	748	0.000120
729	755	0.000022
729	757	0.000024
729	759	0.000015
729	761	0.000022
729	764	0.000004
729	769	0.000004
729	775	0.000007
729	777	0.000013
729	778	0.001209
729	779	0.000039
729	826	0.000005
730	734	0.000505
730	736	0.001200
730	740	0.000289
730	742	0.000992
730	743	0.001030
730	745	0.000140
730	748	0.000089
730	755	0.000039
730	757	0.000022
730	759	0.000083
730	761	0.000044
730	764	0.000004
730	769	0.000033
730	775	0.000012
730	777	0.001255
730	778	0.000045
730	779	0.000011
730	826	0.000004
731	737	0.000552
731	738	0.000972
731	746	0.000048
731	749	0.000025
731	752	0.000015
731	758	0.000068
731	760	0.000035
731	762	0.000007
731	766	0.000010
731	767	0.000006
731	768	0.000033
731	771	0.000003
731	772	0.000010
731	773	0.000007
731	776	0.001129
731	781	0.000002
731	782	0.000001
732	749	0.001369
732	758	0.000238
732	760	0.000062
732	823	0.000002
733	737	0.000599
733	738	0.000833
733	746	0.000364
733	749	0.000193
733	752	0.000023
733	758	0.000024
733	760	0.000021
733	762	0.000023
733	766	0.000018
733	767	0.000051
733	768	0.000026
733	771	0.000012
733	772	0.000123
733	773	0.000079
733	776	0.000063
733	781	0.000004
733	782	0.000011
734	738	0.000364
734	746	0.000159
734	749	0.000044
734	752	0.000020
734	758	0.000005
734	760	0.000004
734	762	0.000025
734	766	0.000055
734	767	0.000030
734	768	0.000006
734	771	0.000124
734	772	0.000088
734	773	0.000064
734	776	0.000056
734	781	0.000013
734	782	0.000002
735	749	0.002045
735	758	0.000352
735	760	0.000091
735	818	0.000001
735	823	0.000002
736	746	0.004974
736	749	0.000863
736	752	0.000075
736	758	0.000083
736	760	0.000053
736	762	0.000332
736	766	0.000013
736	767	0.000014
736	768	0.000017
736	771	0.000068
736	772	0.000042
736	773	0.000044
736	776	0.000276
736	781	0.000003
736	782	0.000002
736	818	0.000003
737	742	0.000982
737	743	0.001965
737	745	0.005459
737	748	0.001017
737	755	0.000026
737	757	0.000102
737	759	0.000053
737	761	0.000286
737	764	0.000015
737	769	0.000028
737	775	0.000282
737	777	0.000004
737	778	0.000016
737	779	0.000008
737	817	0.000003
737	826	0.000005
738	742	0.001547
738	743	0.000958
738	745	0.001820
738	748	0.000333
738	755	0.000054
738	757	0.000035
738	759	0.009540
738	761	0.005452
738	764	0.000015
738	769	0.000076
738	775	0.000025
738	777	0.000017
738	778	0.000009
738	779	0.000002
738	817	0.000152
738	819	0.000002
738	826	0.000004
739	749	0.012300
739	758	0.010218
739	760	0.005885
739	816	0.000164
739	818	0.000003
739	823	0.000005
740	746	0.000535
740	749	0.000417
740	752	0.000062
740	758	0.000013
740	760	0.000007
740	762	0.000032
740	766	0.000130
740	767	0.000185
740	768	0.000104
740	771	0.000242
740	772	0.000103
740	773	0.000025
740	776	0.000004
740	781	0.000004
740	782	0.000002
740	815	0.000154
741	749	0.009137
741	758	0.003976
741	760	0.000154
741	786	0.000001
741	800	0.000001
741	810	0.000001
741	816	0.000004
741	823	0.000002
742	746	0.000543
742	749	0.002132
742	752	0.000076
742	758	0.000054
742	760	0.000049
742	762	0.000299
742	766	0.000276
742	767	0.002572
742	768	0.003929
742	771	0.000058
742	772	0.000184
742	773	0.000050
742	776	0.000008
742	781	0.000008
742	782	0.000024
742	799	0.000001
742	809	0.000001
742	811	0.000003
742	812	0.000256
742	815	0.000003
742	877	0.000009
743	749	0.000306
743	752	0.000215
743	758	0.000011
743	760	0.000021
743	762	0.001357
743	766	0.002895
743	767	0.004697
743	768	0.000373
743	771	0.000191
743	772	0.000059
743	773	0.000005
743	776	0.000004
743	781	0.000029
743	782	0.000007
743	799	0.000002
743	810	0.000003
743	811	0.000373
743	876	0.000011
744	749	0.017982
744	758	0.000709
744	760	0.001102
744	809	0.000003
744	810	0.000385
744	823	0.000002
744	875	0.000012
745	749	0.000225
745	752	0.000428
745	758	0.000393
745	760	0.032917
745	762	0.048634
745	766	0.001257
745	767	0.000387
745	768	0.000106
745	771	0.000015
745	772	0.000011
745	773	0.000006
745	776	0.000059
745	781	0.000009
745	782	0.000006
745	797	0.000020
745	809	0.000382
745	818	0.000012
745	897	0.000004
746	755	0.000174
746	757	0.000502
746	759	0.053857
746	761	0.055394
746	764	0.008973
746	769	0.000024
746	775	0.000061
746	777	0.000011
746	778	0.000009
746	779	0.000007
746	796	0.000021
746	808	0.000334
746	817	0.000015
746	826	0.000003
746	873	0.000001
747	758	0.056032
747	760	0.054920
747	800	0.000003
747	816	0.000015
747	823	0.000005
747	834	0.000004
747	895	0.000317
748	752	0.000093
748	758	0.000430
748	760	0.001867
748	762	0.234002
748	766	0.007162
748	767	0.000132
748	768	0.000038
748	771	0.000512
748	772	0.000032
748	773	0.000032
748	776	0.000068
748	781	0.000641
748	782	0.000026
748	799	0.000004
748	815	0.000015
748	833	0.000004
748	894	0.000320
748	897	0.003411
749	753	0.000528
749	754	0.002927
749	755	0.000330
749	756	0.013010
749	757	0.000509
749	759	0.024544
749	761	0.286100
749	763	0.008059
749	764	0.000380
749	765	0.008330
749	769	0.000003
749	770	0.000589
749	774	0.000182
749	775	0.000066
749	777	0.000005
749	778	0.000004
749	779	0.000004
749	780	0.000741
749	783	0.000007
749	793	0.000158
749	798	0.000003
749	805	0.000388
749	814	0.000015
749	824	0.000272
749	825	0.000027
749	826	0.000001
749	827	0.000008
749	832	0.000004
749	853	0.000001
749	870	0.000013
749	893	0.000323
749	896	0.005926
750	758	0.024703
750	760	0.233944
750	792	0.000175
750	804	0.000394
750	810	0.000015
750	823	0.000248
750	852	0.000001
750	869	0.000014
750	891	0.000007
750	892	0.000317
750	895	0.005929
751	758	0.194814
751	760	0.368699
751	791	0.000175
751	803	0.000394
751	809	0.000015
751	868	0.000014
751	890	0.000014
751	891	0.000309
751	894	0.005876
752	757	0.142818
752	759	0.434155
752	761	0.006059
752	764	0.000011
752	769	0.000012
752	775	0.000018
752	777	0.000028
752	778	0.000016
752	779	0.000011
752	790	0.000171
752	793	0.000003
752	802	0.000385
752	805	0.000011
752	808	0.000007
752	867	0.000014
752	889	0.000020
753	758	0.430366
753	760	0.006570
753	792	0.000003
753	804	0.000019
753	866	0.000014
753	888	0.000013
753	890	0.000111
753	891	0.000028
753	892	0.000641
753	895	0.000010
754	758	0.001671
754	760	0.002824
754	786	0.000057
754	791	0.000003
754	800	0.000004
754	803	0.000019
754	886	0.000001
754	888	0.000292
754	890	0.000030
754	891	0.000640
754	892	0.000001
754	894	0.000010
755	760	0.000031
755	762	0.000038
755	766	0.000040
755	767	0.000170
755	768	0.000554
755	771	0.000073
755	772	0.000158
755	773	0.000170
755	776	0.000050
755	781	0.000008
755	782	0.000015
755	785	0.000057
755	787	0.000128
755	799	0.000002
755	887	0.000301
755	890	0.000491
755	891	0.000001
755	897	0.000003
756	760	0.000092
756	784	0.000056
756	786	0.000130
756	800	0.000414
756	886	0.000300
756	888	0.000229
756	890	0.000022
756	895	0.000162
757	762	0.000044
757	766	0.019214
757	767	0.000254
757	768	0.000472
757	771	0.005543
757	772	0.000125
757	773	0.000141
757	776	0.000233
757	781	0.001588
757	782	0.000024
757	784	0.000017
757	785	0.000113
757	799	0.000418
757	833	0.000004
757	887	0.000224
757	888	0.000010
757	894	0.000169
757	897	0.000001
758	763	0.000755
758	764	0.000025
758	765	0.022585
758	769	0.001840
758	770	0.006403
758	774	0.005441
758	775	0.000171
758	777	0.000284
758	778	0.000009
758	779	0.000032
758	780	0.001849
758	783	0.000298
758	798	0.000420
758	824	0.000005
758	825	0.000007
758	827	0.000003
758	832	0.000004
758	855	0.000003
758	862	0.000007
758	863	0.000003
758	884	0.000092
758	885	0.000007
758	893	0.000270
758	896	0.000002
759	766	0.013753
759	767	0.000222
759	768	0.003102
759	771	0.003501
759	772	0.000075
759	773	0.005322
759	776	0.000322
759	781	0.000917
759	782	0.000287
759	784	0.000042
759	797	0.000415
759	799	0.000002
759	823	0.000002
759	854	0.000003
759	879	0.000003
759	881	0.000008
759	882	0.000007
759	886	0.000012
759	892	0.000270
759	895	0.000001
759	897	0.000008
760	764	0.000043
760	765	0.019513
760	769	0.001899
760	770	0.004967
760	774	0.003712
760	775	0.000162
760	777	0.001537
760	778	0.000170
760	779	0.000025
760	780	0.001336
760	783	0.000237
760	788	0.000028
760	795	0.000058
760	796	0.000328
760	798	0.000002
760	824	0.000009
760	825	0.000005
760	827	0.000002
760	853	0.000003
760	861	0.000014
760	878	0.000003
760	884	0.000257
760	885	0.000018
760	896	0.000065
761	766	0.000462
761	767	0.001194
761	768	0.002687
761	771	0.000177
761	772	0.000137
761	773	0.003588
761	776	0.001993
761	781	0.000039
761	782	0.000270
761	787	0.000028
761	797	0.000002
761	823	0.000003
761	852	0.000003
761	860	0.000014
761	877	0.000003
761	879	0.000064
761	881	0.000002
761	890	0.000374
761	895	0.000054
762	769	0.000548
762	775	0.001915
762	777	0.000033
762	778	0.000061
762	779	0.000054
762	793	0.000237
762	794	0.000045
762	796	0.000002
762	851	0.000003
762	859	0.000014
762	878	0.000064
762	883	0.000418
762	889	0.000650
763	786	0.000063
763	792	0.000246
763	823	0.000002
763	858	0.000014
763	882	0.000431
763	888	0.000653
763	892	0.000030
763	894	0.000005
763	895	0.000006
764	768	0.000302
764	771	0.001003
764	772	0.000440
764	773	0.001056
764	776	0.000115
764	781	0.005328
764	782	0.000369
764	785	0.000064
764	791	0.000021
764	792	0.000110
764	876	0.000092
764	881	0.000404
764	887	0.000649
764	891	0.000030
764	894	0.000005
764	895	0.000004
765	784	0.000064
765	791	0.000351
765	823	0.000001
765	875	0.000098
765	886	0.000646
765	890	0.000033
765	894	0.000009
766	775	0.001176
766	777	0.000155
766	778	0.000814
766	779	0.060860
766	789	0.000001
766	790	0.000355
766	826	0.000002
766	874	0.000096
766	885	0.000574
766	889	0.000032
767	775	0.000760
767	777	0.000833
767	778	0.077287
767	779	0.003606
767	789	0.000319
767	794	0.000007
767	826	0.000002
767	873	0.000091
767	878	0.000128
767	883	0.000004
767	885	0.000003
767	889	0.000002
768	775	0.001504
768	777	0.080167
768	778	0.004153
768	779	0.000646
768	793	0.000008
768	826	0.000002
768	872	0.000068
768	878	0.000005
768	883	0.000131
769	773	0.000242
769	776	0.069367
769	781	0.000618
769	782	0.000244
769	785	0.000034
769	787	0.000314
769	792	0.000008
769	797	0.000002
769	876	0.000436
769	877	0.000003
769	881	0.000002
769	882	0.000106
769	887	0.000076
769	895	0.000004
770	784	0.000035
770	786	0.000321
770	791	0.000008
770	823	0.000001
770	875	0.000460
770	882	0.000025
770	886	0.000084
770	894	0.000007
771	775	0.000918
771	777	0.000482
771	778	0.003443
771	779	0.007472
771	790	0.000008
771	796	0.000001
771	826	0.000003
771	874	0.000454
771	883	0.000003
771	885	0.000086
772	777	0.003075
772	778	0.008985
772	779	0.003922
772	789	0.000007
772	794	0.000106
772	826	0.000004
772	873	0.000423
772	883	0.000003
773	777	0.005489
773	778	0.003160
773	779	0.000492
773	793	0.000130
773	826	0.000004
773	870	0.000022
773	872	0.000295
773	878	0.000002
773	883	0.000205
774	784	0.000016
774	786	0.000003
774	792	0.000133
774	823	0.000005
774	834	0.000009
774	869	0.000028
774	882	0.000220
774	894	0.000003
774	895	0.000008
775	781	0.001283
775	782	0.001776
775	785	0.000003
775	791	0.000133
775	833	0.000010
775	868	0.000028
775	879	0.000070
775	880	0.000005
775	881	0.000192
775	894	0.000008
776	790	0.000131
776	826	0.000019
776	867	0.000027
776	878	0.000080
777	781	0.000420
777	782	0.000677
777	785	0.000002
777	787	0.000003
777	823	0.000001
777	866	0.000023
777	877	0.000058
777	879	0.000028
777	880	0.000003
778	782	0.000358
778	784	0.000002
778	785	0.000002
778	786	0.000004
778	823	0.000003
778	876	0.000035
778	877	0.000293
778	879	0.000001
779	784	0.000002
779	785	0.000004
779	787	0.000130
779	823	0.000005
779	875	0.000011
779	876	0.000347
779	895	0.000005
780	784	0.000004
780	786	0.000131
780	823	0.000040
780	875	0.000372
780	894	0.000008
781	790	0.000001
781	794	0.000001
781	826	0.001228
781	873	0.000004
781	874	0.000355
782	793	0.000002
782	826	0.000920
782	872	0.000003
782	873	0.000258
783	792	0.000002
783	823	0.954679
784	820	0.000061
784	822	0.998902
784	824	0.000002
784	825	0.000002
784	827	0.000001
785	796	0.000001
785	819	0.000061
785	821	0.998807
786	795	0.000001
786	820	0.999095
787	794	0.000001
787	817	0.000147
787	819	0.998754
788	816	0.000242
788	818	0.997747
789	800	0.000034
789	815	0.000171
789	816	0.851073
789	818	0.000007
790	799	0.000253
790	815	0.992352
790	816	0.000580
791	798	0.000290
791	814	0.998632
791	825	0.000024
792	798	0.000011
792	813	0.998668
792	824	0.000024
793	797	0.000009
793	811	0.000047
793	812	0.997628
793	823	0.000024
794	810	0.000093
794	811	0.997054
794	812	0.000007
795	803	0.000001
795	804	0.000013
795	809	0.000182
795	810	0.994680
796	803	0.000032
796	804	0.000007
796	809	0.797434
796	810	0.000157
796	811	0.000028
797	802	0.000064
797	805	0.059579
797	806	0.000999
797	808	0.632139
797	819	0.000062
798	803	0.014382
798	804	0.079294
798	809	0.189753
798	810	0.000003
798	818	0.000114
799	805	0.013001
799	806	0.273890
799	808	0.230626
799	817	0.000076
800	805	0.153721
800	806	0.003029
800	807	0.242285
800	808	0.000149
800	817	0.000722
801	809	0.000151
801	810	0.000005
801	816	0.000892
802	809	0.000013
802	815	0.000894
803	807	0.000895
803	808	0.000070
803	814	0.000895
804	808	0.000013
804	813	0.000895
805	811	0.000001
805	812	0.000871
806	810	0.000002
806	811	0.000659
807	816	0.000001
808	815	0.000001
809	814	0.000001
816	824	0.000003
817	823	0.000003
818	822	0.000003
818	824	0.000001
819	823	0.000001
823	827	0.000117
823	828	0.000010
823	829	0.000005
823	830	0.000007
823	831	0.000002
823	832	0.000007
823	835	0.000048
823	836	0.000003
823	853	0.000006
823	896	0.002650
824	834	0.000049
824	852	0.000006
824	895	0.002793
825	834	0.000100
825	894	0.002789
825	895	0.000004
826	833	0.000110
826	892	0.000003
826	894	0.000004
826	895	0.000002
826	897	0.000016
827	834	0.000009
827	891	0.000003
827	892	0.001187
827	894	0.000006
827	895	0.000255
828	834	0.000007
828	890	0.000003
828	891	0.001187
828	892	0.000029
828	894	0.000260
828	895	0.000615
829	834	0.000009
829	890	0.001184
829	891	0.000030
829	892	0.000003
829	894	0.000635
829	895	0.002227
830	834	0.000002
830	888	0.000702
830	890	0.000031
830	891	0.000003
830	892	0.000129
830	894	0.002257
830	895	0.004750
831	869	0.000003
831	886	0.000002
831	888	0.000456
831	890	0.000003
831	891	0.000130
831	894	0.004704
831	895	0.047919
832	852	0.000204
832	868	0.000003
832	886	0.001193
832	890	0.000130
832	894	0.048542
832	895	0.001041
833	839	0.000028
833	842	0.000075
833	847	0.000009
833	851	0.000209
833	867	0.000003
833	885	0.001194
833	889	0.000123
834	838	0.000042
834	839	0.000001
834	840	0.000005
834	841	0.000084
834	843	0.000007
834	844	0.000002
834	845	0.000002
834	846	0.000010
834	850	0.000206
834	853	0.000202
834	870	0.000002
834	871	0.000001
834	883	0.000004
834	884	0.001179
834	889	0.000013
834	893	0.073400
834	896	0.016220
835	852	0.000201
835	869	0.000003
835	882	0.000170
835	888	0.000021
835	891	0.000014
835	892	0.073528
835	894	0.000002
835	895	0.016248
836	868	0.000003
836	882	0.000200
836	886	0.000031
836	888	0.000002
836	890	0.000015
836	891	0.073518
836	892	0.000023
836	894	0.016228
836	895	0.000007
837	869	0.000001
837	882	0.000013
837	886	0.000011
837	890	0.073488
837	891	0.000040
837	892	0.014018
837	894	0.000012
838	852	0.000005
838	866	0.000001
838	868	0.000001
838	882	0.000339
838	886	0.000010
838	888	0.072258
838	890	0.000051
838	891	0.014015
838	892	0.002172
839	876	0.000010
839	877	0.000001
839	879	0.000021
839	880	0.000004
839	881	0.000315
839	886	0.000004
839	887	0.072246
839	888	0.000006
839	890	0.012839
839	891	0.002173
839	892	0.000002
840	869	0.000004
840	875	0.000011
840	882	0.000015
840	886	0.071714
840	888	0.000033
840	890	0.002760
840	891	0.000005
840	892	0.000003
840	895	0.000027
841	852	0.000033
841	868	0.000005
841	875	0.000004
841	882	0.018408
841	886	0.000217
841	888	0.017373
841	890	0.000005
841	891	0.000003
841	894	0.000027
842	854	0.000001
842	876	0.000134
842	877	0.000004
842	879	0.000008
842	880	0.000039
842	881	0.017307
842	882	0.001364
842	886	0.000002
842	887	0.017427
842	890	0.000002
843	852	0.000019
843	866	0.000002
843	868	0.000002
843	869	0.000032
843	875	0.000139
843	882	0.006898
843	886	0.017285
843	888	0.000004
843	892	0.000034
843	894	0.000001
844	852	0.000017
844	858	0.000002
844	866	0.000003
844	868	0.000034
844	869	0.000024
844	875	0.000007
844	882	0.005615
844	886	0.000052
844	888	0.000001
844	891	0.000034
844	892	0.000003
844	895	0.000001
845	852	0.000147
845	858	0.000020
845	866	0.000025
845	868	0.000025
845	869	0.000018
845	875	0.000012
845	882	0.001942
845	886	0.000003
845	890	0.000034
845	891	0.000004
845	894	0.000001
845	895	0.000019
846	852	0.000751
846	858	0.000037
846	866	0.000025
846	868	0.000018
846	875	0.000064
846	882	0.013957
846	886	0.000002
846	888	0.000021
846	890	0.000004
846	894	0.000019
846	895	0.000006
847	852	0.000057
847	854	0.000016
847	858	0.000002
847	860	0.000011
847	866	0.000001
847	875	0.000025
847	876	0.000644
847	877	0.052163
847	879	0.000347
847	880	0.000448
847	881	0.012845
847	882	0.000094
847	887	0.000019
847	888	0.000016
847	894	0.000006
848	852	0.000009
848	854	0.000011
848	858	0.000002
848	860	0.000012
848	875	0.000643
848	876	0.064792
848	877	0.000489
848	879	0.000353
848	880	0.008212
848	881	0.000055
848	882	0.000010
848	886	0.000015
848	887	0.000019
848	892	0.000002
848	897	0.000002
849	858	0.000092
849	866	0.000001
849	868	0.000001
849	869	0.000124
849	875	0.065649
849	882	0.000024
849	886	0.000021
849	891	0.000003
849	892	0.000016
849	895	0.000015
850	858	0.000120
850	866	0.000002
850	868	0.000123
850	869	0.000069
850	875	0.002125
850	882	0.000088
850	890	0.000003
850	891	0.000016
850	894	0.000016
850	895	0.000055
851	858	0.000206
851	860	0.016117
851	866	0.000007
851	868	0.000070
851	875	0.000183
851	876	0.000207
851	877	0.001313
851	879	0.000065
851	880	0.000008
851	881	0.000088
851	890	0.000016
851	894	0.000057
851	897	0.001438
852	856	0.000049
852	857	0.000443
852	859	0.020941
852	861	0.000087
852	862	0.000009
852	863	0.000005
852	865	0.000008
852	867	0.000124
852	870	0.000068
852	871	0.019800
852	872	0.009526
852	873	0.000613
852	874	0.000336
852	878	0.000059
852	883	0.000028
852	884	0.000002
852	889	0.000017
852	893	0.000065
852	896	0.005635
853	858	0.021227
853	866	0.000127
853	868	0.000278
853	869	0.000073
853	875	0.006002
853	882	0.000030
853	888	0.000017
853	892	0.000047
853	894	0.000046
853	895	0.003940
854	859	0.000016
854	867	0.000292
854	870	0.084784
854	872	0.000013
854	873	0.000026
854	874	0.003488
854	878	0.000004
855	866	0.000283
855	868	0.000123
855	869	0.090864
855	875	0.000026
855	891	0.000021
855	892	0.000907
855	894	0.000242
855	895	0.000868
856	866	0.000007
856	868	0.090846
856	869	0.000551
856	875	0.000017
856	890	0.000021
856	891	0.000910
856	892	0.000351
856	894	0.000639
856	895	0.069977
857	866	0.095971
857	868	0.000737
857	869	0.000304
857	875	0.005117
857	888	0.000006
857	890	0.000908
857	891	0.000337
857	892	0.000031
857	894	0.088334
857	895	0.000401
858	862	0.000440
858	863	0.001610
858	864	0.001218
858	865	0.094632
858	867	0.000609
858	870	0.000007
858	871	0.016453
858	872	0.000936
858	873	0.000183
858	874	0.004684
858	878	0.000037
858	889	0.000745
858	893	0.086809
858	896	0.070688
859	866	0.000129
859	868	0.001936
859	869	0.000007
859	875	0.000025
859	876	0.000008
859	877	0.000040
859	879	0.000006
859	880	0.000002
859	881	0.000002
859	886	0.000003
859	887	0.000009
859	888	0.000020
859	890	0.000288
859	892	0.012687
859	894	0.000754
859	895	0.066289
859	897	0.001477
860	867	0.003053
860	870	0.046360
860	872	0.000170
860	873	0.000020
860	874	0.000014
860	878	0.000005
860	885	0.000002
860	889	0.000381
861	866	0.003205
861	868	0.000513
861	869	0.051410
861	875	0.000015
861	886	0.000020
861	888	0.000392
861	890	0.000106
861	891	0.004055
861	892	0.111191
861	894	0.030727
861	895	0.160284
862	866	0.000091
862	868	0.051122
862	869	0.005397
862	875	0.000018
862	886	0.000066
862	888	0.000023
862	890	0.004010
862	891	0.117229
862	892	0.076817
862	894	0.161773
862	895	0.000081
863	868	0.005524
863	869	0.002252
863	875	0.000012
863	886	0.000166
863	888	0.000757
863	890	0.116794
863	891	0.080892
863	892	0.168515
863	894	0.000073
863	895	0.000020
864	868	0.002246
864	869	0.000033
864	875	0.000024
864	886	0.000086
864	888	0.003056
864	890	0.081143
864	891	0.168782
864	892	0.000170
864	894	0.000013
864	895	0.003721
865	869	0.000009
865	875	0.000317
865	882	0.000003
865	886	0.002054
865	888	0.185821
865	890	0.168533
865	891	0.000167
865	892	0.000009
865	894	0.003800
866	871	0.000159
866	872	0.000003
866	873	0.000022
866	874	0.000285
866	878	0.000052
866	884	0.000002
866	885	0.001351
866	889	0.142763
866	893	0.003809
866	896	0.000418
867	875	0.000007
867	876	0.000070
867	877	0.000056
867	879	0.000064
867	880	0.000010
867	881	0.000007
867	886	0.214724
867	887	0.012684
867	888	0.011141
867	890	0.000023
867	891	0.000019
867	892	0.003763
867	895	0.000417
868	872	0.000006
868	873	0.000006
868	874	0.000014
868	878	0.000071
868	883	0.000006
868	884	0.003383
868	885	0.353522
868	889	0.000238
869	873	0.000008
869	874	0.000060
869	878	0.000149
869	883	0.003213
869	884	0.361207
869	885	0.001127
869	889	0.000130
869	893	0.000421
870	875	0.000036
870	876	0.002499
870	877	0.000184
870	879	0.000044
870	880	0.000019
870	881	0.000030
870	882	0.000025
870	886	0.000006
870	887	0.000702
870	888	0.000002
870	890	0.000008
870	891	0.000003
870	892	0.000420
871	875	0.004610
871	882	0.371925
871	886	0.000707
871	888	0.006873
871	890	0.000004
871	891	0.000407
872	876	0.000198
872	877	0.000324
872	879	0.001935
872	880	0.005633
872	881	0.383703
872	882	0.000724
872	886	0.000001
872	887	0.006890
872	888	0.000017
872	890	0.000380
873	877	0.000155
873	879	0.006888
873	880	0.369606
873	881	0.015205
873	882	0.000257
873	886	0.005636
873	887	0.000043
873	888	0.000049
874	879	0.291602
874	880	0.018930
874	881	0.005352
874	882	0.000009
874	886	0.000043
874	887	0.000070
874	888	0.000030
874	897	0.000002
875	883	0.000003
875	884	0.007984
875	885	0.000010
875	896	0.000005
876	883	0.007104
876	885	0.000080
877	883	0.000081
877	885	0.000021
877	889	0.000002
878	882	0.000112
878	886	0.000005
878	887	0.000003
878	888	0.000002
878	894	0.000002
878	895	0.000008
878	897	0.000037
879	883	0.000004
879	885	0.000015
880	885	0.000021
881	885	0.000006
882	893	0.008682
882	896	0.001201
883	891	0.000021
883	892	0.008667
883	895	0.000755
883	897	0.000005
884	890	0.000039
884	891	0.008661
884	892	0.000040
884	894	0.000730
884	895	0.000625
885	890	0.007581
885	891	0.000044
885	892	0.000087
885	894	0.000641
885	897	0.000002
886	893	0.000842
886	896	0.000006
888	893	0.000025
888	896	0.000943
889	894	0.000002
889	895	0.000934
889	897	0.000169
890	896	0.000274
891	896	0.000337
892	896	0.000032
