1	7	0.000054
1	8	0.000046
1	9	0.000011
1	12	0.000003
1	13	0.000002
1	15	0.000014
1	41	0.350976
1	762	0.000029
1	766	0.225412
1	769	0.000021
1	778	0.000005
1	779	0.000009
1	780	0.000037
1	782	0.000005
1	783	0.000015
1	784	0.000042
1	785	0.000143
1	788	0.000115
1	789	0.000323
2	7	0.000160
2	8	0.000034
2	9	0.000006
2	11	0.000004
2	12	0.000003
2	14	0.000017
2	15	0.000005
2	30	0.000051
2	39	0.000278
2	40	0.464173
2	41	0.002765
2	42	0.008316
2	46	0.000088
2	761	0.000042
2	762	0.000012
2	764	0.000246
2	765	0.255145
2	766	0.002392
2	769	0.000007
2	776	0.000324
2	778	0.000009
2	779	0.000036
2	780	0.000105
2	782	0.000011
2	783	0.000040
2	784	0.000241
2	785	0.000214
2	786	0.016283
2	788	0.000288
2	789	0.000046
2	791	0.003172
3	7	0.000031
3	8	0.000023
3	9	0.000010
3	11	0.000003
3	13	0.000016
3	14	0.000007
3	29	0.000052
3	39	0.464276
3	40	0.003407
3	41	0.006721
3	42	0.076295
3	46	0.000006
3	760	0.000038
3	761	0.000019
3	764	0.252863
3	765	0.002561
3	766	0.000018
3	769	0.000003
3	776	0.000086
3	778	0.000014
3	779	0.000119
3	780	0.000055
3	782	0.000011
3	783	0.000208
3	784	0.000270
3	785	0.014768
3	786	0.006675
3	788	0.000023
3	789	0.000192
3	791	0.003616
4	8	0.000048
4	9	0.000030
4	12	0.000015
4	13	0.000007
4	28	0.000052
4	41	0.073435
4	759	0.000031
4	760	0.000017
4	762	0.000008
4	766	0.000012
4	769	0.000005
4	778	0.000101
4	779	0.000050
4	780	0.000008
4	782	0.000155
4	783	0.000204
4	784	0.012431
4	785	0.005719
4	788	0.000175
4	789	0.001414
5	10	0.000012
5	27	0.000052
5	763	0.003272
5	790	0.005950
6	26	0.000052
6	41	0.000754
6	759	0.000003
6	762	0.001335
6	766	0.000008
6	769	0.000046
6	778	0.000022
6	779	0.000004
6	780	0.000019
6	782	0.000633
6	783	0.000192
6	784	0.000081
6	785	0.000023
6	788	0.000290
6	789	0.004816
7	25	0.000048
7	37	0.000114
7	38	0.008804
7	43	0.000212
7	44	0.000217
7	45	0.000100
7	758	0.000004
7	767	0.000003
7	768	0.000048
7	770	0.000003
7	771	0.000009
7	772	0.000013
7	773	0.000015
7	774	0.000015
7	775	0.000020
7	777	0.000022
7	781	0.000561
7	787	0.000311
7	790	0.000011
7	792	0.000020
7	793	0.000022
8	22	0.000024
8	37	0.004786
8	38	0.818160
8	43	0.000143
8	44	0.000084
8	45	0.000011
8	767	0.000025
8	768	0.000002
8	770	0.000005
8	771	0.000012
8	772	0.000014
8	773	0.000014
8	774	0.000019
8	775	0.000002
8	777	0.000002
8	781	0.000008
8	787	0.000156
8	790	0.000004
8	792	0.000020
8	793	0.000044
9	19	0.000003
9	21	0.000030
9	37	0.971720
9	38	0.000279
9	43	0.000027
9	44	0.000004
9	767	0.000001
9	770	0.000005
9	771	0.000008
9	772	0.000008
9	773	0.000011
9	774	0.000002
9	787	0.000003
9	792	0.000076
10	18	0.000003
10	20	0.000031
10	23	0.000002
10	36	0.999708
10	42	0.000007
10	791	0.000078
11	16	0.000006
11	35	0.999746
11	790	0.000077
12	19	0.000002
12	31	0.000004
12	34	0.991687
12	35	0.000003
12	38	0.000001
13	31	0.000121
13	34	0.000106
13	37	0.000001
14	35	0.000005
15	31	0.914146
15	34	0.000006
15	787	0.000004
16	28	0.000021
16	29	0.077107
16	30	0.917158
16	32	0.000048
16	33	0.000004
16	786	0.000005
17	26	0.000064
17	28	0.533652
17	29	0.462634
17	785	0.000003
18	25	0.000136
18	27	0.988331
19	24	0.000099
19	26	0.987382
19	28	0.010478
20	25	0.983866
20	27	0.010729
21	26	0.008118
21	28	0.000001
21	29	0.000003
22	26	0.000008
22	28	0.000017
23	27	0.000017
27	36	0.000001
28	35	0.000001
33	792	0.000001
34	41	0.000004
35	40	0.000004
35	42	0.000001
35	791	0.000104
36	790	0.000104
37	41	0.000005
37	789	0.000100
38	769	0.000006
38	784	0.000001
38	785	0.000001
38	788	0.000070
38	789	0.000002
39	48	0.000014
39	72	0.000021
39	763	0.000004
39	790	0.000040
40	48	0.000142
40	71	0.000021
40	763	0.000003
40	790	0.000040
41	45	0.000145
41	47	0.000133
41	48	0.000002
41	49	0.000273
41	70	0.000021
41	763	0.000001
41	767	0.000321
41	768	0.000387
41	770	0.000047
41	771	0.000014
41	772	0.000004
41	773	0.000001
41	774	0.000001
41	781	0.000002
41	787	0.000012
41	790	0.000005
41	792	0.000206
41	793	0.000005
42	48	0.000333
42	69	0.000021
42	763	0.000030
42	790	0.004580
43	762	0.000016
43	766	0.011368
43	769	0.000055
43	778	0.000001
43	779	0.000007
43	780	0.000124
43	782	0.000002
43	783	0.000015
43	784	0.000119
43	785	0.000218
43	788	0.000017
43	789	0.004495
44	762	0.000002
44	766	0.001895
44	769	0.000033
44	778	0.000007
44	779	0.000147
44	780	0.000034
44	782	0.000010
44	783	0.000128
44	784	0.000253
44	785	0.000095
44	788	0.003415
44	789	0.000171
45	762	0.000005
45	766	0.001186
45	769	0.000083
45	778	0.000144
45	779	0.000037
45	780	0.000008
45	782	0.000100
45	783	0.000156
45	784	0.000091
45	785	0.000025
45	788	0.000143
45	789	0.000031
46	68	0.000003
46	756	0.000002
46	763	0.975660
46	790	0.000015
47	67	0.000003
47	755	0.000002
47	760	0.000013
47	762	0.990586
47	766	0.000048
47	789	0.000008
48	61	0.000014
48	62	0.000003
48	66	0.000003
48	754	0.000002
48	759	0.000017
48	760	0.000050
48	761	0.996274
48	764	0.000008
48	765	0.000053
48	786	0.000005
48	788	0.000002
48	791	0.000002
49	60	0.000020
49	61	0.000002
49	753	0.000002
49	759	0.000398
49	760	0.978979
49	762	0.000001
49	785	0.000004
50	59	0.000021
50	756	0.000006
50	757	0.000014
50	763	0.000080
50	790	0.000003
51	58	0.000021
51	755	0.000006
51	759	0.014627
51	760	0.000013
51	762	0.000078
51	789	0.000003
52	57	0.000021
52	69	0.000001
52	756	0.000056
52	757	0.997549
53	68	0.000001
53	756	0.998805
53	757	0.000740
54	67	0.000001
54	755	0.954961
55	756	0.000004
56	65	0.000002
56	753	0.000138
56	754	0.996023
56	755	0.000054
57	64	0.000002
57	753	0.998167
57	754	0.000111
58	63	0.000002
58	752	0.999424
59	751	0.999944
60	749	0.000003
60	750	0.998917
61	748	0.000003
61	749	0.998678
62	748	0.999613
63	746	0.003874
63	747	0.965226
64	68	0.000013
64	69	0.000009
64	71	0.000006
64	72	0.000339
64	82	0.000030
64	741	0.000002
64	742	0.000187
64	743	0.981878
64	748	0.000002
65	69	0.000005
65	71	0.000340
65	72	0.000772
65	81	0.000030
65	741	0.000180
65	742	0.983223
65	743	0.006274
65	748	0.000002
66	71	0.000778
66	72	0.000047
66	80	0.000030
66	711	0.000003
66	738	0.000014
66	741	0.982987
66	742	0.006251
66	743	0.000024
66	748	0.000002
66	750	0.000087
67	71	0.000060
67	72	0.000215
67	73	0.000215
67	78	0.000023
67	225	0.000005
67	692	0.000001
67	710	0.000008
67	736	0.000691
67	738	0.000306
67	739	0.004451
67	740	0.929134
67	741	0.005552
67	742	0.000022
67	749	0.000120
68	74	0.088099
68	75	0.040513
68	76	0.000124
68	77	0.001023
68	224	0.000024
68	228	0.000002
68	626	0.000003
68	627	0.000011
68	629	0.001511
68	671	0.000003
68	674	0.000002
68	694	0.000388
68	709	0.000018
68	732	0.000015
68	733	0.000036
68	734	0.043640
68	735	0.002149
68	737	0.001992
68	744	0.000002
68	745	0.000278
68	746	0.000378
68	747	0.000016
69	74	0.047578
69	75	0.000678
69	76	0.001599
69	77	0.000824
69	224	0.000006
69	227	0.000002
69	626	0.000014
69	629	0.000432
69	674	0.000002
69	694	0.000199
69	709	0.000004
69	731	0.000017
69	732	0.000010
69	733	0.044203
69	734	0.001548
69	735	0.012941
69	737	0.006944
69	744	0.000278
69	745	0.000381
69	746	0.000026
69	747	0.003145
70	75	0.002068
70	76	0.000900
70	79	0.000003
70	226	0.000002
70	627	0.001527
70	707	0.000039
70	730	0.000013
70	732	0.042025
70	734	0.018110
70	735	0.047401
70	737	0.042674
70	746	0.008120
70	747	0.000002
71	75	0.000616
71	76	0.000070
71	77	0.000059
71	111	0.000001
71	221	0.000022
71	626	0.001511
71	627	0.000665
71	629	0.000832
71	674	0.000001
71	694	0.000650
71	706	0.000048
71	731	0.032918
71	732	0.005594
71	733	0.017053
71	734	0.045707
71	735	0.010084
71	737	0.013809
71	744	0.000360
71	745	0.008215
71	746	0.000011
72	76	0.000045
72	77	0.000062
72	110	0.000001
72	220	0.000017
72	221	0.000018
72	236	0.000002
72	626	0.000928
72	627	0.000006
72	629	0.000041
72	674	0.000002
72	690	0.000001
72	694	0.000229
72	705	0.000049
72	709	0.000001
72	728	0.000003
72	730	0.011690
72	731	0.029471
72	732	0.001184
72	733	0.033893
72	734	0.009065
72	735	0.116857
72	737	0.002156
72	744	0.008122
72	745	0.000011
73	79	0.000001
73	220	0.000018
73	235	0.000002
73	627	0.000791
73	690	0.000003
73	704	0.000049
73	728	0.000217
73	730	0.038253
73	732	0.024388
73	734	0.103272
73	735	0.004558
73	737	0.001093
74	78	0.000002
74	218	0.000044
74	623	0.000010
74	625	0.022141
74	628	0.000016
74	675	0.000012
74	689	0.000002
74	691	0.000438
74	695	0.000004
74	697	0.000001
74	703	0.000049
74	711	0.000001
74	727	0.000209
74	729	0.041389
74	738	0.000132
74	741	0.003438
74	742	0.002146
74	743	0.002368
75	217	0.000044
75	623	0.000004
75	624	0.012671
75	625	0.116616
75	691	0.000009
75	692	0.000018
75	693	0.000026
75	696	0.000001
75	702	0.000038
75	710	0.000002
75	726	0.000124
75	727	0.000003
75	729	0.000017
75	736	0.000066
75	738	0.000005
75	739	0.000046
75	740	0.003371
75	741	0.001944
75	742	0.002112
76	114	0.000001
76	216	0.000044
76	623	0.000163
76	624	0.899586
76	625	0.000023
76	691	0.000007
76	692	0.000027
76	696	0.000001
76	729	0.000002
76	736	0.000004
76	738	0.000018
76	739	0.002744
76	740	0.000395
76	741	0.000368
76	742	0.000001
77	113	0.000001
77	215	0.000044
77	231	0.000002
77	623	0.993840
77	691	0.000024
77	695	0.000002
77	738	0.002481
77	741	0.000001
78	107	0.000006
78	112	0.000001
78	214	0.000019
78	230	0.000002
78	622	0.997170
78	694	0.000002
78	737	0.000715
79	106	0.000006
79	229	0.000002
79	621	0.998693
79	693	0.000002
79	736	0.000558
80	105	0.000006
80	111	0.000003
80	213	0.000015
80	214	0.000021
80	228	0.000002
80	620	0.999841
80	735	0.000041
81	104	0.000006
81	105	0.000001
81	107	0.000002
81	110	0.000003
81	212	0.000014
81	213	0.000031
81	227	0.000002
81	619	0.999861
81	734	0.000024
82	104	0.000003
82	105	0.000001
82	107	0.000005
82	212	0.000031
82	226	0.000002
82	618	0.999754
82	733	0.000012
83	103	0.000003
83	113	0.000001
83	114	0.000003
83	167	0.000002
83	210	0.000004
83	211	0.000029
83	215	0.000010
83	222	0.000002
83	231	0.000001
83	617	0.988449
84	104	0.176063
84	105	0.008002
84	107	0.009336
84	110	0.000042
84	111	0.000044
84	112	0.000003
84	116	0.000002
84	169	0.000004
84	209	0.000004
84	212	0.000011
84	213	0.000032
84	214	0.000006
84	221	0.000003
84	230	0.000002
84	236	0.000007
84	520	0.000001
84	521	0.000006
84	524	0.000066
84	527	0.000029
84	611	0.000003
84	614	0.000001
84	615	0.000130
84	616	0.468417
84	731	0.000009
85	105	0.017258
85	112	0.000036
85	166	0.000001
85	168	0.000005
85	214	0.000002
85	220	0.000003
85	235	0.000006
85	523	0.000055
85	616	0.001855
85	730	0.000009
86	95	0.000009
86	102	0.000665
86	103	0.965610
86	113	0.000015
86	114	0.000042
86	165	0.000001
86	167	0.000004
86	610	0.000017
86	729	0.000007
87	94	0.000010
87	99	0.000002
87	102	0.973905
87	103	0.000013
87	106	0.000431
87	108	0.000003
87	113	0.000037
87	609	0.000017
87	612	0.000001
88	93	0.000010
88	98	0.000005
88	101	0.998626
88	104	0.000604
88	105	0.000528
88	107	0.000002
88	111	0.000003
88	112	0.000002
88	608	0.000017
88	611	0.000002
89	97	0.000005
89	100	0.998755
89	104	0.000540
89	110	0.000003
89	111	0.000002
89	607	0.000017
90	95	0.000004
90	99	0.998739
90	102	0.000913
90	103	0.000271
90	606	0.000017
90	609	0.000002
91	97	0.000081
91	98	0.998435
91	101	0.001186
91	605	0.000017
91	608	0.000002
92	97	0.986137
92	98	0.000004
92	100	0.001188
92	604	0.000017
92	607	0.000002
93	99	0.001187
93	603	0.000017
93	606	0.000002
95	600	0.000003
97	542	0.000008
97	597	0.000004
98	541	0.000008
98	544	0.000001
98	596	0.000004
99	539	0.000010
99	543	0.000005
99	611	0.000002
100	114	0.000024
100	538	0.000011
100	542	0.000005
100	610	0.000002
101	113	0.000040
101	114	0.000001
101	537	0.000011
101	541	0.000005
101	609	0.000002
102	107	0.000745
102	110	0.000173
102	111	0.016424
102	112	0.000112
102	116	0.000011
102	117	0.000023
102	169	0.000005
102	170	0.000004
102	213	0.000166
102	521	0.000004
102	536	0.000011
102	540	0.000005
102	608	0.000002
103	107	0.000046
103	110	0.016423
103	111	0.000135
103	112	0.000008
103	116	0.000052
103	168	0.000018
103	169	0.000004
103	212	0.000167
103	520	0.000004
103	535	0.000011
103	539	0.000005
103	607	0.000002
104	113	0.051343
104	114	0.254515
104	164	0.000002
104	165	0.000001
104	167	0.000067
104	171	0.000002
104	211	0.000147
104	215	0.000028
104	218	0.000007
104	233	0.000001
104	428	0.000047
104	431	0.000032
104	455	0.000006
104	528	0.000010
104	538	0.000005
104	606	0.000002
105	109	0.000269
105	113	0.255210
105	114	0.001665
105	115	0.001629
105	163	0.000003
105	167	0.000079
105	173	0.000002
105	210	0.000042
105	215	0.000011
105	216	0.000014
105	217	0.000023
105	233	0.000034
105	234	0.000001
105	237	0.000001
105	427	0.000045
105	429	0.000001
105	430	0.000032
105	454	0.000006
105	525	0.000003
105	526	0.000003
105	533	0.000005
105	534	0.000001
105	537	0.000005
106	112	0.224002
106	166	0.000103
106	168	0.049455
106	172	0.000002
106	214	0.000010
106	232	0.000040
106	235	0.000004
106	453	0.000006
106	532	0.000005
106	616	0.000003
107	113	0.077925
107	114	0.016487
107	163	0.000003
107	165	0.000096
107	167	0.057611
107	171	0.000002
107	215	0.000261
107	231	0.000040
107	233	0.000036
107	428	0.000019
107	431	0.000003
107	452	0.000006
107	518	0.000003
107	528	0.000015
107	531	0.000005
107	533	0.000005
107	617	0.000001
108	112	0.051502
108	166	0.029487
108	168	0.000117
108	214	0.000223
108	232	0.000020
108	451	0.000005
108	517	0.000002
108	532	0.000004
108	616	0.000005
109	166	0.118172
109	168	0.000159
109	232	0.000121
109	532	0.000005
109	616	0.000004
110	114	0.001688
110	162	0.000008
110	163	0.000026
110	164	0.003618
110	165	0.151539
110	167	0.000175
110	215	0.000002
110	231	0.000141
110	233	0.000003
110	515	0.000011
110	528	0.000001
110	529	0.000002
110	530	0.000012
110	531	0.000005
111	161	0.000006
111	162	0.000017
111	163	0.003649
111	164	0.151519
111	165	0.000236
111	167	0.000032
111	215	0.000018
111	231	0.000005
111	233	0.000002
111	428	0.000010
111	431	0.000005
111	445	0.000001
111	514	0.000011
111	528	0.000004
111	529	0.000014
111	530	0.000005
111	610	0.000001
112	118	0.000001
112	161	0.000003
112	162	0.000221
112	163	0.147339
112	164	0.000217
112	165	0.000029
112	167	0.000003
112	171	0.000003
112	215	0.000002
112	229	0.000159
112	231	0.000003
112	237	0.000003
112	427	0.000009
112	430	0.000004
112	444	0.000001
112	513	0.000011
112	522	0.000290
112	525	0.000017
112	528	0.000017
112	529	0.000005
112	609	0.000001
112	621	0.000003
113	117	0.000002
113	166	0.000013
113	170	0.000007
113	213	0.000032
113	214	0.000003
113	228	0.000165
113	230	0.000005
113	236	0.000005
113	443	0.000003
113	512	0.000011
113	521	0.000357
113	524	0.000019
113	527	0.000027
113	608	0.000001
113	615	0.000002
113	616	0.000007
113	620	0.000003
114	166	0.000001
114	169	0.000007
114	212	0.000032
114	213	0.000003
114	227	0.000165
114	230	0.000001
114	235	0.000002
114	236	0.000006
114	442	0.000003
114	511	0.000010
114	520	0.000353
114	523	0.000008
114	524	0.000011
114	527	0.000011
114	607	0.000001
114	615	0.000004
114	616	0.000005
114	619	0.000003
115	166	0.000003
115	168	0.000007
115	226	0.000137
115	235	0.000005
115	510	0.000008
115	523	0.000009
115	616	0.000008
116	161	0.000049
116	162	0.982246
116	163	0.000069
116	165	0.000002
116	167	0.000002
117	161	0.999747
117	162	0.000045
117	164	0.000001
118	160	0.999493
119	159	0.999976
120	158	0.999978
121	156	0.000001
121	157	0.999033
122	156	0.999289
122	157	0.000001
123	155	0.999964
124	154	0.999511
125	153	0.999977
126	152	0.999984
127	150	0.000001
127	151	0.998859
128	150	0.998775
129	149	0.998652
130	148	0.911101
131	146	0.000002
131	147	0.649753
131	148	0.085284
132	146	0.387791
132	147	0.350045
133	139	0.000003
133	143	0.006217
133	146	0.611800
134	138	0.000003
134	140	0.000002
134	142	0.006271
134	145	0.866866
135	139	0.000002
135	143	0.007765
135	147	0.000026
136	143	0.976668
136	146	0.000034
137	142	0.986965
137	145	0.000042
138	143	0.000033
162	213	0.000001
162	214	0.000025
162	230	0.000008
162	615	0.000022
162	616	0.013776
163	168	0.000002
163	170	0.000011
163	212	0.000003
163	213	0.000669
163	214	0.012983
163	228	0.003667
163	230	0.000002
163	450	0.000008
163	521	0.000019
163	524	0.000001
163	527	0.000006
163	614	0.000032
163	615	0.816814
163	616	0.000143
163	620	0.000004
164	169	0.000012
164	170	0.000001
164	212	0.000665
164	213	0.014344
164	214	0.002581
164	221	0.000008
164	227	0.003685
164	228	0.000004
164	443	0.000002
164	449	0.000008
164	520	0.000018
164	521	0.000028
164	524	0.000039
164	527	0.000002
164	613	0.000017
164	614	0.820794
164	615	0.000135
164	619	0.000004
165	169	0.000001
165	212	0.014272
165	213	0.002959
165	214	0.000050
165	220	0.000008
165	226	0.003682
165	227	0.000004
165	442	0.000002
165	448	0.000008
165	520	0.000029
165	523	0.000040
165	527	0.000013
165	613	0.820869
165	614	0.000093
165	618	0.000004
166	210	0.000012
166	211	0.001564
166	215	0.000036
166	216	0.000022
166	217	0.000008
166	219	0.000008
166	225	0.003689
166	441	0.000002
166	447	0.000008
166	519	0.000022
166	522	0.000040
166	526	0.000013
166	528	0.000002
166	612	0.820583
166	617	0.000001
167	175	0.000067
167	209	0.000013
167	212	0.028920
167	213	0.041490
167	214	0.000173
167	224	0.003690
167	235	0.000010
167	236	0.000001
167	446	0.000008
167	521	0.000038
167	524	0.000002
167	527	0.000095
167	611	0.820579
167	613	0.000054
168	174	0.000071
168	207	0.000001
168	208	0.000012
168	211	0.000728
168	215	0.000068
168	216	0.000055
168	217	0.000024
168	222	0.000008
168	223	0.003622
168	234	0.000013
168	445	0.000006
168	526	0.000085
168	609	0.000003
168	610	0.126081
168	612	0.000055
169	173	0.000080
169	206	0.000002
169	210	0.000379
169	211	0.172789
169	215	0.000026
169	222	0.001444
169	233	0.000014
169	444	0.000004
169	445	0.000001
169	529	0.000003
169	606	0.000002
169	609	0.115594
169	610	0.694551
170	206	0.000049
170	210	0.179070
170	211	0.000006
170	222	0.000001
170	231	0.000015
170	444	0.000001
170	528	0.000006
170	606	0.000157
170	609	0.703308
170	610	0.000006
171	175	0.000252
171	176	0.000005
171	209	0.186378
171	212	0.000006
171	220	0.000005
171	221	0.000002
171	230	0.000015
171	442	0.000001
171	443	0.000001
171	527	0.000006
171	605	0.000002
171	607	0.043151
171	608	0.689294
171	613	0.000001
172	205	0.000154
172	206	0.000511
172	207	0.001233
172	208	0.187852
172	210	0.000003
172	211	0.000005
172	219	0.000006
172	229	0.000015
172	441	0.000001
172	525	0.000001
172	526	0.000005
172	606	0.018118
172	609	0.000107
172	612	0.000001
173	209	0.000452
173	221	0.000001
173	228	0.000014
173	524	0.000002
173	605	0.002257
173	607	0.289790
173	608	0.000897
173	611	0.000001
174	220	0.000001
174	523	0.000002
175	203	0.000002
175	204	0.003665
175	206	0.195568
175	210	0.000004
175	606	0.003645
175	609	0.000002
176	202	0.000001
176	203	0.002774
176	204	0.992636
176	206	0.000043
177	201	0.000001
177	202	0.001855
177	203	0.997155
177	204	0.000039
178	201	0.000935
178	202	0.998107
178	203	0.000026
179	199	0.000001
179	201	0.999027
179	202	0.000014
180	200	0.999459
181	198	0.000001
181	199	0.998118
182	198	0.998841
183	197	0.999964
184	196	0.999509
185	193	0.000002
185	195	0.999972
186	192	0.000006
186	194	0.999917
187	191	0.000024
187	193	0.991644
187	195	0.000007
188	192	0.980165
188	194	0.000008
189	193	0.000009
203	608	0.000002
204	209	0.000008
204	607	0.000006
204	608	0.000004
205	214	0.000045
206	212	0.000001
206	213	0.000048
206	221	0.000017
206	227	0.000002
206	607	0.003472
206	608	0.002289
207	220	0.000017
207	226	0.000002
209	215	0.000003
209	218	0.000019
209	222	0.000011
209	533	0.000001
209	606	0.761590
210	214	0.000001
210	221	0.000018
210	532	0.000001
210	604	0.000006
210	605	0.817803
210	608	0.000001
210	745	0.000003
211	220	0.000018
211	221	0.000007
211	446	0.000001
211	527	0.000001
211	543	0.000008
211	604	0.820716
211	605	0.000004
211	744	0.000003
212	218	0.000040
212	222	0.000004
212	231	0.000003
212	233	0.000007
212	428	0.000004
212	431	0.000002
212	445	0.000001
212	515	0.000031
212	528	0.000008
212	529	0.000017
212	530	0.000010
212	542	0.000008
212	603	0.820742
212	743	0.000003
213	218	0.000070
213	222	0.000038
213	231	0.000003
213	233	0.000007
213	428	0.000092
213	431	0.000044
213	444	0.000001
213	514	0.000031
213	528	0.000031
213	529	0.000025
213	541	0.000008
213	602	0.820726
213	742	0.000003
214	218	0.000002
214	219	0.000023
214	222	0.000307
214	223	0.000005
214	225	0.000061
214	229	0.000013
214	231	0.000024
214	237	0.000166
214	427	0.000088
214	429	0.000002
214	430	0.000042
214	513	0.000031
214	522	0.000043
214	525	0.000927
214	526	0.000005
214	528	0.000043
214	601	0.819472
214	741	0.000003
215	220	0.000002
215	221	0.001341
215	224	0.000161
215	227	0.000260
215	228	0.000015
215	230	0.000040
215	236	0.000229
215	238	0.000008
215	239	0.000227
215	512	0.000031
215	520	0.000001
215	521	0.000053
215	524	0.001096
215	527	0.000100
215	539	0.000002
215	600	0.812434
216	220	0.001133
216	226	0.000452
216	235	0.000199
216	238	0.000454
216	410	0.000001
216	511	0.000030
216	523	0.000956
216	540	0.000002
217	226	0.001535
217	235	0.000003
217	238	0.000105
217	510	0.000023
217	523	0.000002
217	540	0.000237
218	224	0.007987
218	226	0.000072
218	227	0.285341
218	228	0.000051
218	230	0.000007
218	235	0.000002
218	236	0.192450
218	239	0.000002
218	434	0.000099
218	521	0.000003
218	524	0.000007
218	536	0.000001
218	539	0.000253
218	540	0.000001
218	600	0.000105
219	226	0.278040
219	232	0.000063
219	235	0.192866
219	238	0.000003
219	433	0.000100
219	523	0.000007
219	540	0.000002
220	225	0.225949
220	229	0.000003
220	231	0.000018
220	233	0.000002
220	234	0.192976
220	237	0.000004
220	432	0.000100
220	441	0.000040
220	456	0.000001
220	522	0.000007
220	537	0.000001
220	538	0.000515
220	542	0.000040
220	594	0.000084
220	595	0.200816
220	596	0.000386
220	597	0.002998
220	598	0.003587
220	599	0.000095
221	231	0.000169
221	233	0.192420
221	431	0.000100
221	438	0.000009
221	440	0.000040
221	444	0.000001
221	455	0.000002
221	537	0.000845
221	538	0.000002
221	541	0.000075
221	542	0.000006
221	593	0.000077
221	594	0.202236
221	596	0.003438
221	597	0.004219
221	599	0.008603
221	695	0.000001
222	226	0.000164
222	227	0.015237
222	228	0.000408
222	230	0.000322
222	232	0.071949
222	236	0.000615
222	437	0.000010
222	439	0.000020
222	442	0.000004
222	443	0.000002
222	520	0.000002
222	535	0.000094
222	536	0.000826
222	539	0.000088
222	540	0.000051
222	543	0.000010
222	592	0.000010
222	600	0.000011
222	694	0.000002
223	232	0.112571
223	235	0.000610
223	439	0.000011
223	453	0.000002
223	540	0.000007
223	592	0.001259
224	231	0.171822
224	233	0.000774
224	428	0.000019
224	438	0.000013
224	440	0.000316
224	452	0.000002
224	518	0.000003
224	533	0.001849
224	538	0.000002
224	541	0.000874
224	542	0.000066
224	591	0.000925
224	593	0.000945
224	594	0.001276
224	596	0.008063
224	597	0.000535
224	599	0.000419
225	232	0.000853
225	235	0.000055
225	439	0.000305
225	451	0.000001
225	517	0.000003
225	532	0.001863
225	540	0.000708
225	592	0.000255
226	231	0.000784
226	234	0.000072
226	438	0.000216
226	440	0.000003
226	441	0.010296
226	456	0.000010
226	516	0.000003
226	531	0.001861
226	541	0.000002
226	542	0.000056
226	591	0.000032
226	594	0.000047
226	595	0.011023
226	596	0.000003
226	597	0.000039
226	598	0.000474
226	599	0.000007
226	692	0.000035
227	231	0.000067
227	233	0.000074
227	438	0.000081
227	440	0.006527
227	455	0.000012
227	515	0.000003
227	530	0.001865
227	531	0.000002
227	538	0.000004
227	541	0.000100
227	542	0.000182
227	590	0.000009
227	591	0.000002
227	593	0.000021
227	594	0.011200
227	596	0.000041
227	597	0.000515
227	599	0.000047
227	691	0.000040
228	233	0.000011
228	438	0.000185
228	440	0.772534
228	454	0.000012
228	514	0.000003
228	529	0.001861
228	530	0.000002
228	541	0.000174
228	590	0.000001
228	593	0.009935
228	594	0.000001
228	596	0.000417
228	599	0.000001
228	689	0.000046
229	235	0.000001
229	439	0.782844
229	453	0.000012
229	540	0.000100
229	592	0.008540
229	688	0.000047
230	438	0.782915
230	440	0.000012
230	452	0.000012
230	528	0.002448
230	591	0.006715
230	593	0.000012
230	594	0.000052
230	687	0.000047
231	236	0.000195
231	238	0.000002
231	436	0.405415
231	437	0.393082
231	523	0.000005
231	527	0.002519
231	686	0.000047
232	237	0.000003
232	435	0.795428
232	522	0.000006
232	525	0.001087
232	526	0.001509
232	684	0.000023
232	685	0.000024
233	410	0.000001
233	434	0.799978
233	436	0.000013
233	521	0.000007
233	524	0.002075
233	527	0.000001
233	683	0.000047
234	409	0.000002
234	410	0.000002
234	433	0.799569
234	523	0.002020
234	682	0.000047
235	429	0.000155
235	430	0.000001
235	431	0.000007
235	432	0.799141
235	522	0.001729
235	681	0.000045
236	428	0.000200
236	431	0.797530
236	680	0.000035
237	409	0.573146
237	410	0.000251
238	407	0.000004
238	408	0.925984
238	427	0.000014
238	428	0.000052
238	429	0.002374
238	430	0.000434
239	406	0.000008
239	407	0.997720
239	428	0.001442
240	405	0.000007
240	406	0.999033
240	407	0.000928
241	404	0.000006
241	405	0.999036
241	406	0.000937
241	407	0.000003
242	404	0.998996
242	405	0.000941
242	406	0.000003
243	402	0.000014
243	403	0.990476
243	404	0.000897
243	405	0.000003
245	402	0.898371
246	399	0.000014
246	401	0.898372
247	399	0.991401
248	398	0.999931
248	399	0.000020
249	397	0.999976
249	398	0.000014
250	396	0.999984
250	397	0.000007
251	395	0.999991
252	394	0.999977
253	393	0.999481
254	392	0.999498
255	390	0.000002
255	391	0.039185
256	390	0.026853
256	391	0.960566
257	381	0.000011
257	390	0.972739
257	391	0.000005
258	380	0.000005
258	383	0.012415
258	384	0.003238
258	386	0.002416
258	387	0.000659
258	388	0.000103
258	389	0.978426
259	379	0.000002
259	380	0.000007
259	383	0.007133
259	384	0.000212
259	386	0.000916
259	387	0.000073
259	388	0.960916
259	389	0.000774
260	379	0.000006
260	384	0.001314
260	387	0.949161
260	388	0.001226
261	379	0.000013
261	380	0.614413
261	383	0.000762
261	384	0.000052
261	386	0.383747
261	387	0.000032
262	268	0.000003
262	376	0.000052
262	379	0.959503
262	384	0.008512
263	267	0.000003
263	375	0.000049
263	377	0.000003
263	378	0.974235
263	381	0.000009
263	382	0.012134
263	385	0.000295
264	377	0.975217
264	381	0.012168
265	376	0.963107
265	379	0.000099
265	384	0.000317
266	374	0.143269
266	376	0.000048
266	379	0.000039
266	380	0.022841
266	383	0.000316
267	376	0.000185
267	379	0.022710
268	371	0.919400
268	372	0.010209
268	373	0.005269
268	375	0.000114
268	377	0.000036
268	378	0.006926
268	381	0.000002
268	382	0.000003
269	369	0.000137
269	370	0.999452
269	374	0.000031
270	368	0.000146
270	369	0.999772
270	370	0.000069
271	367	0.000153
271	368	0.999770
271	369	0.000064
272	367	0.999567
272	368	0.000057
273	363	0.000002
273	365	0.998901
274	362	0.000001
274	364	0.996493
275	364	0.000172
276	362	0.995677
276	364	0.000003
277	358	0.000002
277	360	0.000001
277	361	0.998089
277	363	0.000003
278	357	0.000003
278	360	0.998404
278	361	0.000234
278	363	0.000008
279	356	0.000003
279	359	0.976086
279	362	0.000007
280	288	0.000001
280	355	0.000002
281	287	0.000001
281	356	0.001401
281	359	0.011295
282	355	0.001129
283	355	0.000009
284	355	0.000012
284	356	0.997678
285	352	0.000168
285	355	0.998207
286	351	0.000153
286	353	0.000004
286	354	0.999081
287	350	0.000130
287	351	0.000010
287	353	0.998194
288	350	0.000010
288	351	0.000683
288	353	0.000013
289	350	0.000102
289	351	0.721085
289	354	0.000006
290	350	0.993170
290	351	0.000648
290	353	0.000007
291	349	0.970807
291	352	0.000007
292	349	0.004125
293	347	0.992218
293	348	0.004892
293	349	0.000674
294	346	0.996190
294	347	0.002477
294	348	0.000994
294	349	0.000003
295	345	0.997996
296	344	0.998184
296	346	0.000026
296	347	0.001300
296	348	0.000003
297	302	0.000001
297	304	0.000001
297	341	0.000020
297	344	0.000078
297	346	0.001508
297	347	0.000002
298	340	0.000020
298	342	0.989079
298	343	0.000073
298	345	0.001532
299	339	0.000020
299	341	0.997923
299	344	0.001533
299	346	0.000004
300	340	0.996338
300	343	0.001344
300	345	0.000003
301	339	0.973406
302	306	0.000001
302	342	0.000140
302	343	0.000213
303	342	0.000222
303	343	0.000176
304	342	0.000185
304	343	0.000065
305	342	0.000067
306	338	0.997937
306	339	0.000016
306	341	0.000040
307	337	0.999440
307	340	0.000022
308	336	0.999973
308	339	0.000002
309	335	0.999958
309	338	0.000002
310	334	0.983005
312	331	0.000001
312	332	0.994313
312	333	0.000931
313	331	0.999385
314	330	0.999490
315	329	0.999963
316	328	0.999575
317	326	0.000011
317	327	0.999915
318	326	0.998639
318	327	0.000036
318	329	0.000002
319	328	0.000005
320	326	0.000214
320	327	0.000008
321	325	0.000664
321	326	0.000010
370	377	0.000008
371	376	0.000014
372	376	0.000010
372	379	0.000007
372	384	0.000001
373	379	0.000003
374	381	0.000115
375	379	0.000002
375	384	0.000004
376	381	0.000002
376	382	0.000015
376	385	0.000020
377	383	0.000037
377	384	0.000023
378	384	0.000006
379	385	0.000005
381	386	0.006010
381	387	0.000036
381	388	0.000088
381	389	0.000288
382	387	0.000100
382	388	0.000269
383	390	0.000001
386	390	0.000002
386	391	0.000001
409	426	0.000151
409	427	0.309532
409	428	0.000309
409	429	0.000223
409	430	0.000090
410	426	0.898524
410	427	0.001393
410	428	0.000158
410	429	0.000063
410	430	0.000022
411	425	0.999761
412	424	0.999985
413	420	0.000001
413	423	0.999951
414	419	0.000006
414	422	0.999708
415	420	0.000569
415	421	0.990255
416	422	0.000017
417	421	0.000023
421	439	0.000001
422	438	0.000001
423	437	0.000001
424	436	0.000001
427	433	0.000020
427	439	0.000001
427	523	0.000049
427	540	0.000001
428	433	0.000003
428	434	0.000864
428	436	0.000005
428	437	0.000039
428	520	0.000073
428	521	0.000187
428	523	0.000049
428	524	0.144520
428	527	0.000769
428	539	0.000001
429	433	0.000657
429	439	0.000002
429	523	0.140427
430	439	0.000006
430	523	0.000493
431	436	0.000010
431	437	0.000030
431	442	0.000002
431	520	0.007624
431	521	0.136248
431	523	0.000037
431	524	0.008490
431	527	0.000006
431	536	0.000002
432	439	0.000012
432	523	0.008424
432	532	0.000001
433	438	0.000010
433	441	0.000444
433	519	0.184183
433	522	0.001795
433	531	0.000001
433	534	0.000003
433	542	0.000002
433	595	0.000013
433	597	0.000002
433	598	0.000019
434	438	0.000001
434	440	0.000531
434	518	0.194367
434	530	0.000001
434	533	0.000003
434	541	0.000004
434	544	0.000003
434	594	0.000015
434	596	0.000005
434	597	0.000021
434	599	0.000001
435	439	0.000349
435	517	0.194337
435	532	0.000003
435	540	0.000003
436	440	0.000003
436	445	0.000002
436	515	0.000003
436	516	0.194418
436	529	0.000008
436	531	0.000003
436	541	0.000002
436	542	0.004579
436	594	0.000006
436	597	0.000008
437	444	0.000003
437	514	0.000006
437	515	0.194356
437	528	0.000195
437	530	0.000003
437	541	0.005182
437	542	0.000169
437	544	0.009328
437	593	0.000006
437	594	0.000003
437	596	0.000008
438	443	0.000003
438	448	0.000009
438	527	0.000215
438	539	0.000016
438	540	0.004580
438	543	0.011025
438	545	0.000029
439	447	0.000009
439	513	0.193859
439	514	0.000001
439	525	0.000075
439	526	0.000152
439	528	0.000003
439	538	0.000002
439	541	0.000051
439	542	0.011000
439	544	0.000029
439	594	0.000001
440	446	0.000009
440	511	0.000014
440	512	0.194396
440	524	0.000145
440	527	0.000003
440	539	0.005905
440	540	0.000134
440	543	0.000028
441	453	0.000002
441	510	0.000431
441	511	0.187802
441	523	0.000140
441	540	0.019066
442	452	0.000002
442	455	0.000018
442	509	0.000432
442	537	0.000020
442	538	0.796769
442	541	0.000014
442	542	0.000110
443	452	0.000001
443	454	0.000018
443	455	0.000019
443	509	0.191984
443	537	0.804691
443	538	0.000005
443	541	0.000108
444	450	0.000004
444	451	0.000001
444	453	0.000013
444	508	0.194116
444	520	0.000003
444	521	0.000406
444	535	0.000008
444	536	0.804886
444	540	0.000093
445	449	0.000004
445	450	0.000001
445	453	0.000023
445	507	0.194478
445	520	0.000407
445	535	0.804745
445	539	0.000093
446	452	0.000028
446	454	0.000002
446	506	0.194469
446	518	0.000420
446	533	0.804539
446	538	0.000073
447	451	0.000018
447	453	0.000002
447	505	0.190571
447	517	0.000421
447	532	0.804670
448	452	0.000002
448	455	0.000002
448	502	0.000003
448	516	0.000421
448	530	0.000001
448	531	0.805009
449	454	0.000002
449	455	0.000001
449	502	0.000052
449	515	0.000421
449	529	0.000002
449	530	0.805015
450	454	0.000001
450	499	0.000003
450	502	0.193972
450	514	0.000421
450	528	0.000003
450	529	0.805002
451	498	0.000003
451	501	0.194357
451	513	0.000419
451	525	0.000008
451	528	0.803714
452	458	0.000010
452	497	0.000018
452	500	0.194473
452	512	0.000409
452	523	0.000207
452	524	0.000016
452	527	0.803741
453	457	0.000011
453	496	0.000019
453	498	0.000386
453	499	0.193383
453	501	0.000001
453	513	0.000006
453	522	0.000682
453	525	0.048457
453	526	0.665991
453	528	0.000003
454	458	0.000238
454	464	0.000003
454	493	0.000002
454	494	0.000001
454	497	0.005084
454	500	0.000003
454	510	0.000006
454	511	0.000007
454	512	0.000026
454	520	0.000016
454	521	0.001227
454	523	0.000106
454	524	0.096018
454	527	0.000014
455	464	0.000001
455	492	0.000002
455	497	0.185668
455	510	0.000002
455	511	0.000021
455	512	0.000071
455	520	0.001213
455	521	0.000012
455	523	0.039153
455	524	0.559234
455	527	0.000002
456	491	0.000002
456	510	0.000009
456	511	0.000066
456	523	0.495974
457	510	0.000018
457	517	0.000153
457	523	0.001332
458	467	0.000002
458	474	0.000002
458	495	0.926549
458	498	0.000002
458	509	0.000005
458	515	0.000003
458	516	0.000152
458	518	0.000005
459	464	0.000042
459	473	0.000003
459	493	0.000018
459	494	0.994744
459	497	0.000002
459	520	0.000018
459	521	0.004178
460	472	0.000002
460	492	0.000019
460	493	0.994922
460	494	0.000039
460	520	0.004183
460	521	0.000618
461	470	0.000003
461	491	0.000016
461	492	0.994792
461	493	0.000039
461	520	0.000617
462	469	0.000003
462	491	0.952102
462	517	0.000004
463	487	0.000002
463	491	0.005308
463	517	0.003059
464	485	0.000001
464	515	0.000001
464	516	0.002885
464	518	0.000116
465	487	0.000003
465	491	0.000210
465	517	0.000080
466	484	0.000008
466	487	0.000018
466	491	0.000069
466	517	0.000002
467	473	0.000005
467	483	0.000009
467	487	0.000051
467	488	0.994927
467	512	0.000006
467	520	0.000002
467	521	0.000004
468	472	0.000004
468	487	0.998452
468	511	0.000005
468	517	0.000009
469	478	0.000002
469	482	0.000004
469	485	0.000001
469	486	0.998993
469	513	0.000002
469	515	0.000023
469	516	0.000011
469	519	0.000313
470	477	0.000002
470	481	0.000004
470	485	0.999427
470	509	0.000002
470	514	0.000024
470	515	0.000019
470	518	0.000318
471	484	0.984126
471	487	0.000006
471	508	0.000001
471	517	0.000317
472	477	0.000002
472	478	0.000226
472	479	0.000012
472	481	0.000059
472	482	0.870967
472	486	0.000012
472	513	0.000014
472	514	0.000001
472	515	0.000016
472	516	0.000312
473	477	0.000224
473	479	0.000335
473	481	0.900930
473	482	0.090262
473	485	0.000014
473	514	0.000021
473	515	0.000298
474	480	0.887314
474	483	0.002137
474	484	0.000018
474	511	0.000130
474	512	0.000234
475	484	0.000002
475	510	0.000147
475	511	0.000228
476	481	0.001651
476	482	0.001617
476	509	0.000155
477	483	0.000051
477	508	0.000038
477	512	0.000004
478	484	0.000004
478	508	0.000375
478	511	0.000003
479	483	0.000008
479	503	0.000001
479	507	0.000416
479	510	0.000003
480	502	0.000001
480	506	0.000415
480	509	0.000003
481	504	0.000395
481	505	0.000023
481	508	0.000001
482	500	0.000002
482	503	0.000407
482	504	0.000011
482	507	0.000001
483	499	0.000002
483	502	0.000418
483	506	0.000001
484	498	0.000002
484	501	0.000418
485	497	0.000002
485	500	0.000417
487	496	0.000193
487	499	0.000140
487	519	0.000003
488	495	0.000203
488	498	0.000141
488	518	0.000005
489	517	0.000006
490	517	0.000725
491	499	0.000001
491	515	0.000026
491	516	0.000727
491	518	0.000004
491	519	0.000011
492	498	0.000001
492	499	0.000034
492	514	0.000048
492	515	0.002633
492	516	0.000955
492	518	0.000011
493	498	0.000034
493	499	0.000006
493	514	0.002635
493	515	0.001780
493	516	0.000013
494	498	0.000006
494	514	0.001778
494	515	0.000014
495	510	0.000005
495	511	0.011787
495	512	0.004406
495	521	0.000007
495	523	0.000006
495	524	0.025554
496	510	0.050977
496	511	0.002286
496	517	0.000001
496	523	0.028775
497	502	0.000004
497	506	0.000003
497	509	0.057775
497	514	0.000002
497	516	0.000001
497	518	0.000001
497	609	0.000063
498	504	0.000002
498	505	0.000003
498	508	0.057840
498	511	0.000318
498	512	0.000064
498	520	0.001588
498	521	0.737771
498	524	0.000017
498	608	0.000066
499	503	0.000002
499	504	0.000003
499	507	0.057943
499	510	0.000527
499	511	0.000032
499	517	0.000003
499	520	0.739163
499	521	0.000063
499	523	0.000014
499	524	0.000001
499	607	0.000066
500	506	0.057918
500	509	0.000573
500	516	0.000003
500	518	0.734143
500	606	0.000066
501	505	0.038040
501	508	0.000572
501	517	0.732223
502	507	0.000562
502	517	0.011786
502	604	0.000067
503	515	0.734129
503	516	0.012067
503	603	0.000067
504	514	0.734688
504	515	0.011793
504	602	0.000067
505	513	0.734044
505	514	0.011383
505	601	0.000067
506	510	0.000020
506	511	0.000196
506	512	0.723642
506	600	0.000067
507	514	0.000046
507	516	0.000001
507	599	0.000067
508	513	0.000050
508	515	0.000001
508	522	0.000001
508	598	0.000066
509	520	0.000002
509	521	0.000004
510	519	0.000003
510	522	0.000001
510	525	0.000001
510	596	0.000064
511	518	0.000003
511	519	0.000629
511	522	0.000027
511	525	0.000010
511	542	0.000003
511	595	0.000064
512	516	0.000002
512	518	0.000760
512	541	0.000007
512	594	0.000062
513	517	0.000500
513	523	0.000107
513	540	0.000009
514	520	0.000090
514	521	0.050231
514	523	0.000004
514	524	0.000024
514	539	0.000009
515	520	0.050270
515	521	0.001066
515	523	0.000020
515	524	0.000101
515	536	0.000066
516	520	0.001037
516	521	0.000021
516	523	0.000098
516	524	0.000004
516	527	0.000029
516	535	0.000066
517	522	0.000090
517	525	0.000120
517	526	0.000025
517	534	0.000066
518	524	0.000158
519	523	0.000121
519	532	0.000075
520	528	0.000044
520	529	0.000328
520	530	0.000003
520	531	0.000078
520	538	0.000007
520	542	0.001341
520	597	0.000028
521	528	0.000568
521	529	0.000004
521	530	0.000078
521	533	0.000073
521	537	0.000007
521	541	0.001356
521	542	0.000002
521	596	0.000028
521	623	0.000010
522	532	0.000074
522	540	0.001282
522	622	0.000010
523	528	0.000005
523	529	0.000001
523	531	0.000074
523	534	0.000007
523	538	0.000012
523	542	0.000274
523	553	0.000002
523	595	0.000010
523	598	0.000001
523	621	0.000009
523	624	0.000001
524	528	0.000005
524	530	0.000073
524	533	0.000008
524	537	0.000006
524	538	0.000194
524	541	0.000513
524	542	0.000002
524	552	0.000003
524	594	0.000010
524	597	0.000001
524	623	0.000001
525	532	0.000006
525	540	0.000494
525	616	0.000011
525	622	0.000001
526	540	0.000003
526	616	0.000038
527	531	0.000001
527	537	0.012049
527	538	0.001174
527	541	0.000005
527	542	0.000009
527	550	0.000008
527	609	0.000047
527	617	0.010379
528	535	0.000001
528	536	0.012228
528	540	0.000005
528	548	0.000028
528	549	0.000006
528	608	0.000049
528	615	0.000367
528	616	0.147769
529	535	0.012192
529	536	0.001465
529	539	0.000005
529	540	0.000009
529	547	0.000029
529	548	0.000006
529	607	0.000049
529	614	0.000249
529	615	0.178152
529	616	0.000004
530	535	0.001495
530	536	0.000018
530	539	0.000009
530	540	0.000003
530	546	0.000035
530	605	0.000007
530	608	0.000142
530	613	0.000131
530	614	0.178679
530	615	0.000005
531	535	0.000018
531	539	0.000004
531	545	0.000036
531	604	0.000007
531	605	0.000042
531	607	0.000144
531	613	0.178809
531	614	0.000002
532	537	0.000002
532	538	0.000004
532	544	0.000036
532	603	0.000004
532	606	0.000144
532	612	0.178854
533	543	0.000036
533	604	0.000039
533	605	0.000143
533	611	0.178849
535	541	0.000002
535	542	0.000711
535	597	0.000020
535	599	0.000003
535	603	0.000190
535	609	0.000008
535	610	0.178877
536	541	0.000716
536	542	0.000008
536	596	0.000020
536	597	0.000001
536	599	0.000021
536	602	0.000189
536	606	0.000034
536	609	0.178906
537	543	0.000001
537	546	0.000004
537	600	0.000002
537	605	0.000049
537	608	0.178893
538	543	0.000003
538	545	0.000031
538	600	0.002605
538	604	0.000052
538	607	0.178886
538	611	0.000003
539	544	0.000061
539	554	0.000173
539	593	0.000031
539	594	0.000302
539	596	0.051266
539	597	0.467488
539	599	0.032343
539	602	0.000006
539	603	0.000055
539	606	0.171244
539	610	0.000006
540	553	0.000174
540	593	0.000123
540	594	0.000067
540	595	0.050204
540	596	0.466161
540	597	0.000461
540	598	0.032198
540	599	0.000081
540	601	0.000025
540	602	0.000058
540	603	0.000009
540	606	0.007421
540	609	0.000007
541	545	0.000001
541	592	0.000003
541	600	0.000023
541	604	0.000689
541	605	0.169411
541	608	0.000008
542	551	0.000176
542	592	0.000002
542	600	0.000197
542	604	0.169554
542	605	0.000017
542	607	0.000008
543	550	0.000175
543	552	0.000007
543	593	0.819539
543	594	0.000290
543	596	0.000026
543	597	0.000010
543	599	0.000191
543	602	0.000919
543	603	0.158110
543	606	0.000008
544	549	0.000080
544	551	0.000022
544	592	0.975951
544	600	0.000226
544	604	0.000021
544	605	0.000006
545	550	0.000022
545	590	0.000014
545	591	0.990046
545	597	0.000089
545	599	0.000146
545	602	0.000063
545	603	0.000025
546	554	0.000077
546	556	0.000009
546	590	0.997966
546	596	0.000098
546	597	0.000002
546	599	0.000002
546	602	0.000025
546	603	0.000008
547	553	0.000077
547	555	0.000018
547	589	0.997767
547	595	0.000099
547	598	0.000002
547	601	0.000016
547	603	0.000030
548	552	0.000076
548	554	0.000019
548	588	0.998042
548	594	0.000099
548	597	0.000001
548	599	0.000010
548	602	0.001435
549	553	0.000015
549	587	0.997552
549	593	0.000098
549	598	0.000010
549	601	0.001464
550	585	0.000002
550	586	0.997462
550	592	0.000098
550	600	0.001476
551	591	0.000097
551	599	0.001472
552	583	0.000026
552	584	0.000037
552	585	0.997664
552	586	0.000001
553	584	0.997668
554	581	0.000002
554	582	0.001604
554	583	0.993623
554	585	0.000007
555	580	0.000002
555	584	0.000006
556	580	0.000002
556	581	0.994951
556	582	0.001531
556	583	0.000003
557	579	0.000002
557	580	0.999122
558	579	0.998091
558	580	0.000002
559	577	0.000009
559	578	0.999451
560	576	0.000031
560	577	0.999949
561	576	0.999360
561	577	0.000002
562	570	0.000003
562	574	0.987553
562	576	0.000002
563	569	0.000003
563	572	0.000003
563	573	0.999919
563	575	0.000007
564	572	0.999957
564	573	0.000007
565	571	0.991573
566	571	0.005519
582	597	0.001812
583	596	0.001824
584	595	0.001824
585	594	0.001825
586	593	0.001825
587	592	0.001677
591	600	0.000098
592	596	0.000003
592	597	0.000027
592	598	0.000045
592	599	0.000115
592	601	0.006559
592	602	0.000014
593	600	0.031801
593	605	0.000032
593	608	0.000009
594	600	0.003410
594	604	0.000036
594	605	0.000047
594	607	0.000009
596	600	0.000791
596	604	0.000069
596	605	0.007540
597	604	0.007522
597	605	0.000041
599	604	0.000026
599	605	0.000010
599	607	0.000002
600	606	0.000003
609	615	0.000009
610	614	0.000008
617	744	0.000027
618	743	0.000029
619	679	0.000002
619	680	0.000013
619	742	0.000029
620	679	0.000029
620	738	0.000006
620	741	0.000028
621	737	0.000009
622	677	0.000041
622	736	0.000010
622	739	0.000002
623	676	0.000052
623	694	0.000002
623	735	0.000011
624	734	0.000010
624	735	0.000002
624	737	0.000003
625	629	0.000001
625	671	0.000001
625	674	0.777425
625	676	0.000001
625	694	0.000023
626	673	0.992735
626	675	0.000001
627	672	0.995092
627	673	0.000013
627	675	0.000005
628	670	0.000002
628	671	0.995659
628	674	0.000098
629	669	0.000004
629	673	0.000106
630	668	0.000002
630	670	0.999743
630	671	0.000017
631	667	0.000002
631	669	0.999974
632	668	0.999582
633	667	0.999953
634	666	0.999508
635	664	0.000002
635	665	0.999963
636	664	0.996561
636	665	0.000003
638	661	0.000002
638	662	0.972159
638	664	0.000003
640	661	0.999345
640	662	0.000094
641	660	0.999956
642	659	0.999957
643	658	0.999990
644	657	0.999985
645	656	0.999500
646	655	0.999191
647	653	0.000037
647	654	0.999889
648	653	0.990948
648	654	0.000013
671	691	0.000002
671	738	0.000012
672	737	0.000010
673	694	0.000084
674	691	0.217257
674	695	0.000002
674	738	0.000002
675	688	0.000001
675	690	0.949719
675	694	0.000231
675	709	0.000004
676	687	0.000001
676	689	0.997789
676	691	0.001150
677	688	0.998074
677	690	0.001148
677	707	0.000002
678	687	0.998537
678	689	0.001141
678	691	0.000005
678	695	0.000001
679	683	0.000002
679	686	0.995109
679	688	0.001074
679	690	0.000005
679	694	0.000003
679	706	0.000114
679	707	0.000001
679	718	0.000001
680	686	0.000195
680	694	0.000007
680	705	0.000115
680	706	0.000002
680	717	0.000001
681	688	0.000006
681	704	0.000116
681	716	0.000001
682	687	0.000006
682	692	0.000016
682	703	0.000117
682	715	0.000002
683	691	0.000018
683	702	0.000117
683	714	0.000002
684	690	0.000015
684	701	0.000117
684	713	0.000002
685	700	0.000113
686	695	0.000034
686	711	0.000001
687	694	0.000046
687	699	0.000085
687	709	0.000009
688	693	0.000046
688	698	0.000084
688	708	0.000009
688	710	0.000057
688	738	0.000008
689	694	0.000014
689	707	0.000009
689	709	0.000179
689	737	0.000125
690	695	0.000001
690	696	0.000080
690	698	0.000001
690	708	0.000210
690	710	0.000004
690	736	0.001040
690	738	0.000133
690	739	0.000157
690	740	0.000003
691	699	0.000007
691	701	0.000001
691	705	0.000004
691	706	0.067071
691	707	0.000012
691	709	0.000009
691	718	0.000100
691	731	0.000005
691	733	0.000195
691	734	0.000133
691	735	0.005043
691	737	0.001942
691	744	0.000003
692	700	0.000002
692	701	0.000003
692	704	0.000003
692	705	0.067389
692	717	0.000103
692	730	0.000003
692	732	0.000168
692	734	0.004599
692	735	0.049853
692	737	0.001287
693	700	0.000003
693	704	0.067434
693	707	0.000002
693	716	0.000103
693	728	0.000003
693	730	0.000016
693	732	0.000043
693	734	0.054757
693	735	0.022245
693	737	0.001270
694	702	0.000179
694	703	0.067361
694	715	0.000103
694	721	0.000002
694	727	0.000003
694	729	0.000021
694	738	0.001118
694	741	0.000007
694	742	0.000002
695	699	0.000012
695	700	0.000010
695	701	0.000285
695	706	0.000100
695	709	0.000068
695	728	0.000013
695	731	0.021969
695	732	0.000018
695	733	0.893053
695	734	0.000031
695	735	0.000017
695	737	0.000044
696	700	0.000231
696	701	0.018431
696	705	0.000097
696	707	0.000262
696	713	0.000103
696	719	0.000002
696	728	0.000001
696	730	0.022053
696	732	0.901763
696	734	0.000013
697	701	0.000024
697	704	0.000066
697	705	0.000016
697	706	0.000275
697	712	0.000103
697	718	0.000002
697	728	0.000002
697	730	0.000002
697	731	0.907554
697	733	0.000009
698	704	0.000034
698	705	0.000231
698	717	0.000002
698	728	0.023059
698	730	0.907329
698	732	0.000006
699	703	0.000050
699	711	0.000082
699	727	0.023087
699	729	0.906437
700	710	0.000043
700	711	0.000058
700	715	0.000002
700	726	0.011522
700	727	0.773802
700	729	0.000006
701	708	0.000002
701	710	0.000390
701	714	0.000002
701	726	0.913730
701	727	0.000527
702	707	0.000002
702	709	0.000478
702	713	0.000003
702	725	0.931020
702	745	0.000004
703	709	0.000018
703	712	0.000003
703	724	0.931060
703	744	0.000004
704	708	0.000015
704	711	0.000003
704	722	0.000044
704	723	0.930091
704	743	0.000004
705	710	0.000002
705	721	0.000087
705	722	0.929556
705	723	0.000007
705	742	0.000004
706	714	0.000001
706	715	0.000012
706	720	0.000169
706	721	0.927342
706	741	0.000004
707	711	0.000003
707	714	0.000030
707	715	0.000006
707	720	0.743449
707	721	0.000147
707	722	0.000026
707	729	0.000029
707	740	0.000004
708	713	0.000060
708	716	0.055545
708	717	0.000931
708	719	0.589345
708	728	0.000016
708	730	0.011560
708	732	0.000004
709	714	0.013408
709	715	0.073926
709	720	0.176909
709	721	0.000003
709	727	0.000009
709	729	0.015458
709	738	0.000004
710	716	0.012121
710	717	0.255348
710	719	0.215015
710	728	0.010206
710	730	0.000041
710	732	0.000002
710	737	0.000004
711	716	0.143315
711	717	0.002824
711	718	0.225885
711	719	0.000139
711	728	0.053360
711	730	0.000002
711	731	0.000002
712	720	0.000141
712	721	0.000005
712	727	0.068610
712	729	0.000002
713	720	0.000012
713	726	0.068736
714	718	0.000835
714	719	0.000065
714	725	0.068805
715	719	0.000012
715	724	0.068802
716	720	0.000001
716	721	0.000002
716	722	0.000111
716	723	0.066944
717	721	0.000182
717	722	0.050649
717	723	0.000021
718	727	0.000004
719	726	0.000016
720	725	0.000021
729	744	0.000026
729	745	0.000009
730	739	0.000202
730	743	0.000021
731	738	0.000271
731	741	0.000003
731	742	0.000021
731	743	0.000049
732	738	0.000001
732	739	0.002232
732	740	0.000002
732	741	0.000010
732	742	0.000055
732	743	0.000007
733	738	0.002789
733	741	0.000080
733	742	0.000020
733	743	0.000001
734	738	0.000409
734	739	0.000918
734	740	0.000267
734	741	0.000056
734	742	0.000012
734	743	0.000011
734	771	0.000001
735	739	0.000598
735	740	0.000155
735	741	0.000019
735	742	0.000017
735	743	0.000002
735	770	0.000002
736	746	0.000001
736	747	0.000001
736	769	0.000002
736	788	0.000002
737	741	0.000002
737	742	0.000007
737	743	0.000005
737	768	0.000002
737	787	0.000002
738	744	0.000013
738	745	0.000054
738	747	0.000005
738	786	0.000002
739	746	0.000007
739	747	0.000061
739	785	0.000002
740	746	0.000090
740	747	0.000003
740	755	0.000001
740	762	0.000002
740	784	0.000002
741	745	0.000090
741	746	0.000003
741	754	0.000001
741	761	0.000003
741	766	0.000014
742	753	0.000001
742	760	0.000003
742	765	0.000015
743	751	0.000002
743	759	0.000003
743	764	0.000015
744	750	0.000002
744	757	0.000003
744	763	0.000015
745	756	0.000003
746	758	0.000001
747	757	0.000001
748	754	0.000002
748	761	0.000011
749	753	0.000001
749	755	0.000001
749	760	0.000011
750	754	0.000001
750	759	0.000010
751	756	0.000001
751	757	0.000005
756	765	0.000003
756	786	0.000001
757	764	0.000004
758	769	0.000003
759	768	0.000003
759	793	0.000002
760	767	0.000002
760	792	0.000002
760	793	0.000004
761	790	0.000005
762	768	0.000001
762	771	0.000002
762	777	0.000003
762	787	0.000143
762	792	0.004615
762	793	0.000003
763	769	0.000001
763	776	0.000008
763	784	0.000003
763	785	0.000006
763	786	0.000369
763	788	0.000009
763	789	0.000004
763	791	0.010176
764	790	0.011116
765	790	0.002508
766	770	0.000057
766	771	0.000203
766	772	0.000165
766	773	0.000266
766	774	0.000099
766	775	0.000138
766	777	0.000024
766	781	0.003665
766	787	0.000620
766	790	0.052414
766	792	0.000126
766	793	0.000021
767	778	0.000019
767	779	0.001163
767	780	0.004208
767	782	0.000188
767	783	0.323267
767	784	0.001971
767	785	0.000706
767	788	0.000480
767	789	0.072410
768	778	0.001526
768	779	0.004056
768	780	0.000177
768	782	0.426216
768	783	0.001601
768	784	0.000622
768	785	0.000178
768	788	0.076177
768	789	0.000472
769	773	0.000051
769	774	0.000190
769	775	0.000120
769	777	0.001512
769	781	0.442255
769	787	0.071191
769	790	0.001345
769	792	0.000024
769	793	0.000008
770	778	0.000076
770	779	0.001045
770	780	0.442227
770	782	0.000165
770	783	0.000477
770	784	0.001799
770	785	0.036442
770	788	0.000068
770	789	0.001685
771	778	0.001284
771	779	0.432036
771	780	0.006826
771	782	0.000524
771	783	0.002142
771	784	0.040002
771	785	0.042860
771	788	0.001448
771	789	0.000251
772	778	0.361053
772	779	0.008496
772	780	0.002674
772	782	0.001884
772	783	0.040328
772	784	0.047768
772	785	0.016958
772	788	0.000214
772	789	0.000193
773	778	0.006970
773	779	0.003071
773	780	0.002203
773	782	0.038036
773	783	0.046830
773	784	0.020665
773	785	0.001575
773	788	0.000169
773	789	0.000191
774	778	0.001957
774	779	0.002044
774	780	0.002027
774	782	0.040116
774	783	0.021433
774	784	0.001811
774	785	0.000856
774	788	0.000171
774	789	0.000157
775	779	0.001376
775	780	0.002089
775	782	0.015907
775	783	0.001569
775	784	0.000929
775	785	0.000062
775	788	0.000135
775	789	0.000035
776	790	0.012698
777	782	0.000152
777	783	0.000436
777	784	0.000608
777	785	0.000235
777	788	0.000607
777	789	0.012204
778	787	0.000806
778	790	0.000049
778	792	0.000084
778	793	0.000089
779	787	0.000803
779	790	0.000091
779	792	0.000140
779	793	0.000063
780	787	0.000316
780	790	0.001359
780	792	0.000101
780	793	0.000012
781	785	0.000121
781	788	0.000527
781	789	0.001613
782	787	0.000507
782	790	0.000152
782	792	0.000047
782	793	0.000236
783	787	0.000104
783	790	0.000502
783	792	0.000421
783	793	0.000147
784	790	0.000505
784	792	0.000301
784	793	0.000525
785	790	0.000151
785	792	0.000804
785	793	0.000042
786	790	0.000449
788	792	0.000099
788	793	0.000099
789	793	0.000038
