1	7	0.000334
1	8	0.000288
1	9	0.000074
1	12	0.000559
1	13	0.000279
1	15	0.002451
1	29	0.000042
1	33	0.000102
1	41	0.009755
1	67	0.000020
1	75	0.000133
1	76	0.000009
1	484	0.000001
1	711	0.000003
1	725	0.000003
1	771	0.000061
1	793	0.000010
2	7	0.000985
2	8	0.000217
2	9	0.000044
2	11	0.000748
2	12	0.000556
2	13	0.000010
2	14	0.002959
2	15	0.000961
2	28	0.000082
2	29	0.000001
2	30	0.009196
2	32	0.000107
2	33	0.000025
2	39	0.000456
2	40	0.017306
2	41	0.000077
2	42	0.000082
2	46	0.000013
2	53	0.000005
2	62	0.000039
2	65	0.000001
2	66	0.000022
2	74	0.000204
2	75	0.000100
2	77	0.000001
2	480	0.000005
2	483	0.000002
2	705	0.000001
2	710	0.000005
2	724	0.000003
2	770	0.000069
2	777	0.000001
2	792	0.000020
2	805	0.000095
2	813	0.001320
2	816	0.003457
3	7	0.000184
3	8	0.000133
3	9	0.000065
3	11	0.000594
3	12	0.000014
3	13	0.002914
3	14	0.001246
3	29	0.009291
3	30	0.000087
3	32	0.000026
3	39	0.018175
3	40	0.000102
3	41	0.000067
3	42	0.000743
3	52	0.000005
3	61	0.000039
3	64	0.000001
3	65	0.000022
3	74	0.000117
3	75	0.000001
3	76	0.000002
3	480	0.000007
3	482	0.000002
3	704	0.000001
3	709	0.000005
3	723	0.000003
3	769	0.000069
3	776	0.000001
3	791	0.000021
3	804	0.000112
3	813	0.001092
3	816	0.004145
4	8	0.000077
4	9	0.000214
4	12	0.002772
4	13	0.001205
4	26	0.000119
4	28	0.009339
4	29	0.000051
4	41	0.000716
4	60	0.000039
4	75	0.000002
4	708	0.000004
4	722	0.000003
4	768	0.000059
4	790	0.000021
4	803	0.000112
4	809	0.000019
5	10	0.001958
5	16	0.000020
5	25	0.000124
5	27	0.009370
5	59	0.000039
5	71	0.000089
5	72	0.000003
5	479	0.000049
5	721	0.000003
5	789	0.000021
5	802	0.000112
5	808	0.000020
5	810	0.000625
5	811	0.000018
5	812	0.000064
5	814	0.002120
5	815	0.003028
6	12	0.000011
6	13	0.000009
6	15	0.000020
6	24	0.000122
6	26	0.009310
6	41	0.000008
6	58	0.000036
6	809	0.000615
7	17	0.000002
7	21	0.000012
7	22	0.000025
7	25	0.008657
7	34	0.000001
7	37	0.000032
7	38	0.002580
7	57	0.000033
7	73	0.000001
7	479	0.000001
7	800	0.000003
7	801	0.000003
7	808	0.000580
7	812	0.000008
7	814	0.000022
7	815	0.000056
7	817	0.000028
8	16	0.000004
8	17	0.000022
8	19	0.000011
8	21	0.000069
8	22	0.004374
8	25	0.000015
8	34	0.000003
8	37	0.001803
8	38	0.680825
8	56	0.000008
8	799	0.000002
8	800	0.000002
8	807	0.000264
8	811	0.000001
8	814	0.000017
8	815	0.000022
8	817	0.000008
9	16	0.000022
9	17	0.000002
9	19	0.000450
9	21	0.005409
9	22	0.000119
9	31	0.000067
9	34	0.000021
9	37	0.933015
9	38	0.000329
9	806	0.000007
9	814	0.000008
9	815	0.000003
9	817	0.000127
10	14	0.000009
10	15	0.000007
10	18	0.000525
10	20	0.005449
10	23	0.000318
10	24	0.000007
10	26	0.000012
10	30	0.000085
10	32	0.000031
10	33	0.000020
10	36	0.978280
10	813	0.000006
10	816	0.000204
11	16	0.001008
11	25	0.000017
11	35	0.978400
11	812	0.000005
11	815	0.000203
12	16	0.000016
12	17	0.000035
12	19	0.000366
12	21	0.000075
12	22	0.000089
12	31	0.000019
12	34	0.970787
12	35	0.000003
12	811	0.000004
12	814	0.000167
13	17	0.000112
13	19	0.000049
13	21	0.000081
13	22	0.000009
13	31	0.000130
13	34	0.000119
13	810	0.000001
14	25	0.000002
14	35	0.000005
14	812	0.000096
15	19	0.000009
15	21	0.000046
15	22	0.000010
15	31	0.898232
15	34	0.000014
15	811	0.000094
16	20	0.000049
16	23	0.000005
16	28	0.000023
16	29	0.081036
16	30	0.902686
16	32	0.000058
16	33	0.000007
17	24	0.000001
17	26	0.000082
17	28	0.531316
17	29	0.455336
17	809	0.000089
18	25	0.000160
18	27	0.978938
18	808	0.000089
19	24	0.000117
19	26	0.977998
19	28	0.010318
20	25	0.974517
20	27	0.010565
20	806	0.000081
21	26	0.007994
21	28	0.000001
21	29	0.000003
21	805	0.000079
22	26	0.000007
22	28	0.000018
22	803	0.000084
23	27	0.000017
23	802	0.000087
24	31	0.000001
24	37	0.000001
24	801	0.000082
24	817	0.000002
25	30	0.000001
25	36	0.000002
25	816	0.000003
26	35	0.000002
26	37	0.000001
26	799	0.000069
26	814	0.000003
26	815	0.000002
27	36	0.000002
27	798	0.000086
27	813	0.000008
28	35	0.000002
28	797	0.000086
28	812	0.000008
29	34	0.000001
29	796	0.000087
29	811	0.000008
30	795	0.000087
30	810	0.000013
31	794	0.000070
31	809	0.000013
32	48	0.000001
32	808	0.000013
32	815	0.000002
33	47	0.000001
33	807	0.000012
33	814	0.000002
33	817	0.000060
34	41	0.000003
34	792	0.000011
34	805	0.000001
35	40	0.000003
35	74	0.000001
35	791	0.000010
35	804	0.000001
35	813	0.000015
35	816	0.021198
36	802	0.000001
36	812	0.000013
36	814	0.000008
36	815	0.021284
37	75	0.000001
38	58	0.000012
38	75	0.000006
38	790	0.000009
38	809	0.000004
39	48	0.000006
39	57	0.000017
39	69	0.000035
39	71	0.000006
39	72	0.030637
39	545	0.000004
39	789	0.000011
39	808	0.000003
39	810	0.000156
39	811	0.010878
39	812	0.172306
39	814	0.468560
39	815	0.036200
40	48	0.000058
40	56	0.000017
40	68	0.000035
40	69	0.000007
40	71	0.030917
40	72	0.000004
40	544	0.000004
40	554	0.000001
40	788	0.000011
40	808	0.000308
40	810	0.010874
40	811	0.172530
40	812	0.721958
40	814	0.031377
40	815	0.000089
41	47	0.000054
41	49	0.000128
41	68	0.000005
41	69	0.000156
41	70	0.030750
41	71	0.000002
41	72	0.000002
41	73	0.000037
41	543	0.000004
41	553	0.000001
41	796	0.000188
41	807	0.000329
41	808	0.000013
41	810	0.023668
41	811	0.748346
41	812	0.005511
41	814	0.000068
41	815	0.000003
42	48	0.000167
42	56	0.000001
42	68	0.000788
42	69	0.029860
42	71	0.000004
42	72	0.000051
42	542	0.000004
42	552	0.000001
42	795	0.000224
42	806	0.000279
42	808	0.010981
42	810	0.914771
42	811	0.005450
42	812	0.003131
42	814	0.000007
42	815	0.000004
43	55	0.000001
43	67	0.001307
43	794	0.000222
43	798	0.000001
43	805	0.000182
43	809	0.903361
44	61	0.000010
44	67	0.000606
44	793	0.000195
44	794	0.000001
44	809	0.000479
45	60	0.000015
45	67	0.000104
45	75	0.000001
45	549	0.000003
45	792	0.000092
45	793	0.000002
45	803	0.000077
45	805	0.000001
45	809	0.001648
46	56	0.000014
46	59	0.000015
46	68	0.004422
46	71	0.000002
46	72	0.000008
46	479	0.000001
46	548	0.000003
46	772	0.000002
46	795	0.000151
46	802	0.000079
46	806	0.957486
46	808	0.000969
46	810	0.000003
46	814	0.000002
46	815	0.000009
47	55	0.000014
47	58	0.000014
47	60	0.000003
47	61	0.000020
47	67	0.004432
47	75	0.000311
47	547	0.000003
47	771	0.000002
47	792	0.000101
47	794	0.000153
47	805	0.964172
47	809	0.000002
48	52	0.000001
48	53	0.000009
48	60	0.000013
48	61	0.020135
48	62	0.004824
48	64	0.000087
48	65	0.000034
48	66	0.003930
48	74	0.000383
48	488	0.000002
48	546	0.000003
48	770	0.000002
48	791	0.000134
48	793	0.000153
48	804	0.965233
48	816	0.000016
49	58	0.000012
49	60	0.028052
49	61	0.002439
49	487	0.000002
49	790	0.000130
49	792	0.000150
49	803	0.964378
50	56	0.000011
50	57	0.000013
50	59	0.030694
50	68	0.000002
50	71	0.000709
50	72	0.000358
50	485	0.000003
50	541	0.000010
50	788	0.000001
50	789	0.000124
50	795	0.000029
50	802	0.961387
50	806	0.000002
50	810	0.000001
50	814	0.000002
50	815	0.000008
51	55	0.000009
51	58	0.030628
51	60	0.000033
51	67	0.000002
51	484	0.000001
51	487	0.000013
51	540	0.000010
51	779	0.000001
51	787	0.000001
51	790	0.006024
51	792	0.000019
51	793	0.000022
51	794	0.000047
51	798	0.000212
51	803	0.000001
51	805	0.000001
51	809	0.000001
52	56	0.000023
52	57	0.030336
52	59	0.000035
52	68	0.000061
52	69	0.949663
52	71	0.000001
52	72	0.000003
52	485	0.000004
52	539	0.000010
52	542	0.000002
52	778	0.000001
52	786	0.000001
52	788	0.000002
52	789	0.006226
52	802	0.000002
52	808	0.000001
52	811	0.000001
52	815	0.000002
53	57	0.000023
53	59	0.000010
53	68	0.958506
53	69	0.000447
53	71	0.000003
53	485	0.000432
53	538	0.000010
53	541	0.000002
53	788	0.006228
53	795	0.000005
53	802	0.000001
53	810	0.000001
53	814	0.000002
54	58	0.000007
54	60	0.000001
54	61	0.000001
54	67	0.943603
54	484	0.000415
54	523	0.000011
54	540	0.000002
54	787	0.005734
54	794	0.000004
54	798	0.000029
54	803	0.000002
54	809	0.000001
55	59	0.000001
55	63	0.000275
55	68	0.000007
55	69	0.000001
55	489	0.000003
55	522	0.000014
55	525	0.000930
55	537	0.000008
55	539	0.000002
55	778	0.000001
55	786	0.005612
55	796	0.000001
55	797	0.000029
55	799	0.000002
55	800	0.000004
55	801	0.000043
55	802	0.000006
55	817	0.000167
56	62	0.000284
56	64	0.000139
56	65	0.922043
56	66	0.036102
56	67	0.000036
56	75	0.000079
56	483	0.000580
56	488	0.000004
56	521	0.000016
56	524	0.001211
56	536	0.000014
56	776	0.000015
56	782	0.000033
56	783	0.000007
56	784	0.000024
56	785	0.005483
56	816	0.000255
57	61	0.000119
57	62	0.000081
57	64	0.923980
57	65	0.035121
57	66	0.000063
57	74	0.000116
57	482	0.000581
57	487	0.000004
57	520	0.000016
57	523	0.001252
57	524	0.000002
57	535	0.000014
57	536	0.000002
57	775	0.000017
57	781	0.000037
57	782	0.000007
57	783	0.000046
57	784	0.005350
57	816	0.000003
58	63	0.809402
58	72	0.000002
58	73	0.000116
58	481	0.000580
58	486	0.000004
58	489	0.000004
58	519	0.000008
58	522	0.001262
58	534	0.000006
58	537	0.000002
58	774	0.000019
58	780	0.000045
58	799	0.000419
58	814	0.000255
58	815	0.000002
58	817	0.000001
59	64	0.017196
59	65	0.000015
59	66	0.000006
59	74	0.000034
59	480	0.000568
59	488	0.000005
59	520	0.000004
59	521	0.001258
59	535	0.000759
59	536	0.000177
59	773	0.000019
59	779	0.000033
59	781	0.000455
59	782	0.000842
59	783	0.000967
59	798	0.000446
59	813	0.000261
59	816	0.000002
60	70	0.000017
60	71	0.000117
60	73	0.000037
60	479	0.000523
60	519	0.000004
60	534	0.000391
60	772	0.000018
60	780	0.000404
60	797	0.000449
60	812	0.000261
60	815	0.000001
61	69	0.000042
61	70	0.000136
61	72	0.000040
61	73	0.000008
61	478	0.000354
61	486	0.000005
61	519	0.001232
61	533	0.000011
61	534	0.004422
61	780	0.000005
61	796	0.000450
61	811	0.000259
61	815	0.000007
62	68	0.000164
62	69	0.000142
62	71	0.000042
62	72	0.000010
62	477	0.000321
62	485	0.000006
62	518	0.001282
62	533	0.005551
62	795	0.000451
62	810	0.000261
62	814	0.000042
62	815	0.000001
63	67	0.000109
63	484	0.000004
63	517	0.001280
63	532	0.005564
63	790	0.000001
63	794	0.000353
63	809	0.000261
64	68	0.000018
64	69	0.000009
64	71	0.000005
64	72	0.000153
64	516	0.001280
64	531	0.005567
64	789	0.000002
64	808	0.000258
64	812	0.000057
64	815	0.000001
65	69	0.000009
65	71	0.000154
65	72	0.000346
65	485	0.000002
65	515	0.001279
65	530	0.005567
65	788	0.000002
65	806	0.000031
65	811	0.000058
65	812	0.000001
65	814	0.000001
66	71	0.000346
66	72	0.000008
66	485	0.000016
66	514	0.001278
66	529	0.005567
66	802	0.000001
66	806	0.000121
66	808	0.000001
66	810	0.000058
66	811	0.000001
67	71	0.000006
67	485	0.000004
67	486	0.000012
67	489	0.000787
67	513	0.001276
67	522	0.000008
67	525	0.000001
67	528	0.005543
67	796	0.000007
67	801	0.000001
67	806	0.000010
67	807	0.000002
67	808	0.000002
67	810	0.000001
68	74	0.000011
68	75	0.000005
68	77	0.000038
68	483	0.000024
68	484	0.000006
68	487	0.000006
68	488	0.000923
68	512	0.001268
68	521	0.000014
68	524	0.000003
68	527	0.005465
68	764	0.000011
68	804	0.000056
68	805	0.000048
69	74	0.000006
69	76	0.000037
69	77	0.000031
69	482	0.000025
69	483	0.000014
69	484	0.000020
69	487	0.000737
69	488	0.000206
69	511	0.000484
69	512	0.000002
69	520	0.000014
69	521	0.000002
69	523	0.000002
69	524	0.000063
69	527	0.000007
69	763	0.000011
69	794	0.000028
69	803	0.000035
69	804	0.000053
70	75	0.000032
70	76	0.000030
70	484	0.910957
70	487	0.000162
70	505	0.000001
70	510	0.000060
70	523	0.000035
70	762	0.000011
70	792	0.000002
70	793	0.000235
70	794	0.000004
70	798	0.000001
70	803	0.000015
71	75	0.000014
71	77	0.000002
71	480	0.000019
71	482	0.000266
71	483	0.962730
71	484	0.000466
71	488	0.000005
71	504	0.000002
71	508	0.000005
71	521	0.000008
71	524	0.000026
71	761	0.000011
71	792	0.000317
71	793	0.000002
71	805	0.000057
71	816	0.000002
72	76	0.000001
72	77	0.000002
72	480	0.000247
72	482	0.962356
72	483	0.000536
72	487	0.000003
72	488	0.000023
72	503	0.000002
72	507	0.000005
72	508	0.000017
72	520	0.000008
72	523	0.000009
72	524	0.000011
72	760	0.000011
72	791	0.000330
72	804	0.000058
72	816	0.000003
73	484	0.000001
73	487	0.000022
73	523	0.000009
73	759	0.000010
73	790	0.000329
73	803	0.000059
74	479	0.011955
74	481	0.260837
74	485	0.000012
74	502	0.000001
74	506	0.000007
74	789	0.000328
74	802	0.000059
74	814	0.000001
74	815	0.000014
75	478	0.006137
75	479	0.821409
75	481	0.000031
75	788	0.000219
75	801	0.000048
76	477	0.000198
76	478	0.984946
76	479	0.000153
76	800	0.000015
77	477	0.999278
78	476	0.999914
79	475	0.999743
80	474	0.999939
81	473	0.999737
82	472	0.998672
82	473	0.000001
83	471	0.999475
84	469	0.000005
84	470	0.999904
85	469	0.991791
86	467	0.816784
87	462	0.000001
87	463	0.000006
87	465	0.505111
87	466	0.477270
87	467	0.001346
87	468	0.000140
88	464	0.844839
89	461	0.000002
89	464	0.025710
90	460	0.000001
90	467	0.000004
91	461	0.998820
91	464	0.000001
92	460	0.999986
93	459	0.999961
94	458	0.994419
95	458	0.000023
96	458	0.000003
97	454	0.000009
97	455	0.998664
98	454	0.999891
98	455	0.000001
99	453	0.999203
100	452	0.999972
101	451	0.999511
102	450	0.999976
103	449	0.999989
104	448	0.999928
105	109	0.000001
105	446	0.000014
105	447	0.982504
106	168	0.001500
107	113	0.000011
107	114	0.000002
107	167	0.001746
107	444	0.000073
107	445	0.000453
107	446	0.002653
108	112	0.000008
108	166	0.000893
108	168	0.000004
109	166	0.002658
109	168	0.000006
110	164	0.000101
110	165	0.003610
110	167	0.000006
110	444	0.000011
110	445	0.000628
110	446	0.992342
111	163	0.000102
111	164	0.003609
111	165	0.000007
111	167	0.000001
111	444	0.000621
111	445	0.995347
111	446	0.000033
112	162	0.000006
112	163	0.003509
112	164	0.000006
112	444	0.993920
112	445	0.000028
113	442	0.000049
113	443	0.995759
114	221	0.000029
114	224	0.000002
114	442	0.986828
114	443	0.000047
115	166	0.000147
115	168	0.000004
115	214	0.000004
115	220	0.000030
115	226	0.000008
115	227	0.000001
115	439	0.000013
116	161	0.000014
116	162	0.992571
116	163	0.001653
116	164	0.000035
116	165	0.000095
116	167	0.000001
116	438	0.000007
116	440	0.000014
117	161	0.998869
117	162	0.000871
117	163	0.000027
117	164	0.000072
118	160	0.999399
119	159	0.999977
120	158	0.999979
121	156	0.000001
121	157	0.999033
122	156	0.999289
122	157	0.000001
123	155	0.999964
124	154	0.999511
125	153	0.999977
126	152	0.999984
127	150	0.000001
127	151	0.998859
128	150	0.998775
129	149	0.998652
130	148	0.911101
131	146	0.000002
131	147	0.649753
131	148	0.085284
132	146	0.387791
132	147	0.350045
133	139	0.000003
133	143	0.006217
133	146	0.611800
134	138	0.000003
134	140	0.000002
134	142	0.006271
134	145	0.866866
135	139	0.000002
135	143	0.007765
135	147	0.000026
136	143	0.976668
136	146	0.000034
137	142	0.986965
137	145	0.000042
138	143	0.000033
160	180	0.000024
160	216	0.000002
161	179	0.000085
161	214	0.000003
161	224	0.000003
162	170	0.000005
162	178	0.000110
162	179	0.000238
162	213	0.000088
162	214	0.001093
162	220	0.000001
162	221	0.000035
162	224	0.000018
162	230	0.000005
162	439	0.000002
163	168	0.000127
163	169	0.000038
163	170	0.000791
163	172	0.000002
163	176	0.000001
163	177	0.000198
163	178	0.000389
163	179	0.000241
163	212	0.000191
163	213	0.041885
163	214	0.564528
163	220	0.000092
163	221	0.002563
163	224	0.000516
163	226	0.000040
163	227	0.000040
163	228	0.004591
163	230	0.000005
163	437	0.000012
163	439	0.000003
163	442	0.000001
163	443	0.000008
164	168	0.000029
164	169	0.000808
164	170	0.000100
164	175	0.000002
164	176	0.000215
164	177	0.000391
164	178	0.000241
164	212	0.041658
164	213	0.650463
164	214	0.112045
164	220	0.002110
164	221	0.028623
164	224	0.000159
164	226	0.000086
164	227	0.012154
164	228	0.000011
164	230	0.000001
164	436	0.000009
164	437	0.000309
164	442	0.000008
164	443	0.000009
165	169	0.000100
165	170	0.000003
165	175	0.000229
165	176	0.000392
165	177	0.000240
165	212	0.647278
165	213	0.129248
165	214	0.001583
165	220	0.028857
165	221	0.000093
165	224	0.000995
165	226	0.035441
165	227	0.000013
165	230	0.000004
165	436	0.000310
165	442	0.000010
166	174	0.000227
166	210	0.000791
166	211	0.070954
166	215	0.000264
166	216	0.000199
166	217	0.000152
166	218	0.000121
166	219	0.028761
166	222	0.000059
166	223	0.000959
166	225	0.037576
166	229	0.000004
166	435	0.000308
166	441	0.000008
167	175	0.000834
167	176	0.000001
167	209	0.000842
167	212	0.151063
167	213	0.045548
167	214	0.000227
167	220	0.000082
167	221	0.000110
167	224	0.038232
167	226	0.000007
167	228	0.000003
167	433	0.000004
167	434	0.000288
168	174	0.000838
168	207	0.000063
168	208	0.000743
168	210	0.000016
168	211	0.003882
168	215	0.000170
168	216	0.000489
168	217	0.021008
168	218	0.000077
168	219	0.000111
168	222	0.000093
168	223	0.037532
168	225	0.000008
168	432	0.000049
168	446	0.000001
169	173	0.000827
169	206	0.000117
169	210	0.002280
169	211	0.904811
169	215	0.000223
169	218	0.000040
169	222	0.014964
169	431	0.000041
169	445	0.000003
170	206	0.000286
170	210	0.993314
170	211	0.000044
170	215	0.000007
170	218	0.000005
170	222	0.000014
170	444	0.000003
171	175	0.000005
171	209	0.996348
171	212	0.000043
171	213	0.000002
171	214	0.000003
171	220	0.000055
171	221	0.000023
171	224	0.000005
171	226	0.000006
171	230	0.000001
171	443	0.000003
172	204	0.000003
172	205	0.000100
172	206	0.000117
172	207	0.000785
172	208	0.985620
172	210	0.000024
172	211	0.000041
172	219	0.000057
172	222	0.000002
172	223	0.000004
172	225	0.000006
172	229	0.000001
173	209	0.000032
173	212	0.000002
173	221	0.000016
173	224	0.000006
173	228	0.000001
174	220	0.000015
174	227	0.000001
175	203	0.000068
175	204	0.010208
175	206	0.239383
175	210	0.000002
175	211	0.000002
175	215	0.000003
175	218	0.000004
176	202	0.000068
176	203	0.009514
176	204	0.986249
176	206	0.000027
177	201	0.000068
177	202	0.008784
177	203	0.989232
177	204	0.000334
178	199	0.000003
178	201	0.008033
178	202	0.990032
178	203	0.000331
179	199	0.000692
179	201	0.990442
179	202	0.000326
181	198	0.000147
181	199	0.973512
182	197	0.000004
182	198	0.997947
182	199	0.000004
183	197	0.999954
184	196	0.999508
185	193	0.000002
185	195	0.999972
186	192	0.000006
186	194	0.999917
187	191	0.000024
187	193	0.991643
187	195	0.000007
188	192	0.980165
188	194	0.000008
189	193	0.000009
199	212	0.000029
200	210	0.000001
200	211	0.000029
200	215	0.000706
201	209	0.000001
201	213	0.000001
201	214	0.000723
202	209	0.000029
202	212	0.000001
202	213	0.000729
202	214	0.000003
203	209	0.000002
203	212	0.000729
203	213	0.000010
203	224	0.000038
204	209	0.000002
204	212	0.000010
204	213	0.000001
204	221	0.000002
205	214	0.000178
205	220	0.000002
205	226	0.000005
206	212	0.000006
206	213	0.000188
206	221	0.000300
206	224	0.000014
207	214	0.000001
207	220	0.000293
207	226	0.000001
208	226	0.000001
208	439	0.000003
209	215	0.000012
209	218	0.000323
209	222	0.000386
209	438	0.000004
209	444	0.000002
210	214	0.000005
210	221	0.000497
210	224	0.000019
210	226	0.000001
210	437	0.000004
210	443	0.000002
211	220	0.000463
211	221	0.000079
211	224	0.000036
211	232	0.000004
211	436	0.000003
211	442	0.000002
212	218	0.000658
212	222	0.000168
212	231	0.000011
212	445	0.000036
212	446	0.002022
213	218	0.001462
213	222	0.002817
213	231	0.000004
213	428	0.000001
213	431	0.000002
213	444	0.000036
213	445	0.002042
213	446	0.000003
214	218	0.000098
214	219	0.001298
214	222	0.053760
214	223	0.001330
214	225	0.020686
214	229	0.001956
214	427	0.000001
214	430	0.000001
214	435	0.000003
214	444	0.002022
214	445	0.000003
215	220	0.000249
215	221	0.198959
215	224	0.045336
215	226	0.000064
215	227	0.000462
215	228	0.009057
215	230	0.000008
215	239	0.000001
215	434	0.000005
215	437	0.000002
215	442	0.000029
215	443	0.001943
216	220	0.150881
216	226	0.000933
216	227	0.011372
216	238	0.000002
216	433	0.000004
217	226	0.014896
217	227	0.000112
218	224	0.019178
218	226	0.000240
218	227	0.004606
218	228	0.000721
218	230	0.000003
218	236	0.000833
218	434	0.000008
218	442	0.000125
218	443	0.000001
219	226	0.008178
219	227	0.000935
219	235	0.000835
219	433	0.000008
220	225	0.007098
220	234	0.000835
220	432	0.000008
220	441	0.000016
220	445	0.000108
220	446	0.000009
220	447	0.000011
221	231	0.000001
221	233	0.000833
221	431	0.000008
221	438	0.000006
221	440	0.000016
221	444	0.000245
221	445	0.000025
221	446	0.000048
222	226	0.000287
222	227	0.000152
222	228	0.000202
222	230	0.000006
222	232	0.000311
222	236	0.000006
222	437	0.000006
222	439	0.000007
222	442	0.000090
222	443	0.000246
223	227	0.000205
223	232	0.000487
223	235	0.000006
223	439	0.000003
224	231	0.000744
224	233	0.000007
224	428	0.000001
224	438	0.000004
224	440	0.000072
224	444	0.000224
224	445	0.000058
224	446	0.000013
225	232	0.000008
225	439	0.000069
226	231	0.000007
226	438	0.000060
226	440	0.000001
226	441	0.001486
226	444	0.000003
227	438	0.000002
227	440	0.000059
227	441	0.827685
228	233	0.000001
228	438	0.000007
228	440	0.983186
229	439	0.991358
230	438	0.991897
230	440	0.000034
231	436	0.499949
231	437	0.498006
231	439	0.000002
232	435	0.993552
233	434	0.999054
233	436	0.000016
234	433	0.998543
235	429	0.000186
235	430	0.000002
235	431	0.000009
235	432	0.998005
236	428	0.000239
236	431	0.995993
237	409	0.573052
237	410	0.000251
238	407	0.000004
238	408	0.925847
238	427	0.000018
238	428	0.000065
238	429	0.002964
238	430	0.000542
239	406	0.000008
239	407	0.997590
239	428	0.001801
240	405	0.000007
240	406	0.998979
240	407	0.000982
241	404	0.000006
241	405	0.998982
241	406	0.000991
241	407	0.000003
242	404	0.998942
242	405	0.000995
242	406	0.000003
243	402	0.000014
243	403	0.990423
243	404	0.000948
243	405	0.000003
245	402	0.898375
246	399	0.000014
246	401	0.898376
247	399	0.991401
248	398	0.999931
248	399	0.000020
249	397	0.999976
249	398	0.000014
250	396	0.999984
250	397	0.000007
251	395	0.999991
252	394	0.999977
253	393	0.999484
254	392	0.999545
255	385	0.000001
255	390	0.000016
255	391	0.139503
256	390	0.126732
256	391	0.860113
257	381	0.000002
257	390	0.870981
257	391	0.000005
258	380	0.000001
258	383	0.003693
258	384	0.115881
258	386	0.003915
258	387	0.015209
258	388	0.003286
258	389	0.840129
259	383	0.256803
259	384	0.001320
259	386	0.021439
259	387	0.005103
259	388	0.668693
259	389	0.000330
260	381	0.996116
261	380	0.999846
261	383	0.000003
261	384	0.000002
261	386	0.000065
262	379	0.999481
262	384	0.000002
263	378	0.999479
263	382	0.000003
264	377	0.999893
264	381	0.000003
265	376	0.987407
266	374	0.146818
266	376	0.000045
266	380	0.000007
267	376	0.000040
267	379	0.000006
268	371	0.925032
268	372	0.010413
268	373	0.005395
268	375	0.000051
268	378	0.000002
269	369	0.000109
269	370	0.999503
269	374	0.000014
270	368	0.000118
270	369	0.999800
270	370	0.000069
271	367	0.000125
271	368	0.999797
271	369	0.000064
272	367	0.999594
272	368	0.000058
273	363	0.000002
273	365	0.998903
274	362	0.000001
274	364	0.996494
275	364	0.000172
276	362	0.995677
276	364	0.000003
277	358	0.000002
277	360	0.000001
277	361	0.998089
277	363	0.000003
278	357	0.000003
278	360	0.998404
278	361	0.000234
278	363	0.000008
279	356	0.000003
279	359	0.976086
279	362	0.000007
280	288	0.000001
280	355	0.000002
281	287	0.000001
281	356	0.001401
281	359	0.011295
282	355	0.001129
283	355	0.000009
284	355	0.000012
284	356	0.997678
285	352	0.000168
285	355	0.998207
286	351	0.000153
286	353	0.000004
286	354	0.999081
287	350	0.000130
287	351	0.000010
287	353	0.998194
288	350	0.000010
288	351	0.000683
288	353	0.000013
289	350	0.000102
289	351	0.721085
289	354	0.000006
290	350	0.993170
290	351	0.000648
290	353	0.000007
291	349	0.970807
291	352	0.000007
292	349	0.004125
293	347	0.992218
293	348	0.004892
293	349	0.000674
294	346	0.996190
294	347	0.002477
294	348	0.000994
294	349	0.000003
295	345	0.997996
296	344	0.998184
296	346	0.000026
296	347	0.001300
296	348	0.000003
297	302	0.000001
297	304	0.000001
297	341	0.000020
297	344	0.000078
297	346	0.001508
297	347	0.000002
298	340	0.000020
298	342	0.989079
298	343	0.000073
298	345	0.001532
299	339	0.000020
299	341	0.997923
299	344	0.001533
299	346	0.000004
300	340	0.996338
300	343	0.001344
300	345	0.000003
301	339	0.973406
302	306	0.000001
302	342	0.000140
302	343	0.000213
303	342	0.000222
303	343	0.000176
304	342	0.000185
304	343	0.000065
305	342	0.000067
306	338	0.997937
306	339	0.000016
306	341	0.000040
307	337	0.999440
307	340	0.000022
308	336	0.999973
308	339	0.000002
309	335	0.999958
309	338	0.000002
310	334	0.983005
312	331	0.000001
312	332	0.994313
312	333	0.000931
313	331	0.999385
314	330	0.999490
315	329	0.999963
316	328	0.999575
317	326	0.000011
317	327	0.999915
318	326	0.998639
318	327	0.000036
318	329	0.000002
319	328	0.000005
320	326	0.000214
320	327	0.000008
321	325	0.000664
321	326	0.000010
381	386	0.000159
381	387	0.000006
381	388	0.000021
381	389	0.000068
382	387	0.000208
382	388	0.000133
383	390	0.000010
383	391	0.000001
384	390	0.000001
386	390	0.000005
386	391	0.000002
409	426	0.000151
409	427	0.309549
409	428	0.000362
409	429	0.000262
409	430	0.000105
410	426	0.898485
410	427	0.001419
410	428	0.000186
410	429	0.000073
410	430	0.000025
411	425	0.999765
412	424	0.999988
413	420	0.000001
413	423	0.999954
414	419	0.000006
414	422	0.999711
415	420	0.000569
415	421	0.990258
416	422	0.000017
417	421	0.000023
427	433	0.000002
428	434	0.000060
428	436	0.000002
428	437	0.000013
429	433	0.000045
430	439	0.000002
431	436	0.000003
431	437	0.000010
432	439	0.000004
433	438	0.000004
433	441	0.000157
433	447	0.000004
434	440	0.000188
434	446	0.000016
435	439	0.000124
436	440	0.000001
436	445	0.000087
436	446	0.000003
437	444	0.000100
437	445	0.000003
437	446	0.000002
438	443	0.000094
442	446	0.000002
477	488	0.000003
477	816	0.000003
478	484	0.000004
478	487	0.000003
479	483	0.000006
479	488	0.000006
479	503	0.000022
479	813	0.000002
479	816	0.009456
480	485	0.000050
480	502	0.000023
480	528	0.000001
480	795	0.000001
480	812	0.000002
480	814	0.028101
480	815	0.004771
481	488	0.000020
481	500	0.000028
481	524	0.000006
481	527	0.000002
481	790	0.000011
481	813	0.033486
481	816	0.000053
482	499	0.000028
482	789	0.000013
482	811	0.000002
482	812	0.033518
482	815	0.000053
483	498	0.000028
483	499	0.000003
483	788	0.000013
483	795	0.000001
483	810	0.000003
483	811	0.033514
483	812	0.000002
483	814	0.000053
484	489	0.000086
484	490	0.000019
484	498	0.000003
484	522	0.000978
484	525	0.001210
484	795	0.000006
484	796	0.000004
484	797	0.000004
484	799	0.000526
484	800	0.000026
484	801	0.000009
484	810	0.032822
484	811	0.000002
485	491	0.000013
485	492	0.000025
485	493	0.000018
485	494	0.000002
485	497	0.000023
485	517	0.000010
485	520	0.001491
485	521	0.009789
485	523	0.000005
485	524	0.004458
485	791	0.000872
485	792	0.000010
485	793	0.000066
485	794	0.000109
485	798	0.001845
485	804	0.000029
485	809	0.008201
486	494	0.000001
486	517	0.000038
486	523	0.004440
486	790	0.000869
486	792	0.000066
486	793	0.000102
486	794	0.000023
486	798	0.001293
486	803	0.000029
486	809	0.000077
487	496	0.000149
487	516	0.000002
487	518	0.000005
487	519	0.019347
487	522	0.003057
487	789	0.000859
487	795	0.000003
487	796	0.031420
487	797	0.000734
487	799	0.000008
487	800	0.000010
487	801	0.000010
487	802	0.000024
487	807	0.032816
487	808	0.000032
487	811	0.000001
488	495	0.000309
488	518	0.023309
488	788	0.000847
488	795	0.036204
488	802	0.000003
488	806	0.033117
488	808	0.000012
488	810	0.000002
489	494	0.000252
489	517	0.012701
489	787	0.000208
489	792	0.000017
489	793	0.000080
489	794	0.031571
489	798	0.000012
489	803	0.000003
489	805	0.028269
489	809	0.000002
490	517	0.923122
490	792	0.000021
490	793	0.004341
490	794	0.000004
490	803	0.000014
490	805	0.000002
491	495	0.000001
491	515	0.000005
491	516	0.998081
491	802	0.000008
492	514	0.000004
492	515	0.998699
492	516	0.000002
493	514	0.998691
493	515	0.000002
494	513	0.997881
494	514	0.000001
495	510	0.000002
495	511	0.014681
495	512	0.984179
496	510	0.503811
496	511	0.492281
497	506	0.000004
497	509	0.995354
498	505	0.000004
498	507	0.000004
498	508	0.995645
498	510	0.000013
498	511	0.000229
499	504	0.000004
499	507	0.997248
499	508	0.000002
499	510	0.002531
500	506	0.996817
500	509	0.002683
501	505	0.654710
501	508	0.002676
502	507	0.002632
516	792	0.000007
516	793	0.000016
516	794	0.000003
516	798	0.000001
517	525	0.000081
517	795	0.000036
517	796	0.000016
517	797	0.000007
517	799	0.000003
517	800	0.000002
517	801	0.000002
518	524	0.000392
518	527	0.000002
518	790	0.000010
518	791	0.963231
518	792	0.000049
518	793	0.000036
518	794	0.000236
518	804	0.000022
519	523	0.000297
519	790	0.968963
519	792	0.000035
519	793	0.000259
519	794	0.000012
519	803	0.000022
520	788	0.000005
520	789	0.971110
520	795	0.000028
520	802	0.000022
520	811	0.000001
521	788	0.970085
521	789	0.000011
521	795	0.000364
521	810	0.000001
522	787	0.680331
522	790	0.012254
522	792	0.000012
522	793	0.000009
522	794	0.000286
522	798	0.000010
522	809	0.000001
523	786	0.336561
523	788	0.000015
523	789	0.013796
523	796	0.000323
523	797	0.000006
524	786	0.083709
524	788	0.015746
524	789	0.000455
524	795	0.000373
525	787	0.009337
525	790	0.000004
525	792	0.000001
525	793	0.000002
525	794	0.000367
526	779	0.000304
526	787	0.293623
526	790	0.000005
526	793	0.000081
527	778	0.000324
527	786	0.544927
527	788	0.000002
527	789	0.000005
528	758	0.000012
528	777	0.000320
528	783	0.000060
528	784	0.412845
528	785	0.579620
529	757	0.000012
529	776	0.000315
529	777	0.000029
529	782	0.000051
529	783	0.428970
529	784	0.564908
529	785	0.000109
530	756	0.000012
530	775	0.000310
530	776	0.000034
530	781	0.000043
530	782	0.443756
530	783	0.550129
530	784	0.000113
531	755	0.000012
531	770	0.000003
531	773	0.000282
531	775	0.000039
531	781	0.458521
531	782	0.534882
531	783	0.000118
532	754	0.000011
532	772	0.000263
532	774	0.000044
532	780	0.468508
533	723	0.000001
533	768	0.000002
533	769	0.000281
533	770	0.000011
533	771	0.000024
533	773	0.000043
533	779	0.335886
533	781	0.380821
533	782	0.000013
534	722	0.000001
534	767	0.000003
534	768	0.000283
534	771	0.000002
534	779	0.143508
535	680	0.000002
535	721	0.000001
535	772	0.000006
535	778	0.089210
536	679	0.000003
536	720	0.000001
536	772	0.000003
536	778	0.896002
537	678	0.000004
537	709	0.000001
537	719	0.000001
537	751	0.000011
537	764	0.000001
537	765	0.000648
537	766	0.000057
537	767	0.000018
537	770	0.000002
537	771	0.000003
537	776	0.000030
537	777	0.998973
537	783	0.000040
538	677	0.000004
538	708	0.000001
538	718	0.000001
538	750	0.000011
538	763	0.000001
538	764	0.000652
538	765	0.000056
538	766	0.000020
538	769	0.000002
538	770	0.000003
538	775	0.000026
538	776	0.999151
538	782	0.000040
539	676	0.000004
539	707	0.000004
539	749	0.000011
539	762	0.000001
539	763	0.000652
539	764	0.000054
539	765	0.000020
539	768	0.000002
539	769	0.000003
539	773	0.000016
539	775	0.999133
539	781	0.000040
540	675	0.000004
540	706	0.000018
540	715	0.000002
540	772	0.000016
540	774	0.997752
540	780	0.000039
541	546	0.000003
541	551	0.000005
541	586	0.000088
541	587	0.000003
541	674	0.000004
541	705	0.000066
541	709	0.000001
541	710	0.000172
541	712	0.000021
541	714	0.000004
541	724	0.000222
541	748	0.000012
541	761	0.001555
541	764	0.001546
541	765	0.000008
541	766	0.000001
541	769	0.000130
541	770	0.000699
541	771	0.000004
541	773	0.985724
541	779	0.000033
542	546	0.000001
542	551	0.000004
542	575	0.000003
542	585	0.000096
542	586	0.000003
542	673	0.000004
542	704	0.000066
542	708	0.000001
542	709	0.000173
542	711	0.000004
542	712	0.015332
542	722	0.000005
542	723	0.000345
542	724	0.000015
542	725	0.000001
542	747	0.000012
542	757	0.000001
542	760	0.001834
542	763	0.002042
542	764	0.000005
542	765	0.000002
542	766	0.000001
542	768	0.000467
542	769	0.000915
542	770	0.000014
542	771	0.000021
542	773	0.000029
542	779	0.000002
543	549	0.000005
543	584	0.000097
543	672	0.000004
543	703	0.000058
543	707	0.000001
543	708	0.000165
543	711	0.015377
543	719	0.000111
543	722	0.000324
543	725	0.000111
543	746	0.000012
543	759	0.001835
543	762	0.002048
543	767	0.000554
543	768	0.000823
543	771	0.969491
544	551	0.000038
544	573	0.000049
544	583	0.000096
544	587	0.000005
544	671	0.000004
544	705	0.000015
544	707	0.000085
544	709	0.000002
544	710	0.015388
544	718	0.000116
544	719	0.006230
544	723	0.000116
544	724	0.000129
544	745	0.000012
544	756	0.000007
544	758	0.001835
544	761	0.002050
544	764	0.000008
544	765	0.000025
544	766	0.000644
544	767	0.000634
544	768	0.000001
544	769	0.000146
544	770	0.970543
544	771	0.000022
544	776	0.000006
544	777	0.000026
545	549	0.000005
545	551	0.020505
545	572	0.000054
545	582	0.000095
545	586	0.000005
545	587	0.000002
545	670	0.000004
545	698	0.000005
545	704	0.000014
545	705	0.000003
545	708	0.000002
545	709	0.015245
545	710	0.000002
545	714	0.000018
545	718	0.019745
545	719	0.000012
545	722	0.000348
545	723	0.000135
545	724	0.000001
545	740	0.000002
545	744	0.000012
545	755	0.000008
545	757	0.001784
545	760	0.001991
545	761	0.000001
545	763	0.000008
545	764	0.000030
545	765	0.000628
545	766	0.000550
545	767	0.000008
545	768	0.000084
545	769	0.924882
545	770	0.000026
545	775	0.000006
545	776	0.000026
546	550	0.021720
546	552	0.000090
546	554	0.000461
546	556	0.000003
546	571	0.000055
546	588	0.000526
546	590	0.000735
546	591	0.000005
546	669	0.000004
546	680	0.000008
546	697	0.000005
546	713	0.000047
546	716	0.000500
546	717	0.022078
546	720	0.000672
546	721	0.001192
546	726	0.000001
546	739	0.000002
546	743	0.000012
546	754	0.000009
546	772	0.000001
547	552	0.000005
547	553	0.000467
547	554	0.000003
547	555	0.000006
547	567	0.000029
547	570	0.000055
547	588	0.007681
547	589	0.001888
547	590	0.000011
547	679	0.000008
547	681	0.000009
547	687	0.000002
547	699	0.000001
547	702	0.000001
547	706	0.000751
547	713	0.000038
547	715	0.000453
547	716	0.018722
547	717	0.006135
547	720	0.001027
547	721	0.000006
547	738	0.000002
547	742	0.000010
547	753	0.000009
547	774	0.000002
548	566	0.000034
548	569	0.000055
548	585	0.000010
548	586	0.000119
548	587	0.016083
548	678	0.000017
548	682	0.000057
548	683	0.000001
548	686	0.000005
548	695	0.000006
548	698	0.000003
548	703	0.000011
548	704	0.000013
548	705	0.000800
548	707	0.012387
548	708	0.000010
548	709	0.000007
548	710	0.000022
548	711	0.000002
548	712	0.000071
548	714	0.000136
548	718	0.000778
548	719	0.000511
548	722	0.000002
548	723	0.000026
548	724	0.000130
548	725	0.000006
548	732	0.000007
548	737	0.000002
548	752	0.000009
548	756	0.000002
548	757	0.000416
548	758	0.000345
548	759	0.000009
548	760	0.000040
548	761	0.000183
548	762	0.000033
548	763	0.000894
548	764	0.002431
548	765	0.007750
548	766	0.362473
548	767	0.011372
548	768	0.001375
548	769	0.000021
548	773	0.000002
548	775	0.000026
549	553	0.000002
549	554	0.000002
549	555	0.000004
549	567	0.000003
549	568	0.000046
549	588	0.022701
549	589	0.000252
549	681	0.000063
549	685	0.000004
549	694	0.000006
549	697	0.000002
549	699	0.000003
549	702	0.000010
549	706	0.012638
549	713	0.000067
549	715	0.209893
549	716	0.000004
549	717	0.000624
549	720	0.000001
549	731	0.000006
549	741	0.000006
549	772	0.000002
549	774	0.000027
550	565	0.000090
550	566	0.000003
550	583	0.000006
550	584	0.000002
550	585	0.000120
550	586	0.028434
550	587	0.055021
550	678	0.000004
550	682	0.000003
550	683	0.000001
550	688	0.000002
550	693	0.000006
550	696	0.000002
550	698	0.000005
550	701	0.000005
550	703	0.000025
550	704	0.000172
550	705	0.012317
550	707	0.000002
550	708	0.000003
550	709	0.000010
550	710	0.000050
550	711	0.000001
550	712	0.000086
550	714	0.263322
550	718	0.000605
550	722	0.000122
550	723	0.000029
550	724	0.000038
550	725	0.000004
550	732	0.000002
550	736	0.000002
550	740	0.000012
550	755	0.000011
550	757	0.000036
550	758	0.000031
550	759	0.000005
550	760	0.000058
550	761	0.001212
550	762	0.000422
550	763	0.001776
550	764	0.059101
550	765	0.066520
550	766	0.001730
550	767	0.000162
550	768	0.000291
550	769	0.000003
550	773	0.000027
551	564	0.000093
551	588	0.001069
551	680	0.000002
551	687	0.000002
551	691	0.000003
551	697	0.000005
551	713	0.267547
551	716	0.000007
551	717	0.000599
551	720	0.000006
551	721	0.000129
551	726	0.000002
551	735	0.000002
551	739	0.000012
551	754	0.000010
551	772	0.000027
552	582	0.000007
552	583	0.000312
552	584	0.000015
552	585	0.639233
552	586	0.000288
552	587	0.000742
552	696	0.000001
552	703	0.000003
552	704	0.000456
552	705	0.000001
552	709	0.000007
552	710	0.000007
552	712	0.264288
552	723	0.000005
552	724	0.000002
552	757	0.000001
552	758	0.000004
552	760	0.004219
552	761	0.000233
552	762	0.000046
552	763	0.083765
552	764	0.000708
552	765	0.000062
552	766	0.000002
552	768	0.000031
553	562	0.000093
553	584	0.643918
553	703	0.000320
553	708	0.000006
553	711	0.262977
553	719	0.000014
553	722	0.000003
553	725	0.000002
553	759	0.004248
553	762	0.083614
553	767	0.000031
553	768	0.000001
554	561	0.000092
554	581	0.000005
554	582	0.002650
554	583	0.643229
554	584	0.000007
554	585	0.001935
554	586	0.000005
554	587	0.000001
554	704	0.000021
554	705	0.000005
554	707	0.000002
554	708	0.000025
554	709	0.005551
554	710	0.253528
554	712	0.000012
554	718	0.000013
554	723	0.000002
554	724	0.000002
554	757	0.000012
554	758	0.004177
554	759	0.000002
554	760	0.003477
554	761	0.079179
554	762	0.000001
554	763	0.000369
554	764	0.000002
554	766	0.000028
555	562	0.000002
555	580	0.000006
555	584	0.002595
555	682	0.000003
555	703	0.000028
555	707	0.000197
555	708	0.010017
555	711	0.000015
555	714	0.000002
555	722	0.000002
555	759	0.006331
555	762	0.000349
556	560	0.000003
556	561	0.000002
556	579	0.000002
556	580	0.000017
556	581	0.983627
556	582	0.001750
556	583	0.001216
556	584	0.000002
556	585	0.000053
556	586	0.000001
556	587	0.000001
556	704	0.000005
556	705	0.000005
556	707	0.000061
556	708	0.000115
556	709	0.004092
556	710	0.000008
556	712	0.000001
556	757	0.000031
556	758	0.003254
556	759	0.000015
556	760	0.000739
556	761	0.000179
557	579	0.000013
557	580	0.993163
557	584	0.000045
557	703	0.000003
557	707	0.000074
557	708	0.003315
557	759	0.000508
558	579	0.995716
558	580	0.000010
558	707	0.001621
559	577	0.000010
559	578	0.998014
559	706	0.001001
560	576	0.000042
560	577	0.999227
561	571	0.000008
561	576	0.998642
561	577	0.000002
562	570	0.000010
562	574	0.987327
562	576	0.000002
563	569	0.000010
563	572	0.000003
563	573	0.999816
563	575	0.000007
564	572	0.999854
564	573	0.000007
565	571	0.991471
566	571	0.005518
569	720	0.000039
570	719	0.000040
571	718	0.000040
572	717	0.000040
573	716	0.000040
574	714	0.000035
575	588	0.000396
575	713	0.000035
576	582	0.000008
576	583	0.000102
576	584	0.000001
576	585	0.000001
576	586	0.000101
576	587	0.000422
576	705	0.000008
576	710	0.000004
576	712	0.000028
576	724	0.000018
577	581	0.000008
577	582	0.000102
577	583	0.000002
577	585	0.000110
577	586	0.000417
577	704	0.000008
577	709	0.000004
577	710	0.000003
577	711	0.000016
577	723	0.000018
578	584	0.000106
578	703	0.000007
578	708	0.000004
578	722	0.000018
579	702	0.000003
579	721	0.000016
579	731	0.000003
580	588	0.000001
580	589	0.000235
580	681	0.000001
580	720	0.000013
580	730	0.000010
581	588	0.000286
581	680	0.000001
581	728	0.000001
581	729	0.000013
581	739	0.000002
582	588	0.001109
582	590	0.000007
582	591	0.000038
582	597	0.000004
582	679	0.000001
582	680	0.000021
582	713	0.000011
582	716	0.000001
582	717	0.000179
582	721	0.000013
582	727	0.000001
582	728	0.000013
582	729	0.000008
582	738	0.000003
582	739	0.000003
583	588	0.002138
583	590	0.000089
583	596	0.000004
583	679	0.000018
583	680	0.000009
583	713	0.000019
583	716	0.000191
583	717	0.000005
583	720	0.000013
583	726	0.000001
583	727	0.000013
583	728	0.000009
583	738	0.000003
584	588	0.000027
584	589	0.000137
584	595	0.000004
584	679	0.000002
584	680	0.000002
584	681	0.012409
584	684	0.000009
584	706	0.000003
584	715	0.000189
584	716	0.000006
584	726	0.000011
584	727	0.000008
584	730	0.000012
585	590	0.000005
585	594	0.000004
585	679	0.000003
585	680	0.010208
585	713	0.000018
585	716	0.000001
585	717	0.000012
585	726	0.000009
585	728	0.000002
585	729	0.000013
585	735	0.000018
586	590	0.000003
586	593	0.000004
586	679	0.006201
586	680	0.745873
586	713	0.000038
586	716	0.000015
586	717	0.000019
586	720	0.000001
586	721	0.000210
586	727	0.000002
586	728	0.000013
586	734	0.000019
587	679	0.764905
587	680	0.000365
587	713	0.009238
587	716	0.000019
587	720	0.000213
587	721	0.000002
587	726	0.000002
587	727	0.000013
587	733	0.000019
588	677	0.000008
588	678	0.857346
588	708	0.000008
588	709	0.000315
588	710	0.000032
588	712	0.009990
588	718	0.000005
588	719	0.000102
588	723	0.000010
588	724	0.000002
588	732	0.000018
588	757	0.000012
588	758	0.000020
588	760	0.000287
588	761	0.000018
588	763	0.000222
588	764	0.000013
588	765	0.000013
588	766	0.000010
588	768	0.000080
588	769	0.000006
589	707	0.000009
589	708	0.000288
589	711	0.009512
589	714	0.000002
589	719	0.000002
589	722	0.000009
589	725	0.000004
589	759	0.000277
589	762	0.000212
589	767	0.000100
589	768	0.000006
590	676	0.000016
590	677	0.991955
590	678	0.001071
590	707	0.000002
590	709	0.000007
590	710	0.004866
590	718	0.000001
590	724	0.000002
590	758	0.000151
590	761	0.000107
590	766	0.000099
590	767	0.000001
591	676	0.997598
591	677	0.000551
591	678	0.000002
591	709	0.001533
591	757	0.000064
591	760	0.000034
591	765	0.000097
591	766	0.000001
592	675	0.998226
592	706	0.000002
593	674	0.999824
593	764	0.000098
594	673	0.999883
594	763	0.000098
595	672	0.999596
595	762	0.000098
596	670	0.000001
596	671	0.999863
596	761	0.000098
597	670	0.996494
597	671	0.000002
597	760	0.000097
598	759	0.000089
599	668	0.996001
599	758	0.000003
600	667	0.999974
601	666	0.999511
602	665	0.999977
603	664	0.999991
604	663	0.999991
605	662	0.999957
606	661	0.999963
607	660	0.999981
608	659	0.999511
609	657	0.000008
609	658	0.999967
610	656	0.000017
610	657	0.999966
610	658	0.000002
611	654	0.000005
611	656	0.998723
611	657	0.000003
612	616	0.000001
613	653	0.000636
614	652	0.000330
614	653	0.863851
615	652	0.865255
615	653	0.000004
616	651	0.864967
616	652	0.000003
616	655	0.131663
617	650	0.861832
617	654	0.134346
618	643	0.000001
618	648	0.004279
618	653	0.131230
619	642	0.000001
619	647	0.002164
619	648	0.858863
619	652	0.127264
619	653	0.003143
620	647	0.863075
620	652	0.006240
621	646	0.864516
622	639	0.000003
622	645	0.864182
622	651	0.116090
623	641	0.000001
623	644	0.864414
623	646	0.000002
623	650	0.134585
624	637	0.000247
624	640	0.000001
624	642	0.000013
624	643	0.748940
624	645	0.000004
624	648	0.000002
624	649	0.134694
625	636	0.000538
625	640	0.000045
625	642	0.262211
625	643	0.106717
625	647	0.000005
625	648	0.134725
626	635	0.000573
626	636	0.000003
626	638	0.001291
626	640	0.004033
626	642	0.088665
626	643	0.002778
626	647	0.134646
627	634	0.000572
627	635	0.000002
627	637	0.001305
627	638	0.000012
627	639	0.003953
627	640	0.000070
627	642	0.002969
627	643	0.000403
627	645	0.124748
628	633	0.000555
628	641	0.013289
628	644	0.130416
628	646	0.000003
629	635	0.001366
629	636	0.000936
629	638	0.002431
629	640	0.013149
629	642	0.577578
629	643	0.065416
630	641	0.979502
631	635	0.000141
631	636	0.001074
631	638	0.010738
631	640	0.980472
631	642	0.000001
632	636	0.000013
632	637	0.009247
632	638	0.000015
632	639	0.980353
633	638	0.977361
633	640	0.000001
669	676	0.000017
669	718	0.000075
670	675	0.000017
670	717	0.000075
671	716	0.000075
672	715	0.000072
673	713	0.000003
674	713	0.000070
675	709	0.000003
675	710	0.000001
675	712	0.000069
675	714	0.000001
676	713	0.000001
677	721	0.000005
678	687	0.000002
678	713	0.000029
678	720	0.000008
678	721	0.000001
679	686	0.000002
679	704	0.000017
679	705	0.226053
679	707	0.000004
679	709	0.000253
679	710	0.000673
679	712	0.000011
679	719	0.000001
679	724	0.000247
679	758	0.000007
679	761	0.000044
679	764	0.000028
679	765	0.000005
679	766	0.000004
680	703	0.000020
680	704	0.234077
680	705	0.003534
680	707	0.000003
680	708	0.000337
680	709	0.000710
680	710	0.000001
680	711	0.000003
680	712	0.000009
680	718	0.000001
680	723	0.000253
680	724	0.000002
680	757	0.000007
680	760	0.000046
680	763	0.000029
680	764	0.000005
680	765	0.000004
681	688	0.000008
681	690	0.000005
681	700	0.000001
681	701	0.000033
681	703	0.243387
681	707	0.002357
681	708	0.000630
681	711	0.000011
681	714	0.000152
681	722	0.000229
681	725	0.000009
681	759	0.000041
681	762	0.000026
681	767	0.000005
681	768	0.000005
682	687	0.000008
682	689	0.000005
682	702	0.127322
682	706	0.002628
682	713	0.000156
682	715	0.000006
682	721	0.000086
683	691	0.000001
683	702	0.770456
683	706	0.000079
683	715	0.000004
683	720	0.000026
684	690	0.000001
684	700	0.000267
684	701	0.967087
684	703	0.000028
684	707	0.000001
684	708	0.000014
684	714	0.000003
684	719	0.000016
685	700	0.995376
685	701	0.000064
685	703	0.000002
685	707	0.000017
685	714	0.000042
686	697	0.000016
686	699	0.998825
686	713	0.000046
686	717	0.000002
687	693	0.000003
687	695	0.000081
687	696	0.000016
687	698	0.998577
687	700	0.000017
687	704	0.000020
687	705	0.000207
687	707	0.000033
687	709	0.000001
687	712	0.000044
688	692	0.000003
688	694	0.000107
688	697	0.997196
688	699	0.000168
688	706	0.000039
688	715	0.000002
689	693	0.000149
689	695	0.007258
689	696	0.965135
689	698	0.000622
689	703	0.000434
689	704	0.000010
689	705	0.000036
689	707	0.000002
689	710	0.000016
689	714	0.000002
689	724	0.000019
689	725	0.000001
690	694	0.011679
690	697	0.000745
690	702	0.000513
690	706	0.000003
690	713	0.000001
691	695	0.077498
691	696	0.001491
691	701	0.000530
691	704	0.000005
691	705	0.000003
691	709	0.000009
691	712	0.000002
691	723	0.000044
692	700	0.000532
692	703	0.000004
692	708	0.000008
692	711	0.000001
692	722	0.000044
693	699	0.000532
693	720	0.000006
693	721	0.000040
694	700	0.000002
694	719	0.000009
694	722	0.000013
695	699	0.000002
695	717	0.000025
695	720	0.000018
695	721	0.000015
696	716	0.000025
696	720	0.000016
697	705	0.000001
697	714	0.000043
697	718	0.000033
697	719	0.000004
698	713	0.000048
698	717	0.000033
699	704	0.000006
699	705	0.000003
699	709	0.000001
699	710	0.000001
699	712	0.000048
699	718	0.000003
699	724	0.000005
700	706	0.000001
700	715	0.000012
700	716	0.000012
700	717	0.000003
700	721	0.000002
701	706	0.000012
701	715	0.000133
701	716	0.000003
701	720	0.000013
701	726	0.000002
702	707	0.000030
702	708	0.000144
702	711	0.000023
702	714	0.000195
702	719	0.000024
702	722	0.001159
702	725	0.000168
702	736	0.000280
703	713	0.000185
703	715	0.000199
703	717	0.000018
703	720	0.000003
703	721	0.000340
703	726	0.000001
703	728	0.000006
703	730	0.000003
703	735	0.000541
704	713	0.001859
704	716	0.000048
704	717	0.000869
704	720	0.000437
704	721	0.324881
704	726	0.000007
704	727	0.000155
704	728	0.000001
704	729	0.000003
704	733	0.000002
704	734	0.000804
704	735	0.000020
705	713	0.002525
705	716	0.000910
705	717	0.000006
705	720	0.330670
705	721	0.001336
705	726	0.000187
705	727	0.000001
705	728	0.000003
705	733	0.000831
705	734	0.000021
706	711	0.000417
706	714	0.002433
706	719	0.312570
706	722	0.000857
706	725	0.000195
706	759	0.000002
706	762	0.000003
706	767	0.000012
706	768	0.000016
707	713	0.002442
707	715	0.000520
707	716	0.000115
707	717	0.000357
707	720	0.000152
707	721	0.000917
707	730	0.000072
707	731	0.007384
708	713	0.000199
708	715	0.000507
708	716	0.000270
708	717	0.028284
708	720	0.000581
708	721	0.000111
708	729	0.000079
708	730	0.010429
708	731	0.000005
709	713	0.000699
709	716	0.031658
709	717	0.306152
709	720	0.000181
709	721	0.007110
709	727	0.000010
709	728	0.000087
709	729	0.010754
710	716	0.307550
710	717	0.003064
710	720	0.007226
710	721	0.000333
710	726	0.000011
710	727	0.000088
710	728	0.010743
710	729	0.000075
711	715	0.249950
711	716	0.002610
711	717	0.000105
711	720	0.000287
711	721	0.000299
711	726	0.000060
711	727	0.010059
711	728	0.000069
711	729	0.000052
711	730	0.000002
712	716	0.000194
712	717	0.002762
712	720	0.000520
712	721	0.000147
712	726	0.008776
712	727	0.000614
712	728	0.000104
712	729	0.000002
713	718	0.000504
713	719	0.000356
713	722	0.000002
713	723	0.000031
713	724	0.000050
713	725	0.002280
713	756	0.000007
713	757	0.002838
713	758	0.007259
713	759	0.001407
713	760	0.007911
713	761	0.002283
713	762	0.000026
713	763	0.014117
713	764	0.017872
713	765	0.001042
713	766	0.000704
713	767	0.000005
713	768	0.000008
713	769	0.000017
713	770	0.000002
713	773	0.009134
714	720	0.000010
714	721	0.000011
714	726	0.002625
714	772	0.011696
715	719	0.000009
715	722	0.000057
715	725	0.029934
715	759	0.001823
715	762	0.060675
715	767	0.000267
715	768	0.000010
715	771	0.012392
716	722	0.000051
716	723	0.000558
716	724	0.036888
716	725	0.000307
716	737	0.000006
716	755	0.000005
716	756	0.471866
716	757	0.003427
716	758	0.001387
716	759	0.000017
716	760	0.000098
716	761	0.070950
716	762	0.002215
716	763	0.000173
716	764	0.001418
716	765	0.001536
716	766	0.000342
716	767	0.000013
716	768	0.000001
716	769	0.000002
716	770	0.012475
716	773	0.000001
717	722	0.000265
717	723	0.036389
717	724	0.000364
717	725	0.000003
717	736	0.000006
717	740	0.000073
717	755	0.476355
717	756	0.001738
717	757	0.001144
717	758	0.000019
717	759	0.000067
717	760	0.070896
717	761	0.002618
717	762	0.000041
717	763	0.001422
717	764	0.001543
717	765	0.000332
717	766	0.000013
717	767	0.000001
717	768	0.000003
717	769	0.012464
717	773	0.000349
718	726	0.000012
718	727	0.000002
718	735	0.000006
718	739	0.000074
718	754	0.478341
718	772	0.000489
719	726	0.000003
719	734	0.000006
719	738	0.000073
719	753	0.478113
719	772	0.000011
720	724	0.000163
720	725	0.000062
720	732	0.000002
720	737	0.000074
720	751	0.000007
720	752	0.478306
720	755	0.000004
720	756	0.002074
720	757	0.012369
720	758	0.066346
720	759	0.000049
720	760	0.000012
720	761	0.001483
720	762	0.000003
720	763	0.000001
720	764	0.000050
720	765	0.000672
720	766	0.012370
720	767	0.000212
720	768	0.000032
720	769	0.000133
720	770	0.006917
720	771	0.000073
721	725	0.000020
721	732	0.000008
721	736	0.000069
721	737	0.000009
721	750	0.000009
721	751	0.476274
721	752	0.000010
721	755	0.002095
721	756	0.012354
721	757	0.066339
721	758	0.000057
721	759	0.000008
721	760	0.001480
721	761	0.000003
721	763	0.000048
721	764	0.000697
721	765	0.012315
721	766	0.000199
721	767	0.000050
721	768	0.000112
721	769	0.007282
721	770	0.000091
721	771	0.000001
722	726	0.000002
722	730	0.000027
722	731	0.000004
722	735	0.000001
722	754	0.000688
723	729	0.000035
723	734	0.000001
723	735	0.000089
723	754	0.000683
724	728	0.000034
724	733	0.000001
724	734	0.000089
724	754	0.081918
725	733	0.000089
725	753	0.083241
726	732	0.000089
726	747	0.000604
726	748	0.000085
726	749	0.000457
726	750	0.473862
726	751	0.001818
726	752	0.083105
726	758	0.000006
726	760	0.000008
726	761	0.001890
726	762	0.000218
726	763	0.021955
726	764	0.009514
726	765	0.001673
726	766	0.386588
726	767	0.000192
726	768	0.000002
726	771	0.000002
726	773	0.000002
727	732	0.000001
727	746	0.000614
727	747	0.000084
727	748	0.000456
727	749	0.474476
727	750	0.003474
727	751	0.082851
727	752	0.000003
727	757	0.000006
727	759	0.000009
727	760	0.001894
727	761	0.000249
727	762	0.022748
727	763	0.009530
727	764	0.001675
727	765	0.390095
727	766	0.000213
727	767	0.000001
727	770	0.000002
727	771	0.000077
728	745	0.000691
728	746	0.000009
728	747	0.000453
728	748	0.474484
728	749	0.003726
728	750	0.082595
728	751	0.000005
728	756	0.000006
728	758	0.000012
728	759	0.001887
728	760	0.000247
728	761	0.029248
728	762	0.003377
728	763	0.001594
728	764	0.390136
728	765	0.000194
728	766	0.000001
728	769	0.000002
728	770	0.000089
729	744	0.000693
729	745	0.000008
729	746	0.000124
729	747	0.474237
729	748	0.003970
729	749	0.082029
729	750	0.000007
729	755	0.000006
729	757	0.000007
729	758	0.001889
729	759	0.000224
729	760	0.029414
729	761	0.003785
729	762	0.000905
729	763	0.390069
729	764	0.000174
729	765	0.000001
729	768	0.000002
729	769	0.000096
730	746	0.291738
730	759	0.027395
730	762	0.373024
730	767	0.000002
730	768	0.000104
731	746	0.001345
731	759	0.052297
731	762	0.000577
731	767	0.000112
731	768	0.000008
732	741	0.000729
732	742	0.000051
732	743	0.000003
733	740	0.000726
733	744	0.000002
733	745	0.006337
733	746	0.250549
733	747	0.005393
733	748	0.000074
733	749	0.000006
733	750	0.000003
733	751	0.000002
733	756	0.000179
733	757	0.376702
733	758	0.013180
733	759	0.030466
733	760	0.002313
733	761	0.008244
733	762	0.000347
733	763	0.000005
733	764	0.000010
733	765	0.001881
733	766	0.001080
733	767	0.000002
734	740	0.000052
734	744	0.005027
734	745	0.554233
734	746	0.000097
734	747	0.000044
734	748	0.000012
734	749	0.000003
734	750	0.000002
734	755	0.000178
734	756	0.379608
734	757	0.011508
734	758	0.031540
734	759	0.002060
734	760	0.008276
734	761	0.000840
734	762	0.000003
734	763	0.000010
734	764	0.001896
734	765	0.001086
734	766	0.000003
735	740	0.000003
735	744	0.556062
735	745	0.000061
735	746	0.000008
735	747	0.000012
735	748	0.000003
735	749	0.000002
735	755	0.381382
735	756	0.009579
735	757	0.031200
735	758	0.002410
735	759	0.006590
735	760	0.000845
735	761	0.000004
735	762	0.000007
735	763	0.001903
735	764	0.001084
735	765	0.000003
736	741	0.000001
736	742	0.003288
736	743	0.556566
736	753	0.000655
736	754	0.374810
737	741	0.003155
737	742	0.555177
737	743	0.000395
737	754	0.008826
738	744	0.000004
738	745	0.000026
738	750	0.000290
738	751	0.008459
738	752	0.380360
738	755	0.000045
738	756	0.042399
738	757	0.000189
738	758	0.000004
738	759	0.000126
738	760	0.001182
738	761	0.001838
738	762	0.000005
739	744	0.000025
739	749	0.000290
739	750	0.008737
739	751	0.380591
739	752	0.001175
739	755	0.043023
739	756	0.000111
739	757	0.000003
739	758	0.000266
739	759	0.000996
739	760	0.001838
739	761	0.000006
740	754	0.043042
741	747	0.000004
741	748	0.000857
741	749	0.126511
741	750	0.264952
741	751	0.003081
741	752	0.038301
741	757	0.001889
741	758	0.001408
742	746	0.000002
742	747	0.000863
742	748	0.126986
742	749	0.264756
742	750	0.003174
742	751	0.038543
742	752	0.000295
742	756	0.001936
742	757	0.001367
743	747	0.123157
743	748	0.258343
743	749	0.003184
743	750	0.037936
743	751	0.000293
743	752	0.000001
743	755	0.001979
743	756	0.001321
744	754	0.001870
745	754	0.001386
746	753	0.001371
747	754	0.000009
753	762	0.000002
754	761	0.000002
758	772	0.000009
760	772	0.000001
761	772	0.000018
763	772	0.000011
764	772	0.000008
765	772	0.000025
766	772	0.000134
767	772	0.000014
767	797	0.000001
768	772	0.000002
768	796	0.000002
769	795	0.000002
770	778	0.000001
771	778	0.000002
771	780	0.000129
772	777	0.000004
772	779	0.000164
772	816	0.000005
773	778	0.000167
773	815	0.000003
774	790	0.000003
775	789	0.000004
776	788	0.000004
776	815	0.000065
777	786	0.000004
777	814	0.000068
778	782	0.000001
778	783	0.000004
778	785	0.000004
778	813	0.000066
778	816	0.000007
779	812	0.000010
779	815	0.000007
780	790	0.000005
781	789	0.000006
781	811	0.000003
781	812	0.000047
781	814	0.000004
781	815	0.000024
782	788	0.000006
782	810	0.000003
782	811	0.000052
782	812	0.000028
782	814	0.000024
783	810	0.000052
783	811	0.000031
783	812	0.000026
784	808	0.000002
784	810	0.000031
784	811	0.000027
785	795	0.000009
785	806	0.000001
785	808	0.000080
785	810	0.000027
785	814	0.000001
786	791	0.000005
786	794	0.000008
786	798	0.000002
786	809	0.000023
786	813	0.000001
787	796	0.000006
787	797	0.000002
787	799	0.000006
787	806	0.000080
787	807	0.000002
787	808	0.000002
787	812	0.000001
788	792	0.000001
788	793	0.000004
788	794	0.000010
788	798	0.000019
788	804	0.000043
788	805	0.000230
789	793	0.000006
789	794	0.000022
789	798	0.000137
789	803	0.000042
789	804	0.000308
789	813	0.000002
790	795	0.000007
790	796	0.000466
790	797	0.000130
790	799	0.000008
790	800	0.000003
790	801	0.000005
790	812	0.000002
791	795	0.000665
791	802	0.000765
791	808	0.000032
791	811	0.000002
792	796	0.000550
792	797	0.000894
792	799	0.005332
792	800	0.014757
792	801	0.036728
792	802	0.001993
792	807	0.000074
792	808	0.000009
792	810	0.000002
793	797	0.000405
793	799	0.017401
793	800	0.043040
793	801	0.039956
793	802	0.000552
793	806	0.000065
793	807	0.000016
793	808	0.000002
794	799	0.035358
794	800	0.048020
794	801	0.014636
794	802	0.000029
794	806	0.000015
794	807	0.000004
795	803	0.000008
795	804	0.008345
795	805	0.000005
796	803	0.007434
796	805	0.000016
797	803	0.000144
797	805	0.000003
798	802	0.000172
798	817	0.000001
799	803	0.000006
799	805	0.000005
800	805	0.000009
801	805	0.000003
802	813	0.000364
802	816	0.000039
803	812	0.000364
803	815	0.000024
804	810	0.000003
804	811	0.000363
804	812	0.000002
804	814	0.000024
804	815	0.000020
805	810	0.000318
805	811	0.000002
805	812	0.000003
805	814	0.000021
806	813	0.000029
808	813	0.000020
808	816	0.001063
809	814	0.000002
809	815	0.001054
809	817	0.000187
810	816	0.000304
811	816	0.000537
812	816	0.000055
