1	7	0.000061
1	8	0.000054
1	9	0.000013
1	12	0.000004
1	13	0.000002
1	15	0.000018
1	41	0.340518
1	55	0.000007
1	60	0.000001
1	61	0.000009
1	67	0.000004
1	75	0.000003
1	76	0.000002
1	759	0.000009
1	764	0.000380
1	769	0.000003
1	772	0.202938
1	783	0.000121
1	798	0.000003
1	800	0.000507
1	806	0.000011
1	853	0.000004
1	854	0.001679
1	855	0.000019
1	860	0.000018
1	861	0.000007
1	863	0.000001
1	865	0.000195
1	874	0.000004
1	883	0.000007
2	7	0.000181
2	8	0.000040
2	9	0.000007
2	11	0.000005
2	12	0.000004
2	14	0.000021
2	15	0.000007
2	30	0.000054
2	39	0.000279
2	40	0.451755
2	41	0.002682
2	42	0.008076
2	46	0.003042
2	50	0.000045
2	52	0.000019
2	53	0.001979
2	60	0.000023
2	61	0.000007
2	62	0.033720
2	64	0.000003
2	65	0.000002
2	66	0.000004
2	74	0.000004
2	75	0.000004
2	758	0.000010
2	759	0.000003
2	761	0.000058
2	763	0.000424
2	764	0.000143
2	767	0.000101
2	769	0.000003
2	770	0.000046
2	771	0.227907
2	772	0.000263
2	777	0.000001
2	782	0.000160
2	793	0.000002
2	795	0.000123
2	798	0.000003
2	799	0.000661
2	800	0.003648
2	801	0.001175
2	803	0.000440
2	804	0.000045
2	805	0.000013
2	848	0.000001
2	849	0.000046
2	852	0.000004
2	853	0.003403
2	854	0.000013
2	859	0.000024
2	860	0.000013
2	862	0.000002
2	863	0.000001
2	864	0.000218
2	865	0.000146
2	873	0.000006
2	882	0.000015
2	895	0.000036
2	903	0.000613
2	906	0.003113
3	7	0.000035
3	8	0.000026
3	9	0.000011
3	11	0.000004
3	13	0.000021
3	14	0.000009
3	29	0.000054
3	39	0.451869
3	40	0.003308
3	41	0.006527
3	42	0.074060
3	46	0.000205
3	50	0.000014
3	52	0.001964
3	53	0.000012
3	58	0.000002
3	60	0.000004
3	61	0.035186
3	62	0.000168
3	64	0.000002
3	65	0.000004
3	74	0.000004
3	758	0.000003
3	761	0.000092
3	763	0.000151
3	764	0.000002
3	766	0.000034
3	767	0.000258
3	769	0.000016
3	770	0.227766
3	771	0.000278
3	772	0.000002
3	781	0.000160
3	793	0.000004
3	795	0.000063
3	798	0.000219
3	799	0.004532
3	800	0.000400
3	801	0.001914
3	803	0.000088
3	804	0.000013
3	848	0.000046
3	851	0.000002
3	852	0.003637
3	859	0.000014
3	861	0.000003
3	862	0.000002
3	863	0.000197
3	864	0.000157
3	872	0.000006
3	881	0.000016
3	894	0.000042
3	903	0.000289
3	906	0.002103
4	8	0.000022
4	9	0.000012
4	12	0.000020
4	13	0.000009
4	26	0.000001
4	28	0.000054
4	41	0.071017
4	58	0.000047
4	60	0.035632
4	61	0.000084
4	79	0.000003
4	756	0.000013
4	764	0.000006
4	766	0.000228
4	769	0.190549
4	772	0.000001
4	780	0.000159
4	792	0.000002
4	798	0.003790
4	800	0.001679
4	851	0.003638
4	860	0.000002
4	861	0.000002
4	862	0.000167
4	863	0.000135
4	871	0.000006
4	880	0.000015
4	893	0.000042
4	899	0.000008
5	10	0.000015
5	25	0.000001
5	27	0.000055
5	48	0.000059
5	56	0.000177
5	57	0.000047
5	59	0.035712
5	71	0.000002
5	78	0.000003
5	80	0.000001
5	88	0.000001
5	623	0.000003
5	755	0.000017
5	760	0.000068
5	775	0.000010
5	779	0.000157
5	794	0.000009
5	846	0.000004
5	847	0.000001
5	850	0.003628
5	856	0.000018
5	870	0.000006
5	879	0.000012
5	892	0.000042
5	896	0.000001
5	898	0.000009
5	900	0.000397
5	901	0.000004
5	902	0.000013
5	904	0.000547
5	905	0.001034
6	24	0.000001
6	26	0.000054
6	41	0.000725
6	55	0.000180
6	58	0.032805
6	60	0.000001
6	77	0.000002
6	79	0.000001
6	622	0.000003
6	754	0.000014
6	759	0.000047
6	764	0.000075
6	766	0.002888
6	769	0.000131
6	772	0.000001
6	798	0.000662
6	800	0.000004
6	855	0.000014
6	860	0.000009
6	861	0.000009
6	862	0.000001
6	869	0.000005
6	899	0.000392
7	25	0.000051
7	37	0.000111
7	38	0.008513
7	43	0.000196
7	44	0.000205
7	45	0.000100
7	47	0.000084
7	48	0.000057
7	49	0.000042
7	51	0.000006
7	54	0.000173
7	56	0.000033
7	57	0.030212
7	59	0.000001
7	78	0.000001
7	621	0.000002
7	762	0.000012
7	765	0.002661
7	768	0.000531
7	774	0.000001
7	776	0.000004
7	796	0.000016
7	797	0.000696
7	802	0.000003
7	858	0.000001
7	890	0.000001
7	898	0.000373
7	902	0.000002
7	904	0.000006
7	905	0.000018
7	907	0.000039
8	22	0.000026
8	37	0.004645
8	38	0.808000
8	43	0.000136
8	44	0.000084
8	45	0.000014
8	47	0.000030
8	48	0.000034
8	49	0.000003
8	51	0.000002
8	54	0.000012
8	56	0.007683
8	57	0.000014
8	762	0.000010
8	765	0.000534
8	768	0.000063
8	775	0.000004
8	796	0.000373
8	797	0.000011
8	897	0.000244
8	904	0.000005
8	905	0.000007
8	907	0.000011
9	19	0.000003
9	21	0.000032
9	37	0.970821
9	38	0.000289
9	43	0.000027
9	44	0.000004
9	47	0.000007
9	48	0.000001
9	51	0.000003
9	54	0.000038
9	56	0.000004
9	762	0.000008
9	765	0.000041
9	768	0.000007
9	774	0.000002
9	796	0.000008
9	896	0.000141
9	904	0.000003
9	905	0.000001
9	907	0.000077
10	18	0.000003
10	20	0.000032
10	23	0.000002
10	36	0.999568
10	42	0.000007
10	46	0.000002
10	50	0.000002
10	52	0.000010
10	53	0.000033
10	761	0.000004
10	763	0.000002
10	795	0.000005
10	903	0.000002
10	906	0.000121
11	16	0.000006
11	35	0.999617
11	760	0.000002
11	794	0.000005
11	902	0.000002
11	905	0.000121
12	19	0.000002
12	31	0.000004
12	34	0.991556
12	35	0.000003
12	51	0.000007
12	901	0.000002
12	904	0.000100
13	31	0.000121
13	34	0.000106
13	37	0.000001
13	49	0.000054
14	35	0.000003
14	48	0.000056
14	902	0.000066
15	31	0.914019
15	34	0.000005
15	47	0.000056
15	63	0.000004
15	901	0.000065
16	28	0.000021
16	29	0.077101
16	30	0.917029
16	32	0.000048
16	33	0.000003
16	46	0.000053
16	61	0.000009
16	62	0.000005
17	26	0.000065
17	28	0.533603
17	29	0.462569
17	60	0.000013
17	61	0.000002
17	899	0.000064
18	25	0.000136
18	27	0.988216
18	59	0.000016
18	898	0.000064
19	24	0.000100
19	26	0.987268
19	28	0.010477
19	58	0.000016
20	25	0.983753
20	27	0.010728
20	57	0.000016
20	896	0.000055
21	26	0.008117
21	28	0.000001
21	29	0.000003
21	895	0.000053
22	26	0.000008
22	28	0.000017
22	55	0.000001
22	893	0.000055
23	27	0.000017
23	48	0.000004
23	892	0.000056
24	37	0.000009
24	47	0.000004
24	891	0.000053
25	36	0.000010
25	39	0.000002
25	46	0.000004
25	52	0.000016
25	64	0.000002
26	35	0.000009
26	37	0.000021
26	45	0.000004
26	51	0.000016
26	63	0.000002
26	889	0.000045
27	36	0.000023
27	39	0.000001
27	50	0.000016
27	62	0.000002
27	888	0.000056
27	903	0.000002
28	35	0.000022
28	38	0.000001
28	49	0.000015
28	887	0.000057
28	902	0.000002
29	34	0.000013
29	37	0.000001
29	48	0.000012
29	49	0.000001
29	886	0.000057
29	901	0.000003
30	35	0.000001
30	48	0.000002
30	59	0.000010
30	885	0.000057
30	900	0.000004
31	58	0.000010
31	884	0.000047
31	899	0.000004
32	57	0.000011
32	775	0.000002
32	898	0.000004
33	56	0.000011
33	773	0.000012
33	897	0.000004
34	41	0.000007
34	55	0.000010
34	61	0.000006
34	772	0.000013
34	882	0.000012
35	40	0.000007
35	42	0.000003
35	60	0.000011
35	771	0.000013
35	881	0.000012
35	903	0.000005
35	906	0.000100
36	59	0.000011
36	88	0.000002
36	902	0.000004
36	905	0.000100
37	41	0.000005
37	58	0.000007
37	60	0.000001
37	61	0.000008
37	87	0.000002
37	769	0.000002
38	55	0.000002
38	58	0.006116
38	60	0.000038
38	764	0.000004
38	766	0.000011
38	769	0.000005
38	880	0.000003
38	899	0.000004
39	48	0.000471
39	56	0.000023
39	57	0.009425
39	59	0.000050
39	69	0.000022
39	72	0.000372
39	81	0.000356
39	82	0.000008
39	84	0.000002
39	88	0.000002
39	760	0.000004
39	846	0.000002
39	879	0.000003
39	898	0.000003
39	900	0.000164
39	901	0.000106
39	902	0.000761
39	904	0.001920
39	905	0.007324
40	48	0.004922
40	56	0.009574
40	57	0.000043
40	59	0.000007
40	68	0.000022
40	69	0.000003
40	71	0.000413
40	80	0.000357
40	81	0.000010
40	82	0.000009
40	84	0.000616
40	760	0.000007
40	775	0.000012
40	845	0.000002
40	878	0.000003
40	898	0.000335
40	900	0.000102
40	901	0.000761
40	902	0.002889
40	904	0.007303
40	905	0.000103
41	45	0.000137
41	47	0.004617
41	48	0.000077
41	49	0.008545
41	51	0.000007
41	54	0.000037
41	56	0.000018
41	57	0.000243
41	63	0.000003
41	68	0.000002
41	69	0.000007
41	70	0.000413
41	80	0.000008
41	81	0.000011
41	83	0.000621
41	624	0.000003
41	760	0.000002
41	762	0.000046
41	765	0.000551
41	768	0.000023
41	774	0.000011
41	776	0.000011
41	796	0.000001
41	797	0.000001
41	802	0.000001
41	844	0.000001
41	857	0.000207
41	886	0.000056
41	897	0.000358
41	900	0.000149
41	901	0.002993
41	902	0.000050
41	904	0.000063
41	905	0.000173
41	907	0.000012
42	48	0.011870
42	56	0.000895
42	57	0.000013
42	59	0.000207
42	68	0.000019
42	69	0.000401
42	78	0.000359
42	80	0.000014
42	81	0.000002
42	82	0.000621
42	623	0.000003
42	755	0.000003
42	760	0.000074
42	775	0.000014
42	846	0.000003
42	856	0.000251
42	885	0.000067
42	896	0.000363
42	898	0.000077
42	900	0.003658
42	901	0.000049
42	902	0.000575
42	904	0.000452
42	905	0.000187
43	55	0.000776
43	58	0.000200
43	60	0.000005
43	61	0.000030
43	67	0.000026
43	77	0.000359
43	79	0.000012
43	622	0.000002
43	754	0.000003
43	759	0.000066
43	764	0.000403
43	766	0.000047
43	769	0.000001
43	772	0.000001
43	798	0.000002
43	800	0.000004
43	855	0.000247
43	862	0.000001
43	863	0.000001
43	884	0.000066
43	895	0.000208
43	899	0.003575
44	55	0.000019
44	58	0.000049
44	60	0.000018
44	61	0.003249
44	67	0.000008
44	76	0.000338
44	77	0.000003
44	756	0.000002
44	759	0.000005
44	764	0.000892
44	766	0.000019
44	769	0.000001
44	772	0.000001
44	798	0.000003
44	800	0.000004
44	854	0.000211
44	855	0.000001
44	861	0.000001
44	862	0.000001
44	883	0.000062
44	899	0.000003
45	55	0.000016
45	58	0.000296
45	60	0.004743
45	61	0.000056
45	67	0.000001
45	75	0.000249
45	76	0.000003
45	77	0.000002
45	79	0.000642
45	756	0.000652
45	759	0.000007
45	764	0.000294
45	766	0.000047
45	769	0.000006
45	772	0.000005
45	798	0.000002
45	800	0.000003
45	853	0.000106
45	854	0.000002
45	860	0.000001
45	882	0.000045
45	893	0.000002
45	899	0.000385
46	56	0.009210
46	57	0.000307
46	59	0.004928
46	68	0.000079
46	72	0.000002
46	78	0.000647
46	88	0.000118
46	125	0.000002
46	755	0.000701
46	760	0.308942
46	892	0.000001
46	896	0.003628
46	898	0.000389
46	900	0.000027
46	901	0.000002
46	902	0.000005
46	904	0.000359
46	905	0.000544
47	55	0.009083
47	58	0.004506
47	60	0.000642
47	61	0.000705
47	67	0.000079
47	75	0.000087
47	77	0.000638
47	87	0.000119
47	124	0.000002
47	754	0.000687
47	756	0.000012
47	759	0.311634
47	764	0.000011
47	800	0.000009
47	853	0.000073
47	895	0.003586
47	899	0.000026
48	52	0.000158
48	53	0.003966
48	55	0.000031
48	58	0.000013
48	60	0.000666
48	61	0.369869
48	62	0.018148
48	64	0.000004
48	66	0.000070
48	74	0.000117
48	76	0.000616
48	86	0.000118
48	123	0.000002
48	753	0.000098
48	754	0.000003
48	756	0.000011
48	758	0.310640
48	759	0.000002
48	761	0.000009
48	763	0.000011
48	767	0.000004
48	799	0.000010
48	801	0.000004
48	852	0.000098
48	894	0.003509
48	895	0.000002
48	903	0.000030
48	906	0.000227
49	55	0.000067
49	58	0.002241
49	60	0.472513
49	61	0.009174
49	75	0.000554
49	753	0.000002
49	754	0.000034
49	756	0.311572
49	766	0.000003
49	798	0.000006
49	800	0.000002
49	851	0.000098
49	893	0.003409
49	895	0.000005
49	899	0.000009
50	56	0.004879
50	57	0.002544
50	59	0.494291
50	71	0.000630
50	72	0.000349
50	80	0.000013
50	82	0.000009
50	84	0.000060
50	122	0.000002
50	755	0.313621
50	760	0.000001
50	850	0.000097
50	892	0.003340
50	896	0.000035
50	898	0.000010
50	900	0.000006
50	902	0.000002
50	904	0.000003
50	905	0.000003
51	55	0.003230
51	58	0.493198
51	60	0.000129
51	61	0.000001
51	79	0.000014
51	121	0.000002
51	753	0.159637
51	754	0.156033
51	895	0.000012
51	899	0.000005
52	56	0.000543
52	57	0.488502
52	59	0.000141
52	69	0.003004
52	71	0.000002
52	72	0.000018
52	78	0.000010
52	80	0.000012
52	81	0.002079
52	82	0.000001
52	120	0.000002
52	752	0.317680
52	840	0.000037
52	898	0.000004
52	901	0.000007
52	905	0.000089
53	57	0.000316
53	59	0.000059
53	68	0.003030
53	69	0.000005
53	71	0.000018
53	78	0.000043
53	80	0.002093
53	81	0.000001
53	119	0.000002
53	751	0.317762
53	752	0.000003
53	839	0.000037
53	900	0.000007
53	904	0.000088
53	905	0.000002
54	58	0.000041
54	60	0.000003
54	61	0.000002
54	67	0.002984
54	77	0.000047
54	79	0.002085
54	750	0.317519
54	899	0.000007
55	59	0.000003
55	63	0.000034
55	68	0.000003
55	69	0.000004
55	78	0.001969
55	118	0.000002
55	744	0.000001
55	749	0.317514
55	837	0.000025
55	898	0.000006
55	905	0.000002
55	907	0.073500
56	62	0.000045
56	65	0.002933
56	66	0.000122
56	67	0.000002
56	75	0.000978
56	76	0.000003
56	77	0.000933
56	117	0.000002
56	741	0.000060
56	742	0.000072
56	743	0.000001
56	747	0.000001
56	748	0.317633
56	835	0.000024
56	836	0.000017
56	903	0.000001
56	906	0.111948
57	61	0.000019
57	62	0.000010
57	64	0.002940
57	65	0.000119
57	66	0.000003
57	74	0.001128
57	75	0.000002
57	76	0.000751
57	116	0.000002
57	711	0.000002
57	740	0.000079
57	741	0.000093
57	742	0.000004
57	747	0.317576
57	834	0.000031
57	835	0.000009
57	903	0.000004
57	906	0.001378
58	63	0.002576
58	72	0.000007
58	73	0.001122
58	115	0.000002
58	710	0.000006
58	712	0.000013
58	744	0.000099
58	745	0.000778
58	746	0.313782
58	833	0.000039
58	889	0.000002
58	902	0.000002
58	904	0.112197
58	905	0.000823
58	907	0.009465
59	64	0.000059
59	74	0.001027
59	709	0.000017
59	711	0.000039
59	717	0.000002
59	739	0.315033
59	740	0.001294
59	741	0.000155
59	742	0.000109
59	743	0.000026
59	832	0.000039
59	834	0.000002
59	888	0.000002
59	903	0.114699
59	906	0.018527
60	70	0.000018
60	71	0.001096
60	73	0.001026
60	708	0.000009
60	710	0.000038
60	716	0.000002
60	738	0.316506
60	744	0.000057
60	745	0.000008
60	831	0.000039
60	833	0.000002
60	887	0.000002
60	902	0.114060
60	904	0.000009
60	905	0.011176
60	907	0.000085
61	69	0.000021
61	70	0.001121
61	72	0.001020
61	73	0.000001
61	85	0.000001
61	708	0.000338
61	737	0.317000
61	744	0.000003
61	886	0.000002
61	901	0.113442
61	902	0.000003
61	904	0.003219
61	905	0.065735
61	907	0.000050
62	68	0.000034
62	69	0.001118
62	71	0.001018
62	72	0.000002
62	84	0.000001
62	707	0.000393
62	736	0.317369
62	831	0.000002
62	885	0.000002
62	900	0.114167
62	901	0.000006
62	902	0.000069
62	904	0.394648
62	905	0.008655
63	67	0.000025
63	706	0.000394
63	735	0.317165
63	830	0.000002
63	884	0.000002
63	899	0.113963
64	68	0.000076
64	69	0.000082
64	71	0.000002
64	72	0.000003
64	82	0.000002
64	705	0.000393
64	734	0.309110
64	826	0.000002
64	847	0.000021
64	896	0.000003
64	898	0.112111
64	900	0.000009
64	901	0.001667
64	902	0.547049
64	904	0.004652
64	905	0.001507
65	69	0.000018
65	71	0.000010
65	72	0.000014
65	81	0.000003
65	704	0.000392
65	733	0.300931
65	734	0.008261
65	825	0.000002
65	826	0.000056
65	846	0.000091
65	896	0.017427
65	898	0.000481
65	900	0.001669
65	901	0.548560
65	902	0.010238
65	904	0.001469
65	905	0.000003
66	71	0.000024
66	80	0.000003
66	732	0.292443
66	733	0.016442
66	824	0.000002
66	825	0.000056
66	845	0.000092
66	896	0.046800
66	898	0.002194
66	900	0.547825
66	901	0.010369
66	902	0.001432
66	904	0.000003
66	905	0.000006
67	702	0.000576
67	732	0.024585
67	824	0.000056
67	844	0.000092
67	896	0.000591
67	897	0.003030
67	898	0.017911
67	900	0.010174
67	901	0.001414
67	902	0.000003
67	904	0.000006
68	701	0.000626
68	728	0.000244
68	729	0.000006
68	730	0.000096
68	731	0.314622
68	823	0.000058
68	843	0.000092
68	894	0.000031
68	895	0.000289
68	899	0.010424
68	903	0.000007
69	700	0.000626
69	727	0.000244
69	728	0.000006
69	729	0.000023
69	730	0.316029
69	731	0.000114
69	822	0.000058
69	842	0.000092
69	864	0.000001
69	884	0.000001
69	893	0.000008
69	894	0.000191
69	895	0.000606
69	899	0.000743
70	77	0.000001
70	699	0.000626
70	726	0.000243
70	729	0.316573
70	730	0.000083
70	821	0.000058
70	854	0.000001
70	863	0.000001
70	865	0.000006
70	883	0.000012
70	893	0.000111
70	895	0.003132
70	899	0.000018
71	76	0.000001
71	86	0.000001
71	698	0.000626
71	725	0.000239
71	727	0.000018
71	728	0.316828
71	729	0.000049
71	820	0.000056
71	843	0.000017
71	853	0.000002
71	862	0.000001
71	864	0.000007
71	865	0.000006
71	882	0.000016
71	894	0.001872
71	895	0.662980
72	697	0.000626
72	724	0.000210
72	726	0.000028
72	727	0.316706
72	728	0.000049
72	819	0.000056
72	842	0.000017
72	852	0.000002
72	861	0.000001
72	863	0.000007
72	864	0.000006
72	881	0.000016
72	893	0.000513
72	894	0.675880
72	895	0.000003
73	77	0.000004
73	79	0.000015
73	696	0.000590
73	706	0.000061
73	725	0.001141
73	726	0.276791
73	818	0.000046
73	851	0.000002
73	860	0.000001
73	862	0.000006
73	863	0.000006
73	880	0.000016
73	893	0.677358
74	78	0.000020
74	80	0.000083
74	81	0.000083
74	82	0.000006
74	84	0.000042
74	88	0.000001
74	689	0.000002
74	692	0.000110
74	704	0.000007
74	705	0.000085
74	715	0.000031
74	826	0.000001
74	840	0.000001
74	850	0.000002
74	879	0.000016
74	892	0.678200
75	80	0.000081
75	81	0.000006
75	83	0.000042
75	84	0.000003
75	85	0.000003
75	691	0.000107
75	692	0.000004
75	694	0.000006
75	702	0.000001
75	704	0.000079
75	714	0.000031
75	723	0.000205
75	825	0.000001
75	841	0.000107
75	878	0.000011
75	890	0.000104
75	891	0.677402
76	80	0.000003
76	82	0.000041
76	83	0.000005
76	84	0.000004
76	689	0.000007
76	691	0.000004
76	692	0.000006
76	702	0.000012
76	713	0.000031
76	723	0.000475
76	840	0.000112
76	887	0.000001
76	889	0.000195
76	890	0.675739
76	891	0.000007
77	81	0.000022
77	82	0.000005
77	83	0.000004
77	91	0.000004
77	687	0.000006
77	689	0.000012
77	691	0.000007
77	694	0.000273
77	702	0.003790
77	704	0.000004
77	712	0.000031
77	723	0.000440
77	815	0.000015
77	824	0.000001
77	839	0.000114
77	878	0.000003
77	886	0.000001
77	887	0.000020
77	889	0.674888
77	890	0.000011
78	86	0.000016
78	90	0.000007
78	686	0.000015
78	688	0.000012
78	690	0.000006
78	693	0.000281
78	695	0.000021
78	700	0.000053
78	701	0.004649
78	703	0.000415
78	711	0.000030
78	720	0.006184
78	721	0.000066
78	722	0.000463
78	724	0.301671
78	725	0.000132
78	803	0.000381
78	805	0.000001
78	814	0.000019
78	816	0.000007
78	823	0.000002
78	838	0.000117
78	859	0.000008
78	877	0.000014
78	888	0.668376
79	85	0.000016
79	88	0.000010
79	89	0.000007
79	684	0.000002
79	685	0.000016
79	687	0.000007
79	689	0.000001
79	692	0.000278
79	694	0.000021
79	702	0.000459
79	710	0.000030
79	719	0.006284
79	723	0.303798
79	802	0.000397
79	813	0.000019
79	815	0.000007
79	837	0.000117
79	857	0.000019
79	858	0.000006
79	876	0.000014
79	885	0.000040
79	886	0.173456
79	887	0.486569
79	889	0.000002
80	86	0.000006
80	87	0.000055
80	683	0.000002
80	686	0.000014
80	693	0.000020
80	698	0.000004
80	699	0.004921
80	700	0.000242
80	701	0.000425
80	703	0.000003
80	709	0.000018
80	718	0.006285
80	720	0.000028
80	721	0.000303
80	722	0.304024
80	725	0.000001
80	786	0.000001
80	801	0.000449
80	803	0.000015
80	804	0.000372
80	805	0.000007
80	812	0.000017
80	814	0.000007
80	817	0.000001
80	820	0.000096
80	821	0.000003
80	836	0.000117
80	849	0.000002
80	865	0.000001
80	875	0.000013
80	881	0.000003
80	882	0.000038
80	883	0.000077
80	884	0.000324
80	888	0.000004
81	86	0.000065
81	87	0.000008
81	110	0.000001
81	682	0.000002
81	683	0.000001
81	686	0.000001
81	688	0.000002
81	690	0.000006
81	697	0.000003
81	698	0.005983
81	699	0.000009
81	700	0.000325
81	701	0.002208
81	717	0.006254
81	718	0.000006
81	720	0.000299
81	721	0.301790
81	722	0.000010
81	724	0.000001
81	785	0.000002
81	800	0.000448
81	801	0.000002
81	803	0.000394
81	804	0.000007
81	811	0.000017
81	816	0.000001
81	817	0.000003
81	819	0.000099
81	820	0.000004
81	835	0.000117
81	848	0.000002
81	855	0.000059
81	864	0.000001
81	874	0.000011
81	880	0.000002
81	881	0.000038
81	882	0.000080
81	883	0.000257
81	884	0.557509
82	86	0.000014
82	87	0.000003
82	107	0.000039
82	129	0.000011
82	683	0.009938
82	696	0.000001
82	697	0.006201
82	698	0.000031
82	699	0.000146
82	700	0.002527
82	701	0.000004
82	717	0.000008
82	718	0.000008
82	720	0.294839
82	721	0.000016
82	784	0.000002
82	799	0.000449
82	801	0.002643
82	803	0.000006
82	816	0.000003
82	818	0.000105
82	819	0.000004
82	834	0.000116
82	854	0.000120
82	863	0.000001
82	873	0.000010
82	880	0.000003
82	881	0.000082
82	882	0.000063
82	883	0.663005
82	884	0.003191
83	87	0.000146
83	105	0.000214
83	124	0.000036
83	622	0.000003
83	677	0.000217
83	682	0.011204
83	686	0.000002
83	688	0.000001
83	690	0.000003
83	696	0.006287
83	699	0.002719
83	703	0.000003
83	783	0.000002
83	798	0.000398
83	800	0.002657
83	809	0.000002
83	817	0.000118
83	818	0.000003
83	853	0.000129
83	872	0.000008
83	880	0.000069
83	882	0.674866
83	883	0.001683
83	884	0.000019
84	90	0.000019
84	97	0.000010
84	98	0.000001
84	105	0.000560
84	107	0.000773
84	123	0.000038
84	124	0.000002
84	129	0.001674
84	676	0.000228
84	677	0.000002
84	682	0.000010
84	683	0.000469
84	695	0.006219
84	696	0.000001
84	697	0.000313
84	698	0.002679
84	699	0.000002
84	700	0.000238
84	701	0.000087
84	717	0.000993
84	718	0.010610
84	720	0.000017
84	781	0.000001
84	795	0.000005
84	799	0.002659
84	801	0.000003
84	814	0.000003
84	816	0.000120
84	817	0.000002
84	852	0.000131
84	871	0.000005
84	881	0.677525
84	882	0.000062
84	883	0.000013
84	884	0.000003
85	105	0.001480
85	121	0.000010
85	124	0.000009
85	622	0.000002
85	677	0.000002
85	682	0.000429
85	686	0.000001
85	688	0.000005
85	696	0.000306
85	699	0.000201
85	703	0.000003
85	706	0.000018
85	711	0.000002
85	780	0.000002
85	798	0.002498
85	800	0.000003
85	809	0.000002
85	851	0.000131
85	871	0.000002
85	880	0.675553
85	882	0.000011
85	883	0.000002
86	91	0.000018
86	95	0.000141
86	99	0.000002
86	102	0.000029
86	103	0.043221
86	104	0.001053
86	119	0.000284
86	120	0.000007
86	125	0.000276
86	126	0.088271
86	128	0.000487
86	131	0.001146
86	132	0.000013
86	623	0.000016
86	625	0.000002
86	675	0.000065
86	679	0.016268
86	680	0.000028
86	687	0.000005
86	692	0.000010
86	705	0.000018
86	715	0.001620
86	775	0.000006
86	779	0.000002
86	794	0.000001
86	808	0.000002
86	813	0.000002
86	815	0.000036
86	850	0.000128
86	870	0.000004
86	878	0.000005
86	879	0.667456
86	905	0.000001
87	94	0.000143
87	99	0.000043
87	102	0.044084
87	103	0.000530
87	118	0.000289
87	119	0.000004
87	125	0.088902
87	126	0.000008
87	127	0.000429
87	128	0.000001
87	130	0.004154
87	131	0.000019
87	621	0.000002
87	623	0.000002
87	624	0.000004
87	678	0.016975
87	679	0.000010
87	684	0.000004
87	691	0.000009
87	694	0.000024
87	702	0.000242
87	704	0.000017
87	710	0.000003
87	712	0.000004
87	713	0.000006
87	714	0.001524
87	715	0.000012
87	716	0.000014
87	719	0.001064
87	774	0.000006
87	778	0.000002
87	796	0.002022
87	797	0.000010
87	802	0.000032
87	807	0.000002
87	813	0.000120
87	850	0.000005
87	876	0.000010
87	878	0.658766
87	879	0.000001
87	904	0.000001
87	907	0.000002
88	93	0.000143
88	98	0.000090
88	101	0.045321
88	117	0.000290
88	123	0.000052
88	124	0.146350
88	129	0.002444
88	622	0.000002
88	676	0.000016
88	677	0.017095
88	683	0.000005
88	690	0.000007
88	693	0.000011
88	695	0.000064
88	696	0.000007
88	697	0.000019
88	698	0.000037
88	700	0.000011
88	701	0.000295
88	703	0.000004
88	709	0.000003
88	711	0.000005
88	717	0.000032
88	718	0.001067
88	777	0.000002
88	795	0.002059
88	799	0.000006
88	801	0.000045
88	812	0.000258
88	848	0.000029
88	849	0.000067
88	852	0.000116
88	868	0.000002
88	873	0.000002
88	874	0.000012
88	875	0.000033
88	877	0.649865
88	881	0.000001
88	903	0.000001
88	906	0.000003
89	97	0.000091
89	100	0.045335
89	101	0.000021
89	116	0.000289
89	117	0.000001
89	123	0.166509
89	124	0.000001
89	129	0.758252
89	676	0.017207
89	690	0.000001
89	695	0.000004
89	697	0.000021
89	700	0.000128
89	709	0.000002
89	717	0.000721
89	795	0.000010
89	811	0.000258
89	848	0.000057
89	849	0.000001
89	851	0.000256
89	852	0.000005
89	871	0.000005
89	874	0.000004
89	875	0.000016
89	877	0.000008
90	95	0.000085
90	99	0.045353
90	114	0.000002
90	122	0.166653
90	128	0.761152
90	623	0.000001
90	675	0.017147
90	689	0.000001
90	707	0.000070
90	715	0.000215
90	794	0.000010
90	810	0.000258
90	847	0.000042
90	850	0.000272
90	870	0.000005
90	878	0.000002
91	97	0.000106
91	98	0.042552
91	100	0.000022
91	121	0.166532
91	123	0.000007
91	129	0.000313
91	674	0.001174
91	676	0.000002
91	688	0.000001
91	695	0.000012
91	698	0.000044
91	706	0.000072
91	793	0.000001
91	809	0.000258
91	848	0.000002
91	849	0.000252
91	869	0.000002
91	873	0.000002
91	874	0.000110
91	875	0.000016
91	877	0.000002
92	99	0.000023
92	114	0.000265
92	120	0.166650
92	122	0.000007
92	125	0.000002
92	126	0.783964
92	128	0.000180
92	673	0.000145
92	675	0.000001
92	705	0.000072
92	808	0.000258
93	113	0.000266
93	119	0.166084
93	120	0.000010
93	125	0.786967
93	126	0.000020
93	704	0.000072
93	807	0.000258
94	112	0.000266
94	124	0.786505
94	703	0.000055
94	806	0.000258
94	853	0.000004
95	107	0.000007
95	110	0.000001
95	111	0.000263
95	116	0.000621
95	117	0.058282
95	121	0.000002
95	123	0.782953
95	671	0.000001
95	700	0.000001
95	701	0.000005
95	805	0.000256
95	852	0.000005
96	105	0.000531
96	121	0.765830
96	124	0.000002
96	699	0.000001
96	706	0.000002
96	851	0.000005
97	103	0.000001
97	104	0.000550
97	114	0.000288
97	119	0.000140
97	120	0.770789
97	122	0.001471
97	705	0.000002
97	850	0.000004
98	102	0.000001
98	103	0.000550
98	113	0.000282
98	114	0.000060
98	119	0.762920
98	120	0.000293
98	122	0.012722
98	704	0.000002
98	707	0.000003
99	112	0.000147
99	116	0.504230
99	117	0.096242
99	121	0.014918
99	129	0.000016
99	706	0.000003
99	801	0.000001
99	803	0.000002
99	848	0.000001
100	113	0.000031
100	114	0.933483
100	119	0.000005
100	120	0.014992
100	126	0.000001
100	128	0.000016
100	705	0.000002
101	113	0.938437
101	114	0.000059
101	119	0.014878
101	125	0.000001
101	126	0.000017
101	704	0.000002
102	107	0.000020
102	111	0.001465
102	112	0.936412
102	117	0.000382
102	124	0.000001
102	701	0.000004
102	703	0.000001
102	718	0.000020
103	107	0.000001
103	110	0.001495
103	111	0.937956
103	112	0.000023
103	116	0.000376
103	117	0.014551
103	123	0.000001
103	124	0.000084
103	693	0.000001
103	700	0.000004
103	701	0.000002
103	717	0.000020
103	718	0.000079
104	110	0.937059
104	111	0.000044
104	116	0.014673
104	123	0.002433
104	124	0.000010
104	129	0.000038
104	693	0.000002
104	695	0.000001
104	699	0.000002
104	700	0.000002
104	709	0.000282
104	711	0.014093
104	717	0.000110
104	718	0.000002
105	109	0.760511
105	113	0.000006
105	114	0.000028
105	115	0.009858
105	122	0.002389
105	125	0.000016
105	126	0.000002
105	127	0.000001
105	128	0.000037
105	691	0.000005
105	692	0.000001
105	694	0.000001
105	707	0.000006
105	708	0.000288
105	710	0.014712
105	712	0.000033
105	716	0.000105
106	112	0.000010
106	121	0.000757
106	124	0.000135
106	690	0.000007
106	706	0.000006
106	709	0.014456
106	711	0.000035
107	113	0.011533
107	114	0.002273
107	120	0.000242
107	122	0.004063
107	125	0.000079
107	689	0.000007
107	704	0.000001
107	705	0.000006
107	707	0.002256
107	715	0.000004
108	112	0.007636
108	121	0.002051
108	124	0.000078
108	688	0.000006
108	703	0.000002
108	706	0.001141
108	709	0.000004
108	711	0.000001
109	121	0.021218
109	703	0.000001
109	706	0.016595
110	114	0.000003
110	119	0.000003
110	120	0.025508
110	126	0.000002
110	132	0.000035
110	680	0.000013
110	687	0.000001
110	704	0.000037
110	705	0.017904
111	119	0.025736
111	120	0.000002
111	125	0.000002
111	131	0.000051
111	679	0.000013
111	704	0.017896
112	118	0.025675
112	119	0.000002
112	130	0.000119
112	678	0.000013
112	684	0.000004
112	702	0.018439
112	719	0.000003
113	117	0.024864
113	123	0.000005
113	129	0.000134
113	677	0.000013
113	683	0.000004
113	698	0.000011
113	701	0.019597
113	718	0.000004
113	812	0.000001
114	676	0.000012
114	682	0.000003
114	683	0.000003
114	697	0.000011
114	700	0.019596
114	701	0.000009
114	717	0.000004
114	811	0.000001
115	121	0.000010
115	682	0.000003
115	696	0.000008
115	699	0.018625
115	706	0.000092
115	809	0.000003
116	120	0.000010
116	126	0.000641
116	680	0.000009
116	705	0.000097
116	808	0.000003
117	122	0.000002
117	125	0.000647
117	679	0.000009
117	704	0.000097
117	807	0.000003
118	124	0.000645
118	696	0.000669
118	699	0.000028
118	703	0.000073
118	806	0.000003
119	123	0.000617
119	677	0.000010
119	683	0.000006
119	695	0.000365
119	696	0.016035
119	697	0.001169
119	698	0.000069
119	701	0.000024
119	804	0.000028
119	805	0.000003
120	129	0.000002
120	676	0.000012
120	682	0.000006
120	695	0.018917
120	696	0.000018
120	697	0.000054
120	700	0.000024
120	701	0.000007
120	703	0.000192
120	803	0.000028
120	804	0.000003
121	128	0.000002
121	130	0.000132
121	675	0.000013
121	681	0.000006
121	694	0.019298
121	702	0.000751
121	802	0.000029
122	129	0.000511
122	626	0.000001
122	629	0.000021
122	674	0.000014
122	676	0.000003
122	693	0.019340
122	695	0.000002
122	699	0.000003
122	700	0.000126
122	701	0.003336
122	703	0.000053
122	706	0.000020
122	801	0.000028
122	803	0.000001
123	128	0.000509
123	625	0.000002
123	628	0.000021
123	673	0.000014
123	675	0.000003
123	679	0.000008
123	692	0.019340
123	704	0.000020
123	705	0.000021
124	130	0.000026
124	624	0.000002
124	672	0.000013
124	678	0.000010
124	684	0.000004
124	691	0.019172
124	702	0.026308
124	704	0.000011
124	719	0.000004
124	802	0.000008
124	850	0.000061
124	866	0.000004
124	876	0.000022
125	129	0.000036
125	620	0.000001
125	627	0.000034
125	629	0.000019
125	671	0.000013
125	677	0.000011
125	683	0.000008
125	688	0.000001
125	690	0.017238
125	698	0.039043
125	699	0.000004
125	700	0.000002
125	701	0.058805
125	718	0.000010
125	799	0.000003
125	800	0.000025
125	801	0.000010
125	849	0.000114
125	852	0.000002
125	853	0.000009
125	855	0.000012
125	865	0.000005
125	874	0.000829
125	875	0.000014
126	619	0.000001
126	626	0.000116
126	629	0.000005
126	670	0.000003
126	676	0.000011
126	677	0.000002
126	682	0.000008
126	683	0.000026
126	686	0.000001
126	688	0.000010
126	690	0.000087
126	697	0.039289
126	698	0.000004
126	700	0.058930
126	701	0.000001
126	717	0.000010
126	798	0.000002
126	799	0.000033
126	800	0.000003
126	801	0.000099
126	848	0.000113
126	851	0.000001
126	852	0.000011
126	854	0.000016
126	864	0.000005
126	873	0.000986
127	622	0.000102
127	627	0.000070
127	677	0.011952
127	682	0.000021
127	686	0.000003
127	688	0.005099
127	690	0.000003
127	696	0.039276
127	699	0.058743
127	798	0.000029
127	800	0.000103
127	851	0.000010
127	853	0.000019
127	863	0.000005
127	872	0.000989
128	618	0.000001
128	620	0.000001
128	622	0.000034
128	626	0.000077
128	629	0.000014
128	676	0.013056
128	683	0.000004
128	686	0.000020
128	688	0.012464
128	690	0.000178
128	693	0.000011
128	695	0.038810
128	696	0.000002
128	697	0.000090
128	698	0.057303
128	700	0.000003
128	701	0.000008
128	717	0.000001
128	795	0.000020
128	799	0.000100
128	801	0.000001
128	848	0.000002
128	849	0.000002
128	851	0.000008
128	852	0.000019
128	862	0.000003
128	871	0.000991
129	617	0.000001
129	623	0.110290
129	625	0.000076
129	628	0.000014
129	675	0.012996
129	679	0.000005
129	680	0.000008
129	687	0.015676
129	689	0.000216
129	692	0.000012
129	704	0.000001
129	707	0.000002
129	715	0.000002
129	794	0.000019
129	847	0.000002
129	850	0.000021
129	870	0.000992
130	616	0.000001
130	622	0.116633
130	627	0.000014
130	677	0.000004
130	682	0.000002
130	686	0.012698
130	688	0.000169
130	696	0.003211
130	699	0.000002
130	703	0.000001
130	706	0.000001
130	798	0.000007
130	800	0.000005
130	851	0.000004
130	853	0.000007
130	854	0.000007
130	855	0.000011
130	869	0.000882
130	874	0.000008
130	875	0.000011
131	615	0.000001
131	619	0.000008
131	620	0.995283
131	622	0.000002
131	626	0.000003
131	683	0.000003
131	695	0.000924
131	697	0.000002
131	799	0.000001
131	852	0.000002
131	868	0.000236
132	614	0.000001
132	618	0.000004
132	619	0.999851
132	620	0.000039
132	683	0.000003
133	613	0.000001
133	618	0.999965
133	619	0.000020
134	617	0.999936
135	615	0.000141
135	616	0.998338
136	614	0.000144
136	615	0.999830
137	611	0.000001
137	613	0.000147
137	614	0.999840
138	611	0.000189
138	613	0.999785
139	609	0.000413
139	610	0.000255
139	612	0.998746
140	608	0.001938
140	611	0.995175
142	607	0.982147
142	608	0.014479
143	606	0.999947
143	609	0.000002
144	605	0.999509
145	604	0.999981
146	603	0.999991
147	602	0.999977
148	601	0.999511
149	600	0.999970
150	596	0.000003
150	598	0.000003
150	599	0.999028
151	595	0.000033
151	597	0.000003
151	598	0.998830
152	594	0.000038
152	596	0.000006
152	597	0.999911
153	593	0.000039
153	594	0.000008
153	596	0.997014
153	597	0.000012
154	592	0.000021
155	592	0.000016
156	592	0.000484
157	592	0.988913
158	591	0.999943
159	590	0.999976
160	589	0.999698
161	588	0.999939
162	586	0.000325
162	587	0.999621
163	585	0.000649
163	586	0.999319
163	587	0.000010
164	221	0.000010
164	443	0.000007
164	584	0.000973
164	585	0.998918
164	586	0.000020
165	175	0.000008
165	213	0.000004
165	220	0.000028
165	221	0.000097
165	224	0.000041
165	442	0.000009
165	443	0.000004
165	583	0.001208
165	584	0.987844
165	585	0.000030
166	174	0.000014
166	212	0.000005
166	215	0.000007
166	216	0.871948
166	217	0.001823
166	218	0.000082
166	219	0.000097
166	222	0.000006
166	223	0.000037
166	225	0.000003
166	441	0.000003
167	173	0.000015
167	211	0.000006
167	212	0.000003
167	215	0.998851
167	218	0.000071
167	222	0.000025
167	440	0.000002
168	172	0.000010
168	214	0.999224
168	439	0.000002
169	213	0.999714
170	210	0.004105
170	211	0.000528
170	212	0.995056
171	175	0.000002
171	209	0.024293
171	436	0.000002
172	206	0.000002
172	207	0.000021
172	208	0.024434
172	210	0.950357
172	211	0.000239
172	435	0.000002
173	209	0.939829
173	434	0.000002
174	433	0.000002
175	204	0.001148
175	206	0.644862
175	210	0.000002
175	211	0.000003
176	203	0.000866
176	204	0.997056
176	206	0.000540
176	210	0.000001
177	202	0.000579
177	203	0.998950
177	204	0.000164
178	201	0.000292
178	202	0.999299
178	203	0.000111
179	201	0.999627
179	202	0.000058
180	200	0.999466
181	198	0.000001
181	199	0.998121
182	198	0.998841
183	197	0.999964
184	196	0.999509
185	193	0.000002
185	195	0.999972
186	192	0.000006
186	194	0.999917
187	191	0.000024
187	193	0.991644
187	195	0.000007
188	192	0.980165
188	194	0.000008
189	193	0.000009
206	221	0.000002
206	236	0.000001
207	220	0.000002
209	218	0.000002
209	222	0.000015
209	233	0.000001
210	221	0.000016
210	232	0.000001
211	220	0.000014
211	221	0.000006
211	224	0.000008
211	443	0.000010
212	220	0.000005
212	221	0.000001
212	224	0.000014
212	230	0.000002
212	442	0.000010
213	218	0.000005
213	222	0.000006
214	219	0.000002
214	222	0.000061
214	223	0.000001
214	225	0.000018
214	229	0.000004
215	221	0.000215
215	224	0.000044
215	228	0.000011
216	220	0.000212
216	226	0.000093
216	227	0.000440
217	226	0.005835
217	227	0.000163
218	224	0.026698
218	226	0.000351
218	227	0.006751
218	228	0.001062
218	230	0.000004
218	236	0.001050
218	434	0.000008
218	442	0.000653
218	443	0.000366
218	583	0.000042
218	584	0.000003
219	226	0.011976
219	227	0.001375
219	235	0.001052
219	433	0.000008
220	225	0.010386
220	229	0.000001
220	234	0.001052
220	432	0.000008
220	441	0.000051
220	445	0.000010
220	447	0.000002
221	233	0.001049
221	431	0.000008
221	438	0.000005
221	440	0.000046
221	444	0.000997
221	445	0.000002
221	446	0.000002
222	226	0.000331
222	227	0.000175
222	228	0.000236
222	230	0.000007
222	232	0.000392
222	236	0.000006
222	437	0.000005
222	439	0.000021
222	442	0.004598
222	443	0.005790
222	583	0.000048
222	584	0.000004
223	227	0.000235
223	232	0.000613
223	235	0.000006
223	439	0.000007
224	231	0.000936
224	233	0.000007
224	428	0.000001
224	438	0.000009
224	440	0.000103
224	444	0.000923
224	445	0.000003
225	232	0.000008
225	439	0.000099
226	231	0.000007
226	438	0.000085
226	440	0.000002
226	441	0.001678
226	444	0.000007
227	438	0.000003
227	440	0.000066
227	441	0.846303
228	438	0.000009
228	440	0.996219
229	439	0.997345
230	438	0.996837
230	440	0.000004
231	436	0.497347
231	437	0.500465
232	435	0.993340
233	434	0.998850
233	436	0.000016
234	433	0.998339
235	429	0.000186
235	430	0.000002
235	431	0.000009
235	432	0.997801
236	428	0.000238
236	431	0.995789
237	409	0.573054
237	410	0.000251
238	407	0.000004
238	408	0.925849
238	427	0.000018
238	428	0.000065
238	429	0.002964
238	430	0.000542
239	406	0.000008
239	407	0.997592
239	428	0.001801
240	405	0.000007
240	406	0.998979
240	407	0.000982
241	404	0.000006
241	405	0.998983
241	406	0.000990
241	407	0.000003
242	404	0.998943
242	405	0.000994
242	406	0.000003
243	402	0.000014
243	403	0.990424
243	404	0.000947
243	405	0.000003
245	402	0.898375
246	399	0.000014
246	401	0.898376
247	399	0.991401
248	398	0.999931
248	399	0.000020
249	397	0.999976
249	398	0.000014
250	396	0.999984
250	397	0.000007
251	395	0.999991
252	394	0.999977
253	393	0.999484
254	392	0.999545
255	385	0.000001
255	390	0.000016
255	391	0.139503
256	390	0.126732
256	391	0.860113
257	381	0.000002
257	390	0.870981
257	391	0.000005
258	380	0.000001
258	383	0.003693
258	384	0.115881
258	386	0.003915
258	387	0.015209
258	388	0.003286
258	389	0.840129
259	383	0.256803
259	384	0.001320
259	386	0.021439
259	387	0.005103
259	388	0.668693
259	389	0.000330
260	381	0.996116
261	380	0.999846
261	383	0.000003
261	384	0.000002
261	386	0.000065
262	379	0.999481
262	384	0.000002
263	378	0.999479
263	382	0.000003
264	377	0.999893
264	381	0.000003
265	376	0.987407
266	374	0.146818
266	376	0.000045
266	380	0.000007
267	376	0.000040
267	379	0.000006
268	371	0.925032
268	372	0.010413
268	373	0.005395
268	375	0.000051
268	378	0.000002
269	369	0.000109
269	370	0.999503
269	374	0.000014
270	368	0.000118
270	369	0.999800
270	370	0.000069
271	367	0.000125
271	368	0.999797
271	369	0.000064
272	367	0.999594
272	368	0.000058
273	363	0.000002
273	365	0.998903
274	362	0.000001
274	364	0.996494
275	364	0.000172
276	362	0.995678
276	364	0.000003
277	358	0.000002
277	360	0.000001
277	361	0.998089
277	363	0.000003
278	357	0.000003
278	360	0.998404
278	361	0.000234
278	363	0.000008
279	356	0.000002
279	359	0.976085
279	362	0.000007
280	355	0.000002
281	356	0.001274
281	359	0.011297
282	355	0.001003
283	355	0.000009
284	355	0.000012
284	356	0.997809
285	352	0.000045
285	355	0.998338
286	351	0.000032
286	353	0.000004
286	354	0.999216
287	350	0.000009
287	351	0.000003
287	353	0.998334
288	351	0.000597
288	353	0.000011
289	350	0.000024
289	351	0.725312
290	350	0.999294
290	351	0.000082
291	348	0.000001
291	349	0.998791
292	348	0.998873
292	349	0.000001
293	347	0.999974
294	346	0.999978
295	345	0.999571
296	344	0.999736
296	347	0.000002
297	302	0.000001
297	341	0.000020
297	344	0.000063
297	346	0.000002
298	340	0.000020
298	342	0.990608
298	343	0.000065
298	345	0.000003
299	339	0.000020
299	341	0.999459
299	344	0.000005
300	340	0.997871
300	343	0.000005
301	339	0.974904
302	306	0.000001
302	342	0.000002
302	343	0.000132
303	342	0.000131
303	343	0.000111
304	342	0.000111
304	343	0.000046
305	342	0.000046
306	338	0.997957
306	339	0.000016
306	341	0.000027
307	337	0.999448
307	340	0.000015
308	336	0.999974
308	339	0.000002
309	335	0.999958
309	338	0.000001
310	334	0.983005
312	331	0.000001
312	332	0.994313
312	333	0.000931
313	331	0.999385
314	330	0.999490
315	329	0.999963
316	328	0.999575
317	326	0.000011
317	327	0.999915
318	326	0.998639
318	327	0.000036
318	329	0.000002
319	328	0.000005
320	326	0.000214
320	327	0.000008
321	325	0.000664
321	326	0.000010
381	386	0.000159
381	387	0.000006
381	388	0.000021
381	389	0.000068
382	387	0.000208
382	388	0.000133
383	390	0.000010
383	391	0.000001
384	390	0.000001
386	390	0.000005
386	391	0.000002
409	426	0.000151
409	427	0.309548
409	428	0.000362
409	429	0.000262
409	430	0.000105
410	426	0.898485
410	427	0.001419
410	428	0.000186
410	429	0.000073
410	430	0.000025
411	425	0.999765
412	424	0.999988
413	420	0.000001
413	423	0.999954
414	419	0.000006
414	422	0.999711
415	420	0.000569
415	421	0.990258
416	422	0.000017
417	421	0.000023
427	433	0.000001
428	434	0.000069
428	436	0.000002
428	437	0.000019
428	442	0.000003
428	443	0.000006
429	433	0.000053
430	439	0.000003
431	436	0.000005
431	437	0.000015
431	442	0.000076
431	443	0.000279
432	439	0.000007
433	438	0.000006
433	441	0.000571
434	440	0.000625
435	439	0.000411
436	440	0.000001
436	445	0.000005
437	444	0.000012
438	442	0.000005
438	443	0.000044
440	583	0.000001
444	581	0.000004
444	582	0.140509
444	583	0.853361
444	584	0.000093
445	580	0.000003
445	581	0.141615
445	582	0.858167
445	583	0.000114
446	579	0.000001
446	580	0.141707
446	581	0.857910
446	582	0.000083
447	579	0.174295
447	580	0.799897
448	577	0.000001
448	578	0.201664
449	576	0.000001
449	577	0.196309
449	578	0.796395
450	576	0.190742
450	577	0.803659
451	574	0.000044
451	576	0.807820
452	572	0.000017
452	573	0.000042
452	575	0.999397
453	570	0.000005
453	571	0.000018
453	574	0.999493
454	569	0.000006
454	572	0.000054
454	573	0.999874
455	569	0.000035
455	572	0.999054
455	573	0.000001
458	567	0.934803
458	568	0.001432
458	570	0.002964
458	571	0.000030
459	566	0.996045
459	569	0.002448
460	565	0.996392
460	566	0.000106
460	569	0.000011
461	563	0.000083
461	564	0.987613
462	562	0.000131
463	561	0.000034
463	562	0.000237
464	563	0.971781
464	564	0.000009
465	561	0.000019
465	562	0.993697
466	561	0.998506
466	562	0.000002
467	560	0.999952
468	559	0.999412
469	556	0.000033
469	557	0.004507
469	558	0.994020
470	554	0.000409
470	556	0.016215
470	557	0.975349
472	552	0.000050
472	553	0.943563
472	554	0.002837
472	556	0.000397
472	557	0.000010
473	550	0.000093
473	552	0.996333
473	554	0.000267
473	556	0.000183
474	549	0.000036
474	551	0.988214
474	555	0.000189
475	549	0.993086
476	548	0.999542
476	550	0.000123
476	552	0.000001
477	547	0.998059
477	549	0.000041
478	546	0.999378
478	547	0.000004
479	545	0.999980
480	544	0.999962
481	539	0.000368
481	543	0.999587
482	538	0.000438
482	541	0.000543
482	542	0.998780
483	537	0.000518
483	538	0.130823
483	541	0.866457
483	542	0.000022
484	489	0.000003
484	533	0.000001
484	534	0.000004
484	537	0.535426
484	538	0.008342
484	541	0.000038
485	535	0.007814
485	536	0.565374
485	539	0.195678
485	540	0.000529
486	532	0.000002
486	540	0.000195
487	533	0.000031
487	534	0.694855
487	537	0.012089
487	538	0.011827
488	533	0.725146
488	537	0.011019
488	538	0.000113
489	532	0.363845
489	540	0.000002
490	532	0.624414
491	529	0.000010
491	530	0.013106
491	531	0.986521
491	533	0.000029
492	528	0.000010
492	529	0.013164
492	530	0.986692
492	531	0.000089
493	528	0.013169
493	529	0.986666
493	530	0.000093
494	528	0.985468
494	529	0.000096
495	523	0.000011
495	524	0.684751
495	527	0.313298
496	523	0.983755
497	522	0.997187
497	525	0.000725
497	526	0.000066
498	508	0.000001
498	520	0.000011
498	521	0.999454
498	524	0.000494
499	507	0.000001
499	520	0.999333
499	521	0.000004
499	523	0.000392
500	506	0.000001
500	518	0.983558
501	517	0.980814
502	517	0.015899
503	515	0.983316
503	516	0.016271
504	514	0.984066
504	515	0.015901
505	513	0.983207
505	514	0.015348
506	510	0.000026
506	511	0.000263
506	512	0.969274
507	514	0.000062
508	513	0.000068
508	514	0.000001
514	521	0.000001
515	520	0.000001
527	537	0.000017
527	538	0.000002
528	536	0.000017
529	535	0.000017
529	536	0.000003
530	535	0.000003
531	539	0.000003
532	538	0.000004
533	539	0.000043
533	540	0.000004
534	540	0.000005
536	541	0.000003
550	555	0.000003
551	556	0.000005
619	680	0.000031
619	705	0.000013
620	675	0.000001
620	679	0.000044
620	680	0.000009
620	687	0.000001
620	704	0.000021
621	677	0.001642
621	682	0.000039
621	686	0.000009
621	699	0.000007
621	703	0.000266
621	709	0.000002
621	711	0.000003
621	798	0.000033
621	800	0.000009
621	851	0.001451
621	853	0.000011
621	854	0.000036
621	855	0.000013
621	871	0.000002
621	874	0.000006
621	875	0.000010
622	675	0.000261
622	678	0.002267
622	679	0.000063
622	680	0.000013
622	681	0.000044
622	684	0.000594
622	685	0.000008
622	694	0.000001
622	702	0.000385
622	708	0.000002
622	710	0.000003
622	719	0.000014
622	774	0.000007
622	776	0.000003
622	796	0.000221
622	797	0.000034
622	802	0.004164
622	850	0.001596
622	870	0.000002
622	876	0.000219
623	674	0.000050
623	676	0.328602
623	677	0.002306
623	683	0.000735
623	695	0.000017
623	697	0.000213
623	698	0.000020
623	700	0.000129
623	701	0.000412
623	709	0.000002
623	717	0.000001
623	718	0.000017
623	777	0.000002
623	795	0.000270
623	799	0.000567
623	800	0.000002
623	801	0.005508
623	848	0.000038
623	849	0.001704
623	851	0.000002
623	852	0.000797
623	853	0.000003
623	854	0.000026
623	855	0.000054
623	864	0.000020
623	868	0.000001
623	873	0.000035
623	874	0.000004
623	875	0.000272
623	877	0.000002
624	677	0.001077
624	682	0.000724
624	696	0.000200
624	699	0.000126
624	798	0.000498
624	800	0.004890
624	851	0.000700
624	853	0.000027
624	854	0.000053
624	855	0.000012
624	863	0.000018
624	872	0.000031
624	874	0.000248
624	875	0.000011
625	674	0.993235
625	676	0.001153
625	693	0.000003
625	695	0.000045
625	698	0.000013
625	799	0.000373
625	848	0.000001
625	852	0.000002
625	871	0.000002
626	673	0.998457
626	675	0.001066
626	679	0.000005
626	680	0.000002
626	692	0.000003
626	870	0.000002
627	672	0.998272
627	673	0.000018
627	675	0.000061
627	678	0.000004
627	679	0.000002
627	691	0.000003
627	694	0.000014
627	796	0.000009
627	797	0.000001
628	670	0.000002
628	671	0.998264
628	674	0.000901
628	676	0.000012
628	690	0.000002
628	693	0.000014
628	795	0.000010
629	669	0.000004
629	673	0.000894
629	675	0.000013
629	689	0.000002
629	692	0.000014
629	794	0.000010
630	668	0.000002
630	670	0.999739
630	671	0.000019
630	674	0.000006
631	667	0.000002
631	669	0.999969
631	673	0.000005
632	668	0.999581
633	667	0.999953
634	666	0.999508
635	664	0.000002
635	665	0.999963
636	664	0.996561
636	665	0.000003
638	661	0.000002
638	662	0.972159
638	664	0.000003
640	661	0.999345
640	662	0.000094
641	660	0.999956
642	659	0.999957
643	658	0.999990
644	657	0.999985
645	656	0.999500
646	655	0.999191
647	653	0.000037
647	654	0.999889
648	653	0.990948
648	654	0.000013
672	696	0.000020
673	690	0.000039
673	695	0.000027
674	679	0.000006
674	680	0.000005
674	689	0.000061
674	707	0.000755
674	775	0.000057
674	778	0.000003
674	850	0.000004
675	682	0.000011
675	683	0.000075
675	686	0.000002
675	688	0.000302
675	690	0.000157
675	693	0.176637
675	695	0.000006
675	697	0.000002
675	698	0.000002
675	699	0.000001
675	700	0.000367
675	701	0.001032
675	703	0.000015
675	706	0.006869
675	717	0.000061
675	718	0.000003
675	720	0.000002
675	772	0.000004
675	777	0.001092
675	795	0.000457
675	798	0.000001
675	799	0.000020
675	800	0.000002
675	801	0.000031
675	848	0.000113
675	849	0.000044
675	851	0.000651
675	852	0.000075
675	853	0.000002
675	854	0.000003
675	855	0.000004
675	859	0.000001
675	868	0.000002
675	871	0.000012
675	873	0.000001
675	874	0.000003
675	875	0.000004
675	877	0.000002
676	680	0.000065
676	687	0.000350
676	689	0.000184
676	692	0.177053
676	704	0.000018
676	705	0.007279
676	715	0.000228
676	775	0.035282
676	794	0.000419
676	847	0.000071
676	850	0.000756
676	856	0.000001
676	870	0.000014
677	681	0.000015
677	684	0.000048
677	685	0.000024
677	687	0.000068
677	689	0.000028
677	691	0.176682
677	702	0.000404
677	704	0.007271
677	710	0.000006
677	712	0.000072
677	713	0.000011
677	714	0.000214
677	719	0.000143
677	773	0.562884
677	774	0.018256
677	775	0.000038
677	776	0.000011
677	876	0.000004
678	682	0.000007
678	686	0.000110
678	688	0.000076
678	690	0.172007
678	696	0.000027
678	699	0.022636
678	703	0.007135
678	709	0.000007
678	711	0.000079
678	772	0.671799
678	875	0.000003
679	683	0.000178
679	686	0.000452
679	688	0.003240
679	690	0.002006
679	693	0.000023
679	695	0.000032
679	696	0.000011
679	697	0.000006
679	698	0.026538
679	699	0.000010
679	700	0.000010
679	701	0.051765
679	711	0.000039
679	717	0.000016
679	718	0.022333
679	771	0.682130
679	772	0.000005
679	853	0.000001
679	874	0.000002
680	686	0.000117
680	688	0.111253
680	690	0.000013
680	693	0.000009
680	695	0.000014
680	696	0.000005
680	697	0.026596
680	698	0.000013
680	699	0.000008
680	700	0.052036
680	701	0.000035
680	709	0.000007
680	711	0.000037
680	717	0.022505
680	718	0.000478
680	767	0.000005
680	770	0.682174
680	771	0.000004
680	852	0.000001
680	873	0.000002
681	686	0.004454
681	688	0.009086
681	690	0.000113
681	696	0.025728
681	699	0.049832
681	703	0.000003
681	706	0.000037
681	709	0.002182
681	711	0.000001
681	766	0.000007
681	769	0.678796
681	851	0.000001
681	872	0.000002
682	687	0.007948
682	689	0.000161
682	691	0.000045
682	692	0.000012
682	694	0.000347
682	702	0.000003
682	705	0.000038
682	708	0.002342
682	713	0.000002
682	714	0.000026
682	715	0.000019
682	716	0.022661
682	719	0.000001
682	765	0.000009
682	768	0.609296
682	850	0.000001
683	687	0.002300
683	689	0.001718
683	692	0.001930
683	704	0.000040
683	707	0.002376
683	715	0.022896
683	870	0.000002
684	688	0.001134
684	690	0.000022
684	696	0.005464
684	699	0.000009
684	703	0.000023
684	706	0.002312
684	764	0.000311
684	766	0.068034
684	869	0.000002
685	690	0.000034
685	696	0.001108
685	699	0.000012
685	703	0.000392
685	706	0.000005
685	711	0.000256
685	764	0.003491
685	766	0.029240
685	769	0.000002
686	691	0.000334
686	692	0.000086
686	694	0.027242
686	702	0.000512
686	704	0.001143
686	705	0.000006
686	710	0.000271
686	712	0.015286
686	713	0.000185
686	714	0.000659
686	715	0.000037
686	716	0.000026
686	719	0.000031
686	765	0.031230
686	768	0.000008
687	693	0.029207
687	695	0.047334
687	696	0.000007
687	697	0.000102
687	698	0.000044
687	700	0.000016
687	701	0.000541
687	703	0.002743
687	709	0.000272
687	711	0.016434
687	717	0.000040
687	718	0.000041
687	720	0.000028
687	763	0.679048
687	764	0.001429
687	766	0.000001
687	767	0.000006
688	692	0.025567
688	694	0.047337
688	702	0.002961
688	708	0.000268
688	710	0.016482
688	712	0.013183
688	713	0.000019
688	714	0.000020
688	715	0.000002
688	716	0.000035
688	719	0.000028
688	762	0.681769
688	765	0.000002
689	693	0.045852
689	695	0.000340
689	696	0.000003
689	697	0.000044
689	698	0.000069
689	699	0.000004
689	700	0.000430
689	701	0.002995
689	703	0.000002
689	709	0.016210
689	711	0.014611
689	717	0.000012
689	718	0.000025
689	761	0.682163
689	763	0.000035
690	694	0.000277
690	702	0.000002
690	707	0.000152
690	708	0.014306
690	710	0.014696
690	712	0.000042
690	714	0.000009
690	716	0.000013
690	760	0.681827
690	762	0.000034
691	696	0.000008
691	699	0.002961
691	706	0.000763
691	709	0.011707
691	711	0.000046
691	759	0.681332
692	696	0.000001
692	697	0.000111
692	698	0.003047
692	699	0.000005
692	700	0.000006
692	701	0.000016
692	706	0.004272
692	709	0.000031
692	756	0.000140
692	758	0.679407
692	761	0.000040
693	704	0.000913
693	705	0.004538
693	707	0.024210
693	755	0.000447
693	760	0.000041
694	699	0.000053
694	703	0.000899
694	706	0.024534
694	709	0.000089
694	711	0.000005
694	753	0.000005
694	754	0.000387
694	756	0.609350
694	759	0.000038
695	704	0.004370
695	705	0.023557
695	707	0.004782
695	715	0.000025
695	752	0.000003
695	755	0.630001
696	702	0.000102
696	704	0.018871
696	705	0.000061
696	707	0.000038
696	708	0.000200
696	710	0.000002
696	714	0.000025
696	716	0.000015
696	752	0.000001
696	755	0.000181
696	757	0.000768
697	704	0.002770
697	705	0.008844
697	707	0.000222
697	715	0.000015
697	752	0.000200
697	755	0.034823
698	704	0.009260
698	705	0.000207
698	707	0.000057
698	715	0.000159
698	751	0.000153
698	752	0.000679
698	755	0.000795
699	704	0.000169
699	705	0.000032
699	708	0.000084
699	713	0.000001
699	714	0.000159
699	716	0.000041
699	719	0.000004
699	751	0.000119
699	752	0.000030
699	755	0.000004
699	757	0.000001
700	704	0.000046
700	705	0.000017
700	707	0.000096
700	715	0.000049
700	751	0.000066
700	752	0.680575
701	705	0.000013
701	707	0.000070
701	715	0.000007
701	751	0.681848
702	706	0.000047
702	709	0.000043
702	711	0.000261
702	725	0.000004
702	750	0.681646
703	708	0.000048
703	710	0.000277
703	712	0.000049
703	713	0.000004
703	714	0.000002
703	716	0.000001
703	719	0.182473
703	723	0.000247
703	749	0.681674
704	709	0.000259
704	711	0.000052
704	717	0.000013
704	718	0.242512
704	721	0.005946
704	722	0.000229
704	725	0.000071
704	748	0.682204
705	709	0.000001
705	711	0.000012
705	717	0.242720
705	718	0.000006
705	720	0.006210
705	721	0.000124
705	724	0.000086
705	747	0.682140
706	710	0.000012
706	712	0.000030
706	713	0.000143
706	714	0.000081
706	715	0.001297
706	716	0.238663
706	719	0.006412
706	723	0.000087
706	744	0.000015
706	745	0.000357
706	746	0.675513
707	711	0.000061
707	717	0.000076
707	718	0.006503
707	720	0.000008
707	722	0.000087
707	727	0.000002
707	731	0.000018
707	739	0.000022
707	740	0.000080
707	741	0.000080
707	742	0.000116
707	743	0.000075
707	747	0.000009
708	726	0.000002
708	730	0.000018
708	743	0.001286
709	713	0.006498
709	714	0.002674
709	715	0.000378
709	716	0.000997
709	719	0.000003
709	737	0.000011
709	738	0.000001
709	744	0.120743
709	745	0.003551
709	746	0.000078
710	729	0.000001
710	743	0.119789
711	715	0.000043
711	716	0.000080
711	719	0.000006
711	737	0.000034
711	738	0.000005
711	744	0.005752
711	745	0.000394
711	746	0.000012
712	743	0.007950
713	726	0.000061
713	730	0.000003
713	743	0.000653
714	725	0.000077
714	729	0.000004
714	743	0.003840
715	720	0.000023
715	721	0.000003
715	722	0.000010
715	724	0.000079
715	727	0.000002
715	728	0.000004
715	731	0.000001
715	739	0.469123
715	740	0.031125
715	741	0.001048
715	742	0.004307
715	743	0.000004
716	726	0.000002
716	735	0.000057
716	743	0.000016
717	733	0.000001
717	734	0.000056
717	736	0.000937
717	738	0.135044
718	732	0.000002
718	733	0.000055
718	734	0.000001
718	736	0.679583
718	738	0.000011
719	735	0.682043
720	732	0.000017
720	733	0.000009
720	734	0.682433
720	738	0.000006
721	732	0.000013
721	733	0.682421
721	734	0.000010
721	738	0.000003
722	732	0.681342
722	733	0.000020
722	736	0.000017
723	729	0.001179
723	730	0.025527
723	735	0.000017
724	732	0.000064
724	733	0.000002
724	734	0.000017
724	738	0.000001
725	732	0.000005
725	733	0.000016
725	737	0.000001
726	732	0.000013
726	736	0.000001
727	732	0.000011
727	733	0.000002
727	734	0.000002
728	732	0.000003
728	733	0.000002
728	746	0.000012
729	745	0.000015
730	744	0.000014
732	741	0.000028
732	742	0.000043
732	743	0.000002
733	740	0.000028
733	741	0.000043
733	742	0.000002
734	739	0.000028
734	740	0.000043
734	741	0.000002
736	741	0.000001
736	742	0.000002
737	743	0.000423
738	742	0.000436
738	743	0.000012
738	747	0.000038
739	746	0.000056
740	746	0.000021
741	746	0.000025
742	746	0.000007
752	761	0.000001
752	763	0.000001
753	760	0.000002
753	765	0.000001
754	762	0.000575
754	765	0.000007
754	768	0.000063
754	773	0.000002
754	802	0.000002
754	889	0.000001
754	907	0.000005
755	761	0.000733
755	763	0.000126
755	764	0.000006
755	766	0.000054
755	767	0.000076
755	770	0.000002
755	771	0.000002
755	772	0.000002
755	777	0.000005
755	801	0.000002
755	814	0.000001
755	816	0.000003
755	888	0.000001
755	906	0.000008
756	760	0.000642
756	762	0.000119
756	765	0.000086
756	768	0.000001
756	773	0.000001
756	776	0.000005
756	813	0.000001
756	815	0.000003
756	887	0.000001
756	905	0.000003
756	907	0.000002
757	764	0.000082
757	766	0.000005
757	769	0.000001
757	772	0.000001
758	775	0.000029
758	813	0.000003
758	904	0.000001
758	905	0.001018
759	765	0.000011
759	768	0.000217
759	773	0.000001
759	774	0.000030
759	796	0.000020
759	802	0.000001
759	904	0.001033
759	907	0.000016
760	764	0.000010
760	766	0.000003
760	767	0.000301
760	769	0.000001
760	770	0.000001
760	771	0.000003
760	772	0.000001
760	795	0.000025
760	801	0.000002
760	811	0.000006
760	903	0.001053
760	906	0.000042
761	775	0.000073
761	794	0.000024
761	810	0.000007
761	856	0.000003
761	885	0.000001
761	900	0.000059
761	901	0.000001
761	902	0.001049
761	904	0.000004
761	905	0.000041
762	766	0.000095
762	769	0.000062
762	772	0.000009
762	780	0.000002
762	798	0.000001
762	809	0.000009
762	855	0.000003
762	893	0.000002
762	899	0.000062
763	775	0.000669
763	778	0.000002
763	779	0.000004
763	794	0.000002
763	808	0.000009
763	892	0.000002
763	898	0.000062
763	900	0.000129
763	901	0.000612
763	902	0.000004
763	904	0.000009
763	905	0.000009
764	768	0.000123
764	773	0.000662
764	774	0.000615
764	775	0.000007
764	776	0.000004
764	778	0.000005
764	794	0.000001
764	796	0.000007
764	797	0.000003
764	807	0.000009
764	858	0.000002
764	889	0.000015
764	891	0.000002
764	897	0.000052
764	900	0.000608
764	901	0.000002
764	904	0.000008
764	907	0.000007
765	769	0.000021
765	772	0.000686
765	798	0.000003
765	806	0.000008
765	809	0.000003
765	861	0.000003
765	862	0.000002
765	888	0.000016
765	899	0.000544
766	773	0.000044
766	774	0.000013
766	775	0.000006
766	776	0.001802
766	794	0.000024
766	796	0.000007
766	797	0.000003
766	802	0.000002
766	808	0.000004
766	857	0.000232
766	858	0.000001
766	886	0.000037
766	887	0.000010
766	897	0.000469
766	898	0.000249
766	901	0.000015
766	905	0.000026
766	907	0.000006
767	775	0.002155
767	778	0.000019
767	794	0.000063
767	807	0.000005
767	856	0.000265
767	885	0.000047
767	896	0.000567
767	898	0.000017
767	900	0.000018
767	904	0.000048
767	905	0.000005
768	772	0.000017
768	792	0.000642
768	798	0.000006
768	800	0.000003
768	806	0.000004
768	855	0.000260
768	860	0.000001
768	884	0.000041
768	888	0.000006
768	895	0.000489
768	899	0.000017
769	773	0.000045
769	774	0.000055
769	775	0.000004
769	776	0.001539
769	791	0.000754
769	796	0.000003
769	797	0.000007
769	802	0.000023
769	857	0.000417
769	858	0.000009
769	886	0.000046
769	887	0.000006
769	897	0.000046
769	898	0.000013
769	901	0.000001
769	902	0.000044
769	905	0.000001
769	907	0.000007
770	775	0.001826
770	778	0.000002
770	779	0.000005
770	790	0.000776
770	846	0.000002
770	856	0.000469
770	885	0.000050
770	892	0.000007
770	896	0.000048
770	898	0.000001
770	900	0.000002
770	901	0.000049
770	902	0.000024
770	904	0.000002
770	905	0.000056
771	775	0.000083
771	778	0.000011
771	789	0.000775
771	845	0.000002
771	856	0.000447
771	885	0.000034
771	892	0.000179
771	896	0.000004
771	898	0.000015
771	900	0.000049
771	901	0.000024
771	904	0.000057
771	905	0.000002
772	776	0.000006
772	796	0.000043
772	797	0.000057
772	802	0.001357
772	844	0.000001
772	856	0.000020
772	857	0.000002
772	876	0.000025
772	885	0.000002
772	891	0.000166
772	897	0.000015
772	898	0.000001
772	900	0.000023
772	904	0.000002
772	907	0.000008
773	784	0.000002
773	787	0.000688
773	798	0.000309
773	800	0.000184
773	853	0.000025
773	854	0.047775
773	855	0.000344
773	861	0.000003
773	875	0.000060
773	883	0.000126
773	884	0.000002
773	888	0.000001
773	899	0.000020
774	783	0.000002
774	786	0.000771
774	798	0.001655
774	800	0.195632
774	851	0.000004
774	853	0.213316
774	854	0.000532
774	855	0.000114
774	860	0.000006
774	862	0.000001
774	865	0.000083
774	869	0.000008
774	874	0.000134
774	875	0.000015
774	882	0.000147
774	883	0.000002
774	895	0.000093
775	782	0.000003
775	785	0.000773
775	788	0.000006
775	793	0.000007
775	795	0.235400
775	798	0.000420
775	799	0.219746
775	800	0.000016
775	801	0.014059
775	803	0.000011
775	848	0.000027
775	849	0.000071
775	851	0.000002
775	852	0.236437
775	853	0.000018
775	854	0.000068
775	855	0.000008
775	859	0.000007
775	861	0.000002
775	862	0.000001
775	864	0.000089
775	868	0.000008
775	872	0.000005
775	873	0.000135
775	874	0.000010
775	875	0.000019
775	881	0.000148
775	894	0.000101
775	903	0.000001
775	906	0.000215
776	783	0.000003
776	784	0.000717
776	787	0.000006
776	792	0.000005
776	798	0.216128
776	800	0.013986
776	851	0.236154
776	853	0.000057
776	854	0.000008
776	855	0.000003
776	860	0.000001
776	861	0.000001
776	863	0.000076
776	871	0.000010
776	872	0.000107
776	874	0.000017
776	875	0.000003
776	880	0.000124
776	893	0.000097
777	789	0.000005
777	794	0.750048
777	850	0.234223
777	870	0.000013
777	879	0.000017
777	892	0.000080
777	904	0.000002
777	905	0.000037
778	782	0.000155
778	783	0.000010
778	785	0.000007
778	786	0.000002
778	788	0.000006
778	792	0.000001
778	793	0.789392
778	795	0.000040
778	799	0.000004
778	801	0.000001
778	848	0.000028
778	849	0.208711
778	869	0.000006
778	903	0.000001
779	783	0.000001
779	784	0.000006
779	785	0.000008
779	787	0.000005
779	788	0.000020
779	792	0.802154
779	793	0.001066
779	795	0.000118
779	798	0.000003
779	799	0.000002
779	801	0.000002
779	848	0.192903
779	849	0.000002
779	868	0.000006
779	903	0.000042
779	906	0.000002
780	789	0.000005
780	790	0.000046
780	791	0.932445
780	794	0.000083
780	796	0.000037
780	797	0.000005
780	802	0.000001
780	847	0.017039
780	867	0.000004
780	902	0.000041
780	905	0.000002
781	789	0.000131
781	790	0.961435
781	794	0.000385
781	846	0.011078
781	847	0.000204
781	901	0.000041
781	902	0.000002
781	904	0.000002
782	789	0.959776
782	790	0.000368
782	794	0.000097
782	845	0.010503
782	846	0.000114
782	847	0.000002
782	900	0.000041
782	901	0.000002
782	902	0.000002
783	789	0.000364
783	790	0.000010
783	791	0.000237
783	794	0.000003
783	796	0.000005
783	797	0.000015
783	802	0.000002
783	828	0.000002
783	841	0.000003
783	844	0.008785
783	845	0.000019
783	900	0.000002
783	901	0.000002
784	789	0.000016
784	790	0.000271
784	791	0.002222
784	796	0.000018
784	797	0.000001
784	802	0.000005
784	827	0.000008
784	840	0.000007
784	841	0.005238
784	844	0.000019
784	900	0.000002
785	789	0.000297
785	790	0.002473
785	794	0.000038
785	826	0.000008
785	839	0.000007
785	840	0.005593
785	898	0.000014
786	790	0.000001
786	791	0.000002
786	794	0.000001
786	796	0.000025
786	797	0.000078
786	802	0.000054
786	825	0.000008
786	839	0.005374
786	840	0.000001
786	841	0.000953
786	844	0.000001
786	897	0.000007
786	898	0.000025
787	791	0.000001
787	794	0.000002
787	796	0.000100
787	797	0.000008
787	802	0.000957
787	824	0.000007
787	839	0.000003
787	840	0.000975
787	841	0.000023
787	844	0.000006
787	897	0.000038
788	794	0.000269
788	807	0.000001
788	813	0.000005
788	837	0.005556
788	839	0.000973
788	840	0.000024
788	896	0.000046
789	793	0.000251
789	795	0.000354
789	798	0.000007
789	799	0.000086
789	800	0.017876
789	801	0.002561
789	803	0.000062
789	804	0.000133
789	805	0.000237
789	806	0.000004
789	812	0.000007
789	819	0.000004
789	820	0.000086
789	835	0.000011
789	836	0.005546
789	838	0.000851
789	842	0.000003
789	843	0.001383
789	895	0.000046
790	795	0.000097
790	798	0.000047
790	799	0.023336
790	800	0.000101
790	801	0.001168
790	803	0.000134
790	804	0.000237
790	805	0.000006
790	811	0.000007
790	818	0.000005
790	819	0.000090
790	834	0.000018
790	835	0.005361
790	836	0.000093
790	838	0.000006
790	842	0.001382
790	894	0.000046
790	906	0.000008
791	798	0.022941
791	800	0.001179
791	809	0.000020
791	817	0.000006
791	818	0.000088
791	893	0.000044
792	796	0.000099
792	797	0.019284
792	802	0.000070
792	808	0.000021
792	833	0.000382
792	840	0.001051
792	841	0.000038
792	892	0.000035
792	905	0.000038
793	807	0.000023
793	808	0.000004
793	810	0.000030
793	813	0.000010
793	815	0.000109
793	831	0.000001
793	837	0.000058
793	839	0.001359
793	840	0.000022
793	892	0.000004
793	904	0.000152
794	798	0.000074
794	799	0.002199
794	800	0.000147
794	801	0.003637
794	803	0.000146
794	804	0.000002
794	805	0.000003
794	806	0.000014
794	809	0.000032
794	811	0.004197
794	812	0.000047
794	814	0.000124
794	816	0.000005
794	832	0.000862
794	836	0.000057
794	838	0.001377
794	848	0.000049
794	849	0.000010
794	851	0.000012
794	852	0.000007
794	854	0.000001
794	855	0.000005
794	859	0.000001
794	871	0.000002
794	903	0.000174
794	906	0.000018
795	807	0.000015
795	808	0.000032
795	810	0.004229
795	813	0.000124
795	815	0.000005
795	831	0.000864
795	837	0.001363
795	847	0.000028
795	850	0.000036
795	856	0.003266
795	870	0.000007
795	885	0.000009
795	900	0.000001
795	902	0.000175
795	905	0.000017
796	800	0.000265
796	806	0.000016
796	809	0.002348
796	830	0.000804
796	851	0.000080
796	853	0.000241
796	854	0.001582
796	855	0.006259
796	861	0.000012
796	862	0.000002
796	863	0.000001
796	869	0.000006
796	872	0.000001
796	874	0.000003
796	875	0.000020
796	884	0.000008
796	888	0.000001
797	806	0.000015
797	809	0.001962
797	830	0.000004
797	851	0.001210
797	853	0.001731
797	854	0.006461
797	855	0.000347
797	860	0.000014
797	861	0.000002
797	862	0.000001
797	871	0.000001
797	874	0.000018
797	875	0.000005
797	883	0.000006
797	888	0.000005
797	899	0.000002
798	802	0.000189
798	807	0.000027
798	808	0.003775
798	810	0.000001
798	826	0.000005
798	827	0.000469
798	828	0.000056
798	841	0.000002
798	850	0.001158
798	857	0.000013
798	858	0.000001
798	870	0.000001
798	876	0.000002
798	886	0.000011
798	887	0.000005
798	905	0.000002
798	907	0.000004
799	807	0.003844
799	808	0.000180
799	810	0.000004
799	825	0.000005
799	826	0.000504
799	840	0.000002
799	846	0.000002
799	847	0.000003
799	850	0.002428
799	856	0.000016
799	885	0.000012
799	898	0.000164
799	902	0.000013
799	904	0.000003
799	905	0.000001
800	807	0.000127
800	808	0.000200
800	824	0.000005
800	825	0.000497
800	826	0.000004
800	827	0.000109
800	828	0.000018
800	839	0.000001
800	841	0.000007
800	847	0.000002
800	850	0.003665
800	857	0.000312
800	876	0.000002
800	886	0.000040
800	897	0.000165
800	901	0.000013
800	905	0.000002
800	907	0.000003
801	807	0.000278
801	808	0.000013
801	810	0.000234
801	824	0.000487
801	825	0.000008
801	826	0.000109
801	839	0.000003
801	840	0.000009
801	846	0.000007
801	847	0.000018
801	850	0.016358
801	856	0.000374
801	870	0.000005
801	885	0.000044
801	896	0.000166
801	900	0.000014
801	902	0.000002
801	904	0.000003
802	806	0.000186
802	809	0.000241
802	821	0.000001
802	822	0.000026
802	851	0.000262
802	853	0.000049
802	854	0.000025
802	855	0.000388
802	869	0.000004
802	874	0.000003
802	875	0.000004
802	884	0.000035
802	895	0.000129
802	899	0.000013
803	807	0.000002
803	808	0.000240
803	824	0.000006
803	825	0.000118
803	826	0.000181
803	837	0.000020
803	839	0.000014
803	840	0.000315
803	846	0.001253
803	847	0.732955
803	850	0.000083
803	898	0.000010
804	824	0.000117
804	825	0.000185
804	826	0.000009
804	837	0.000014
804	839	0.000322
804	840	0.000080
804	845	0.000634
804	846	0.985449
804	847	0.000010
805	810	0.000002
805	824	0.000185
805	825	0.000009
805	837	0.000481
805	839	0.000081
805	840	0.000002
805	845	0.988408
805	846	0.000009
806	824	0.000009
806	837	0.000054
806	839	0.000002
806	844	0.989507
806	845	0.000002
807	812	0.000002
807	814	0.000001
807	816	0.000001
807	817	0.000326
807	818	0.000002
807	819	0.000023
807	820	0.000439
807	821	0.000016
807	823	0.000010
807	835	0.002696
807	836	0.000085
807	843	0.991161
807	906	0.000001
808	814	0.000001
808	816	0.000341
808	817	0.000001
808	818	0.000017
808	819	0.000439
808	820	0.000016
808	822	0.000008
808	829	0.000001
808	834	0.002813
808	835	0.000062
808	838	0.000002
808	842	0.991142
808	843	0.000003
809	813	0.000001
809	815	0.000340
809	833	0.002835
809	837	0.000002
809	839	0.000047
809	840	0.000005
809	841	0.984637
809	904	0.000001
809	907	0.000020
810	814	0.000309
810	816	0.000488
810	817	0.000009
810	819	0.000003
810	820	0.000002
810	832	0.002811
810	834	0.000036
810	835	0.000004
810	836	0.000003
810	838	0.000243
810	842	0.000009
810	903	0.000001
810	906	0.000040
811	815	0.000482
811	825	0.000003
811	826	0.000002
811	831	0.002694
811	837	0.000240
811	839	0.004993
811	840	0.983743
811	902	0.000001
811	905	0.000040
812	824	0.000003
812	825	0.000002
812	826	0.000005
812	831	0.000107
812	837	0.003933
812	839	0.985769
812	840	0.000004
812	901	0.000001
812	904	0.000040
813	823	0.000003
813	829	0.000845
813	830	0.000202
813	832	0.006306
813	834	0.000261
813	835	0.000025
813	836	0.003284
813	838	0.985778
813	903	0.000036
814	824	0.000007
814	826	0.000004
814	831	0.006603
814	837	0.983915
814	839	0.000007
814	900	0.000001
814	902	0.000034
815	819	0.000043
815	820	0.000155
815	821	0.000008
815	822	0.000012
815	823	0.000074
815	829	0.006138
815	830	0.007841
815	832	0.481479
815	834	0.000410
815	835	0.001491
815	836	0.485888
815	838	0.000016
815	899	0.000001
816	824	0.000025
816	825	0.000103
816	826	0.000256
816	831	0.573880
816	837	0.000017
816	898	0.000001
816	900	0.000007
816	901	0.000001
817	824	0.000093
817	825	0.000233
817	826	0.000056
817	827	0.013805
817	828	0.715151
817	831	0.000901
817	833	0.002801
817	897	0.000001
818	824	0.000169
818	825	0.000078
818	826	0.014458
818	827	0.921399
818	828	0.001332
818	831	0.000063
818	833	0.001146
818	841	0.000012
818	897	0.000001
819	824	0.000111
819	825	0.014910
819	826	0.932135
819	831	0.000119
819	840	0.000019
819	896	0.000001
820	824	0.014825
820	825	0.930638
820	826	0.000103
820	831	0.001423
820	839	0.000019
820	840	0.000010
821	825	0.000092
821	826	0.000003
821	827	0.000020
821	828	0.000042
821	831	0.000039
821	833	0.000183
821	839	0.000014
821	840	0.000001
821	841	0.000014
822	826	0.000017
822	827	0.000037
822	828	0.000019
822	831	0.000046
822	833	0.000038
822	839	0.000002
822	840	0.000017
822	897	0.000002
823	831	0.002047
823	837	0.001284
823	839	0.000018
823	896	0.000002
824	829	0.000729
824	830	0.002058
824	832	0.000021
824	834	0.000032
824	835	0.036432
824	836	0.007403
824	838	0.000018
824	843	0.000031
824	895	0.000002
825	829	0.001975
825	830	0.000005
825	832	0.000115
825	834	0.036469
825	835	0.008784
825	836	0.000139
825	842	0.000031
825	843	0.000028
825	894	0.000002
826	830	0.000007
826	832	0.001629
826	834	0.008750
826	835	0.000175
826	836	0.000002
826	842	0.000028
826	893	0.000001
829	839	0.000001
829	840	0.000164
829	905	0.000010
830	839	0.000166
830	904	0.000010
830	907	0.000005
831	835	0.000437
831	836	0.000294
831	838	0.000197
831	903	0.000010
831	906	0.000009
832	837	0.000199
832	902	0.000010
832	905	0.000009
834	840	0.000008
834	847	0.000001
834	901	0.000024
834	902	0.000018
835	839	0.000008
835	840	0.000001
835	846	0.000001
835	900	0.000024
835	901	0.000027
836	845	0.000001
836	898	0.000024
836	900	0.000027
837	899	0.000025
838	896	0.000032
838	898	0.000022
839	895	0.000052
840	894	0.000055
841	893	0.000055
842	885	0.000020
842	892	0.000054
843	885	0.000101
844	883	0.000129
844	884	0.000075
845	882	0.000221
845	883	0.000048
846	881	0.000664
846	882	0.000025
846	903	0.000002
846	906	0.000003
847	851	0.000002
847	852	0.000020
847	853	0.000003
847	854	0.000004
847	855	0.000002
847	871	0.000018
847	880	0.001325
847	881	0.000039
847	903	0.000166
847	906	0.241394
848	856	0.000035
848	870	0.000162
848	878	0.000014
848	879	0.014656
848	896	0.000001
848	901	0.000990
848	902	0.000195
848	904	0.000001
848	905	0.308984
849	856	0.001508
849	870	0.000170
849	878	0.021359
849	900	0.001001
849	901	0.000191
849	904	0.309616
850	854	0.000123
850	855	0.002522
850	859	0.000977
850	861	0.000002
850	862	0.000001
850	863	0.000001
850	864	0.000021
850	868	0.000723
850	869	0.000121
850	871	0.000005
850	872	0.000004
850	873	0.000039
850	874	0.000038
850	875	0.000021
850	877	0.022724
850	881	0.000002
850	894	0.000020
850	899	0.000935
850	903	0.309628
850	906	0.000002
851	856	0.000004
851	857	0.000221
851	858	0.000841
851	867	0.000671
851	870	0.000005
851	876	0.021486
851	878	0.000006
851	879	0.000002
851	897	0.000008
851	900	0.000009
851	901	0.000618
851	902	0.308538
851	905	0.000001
852	856	0.000311
852	870	0.000055
852	878	0.000063
852	879	0.000002
852	892	0.000026
852	896	0.000009
852	898	0.006881
852	900	0.001192
852	901	0.301699
852	902	0.000170
852	904	0.000001
853	857	0.000005
853	858	0.000003
853	866	0.000060
853	867	0.000405
853	870	0.000005
853	876	0.046226
853	878	0.000003
853	891	0.000028
853	896	0.000023
853	897	0.008987
853	898	0.013998
853	900	0.267833
853	901	0.000161
854	858	0.000002
854	866	0.000459
854	867	0.000377
854	870	0.000002
854	876	0.003054
854	890	0.000031
854	891	0.000003
854	892	0.000004
854	896	0.010213
854	897	0.085688
854	898	0.035598
854	900	0.000204
854	901	0.000001
855	866	0.000527
855	867	0.000014
855	870	0.000001
855	876	0.000679
855	889	0.000031
855	890	0.000003
855	891	0.000004
855	896	0.092649
855	897	0.051556
855	898	0.019040
855	900	0.000008
855	904	0.000001
855	907	0.000004
856	860	0.000002
856	861	0.000008
856	862	0.000041
856	863	0.000081
856	864	0.005494
856	865	0.000267
856	868	0.000017
856	869	0.000002
856	871	0.000001
856	872	0.000021
856	873	0.673630
856	874	0.000035
856	875	0.000146
856	888	0.000029
856	893	0.000016
856	894	0.082332
856	895	0.052181
856	899	0.000023
856	903	0.000001
856	906	0.000006
857	861	0.000034
857	862	0.000089
857	863	0.005380
857	865	0.000013
857	869	0.000005
857	871	0.000018
857	872	0.677266
857	874	0.000105
857	875	0.000013
857	893	0.044576
857	895	0.052785
857	899	0.000036
858	862	0.003129
858	863	0.000019
858	865	0.000018
858	869	0.000013
858	871	0.677987
858	872	0.000005
858	874	0.000010
858	875	0.000002
858	888	0.000003
858	893	0.244297
858	895	0.000658
858	899	0.002901
859	870	0.677971
859	892	0.289939
859	896	0.000008
859	898	0.002950
859	900	0.000003
859	901	0.000007
860	866	0.000853
860	867	0.008968
860	870	0.000071
860	876	0.000003
860	886	0.000012
860	887	0.000234
860	889	0.000314
860	890	0.002527
860	891	0.286251
860	892	0.000069
860	896	0.000001
860	897	0.002871
860	900	0.000009
861	866	0.011159
861	867	0.009729
861	870	0.000060
861	876	0.000003
861	885	0.000018
861	886	0.000569
861	887	0.000898
861	889	0.003393
861	890	0.255487
861	891	0.000159
861	892	0.000032
861	896	0.002635
861	897	0.000008
862	866	0.007173
862	867	0.024588
862	870	0.000017
862	876	0.000003
862	885	0.000719
862	886	0.001612
862	887	0.136397
862	889	0.127781
862	890	0.000151
862	891	0.000023
862	892	0.000005
862	896	0.000013
862	897	0.000001
862	898	0.000065
863	867	0.000432
863	870	0.000008
863	876	0.000001
863	885	0.001810
863	886	0.263907
863	887	0.002056
863	889	0.000080
863	890	0.000013
863	891	0.000003
863	897	0.000155
864	870	0.000302
864	878	0.000001
864	885	0.272247
864	892	0.000517
864	896	0.000188
865	870	0.000012
865	876	0.000532
865	885	0.004278
865	886	0.001311
865	887	0.000058
865	889	0.000054
865	890	0.000002
865	891	0.000503
865	892	0.000009
865	896	0.000002
865	907	0.000004
866	871	0.000007
866	872	0.000020
866	874	0.000005
866	875	0.000606
866	880	0.000090
866	882	0.014165
866	883	0.021079
866	884	0.009497
866	888	0.000076
866	893	0.000004
866	895	0.000004
867	871	0.000016
867	872	0.000009
867	874	0.000471
867	875	0.000007
867	880	0.275346
867	882	0.006331
867	883	0.002163
867	884	0.000260
867	893	0.000340
867	899	0.000018
868	878	0.000014
868	879	0.299251
868	885	0.000002
868	892	0.000350
868	898	0.000019
868	904	0.000005
868	905	0.005836
869	876	0.000195
869	878	0.299050
869	879	0.000002
869	889	0.001171
869	890	0.000004
869	891	0.000246
869	897	0.000018
869	904	0.005901
869	907	0.000010
870	874	0.000003
870	875	0.000223
870	877	0.299284
870	881	0.000107
870	882	0.000002
870	888	0.001660
870	903	0.005957
870	906	0.000017
871	876	0.283963
871	878	0.000004
871	879	0.000003
871	887	0.001695
871	889	0.000001
871	902	0.005934
871	905	0.000016
872	876	0.000091
872	878	0.000003
872	879	0.000140
872	886	0.001705
872	897	0.000001
872	901	0.005878
872	902	0.000012
872	904	0.000014
873	878	0.000180
873	879	0.000031
873	885	0.001706
873	896	0.000001
873	898	0.000038
873	900	0.005872
873	901	0.000024
873	902	0.000020
874	878	0.000026
874	886	0.000005
874	887	0.000002
874	897	0.000076
874	898	0.001323
874	900	0.000026
874	901	0.000025
875	885	0.000005
875	886	0.000002
875	896	0.000051
875	897	0.001720
875	898	0.000655
875	900	0.000088
876	882	0.000183
876	883	0.000014
876	884	0.000005
876	895	0.000038
876	899	0.000146
877	885	0.000005
877	896	0.015290
877	898	0.000125
877	900	0.000034
877	904	0.000002
877	905	0.000002
878	884	0.000005
878	894	0.000071
878	895	0.015778
878	899	0.000036
878	903	0.000002
879	883	0.000002
879	884	0.000001
879	888	0.000001
879	893	0.000067
879	894	0.015847
879	899	0.000003
879	903	0.000002
880	885	0.000002
880	886	0.000142
880	887	0.000003
880	889	0.000002
880	891	0.000001
880	892	0.000001
880	897	0.000041
880	901	0.000002
880	902	0.000002
881	885	0.000180
881	892	0.016433
881	896	0.000044
881	898	0.000400
881	900	0.000002
881	901	0.000002
882	886	0.000004
882	887	0.000005
882	889	0.000021
882	890	0.000062
882	891	0.016485
882	892	0.000045
882	897	0.000413
882	898	0.000003
882	900	0.000002
883	887	0.000003
883	889	0.000086
883	890	0.015783
883	891	0.000192
883	892	0.000012
883	896	0.000339
883	897	0.000006
883	898	0.000002
884	889	0.012436
884	890	0.000260
884	891	0.000063
884	896	0.000006
884	897	0.000003
885	894	0.000545
885	895	0.000001
886	893	0.000485
886	895	0.000003
887	893	0.000006
888	892	0.000008
889	895	0.000001
890	895	0.000001
892	903	0.000101
892	906	0.000011
893	902	0.000101
893	905	0.000007
894	898	0.000002
894	900	0.000017
894	901	0.000103
894	904	0.000007
894	905	0.000010
895	900	0.000090
895	904	0.000011
896	903	0.000016
896	906	0.000001
898	903	0.000002
898	906	0.000077
899	905	0.000076
899	907	0.000022
900	906	0.000036
901	906	0.000031
902	906	0.000005
