1	7	0.000054
1	8	0.000046
1	9	0.000011
1	12	0.000003
1	13	0.000002
1	15	0.000014
1	41	0.350730
1	112	0.000003
1	707	0.000022
1	789	0.000019
1	809	0.000005
1	840	0.000124
1	841	0.000006
1	856	0.000038
1	860	0.225457
1	863	0.000021
1	872	0.000005
1	873	0.000009
1	874	0.000037
1	876	0.000005
1	877	0.000015
1	878	0.000042
1	879	0.000143
1	882	0.000115
1	883	0.000323
2	7	0.000160
2	8	0.000034
2	9	0.000006
2	11	0.000004
2	12	0.000003
2	14	0.000017
2	15	0.000005
2	30	0.000051
2	39	0.000278
2	40	0.463891
2	41	0.002763
2	42	0.008310
2	46	0.000089
2	62	0.000002
2	111	0.000003
2	706	0.000025
2	717	0.000001
2	788	0.000039
2	808	0.000007
2	839	0.000165
2	840	0.000008
2	848	0.000001
2	849	0.000002
2	855	0.000055
2	856	0.000015
2	858	0.000246
2	859	0.255196
2	860	0.002392
2	863	0.000007
2	870	0.000324
2	872	0.000009
2	873	0.000036
2	874	0.000105
2	876	0.000011
2	877	0.000040
2	878	0.000241
2	879	0.000214
2	880	0.016296
2	882	0.000288
2	883	0.000046
2	885	0.003174
3	7	0.000031
3	8	0.000023
3	9	0.000010
3	11	0.000003
3	13	0.000016
3	14	0.000007
3	29	0.000052
3	39	0.463993
3	40	0.003405
3	41	0.006716
3	42	0.076239
3	46	0.000006
3	61	0.000002
3	110	0.000003
3	705	0.000025
3	716	0.000001
3	787	0.000042
3	807	0.000007
3	838	0.000164
3	839	0.000008
3	848	0.000003
3	854	0.000050
3	855	0.000024
3	858	0.252915
3	859	0.002562
3	860	0.000018
3	863	0.000003
3	870	0.000086
3	872	0.000014
3	873	0.000119
3	874	0.000055
3	876	0.000011
3	877	0.000208
3	878	0.000271
3	879	0.014781
3	880	0.006680
3	882	0.000023
3	883	0.000192
3	885	0.003619
4	8	0.000048
4	9	0.000030
4	12	0.000016
4	13	0.000007
4	28	0.000052
4	41	0.073381
4	60	0.000002
4	704	0.000021
4	786	0.000042
4	806	0.000007
4	847	0.000002
4	853	0.000041
4	854	0.000021
4	856	0.000009
4	860	0.000012
4	863	0.000005
4	872	0.000102
4	873	0.000050
4	874	0.000008
4	876	0.000155
4	877	0.000205
4	878	0.012441
4	879	0.005724
4	882	0.000175
4	883	0.001416
5	10	0.000012
5	27	0.000052
5	59	0.000002
5	785	0.000042
5	805	0.000008
5	836	0.000002
5	837	0.000010
5	842	0.000002
5	850	0.000003
5	851	0.000002
5	857	0.003492
5	884	0.005955
6	26	0.000052
6	41	0.000754
6	58	0.000002
6	804	0.000006
6	841	0.000002
6	849	0.000003
6	853	0.000004
6	856	0.001514
6	860	0.000008
6	863	0.000046
6	872	0.000022
6	873	0.000004
6	874	0.000019
6	876	0.000634
6	877	0.000192
6	878	0.000081
6	879	0.000023
6	882	0.000290
6	883	0.004820
7	25	0.000048
7	37	0.000114
7	38	0.008799
7	43	0.000212
7	44	0.000217
7	45	0.000100
7	57	0.000001
7	852	0.000005
7	861	0.000003
7	862	0.000048
7	864	0.000003
7	865	0.000009
7	866	0.000013
7	867	0.000015
7	868	0.000015
7	869	0.000020
7	871	0.000022
7	875	0.000562
7	881	0.000312
7	884	0.000011
7	886	0.000020
7	887	0.000022
8	22	0.000025
8	37	0.004784
8	38	0.818077
8	43	0.000143
8	44	0.000084
8	45	0.000011
8	861	0.000025
8	862	0.000002
8	864	0.000005
8	865	0.000012
8	866	0.000014
8	867	0.000014
8	868	0.000019
8	869	0.000002
8	871	0.000002
8	875	0.000008
8	881	0.000156
8	884	0.000004
8	886	0.000020
8	887	0.000044
9	19	0.000003
9	21	0.000030
9	37	0.971705
9	38	0.000279
9	43	0.000027
9	44	0.000004
9	846	0.000002
9	861	0.000001
9	864	0.000005
9	865	0.000008
9	866	0.000008
9	867	0.000011
9	868	0.000002
9	881	0.000003
9	886	0.000076
10	18	0.000003
10	20	0.000031
10	23	0.000002
10	36	0.999705
10	42	0.000007
10	845	0.000002
10	885	0.000078
11	16	0.000006
11	35	0.999744
11	844	0.000002
11	884	0.000077
12	19	0.000002
12	31	0.000004
12	34	0.991684
12	35	0.000003
12	38	0.000001
12	843	0.000002
13	31	0.000121
13	34	0.000106
13	37	0.000001
13	842	0.000001
14	35	0.000005
15	31	0.914144
15	34	0.000006
15	881	0.000004
16	28	0.000021
16	29	0.077107
16	30	0.917157
16	32	0.000048
16	33	0.000004
16	880	0.000005
17	26	0.000064
17	28	0.533653
17	29	0.462633
17	879	0.000003
18	25	0.000136
18	27	0.988330
19	24	0.000099
19	26	0.987382
19	28	0.010478
20	25	0.983866
20	27	0.010729
21	26	0.008118
21	28	0.000001
21	29	0.000003
22	26	0.000008
22	28	0.000017
23	27	0.000017
27	36	0.000001
28	35	0.000001
33	886	0.000001
34	41	0.000004
35	40	0.000004
35	42	0.000001
35	885	0.000104
36	884	0.000105
37	41	0.000005
37	883	0.000100
38	863	0.000006
38	878	0.000001
38	879	0.000001
38	882	0.000071
38	883	0.000002
39	48	0.000015
39	72	0.000015
39	823	0.000004
39	836	0.000004
39	851	0.000003
39	857	0.000004
39	884	0.000040
40	48	0.000161
40	71	0.000015
40	822	0.000004
40	835	0.000004
40	844	0.000056
40	850	0.000003
40	857	0.000003
40	884	0.000040
41	45	0.000145
41	47	0.000151
41	48	0.000002
41	49	0.000307
41	70	0.000015
41	792	0.000424
41	821	0.000004
41	833	0.000002
41	834	0.000002
41	843	0.000069
41	852	0.000001
41	857	0.000001
41	861	0.000321
41	862	0.000387
41	864	0.000047
41	865	0.000014
41	866	0.000004
41	867	0.000001
41	868	0.000001
41	875	0.000002
41	881	0.000012
41	884	0.000005
41	886	0.000206
41	887	0.000005
42	48	0.000373
42	69	0.000015
42	791	0.000481
42	820	0.000004
42	832	0.000003
42	842	0.000072
42	851	0.000002
42	857	0.000030
42	884	0.004580
43	790	0.000475
43	819	0.000003
43	831	0.000003
43	841	0.000069
43	853	0.000005
43	854	0.000002
43	856	0.000016
43	860	0.011358
43	863	0.000055
43	872	0.000001
43	873	0.000007
43	874	0.000124
43	876	0.000002
43	877	0.000015
43	878	0.000119
43	879	0.000218
43	882	0.000017
43	883	0.004495
44	789	0.000397
44	790	0.000005
44	840	0.000055
44	853	0.000002
44	856	0.000002
44	860	0.001893
44	863	0.000033
44	872	0.000007
44	873	0.000147
44	874	0.000034
44	876	0.000010
44	877	0.000128
44	878	0.000253
44	879	0.000095
44	882	0.003415
44	883	0.000171
45	788	0.000091
45	789	0.000007
45	790	0.000003
45	806	0.000001
45	856	0.000005
45	860	0.001185
45	863	0.000083
45	872	0.000144
45	873	0.000037
45	874	0.000008
45	876	0.000100
45	877	0.000156
45	878	0.000091
45	879	0.000025
45	882	0.000143
45	883	0.000031
46	68	0.000002
46	88	0.000001
46	113	0.000037
46	691	0.000001
46	791	0.000001
46	805	0.000001
46	850	0.000075
46	857	0.974760
46	884	0.000018
47	67	0.000002
47	87	0.000001
47	112	0.000037
47	690	0.000001
47	788	0.000385
47	804	0.000001
47	840	0.000002
47	849	0.000075
47	854	0.000013
47	856	0.989672
47	860	0.000048
47	883	0.000012
48	53	0.000001
48	61	0.000026
48	62	0.000005
48	66	0.000002
48	86	0.000001
48	111	0.000037
48	787	0.000513
48	803	0.000001
48	838	0.000001
48	839	0.000002
48	848	0.000075
48	853	0.000017
48	854	0.000050
48	855	0.995355
48	858	0.000008
48	859	0.000053
48	880	0.000009
48	882	0.000003
48	885	0.000004
49	60	0.000038
49	61	0.000002
49	83	0.000001
49	688	0.000001
49	786	0.000513
49	847	0.000062
49	853	0.000398
49	854	0.978068
49	856	0.000001
49	879	0.000007
50	59	0.000042
50	82	0.000001
50	84	0.000002
50	687	0.000001
50	785	0.000512
50	835	0.000004
50	842	0.000002
50	844	0.000001
50	850	0.000007
50	851	0.000015
50	857	0.000080
50	884	0.000006
51	58	0.000042
51	83	0.000002
51	841	0.000001
51	849	0.000006
51	853	0.014613
51	854	0.000013
51	856	0.000078
51	883	0.000004
52	57	0.000041
52	69	0.000010
52	81	0.000841
52	82	0.000001
52	114	0.000004
52	775	0.000005
52	844	0.000004
52	850	0.000056
52	851	0.996573
53	68	0.000011
53	80	0.000845
53	113	0.000004
53	774	0.000005
53	832	0.000033
53	842	0.000004
53	850	0.997827
53	851	0.000739
54	67	0.000011
54	79	0.000846
54	112	0.000004
54	701	0.000027
54	831	0.000033
54	841	0.000004
54	849	0.954011
55	78	0.000844
55	700	0.000037
55	772	0.000004
55	830	0.000033
55	846	0.000002
55	850	0.000004
56	65	0.000031
56	75	0.000010
56	77	0.000834
56	111	0.000004
56	699	0.000040
56	770	0.000043
56	771	0.000003
56	829	0.000033
56	839	0.000004
56	845	0.000002
56	847	0.000138
56	848	0.994990
56	849	0.000054
56	859	0.000001
57	64	0.000032
57	74	0.000025
57	76	0.000596
57	110	0.000004
57	698	0.000041
57	769	0.000045
57	770	0.000002
57	828	0.000033
57	838	0.000004
57	847	0.997132
57	848	0.000111
57	858	0.000001
58	63	0.000028
58	73	0.000026
58	108	0.000001
58	109	0.000003
58	697	0.000041
58	768	0.000046
58	827	0.000034
58	837	0.000003
58	846	0.998386
58	857	0.000001
59	74	0.000817
59	86	0.000002
59	107	0.000002
59	696	0.000041
59	767	0.000046
59	826	0.000033
59	845	0.998893
59	853	0.000003
60	70	0.000002
60	71	0.000026
60	73	0.000816
60	85	0.000001
60	106	0.000002
60	695	0.000037
60	766	0.000045
60	825	0.000031
60	843	0.000011
60	844	0.993572
60	852	0.000004
61	69	0.000004
61	70	0.000029
61	72	0.000812
61	73	0.000001
61	81	0.000002
61	85	0.000733
61	762	0.000001
61	763	0.000001
61	824	0.000029
61	825	0.000003
61	842	0.000010
61	843	0.989640
61	844	0.000010
61	851	0.000004
62	68	0.000031
62	69	0.000031
62	71	0.000809
62	72	0.000002
62	80	0.000006
62	84	0.001630
62	791	0.000001
62	823	0.000027
62	824	0.000004
62	842	0.986904
62	844	0.000005
62	850	0.000004
63	67	0.000045
63	79	0.000017
63	83	0.008390
63	121	0.000059
63	727	0.000037
63	786	0.000004
63	790	0.000001
63	840	0.001698
63	841	0.771307
63	849	0.000004
64	68	0.000692
64	69	0.000467
64	71	0.000052
64	72	0.002496
64	78	0.000022
64	80	0.000022
64	81	0.034328
64	82	0.021052
64	84	0.000002
64	113	0.000003
64	114	0.000027
64	120	0.000061
64	122	0.000004
64	680	0.000001
64	710	0.000045
64	724	0.000323
64	725	0.004385
64	729	0.000032
64	760	0.000001
64	761	0.000730
64	782	0.014092
64	785	0.000006
64	791	0.000037
64	822	0.000034
64	823	0.000160
64	824	0.000045
64	836	0.000168
64	837	0.328843
64	842	0.000095
64	844	0.000005
64	851	0.000002
65	69	0.000218
65	71	0.002508
65	72	0.005642
65	78	0.000007
65	80	0.034376
65	81	0.044091
65	82	0.000100
65	113	0.000027
65	114	0.000199
65	119	0.000033
65	120	0.004239
65	679	0.000001
65	680	0.000003
65	710	0.000048
65	724	0.004417
65	725	0.008362
65	729	0.000001
65	759	0.000001
65	760	0.000718
65	761	0.017549
65	781	0.014265
65	785	0.000001
65	791	0.000137
65	821	0.000035
65	822	0.000162
65	823	0.000044
65	835	0.000158
65	836	0.329235
65	837	0.007115
65	842	0.000091
65	844	0.000018
65	850	0.000003
66	71	0.005648
66	72	0.000157
66	78	0.001466
66	80	0.044224
66	81	0.000315
66	82	0.000002
66	113	0.000201
66	114	0.000022
66	119	0.005378
66	679	0.000003
66	680	0.000006
66	710	0.001235
66	724	0.008417
66	725	0.000947
66	759	0.000698
66	760	0.017668
66	780	0.014310
66	785	0.000004
66	791	0.000261
66	820	0.000035
66	821	0.000163
66	822	0.000043
66	832	0.000002
66	835	0.327855
66	836	0.007022
66	837	0.000177
66	842	0.000086
66	844	0.004195
67	71	0.000130
67	72	0.000024
67	73	0.000024
67	78	0.053775
67	80	0.000303
67	81	0.000017
67	113	0.000023
67	118	0.008146
67	679	0.000006
67	684	0.000004
67	697	0.000091
67	703	0.000006
67	708	0.000056
67	709	0.001203
67	710	0.000278
67	711	0.000005
67	724	0.000970
67	725	0.000008
67	731	0.000004
67	737	0.000031
67	759	0.017665
67	779	0.014307
67	785	0.000208
67	791	0.000102
67	792	0.043053
67	793	0.000137
67	801	0.006451
67	802	0.000009
67	811	0.000003
67	815	0.000001
67	817	0.000001
67	820	0.000161
67	821	0.000015
67	827	0.000002
67	830	0.000030
67	832	0.000025
67	833	0.000622
67	834	0.269052
67	835	0.002826
67	836	0.000118
67	837	0.000007
67	842	0.000009
67	843	0.005778
68	74	0.002413
68	75	0.001218
68	76	0.000061
68	77	0.066752
68	79	0.000218
68	101	0.000002
68	110	0.000002
68	111	0.000295
68	112	0.000033
68	116	0.000003
68	117	0.010420
68	677	0.000001
68	678	0.000052
68	683	0.000009
68	686	0.000035
68	693	0.000009
68	694	0.000002
68	696	0.000317
68	698	0.000002
68	699	0.000002
68	702	0.000019
68	705	0.000006
68	706	0.008105
68	707	0.000034
68	712	0.000003
68	719	0.000004
68	720	0.114533
68	721	0.001875
68	722	0.000025
68	723	0.001149
68	730	0.000008
68	734	0.000007
68	735	0.000095
68	736	0.000071
68	738	0.000003
68	755	0.000003
68	758	0.018385
68	778	0.014303
68	783	0.000003
68	784	0.001294
68	787	0.001088
68	788	0.001837
68	789	0.000013
68	790	0.000823
68	794	0.000296
68	795	0.000098
68	796	0.000007
68	797	0.000181
68	798	0.000074
68	799	0.000179
68	800	0.022014
68	803	0.000091
68	804	0.000008
68	806	0.000001
68	808	0.000003
68	809	0.000009
68	810	0.000010
68	812	0.000002
68	813	0.000007
68	814	0.000001
68	818	0.000011
68	819	0.000156
68	826	0.000005
68	828	0.000014
68	829	0.000093
68	831	0.000132
68	838	0.000208
68	839	0.027652
68	840	0.048139
68	841	0.000813
69	74	0.001433
69	75	0.000074
69	76	0.063294
69	77	0.025221
69	79	0.000104
69	100	0.000002
69	110	0.000290
69	111	0.000035
69	112	0.000002
69	116	0.010396
69	117	0.000128
69	676	0.000001
69	677	0.000030
69	678	0.000024
69	682	0.000004
69	683	0.000021
69	686	0.000056
69	693	0.000003
69	696	0.000004
69	698	0.000001
69	701	0.000008
69	702	0.000033
69	704	0.000005
69	705	0.008140
69	706	0.000031
69	707	0.000027
69	712	0.000004
69	718	0.000001
69	719	0.116483
69	720	0.002078
69	721	0.000005
69	722	0.000991
69	723	0.000153
69	730	0.000004
69	733	0.000003
69	734	0.000137
69	735	0.000023
69	736	0.001573
69	754	0.000003
69	757	0.018368
69	777	0.014288
69	783	0.001286
69	784	0.000009
69	786	0.001045
69	787	0.002158
69	788	0.000002
69	789	0.000834
69	790	0.125772
69	794	0.000104
69	795	0.000003
69	796	0.000313
69	797	0.000194
69	798	0.000162
69	799	0.024140
69	803	0.000010
69	807	0.000003
69	808	0.000011
69	809	0.000003
69	810	0.003441
69	812	0.000007
69	813	0.000001
69	818	0.000154
69	819	0.000007
69	828	0.000026
69	829	0.000061
69	831	0.000326
69	838	0.027631
69	839	0.048699
69	840	0.001439
69	841	0.152075
70	75	0.054329
70	76	0.024466
70	79	0.000759
70	87	0.000001
70	112	0.001803
70	682	0.000019
70	694	0.000328
70	699	0.000004
70	701	0.000029
70	704	0.007310
70	707	0.010962
70	718	0.118018
70	719	0.001051
70	721	0.000905
70	722	0.000152
70	733	0.000117
70	735	0.001575
70	753	0.000003
70	756	0.018389
70	786	0.002084
70	788	0.000797
70	789	0.135363
70	790	0.000091
70	795	0.000330
70	796	0.000216
70	797	0.000150
70	798	0.024109
70	800	0.000096
70	804	0.000003
70	806	0.000002
70	807	0.000010
70	809	0.003681
70	810	0.000010
70	814	0.000104
70	826	0.000005
70	828	0.000072
70	829	0.000482
70	831	0.002563
70	840	0.392585
70	841	0.000055
71	75	0.011272
71	76	0.000029
71	77	0.000814
71	79	0.000009
71	86	0.000001
71	98	0.000002
71	110	0.000014
71	111	0.001944
71	112	0.000056
71	116	0.000308
71	117	0.028416
71	676	0.000002
71	677	0.000004
71	678	0.000010
71	683	0.000018
71	686	0.000010
71	690	0.000010
71	693	0.000330
71	694	0.000002
71	698	0.000004
71	699	0.000004
71	701	0.000002
71	702	0.000719
71	704	0.000002
71	705	0.000011
71	706	0.011706
71	707	0.000007
71	712	0.000001
71	717	0.119222
71	718	0.000028
71	720	0.000851
71	721	0.000148
71	730	0.000004
71	734	0.001531
71	735	0.000024
71	736	0.000006
71	752	0.000003
71	755	0.018401
71	777	0.000003
71	778	0.000017
71	783	0.000001
71	784	0.002267
71	787	0.000567
71	788	0.139193
71	789	0.000053
71	790	0.000001
71	794	0.000327
71	795	0.000231
71	796	0.000105
71	797	0.023789
71	798	0.000001
71	799	0.000105
71	800	0.000082
71	803	0.000003
71	806	0.000005
71	808	0.003718
71	809	0.000010
71	813	0.000107
71	814	0.000003
71	826	0.000019
71	828	0.000245
71	829	0.000128
71	831	0.000389
71	838	0.047524
71	839	0.397133
71	840	0.000162
72	76	0.000346
72	77	0.001282
72	79	0.000010
72	97	0.000002
72	107	0.000003
72	110	0.001917
72	111	0.000060
72	112	0.000001
72	116	0.028365
72	117	0.000169
72	676	0.000004
72	677	0.000008
72	678	0.000003
72	682	0.000009
72	683	0.000110
72	686	0.000006
72	693	0.000003
72	698	0.000002
72	699	0.000003
72	701	0.000307
72	702	0.006082
72	704	0.000005
72	705	0.011702
72	706	0.000008
72	712	0.000003
72	716	0.119254
72	717	0.000015
72	719	0.000771
72	720	0.000149
72	728	0.000012
72	730	0.000006
72	733	0.000625
72	734	0.000041
72	735	0.000002
72	736	0.000007
72	751	0.000003
72	753	0.000001
72	754	0.018397
72	777	0.000021
72	783	0.002256
72	784	0.000994
72	786	0.000243
72	787	0.140234
72	788	0.000001
72	794	0.000236
72	795	0.000069
72	796	0.023753
72	797	0.000004
72	798	0.000100
72	799	0.000085
72	807	0.003712
72	808	0.000010
72	812	0.000106
72	813	0.000003
72	826	0.000007
72	828	0.000078
72	829	0.006167
72	831	0.000044
72	838	0.395860
72	839	0.000161
73	79	0.000744
73	83	0.000023
73	112	0.000011
73	121	0.000002
73	682	0.000103
73	688	0.000019
73	690	0.000122
73	699	0.000020
73	701	0.005204
73	704	0.009728
73	715	0.119209
73	718	0.000641
73	719	0.000127
73	727	0.000012
73	733	0.000044
73	735	0.000005
73	752	0.000058
73	753	0.017260
73	786	0.140329
73	795	0.023166
73	796	0.000006
73	797	0.000092
73	798	0.000073
73	804	0.000004
73	806	0.003715
73	807	0.000008
73	810	0.000002
73	826	0.000037
73	828	0.006111
73	829	0.000091
73	831	0.000021
74	78	0.000794
74	80	0.001030
74	81	0.005299
74	82	0.000030
74	95	0.000002
74	113	0.000695
74	114	0.009880
74	119	0.000013
74	120	0.000002
74	675	0.000001
74	687	0.000019
74	689	0.000130
74	691	0.000010
74	695	0.000002
74	710	0.000119
74	713	0.000192
74	714	0.118743
74	729	0.000004
74	750	0.000002
74	775	0.000007
74	782	0.000009
74	785	0.139700
74	791	0.000136
74	805	0.003702
74	822	0.000002
74	823	0.000126
74	824	0.000089
74	832	0.000002
74	835	0.464271
74	836	0.005203
74	837	0.001263
75	80	0.005098
75	81	0.000070
75	94	0.000002
75	108	0.000008
75	109	0.000042
75	113	0.009484
75	114	0.000188
75	115	0.084841
75	118	0.000113
75	119	0.000002
75	681	0.000132
75	685	0.000002
75	689	0.000020
75	700	0.000070
75	703	0.000094
75	708	0.000003
75	709	0.000144
75	710	0.000016
75	711	0.000127
75	713	0.109421
75	714	0.000005
75	726	0.000058
75	731	0.000004
75	732	0.000015
75	774	0.000002
75	775	0.000001
75	776	0.014012
75	785	0.000008
75	791	0.000001
75	792	0.000007
75	793	0.021350
75	802	0.000006
75	805	0.000002
75	821	0.000002
75	822	0.000119
75	823	0.000078
75	824	0.000036
75	825	0.000426
75	827	0.000026
75	833	0.000013
75	834	0.468047
75	835	0.002930
75	836	0.000883
75	837	0.000002
76	80	0.000050
76	81	0.000023
76	85	0.000001
76	92	0.000002
76	108	0.000056
76	109	0.000003
76	113	0.000279
76	114	0.100594
76	115	0.037672
76	118	0.000034
76	680	0.000143
76	681	0.000009
76	684	0.000002
76	689	0.000002
76	692	0.000003
76	697	0.000005
76	700	0.000050
76	703	0.000052
76	708	0.000141
76	709	0.000040
76	710	0.000249
76	711	0.101005
76	713	0.000023
76	714	0.000222
76	725	0.000066
76	731	0.000015
76	732	0.000003
76	750	0.000013
76	775	0.014203
76	776	0.000016
76	782	0.000014
76	791	0.000005
76	792	0.023568
76	793	0.000002
76	801	0.000006
76	802	0.000008
76	820	0.000001
76	821	0.000110
76	822	0.000046
76	823	0.000044
76	824	0.000457
76	825	0.005853
76	827	0.000005
76	832	0.000002
76	833	0.474483
76	834	0.001464
76	835	0.000137
76	836	0.000007
76	837	0.000002
77	81	0.000117
77	82	0.000006
77	84	0.000002
77	91	0.000002
77	113	0.116132
77	114	0.043204
77	119	0.000002
77	679	0.000153
77	680	0.000009
77	687	0.000505
77	689	0.000001
77	691	0.000003
77	710	0.103757
77	713	0.003324
77	724	0.000075
77	729	0.000003
77	750	0.016648
77	774	0.014271
77	775	0.000008
77	781	0.000015
77	782	0.000091
77	785	0.000079
77	791	0.023572
77	820	0.000110
77	821	0.000035
77	822	0.000046
77	823	0.000463
77	824	0.005867
77	832	0.476376
77	835	0.000012
77	836	0.000002
78	86	0.000003
78	90	0.000002
78	107	0.000009
78	110	0.030343
78	111	0.006946
78	112	0.100394
78	116	0.000753
78	117	0.000026
78	676	0.000002
78	678	0.000192
78	686	0.000808
78	688	0.000001
78	690	0.000002
78	693	0.000002
78	696	0.000336
78	698	0.000263
78	699	0.000011
78	701	0.000286
78	702	0.000024
78	704	0.000733
78	705	0.000029
78	706	0.000029
78	707	0.000219
78	712	0.004298
78	723	0.000075
78	728	0.000002
78	730	0.000055
78	733	0.000004
78	734	0.000004
78	736	0.000021
78	738	0.000123
78	749	0.016946
78	751	0.000004
78	773	0.014286
78	783	0.000444
78	784	0.000172
78	786	0.000130
78	787	0.000614
78	788	0.000010
78	789	0.000026
78	790	0.016896
78	794	0.000032
78	799	0.000004
78	800	0.000002
78	803	0.000289
78	812	0.000001
78	818	0.000029
78	819	0.000063
78	826	0.000004
78	828	0.000024
78	829	0.000003
78	831	0.465585
79	85	0.000003
79	89	0.000002
79	106	0.000008
79	108	0.000099
79	109	0.030133
79	113	0.004808
79	114	0.000026
79	115	0.000709
79	118	0.001529
79	675	0.000002
79	679	0.000009
79	684	0.000020
79	685	0.000749
79	687	0.000002
79	692	0.000002
79	695	0.000336
79	697	0.000264
79	700	0.000313
79	703	0.001002
79	708	0.030247
79	709	0.000442
79	710	0.000025
79	711	0.004072
79	713	0.000002
79	729	0.000049
79	731	0.000012
79	732	0.000004
79	737	0.000192
79	748	0.016930
79	750	0.000004
79	772	0.014275
79	779	0.000016
79	782	0.000059
79	785	0.004607
79	793	0.000030
79	801	0.001245
79	802	0.000222
79	811	0.000002
79	815	0.000046
79	817	0.000027
79	820	0.000024
79	821	0.000009
79	822	0.000579
79	823	0.000017
79	825	0.000005
79	827	0.000032
79	830	0.458691
79	833	0.000001
80	87	0.000006
80	105	0.000003
80	107	0.000072
80	110	0.019362
80	111	0.213285
80	112	0.018400
80	116	0.000001
80	117	0.002034
80	676	0.000001
80	677	0.000221
80	678	0.000543
80	683	0.000033
80	686	0.000037
80	694	0.000332
80	696	0.000257
80	698	0.000001
80	699	0.000280
80	702	0.001044
80	705	0.000060
80	706	0.081636
80	707	0.031762
80	712	0.000009
80	720	0.000002
80	721	0.000064
80	728	0.000045
80	730	0.000015
80	734	0.000019
80	735	0.000019
80	736	0.000216
80	740	0.000004
80	747	0.016911
80	749	0.000004
80	770	0.000003
80	771	0.014281
80	778	0.000016
80	783	0.000044
80	784	0.007722
80	786	0.000003
80	787	0.000323
80	788	0.009067
80	789	0.000031
80	790	0.000003
80	794	0.000002
80	795	0.000011
80	797	0.000001
80	799	0.000086
80	800	0.001339
80	803	0.000001
80	804	0.000009
80	810	0.000002
80	813	0.000017
80	814	0.000057
80	818	0.000006
80	819	0.000032
80	826	0.000016
80	828	0.000211
80	829	0.383358
80	831	0.000001
80	839	0.000042
80	840	0.000003
81	86	0.000009
81	87	0.000003
81	107	0.000852
81	110	0.212408
81	111	0.026803
81	112	0.000060
81	116	0.002032
81	117	0.000061
81	676	0.000221
81	677	0.000542
81	678	0.000013
81	682	0.000017
81	683	0.000020
81	686	0.000176
81	693	0.000336
81	694	0.000020
81	696	0.000002
81	698	0.000193
81	699	0.000115
81	701	0.000549
81	702	0.000094
81	704	0.000032
81	705	0.081859
81	706	0.031685
81	707	0.000025
81	712	0.000004
81	719	0.000001
81	720	0.000067
81	727	0.000015
81	730	0.000008
81	733	0.000010
81	734	0.000045
81	735	0.000128
81	736	0.000013
81	739	0.000005
81	746	0.016668
81	747	0.000002
81	769	0.000006
81	770	0.014266
81	777	0.000016
81	783	0.007686
81	784	0.000078
81	786	0.000196
81	787	0.009129
81	788	0.000026
81	789	0.000006
81	790	0.000002
81	794	0.000015
81	795	0.000001
81	796	0.000001
81	797	0.000001
81	798	0.000059
81	799	0.001343
81	800	0.000003
81	803	0.000013
81	809	0.000002
81	812	0.000017
81	813	0.000058
81	818	0.000033
81	819	0.000007
81	826	0.000063
81	828	0.200984
81	829	0.000435
81	831	0.000001
81	838	0.000041
81	839	0.000003
82	86	0.000003
82	107	0.857387
82	110	0.024834
82	111	0.000039
82	116	0.000057
82	676	0.000358
82	677	0.000001
82	686	0.000004
82	693	0.000023
82	694	0.000008
82	696	0.000009
82	698	0.000133
82	701	0.000005
82	704	0.059740
82	705	0.012795
82	706	0.000006
82	733	0.000002
82	734	0.000022
82	738	0.000005
82	746	0.000001
82	769	0.013062
82	783	0.000029
82	786	0.000081
82	787	0.000005
82	794	0.000001
82	798	0.000008
82	812	0.000050
82	818	0.000005
82	826	0.000016
82	828	0.000019
82	838	0.000001
83	106	0.883885
83	108	0.001201
83	109	0.018288
83	115	0.000043
83	675	0.000279
83	685	0.000003
83	692	0.000021
83	695	0.000008
83	697	0.000139
83	700	0.000007
83	703	0.066820
83	732	0.000002
83	737	0.000005
83	745	0.000001
83	768	0.012159
83	782	0.000001
83	785	0.000029
83	811	0.000046
83	817	0.000004
83	825	0.000015
83	827	0.000022
84	104	0.000010
84	105	0.914758
84	107	0.001925
84	110	0.000002
84	111	0.000002
84	674	0.000004
84	694	0.000002
84	696	0.000139
84	699	0.000004
84	702	0.066651
84	704	0.000001
84	705	0.000002
84	736	0.000005
84	747	0.000002
84	767	0.008183
84	784	0.000030
84	787	0.000028
84	810	0.000036
84	826	0.000003
85	104	0.934767
85	105	0.000150
85	690	0.000001
85	699	0.000007
85	701	0.048673
85	704	0.000001
85	735	0.000004
85	765	0.000026
85	786	0.000029
85	809	0.000025
86	95	0.000016
86	102	0.000417
86	103	0.947143
86	689	0.000001
86	695	0.000163
86	766	0.000334
86	785	0.000029
86	823	0.000003
86	824	0.000002
87	94	0.000016
87	99	0.000001
87	102	0.952373
87	695	0.000003
87	697	0.000737
87	700	0.000946
87	748	0.000001
87	822	0.000002
87	823	0.000001
88	93	0.000016
88	98	0.000006
88	100	0.000002
88	101	0.993477
88	696	0.000655
88	698	0.003843
88	699	0.000431
88	747	0.000004
88	751	0.000002
88	764	0.000003
88	787	0.000003
89	97	0.000006
89	100	0.998238
89	101	0.000002
89	696	0.001271
89	698	0.000297
89	746	0.000004
89	749	0.000015
89	786	0.000003
90	95	0.000005
90	99	0.998287
90	102	0.000256
90	695	0.001260
90	745	0.000004
90	748	0.000016
90	785	0.000003
91	97	0.000081
91	98	0.997998
91	101	0.001521
91	694	0.000056
91	696	0.000008
91	744	0.000004
91	747	0.000015
91	784	0.000003
91	859	0.000001
92	97	0.985705
92	98	0.000004
92	100	0.001531
92	693	0.000055
92	696	0.000021
92	746	0.000015
92	783	0.000003
92	858	0.000001
93	99	0.001529
93	691	0.000054
93	695	0.000022
93	742	0.000004
93	745	0.000015
93	782	0.000002
93	857	0.000001
94	690	0.000054
94	694	0.000019
94	741	0.000004
94	744	0.000007
94	856	0.000001
95	693	0.000016
95	740	0.000004
95	855	0.000001
96	104	0.000001
96	688	0.000053
96	690	0.000001
96	744	0.000006
97	103	0.000002
97	687	0.000048
97	689	0.000001
97	691	0.000006
97	743	0.000013
98	102	0.000002
98	687	0.000006
98	689	0.000006
98	691	0.000005
98	742	0.000013
99	686	0.000010
99	688	0.000006
99	690	0.000005
99	696	0.000042
99	741	0.000003
100	113	0.000003
100	114	0.000034
100	687	0.000006
100	689	0.000005
100	695	0.000022
101	113	0.000036
101	687	0.000002
101	695	0.004539
102	107	0.000014
102	110	0.000004
102	111	0.002410
102	112	0.000016
102	117	0.000275
102	686	0.000001
102	693	0.000016
102	694	0.038993
102	696	0.000077
102	698	0.000018
102	699	0.000002
103	110	0.002426
103	111	0.000016
103	116	0.000277
103	686	0.000007
103	693	0.049786
103	694	0.000002
103	696	0.000007
103	698	0.000002
104	108	0.000005
104	109	0.002079
104	113	0.000011
104	114	0.000006
104	115	0.000283
104	685	0.000007
104	691	0.000001
104	692	0.053269
104	695	0.000006
104	697	0.000002
105	109	0.000010
105	113	0.000066
105	114	0.000273
105	115	0.000005
105	684	0.000005
105	689	0.000005
105	691	0.055736
105	692	0.000008
105	700	0.000002
105	766	0.000003
105	792	0.000001
106	112	0.000072
106	688	0.000057
106	690	0.056778
106	699	0.000002
106	765	0.000003
106	786	0.000001
107	113	0.003194
107	114	0.000156
107	122	0.000004
107	687	0.000065
107	689	0.056980
107	691	0.000111
107	695	0.000002
107	710	0.000002
107	745	0.000044
107	766	0.000050
107	785	0.000002
107	791	0.000291
107	824	0.000001
107	842	0.000006
108	112	0.002248
108	121	0.000040
108	682	0.000002
108	688	0.050594
108	690	0.000108
108	694	0.000003
108	699	0.000008
108	701	0.000004
108	704	0.000002
108	707	0.000004
108	719	0.000002
108	721	0.000002
108	722	0.000024
108	744	0.000035
108	765	0.000047
108	786	0.000002
108	788	0.000003
108	789	0.000038
108	790	0.000357
108	795	0.000001
108	796	0.000003
108	797	0.000002
108	798	0.000001
108	807	0.000023
108	810	0.000003
108	826	0.000097
108	828	0.000004
108	829	0.000003
108	840	0.000001
108	841	0.000008
109	121	0.029237
109	682	0.000011
109	688	0.029975
109	690	0.000458
109	699	0.000006
109	701	0.000003
109	704	0.000002
109	707	0.000005
109	718	0.000003
109	719	0.000002
109	721	0.000027
109	722	0.000002
109	744	0.009934
109	786	0.000092
109	788	0.000037
109	789	0.000343
109	790	0.000051
109	795	0.000003
109	796	0.000002
109	797	0.000001
109	804	0.000003
109	806	0.000041
109	809	0.000003
109	826	0.000070
109	828	0.000005
109	840	0.000007
109	841	0.000001
110	114	0.000265
110	119	0.000009
110	120	0.032123
110	680	0.000040
110	687	0.037207
110	689	0.000499
110	691	0.000006
110	710	0.000050
110	725	0.000006
110	742	0.000002
110	743	0.010597
110	745	0.000011
110	750	0.000015
110	760	0.000003
110	761	0.000197
110	781	0.000025
110	785	0.000099
110	791	0.000363
110	805	0.000043
110	821	0.000021
110	822	0.001362
110	823	0.000641
110	824	0.002493
110	836	0.000183
110	837	0.000064
110	842	0.000003
110	851	0.000001
111	119	0.033330
111	120	0.000002
111	679	0.000040
111	680	0.000592
111	687	0.000924
111	689	0.000022
111	691	0.000003
111	710	0.000457
111	724	0.000006
111	725	0.000003
111	742	0.010548
111	743	0.000024
111	745	0.000003
111	748	0.000007
111	750	0.000003
111	759	0.000003
111	760	0.000199
111	780	0.000026
111	785	0.000055
111	791	0.000615
111	805	0.000002
111	820	0.000021
111	821	0.001368
111	822	0.000632
111	823	0.002507
111	824	0.000072
111	832	0.000004
111	835	0.000184
111	836	0.000064
111	842	0.000002
111	850	0.000001
111	851	0.000004
112	118	0.035195
112	119	0.000003
112	679	0.000598
112	680	0.000004
112	681	0.000025
112	684	0.321502
112	685	0.009299
112	687	0.000543
112	697	0.000002
112	700	0.000025
112	703	0.000327
112	708	0.000246
112	709	0.000389
112	710	0.000002
112	711	0.000001
112	724	0.000003
112	731	0.000083
112	732	0.000001
112	737	0.000307
112	742	0.000024
112	745	0.000001
112	748	0.000101
112	759	0.000198
112	779	0.000026
112	785	0.001496
112	791	0.000012
112	792	0.000007
112	793	0.000002
112	801	0.000447
112	802	0.000001
112	811	0.000006
112	815	0.000003
112	820	0.001349
112	821	0.000159
112	822	0.001630
112	823	0.000059
112	824	0.000002
112	825	0.000003
112	827	0.000245
112	830	0.000003
112	834	0.000159
112	835	0.000038
112	850	0.000004
113	117	0.034415
113	678	0.000908
113	682	0.000323
113	683	0.369471
113	686	0.004051
113	688	0.000004
113	696	0.000003
113	698	0.000001
113	699	0.000027
113	701	0.000001
113	702	0.000469
113	705	0.000018
113	706	0.004674
113	707	0.000211
113	712	0.000008
113	717	0.002856
113	730	0.000097
113	734	0.000019
113	735	0.000172
113	736	0.000387
113	738	0.000009
113	739	0.000803
113	740	0.009438
113	741	0.000071
113	746	0.000294
113	747	0.001645
113	755	0.000006
113	758	0.000194
113	764	0.000001
113	778	0.000026
113	783	0.000011
113	784	0.003643
113	787	0.000022
113	788	0.011475
113	789	0.000030
113	790	0.000007
113	794	0.000007
113	795	0.000006
113	799	0.000022
113	800	0.000510
113	803	0.000008
113	804	0.000004
113	808	0.000094
113	809	0.000029
113	810	0.000006
113	813	0.000013
113	814	0.000005
113	818	0.000015
113	819	0.001291
113	826	0.000289
113	828	0.000002
113	829	0.000004
113	838	0.000004
113	839	0.000973
113	840	0.000020
113	849	0.000004
113	855	0.000009
113	856	0.000001
114	677	0.000456
114	678	0.000375
114	682	0.287495
114	683	0.294657
114	686	0.000088
114	698	0.000004
114	699	0.000001
114	701	0.000046
114	702	0.000104
114	704	0.000002
114	705	0.004674
114	706	0.000199
114	707	0.000004
114	712	0.000002
114	716	0.002870
114	730	0.000006
114	733	0.000005
114	734	0.000335
114	735	0.000114
114	736	0.000097
114	738	0.000796
114	739	0.009379
114	740	0.000078
114	744	0.000002
114	746	0.001646
114	754	0.000006
114	757	0.000130
114	777	0.000025
114	783	0.003601
114	784	0.000021
114	786	0.000008
114	787	0.013439
114	788	0.000001
114	789	0.000004
114	790	0.000003
114	794	0.000007
114	796	0.000001
114	798	0.000018
114	799	0.000515
114	803	0.000004
114	807	0.000095
114	808	0.000034
114	809	0.000003
114	810	0.000003
114	812	0.000013
114	813	0.000005
114	818	0.001271
114	819	0.000079
114	826	0.000009
114	828	0.000002
114	829	0.000003
114	838	0.000962
114	839	0.000023
114	848	0.000004
114	854	0.000010
114	855	0.000002
115	682	0.298053
115	694	0.000001
115	699	0.000003
115	701	0.000087
115	704	0.003876
115	707	0.000002
115	715	0.002870
115	733	0.000282
115	735	0.000082
115	744	0.003001
115	753	0.000005
115	756	0.000109
115	786	0.013438
115	788	0.000003
115	789	0.000002
115	795	0.000001
115	797	0.000016
115	798	0.000441
115	806	0.000096
115	807	0.000032
115	809	0.000002
115	826	0.000013
115	828	0.000003
115	831	0.000001
115	847	0.000004
115	853	0.000010
115	854	0.000001
116	679	0.000180
116	680	0.746728
116	710	0.000008
116	714	0.002871
116	743	0.003073
116	775	0.000007
116	782	0.000025
116	785	0.013297
116	791	0.000002
116	805	0.000089
116	821	0.000411
116	822	0.000008
116	823	0.000493
116	824	0.000443
116	836	0.000154
116	837	0.000473
116	851	0.000014
117	679	0.747545
117	680	0.001454
117	710	0.000036
117	713	0.002865
117	742	0.003073
117	774	0.000007
117	781	0.000017
117	782	0.000003
117	785	0.000057
117	791	0.000041
117	805	0.000038
117	820	0.000414
117	821	0.000008
117	822	0.000490
117	823	0.000445
117	824	0.000006
117	832	0.000011
117	835	0.000156
117	836	0.000465
117	850	0.000014
118	701	0.000002
118	707	0.000004
118	733	0.000002
118	735	0.000026
118	741	0.002863
118	790	0.000036
118	795	0.000012
118	796	0.000001
118	797	0.000001
118	804	0.000041
118	814	0.000025
118	819	0.000379
118	831	0.000010
118	849	0.000013
119	676	0.000005
119	677	0.954744
119	678	0.002419
119	712	0.000002
119	734	0.000012
119	739	0.000013
119	740	0.001607
119	783	0.000003
119	784	0.000003
119	794	0.000005
119	803	0.000019
119	813	0.000022
119	818	0.000173
119	848	0.000009
120	676	0.961484
120	677	0.001231
120	678	0.000001
120	733	0.000001
120	738	0.000021
120	739	0.000691
120	783	0.000002
120	812	0.000018
120	847	0.000007
121	675	0.963721
121	732	0.000001
121	737	0.000026
121	811	0.000015
121	846	0.000006
122	674	0.999831
122	736	0.000002
122	845	0.000006
123	673	0.999972
123	844	0.000006
124	672	0.999505
124	843	0.000005
125	670	0.000001
125	671	0.999964
126	670	0.996595
126	671	0.000002
128	668	0.995996
129	667	0.999962
130	666	0.997713
131	662	0.000015
131	664	0.040016
131	665	0.947837
131	666	0.000009
132	661	0.000010
132	662	0.501649
132	664	0.493314
132	665	0.000026
133	661	0.956185
133	662	0.039575
133	664	0.000040
134	660	0.999779
134	663	0.000051
135	659	0.999939
135	662	0.000017
136	658	0.999980
136	661	0.000009
137	657	0.999988
137	659	0.000001
138	656	0.999978
138	658	0.000001
139	655	0.999563
140	654	0.999604
140	656	0.000002
141	652	0.000014
141	653	0.253512
141	655	0.000002
142	652	0.240186
142	653	0.745928
143	652	0.754073
143	653	0.000028
145	650	0.996331
145	651	0.000611
146	648	0.000005
146	649	0.999624
147	647	0.000008
147	648	0.999932
148	647	0.992034
149	646	0.991502
150	644	0.000001
150	645	0.998305
151	644	0.999295
151	645	0.000002
152	643	0.999984
153	642	0.999977
154	641	0.999488
155	639	0.000019
155	640	0.999589
156	639	0.960405
157	639	0.001779
158	635	0.000010
158	636	0.995678
158	638	0.001069
159	635	0.999533
159	636	0.000311
160	634	0.999426
160	635	0.000076
161	633	0.999976
162	632	0.999990
163	631	0.999991
164	630	0.999964
165	629	0.999934
166	628	0.995580
167	620	0.000001
167	625	0.000320
167	626	0.000058
167	627	0.988892
168	624	0.000236
168	626	0.996480
168	627	0.000025
169	618	0.000008
169	624	0.022160
169	625	0.976953
169	626	0.000003
169	629	0.000003
170	210	0.000015
170	495	0.000014
170	617	0.000009
170	623	0.997944
170	628	0.000003
171	175	0.000004
171	209	0.000027
171	494	0.000016
171	497	0.000005
171	616	0.000007
171	618	0.000017
171	619	0.000002
171	620	0.000006
171	622	0.997090
171	624	0.000006
171	627	0.000003
172	208	0.000028
172	489	0.000003
172	495	0.000001
172	496	0.000005
172	617	0.000017
172	621	0.997384
172	623	0.000003
173	488	0.000007
173	492	0.000022
173	493	0.000004
173	494	0.000007
173	497	0.000003
173	613	0.000004
173	614	0.000013
173	615	0.000022
173	616	0.000010
173	618	0.000141
173	619	0.002038
173	620	0.985231
173	622	0.000001
173	625	0.000042
174	487	0.000007
174	491	0.000021
174	616	0.000250
174	622	0.000002
174	624	0.000063
175	203	0.000002
175	204	0.004253
175	206	0.019108
175	495	0.000030
175	610	0.000002
175	611	0.000007
175	617	0.006527
175	623	0.000063
176	202	0.000001
176	203	0.003225
176	204	0.990049
176	206	0.000005
176	610	0.000006
176	611	0.000003
176	617	0.000308
177	201	0.000001
177	202	0.002157
177	203	0.996328
177	204	0.000033
177	609	0.000003
177	610	0.000003
177	611	0.000002
178	201	0.001087
178	202	0.997540
178	203	0.000023
178	609	0.000002
178	610	0.000002
179	199	0.000002
179	201	0.998870
179	202	0.000012
180	200	0.999453
181	198	0.000001
181	199	0.998114
182	198	0.998840
183	197	0.999964
184	196	0.999509
185	193	0.000002
185	195	0.999972
186	192	0.000006
186	194	0.999917
187	191	0.000024
187	193	0.991644
187	195	0.000007
188	192	0.980165
188	194	0.000008
189	193	0.000009
199	497	0.000003
200	496	0.000003
201	494	0.000001
202	493	0.000001
202	494	0.000266
203	492	0.000002
203	493	0.000365
203	494	0.000004
203	614	0.000002
203	615	0.000001
203	619	0.000001
204	488	0.000213
204	491	0.000005
204	492	0.000490
204	493	0.000005
204	494	0.000002
204	613	0.000002
204	614	0.000003
204	615	0.000001
204	618	0.000002
204	619	0.000001
205	487	0.000343
205	491	0.000662
205	616	0.000365
206	487	0.000132
206	488	0.896113
206	491	0.000005
206	492	0.000210
206	493	0.000004
206	494	0.000004
206	613	0.000010
206	614	0.000019
206	615	0.000353
206	618	0.000015
206	619	0.000020
207	487	0.880247
207	491	0.000203
207	616	0.000003
208	484	0.000001
208	487	0.002567
208	491	0.000006
208	616	0.000002
209	485	0.989561
209	495	0.000002
210	483	0.000002
210	484	0.997887
210	488	0.000002
210	494	0.000002
211	483	0.999973
212	482	0.999971
213	479	0.000002
213	481	0.999894
213	482	0.000019
214	477	0.000002
214	478	0.000006
214	479	0.000935
214	480	0.986579
214	481	0.000037
215	476	0.000003
216	476	0.000019
217	476	0.000328
218	476	0.010383
219	476	0.968590
220	475	0.998502
221	474	0.999922
222	473	0.999937
223	472	0.999433
224	471	0.997579
225	469	0.000639
225	470	0.948951
226	466	0.000001
226	467	0.000019
226	468	0.000890
227	466	0.000019
227	467	0.000522
227	468	0.951221
228	467	0.989703
229	469	0.000002
230	465	0.981588
230	466	0.000952
231	464	0.999852
232	462	0.000001
232	463	0.999012
233	462	0.998626
233	463	0.000001
234	461	0.999322
235	460	0.998642
236	459	0.999851
236	460	0.000002
237	458	0.999162
238	456	0.000001
238	457	0.998121
239	456	0.999262
239	457	0.000001
240	455	0.999978
241	454	0.999818
241	455	0.000004
242	453	0.993625
243	452	0.987019
243	454	0.000120
244	451	0.950335
244	453	0.004966
245	452	0.009735
246	448	0.000058
246	449	0.010294
246	450	0.754429
246	451	0.010133
247	451	0.009083
248	448	0.014061
248	449	0.965914
248	450	0.012079
248	451	0.000010
249	446	0.000484
249	448	0.965373
249	449	0.011483
249	450	0.000014
250	446	0.992247
250	448	0.005282
250	449	0.000006
251	445	0.999929
252	444	0.999975
253	443	0.999354
254	442	0.997733
255	439	0.000044
256	439	0.998128
257	438	0.999917
258	437	0.999957
259	436	0.999980
260	435	0.999583
261	434	0.999964
262	433	0.999418
263	429	0.000184
263	430	0.000002
263	431	0.000009
263	432	0.998850
264	269	0.000180
264	394	0.000004
264	428	0.000237
264	431	0.996678
265	409	0.000003
265	410	0.000001
266	393	0.000010
266	396	0.000025
266	397	0.000001
266	407	0.000002
266	409	0.000002
266	410	0.000026
267	409	0.000054
267	410	0.000001
268	394	0.005232
268	395	0.002610
268	408	0.000064
268	426	0.000031
268	427	0.003972
268	428	0.000409
268	429	0.002064
268	430	0.000565
268	431	0.000001
269	393	0.007017
269	398	0.000002
269	407	0.000021
269	409	0.000002
269	425	0.000009
270	392	0.003518
270	393	0.991180
270	397	0.000002
271	392	0.996451
271	393	0.000010
271	396	0.000002
271	425	0.000001
272	390	0.000005
272	391	0.999976
272	395	0.000002
272	424	0.000001
273	390	0.999932
273	394	0.000002
273	423	0.000001
274	288	0.000155
274	384	0.000008
274	387	0.000052
274	388	0.000157
274	389	0.993301
275	287	0.000304
275	380	0.000019
275	383	0.000016
275	384	0.000004
275	386	0.000110
275	387	0.000259
275	388	0.960285
275	389	0.002218
276	286	0.000307
276	379	0.000019
276	384	0.000011
276	387	0.827097
276	388	0.005725
276	389	0.000047
277	285	0.000310
277	378	0.000020
277	382	0.002066
277	385	0.006439
278	284	0.000311
278	377	0.000020
278	381	0.002088
279	287	0.000005
279	289	0.000014
279	290	0.000010
279	376	0.000005
279	380	0.001876
279	383	0.000941
279	384	0.007713
279	386	0.116740
279	387	0.000070
279	388	0.000470
279	389	0.000001
280	286	0.000005
280	288	0.000030
280	289	0.000009
280	379	0.001725
280	384	0.922569
280	387	0.000621
280	388	0.000001
281	287	0.000044
281	288	0.000006
281	290	0.000255
281	374	0.000002
281	380	0.000023
281	383	0.957170
281	384	0.000140
281	386	0.000706
282	286	0.000033
282	288	0.000001
282	289	0.000250
282	376	0.000002
282	379	0.000022
282	384	0.000075
283	288	0.000189
283	376	0.000298
283	384	0.000248
284	290	0.000023
284	374	0.000022
284	376	0.000023
284	379	0.000001
284	380	0.997224
284	383	0.000237
285	289	0.000017
285	376	0.000300
285	379	0.997030
286	372	0.000013
286	373	0.000020
286	375	0.000284
286	377	0.000020
286	378	0.996749
286	381	0.000006
286	382	0.000197
287	377	0.994840
287	381	0.000199
288	372	0.000205
288	373	0.004282
288	375	0.034502
288	377	0.000047
288	378	0.000005
289	372	0.003706
289	373	0.002862
289	375	0.058289
289	377	0.000004
289	378	0.001025
290	377	0.001168
290	390	0.000001
291	371	0.001142
291	376	0.001333
291	389	0.000003
292	371	0.919898
292	376	0.000005
292	388	0.000003
293	369	0.000007
293	370	0.989933
293	371	0.008199
293	374	0.000005
293	387	0.000004
294	368	0.000004
294	369	0.989953
294	370	0.008775
294	371	0.000007
294	374	0.000013
294	386	0.000004
295	373	0.000013
295	385	0.000004
296	367	0.000011
296	368	0.999640
296	369	0.000061
296	384	0.000004
297	367	0.999924
297	368	0.000038
297	383	0.000004
298	365	0.000002
298	366	0.999353
298	382	0.000004
299	365	0.972442
299	381	0.000004
300	365	0.026727
301	364	0.963413
302	362	0.000006
302	363	0.999927
303	361	0.000004
303	362	0.999984
304	360	0.000002
304	361	0.999986
305	360	0.999955
306	359	0.999917
307	358	0.999743
308	357	0.999939
309	356	0.999938
310	355	0.999499
311	354	0.999192
312	353	0.999964
313	352	0.999668
314	350	0.000006
314	351	0.999765
315	329	0.001460
315	350	0.997678
315	351	0.000005
316	321	0.000145
316	322	0.000123
316	328	0.006726
316	331	0.000065
316	349	0.539395
316	352	0.000069
317	326	0.004759
317	327	0.012140
317	329	0.000176
317	342	0.000001
317	343	0.000196
317	344	0.000718
317	350	0.000033
317	351	0.000167
318	326	0.016171
318	327	0.000091
318	329	0.121882
318	342	0.000196
318	343	0.000715
318	344	0.000008
318	350	0.000203
319	328	0.122898
319	339	0.000002
319	349	0.000158
319	352	0.000002
320	326	0.018458
320	327	0.122932
320	329	0.000044
320	342	0.000127
320	343	0.000114
320	344	0.000764
320	350	0.000013
320	351	0.000004
321	325	0.015274
321	326	0.105287
321	327	0.000007
321	329	0.000001
321	330	0.000005
321	337	0.000005
321	340	0.000051
321	342	0.000105
321	343	0.000657
321	344	0.002163
321	345	0.001268
321	347	0.000001
321	350	0.000006
322	326	0.000184
322	327	0.000002
322	329	0.000005
322	330	0.000460
322	337	0.000014
322	340	0.000026
322	342	0.000417
322	343	0.002941
322	344	0.001349
322	345	0.000120
322	350	0.000004
322	351	0.000004
323	327	0.000004
323	329	0.000527
323	335	0.000043
323	342	0.003198
323	343	0.001349
323	344	0.000126
323	350	0.000069
323	351	0.000003
324	328	0.000346
324	334	0.000021
324	339	0.000002
324	349	0.000125
325	334	0.000685
325	339	0.000070
325	349	0.002166
326	333	0.000721
326	334	0.000002
326	338	0.000063
326	339	0.005719
326	341	0.000027
326	346	0.000002
326	348	0.002332
326	349	0.408732
327	332	0.000717
327	333	0.000002
327	336	0.000055
327	338	0.006132
327	341	0.000002
327	346	0.000045
327	348	0.853259
327	349	0.000009
328	335	0.000053
328	337	0.006144
328	340	0.000002
328	345	0.000020
328	347	0.858933
329	334	0.000020
329	336	0.006114
329	338	0.000001
329	339	0.000002
329	346	0.861840
329	348	0.000247
329	349	0.000011
330	334	0.000034
330	349	0.000077
331	335	0.000040
331	343	0.000001
331	344	0.001119
331	345	0.964203
331	347	0.000011
332	342	0.000001
332	343	0.001579
332	344	0.991166
333	342	0.001594
333	343	0.991252
333	344	0.000021
334	340	0.000052
334	342	0.988808
334	343	0.000022
334	344	0.000001
334	345	0.000001
334	347	0.000093
335	339	0.000065
335	341	0.973502
335	346	0.000127
336	342	0.000072
336	343	0.000003
336	344	0.000012
338	342	0.000003
338	343	0.000140
338	344	0.000001
339	343	0.000001
341	350	0.000017
342	348	0.000008
342	349	0.000028
343	348	0.000034
344	348	0.000002
345	349	0.000005
346	350	0.000013
370	377	0.000001
372	376	0.000006
374	381	0.000008
376	382	0.000001
376	385	0.000002
377	383	0.000003
377	384	0.000002
377	386	0.000005
377	388	0.000001
377	389	0.000001
378	387	0.000002
378	388	0.000001
381	386	0.000022
381	388	0.000003
381	389	0.000002
382	387	0.000002
382	388	0.000002
390	413	0.000001
391	412	0.000001
392	411	0.000001
393	428	0.000001
394	407	0.002747
394	409	0.002091
394	410	0.000031
395	407	0.991518
395	409	0.000001
395	425	0.000001
396	405	0.000329
396	406	0.999497
396	424	0.000001
397	404	0.000329
397	405	0.999525
397	406	0.000090
397	423	0.000001
398	402	0.000029
398	404	0.998940
398	405	0.000123
399	403	0.810735
399	404	0.000141
402	419	0.000001
403	418	0.000001
407	428	0.001102
409	426	0.000357
409	427	0.721279
409	428	0.000845
409	429	0.000612
409	430	0.000246
410	426	0.957706
410	427	0.000908
410	428	0.000254
410	429	0.000078
410	430	0.000010
411	425	0.999879
412	424	0.999988
413	420	0.000001
413	423	0.999953
414	419	0.000006
414	422	0.999710
415	420	0.000569
415	421	0.990257
416	422	0.000017
417	421	0.000023
484	490	0.000002
484	495	0.000006
484	621	0.000002
485	492	0.000071
485	493	0.000005
485	494	0.000038
485	497	0.000014
485	613	0.000004
485	614	0.000001
485	615	0.000006
485	618	0.000113
485	619	0.000020
485	620	0.000004
486	491	0.000078
486	616	0.000192
487	495	0.000003
487	496	0.006159
487	612	0.000005
487	617	0.000077
488	495	0.007420
488	610	0.000001
488	611	0.000003
488	617	0.008478
489	616	0.010520
490	616	0.001707
491	495	0.000036
491	496	0.000131
491	610	0.000002
491	611	0.000193
491	612	0.654324
491	617	0.000016
492	609	0.000005
492	610	0.000474
492	611	0.780923
492	617	0.000028
493	498	0.000001
493	609	0.000393
493	610	0.780813
493	611	0.041165
493	617	0.000014
494	609	0.656497
494	610	0.041466
494	611	0.002903
494	617	0.000009
495	608	0.124083
495	613	0.000223
495	614	0.000021
495	615	0.000014
495	616	0.000004
495	618	0.000002
495	619	0.000003
495	625	0.000006
496	616	0.000002
496	624	0.000007
497	606	0.000005
497	609	0.325174
497	610	0.000052
497	611	0.000003
497	623	0.000007
498	605	0.000002
498	607	0.000520
498	608	0.874871
499	607	0.999271
499	608	0.000003
500	606	0.999972
501	605	0.999509
502	604	0.999980
503	603	0.999991
504	602	0.999977
505	601	0.999511
506	600	0.999980
507	599	0.999980
508	598	0.999698
509	596	0.000004
509	597	0.999957
510	595	0.000004
510	596	0.998153
511	519	0.000001
511	595	0.998833
512	518	0.000002
512	594	0.999802
513	518	0.000007
513	593	0.999648
514	520	0.000007
514	521	0.000012
514	524	0.000001
514	592	0.989757
515	528	0.000013
515	588	0.000009
515	590	0.000544
515	591	0.986063
515	593	0.000002
516	520	0.000584
516	521	0.004060
516	523	0.001424
516	524	0.005475
516	527	0.028467
516	535	0.000036
516	587	0.000025
516	592	0.000006
517	522	0.001518
517	525	0.135513
517	526	0.025742
517	528	0.000002
517	534	0.000035
517	588	0.001354
517	589	0.640870
517	590	0.001356
517	591	0.000004
517	594	0.000001
518	523	0.000176
518	524	0.238597
518	527	0.000987
518	586	0.000003
518	587	0.003060
518	592	0.000055
519	523	0.180804
519	532	0.000036
519	592	0.008248
520	528	0.000002
520	529	0.000012
520	531	0.000036
520	588	0.000402
520	590	0.000403
520	591	0.010643
520	594	0.000180
521	528	0.000021
521	530	0.000036
521	588	0.000233
521	590	0.011990
521	591	0.000026
521	593	0.000268
522	592	0.000538
523	588	0.000103
523	589	0.009492
523	590	0.000632
523	591	0.000636
524	588	0.009616
524	590	0.003629
524	591	0.001095
526	592	0.000002
527	588	0.926216
527	590	0.000157
527	591	0.000001
528	584	0.000006
528	585	0.000262
528	586	0.039928
528	587	0.959394
529	583	0.000006
529	584	0.000264
529	585	0.042098
529	586	0.957512
529	587	0.000056
530	582	0.000006
530	583	0.000265
530	584	0.044146
530	585	0.955471
530	586	0.000059
531	581	0.000006
531	582	0.000261
531	583	0.046174
531	584	0.951635
531	585	0.000060
533	580	0.000057
533	581	0.000682
533	582	0.859366
533	583	0.113235
533	584	0.000005
534	579	0.000024
534	580	0.000690
534	581	0.849097
536	579	0.006450
536	580	0.891909
536	581	0.000132
537	578	0.003441
537	579	0.985353
537	580	0.000229
537	581	0.000001
537	582	0.000001
538	578	0.996510
538	579	0.000005
539	576	0.000122
539	577	0.999828
540	574	0.000002
540	576	0.997705
540	577	0.000015
541	573	0.000002
541	575	0.995754
542	572	0.000002
542	573	0.000090
542	575	0.002287
544	572	0.000120
544	573	0.998001
545	569	0.000001
545	572	0.999863
546	571	0.999978
547	567	0.000177
547	568	0.000003
547	570	0.999304
548	566	0.000358
548	569	0.999243
549	567	0.045719
549	568	0.837798
550	565	0.948114
550	566	0.045997
551	564	0.999344
552	563	0.999469
552	565	0.000170
552	566	0.000010
553	562	0.999202
554	560	0.000010
554	561	0.998757
554	563	0.000467
555	559	0.000509
555	560	0.873523
555	562	0.000477
556	560	0.000117
556	561	0.000489
557	561	0.000002
580	590	0.000005
581	589	0.000011
582	588	0.000011
583	588	0.000001
583	590	0.000001
586	590	0.000002
608	617	0.000004
609	613	0.000001
609	614	0.000012
609	615	0.000521
609	616	0.000105
609	618	0.000068
609	619	0.005444
609	620	0.006162
610	614	0.000577
610	615	0.000704
610	616	0.000740
610	618	0.006717
610	619	0.141019
610	620	0.000782
610	626	0.000001
611	615	0.000789
611	616	0.000078
611	618	0.140962
611	619	0.001137
611	620	0.000008
611	625	0.000002
612	616	0.002542
612	624	0.000002
613	617	0.011785
613	623	0.000003
614	623	0.000001
615	623	0.000005
616	621	0.000001
617	624	0.000012
618	623	0.000013
672	840	0.000003
673	839	0.000004
674	691	0.000002
674	824	0.000011
675	690	0.000019
675	696	0.000009
675	698	0.000006
675	707	0.000003
675	712	0.000022
675	730	0.000006
675	744	0.000011
675	746	0.000005
675	751	0.000026
675	764	0.000011
675	783	0.000005
675	786	0.000004
675	826	0.000172
675	828	0.000001
675	838	0.017283
675	839	0.000060
676	689	0.000021
676	691	0.000001
676	695	0.000008
676	710	0.000047
676	729	0.000006
676	743	0.000011
676	745	0.000005
676	750	0.000026
676	761	0.000962
676	782	0.000005
676	785	0.000004
676	822	0.000197
676	823	0.000224
676	824	0.007614
676	837	0.017429
677	689	0.000004
677	710	0.000141
677	742	0.000011
677	743	0.000007
677	760	0.000969
677	761	0.000002
677	781	0.000004
677	821	0.000198
677	822	0.000225
677	823	0.007671
677	824	0.000244
677	836	0.017425
677	837	0.000003
677	851	0.000004
678	687	0.000919
678	689	0.000001
678	691	0.000010
678	695	0.000238
678	710	0.000465
678	742	0.000007
678	748	0.000029
678	759	0.000970
678	760	0.000002
678	780	0.000003
678	785	0.000109
678	791	0.000013
678	820	0.000199
678	821	0.000209
678	822	0.007617
678	823	0.000254
678	824	0.000017
678	832	0.000015
678	835	0.017289
678	836	0.000004
678	850	0.000004
679	683	0.000012
679	686	0.001586
679	688	0.000002
679	690	0.000010
679	694	0.000258
679	696	0.000005
679	702	0.000004
679	704	0.000001
679	705	0.000011
679	706	0.241742
679	707	0.000034
679	717	0.000001
679	735	0.000019
679	736	0.000004
679	740	0.000006
679	741	0.000003
679	746	0.000001
679	747	0.000032
679	755	0.000006
679	758	0.000966
679	784	0.000130
679	788	0.000006
679	795	0.000008
679	800	0.000001
679	819	0.000049
679	839	0.000005
679	849	0.000004
680	686	0.000077
680	693	0.000262
680	701	0.000003
680	702	0.000462
680	704	0.000007
680	705	0.242909
680	706	0.000026
680	716	0.000002
680	728	0.000001
680	734	0.000027
680	736	0.000002
680	739	0.000006
680	740	0.000003
680	746	0.000032
680	754	0.000007
680	757	0.000953
680	758	0.000004
680	783	0.000128
680	787	0.000007
680	794	0.000009
680	799	0.000001
680	818	0.000047
680	838	0.000005
680	848	0.000004
681	688	0.000118
681	690	0.000007
681	694	0.000012
681	699	0.000013
681	701	0.000513
681	704	0.242058
681	707	0.000004
681	715	0.000002
681	727	0.000001
681	733	0.000027
681	735	0.000002
681	744	0.000185
681	753	0.000006
681	756	0.000904
681	757	0.000007
681	786	0.000007
681	798	0.000001
681	826	0.000102
681	828	0.000001
681	831	0.000007
681	847	0.000004
682	687	0.000107
682	689	0.000006
682	692	0.000541
682	700	0.000461
682	703	0.217829
682	711	0.000128
682	714	0.000001
682	726	0.000001
682	732	0.000024
682	743	0.000191
682	785	0.000006
682	792	0.000138
682	816	0.000002
682	825	0.000109
682	827	0.000001
682	830	0.000006
682	833	0.000375
682	843	0.000003
682	846	0.000002
683	687	0.000001
683	689	0.000021
683	691	0.000598
683	695	0.000007
683	710	0.000153
683	713	0.000002
683	725	0.000001
683	742	0.000197
683	785	0.000001
683	791	0.000157
683	805	0.000001
683	823	0.000002
683	824	0.000110
683	832	0.000411
683	842	0.000004
684	688	0.000026
684	690	0.000523
684	694	0.000007
684	699	0.000568
684	701	0.038780
684	704	0.000026
684	707	0.000008
684	741	0.000189
684	752	0.000004
684	753	0.000558
684	789	0.000001
684	790	0.000149
684	797	0.000001
684	804	0.000001
684	807	0.000013
684	810	0.000001
684	828	0.000002
684	829	0.000006
684	831	0.000334
684	841	0.000005
685	690	0.000004
685	694	0.000007
685	699	0.010579
685	701	0.001084
685	704	0.000028
685	707	0.000097
685	744	0.000005
685	752	0.000606
685	753	0.000041
685	786	0.000248
685	788	0.000001
685	789	0.000083
685	790	0.000001
685	795	0.000001
685	796	0.000001
685	806	0.000029
685	809	0.000001
685	826	0.000001
685	828	0.000006
685	829	0.000004
685	831	0.000001
685	840	0.000004
686	691	0.000058
686	695	0.000154
686	710	0.000043
686	713	0.000061
686	729	0.000001
686	742	0.000001
686	743	0.000005
686	750	0.000126
686	766	0.000002
686	785	0.000281
686	791	0.000008
686	805	0.000031
686	821	0.000006
686	822	0.000008
686	823	0.000020
686	824	0.000014
686	832	0.000015
686	837	0.000002
687	693	0.000213
687	694	0.000092
687	696	0.001349
687	698	0.839164
687	699	0.000723
687	701	0.003352
687	702	0.001351
687	704	0.000340
687	705	0.000582
687	706	0.004207
687	707	0.000018
687	712	0.000102
687	730	0.000003
687	733	0.000002
687	734	0.000002
687	736	0.000002
687	738	0.000821
687	739	0.000004
687	740	0.000003
687	749	0.000134
687	751	0.007561
687	752	0.000002
687	753	0.000001
687	754	0.000001
687	769	0.000001
687	783	0.000002
687	784	0.000183
687	787	0.000002
687	790	0.000003
687	794	0.000012
687	803	0.000016
687	804	0.000005
687	826	0.000001
687	828	0.000006
687	831	0.000008
687	838	0.000003
687	839	0.000005
688	692	0.000174
688	695	0.001302
688	697	0.842585
688	700	0.003816
688	703	0.000398
688	708	0.000022
688	709	0.000004
688	710	0.000001
688	711	0.000100
688	729	0.000002
688	731	0.000031
688	732	0.000001
688	737	0.000939
688	748	0.000134
688	750	0.007572
688	768	0.000001
688	793	0.000011
688	802	0.000016
688	825	0.000001
688	827	0.000006
688	830	0.000007
688	837	0.000002
689	693	0.000029
689	694	0.000403
689	696	0.843600
689	698	0.068097
689	699	0.000208
689	701	0.000059
689	702	0.000403
689	704	0.011018
689	705	0.000263
689	706	0.000068
689	707	0.000021
689	712	0.000009
689	717	0.000002
689	730	0.000040
689	736	0.000984
689	738	0.000036
689	747	0.000134
689	749	0.007631
689	751	0.000635
689	767	0.000001
689	783	0.000007
689	788	0.000002
689	789	0.000002
689	803	0.000004
689	826	0.000003
689	829	0.000002
689	831	0.000002
689	838	0.000009
689	839	0.000001
690	695	0.775603
690	697	0.068543
690	700	0.000111
690	703	0.012624
690	708	0.000001
690	709	0.000044
690	711	0.000008
690	729	0.000040
690	737	0.000044
690	748	0.007615
690	750	0.000637
690	802	0.000004
690	825	0.000003
690	830	0.000002
690	837	0.000009
691	696	0.068096
691	698	0.000130
691	699	0.000100
691	702	0.013363
691	705	0.000166
691	706	0.000021
691	707	0.000001
691	712	0.000004
691	716	0.000007
691	728	0.000039
691	734	0.001005
691	736	0.000047
691	747	0.007539
691	749	0.000657
691	751	0.000002
691	787	0.000137
691	799	0.000007
691	807	0.000001
691	829	0.000002
691	838	0.000002
691	839	0.000001
692	699	0.000131
692	701	0.012877
692	704	0.000162
692	707	0.000001
692	715	0.000007
692	727	0.000034
692	733	0.000982
692	735	0.000045
692	786	0.000138
692	798	0.000007
692	806	0.000001
692	828	0.000002
692	841	0.000001
693	710	0.000038
693	714	0.000007
693	725	0.000017
693	748	0.000855
693	750	0.000005
693	785	0.000137
693	805	0.000002
693	823	0.000001
693	835	0.000030
693	836	0.000009
693	837	0.000002
694	700	0.000571
694	703	0.000296
694	708	0.000002
694	709	0.000038
694	713	0.000007
694	724	0.000017
694	731	0.001031
694	748	0.000011
694	750	0.000006
694	822	0.000001
694	833	0.000003
694	834	0.000025
694	835	0.000009
694	836	0.000002
694	886	0.000001
695	699	0.000433
695	701	0.000008
695	702	0.000354
695	704	0.000002
695	705	0.000003
695	706	0.000006
695	707	0.000002
695	712	0.000010
695	723	0.000017
695	730	0.001058
695	746	0.013441
695	747	0.000037
695	749	0.000024
695	751	0.000008
695	783	0.000073
695	784	0.000002
695	838	0.000171
695	839	0.000004
695	885	0.000002
696	710	0.000008
696	729	0.001000
696	745	0.013613
696	748	0.000024
696	750	0.000008
696	782	0.000057
696	785	0.000001
696	791	0.000003
696	820	0.000001
696	832	0.000175
696	837	0.000171
696	842	0.000001
696	884	0.000002
697	701	0.000013
697	704	0.000006
697	707	0.000001
697	715	0.000002
697	721	0.000001
697	722	0.000002
697	727	0.000008
697	744	0.013607
697	786	0.000001
697	790	0.000003
697	828	0.000004
697	829	0.000008
697	831	0.000174
697	841	0.000001
697	883	0.000001
698	710	0.000116
698	714	0.000004
698	743	0.013606
698	745	0.000003
698	748	0.000006
698	785	0.000001
698	832	0.000034
698	835	0.000032
698	836	0.000141
699	703	0.000139
699	708	0.002666
699	709	0.000167
699	710	0.000031
699	711	0.000018
699	713	0.000008
699	729	0.000002
699	731	0.000009
699	732	0.000003
699	742	0.013351
699	745	0.001725
699	791	0.000010
699	792	0.000005
699	793	0.000081
699	801	0.000013
699	811	0.000004
699	823	0.000001
699	824	0.000001
699	825	0.000003
699	827	0.086045
699	830	0.007800
699	832	0.000934
699	833	0.000011
699	834	0.000032
699	835	0.000138
699	836	0.000001
700	704	0.000068
700	707	0.002696
700	715	0.000004
700	727	0.000022
700	733	0.000004
700	741	0.011438
700	744	0.002134
700	786	0.000002
700	789	0.000001
700	790	0.000015
700	795	0.000013
700	796	0.000050
700	797	0.000036
700	798	0.000012
700	800	0.000014
700	810	0.000004
700	826	0.096281
700	828	0.008168
700	829	0.010610
700	831	0.001118
701	708	0.000141
701	709	0.000054
701	710	0.000029
701	711	0.008142
701	714	0.000005
701	726	0.000015
701	729	0.000033
701	731	0.000009
701	732	0.000004
701	737	0.000005
701	743	0.002166
701	785	0.000002
701	792	0.009660
701	793	0.000043
701	823	0.000004
701	824	0.000021
701	825	0.097181
701	827	0.010663
701	830	0.001100
701	833	0.001545
701	843	0.000014
702	710	0.009803
702	713	0.000067
702	725	0.000014
702	729	0.000084
702	742	0.002247
702	745	0.000152
702	785	0.000005
702	791	0.011079
702	805	0.000006
702	820	0.000001
702	822	0.000007
702	823	0.000055
702	824	0.096897
702	832	0.001750
702	842	0.000018
703	707	0.000087
703	715	0.000002
703	727	0.001157
703	733	0.000007
703	735	0.000005
703	741	0.002103
703	744	0.000155
703	786	0.000002
703	789	0.000006
703	790	0.010904
703	795	0.000022
703	796	0.000014
703	797	0.000006
703	798	0.000002
703	804	0.000006
703	826	0.232967
703	828	0.000056
703	829	0.000011
703	831	0.001376
703	841	0.000015
703	853	0.000025
704	708	0.000203
704	709	0.000242
704	710	0.000021
704	711	0.007093
704	714	0.000001
704	726	0.001346
704	731	0.000004
704	732	0.000007
704	737	0.000155
704	743	0.000130
704	785	0.000002
704	791	0.000013
704	792	0.016006
704	793	0.000356
704	821	0.000004
704	822	0.004273
704	823	0.067569
704	824	0.000405
704	825	0.260334
704	827	0.000017
704	830	0.000517
704	833	0.000011
704	837	0.000039
704	843	0.000002
704	852	0.000030
705	710	0.008504
705	713	0.000007
705	714	0.000040
705	725	0.001375
705	742	0.000127
705	743	0.000041
705	745	0.000002
705	785	0.000003
705	791	0.018119
705	820	0.000004
705	821	0.006463
705	822	0.083357
705	823	0.002490
705	824	0.265994
705	832	0.000012
705	836	0.000073
705	837	0.000014
705	842	0.000002
705	851	0.000030
706	710	0.000410
706	713	0.000062
706	724	0.001373
706	742	0.000041
706	743	0.000012
706	785	0.000011
706	791	0.018202
706	820	0.006440
706	821	0.082958
706	822	0.002516
706	823	0.265570
706	824	0.000104
706	832	0.000002
706	835	0.000073
706	836	0.000014
706	842	0.000001
706	844	0.000002
706	850	0.000030
707	711	0.000059
707	713	0.000002
707	731	0.000124
707	732	0.000151
707	737	0.003890
707	742	0.000012
707	785	0.000001
707	791	0.001609
707	792	0.000134
707	793	0.000034
707	801	0.000008
707	802	0.000003
707	811	0.000450
707	815	0.000019
707	816	0.000011
707	817	0.000012
707	820	0.080539
707	821	0.000823
707	822	0.209444
707	823	0.000105
707	824	0.000002
707	825	0.000002
707	827	0.000042
707	830	0.000022
707	832	0.000003
707	833	0.000001
707	834	0.000064
707	835	0.000012
707	842	0.000013
707	843	0.000003
708	719	0.000010
708	722	0.001223
708	733	0.000434
708	735	0.000209
708	741	0.000014
708	786	0.000002
708	788	0.000155
708	789	0.257069
708	790	0.002622
708	796	0.000040
708	797	0.000002
708	798	0.000005
708	800	0.000006
708	809	0.000003
708	810	0.000610
708	814	0.000020
708	819	0.062834
708	826	0.000034
708	828	0.000001
708	829	0.000025
708	831	0.000003
708	840	0.000003
708	841	0.000047
709	718	0.000012
709	721	0.001370
709	733	0.001022
709	735	0.118013
709	741	0.000002
709	786	0.000002
709	788	0.351018
709	789	0.001510
709	790	0.000059
709	795	0.000053
709	796	0.000003
709	797	0.000007
709	798	0.000002
709	800	0.000136
709	804	0.000008
709	809	0.000656
709	810	0.000010
709	814	0.001293
709	819	0.003657
709	828	0.000018
709	829	0.000001
709	840	0.000070
709	841	0.000027
709	847	0.000004
709	849	0.000007
710	717	0.000012
710	720	0.001373
710	723	0.000007
710	728	0.000005
710	730	0.148730
710	733	0.000250
710	734	0.132175
710	735	0.000009
710	736	0.008030
710	738	0.000001
710	740	0.000002
710	783	0.000028
710	784	0.000073
710	786	0.000001
710	787	0.364618
710	788	0.000044
710	789	0.000036
710	790	0.000004
710	794	0.000054
710	795	0.000002
710	796	0.000007
710	797	0.000002
710	799	0.000148
710	803	0.000009
710	807	0.000003
710	808	0.000622
710	809	0.000006
710	810	0.000008
710	812	0.000007
710	813	0.001297
710	814	0.000004
710	818	0.006009
710	819	0.000037
710	829	0.000002
710	838	0.000001
710	839	0.000054
710	840	0.000028
710	841	0.000259
710	845	0.000002
710	848	0.000009
711	718	0.000006
711	719	0.001273
711	722	0.000007
711	727	0.000003
711	733	0.129990
711	735	0.007987
711	786	0.364026
711	788	0.000030
711	789	0.000004
711	790	0.000001
711	795	0.000006
711	796	0.000002
711	797	0.000001
711	798	0.000127
711	806	0.000021
711	807	0.000493
711	809	0.000007
711	810	0.000002
711	814	0.000027
711	819	0.000005
711	828	0.000002
711	840	0.000429
711	841	0.000237
711	847	0.000008
712	724	0.000003
712	729	0.483414
712	785	0.361029
712	805	0.000037
712	842	0.000003
712	844	0.000003
713	717	0.000276
713	718	0.000018
713	720	0.000009
713	721	0.000003
713	723	0.000005
713	727	0.000001
713	728	0.531155
713	730	0.000042
713	734	0.000004
713	736	0.000001
713	783	0.000044
713	784	0.321704
713	804	0.000016
713	813	0.000004
713	839	0.022510
713	840	0.000002
714	718	0.000002
714	719	0.000009
714	720	0.000011
714	722	0.000005
714	723	0.000030
714	727	0.551394
714	728	0.001614
714	730	0.000145
714	733	0.000003
714	734	0.000003
714	736	0.000003
714	783	0.297338
714	784	0.000002
714	803	0.000016
714	812	0.000004
714	826	0.000003
714	838	0.022584
715	724	0.000007
715	725	0.000072
715	726	0.751489
715	729	0.000105
715	731	0.000056
715	732	0.000006
715	737	0.000002
715	782	0.026264
715	802	0.000011
715	811	0.000002
715	825	0.000003
715	837	0.022571
716	724	0.000201
716	725	0.795958
716	729	0.000591
716	781	0.017076
716	782	0.000315
716	824	0.000003
716	836	0.022585
717	724	0.794849
717	725	0.000550
717	729	0.000149
717	780	0.016189
717	781	0.000176
717	782	0.000003
717	823	0.000003
717	835	0.022586
718	724	0.000531
718	725	0.000016
718	726	0.000379
718	729	0.000006
718	731	0.000008
718	732	0.000023
718	737	0.000004
718	763	0.000004
718	776	0.000005
718	779	0.013541
718	780	0.000030
718	793	0.000018
718	822	0.000003
718	825	0.000063
718	834	0.022557
718	837	0.000013
719	724	0.000023
719	725	0.000434
719	726	0.003565
719	731	0.000029
719	732	0.000002
719	737	0.000009
719	761	0.000001
719	762	0.000013
719	775	0.000010
719	776	0.008073
719	779	0.000029
719	792	0.000028
719	821	0.000002
719	824	0.000076
719	825	0.000011
719	833	0.022551
719	836	0.000024
720	724	0.000478
720	725	0.004004
720	729	0.000064
720	760	0.000002
720	761	0.000014
720	774	0.000011
720	775	0.008622
720	791	0.000032
720	820	0.000002
720	823	0.000091
720	824	0.000015
720	832	0.022506
720	835	0.000062
721	725	0.000012
721	726	0.000020
721	729	0.000007
721	731	0.000158
721	732	0.000371
721	737	0.000236
721	759	0.000001
721	760	0.000013
721	774	0.008283
721	775	0.000002
721	776	0.001469
721	779	0.000002
721	791	0.000014
721	792	0.000042
721	793	0.004766
721	801	0.000012
721	802	0.000083
721	822	0.000094
721	823	0.000014
721	824	0.000017
721	825	0.000198
721	827	0.000004
721	830	0.000284
721	832	0.000006
721	833	0.000021
721	834	0.000590
721	852	0.000012
722	726	0.000009
722	729	0.000018
722	731	0.000517
722	732	0.000041
722	737	0.004174
722	743	0.000002
722	759	0.000012
722	774	0.000005
722	775	0.001503
722	776	0.000036
722	779	0.000009
722	785	0.000001
722	791	0.000040
722	792	0.006590
722	793	0.000004
722	801	0.000106
722	802	0.000021
722	821	0.000094
722	822	0.000010
722	823	0.000023
722	824	0.000224
722	825	0.000148
722	827	0.000002
722	830	0.001559
722	832	0.000016
722	833	0.002462
722	851	0.000014
723	729	0.001839
723	742	0.000004
723	748	0.000008
723	772	0.008564
723	774	0.001500
723	775	0.000037
723	785	0.005698
723	791	0.006775
723	805	0.000011
723	820	0.000095
723	821	0.000007
723	822	0.000025
723	823	0.000232
723	824	0.000168
723	832	0.002659
723	850	0.000015
724	728	0.001733
724	730	0.002271
724	733	0.000032
724	734	0.000399
724	735	0.080216
724	736	0.011298
724	738	0.000103
724	739	0.000207
724	740	0.000367
724	741	0.000009
724	747	0.000013
724	754	0.000006
724	755	0.000133
724	770	0.000016
724	771	0.008549
724	773	0.001311
724	777	0.000004
724	778	0.002133
724	783	0.000004
724	784	0.006214
724	787	0.000019
724	788	0.002857
724	789	0.000021
724	790	0.005148
724	794	0.000203
724	795	0.001440
724	796	0.000019
724	797	0.000236
724	798	0.000080
724	799	0.000983
724	800	0.000583
724	803	0.000004
724	804	0.000011
724	808	0.000007
724	809	0.000007
724	819	0.000088
724	826	0.000002
724	828	0.000697
724	829	0.000195
724	831	0.001735
724	839	0.000084
724	840	0.000002
724	849	0.000015
724	855	0.000005
725	730	0.000547
725	733	0.000218
725	734	0.103578
725	735	0.000446
725	736	0.004518
725	738	0.000208
725	739	0.000367
725	740	0.000011
725	746	0.000013
725	747	0.000001
725	751	0.000001
725	753	0.000007
725	754	0.000140
725	769	0.000027
725	770	0.008263
725	771	0.000143
725	773	0.000009
725	777	0.002130
725	778	0.000001
725	783	0.006139
725	784	0.000001
725	786	0.000012
725	787	0.003648
725	788	0.000010
725	789	0.004618
725	790	0.000018
725	794	0.001649
725	795	0.000019
725	796	0.000378
725	797	0.000182
725	798	0.000981
725	799	0.000658
725	803	0.000011
725	807	0.000007
725	808	0.000008
725	818	0.000086
725	826	0.000033
725	828	0.000216
725	829	0.001879
725	831	0.000004
725	838	0.000083
725	839	0.000003
725	848	0.000015
725	854	0.000005
726	733	0.101346
726	735	0.004487
726	744	0.000032
726	752	0.000010
726	753	0.000137
726	786	0.003625
726	788	0.004413
726	789	0.000030
726	790	0.000002
726	795	0.000371
726	796	0.000198
726	797	0.000957
726	798	0.000642
726	806	0.000007
726	807	0.000008
726	826	0.017682
726	828	0.002005
726	829	0.000083
726	831	0.000070
726	841	0.000001
726	847	0.000015
726	853	0.000005
727	731	0.000228
727	732	0.084847
727	737	0.000114
727	743	0.000033
727	748	0.000002
727	768	0.000589
727	775	0.001620
727	776	0.000058
727	782	0.000002
727	785	0.002155
727	792	0.003224
727	793	0.000026
727	801	0.000001
727	805	0.000006
727	816	0.000003
727	817	0.000001
727	823	0.000016
727	824	0.000014
727	825	0.018428
727	827	0.001934
727	830	0.000077
727	833	0.001310
727	836	0.000001
727	837	0.000003
727	846	0.000015
727	852	0.000005
728	742	0.000037
728	743	0.000007
728	745	0.000049
728	748	0.000016
728	750	0.000169
728	766	0.000002
728	772	0.000089
728	774	0.002095
728	775	0.000033
728	785	0.005042
728	791	0.003478
728	805	0.000004
728	822	0.000018
728	823	0.000024
728	824	0.018454
728	832	0.001496
728	835	0.000003
728	836	0.000004
728	844	0.000002
728	851	0.000005
729	733	0.000123
729	734	0.003596
729	735	0.000238
729	736	0.005908
729	738	0.000208
729	739	0.000004
729	740	0.000004
729	741	0.000022
729	744	0.000053
729	746	0.006498
729	747	0.000073
729	749	0.000193
729	751	0.000009
729	767	0.001329
729	769	0.000001
729	771	0.000088
729	773	0.002123
729	783	0.001694
729	784	0.004995
729	786	0.000439
729	787	0.000076
729	788	0.000002
729	789	0.000006
729	790	0.002951
729	794	0.000212
729	795	0.000028
729	796	0.000003
729	799	0.000004
729	803	0.000003
729	804	0.000003
729	806	0.000009
729	826	0.000018
729	828	0.000031
729	829	0.000031
729	831	0.001294
729	838	0.000056
729	839	0.000002
729	845	0.000013
729	885	0.000003
730	742	0.000036
730	743	0.000052
730	745	0.006628
730	748	0.000192
730	750	0.000009
730	766	0.001332
730	772	0.002101
730	782	0.000960
730	785	0.000473
730	791	0.023652
730	805	0.000013
730	820	0.000020
730	821	0.000005
730	822	0.013593
730	823	0.000756
730	824	0.000081
730	832	0.000487
730	837	0.000054
730	842	0.000003
730	844	0.000012
730	850	0.000003
730	884	0.000003
731	735	0.000344
731	741	0.000036
731	744	0.003682
731	765	0.001240
731	786	0.000077
731	788	0.000447
731	789	0.001728
731	790	0.025306
731	795	0.000002
731	796	0.000055
731	797	0.000008
731	798	0.000003
731	804	0.000011
731	809	0.000002
731	810	0.000010
731	819	0.000018
731	826	0.000067
731	828	0.000150
731	829	0.000614
731	831	0.000478
731	841	0.000003
731	849	0.000003
731	854	0.000001
731	883	0.000003
732	741	0.000026
732	744	0.003498
732	765	0.000007
732	786	0.000847
732	788	0.001759
732	789	0.024233
732	790	0.000214
732	795	0.000067
732	796	0.000009
732	797	0.000004
732	809	0.000009
732	810	0.000002
732	819	0.000003
732	826	0.034463
732	828	0.000498
732	829	0.000006
732	831	0.000003
732	840	0.000002
732	847	0.000004
732	853	0.000001
732	882	0.000003
733	737	0.000224
733	742	0.000043
733	743	0.006357
733	745	0.000004
733	761	0.000008
733	762	0.000724
733	763	0.000086
733	776	0.000003
733	782	0.000002
733	785	0.000815
733	792	0.000113
733	793	0.000012
733	817	0.000001
733	820	0.000002
733	821	0.000016
733	822	0.000004
733	823	0.000405
733	824	0.000026
733	825	0.037605
733	827	0.000352
733	830	0.000002
733	833	0.000043
733	834	0.000003
733	836	0.000002
733	843	0.000001
733	846	0.000005
733	852	0.000002
733	881	0.000002
734	742	0.006483
734	743	0.000300
734	745	0.000017
734	748	0.000001
734	760	0.000008
734	761	0.000777
734	775	0.000003
734	782	0.000006
734	785	0.002473
734	791	0.000129
734	820	0.000021
734	821	0.000017
734	822	0.000594
734	823	0.000067
734	824	0.038196
734	832	0.000049
734	835	0.000004
734	837	0.000003
734	842	0.000001
734	844	0.000015
734	851	0.000002
735	742	0.000212
735	743	0.000369
735	759	0.000007
735	760	0.000766
735	761	0.000006
735	762	0.000168
735	763	0.000027
735	774	0.000002
735	776	0.000012
735	782	0.000002
735	785	0.002725
735	792	0.002683
735	793	0.000004
735	816	0.000001
735	817	0.000002
735	820	0.000009
735	821	0.000615
735	822	0.000059
735	823	0.037564
735	824	0.000021
735	825	0.000404
735	833	0.000497
735	834	0.000003
735	836	0.000003
735	843	0.000019
736	742	0.000542
736	743	0.000029
736	745	0.002003
736	759	0.000751
736	760	0.000012
736	761	0.000168
736	766	0.000002
736	774	0.000005
736	775	0.000016
736	782	0.000021
736	785	0.023014
736	791	0.003193
736	805	0.000005
736	820	0.000632
736	821	0.000042
736	822	0.035697
736	823	0.000230
736	824	0.000438
736	832	0.000641
736	835	0.000003
736	842	0.000019
737	741	0.000363
737	744	0.002049
737	756	0.000002
737	757	0.000041
737	765	0.000002
737	786	0.000228
737	788	0.000063
737	789	0.000031
737	790	0.003135
737	804	0.000004
737	809	0.000002
737	810	0.000003
737	819	0.000497
737	829	0.000002
737	831	0.000484
737	841	0.000015
738	742	0.000008
738	743	0.002035
738	745	0.000005
738	759	0.000009
738	760	0.000182
738	761	0.000283
738	772	0.000031
738	774	0.000022
738	775	0.000508
738	781	0.000096
738	782	0.930636
738	785	0.000072
738	820	0.000001
738	821	0.000003
738	823	0.000004
739	743	0.000003
739	745	0.000002
739	759	0.000181
739	760	0.000288
739	761	0.000015
739	772	0.000022
739	774	0.000519
739	775	0.000130
739	780	0.000051
739	781	0.949632
739	782	0.000013
739	820	0.000002
739	822	0.000003
740	745	0.000017
740	759	0.000288
740	760	0.000015
740	772	0.000765
740	774	0.000131
740	775	0.000003
740	780	0.950877
740	781	0.000008
740	821	0.000003
741	750	0.000001
741	759	0.000015
741	772	0.000086
741	774	0.000003
741	779	0.951863
741	780	0.000002
741	820	0.000003
742	747	0.000004
742	749	0.000002
742	751	0.000002
742	752	0.000504
742	753	0.000003
742	754	0.000035
742	755	0.000680
742	756	0.000024
742	757	0.000001
742	758	0.000016
742	765	0.000001
742	770	0.004199
742	771	0.000133
742	778	0.954107
742	819	0.000003
743	749	0.000002
743	751	0.000527
743	752	0.000002
743	753	0.000026
743	754	0.000680
743	755	0.000025
743	757	0.000012
743	764	0.000002
743	769	0.004392
743	770	0.000097
743	773	0.000003
743	777	0.954090
743	778	0.000004
743	818	0.000003
744	748	0.000002
744	750	0.000526
744	763	0.000002
744	768	0.004427
744	772	0.000004
744	774	0.000045
744	775	0.000004
744	776	0.947829
744	817	0.000003
745	749	0.000477
745	751	0.000733
745	752	0.000013
745	754	0.000004
745	755	0.000003
745	767	0.004392
745	769	0.000057
745	770	0.000004
745	771	0.000005
745	773	0.000234
745	777	0.000009
745	786	0.000001
746	750	0.000725
746	760	0.000005
746	761	0.000003
746	766	0.004209
746	772	0.000231
746	774	0.004806
746	775	0.946975
746	785	0.000001
747	759	0.000005
747	760	0.000004
747	761	0.000015
747	766	0.000225
747	772	0.003786
747	774	0.948926
747	775	0.000004
748	758	0.000005
748	764	0.001329
748	765	0.000373
748	767	0.013618
748	769	0.000296
748	770	0.000024
748	771	0.003162
748	773	0.948935
748	783	0.000002
749	759	0.000018
749	761	0.000006
749	766	0.014786
749	772	0.947141
749	774	0.000007
749	782	0.000002
750	754	0.000041
750	755	0.000150
750	756	0.000008
750	757	0.000011
750	758	0.000083
750	764	0.007217
750	765	0.015394
750	767	0.463687
750	769	0.000395
750	770	0.001436
750	771	0.467728
750	773	0.000016
751	759	0.000027
751	760	0.000101
751	761	0.000272
751	766	0.552648
751	772	0.000016
751	780	0.000002
752	759	0.000092
752	760	0.000248
752	761	0.000055
752	762	0.013636
752	763	0.702909
752	766	0.000868
752	768	0.002696
752	779	0.000001
753	759	0.000180
753	760	0.000079
753	761	0.014290
753	762	0.903684
753	763	0.001285
753	766	0.000061
753	768	0.001103
753	776	0.000028
754	759	0.000112
754	760	0.014741
754	761	0.914233
754	766	0.000114
754	775	0.000037
755	759	0.014655
755	760	0.912766
755	761	0.000100
755	766	0.001370
755	774	0.000037
755	775	0.000011
756	760	0.000090
756	761	0.000003
756	762	0.000019
756	763	0.000040
756	766	0.000037
756	768	0.000176
756	774	0.000012
756	776	0.000003
757	761	0.000017
757	762	0.000036
757	763	0.000019
757	766	0.000044
757	768	0.000036
757	775	0.000004
758	766	0.001973
758	772	0.001263
758	774	0.000004
759	764	0.000704
759	765	0.001985
759	767	0.000020
759	769	0.000031
759	770	0.035070
759	771	0.007157
759	773	0.000004
759	778	0.000016
760	764	0.001905
760	765	0.000005
760	767	0.000111
760	769	0.035107
760	770	0.008486
760	771	0.000122
760	777	0.000016
760	778	0.000018
760	784	0.000002
761	765	0.000006
761	767	0.001568
761	769	0.008453
761	770	0.000157
761	777	0.000020
761	778	0.000016
761	783	0.000002
762	790	0.000003
763	786	0.000006
763	789	0.000003
764	774	0.000015
764	775	0.017936
764	780	0.000100
764	785	0.000006
765	772	0.000001
765	774	0.018135
765	779	0.000105
765	785	0.000002
766	770	0.000420
766	771	0.000284
766	773	0.018328
766	778	0.000105
766	783	0.000006
766	784	0.000003
766	786	0.000017
766	787	0.000001
767	772	0.018278
767	774	0.000002
767	782	0.000005
767	785	0.000019
767	791	0.000007
768	790	0.000007
769	774	0.000003
769	775	0.000116
769	781	0.000003
769	782	0.000058
769	824	0.000002
770	774	0.000115
770	775	0.000003
770	780	0.000003
770	781	0.000060
770	823	0.000002
771	780	0.000060
771	791	0.000001
771	822	0.000002
772	778	0.000002
772	786	0.000019
772	790	0.000001
772	845	0.000002
772	848	0.000002
772	858	0.000023
773	785	0.000021
773	820	0.000001
773	844	0.000002
773	850	0.000002
773	857	0.000023
774	778	0.000001
774	784	0.000022
774	788	0.000007
774	819	0.000001
774	849	0.000002
774	856	0.000023
775	783	0.000022
775	787	0.000009
775	818	0.000001
775	845	0.000008
775	848	0.000003
775	855	0.000023
776	786	0.000010
776	841	0.000005
776	847	0.000002
776	853	0.000001
776	854	0.000020
777	781	0.000002
777	782	0.000008
777	785	0.000010
777	791	0.000005
777	821	0.000007
777	842	0.000005
777	844	0.000023
777	851	0.000023
778	791	0.000494
778	820	0.000007
778	842	0.003686
778	850	0.000024
779	788	0.000013
779	789	0.000013
779	790	0.000493
779	814	0.000001
779	819	0.000007
779	840	0.000615
779	841	0.008646
779	849	0.000023
780	787	0.000015
780	788	0.000020
780	789	0.000487
780	795	0.000001
780	813	0.000001
780	818	0.000007
780	839	0.000689
780	840	0.016049
780	841	0.000003
780	848	0.000023
781	786	0.000013
781	787	0.000024
781	788	0.000479
781	794	0.000002
781	812	0.000001
781	838	0.000674
781	839	0.017195
781	847	0.000020
782	786	0.000011
782	787	0.000476
782	788	0.000002
782	789	0.000004
782	790	0.000002
782	794	0.000002
782	806	0.000022
782	818	0.000002
782	826	0.000002
782	838	0.017332
782	845	0.000015
783	791	0.000387
783	805	0.000190
783	820	0.000022
783	821	0.001640
783	822	0.000109
783	823	0.001211
783	824	0.005720
783	832	0.000015
783	836	0.000730
783	837	0.017377
783	844	0.000014
783	851	0.000013
784	791	0.016554
784	805	0.000198
784	820	0.001651
784	821	0.000111
784	822	0.001215
784	823	0.005752
784	824	0.000159
784	832	0.000375
784	835	0.000747
784	836	0.017102
784	837	0.000006
784	842	0.000004
784	850	0.000013
785	789	0.000125
785	790	0.013742
785	794	0.011660
785	795	0.000011
785	796	0.000018
785	797	0.000011
785	798	0.000005
785	799	0.000080
785	800	0.000002
785	803	0.002089
785	804	0.000144
785	806	0.000005
785	807	0.000003
785	808	0.000026
785	809	0.000025
785	810	0.000013
785	812	0.006812
785	813	0.001464
785	814	0.000201
785	818	0.001438
785	819	0.000672
785	826	0.007970
785	828	0.000010
785	829	0.000002
785	831	0.000329
785	838	0.003367
785	839	0.000025
785	841	0.000003
785	845	0.000032
785	847	0.000006
785	848	0.000003
785	849	0.000006
786	791	0.000046
786	792	0.003772
786	793	0.010059
786	801	0.000003
786	802	0.001935
786	805	0.000006
786	811	0.006562
786	815	0.000062
786	816	0.000029
786	817	0.001389
786	820	0.000038
786	821	0.002155
786	822	0.000238
786	823	0.000009
786	824	0.000051
786	825	0.008621
786	827	0.000009
786	830	0.000285
786	832	0.000002
786	833	0.002598
786	834	0.004042
786	835	0.000052
786	836	0.000100
786	837	0.003371
786	843	0.000030
786	844	0.000004
786	846	0.000008
787	791	0.004853
787	805	0.000061
787	820	0.002182
787	821	0.000279
787	822	0.000020
787	823	0.000092
787	824	0.008749
787	832	0.003560
787	835	0.003212
787	836	0.003373
787	837	0.000009
787	842	0.000035
787	844	0.000061
788	792	0.000068
788	793	0.000056
788	801	0.000180
788	802	0.001317
788	805	0.000005
788	811	0.030698
788	815	0.000258
788	816	0.000074
788	817	0.000348
788	820	0.000262
788	821	0.000006
788	822	0.000067
788	823	0.007647
788	824	0.000003
788	825	0.000021
788	827	0.000002
788	830	0.000029
788	832	0.000278
788	833	0.000257
788	834	0.003275
788	835	0.003312
788	836	0.000008
788	842	0.000002
788	843	0.000067
788	844	0.000003
789	793	0.000030
789	801	0.001408
789	802	0.001034
789	805	0.000002
789	811	0.001892
789	815	0.000061
789	816	0.000460
789	817	0.000142
789	820	0.000003
789	821	0.000015
789	822	0.002851
789	823	0.000020
789	824	0.000023
789	825	0.000013
789	827	0.000024
789	830	0.000149
789	832	0.000250
789	833	0.003261
789	834	0.003052
789	835	0.000009
789	842	0.000067
789	843	0.000019
789	844	0.000001
790	801	0.001564
790	802	0.000042
790	805	0.000002
790	811	0.000606
790	815	0.000468
790	816	0.000152
790	817	0.000133
790	820	0.000014
790	821	0.000324
790	822	0.000015
790	823	0.000016
790	824	0.000014
790	825	0.000007
790	827	0.000019
790	830	0.001920
790	832	0.003034
790	833	0.002805
790	834	0.000007
790	835	0.000001
790	837	0.000001
790	842	0.000024
790	843	0.000008
790	881	0.000007
791	795	0.000025
791	796	0.000091
791	797	0.000269
791	798	0.000392
791	799	0.025212
791	800	0.000810
791	803	0.000093
791	804	0.000004
791	806	0.000002
791	807	0.000022
791	808	0.636925
791	809	0.000033
791	810	0.000131
791	812	0.000007
791	813	0.000018
791	814	0.000045
791	818	0.000003
791	826	0.000010
791	828	0.000023
791	829	0.002020
791	831	0.000801
791	838	0.001605
791	839	0.006477
791	840	0.000177
791	841	0.000189
791	880	0.000009
792	796	0.000240
792	797	0.000490
792	798	0.024691
792	800	0.000057
792	804	0.000013
792	806	0.000020
792	807	0.640569
792	809	0.000095
792	810	0.000012
792	819	0.000046
792	826	0.000007
792	828	0.001945
792	829	0.000794
792	831	0.001207
792	840	0.000296
792	841	0.000251
792	879	0.000008
793	797	0.014384
793	798	0.000090
793	800	0.000096
793	804	0.000035
793	806	0.642272
793	807	0.000005
793	809	0.000009
793	810	0.000002
793	826	0.000029
793	828	0.000814
793	829	0.000083
793	831	0.000011
793	840	0.000299
793	841	0.000028
793	878	0.000006
794	805	0.642395
794	820	0.000001
794	821	0.000006
794	822	0.000004
794	823	0.000017
794	824	0.000018
794	832	0.000018
794	835	0.004801
794	836	0.014855
794	837	0.110649
795	801	0.000970
795	802	0.009049
795	805	0.000073
795	811	0.000003
795	816	0.000022
795	817	0.000016
795	820	0.000005
795	821	0.000004
795	822	0.000017
795	823	0.000017
795	824	0.000006
795	825	0.001665
795	827	0.000109
795	830	0.000007
795	832	0.000005
795	833	0.000238
795	834	0.005195
795	835	0.014904
795	836	0.111932
795	837	0.000007
796	801	0.011263
796	802	0.009319
796	805	0.000076
796	811	0.000003
796	815	0.000023
796	816	0.000019
796	817	0.000008
796	820	0.000003
796	821	0.000014
796	822	0.000009
796	823	0.000008
796	824	0.001764
796	825	0.001080
796	827	0.000328
796	830	0.000005
796	832	0.000254
796	833	0.005634
796	834	0.017144
796	835	0.117165
796	836	0.000009
797	801	0.006893
797	802	0.023334
797	805	0.000025
797	811	0.000003
797	815	0.000018
797	816	0.000009
797	817	0.000002
797	820	0.000012
797	821	0.000005
797	822	0.000009
797	823	0.001791
797	824	0.001111
797	825	0.000885
797	827	0.000017
797	830	0.000007
797	832	0.005484
797	833	0.020371
797	834	0.152425
797	835	0.000012
797	837	0.000005
798	802	0.000425
798	805	0.000013
798	815	0.000009
798	816	0.000002
798	820	0.000003
798	821	0.000012
798	822	0.001822
798	823	0.001119
798	824	0.000937
798	825	0.002254
798	827	0.000002
798	830	0.000017
798	832	0.018701
798	833	0.202638
798	834	0.000033
798	836	0.000008
798	837	0.000001
798	852	0.000005
799	805	0.000584
799	820	0.000014
799	821	0.001879
799	822	0.001131
799	823	0.000962
799	824	0.002373
799	832	0.208212
799	835	0.000018
799	836	0.000002
799	851	0.000005
800	805	0.000024
800	811	0.000530
800	815	0.000027
800	816	0.000002
800	817	0.000002
800	820	0.001851
800	821	0.001067
800	822	0.000907
800	823	0.002316
800	824	0.000001
800	825	0.000002
800	827	0.000038
800	830	0.140854
800	832	0.000527
800	833	0.000088
800	834	0.000017
800	835	0.000002
800	850	0.000005
801	806	0.000018
801	807	0.000026
801	809	0.000006
801	810	0.000608
801	814	0.000029
801	819	0.001717
801	826	0.000036
801	828	0.000247
801	829	0.148287
801	831	0.001263
801	849	0.000005
802	806	0.000024
802	807	0.000012
802	809	0.000473
802	810	0.000008
802	814	0.000004
802	819	0.000025
802	826	0.000013
802	828	0.142013
802	829	0.012054
802	831	0.000263
803	820	0.002187
803	821	0.000371
803	822	0.000018
803	823	0.000015
803	824	0.000019
803	832	0.000374
803	835	0.000008
803	836	0.000001
803	837	0.000072
804	811	0.000200
804	815	0.000054
804	816	0.000089
804	817	0.000022
804	820	0.000330
804	821	0.000016
804	822	0.000014
804	823	0.000017
804	824	0.000008
804	825	0.000038
804	827	0.275961
804	830	0.000306
804	832	0.000087
804	833	0.000010
804	834	0.000008
804	835	0.000001
804	836	0.000072
804	846	0.000005
805	809	0.000003
805	810	0.000226
805	812	0.000603
805	813	0.000035
805	814	0.000055
805	818	0.006505
805	819	0.000017
805	826	0.302714
805	828	0.001455
805	829	0.000315
805	831	0.000192
805	838	0.000015
805	845	0.000006
806	811	0.000604
806	815	0.000082
806	816	0.000028
806	817	0.006512
806	820	0.000006
806	821	0.000003
806	822	0.000012
806	823	0.000052
806	824	0.000312
806	825	0.298683
806	827	0.001505
806	830	0.000196
806	832	0.000002
806	833	0.000003
806	834	0.000121
806	837	0.000015
806	844	0.000006
807	811	0.000007
807	815	0.000030
807	816	0.006211
807	817	0.000004
807	820	0.000002
807	821	0.000020
807	822	0.000061
807	823	0.000497
807	824	0.292230
807	825	0.029832
807	827	0.000094
807	830	0.000006
807	832	0.000002
807	833	0.000197
807	836	0.000015
807	843	0.000006
808	820	0.000027
808	821	0.000083
808	822	0.000660
808	823	0.290612
808	824	0.038231
808	832	0.000205
808	835	0.000015
808	842	0.000006
809	815	0.000463
809	816	0.000821
809	817	0.000498
809	820	0.000089
809	821	0.000717
809	822	0.225493
809	823	0.036526
809	824	0.005091
809	825	0.024803
809	827	0.000714
809	830	0.000028
809	832	0.000010
809	833	0.000180
809	834	0.000015
810	815	0.000810
810	816	0.000634
810	817	0.000182
810	820	0.000823
810	821	0.009893
810	822	0.019622
810	823	0.002734
810	824	0.013491
810	825	0.001617
810	827	0.002088
810	830	0.000141
810	832	0.000198
810	833	0.000010
811	819	0.000850
811	826	0.002264
811	828	0.000014
811	829	0.000151
811	831	0.000194
812	820	0.001177
812	821	0.591004
812	822	0.191428
812	823	0.070773
812	824	0.012029
812	832	0.000005
812	836	0.000006
812	837	0.000003
813	820	0.596673
813	821	0.197642
813	822	0.071222
813	823	0.012064
813	824	0.000240
813	832	0.000007
813	835	0.000006
813	836	0.000003
814	820	0.194045
814	821	0.067520
814	822	0.011609
814	823	0.000238
814	827	0.000015
814	830	0.000014
814	834	0.000006
814	835	0.000003
815	819	0.135189
815	826	0.000016
815	829	0.000015
816	826	0.000002
816	828	0.000013
816	829	0.000001
817	826	0.000002
817	828	0.000001
817	831	0.000002
818	822	0.000009
818	823	0.000031
818	824	0.000036
818	832	0.000010
818	835	0.000001
818	844	0.000002
819	823	0.000029
819	824	0.000003
819	825	0.000006
819	827	0.000010
819	830	0.000030
819	833	0.000002
819	834	0.000001
819	843	0.000002
820	826	0.000012
820	829	0.000035
820	840	0.000003
820	841	0.000003
821	826	0.000004
821	828	0.000032
821	829	0.000007
821	831	0.000002
821	839	0.000003
821	840	0.000008
821	841	0.000003
822	826	0.000017
822	828	0.000060
822	829	0.000296
822	831	0.000069
822	838	0.000003
822	839	0.000033
822	840	0.000105
823	828	0.000503
823	829	0.000282
823	831	0.000128
823	838	0.000033
823	839	0.000162
823	840	0.000002
823	856	0.000001
824	828	0.000174
824	829	0.000324
824	831	0.000081
824	838	0.000163
824	839	0.000004
824	855	0.000001
825	829	0.000107
825	831	0.000830
825	854	0.000001
826	830	0.000706
826	832	0.000218
826	833	0.000339
826	834	0.000017
826	835	0.000012
826	836	0.000006
826	837	0.000008
826	864	0.000002
827	831	0.000241
827	863	0.000002
828	832	0.000047
828	833	0.000230
828	834	0.000145
828	835	0.000029
828	836	0.000004
828	837	0.000005
828	862	0.000003
828	865	0.000002
829	833	0.000243
829	834	0.000098
829	835	0.000010
829	836	0.000006
829	861	0.000003
829	864	0.000002
830	841	0.000001
830	860	0.000002
830	863	0.000002
830	882	0.000007
831	835	0.000001
831	836	0.000002
831	837	0.000002
831	843	0.000002
831	862	0.000002
831	881	0.000009
832	838	0.000008
832	839	0.000033
832	841	0.000004
832	858	0.000001
832	880	0.000009
833	840	0.000004
833	841	0.000047
833	879	0.000009
834	840	0.000067
834	841	0.000002
834	849	0.000005
834	856	0.000006
834	878	0.000008
835	839	0.000068
835	840	0.000003
835	848	0.000005
835	855	0.000008
835	860	0.000074
836	840	0.000002
836	841	0.000002
836	847	0.000004
836	854	0.000008
836	859	0.000092
837	841	0.000002
837	845	0.000035
837	853	0.000008
837	858	0.000093
837	885	0.000021
838	842	0.000006
838	844	0.000036
838	851	0.000152
838	857	0.000092
838	884	0.000021
839	850	0.000153
839	851	0.000029
840	850	0.000026
840	852	0.000024
840	862	0.000003
841	851	0.000027
841	861	0.000005
841	881	0.000023
842	847	0.000002
842	848	0.000081
842	854	0.000002
842	855	0.000091
842	859	0.000007
842	860	0.000005
842	880	0.000023
843	847	0.000061
843	849	0.000032
843	853	0.000002
843	854	0.000090
843	856	0.000002
843	879	0.000022
844	848	0.000031
844	853	0.000081
844	855	0.000002
844	858	0.000030
844	878	0.000013
844	885	0.000272
845	850	0.000013
845	851	0.000038
845	857	0.000031
845	884	0.000273
846	853	0.000002
846	856	0.000026
846	863	0.000005
846	876	0.000003
846	883	0.000265
847	852	0.000002
847	862	0.000005
847	875	0.000002
849	861	0.000003
849	871	0.000003
849	875	0.000001
849	881	0.000238
849	886	0.000002
850	855	0.000004
850	856	0.000001
850	859	0.000055
850	860	0.000003
850	870	0.000003
850	874	0.000001
850	878	0.000005
850	879	0.000001
850	880	0.000246
850	885	0.000003
851	855	0.000002
851	858	0.000056
851	859	0.000004
851	873	0.000001
851	877	0.000005
851	878	0.000002
851	879	0.000242
851	880	0.000005
852	863	0.000003
852	872	0.000001
852	876	0.000006
852	877	0.000002
852	878	0.000236
852	879	0.000005
852	883	0.000002
853	862	0.000003
853	867	0.000001
853	871	0.000001
853	875	0.000006
853	884	0.000001
853	887	0.000002
854	861	0.000003
854	866	0.000001
854	886	0.000002
854	887	0.000004
855	884	0.000006
856	862	0.000001
856	864	0.000002
856	865	0.000003
856	871	0.000008
856	881	0.000148
856	886	0.004707
856	887	0.000003
857	863	0.000002
857	870	0.000014
857	874	0.000001
857	878	0.000003
857	879	0.000006
857	880	0.000375
857	882	0.000009
857	883	0.000004
857	885	0.010285
858	884	0.011222
859	884	0.002507
860	864	0.000057
860	865	0.000203
860	866	0.000165
860	867	0.000267
860	868	0.000100
860	869	0.000138
860	871	0.000024
860	875	0.003664
860	881	0.000621
860	884	0.052374
860	886	0.000126
860	887	0.000021
861	872	0.000019
861	873	0.001165
861	874	0.004207
861	876	0.000188
861	877	0.323377
861	878	0.001972
861	879	0.000706
861	882	0.000482
861	883	0.072382
862	872	0.001527
862	873	0.004055
862	874	0.000177
862	876	0.426305
862	877	0.001601
862	878	0.000622
862	879	0.000178
862	882	0.076154
862	883	0.000472
863	867	0.000052
863	868	0.000190
863	869	0.000121
863	871	0.001513
863	875	0.442343
863	881	0.071170
863	884	0.001344
863	886	0.000024
863	887	0.000008
864	872	0.000076
864	873	0.001045
864	874	0.442314
864	876	0.000165
864	877	0.000478
864	878	0.001803
864	879	0.036440
864	882	0.000068
864	883	0.001684
865	872	0.001284
865	873	0.432121
865	874	0.006825
865	876	0.000525
865	877	0.002146
865	878	0.040001
865	879	0.042848
865	882	0.001447
865	883	0.000251
866	872	0.361124
866	873	0.008496
866	874	0.002674
866	876	0.001888
866	877	0.040327
866	878	0.047755
866	879	0.016952
866	882	0.000214
866	883	0.000192
867	872	0.006971
867	873	0.003071
867	874	0.002203
867	876	0.038035
867	877	0.046818
867	878	0.020658
867	879	0.001574
867	882	0.000169
867	883	0.000191
868	872	0.001957
868	873	0.002044
868	874	0.002028
868	876	0.040105
868	877	0.021427
868	878	0.001810
868	879	0.000856
868	882	0.000170
868	883	0.000157
869	873	0.001377
869	874	0.002089
869	876	0.015902
869	877	0.001569
869	878	0.000928
869	879	0.000062
869	882	0.000135
869	883	0.000035
870	884	0.012693
871	876	0.000152
871	877	0.000436
871	878	0.000608
871	879	0.000235
871	882	0.000606
871	883	0.012198
872	881	0.000806
872	884	0.000049
872	886	0.000084
872	887	0.000089
873	881	0.000803
873	884	0.000091
873	886	0.000140
873	887	0.000063
874	881	0.000316
874	884	0.001358
874	886	0.000101
874	887	0.000012
875	879	0.000121
875	882	0.000527
875	883	0.001612
876	881	0.000506
876	884	0.000152
876	886	0.000047
876	887	0.000236
877	881	0.000104
877	884	0.000501
877	886	0.000421
877	887	0.000147
878	884	0.000505
878	886	0.000300
878	887	0.000524
879	884	0.000150
879	886	0.000804
879	887	0.000042
880	884	0.000449
882	886	0.000099
882	887	0.000099
883	887	0.000038
