1	7	0.000035
1	8	0.000030
1	9	0.000007
1	12	0.000010
1	13	0.000005
1	15	0.000046
1	33	0.000002
1	41	0.173659
1	55	0.000002
1	61	0.000005
1	67	0.016514
1	75	0.000025
1	76	0.000017
1	688	0.000014
1	690	0.000004
1	693	0.000014
1	694	0.000012
1	700	0.000003
1	703	0.000064
1	709	0.000038
1	712	0.000008
1	722	0.011181
1	727	0.000067
1	731	0.000013
1	733	0.002370
1	734	0.018109
1	736	0.079438
1	740	0.002151
1	742	0.005235
1	743	0.024625
1	745	0.055675
1	748	0.002156
1	755	0.010889
1	757	0.000027
1	764	0.000081
1	775	0.000142
1	779	0.000002
1	796	0.000002
1	821	0.000002
1	829	0.000034
1	843	0.000004
2	7	0.000102
2	8	0.000022
2	9	0.000004
2	11	0.000014
2	12	0.000010
2	14	0.000055
2	15	0.000018
2	28	0.000001
2	30	0.000162
2	32	0.000002
2	39	0.000147
2	40	0.229868
2	41	0.001369
2	42	0.004131
2	46	0.001695
2	50	0.000006
2	52	0.000002
2	53	0.000232
2	60	0.000009
2	61	0.000004
2	62	0.087559
2	64	0.000200
2	65	0.007215
2	66	0.029952
2	67	0.000058
2	74	0.000033
2	75	0.000034
2	76	0.000001
2	683	0.000061
2	686	0.000037
2	690	0.000187
2	693	0.000016
2	694	0.000005
2	700	0.000001
2	702	0.000072
2	703	0.000202
2	707	0.001093
2	708	0.000029
2	711	0.000011
2	712	0.000021
2	713	0.000024
2	719	0.000015
2	720	0.000314
2	721	0.014773
2	722	0.000142
2	723	0.000077
2	724	0.062278
2	727	0.000022
2	731	0.000016
2	732	0.003094
2	733	0.036154
2	734	0.000115
2	735	0.088927
2	736	0.036645
2	739	0.002799
2	740	0.001876
2	741	0.006866
2	742	0.049154
2	743	0.000139
2	744	0.062260
2	745	0.040468
2	747	0.002670
2	748	0.000501
2	750	0.000059
2	751	0.039683
2	753	0.000091
2	754	0.014465
2	755	0.000225
2	756	0.000033
2	757	0.000033
2	761	0.000015
2	763	0.000106
2	764	0.000083
2	765	0.000076
2	770	0.000048
2	774	0.000158
2	775	0.000070
2	778	0.000002
2	779	0.000008
2	780	0.000360
2	783	0.000040
2	795	0.000002
2	820	0.000001
2	821	0.000809
2	822	0.000045
2	823	0.000988
2	825	0.000107
2	826	0.001017
2	827	0.003436
2	831	0.000004
2	832	0.000095
2	833	0.000026
2	834	0.000002
2	835	0.000004
2	842	0.000007
2	855	0.000042
2	863	0.000072
2	866	0.002506
3	7	0.000026
3	8	0.000022
3	9	0.000010
3	11	0.000011
3	13	0.000055
3	14	0.000024
3	29	0.000163
3	30	0.000002
3	39	0.229972
3	40	0.001710
3	41	0.003343
3	42	0.042859
3	46	0.000131
3	50	0.000002
3	52	0.000231
3	53	0.000001
3	60	0.000002
3	61	0.088186
3	62	0.000527
3	64	0.007183
3	65	0.029766
3	66	0.000125
3	74	0.000036
3	75	0.000001
3	76	0.000002
3	682	0.000025
3	683	0.000193
3	686	0.000036
3	688	0.000003
3	690	0.000014
3	693	0.000004
3	694	0.000010
3	702	0.000246
3	703	0.000003
3	706	0.001120
3	707	0.000015
3	711	0.000026
3	712	0.000016
3	713	0.000063
3	719	0.000294
3	720	0.014690
3	721	0.000166
3	722	0.000044
3	723	0.062343
3	724	0.000043
3	727	0.000012
3	731	0.001111
3	732	0.038614
3	733	0.000088
3	734	0.083949
3	735	0.039472
3	736	0.000044
3	739	0.002483
3	740	0.004079
3	741	0.052498
3	742	0.000099
3	743	0.056567
3	744	0.043601
3	745	0.000054
3	747	0.000674
3	748	0.000010
3	750	0.039684
3	751	0.000194
3	753	0.014330
3	754	0.000254
3	755	0.000020
3	756	0.000046
3	763	0.000103
3	764	0.000034
3	765	0.000087
3	769	0.000016
3	770	0.000119
3	774	0.000074
3	775	0.000001
3	777	0.000001
3	778	0.000010
3	779	0.000325
3	780	0.000175
3	783	0.000016
3	794	0.000002
3	820	0.000954
3	822	0.000824
3	823	0.000119
3	825	0.001033
3	826	0.003419
3	827	0.000036
3	831	0.000097
3	832	0.000026
3	833	0.000002
3	834	0.000004
3	841	0.000008
3	854	0.000049
3	863	0.000046
3	866	0.001421
4	8	0.000032
4	9	0.000021
4	12	0.000052
4	13	0.000023
4	26	0.000003
4	28	0.000164
4	41	0.041193
4	58	0.000014
4	60	0.088820
4	61	0.000266
4	75	0.000002
4	79	0.000025
4	682	0.000162
4	688	0.000522
4	690	0.009525
4	693	0.000010
4	700	0.000023
4	703	0.000008
4	705	0.001134
4	712	0.000055
4	722	0.052787
4	727	0.000022
4	731	0.032325
4	733	0.075603
4	734	0.033762
4	736	0.000042
4	740	0.044849
4	742	0.047459
4	743	0.037154
4	745	0.000073
4	748	0.000178
4	755	0.000040
4	759	0.000033
4	761	0.000179
4	764	0.000068
4	769	0.000100
4	777	0.000009
4	778	0.000272
4	779	0.000152
4	793	0.000002
4	819	0.000960
4	821	0.000558
4	829	0.000183
4	840	0.000008
4	853	0.000049
4	859	0.000001
5	10	0.000042
5	16	0.000002
5	25	0.000003
5	27	0.000165
5	48	0.000015
5	56	0.000031
5	57	0.000014
5	59	0.088949
5	68	0.000003
5	71	0.000016
5	72	0.000002
5	78	0.000030
5	687	0.000557
5	689	0.010611
5	691	0.000129
5	696	0.000013
5	697	0.000002
5	698	0.000003
5	701	0.000707
5	704	0.001136
5	710	0.000017
5	714	0.000010
5	715	0.000011
5	716	0.000024
5	717	0.000048
5	749	0.033162
5	758	0.000035
5	760	0.000213
5	792	0.000002
5	818	0.000966
5	828	0.000191
5	839	0.000007
5	852	0.000049
5	858	0.000001
5	860	0.000038
5	861	0.000002
5	862	0.000003
5	864	0.000111
5	865	0.000109
6	15	0.000002
6	24	0.000003
6	26	0.000164
6	41	0.000699
6	55	0.000035
6	58	0.081707
6	60	0.000003
6	61	0.000012
6	67	0.000004
6	75	0.000001
6	76	0.000001
6	77	0.000025
6	682	0.000003
6	688	0.010262
6	690	0.000133
6	693	0.000002
6	700	0.000693
6	703	0.000922
6	709	0.000005
6	722	0.000007
6	727	0.001036
6	731	0.036496
6	733	0.000377
6	734	0.000031
6	736	0.000171
6	740	0.002656
6	742	0.000431
6	743	0.000039
6	745	0.000035
6	748	0.026989
6	757	0.000028
6	759	0.000144
6	769	0.000012
6	775	0.000002
6	777	0.000042
6	778	0.000002
6	817	0.000762
6	819	0.000012
6	829	0.000003
6	859	0.000036
7	25	0.000152
7	37	0.000068
7	38	0.005531
7	43	0.000205
7	44	0.000210
7	45	0.000097
7	47	0.000042
7	48	0.000010
7	49	0.000009
7	51	0.000002
7	54	0.000038
7	56	0.000080
7	57	0.075248
7	59	0.000003
7	63	0.000031
7	73	0.000001
7	681	0.000002
7	684	0.000003
7	685	0.000027
7	687	0.009291
7	689	0.000119
7	692	0.000002
7	699	0.000616
7	701	0.000007
7	715	0.000002
7	716	0.000004
7	717	0.000002
7	718	0.000015
7	725	0.000008
7	726	0.000996
7	728	0.000492
7	729	0.000415
7	730	0.038266
7	737	0.000475
7	738	0.000474
7	746	0.000246
7	749	0.000024
7	752	0.000007
7	758	0.000116
7	766	0.000002
7	767	0.000002
7	768	0.000014
7	772	0.000001
7	773	0.000002
7	776	0.000038
7	816	0.000642
7	818	0.000011
7	824	0.000005
7	828	0.000003
7	850	0.000002
7	851	0.000001
7	858	0.000032
7	864	0.000001
7	865	0.000002
7	867	0.000024
8	21	0.000001
8	22	0.000078
8	37	0.003206
8	38	0.723251
8	43	0.000143
8	44	0.000085
8	45	0.000014
8	47	0.000015
8	48	0.000010
8	49	0.000003
8	51	0.000004
8	54	0.000025
8	56	0.019136
8	57	0.000035
8	63	0.000003
8	684	0.000022
8	685	0.000036
8	687	0.000007
8	691	0.000001
8	698	0.000045
8	699	0.000002
8	701	0.000005
8	715	0.000002
8	717	0.000009
8	718	0.000008
8	725	0.000308
8	726	0.000079
8	728	0.000259
8	729	0.026899
8	730	0.000346
8	737	0.000262
8	738	0.000237
8	746	0.000230
8	749	0.000003
8	752	0.000001
8	766	0.000001
8	767	0.000011
8	768	0.000001
8	772	0.000002
8	815	0.000202
8	857	0.000009
8	865	0.000001
8	867	0.000006
9	19	0.000009
9	21	0.000096
9	22	0.000002
9	31	0.000003
9	37	0.949036
9	38	0.000337
9	43	0.000028
9	44	0.000005
9	47	0.000003
9	48	0.000002
9	51	0.000006
9	54	0.000095
9	56	0.000009
9	684	0.000018
9	685	0.000044
9	697	0.000005
9	716	0.000001
9	717	0.000003
9	725	0.000023
9	726	0.000043
9	728	0.011500
9	729	0.000210
9	730	0.000020
9	737	0.000110
9	738	0.000015
9	746	0.000004
9	766	0.000005
9	771	0.000001
9	856	0.000002
9	867	0.000020
10	18	0.000011
10	20	0.000097
10	23	0.000006
10	30	0.000003
10	32	0.000002
10	36	0.998911
10	42	0.000007
10	50	0.000005
10	52	0.000024
10	53	0.000081
10	683	0.000002
10	702	0.000001
10	724	0.000004
10	727	0.000202
10	736	0.000002
10	866	0.000030
11	16	0.000023
11	35	0.999097
11	696	0.000001
11	701	0.000001
11	865	0.000029
12	19	0.000007
12	21	0.000001
12	22	0.000002
12	31	0.000005
12	34	0.991045
12	35	0.000003
12	38	0.000001
12	51	0.000017
12	725	0.000003
12	726	0.000009
12	864	0.000026
13	17	0.000002
13	21	0.000001
13	31	0.000122
13	34	0.000106
13	37	0.000001
13	49	0.000132
13	697	0.000001
13	725	0.000006
14	35	0.000004
14	48	0.000138
14	696	0.000003
14	862	0.000019
15	21	0.000001
15	31	0.913671
15	34	0.000006
15	47	0.000137
15	63	0.000007
15	695	0.000003
15	861	0.000019
16	20	0.000001
16	28	0.000021
16	29	0.077212
16	30	0.916720
16	32	0.000048
16	33	0.000003
16	46	0.000130
16	61	0.000008
16	62	0.000009
16	694	0.000003
17	26	0.000065
17	28	0.533620
17	29	0.462413
17	60	0.000014
17	61	0.000005
17	690	0.000002
17	693	0.000003
17	859	0.000018
18	25	0.000137
18	27	0.988085
18	59	0.000019
18	689	0.000002
18	691	0.000003
18	858	0.000018
19	24	0.000101
19	26	0.987137
19	28	0.010474
19	58	0.000019
19	688	0.000002
19	690	0.000003
20	25	0.983622
20	27	0.010724
20	57	0.000019
20	687	0.000002
20	689	0.000003
20	856	0.000016
21	26	0.008114
21	28	0.000001
21	29	0.000003
21	688	0.000002
21	855	0.000016
22	26	0.000008
22	28	0.000017
22	55	0.000002
22	853	0.000016
23	27	0.000017
23	687	0.000001
23	852	0.000017
24	37	0.000021
24	851	0.000016
25	36	0.000023
25	39	0.000004
25	52	0.000019
25	64	0.000018
26	35	0.000023
26	37	0.000051
26	38	0.000002
26	51	0.000019
26	63	0.000018
26	849	0.000013
27	36	0.000055
27	39	0.000001
27	50	0.000019
27	62	0.000018
27	848	0.000016
27	863	0.000001
28	35	0.000054
28	38	0.000001
28	49	0.000018
28	847	0.000016
28	862	0.000001
29	34	0.000031
29	37	0.000001
29	48	0.000015
29	49	0.000001
29	846	0.000016
29	861	0.000001
30	35	0.000002
30	48	0.000002
30	59	0.000026
30	691	0.000002
30	845	0.000016
30	860	0.000002
31	58	0.000026
31	690	0.000002
31	844	0.000014
31	859	0.000002
32	57	0.000026
32	689	0.000002
32	858	0.000002
33	56	0.000026
33	704	0.000011
33	857	0.000002
34	41	0.000007
34	55	0.000025
34	61	0.000008
34	75	0.000002
34	703	0.000188
34	842	0.000004
35	40	0.000008
35	42	0.000004
35	53	0.000001
35	60	0.000012
35	74	0.000002
35	702	0.000207
35	750	0.000001
35	841	0.000004
35	866	0.000346
36	59	0.000013
36	701	0.000208
36	749	0.000001
36	865	0.000347
37	41	0.000010
37	58	0.000008
37	60	0.000003
37	61	0.000044
37	75	0.000013
37	76	0.000046
37	77	0.000008
37	700	0.000203
37	734	0.000001
37	748	0.000001
38	55	0.000004
38	58	0.008724
38	60	0.000105
38	61	0.000002
38	75	0.000081
38	76	0.000032
38	77	0.000006
38	688	0.000005
38	690	0.000005
38	700	0.000008
38	727	0.000003
38	731	0.000001
38	733	0.000002
38	734	0.000001
38	736	0.000002
38	740	0.000002
38	742	0.000002
38	743	0.000001
38	745	0.000002
38	761	0.000007
38	829	0.000003
38	840	0.000001
39	48	0.001362
39	56	0.000052
39	57	0.013513
39	59	0.000127
39	68	0.000002
39	69	0.000199
39	71	0.000038
39	72	0.141907
39	81	0.000001
39	687	0.000005
39	689	0.000006
39	696	0.000003
39	697	0.000886
39	698	0.001056
39	701	0.000007
39	715	0.000031
39	716	0.000017
39	717	0.000505
39	749	0.000003
39	760	0.000008
39	828	0.000004
39	839	0.000002
39	852	0.000001
39	860	0.000027
39	861	0.000191
39	862	0.002806
39	864	0.007562
39	865	0.001453
40	48	0.014209
40	56	0.013859
40	57	0.000072
40	59	0.000014
40	68	0.000209
40	69	0.000039
40	71	0.143559
40	72	0.000016
40	80	0.000003
40	687	0.000003
40	689	0.000002
40	691	0.000002
40	696	0.000927
40	697	0.001063
40	698	0.000238
40	701	0.000005
40	714	0.000031
40	715	0.000017
40	716	0.000510
40	717	0.000008
40	749	0.000004
40	760	0.000003
40	786	0.000015
40	828	0.000001
40	838	0.000002
40	858	0.000054
40	860	0.000190
40	861	0.002809
40	862	0.011643
40	864	0.001380
40	865	0.000011
41	45	0.000184
41	47	0.013531
41	48	0.000171
41	49	0.014041
41	51	0.000010
41	54	0.000056
41	56	0.000031
41	57	0.000314
41	63	0.000022
41	68	0.000029
41	69	0.000724
41	70	0.142782
41	71	0.000011
41	72	0.000006
41	73	0.000095
41	692	0.000086
41	695	0.000887
41	696	0.000980
41	697	0.000240
41	698	0.000002
41	699	0.000011
41	714	0.000012
41	715	0.000507
41	716	0.000008
41	725	0.000002
41	726	0.000007
41	728	0.000007
41	729	0.000010
41	730	0.000007
41	737	0.000009
41	738	0.000006
41	746	0.000006
41	760	0.000001
41	762	0.000009
41	766	0.000004
41	767	0.000007
41	768	0.000009
41	771	0.000012
41	772	0.000004
41	781	0.000001
41	785	0.000016
41	846	0.000033
41	857	0.000058
41	860	0.000401
41	861	0.012068
41	862	0.000100
41	864	0.000008
41	865	0.000019
41	867	0.000005
42	48	0.018756
42	56	0.001459
42	57	0.000010
42	59	0.000141
42	68	0.003789
42	69	0.138646
42	71	0.000011
42	72	0.000114
42	78	0.000060
42	687	0.000002
42	689	0.000006
42	691	0.000107
42	696	0.000292
42	697	0.000003
42	698	0.000011
42	701	0.000033
42	704	0.000001
42	714	0.000499
42	715	0.000009
42	749	0.000066
42	758	0.000001
42	760	0.000033
42	784	0.000016
42	828	0.000003
42	845	0.000040
42	856	0.000058
42	858	0.000184
42	860	0.014752
42	861	0.000099
42	862	0.000148
42	864	0.000051
42	865	0.000010
43	55	0.001263
43	58	0.000134
43	60	0.000003
43	61	0.000041
43	67	0.006249
43	76	0.000003
43	77	0.000075
43	688	0.000005
43	690	0.000096
43	693	0.000025
43	694	0.001363
43	700	0.000029
43	703	0.000003
43	712	0.000001
43	727	0.000016
43	731	0.000011
43	733	0.000015
43	734	0.000076
43	736	0.000024
43	740	0.000018
43	742	0.000016
43	743	0.000078
43	745	0.000024
43	748	0.000066
43	755	0.000001
43	759	0.000015
43	761	0.000095
43	764	0.000005
43	769	0.000026
43	778	0.000002
43	779	0.000024
43	844	0.000039
43	848	0.000002
43	855	0.000052
43	859	0.014551
44	55	0.000028
44	58	0.000024
44	60	0.000020
44	61	0.004232
44	67	0.002859
44	75	0.000003
44	76	0.000082
44	77	0.000025
44	79	0.000001
44	693	0.001381
44	694	0.000190
44	700	0.000003
44	703	0.000008
44	712	0.000006
44	722	0.000001
44	727	0.000021
44	731	0.000013
44	733	0.000077
44	734	0.000067
44	736	0.000052
44	740	0.000019
44	742	0.000080
44	743	0.000107
44	745	0.000056
44	748	0.000031
44	755	0.000001
44	759	0.000016
44	761	0.000025
44	764	0.000017
44	769	0.000014
44	777	0.000002
44	778	0.000030
44	779	0.000002
44	843	0.000034
44	859	0.000008
45	55	0.000024
45	58	0.000148
45	60	0.005188
45	61	0.000074
45	67	0.000508
45	75	0.000062
45	76	0.000034
45	77	0.000019
45	79	0.000447
45	688	0.000107
45	690	0.000148
45	693	0.000215
45	694	0.000003
45	700	0.000002
45	703	0.000004
45	705	0.000043
45	727	0.000015
45	731	0.000010
45	733	0.000059
45	734	0.000021
45	736	0.000023
45	740	0.000014
45	742	0.000105
45	743	0.000023
45	745	0.000024
45	748	0.000010
45	759	0.007411
45	761	0.000033
45	764	0.000026
45	769	0.000005
45	777	0.000028
45	778	0.000002
45	829	0.000084
45	842	0.000018
45	853	0.000036
45	859	0.000105
46	56	0.015239
46	57	0.000157
46	59	0.005308
46	68	0.020842
46	71	0.000003
46	72	0.000011
46	78	0.000478
46	687	0.000114
46	689	0.000157
46	691	0.002240
46	696	0.000001
46	701	0.000097
46	704	0.000070
46	710	0.000012
46	749	0.001605
46	758	0.008338
46	760	0.000035
46	809	0.000005
46	828	0.000090
46	845	0.000244
46	852	0.000036
46	856	0.015377
46	858	0.000095
46	860	0.000002
46	864	0.000038
46	865	0.000031
47	55	0.014986
47	58	0.004852
47	60	0.000425
47	61	0.000997
47	67	0.021063
47	75	0.000743
47	76	0.000005
47	77	0.000475
47	688	0.000121
47	690	0.002244
47	700	0.000080
47	703	0.000091
47	709	0.000010
47	712	0.000002
47	722	0.000018
47	727	0.000015
47	731	0.000014
47	733	0.000918
47	734	0.000022
47	736	0.001104
47	740	0.000223
47	742	0.001085
47	743	0.000023
47	745	0.002380
47	748	0.001660
47	755	0.000018
47	757	0.008357
47	759	0.000028
47	761	0.000050
47	764	0.016992
47	775	0.000048
47	808	0.000005
47	821	0.000451
47	842	0.000015
47	844	0.000247
47	855	0.015484
47	859	0.000001
48	52	0.000164
48	53	0.004687
48	55	0.000031
48	58	0.000010
48	60	0.000710
48	61	0.567834
48	62	0.115372
48	64	0.000814
48	65	0.000360
48	66	0.018789
48	67	0.000001
48	74	0.000854
48	75	0.000004
48	76	0.000463
48	683	0.000021
48	686	0.000023
48	690	0.000003
48	694	0.000002
48	702	0.000086
48	706	0.000003
48	708	0.000009
48	711	0.000002
48	713	0.000002
48	720	0.000004
48	721	0.000020
48	723	0.000005
48	724	0.000005
48	727	0.000001
48	732	0.001035
48	733	0.000008
48	734	0.000006
48	735	0.001197
48	736	0.000003
48	739	0.000229
48	740	0.000002
48	741	0.001226
48	742	0.000008
48	743	0.000010
48	744	0.002605
48	745	0.000004
48	747	0.001535
48	750	0.000004
48	751	0.000009
48	753	0.000002
48	754	0.000019
48	756	0.008353
48	761	0.000050
48	763	0.019366
48	764	0.000015
48	765	0.000344
48	770	0.000027
48	774	0.000051
48	778	0.000001
48	780	0.000010
48	783	0.000003
48	807	0.000005
48	820	0.000559
48	823	0.000037
48	825	0.000009
48	826	0.000015
48	827	0.000008
48	841	0.000020
48	843	0.000247
48	854	0.015498
48	863	0.000014
48	866	0.000231
49	55	0.000092
49	58	0.001442
49	60	0.721108
49	61	0.057970
49	75	0.000418
49	79	0.000005
49	682	0.000018
49	688	0.002238
49	690	0.000784
49	693	0.000003
49	705	0.000004
49	712	0.000002
49	722	0.000003
49	731	0.000698
49	733	0.000006
49	734	0.000776
49	736	0.000001
49	740	0.000878
49	742	0.000012
49	743	0.002119
49	745	0.000014
49	755	0.007982
49	757	0.000010
49	759	0.000125
49	761	0.037534
49	764	0.000211
49	769	0.000016
49	779	0.000005
49	806	0.000005
49	819	0.000559
49	840	0.000012
49	842	0.000244
49	853	0.015235
50	56	0.007383
50	57	0.001719
50	59	0.791424
50	68	0.000009
50	71	0.002103
50	72	0.001002
50	78	0.000006
50	80	0.000004
50	687	0.002248
50	689	0.000849
50	691	0.000024
50	701	0.000005
50	704	0.000005
50	749	0.000017
50	758	0.000137
50	760	0.039202
50	818	0.000559
50	839	0.000004
50	845	0.000001
50	852	0.015106
50	862	0.000002
50	864	0.000004
50	865	0.000002
51	55	0.004887
51	58	0.789465
51	60	0.000420
51	61	0.000004
51	67	0.000009
51	77	0.000005
51	79	0.000007
51	688	0.000833
51	690	0.000026
51	700	0.000005
51	703	0.000004
51	705	0.000003
51	727	0.000002
51	731	0.000002
51	733	0.000005
51	736	0.000002
51	740	0.000007
51	742	0.000015
51	743	0.000002
51	745	0.000001
51	748	0.000014
51	755	0.000006
51	757	0.000129
51	759	0.039294
51	761	0.000389
51	805	0.000004
51	817	0.000556
51	829	0.000008
51	840	0.010318
51	842	0.000002
51	843	0.000001
51	844	0.000001
51	848	0.000002
52	56	0.000806
52	57	0.781893
52	59	0.000437
52	68	0.000007
52	69	0.012270
52	71	0.000004
52	72	0.000019
52	78	0.000005
52	687	0.000790
52	689	0.000016
52	691	0.000002
52	697	0.000002
52	698	0.000005
52	704	0.000003
52	715	0.000001
52	749	0.000001
52	758	0.038443
52	760	0.000427
52	804	0.000005
52	816	0.000537
52	828	0.000009
52	839	0.010664
52	861	0.000007
52	862	0.000002
52	865	0.000062
53	57	0.000517
53	59	0.000108
53	68	0.013302
53	69	0.000017
53	71	0.000019
53	78	0.000042
53	687	0.000005
53	689	0.000045
53	696	0.000002
53	697	0.000005
53	701	0.000005
53	714	0.000001
53	749	0.000017
53	758	0.001230
53	760	0.000089
53	803	0.000005
53	816	0.000012
53	838	0.010669
53	845	0.000002
53	860	0.000007
53	861	0.000002
53	864	0.000062
54	58	0.000075
54	60	0.000009
54	61	0.000008
54	67	0.013239
54	76	0.000005
54	77	0.000062
54	688	0.000055
54	700	0.000005
54	705	0.000006
54	727	0.000018
54	731	0.000007
54	733	0.000002
54	734	0.000006
54	736	0.000004
54	740	0.000003
54	742	0.000005
54	743	0.000001
54	748	0.000014
54	755	0.000259
54	757	0.001856
54	759	0.000092
54	777	0.000011
54	802	0.000004
54	829	0.000011
54	837	0.010662
54	844	0.000001
54	848	0.000025
54	859	0.000007
55	59	0.000008
55	63	0.000225
55	68	0.000004
55	69	0.000004
55	684	0.000281
55	685	0.000002
55	687	0.000055
55	695	0.000002
55	699	0.000005
55	704	0.000008
55	725	0.000325
55	726	0.000015
55	728	0.000002
55	729	0.000001
55	730	0.000008
55	737	0.001767
55	738	0.000005
55	746	0.000007
55	749	0.000190
55	752	0.001537
55	758	0.000089
55	766	0.000023
55	771	0.000006
55	776	0.000013
55	815	0.000425
55	828	0.000012
55	836	0.010639
55	847	0.000024
55	849	0.000001
55	850	0.000002
55	851	0.000016
55	852	0.000002
55	858	0.000005
55	867	0.001722
56	62	0.000293
56	64	0.000043
56	65	0.028389
56	66	0.002849
56	67	0.000024
56	74	0.000002
56	75	0.000717
56	76	0.000002
56	77	0.000001
56	683	0.000291
56	686	0.000052
56	694	0.000003
56	703	0.000429
56	720	0.000009
56	721	0.000054
56	724	0.000372
56	732	0.000099
56	733	0.000107
56	734	0.000003
56	735	0.000127
56	736	0.002041
56	739	0.000004
56	740	0.000044
56	741	0.000009
56	742	0.000039
56	744	0.000002
56	745	0.000008
56	747	0.000002
56	748	0.000489
56	751	0.001730
56	754	0.051747
56	755	0.000012
56	756	0.000004
56	757	0.000019
56	764	0.000004
56	765	0.000028
56	770	0.000007
56	775	0.000013
56	801	0.000004
56	814	0.000493
56	826	0.000103
56	827	0.000011
56	832	0.000047
56	833	0.000021
56	834	0.000072
56	835	0.010446
56	866	0.002622
57	61	0.000124
57	62	0.000081
57	64	0.028616
57	65	0.002782
57	66	0.000047
57	74	0.001008
57	75	0.000002
57	76	0.000004
57	682	0.000162
57	686	0.000002
57	693	0.000003
57	702	0.000506
57	719	0.000009
57	720	0.000054
57	721	0.000001
57	723	0.000370
57	727	0.000003
57	731	0.000099
57	732	0.000113
57	733	0.000004
57	734	0.000106
57	735	0.002065
57	739	0.000055
57	740	0.000005
57	741	0.000044
57	743	0.000001
57	744	0.000008
57	747	0.000533
57	750	0.001730
57	753	0.051824
57	754	0.000011
57	755	0.000003
57	756	0.000019
57	763	0.000009
57	764	0.000022
57	765	0.000016
57	769	0.000007
57	774	0.000014
57	813	0.000492
57	825	0.000113
57	826	0.000009
57	831	0.000052
57	832	0.000022
57	833	0.000141
57	834	0.010261
57	866	0.000026
58	63	0.025110
58	72	0.000029
58	73	0.001013
58	681	0.000120
58	684	0.000002
58	685	0.000002
58	692	0.000002
58	695	0.000006
58	701	0.000501
58	718	0.000009
58	725	0.000001
58	726	0.000003
58	728	0.000036
58	730	0.000097
58	737	0.000002
58	738	0.000054
58	746	0.000527
58	749	0.001615
58	752	0.051771
58	762	0.000009
58	766	0.000032
58	768	0.000006
58	771	0.000003
58	773	0.000013
58	781	0.000002
58	799	0.000004
58	812	0.000412
58	824	0.000129
58	828	0.000017
58	830	0.000063
58	849	0.000152
58	864	0.002626
58	865	0.000013
58	867	0.000028
59	64	0.001461
59	65	0.000071
59	66	0.000191
59	74	0.000773
59	680	0.000020
59	683	0.000002
59	693	0.000001
59	694	0.000008
59	700	0.000485
59	702	0.000377
59	703	0.000005
59	719	0.000078
59	720	0.000024
59	721	0.000166
59	722	0.000002
59	724	0.000001
59	727	0.000050
59	731	0.000198
59	732	0.000258
59	733	0.000104
59	734	0.000012
59	735	0.000024
59	736	0.000002
59	739	0.000099
59	741	0.000002
59	744	0.000039
59	745	0.000432
59	747	0.001130
59	748	0.000226
59	750	0.000698
59	751	0.050719
59	753	0.000019
59	754	0.000007
59	761	0.000007
59	763	0.000557
59	765	0.000040
59	769	0.000001
59	770	0.000004
59	774	0.000023
59	780	0.000003
59	783	0.000036
59	798	0.000004
59	823	0.000127
59	825	0.000009
59	827	0.000017
59	829	0.000046
59	831	0.001785
59	832	0.001668
59	833	0.002021
59	848	0.000162
59	863	0.002685
59	866	0.000054
60	70	0.000070
60	71	0.001006
60	73	0.000780
60	679	0.000016
60	699	0.000475
60	701	0.000349
60	718	0.000071
60	726	0.000053
60	728	0.000007
60	729	0.000062
60	730	0.000255
60	738	0.000100
60	746	0.001108
60	749	0.001271
60	752	0.000018
60	762	0.000492
60	768	0.000002
60	773	0.000023
60	782	0.000035
60	797	0.000003
60	811	0.000029
60	824	0.000008
60	828	0.000006
60	830	0.001627
60	847	0.000163
60	862	0.002680
60	865	0.000032
61	69	0.000082
61	70	0.001046
61	72	0.000778
61	73	0.000009
61	692	0.000196
61	698	0.000021
61	699	0.000038
61	701	0.000056
61	717	0.000023
61	718	0.000057
61	725	0.000014
61	726	0.000017
61	728	0.000072
61	729	0.000250
61	730	0.000060
61	737	0.000070
61	738	0.000001
61	746	0.000022
61	749	0.000881
61	752	0.000002
61	762	0.000007
61	767	0.000002
61	772	0.000019
61	781	0.000028
61	810	0.000034
61	811	0.000002
61	828	0.000014
61	830	0.000229
61	846	0.000164
61	861	0.002668
61	864	0.000009
61	865	0.000181
62	68	0.000664
62	69	0.001049
62	71	0.000782
62	72	0.000014
62	689	0.000109
62	691	0.000313
62	697	0.000003
62	698	0.000028
62	701	0.031509
62	704	0.000009
62	716	0.000017
62	717	0.000073
62	749	0.037029
62	760	0.000696
62	809	0.000035
62	810	0.000002
62	828	0.001093
62	845	0.000164
62	860	0.002685
62	864	0.001085
62	865	0.000021
63	67	0.000466
63	688	0.000111
63	690	0.000318
63	700	0.032723
63	703	0.000024
63	727	0.000867
63	731	0.000078
63	733	0.000009
63	734	0.000003
63	736	0.000004
63	740	0.000028
63	742	0.000030
63	743	0.000051
63	745	0.000008
63	748	0.036336
63	759	0.000704
63	761	0.000024
63	779	0.000001
63	808	0.000028
63	829	0.001446
63	840	0.000022
63	844	0.000118
63	859	0.002667
64	68	0.000106
64	69	0.000065
64	71	0.000007
64	72	0.000167
64	687	0.000110
64	689	0.000314
64	697	0.000014
64	698	0.167651
64	701	0.000001
64	715	0.000016
64	716	0.000131
64	717	0.001784
64	749	0.002187
64	758	0.000694
64	760	0.000026
64	828	0.001522
64	839	0.000037
64	858	0.002622
64	861	0.000005
64	862	0.001500
64	864	0.000010
64	865	0.000197
65	69	0.000010
65	71	0.000168
65	72	0.000405
65	687	0.000045
65	689	0.000007
65	696	0.000009
65	697	0.168996
65	698	0.000031
65	714	0.000015
65	715	0.000133
65	716	0.001800
65	717	0.001625
65	749	0.000160
65	758	0.000007
65	760	0.000012
65	828	0.000029
65	838	0.000037
65	839	0.000004
65	856	0.000069
65	858	0.000006
65	860	0.000005
65	861	0.001504
65	862	0.000017
65	864	0.000196
65	865	0.000162
66	71	0.000406
66	72	0.000010
66	687	0.000070
66	689	0.000007
66	696	0.169076
66	697	0.000028
66	714	0.000132
66	715	0.001799
66	716	0.001636
66	749	0.000056
66	758	0.000017
66	760	0.000006
66	828	0.000012
66	836	0.000003
66	838	0.000004
66	856	0.000183
66	858	0.000003
66	860	0.001497
66	861	0.000017
66	862	0.000005
66	864	0.000164
66	865	0.000002
67	71	0.000008
67	684	0.000072
67	685	0.000006
67	687	0.000091
67	691	0.000009
67	692	0.000002
67	695	0.168760
67	696	0.000024
67	714	0.001675
67	715	0.001628
67	725	0.464237
67	726	0.000704
67	728	0.000038
67	729	0.000019
67	730	0.000007
67	737	0.029625
67	738	0.000050
67	746	0.059457
67	749	0.000001
67	752	0.000023
67	758	0.000059
67	824	0.000743
67	828	0.000006
67	836	0.000036
67	846	0.000002
67	857	0.000004
67	858	0.000019
67	860	0.000013
67	861	0.000002
67	867	0.000002
68	74	0.000022
68	75	0.000011
68	77	0.000002
68	683	0.000075
68	686	0.000166
68	688	0.000003
68	690	0.000175
68	693	0.000839
68	694	0.166407
68	711	0.000004
68	712	0.000017
68	713	0.001228
68	721	0.000006
68	724	0.557251
68	727	0.000001
68	733	0.000001
68	735	0.000141
68	736	0.034882
68	739	0.000019
68	740	0.000002
68	741	0.000005
68	742	0.002730
68	743	0.000003
68	744	0.000870
68	745	0.067343
68	747	0.000012
68	748	0.000006
68	750	0.000002
68	751	0.000030
68	754	0.000070
68	757	0.000821
68	823	0.000802
68	826	0.000013
68	827	0.000015
68	832	0.000001
68	833	0.000001
68	834	0.000003
68	835	0.000039
68	859	0.000011
68	866	0.000002
69	74	0.000019
69	76	0.000010
69	77	0.000005
69	682	0.000071
69	683	0.000062
69	686	0.000191
69	688	0.000037
69	690	0.000019
69	693	0.161243
69	694	0.000151
69	711	0.000080
69	712	0.000516
69	713	0.002243
69	720	0.000006
69	723	0.557633
69	724	0.000002
69	732	0.000002
69	734	0.000144
69	735	0.035887
69	739	0.000002
69	740	0.000001
69	741	0.002895
69	743	0.000874
69	744	0.068503
69	747	0.000008
69	750	0.000030
69	753	0.000070
69	756	0.000880
69	765	0.000005
69	822	0.000797
69	825	0.000013
69	826	0.000015
69	831	0.000001
69	832	0.000001
69	833	0.000003
69	834	0.000039
69	844	0.000008
70	75	0.000016
70	76	0.000016
70	77	0.000018
70	682	0.000063
70	688	0.001313
70	690	0.000201
70	693	0.000275
70	694	0.000002
70	709	0.000009
70	712	0.002660
70	722	0.557508
70	731	0.000002
70	733	0.000160
70	734	0.035930
70	736	0.000160
70	740	0.002899
70	742	0.000918
70	743	0.068468
70	745	0.000101
70	748	0.000020
70	755	0.000902
70	764	0.000005
70	821	0.000764
70	843	0.000073
70	855	0.000003
71	75	0.000010
71	76	0.000019
71	77	0.000002
71	682	0.000001
71	683	0.000232
71	686	0.000704
71	688	0.000036
71	690	0.163603
71	693	0.000003
71	707	0.000011
71	708	0.000007
71	711	0.002733
71	712	0.000018
71	719	0.000021
71	720	0.000754
71	721	0.556883
71	722	0.000002
71	724	0.000103
71	732	0.000166
71	733	0.035919
71	735	0.000172
71	736	0.000082
71	739	0.002863
71	740	0.000008
71	741	0.000941
71	742	0.068380
71	744	0.000107
71	745	0.000038
71	747	0.000020
71	748	0.000009
71	751	0.000092
71	754	0.000907
71	763	0.000005
71	820	0.000628
71	821	0.000032
71	823	0.000009
71	825	0.000002
71	827	0.000003
71	832	0.000029
71	833	0.000016
71	842	0.000099
71	854	0.000002
71	855	0.000695
71	866	0.000001
72	76	0.000007
72	77	0.000008
72	682	0.000223
72	683	0.002829
72	686	0.002525
72	688	0.000207
72	690	0.000337
72	706	0.000013
72	707	0.000005
72	711	0.000031
72	713	0.000005
72	719	0.001481
72	720	0.553079
72	721	0.000007
72	723	0.000104
72	731	0.000066
72	732	0.035960
72	734	0.000161
72	735	0.000153
72	736	0.000002
72	739	0.000063
72	740	0.000563
72	741	0.068433
72	743	0.000097
72	744	0.000044
72	747	0.000011
72	750	0.000092
72	753	0.000895
72	819	0.000305
72	820	0.000164
72	822	0.000007
72	823	0.000010
72	826	0.000003
72	831	0.000029
72	832	0.000015
72	841	0.000102
72	854	0.000708
72	866	0.000001
73	77	0.000194
73	79	0.005913
73	682	0.003090
73	688	0.184149
73	690	0.003139
73	693	0.000001
73	694	0.000001
73	700	0.000006
73	703	0.000005
73	705	0.000016
73	709	0.000062
73	712	0.000004
73	722	0.000085
73	727	0.000002
73	731	0.031585
73	733	0.000138
73	734	0.000130
73	736	0.000012
73	740	0.058865
73	742	0.000080
73	743	0.000038
73	745	0.000001
73	748	0.000002
73	817	0.000164
73	819	0.000294
73	821	0.000005
73	829	0.000018
73	840	0.000101
73	853	0.000710
74	78	0.006112
74	80	0.000031
74	687	0.185482
74	689	0.003379
74	691	0.000020
74	696	0.000068
74	697	0.000152
74	698	0.000122
74	701	0.000007
74	704	0.000017
74	710	0.000008
74	714	0.000019
74	715	0.000154
74	716	0.005910
74	717	0.013146
74	749	0.000046
74	760	0.000001
74	816	0.000166
74	818	0.000342
74	828	0.000018
74	839	0.000101
74	852	0.000711
75	80	0.000002
75	681	0.000095
75	684	0.006126
75	685	0.059768
75	687	0.000071
75	689	0.000004
75	692	0.000013
75	695	0.000058
75	696	0.000149
75	697	0.000120
75	698	0.000001
75	699	0.000005
75	714	0.000120
75	715	0.005542
75	716	0.012160
75	717	0.000840
75	718	0.000984
75	725	0.000003
75	726	0.000028
75	728	0.000046
75	729	0.004115
75	730	0.007940
75	737	0.000082
75	738	0.008247
75	815	0.000143
75	816	0.000001
75	838	0.000067
75	851	0.000704
76	681	0.001173
76	684	0.050173
76	685	0.017342
76	687	0.000407
76	689	0.000013
76	691	0.000015
76	692	0.000003
76	695	0.000119
76	696	0.000107
76	697	0.000001
76	698	0.000005
76	699	0.000002
76	714	0.002537
76	715	0.009061
76	716	0.000567
76	717	0.000913
76	718	0.000298
76	725	0.000028
76	726	0.000189
76	728	0.003407
76	729	0.008014
76	730	0.000191
76	737	0.006827
76	738	0.000282
76	749	0.000002
76	815	0.000002
76	816	0.000005
76	850	0.000659
77	681	0.729831
77	684	0.006250
77	685	0.000040
77	687	0.000008
77	691	0.000001
77	695	0.000057
77	697	0.000002
77	698	0.000002
77	714	0.002205
77	715	0.000219
77	716	0.000175
77	717	0.000170
77	718	0.000005
77	725	0.000174
77	726	0.000071
77	728	0.006866
77	729	0.000164
77	730	0.000015
77	737	0.000202
77	738	0.000054
77	815	0.000005
77	836	0.000001
77	849	0.000472
78	678	0.000005
78	680	0.905507
78	682	0.000012
78	683	0.002301
78	686	0.000006
78	694	0.000002
78	703	0.000001
78	711	0.000002
78	713	0.000150
78	719	0.000006
78	724	0.000115
78	727	0.005187
78	732	0.000001
78	735	0.000061
78	736	0.000033
78	739	0.000038
78	747	0.000004
78	814	0.000004
78	848	0.000243
79	679	0.907570
79	681	0.000051
79	685	0.000005
79	710	0.000002
79	714	0.000010
79	715	0.000003
79	718	0.000005
79	725	0.000024
79	726	0.004938
79	738	0.000036
79	746	0.000003
79	847	0.000221
80	677	0.000002
80	678	0.999557
80	680	0.000015
80	711	0.000025
80	713	0.000004
80	724	0.000014
81	677	0.999971
81	678	0.000005
81	723	0.000007
82	676	0.999987
82	677	0.000002
83	675	0.999961
84	674	0.999059
86	673	0.999475
87	672	0.999480
88	671	0.999976
89	670	0.999986
90	669	0.996724
91	668	0.499052
92	664	0.000001
92	668	0.500477
93	663	0.000001
93	667	0.998161
94	666	0.999007
95	664	0.002712
95	665	0.992412
97	663	0.995297
98	662	0.999949
99	661	0.999991
100	660	0.999991
101	659	0.999957
102	657	0.000002
102	658	0.999954
103	656	0.000005
103	657	0.999979
104	654	0.000002
104	656	0.999112
104	657	0.000002
105	109	0.000033
105	637	0.000033
105	638	0.000009
105	639	0.000106
105	655	0.905540
107	636	0.000026
107	638	0.008609
107	640	0.000036
107	652	0.000005
110	635	0.000038
110	636	0.990826
110	638	0.000029
111	635	0.999822
111	636	0.000034
111	638	0.000001
112	634	0.999388
112	635	0.000012
113	632	0.006705
113	633	0.993259
114	629	0.000002
114	631	0.013306
114	632	0.984145
116	628	0.000238
116	630	0.921751
117	628	0.998229
117	630	0.000024
118	627	0.999149
119	626	0.998883
119	627	0.000264
120	626	0.000311
121	623	0.000002
121	624	0.994454
121	625	0.000210
122	623	0.993553
122	625	0.000010
123	623	0.001151
124	621	0.985316
125	619	0.000001
125	620	0.999840
126	619	0.999649
126	620	0.000073
128	618	0.999780
129	617	0.999979
130	616	0.999511
131	615	0.999977
132	614	0.999990
133	613	0.999979
134	612	0.998374
135	611	0.982063
136	608	0.000001
136	611	0.017389
137	609	0.961638
137	610	0.033459
138	607	0.000006
138	608	0.938677
138	611	0.000157
139	606	0.000003
139	609	0.027071
139	610	0.000232
140	607	0.003284
140	608	0.050838
141	605	0.000002
142	607	0.995207
142	608	0.000024
143	606	0.999877
144	605	0.999501
145	604	0.999980
146	603	0.999991
147	602	0.999977
148	601	0.999511
149	600	0.999970
150	596	0.000003
150	598	0.000003
150	599	0.999028
151	595	0.000033
151	597	0.000003
151	598	0.998830
152	594	0.000038
152	596	0.000006
152	597	0.999911
153	593	0.000039
153	594	0.000008
153	596	0.997014
153	597	0.000012
154	592	0.000021
155	592	0.000016
156	592	0.000484
157	592	0.988913
158	591	0.999943
159	590	0.999976
160	589	0.999698
161	588	0.999939
162	586	0.000325
162	587	0.999621
163	585	0.000649
163	586	0.999319
163	587	0.000010
164	221	0.000010
164	443	0.000007
164	584	0.000973
164	585	0.998918
164	586	0.000020
165	175	0.000008
165	213	0.000004
165	220	0.000028
165	221	0.000097
165	224	0.000041
165	442	0.000009
165	443	0.000004
165	583	0.001208
165	584	0.987844
165	585	0.000030
166	174	0.000014
166	212	0.000005
166	215	0.000007
166	216	0.871948
166	217	0.001823
166	218	0.000082
166	219	0.000097
166	222	0.000006
166	223	0.000037
166	225	0.000003
166	441	0.000003
167	173	0.000015
167	211	0.000006
167	212	0.000003
167	215	0.998851
167	218	0.000071
167	222	0.000025
167	440	0.000002
168	172	0.000010
168	214	0.999224
168	439	0.000002
169	213	0.999714
170	210	0.004105
170	211	0.000528
170	212	0.995056
171	175	0.000002
171	209	0.024293
171	436	0.000002
172	206	0.000002
172	207	0.000021
172	208	0.024434
172	210	0.950357
172	211	0.000239
172	435	0.000002
173	209	0.939829
173	434	0.000002
174	433	0.000002
175	204	0.001148
175	206	0.644862
175	210	0.000002
175	211	0.000003
176	203	0.000866
176	204	0.997056
176	206	0.000540
176	210	0.000001
177	202	0.000579
177	203	0.998950
177	204	0.000164
178	201	0.000292
178	202	0.999299
178	203	0.000111
179	201	0.999627
179	202	0.000058
180	200	0.999466
181	198	0.000001
181	199	0.998121
182	198	0.998841
183	197	0.999964
184	196	0.999509
185	193	0.000002
185	195	0.999972
186	192	0.000006
186	194	0.999917
187	191	0.000024
187	193	0.991644
187	195	0.000007
188	192	0.980165
188	194	0.000008
189	193	0.000009
206	221	0.000002
206	236	0.000001
207	220	0.000002
209	218	0.000002
209	222	0.000015
209	233	0.000001
210	221	0.000016
210	232	0.000001
211	220	0.000014
211	221	0.000006
211	224	0.000008
211	443	0.000010
212	220	0.000005
212	221	0.000001
212	224	0.000014
212	230	0.000002
212	442	0.000010
213	218	0.000005
213	222	0.000006
214	219	0.000002
214	222	0.000061
214	223	0.000001
214	225	0.000018
214	229	0.000004
215	221	0.000215
215	224	0.000044
215	228	0.000011
216	220	0.000212
216	226	0.000093
216	227	0.000440
217	226	0.005835
217	227	0.000163
218	224	0.026698
218	226	0.000351
218	227	0.006751
218	228	0.001062
218	230	0.000004
218	236	0.001050
218	434	0.000008
218	442	0.000653
218	443	0.000366
218	583	0.000042
218	584	0.000003
219	226	0.011976
219	227	0.001375
219	235	0.001052
219	433	0.000008
220	225	0.010386
220	229	0.000001
220	234	0.001052
220	432	0.000008
220	441	0.000051
220	445	0.000010
220	447	0.000002
221	233	0.001049
221	431	0.000008
221	438	0.000005
221	440	0.000046
221	444	0.000997
221	445	0.000002
221	446	0.000002
222	226	0.000331
222	227	0.000175
222	228	0.000236
222	230	0.000007
222	232	0.000392
222	236	0.000006
222	437	0.000005
222	439	0.000021
222	442	0.004598
222	443	0.005790
222	583	0.000048
222	584	0.000004
223	227	0.000235
223	232	0.000613
223	235	0.000006
223	439	0.000007
224	231	0.000936
224	233	0.000007
224	428	0.000001
224	438	0.000009
224	440	0.000103
224	444	0.000923
224	445	0.000003
225	232	0.000008
225	439	0.000099
226	231	0.000007
226	438	0.000085
226	440	0.000002
226	441	0.001678
226	444	0.000007
227	438	0.000003
227	440	0.000066
227	441	0.846303
228	438	0.000009
228	440	0.996219
229	439	0.997345
230	438	0.996837
230	440	0.000004
231	436	0.497347
231	437	0.500465
232	435	0.993340
233	434	0.998850
233	436	0.000016
234	433	0.998339
235	429	0.000186
235	430	0.000002
235	431	0.000009
235	432	0.997801
236	428	0.000238
236	431	0.995789
237	409	0.573054
237	410	0.000251
238	407	0.000004
238	408	0.925849
238	427	0.000018
238	428	0.000065
238	429	0.002964
238	430	0.000542
239	406	0.000008
239	407	0.997592
239	428	0.001801
240	405	0.000007
240	406	0.998979
240	407	0.000982
241	404	0.000006
241	405	0.998983
241	406	0.000990
241	407	0.000003
242	404	0.998943
242	405	0.000994
242	406	0.000003
243	402	0.000014
243	403	0.990424
243	404	0.000947
243	405	0.000003
245	402	0.898375
246	399	0.000014
246	401	0.898376
247	399	0.991401
248	398	0.999931
248	399	0.000020
249	397	0.999976
249	398	0.000014
250	396	0.999984
250	397	0.000007
251	395	0.999991
252	394	0.999977
253	393	0.999484
254	392	0.999545
255	385	0.000001
255	390	0.000016
255	391	0.139503
256	390	0.126732
256	391	0.860113
257	381	0.000002
257	390	0.870981
257	391	0.000005
258	380	0.000001
258	383	0.003693
258	384	0.115881
258	386	0.003915
258	387	0.015209
258	388	0.003286
258	389	0.840129
259	383	0.256803
259	384	0.001320
259	386	0.021439
259	387	0.005103
259	388	0.668693
259	389	0.000330
260	381	0.996116
261	380	0.999846
261	383	0.000003
261	384	0.000002
261	386	0.000065
262	379	0.999481
262	384	0.000002
263	378	0.999479
263	382	0.000003
264	377	0.999893
264	381	0.000003
265	376	0.987407
266	374	0.146818
266	376	0.000045
266	380	0.000007
267	376	0.000040
267	379	0.000006
268	371	0.925032
268	372	0.010413
268	373	0.005395
268	375	0.000051
268	378	0.000002
269	369	0.000109
269	370	0.999503
269	374	0.000014
270	368	0.000118
270	369	0.999800
270	370	0.000069
271	367	0.000125
271	368	0.999797
271	369	0.000064
272	367	0.999594
272	368	0.000058
273	363	0.000002
273	365	0.998903
274	362	0.000001
274	364	0.996494
275	364	0.000172
276	362	0.995678
276	364	0.000003
277	358	0.000002
277	360	0.000001
277	361	0.998089
277	363	0.000003
278	357	0.000003
278	360	0.998404
278	361	0.000234
278	363	0.000008
279	356	0.000002
279	359	0.976085
279	362	0.000007
280	355	0.000002
281	356	0.001274
281	359	0.011297
282	355	0.001003
283	355	0.000009
284	355	0.000012
284	356	0.997809
285	352	0.000045
285	355	0.998338
286	351	0.000032
286	353	0.000004
286	354	0.999216
287	350	0.000009
287	351	0.000003
287	353	0.998334
288	351	0.000597
288	353	0.000011
289	350	0.000024
289	351	0.725312
290	350	0.999294
290	351	0.000082
291	348	0.000001
291	349	0.998791
292	348	0.998873
292	349	0.000001
293	347	0.999974
294	346	0.999978
295	345	0.999571
296	344	0.999736
296	347	0.000002
297	302	0.000001
297	341	0.000020
297	344	0.000063
297	346	0.000002
298	340	0.000020
298	342	0.990607
298	343	0.000065
298	345	0.000003
299	339	0.000020
299	341	0.999458
299	344	0.000005
300	340	0.997871
300	343	0.000005
301	339	0.974903
302	306	0.000001
302	342	0.000002
302	343	0.000132
303	342	0.000131
303	343	0.000111
304	342	0.000111
304	343	0.000046
305	342	0.000047
306	338	0.997956
306	339	0.000016
306	341	0.000028
307	337	0.999447
307	340	0.000016
308	336	0.999973
308	339	0.000002
309	335	0.999957
309	338	0.000002
310	334	0.983004
312	331	0.000001
312	332	0.994051
312	333	0.001116
313	331	0.998985
313	334	0.000001
314	330	0.998606
315	329	0.998949
316	328	0.998038
316	331	0.000379
317	324	0.000003
317	325	0.000003
317	326	0.000053
317	327	0.993989
317	330	0.000878
318	326	0.988190
318	327	0.002505
318	329	0.001016
319	328	0.001229
320	326	0.003044
320	327	0.001412
321	325	0.002979
321	326	0.001231
321	327	0.000002
322	326	0.000008
381	386	0.000159
381	387	0.000006
381	388	0.000021
381	389	0.000068
382	387	0.000208
382	388	0.000133
383	390	0.000010
383	391	0.000001
384	390	0.000001
386	390	0.000005
386	391	0.000002
409	426	0.000151
409	427	0.309548
409	428	0.000362
409	429	0.000262
409	430	0.000105
410	426	0.898485
410	427	0.001419
410	428	0.000186
410	429	0.000073
410	430	0.000025
411	425	0.999765
412	424	0.999988
413	420	0.000001
413	423	0.999954
414	419	0.000006
414	422	0.999711
415	420	0.000569
415	421	0.990258
416	422	0.000017
417	421	0.000023
427	433	0.000001
428	434	0.000069
428	436	0.000002
428	437	0.000019
428	442	0.000003
428	443	0.000006
429	433	0.000053
430	439	0.000003
431	436	0.000005
431	437	0.000015
431	442	0.000076
431	443	0.000279
432	439	0.000007
433	438	0.000006
433	441	0.000571
434	440	0.000625
435	439	0.000411
436	440	0.000001
436	445	0.000005
437	444	0.000012
438	442	0.000005
438	443	0.000044
440	583	0.000001
444	581	0.000004
444	582	0.140509
444	583	0.853361
444	584	0.000093
445	580	0.000003
445	581	0.141615
445	582	0.858167
445	583	0.000114
446	579	0.000001
446	580	0.141707
446	581	0.857910
446	582	0.000083
447	579	0.174295
447	580	0.799897
448	577	0.000001
448	578	0.201664
449	576	0.000001
449	577	0.196309
449	578	0.796395
450	576	0.190742
450	577	0.803659
451	574	0.000044
451	576	0.807820
452	572	0.000017
452	573	0.000042
452	575	0.999397
453	570	0.000005
453	571	0.000018
453	574	0.999493
454	569	0.000006
454	572	0.000054
454	573	0.999874
455	569	0.000035
455	572	0.999054
455	573	0.000001
458	567	0.934803
458	568	0.001432
458	570	0.002964
458	571	0.000030
459	566	0.996045
459	569	0.002448
460	565	0.996392
460	566	0.000106
460	569	0.000011
461	563	0.000083
461	564	0.987613
462	562	0.000131
463	561	0.000034
463	562	0.000237
464	563	0.971781
464	564	0.000009
465	561	0.000019
465	562	0.993697
466	561	0.998506
466	562	0.000002
467	560	0.999952
468	559	0.999412
469	556	0.000033
469	557	0.004507
469	558	0.994020
470	554	0.000409
470	556	0.016215
470	557	0.975349
472	552	0.000050
472	553	0.943563
472	554	0.002837
472	556	0.000397
472	557	0.000010
473	550	0.000093
473	552	0.996333
473	554	0.000267
473	556	0.000183
474	549	0.000036
474	551	0.988214
474	555	0.000189
475	549	0.993086
476	548	0.999542
476	550	0.000123
476	552	0.000001
477	547	0.998059
477	549	0.000041
478	546	0.999378
478	547	0.000004
479	545	0.999980
480	544	0.999962
481	539	0.000368
481	543	0.999587
482	538	0.000438
482	541	0.000543
482	542	0.998780
483	537	0.000518
483	538	0.130823
483	541	0.866457
483	542	0.000022
484	489	0.000003
484	533	0.000001
484	534	0.000004
484	537	0.535426
484	538	0.008342
484	541	0.000038
485	535	0.007814
485	536	0.565374
485	539	0.195678
485	540	0.000529
486	532	0.000002
486	540	0.000195
487	533	0.000031
487	534	0.694855
487	537	0.012089
487	538	0.011827
488	533	0.725146
488	537	0.011019
488	538	0.000113
489	532	0.363845
489	540	0.000002
490	532	0.624414
491	529	0.000010
491	530	0.013106
491	531	0.986521
491	533	0.000029
492	528	0.000010
492	529	0.013164
492	530	0.986692
492	531	0.000089
493	528	0.013169
493	529	0.986666
493	530	0.000093
494	528	0.985468
494	529	0.000096
495	523	0.000011
495	524	0.684751
495	527	0.313298
496	523	0.983755
497	522	0.997187
497	525	0.000725
497	526	0.000066
498	508	0.000001
498	520	0.000011
498	521	0.999454
498	524	0.000494
499	507	0.000001
499	520	0.999333
499	521	0.000004
499	523	0.000392
500	506	0.000001
500	518	0.983558
501	517	0.980814
502	517	0.015899
503	515	0.983316
503	516	0.016271
504	514	0.984066
504	515	0.015901
505	513	0.983207
505	514	0.015348
506	510	0.000026
506	511	0.000263
506	512	0.969274
507	514	0.000062
508	513	0.000068
508	514	0.000001
514	521	0.000001
515	520	0.000001
527	537	0.000017
527	538	0.000002
528	536	0.000017
529	535	0.000017
529	536	0.000003
530	535	0.000003
531	539	0.000003
532	538	0.000004
533	539	0.000043
533	540	0.000004
534	540	0.000005
536	541	0.000003
550	555	0.000003
551	556	0.000005
636	654	0.000048
638	653	0.000022
638	654	0.493214
638	656	0.000010
640	653	0.994918
640	654	0.002388
641	652	0.999788
642	650	0.000004
642	651	0.999744
642	653	0.000006
642	654	0.000020
643	650	0.998861
643	651	0.000156
643	653	0.000020
643	654	0.000012
644	650	0.000288
644	651	0.000012
644	653	0.000012
646	652	0.000002
646	655	0.000003
647	651	0.000002
647	654	0.000013
648	653	0.000013
678	689	0.000012
678	691	0.000103
679	683	0.000002
679	686	0.000014
679	688	0.000167
679	690	0.003456
679	694	0.000002
679	702	0.086623
679	703	0.000007
679	711	0.000004
679	719	0.000002
679	721	0.000003
679	750	0.000004
679	761	0.000001
680	687	0.000182
680	689	0.003800
680	691	0.000074
680	696	0.000004
680	701	0.087035
680	710	0.000004
680	749	0.000004
680	760	0.000001
681	688	0.004078
681	690	0.000488
681	693	0.031093
681	694	0.000063
681	700	0.087922
681	703	0.000039
681	727	0.000002
681	731	0.000001
681	742	0.000001
681	743	0.000001
681	748	0.000004
681	759	0.000001
682	687	0.003734
682	689	0.000538
682	691	0.000015
682	692	0.059683
682	695	0.000005
682	696	0.000003
682	697	0.000055
682	698	0.000045
682	699	0.088423
682	701	0.000030
682	715	0.000017
682	716	0.000089
682	717	0.000326
682	718	0.168141
682	725	0.000001
682	726	0.000003
682	728	0.000001
682	729	0.000001
682	730	0.000002
682	737	0.000004
682	738	0.000004
682	746	0.000001
682	758	0.000001
682	846	0.000019
683	687	0.000059
683	689	0.008134
683	691	0.065556
683	696	0.000166
683	697	0.000128
683	698	0.087869
683	701	0.001822
683	704	0.000609
683	714	0.000031
683	715	0.000196
683	716	0.000760
683	717	0.201369
683	749	0.000036
683	758	0.000001
683	845	0.000022
684	688	0.005447
684	690	0.057451
684	693	0.000094
684	694	0.000294
684	700	0.001756
684	703	0.001481
684	722	0.000002
684	727	0.000002
684	731	0.000001
684	733	0.000003
684	734	0.000037
684	736	0.000012
684	740	0.000013
684	742	0.000024
684	743	0.000025
684	745	0.000001
684	748	0.000032
684	757	0.000001
684	777	0.000001
684	778	0.000001
684	779	0.000001
684	844	0.000021
685	690	0.000340
685	693	0.000297
685	694	0.000190
685	700	0.000020
685	703	0.001790
685	705	0.000077
685	712	0.000002
685	722	0.000001
685	727	0.000002
685	731	0.000006
685	733	0.000045
685	734	0.000008
685	736	0.000066
685	740	0.000066
685	742	0.000031
685	743	0.000010
685	745	0.000003
685	748	0.000014
685	755	0.000003
685	759	0.000001
685	775	0.000004
685	777	0.000001
685	778	0.000001
685	829	0.000478
685	837	0.000003
685	843	0.000016
686	691	0.001217
686	696	0.026109
686	697	0.040605
686	698	0.000773
686	701	0.023924
686	704	0.000129
686	710	0.000002
686	714	0.203081
686	715	0.001056
686	716	0.010010
686	717	0.020027
686	749	0.000062
686	758	0.000002
686	784	0.000012
686	828	0.000514
686	836	0.000004
686	864	0.000002
687	693	0.001303
687	694	0.003909
687	700	0.024496
687	702	0.063562
687	703	0.000028
687	711	0.000109
687	712	0.000008
687	713	0.199834
687	719	0.012453
687	720	0.000027
687	721	0.000019
687	723	0.000002
687	724	0.000004
687	727	0.000035
687	731	0.000082
687	732	0.000223
687	733	0.000023
687	734	0.000048
687	735	0.002086
687	736	0.000235
687	739	0.013425
687	740	0.000007
687	741	0.000560
687	742	0.000003
687	743	0.000004
687	744	0.000063
687	745	0.000005
687	747	0.001496
687	748	0.000029
687	750	0.000045
687	751	0.000010
687	753	0.000100
687	754	0.000009
687	757	0.000001
687	763	0.000003
687	765	0.000002
687	774	0.000287
687	777	0.000001
687	783	0.000022
687	798	0.000003
687	825	0.000034
687	826	0.000002
687	827	0.000511
687	831	0.000001
687	835	0.000003
687	841	0.000003
687	863	0.000002
687	866	0.000003
688	692	0.001203
688	695	0.052460
688	696	0.000556
688	697	0.000231
688	698	0.000036
688	699	0.024534
688	701	0.063416
688	710	0.000094
688	714	0.008818
688	715	0.005778
688	716	0.066388
688	717	0.000552
688	718	0.010937
688	725	0.000042
688	726	0.000035
688	728	0.000218
688	729	0.000007
688	730	0.000093
688	737	0.000362
688	738	0.013191
688	746	0.001490
688	749	0.000043
688	752	0.000103
688	762	0.000003
688	773	0.000269
688	776	0.000002
688	781	0.000002
688	782	0.000021
688	797	0.000003
688	799	0.000003
688	824	0.000035
688	830	0.000001
688	862	0.000002
688	865	0.000001
688	867	0.000005
689	693	0.000418
689	694	0.049275
689	700	0.063253
689	702	0.000998
689	703	0.000011
689	709	0.000005
689	711	0.186931
689	712	0.000322
689	713	0.008850
689	719	0.000282
689	720	0.000002
689	721	0.000001
689	723	0.000002
689	724	0.000051
689	727	0.000264
689	731	0.000229
689	732	0.000317
689	733	0.000908
689	734	0.000922
689	735	0.002622
689	736	0.000418
689	739	0.001397
689	740	0.000003
689	741	0.000161
689	742	0.000021
689	743	0.000021
689	744	0.000140
689	745	0.001234
689	747	0.000197
689	748	0.000006
689	750	0.000019
689	751	0.000099
689	753	0.000020
689	761	0.000002
689	763	0.000003
689	774	0.000003
689	775	0.000001
689	780	0.000004
689	783	0.000005
689	796	0.000002
689	798	0.000004
689	823	0.000035
689	825	0.000505
689	826	0.000004
689	866	0.000009
690	695	0.000182
690	696	0.000113
690	697	0.022259
690	698	0.000063
690	699	0.063627
690	701	0.000966
690	710	0.156697
690	714	0.123443
690	715	0.000324
690	716	0.003749
690	717	0.000017
690	718	0.000223
690	725	0.000091
690	726	0.000251
690	728	0.000034
690	729	0.000077
690	730	0.000264
690	737	0.000035
690	738	0.001347
690	746	0.000190
690	749	0.000022
690	752	0.000020
690	762	0.000003
690	766	0.000001
690	771	0.000308
690	773	0.000002
690	781	0.000015
690	782	0.000004
690	797	0.000004
690	824	0.000506
690	865	0.000003
691	700	0.000434
691	702	0.000121
691	703	0.000002
691	706	0.000020
691	708	0.000003
691	709	0.006805
691	711	0.008752
691	712	0.000206
691	713	0.271946
691	723	0.000048
691	724	0.000117
691	727	0.000030
691	731	0.000057
691	732	0.049360
691	733	0.000018
691	734	0.000030
691	735	0.005147
691	736	0.000006
691	739	0.000465
691	740	0.000023
691	741	0.002245
691	742	0.000006
691	743	0.000064
691	744	0.000632
691	745	0.000028
691	747	0.000001
691	748	0.000002
691	750	0.000008
691	751	0.000019
691	761	0.000001
691	765	0.000002
691	770	0.000342
691	778	0.000002
691	779	0.000003
691	780	0.000019
691	796	0.000001
691	823	0.000483
691	841	0.000002
691	866	0.000002
692	700	0.000624
692	703	0.000016
692	705	0.000022
692	709	0.000262
692	712	0.269819
692	722	0.000031
692	727	0.000784
692	731	0.049519
692	733	0.000048
692	734	0.004962
692	736	0.000012
692	740	0.002224
692	742	0.000066
692	743	0.000623
692	745	0.000001
692	748	0.000014
692	764	0.000001
692	769	0.000342
692	777	0.000002
692	778	0.000004
692	779	0.000018
692	840	0.000002
693	697	0.000061
693	698	0.000051
693	699	0.000709
693	701	0.000015
693	704	0.000013
693	710	0.000877
693	714	0.000014
693	715	0.000006
693	716	0.000001
693	725	0.000017
693	726	0.000891
693	728	0.000413
693	729	0.010331
693	730	0.044958
693	737	0.000010
693	738	0.004531
693	768	0.000336
693	776	0.000001
693	839	0.000002
694	698	0.000589
694	699	0.000073
694	701	0.000324
694	704	0.000386
694	710	0.333224
694	714	0.000003
694	725	0.000781
694	726	0.000252
694	728	0.015935
694	729	0.036228
694	730	0.000031
694	737	0.005725
694	738	0.000008
694	746	0.000031
694	749	0.000005
694	758	0.000002
694	766	0.000001
694	767	0.000281
694	776	0.000025
694	838	0.000002
695	700	0.000378
695	703	0.009261
695	705	0.000002
695	709	0.509397
695	722	0.001496
695	727	0.019595
695	731	0.000059
695	733	0.000243
695	734	0.000006
695	736	0.005837
695	740	0.000213
695	742	0.000024
695	745	0.000034
695	748	0.000006
695	757	0.000003
695	764	0.000026
695	775	0.000027
695	837	0.000002
696	700	0.000004
696	702	0.010145
696	703	0.006447
696	707	0.000007
696	708	0.520655
696	709	0.000020
696	720	0.000002
696	721	0.001844
696	722	0.000752
696	723	0.000219
696	724	0.001641
696	727	0.001338
696	731	0.000004
696	732	0.000265
696	733	0.000011
696	734	0.000172
696	735	0.005799
696	736	0.000011
696	739	0.000214
696	741	0.000027
696	744	0.000034
696	747	0.000006
696	754	0.000001
696	755	0.000001
696	756	0.000003
696	763	0.000029
696	765	0.000193
696	774	0.000027
696	822	0.000015
696	827	0.000004
696	833	0.000016
696	834	0.000002
697	702	0.007562
697	703	0.000441
697	706	0.000008
697	707	0.520685
697	708	0.000021
697	719	0.000001
697	720	0.001844
697	721	0.000996
697	722	0.000154
697	723	0.001572
697	724	0.078689
697	727	0.000020
697	731	0.000038
697	732	0.000009
697	733	0.002545
697	734	0.002358
697	735	0.000012
697	736	0.000023
697	740	0.000019
697	742	0.000004
697	743	0.000006
697	745	0.000002
697	753	0.000001
697	754	0.000002
697	755	0.000002
697	764	0.000150
697	821	0.000016
697	826	0.000004
697	832	0.000016
697	833	0.000002
698	702	0.000487
698	703	0.000034
698	705	0.000005
698	706	0.520662
698	707	0.000020
698	713	0.000004
698	719	0.001373
698	720	0.001002
698	721	0.000209
698	722	0.001192
698	723	0.079008
698	724	0.000329
698	727	0.000011
698	731	0.000006
698	732	0.004879
698	733	0.000075
698	734	0.000011
698	735	0.000026
698	739	0.000018
698	741	0.000007
698	742	0.000002
698	744	0.000002
698	753	0.000002
698	754	0.000002
698	763	0.000148
698	820	0.000016
698	825	0.000004
698	831	0.000016
698	832	0.000002
699	703	0.000062
699	705	0.511611
699	712	0.000004
699	722	0.076719
699	727	0.000164
699	731	0.004901
699	733	0.000011
699	734	0.000026
699	736	0.000002
699	740	0.000007
699	743	0.000002
699	761	0.000020
699	819	0.000016
699	829	0.000003
700	704	0.438218
700	717	0.000060
700	718	0.000012
700	725	0.001174
700	726	0.000153
700	728	0.000013
700	729	0.000016
700	730	0.004512
700	737	0.000005
700	738	0.000002
700	752	0.000001
700	760	0.000020
700	762	0.000060
700	818	0.000016
700	824	0.000002
700	828	0.000003
700	830	0.000018
700	867	0.057829
701	705	0.000004
701	711	0.000024
701	719	0.000020
701	720	0.025595
701	721	0.027097
701	722	0.000197
701	723	0.000346
701	724	0.001494
701	727	0.000020
701	732	0.000012
701	735	0.000002
701	736	0.000004
701	739	0.000002
701	741	0.000001
701	750	0.000010
701	759	0.000019
701	761	0.000061
701	817	0.000016
701	823	0.000002
701	827	0.000003
701	829	0.000019
701	866	0.088677
702	710	0.000024
702	715	0.000089
702	716	0.000002
702	717	0.000003
702	749	0.000010
702	758	0.000019
702	760	0.000058
702	816	0.000016
702	828	0.000019
702	865	0.088777
703	714	0.000090
703	715	0.000001
703	718	0.000026
703	725	0.000134
703	726	0.000096
703	728	0.000103
703	729	0.000016
703	730	0.000006
703	815	0.000015
703	864	0.088615
703	867	0.000831
704	708	0.000001
704	711	0.000001
704	713	0.000090
704	719	0.380448
704	720	0.000235
704	721	0.000051
704	723	0.000003
704	724	0.000067
704	727	0.000010
704	814	0.000008
704	863	0.088410
704	866	0.001486
705	710	0.000001
705	716	0.000013
705	717	0.000354
705	718	0.386302
705	726	0.000004
705	862	0.050309
705	865	0.001486
706	715	0.000016
706	716	0.000614
706	717	0.387128
706	861	0.049544
706	862	0.035232
706	864	0.001489
707	714	0.000016
707	715	0.000738
707	716	0.387005
707	717	0.000025
707	860	0.048636
707	861	0.035381
707	862	0.004564
708	714	0.000857
708	715	0.386682
708	716	0.000037
708	717	0.000002
708	858	0.000171
708	860	0.035459
708	861	0.005256
708	865	0.000304
709	714	0.338403
709	715	0.000048
709	716	0.000003
709	717	0.000001
709	718	0.000003
709	725	0.000009
709	728	0.000013
709	729	0.000010
709	730	0.000003
709	762	0.000012
709	857	0.000139
709	858	0.000004
709	860	0.005647
709	864	0.000311
709	867	0.000016
710	719	0.000028
710	723	0.000001
710	724	0.000015
710	727	0.000020
710	732	0.000003
710	739	0.000008
710	750	0.000014
710	759	0.000001
710	761	0.000025
710	831	0.000002
710	837	0.000001
710	840	0.000016
710	848	0.000002
710	853	0.000019
710	854	0.000001
710	859	0.083447
710	863	0.000316
710	866	0.000028
711	715	0.000033
711	716	0.000079
711	717	0.000301
711	749	0.000015
711	758	0.000001
711	760	0.000027
711	786	0.000003
711	836	0.000001
711	838	0.000027
711	839	0.000020
711	852	0.000020
711	856	0.000013
711	858	0.089828
711	862	0.000316
711	865	0.000027
712	716	0.000246
712	717	0.000005
712	718	0.000154
712	725	0.000290
712	726	0.000436
712	728	0.000046
712	729	0.000009
712	730	0.000002
712	737	0.000028
712	738	0.000002
712	746	0.000002
712	785	0.000003
712	838	0.000018
712	846	0.000093
712	851	0.000012
712	857	0.089800
712	861	0.000312
712	864	0.000016
713	717	0.000176
713	749	0.000003
713	758	0.000028
713	784	0.000003
713	828	0.000019
713	836	0.000108
713	845	0.000106
713	852	0.000002
713	856	0.089779
713	860	0.000307
713	864	0.000005
714	719	0.002930
714	720	0.000513
714	721	0.005498
714	722	0.001238
714	723	0.002267
714	724	0.112487
714	727	0.000064
714	732	0.000030
714	733	0.000028
714	734	0.000012
714	735	0.004518
714	736	0.000079
714	739	0.000011
714	740	0.000007
714	741	0.000266
714	742	0.000079
714	743	0.000002
714	744	0.000414
714	745	0.000007
714	747	0.000004
714	748	0.000005
714	750	0.000001
714	751	0.000014
714	754	0.000025
714	755	0.000004
714	756	0.000024
714	757	0.000027
714	765	0.000001
714	783	0.000003
714	814	0.000002
714	823	0.000036
714	827	0.000028
714	833	0.000006
714	834	0.000213
714	835	0.000294
714	844	0.000108
714	854	0.000085
714	855	0.083699
714	859	0.000034
714	863	0.000003
715	719	0.000633
715	720	0.005496
715	721	0.002106
715	722	0.002311
715	723	0.112967
715	724	0.017410
715	727	0.000022
715	731	0.000026
715	732	0.000037
715	733	0.000027
715	734	0.004616
715	735	0.000096
715	736	0.000192
715	739	0.000011
715	740	0.000273
715	741	0.000111
715	742	0.000006
715	743	0.000422
715	744	0.000009
715	745	0.000020
715	747	0.000005
715	748	0.000001
715	750	0.000014
715	751	0.000012
715	753	0.000025
715	754	0.000006
715	755	0.000025
715	756	0.000027
715	796	0.000003
715	813	0.000002
715	822	0.000036
715	826	0.000028
715	827	0.000005
715	832	0.000007
715	833	0.000218
715	834	0.000293
715	835	0.000001
715	843	0.000114
715	853	0.000026
715	854	0.082627
715	855	0.000010
716	720	0.002055
716	721	0.003501
716	722	0.110453
716	723	0.017611
716	724	0.093962
716	727	0.000004
716	731	0.000021
716	732	0.000042
716	733	0.005140
716	734	0.000059
716	735	0.000297
716	736	0.000780
716	739	0.000283
716	740	0.000116
716	741	0.000012
716	742	0.000503
716	743	0.000006
716	744	0.000034
716	745	0.000097
716	747	0.000004
716	748	0.000004
716	750	0.000012
716	751	0.000041
716	753	0.000006
716	754	0.000034
716	755	0.000023
716	757	0.000003
716	763	0.000001
716	764	0.000001
716	795	0.000003
716	821	0.000037
716	825	0.000025
716	826	0.000005
716	831	0.000006
716	832	0.000219
716	833	0.000292
716	834	0.000001
716	842	0.000258
716	853	0.002283
716	854	0.000016
716	855	0.000126
717	721	0.106029
717	722	0.010753
717	723	0.094393
717	724	0.000352
717	727	0.000001
717	731	0.000020
717	732	0.005296
717	733	0.000025
717	734	0.000285
717	735	0.000880
717	736	0.000001
717	739	0.000118
717	740	0.000009
717	741	0.000540
717	742	0.000002
717	743	0.000033
717	744	0.000114
717	747	0.000005
717	748	0.000003
717	750	0.000041
717	751	0.000001
717	753	0.000034
717	754	0.000023
717	756	0.000004
717	763	0.000001
717	794	0.000003
717	820	0.000037
717	823	0.000006
717	825	0.000005
717	831	0.000219
717	832	0.000289
717	833	0.000001
717	841	0.000318
717	853	0.000010
717	854	0.000187
718	722	0.071479
718	727	0.000013
718	731	0.004653
718	733	0.000247
718	734	0.000786
718	736	0.000002
718	740	0.000478
718	742	0.000029
718	743	0.000101
718	748	0.000005
718	755	0.000004
718	761	0.000002
718	793	0.000003
718	819	0.000037
718	829	0.000185
718	840	0.000318
718	853	0.000214
719	749	0.000010
719	760	0.000002
719	792	0.000003
719	818	0.000037
719	828	0.000189
719	839	0.000316
719	852	0.000222
719	862	0.000003
719	865	0.000010
720	749	0.000001
720	791	0.000003
720	828	0.000008
720	838	0.000307
720	839	0.000001
720	852	0.000005
720	861	0.000003
720	864	0.000011
720	865	0.000013
721	749	0.000017
721	758	0.000002
721	786	0.000002
721	816	0.000005
721	828	0.000009
721	836	0.000104
721	838	0.000002
721	852	0.000024
721	860	0.000003
721	862	0.000002
721	864	0.000014
722	726	0.000036
722	728	0.000065
722	729	0.000200
722	730	0.000051
722	737	0.000011
722	738	0.000006
722	785	0.000002
722	811	0.000002
722	815	0.000005
722	836	0.000004
722	846	0.000074
722	847	0.000039
722	849	0.000005
722	850	0.000001
722	851	0.000022
722	862	0.000023
723	749	0.000001
723	784	0.000002
723	810	0.000002
723	828	0.000001
723	836	0.000013
723	845	0.000069
723	858	0.000001
723	861	0.000029
723	862	0.000002
724	749	0.000053
724	758	0.000002
724	809	0.000002
724	836	0.000007
724	845	0.000442
724	852	0.000001
724	860	0.000029
724	861	0.000002
725	731	0.000232
725	733	0.000189
725	734	0.001814
725	736	0.000136
725	740	0.000029
725	742	0.000015
725	743	0.000062
725	745	0.000013
725	748	0.000058
725	757	0.000002
725	778	0.000009
725	808	0.000002
725	843	0.000017
725	844	0.000440
725	848	0.000003
725	859	0.000028
726	731	0.000432
726	733	0.002172
726	734	0.001126
726	736	0.000333
726	740	0.000058
726	742	0.000089
726	743	0.000111
726	745	0.000052
726	748	0.000016
726	759	0.000010
726	761	0.000007
726	777	0.000013
726	829	0.000001
726	842	0.000015
726	843	0.000356
726	844	0.000002
726	848	0.000004
726	853	0.000004
726	859	0.000001
727	737	0.003625
727	738	0.000163
727	746	0.000306
727	749	0.000026
727	752	0.000001
727	758	0.000011
727	760	0.000007
727	762	0.000002
727	776	0.000013
727	781	0.000001
727	828	0.000001
727	830	0.000002
727	845	0.000010
727	847	0.000003
727	849	0.000009
727	852	0.000003
727	858	0.000001
728	733	0.000586
728	734	0.001109
728	736	0.003872
728	740	0.000080
728	742	0.000044
728	743	0.000209
728	745	0.000329
728	748	0.000035
728	757	0.000010
728	759	0.000006
728	761	0.000002
728	775	0.000012
728	779	0.000046
728	829	0.000002
728	842	0.000005
728	843	0.000003
728	844	0.000013
728	848	0.000009
728	853	0.000001
729	733	0.000863
729	734	0.000757
729	736	0.001551
729	740	0.000142
729	742	0.000246
729	743	0.000250
729	745	0.000058
729	748	0.000023
729	761	0.000001
729	778	0.000060
729	779	0.000002
729	840	0.000007
729	842	0.000004
729	843	0.000014
729	844	0.000002
729	848	0.000002
729	853	0.000002
729	855	0.000004
729	859	0.000001
730	734	0.000286
730	736	0.000671
730	740	0.000108
730	742	0.000258
730	743	0.000222
730	745	0.000039
730	748	0.000017
730	755	0.000001
730	759	0.000002
730	761	0.000002
730	769	0.000002
730	777	0.000062
730	778	0.000002
730	829	0.000001
730	840	0.000002
730	842	0.000011
730	843	0.000001
730	848	0.000005
730	853	0.000017
730	859	0.000013
731	737	0.000297
731	738	0.000470
731	746	0.000014
731	749	0.000003
731	752	0.000001
731	758	0.000001
731	760	0.000002
731	768	0.000002
731	776	0.000056
731	839	0.000002
731	846	0.000016
731	847	0.000004
731	849	0.000005
731	852	0.000005
731	857	0.000012
731	858	0.000007
731	861	0.000004
731	862	0.000002
731	865	0.000009
732	749	0.000169
732	758	0.000006
732	760	0.000003
732	828	0.000002
732	838	0.000002
732	845	0.000018
732	852	0.000418
732	856	0.000013
732	858	0.000071
732	860	0.000009
732	861	0.000005
732	864	0.000017
732	865	0.000008
733	737	0.000316
733	738	0.000402
733	746	0.000101
733	749	0.000023
733	752	0.000002
733	760	0.000001
733	762	0.000001
733	767	0.000003
733	768	0.000002
733	772	0.000007
733	773	0.000004
733	776	0.000003
733	812	0.000001
733	847	0.000099
733	850	0.000006
733	851	0.000423
733	852	0.000014
733	857	0.000048
733	858	0.000574
733	860	0.000004
733	864	0.000008
734	738	0.000181
734	746	0.000044
734	749	0.000005
734	752	0.000002
734	762	0.000001
734	766	0.000003
734	767	0.000002
734	771	0.000007
734	772	0.000004
734	773	0.000003
734	776	0.000003
734	811	0.000003
734	846	0.000130
734	849	0.000006
734	850	0.000387
734	851	0.000020
734	852	0.000002
734	856	0.000015
734	857	0.002351
734	862	0.000022
735	749	0.000241
735	758	0.000009
735	760	0.000005
735	810	0.000003
735	845	0.000133
735	852	0.000537
735	856	0.002601
735	858	0.000005
735	861	0.000029
735	862	0.000009
735	864	0.000001
735	865	0.000002
736	746	0.001400
736	749	0.000101
736	752	0.000008
736	758	0.000002
736	760	0.000003
736	762	0.000015
736	771	0.000004
736	772	0.000002
736	773	0.000002
736	776	0.000012
736	809	0.000003
736	818	0.000002
736	845	0.000003
736	847	0.000002
736	849	0.000332
736	850	0.000011
736	851	0.000516
736	852	0.000016
736	856	0.000007
736	857	0.000005
736	860	0.000027
736	861	0.000008
736	864	0.000001
736	867	0.000001
737	742	0.000337
737	743	0.000576
737	745	0.001553
737	748	0.000137
737	755	0.000001
737	757	0.000002
737	759	0.000002
737	761	0.000013
737	769	0.000001
737	775	0.000012
737	790	0.000001
737	808	0.000002
737	817	0.000002
737	842	0.000001
737	843	0.000019
737	844	0.000011
737	848	0.000343
737	853	0.000087
737	855	0.000036
737	859	0.000014
738	742	0.000465
738	743	0.000261
738	745	0.000513
738	748	0.000059
738	755	0.000003
738	759	0.000185
738	761	0.000261
738	769	0.000004
738	775	0.000001
738	805	0.000001
738	817	0.000244
738	819	0.000004
738	829	0.000020
738	837	0.000002
738	840	0.000001
738	842	0.000022
738	843	0.000009
738	848	0.000058
738	853	0.037820
738	855	0.000004
738	859	0.000203
739	749	0.001335
739	758	0.000200
739	760	0.000281
739	786	0.000002
739	804	0.000001
739	816	0.000266
739	818	0.000005
739	828	0.000021
739	836	0.000002
739	839	0.000001
739	845	0.000003
739	852	0.042295
739	858	0.000229
739	864	0.000002
739	865	0.000012
740	746	0.000146
740	749	0.000044
740	752	0.000007
740	762	0.000001
740	766	0.000006
740	767	0.000009
740	768	0.000006
740	771	0.000012
740	772	0.000005
740	773	0.000001
740	785	0.000002
740	787	0.000002
740	803	0.000001
740	811	0.000006
740	815	0.000250
740	846	0.000236
740	847	0.000014
740	849	0.001447
740	850	0.000170
740	851	0.041019
740	852	0.000005
740	857	0.000229
740	864	0.000008
740	865	0.000018
740	867	0.000003
741	749	0.000966
741	758	0.000179
741	760	0.000007
741	784	0.000002
741	786	0.000002
741	800	0.000003
741	810	0.000006
741	816	0.000005
741	839	0.000001
741	845	0.000258
741	852	0.000251
741	856	0.000228
741	858	0.000001
741	864	0.000034
741	865	0.000006
742	746	0.000121
742	749	0.000225
742	752	0.000008
742	758	0.000002
742	760	0.000002
742	762	0.000012
742	766	0.000012
742	767	0.000130
742	768	0.000205
742	771	0.000003
742	772	0.000009
742	773	0.000002
742	782	0.000001
742	785	0.000002
742	799	0.000003
742	809	0.000006
742	811	0.000014
742	812	0.000834
742	815	0.000004
742	845	0.000004
742	846	0.000066
742	847	0.057232
742	849	0.000500
742	850	0.000083
742	851	0.000216
742	852	0.000002
742	857	0.000002
742	858	0.000001
742	864	0.000005
742	867	0.000014
743	749	0.000033
743	752	0.000023
743	762	0.000056
743	766	0.000142
743	767	0.000243
743	768	0.000019
743	771	0.000009
743	772	0.000003
743	781	0.000001
743	784	0.000001
743	799	0.000004
743	810	0.000015
743	811	0.001425
743	845	0.000054
743	846	0.065342
743	847	0.000063
743	849	0.000039
743	850	0.000085
743	851	0.000001
743	856	0.000001
743	857	0.000003
743	862	0.000044
743	865	0.000007
743	867	0.000147
744	749	0.001907
744	758	0.000017
744	760	0.000049
744	800	0.000002
744	809	0.000016
744	810	0.001487
744	839	0.000019
744	845	0.065929
744	852	0.000017
744	856	0.000003
744	861	0.000056
744	864	0.000011
744	865	0.000030
745	749	0.000024
745	752	0.000038
745	758	0.000009
745	760	0.001474
745	762	0.002006
745	766	0.000056
745	767	0.000019
745	768	0.000005
745	776	0.000002
745	797	0.000029
745	799	0.000002
745	809	0.001475
745	818	0.000007
745	830	0.000083
745	838	0.000020
745	845	0.000181
745	846	0.000044
745	847	0.000007
745	849	0.000008
745	851	0.000016
745	860	0.000056
745	864	0.000024
745	865	0.000006
745	867	0.002354
746	755	0.000011
746	757	0.000011
746	759	0.001888
746	761	0.002310
746	764	0.000396
746	769	0.000001
746	775	0.000002
746	796	0.000031
746	808	0.001293
746	817	0.000011
746	829	0.000096
746	837	0.000020
746	840	0.000017
746	842	0.000225
746	843	0.006001
746	844	0.000769
746	848	0.000008
746	853	0.000256
746	859	0.000056
747	758	0.001935
747	760	0.002293
747	800	0.000007
747	810	0.000001
747	816	0.000012
747	828	0.000097
747	836	0.000020
747	839	0.000019
747	845	0.000035
747	852	0.000293
747	858	0.000056
747	861	0.000001
747	862	0.000001
747	864	0.000364
747	865	0.225632
748	752	0.000011
748	758	0.000016
748	760	0.000082
748	762	0.009555
748	766	0.000314
748	767	0.000006
748	768	0.000002
748	771	0.000024
748	772	0.000002
748	773	0.000001
748	776	0.000003
748	781	0.000022
748	799	0.000008
748	809	0.000001
748	815	0.000012
748	824	0.000004
748	830	0.000026
748	838	0.000018
748	845	0.000005
748	846	0.000004
748	847	0.000001
748	849	0.000001
748	850	0.000001
748	851	0.000281
748	857	0.000043
748	860	0.000001
748	864	0.228133
748	865	0.000004
748	867	0.291523
749	753	0.000036
749	754	0.000171
749	755	0.000015
749	756	0.000429
749	757	0.000018
749	759	0.000841
749	761	0.011872
749	763	0.000356
749	764	0.000016
749	765	0.000364
749	770	0.000028
749	774	0.000007
749	775	0.000002
749	780	0.000026
749	783	0.000006
749	793	0.000248
749	798	0.000007
749	805	0.001515
749	807	0.000002
749	814	0.000012
749	823	0.000006
749	825	0.000001
749	826	0.000007
749	827	0.000003
749	829	0.000033
749	834	0.000002
749	837	0.000018
749	840	0.068569
749	841	0.002957
749	842	0.000005
749	843	0.000001
749	853	0.000006
749	859	0.000001
749	863	0.230527
749	866	0.504796
750	758	0.000847
750	760	0.009718
750	792	0.000275
750	804	0.001541
750	810	0.000016
750	828	0.000033
750	836	0.000018
750	839	0.074516
750	852	0.000006
750	856	0.000002
750	858	0.000001
750	861	0.005086
750	862	0.225714
750	864	0.000002
750	865	0.504923
751	758	0.007787
751	760	0.016009
751	791	0.000276
751	803	0.001541
751	809	0.000016
751	838	0.074531
751	845	0.000002
751	856	0.000001
751	860	0.009859
751	861	0.220169
751	862	0.000039
751	864	0.503250
751	865	0.000009
752	757	0.005761
752	759	0.019094
752	761	0.000775
752	777	0.000001
752	790	0.000269
752	793	0.000005
752	802	0.001504
752	805	0.000024
752	808	0.000007
752	829	0.000005
752	837	0.074444
752	840	0.000074
752	844	0.000001
752	853	0.000004
752	855	0.000001
752	859	0.014559
753	758	0.018964
753	760	0.000879
753	792	0.000006
753	800	0.000001
753	804	0.000033
753	828	0.000006
753	836	0.073514
753	839	0.000084
753	852	0.000003
753	858	0.009049
753	860	0.079554
753	861	0.020117
753	862	0.421265
753	864	0.000018
753	865	0.000848
754	758	0.000165
754	760	0.000641
754	786	0.000103
754	791	0.000006
754	800	0.000015
754	803	0.000033
754	828	0.000012
754	836	0.000457
754	838	0.000083
754	852	0.000019
754	856	0.000915
754	858	0.209614
754	860	0.020910
754	861	0.420498
754	862	0.000726
754	864	0.000849
754	865	0.000092
755	760	0.000017
755	762	0.000010
755	766	0.000007
755	767	0.000031
755	768	0.000103
755	771	0.000009
755	772	0.000019
755	773	0.000019
755	776	0.000006
755	782	0.000002
755	785	0.000104
755	787	0.000203
755	799	0.000009
755	828	0.000002
755	830	0.000002
755	836	0.000011
755	846	0.000003
755	851	0.000019
755	856	0.000031
755	857	0.216066
755	858	0.000026
755	860	0.325727
755	861	0.000822
755	862	0.000191
755	864	0.000055
755	865	0.000213
755	867	0.001956
756	760	0.000074
756	784	0.000102
756	786	0.000206
756	792	0.000002
756	800	0.001569
756	828	0.000014
756	836	0.000069
756	845	0.000003
756	852	0.000493
756	856	0.214807
756	858	0.163447
756	860	0.013834
756	861	0.000270
756	862	0.000062
756	864	0.000443
756	865	0.094908
757	762	0.000024
757	766	0.009225
757	767	0.000135
757	768	0.000257
757	771	0.001641
757	772	0.000036
757	773	0.000035
757	776	0.000056
757	781	0.000355
757	782	0.000007
757	784	0.000064
757	785	0.000180
757	791	0.000002
757	797	0.000001
757	799	0.001583
757	824	0.000004
757	828	0.000006
757	830	0.000007
757	836	0.000037
757	849	0.000098
757	850	0.000013
757	851	0.000552
757	852	0.000154
757	856	0.000322
757	857	0.159775
757	858	0.007250
757	860	0.000302
757	861	0.000063
757	864	0.099122
757	865	0.000004
757	867	0.000142
758	763	0.000422
758	764	0.000014
758	765	0.011000
758	769	0.000698
758	770	0.001919
758	774	0.001432
758	775	0.000042
758	777	0.000072
758	778	0.000002
758	779	0.000007
758	780	0.000417
758	783	0.001304
758	788	0.000001
758	790	0.000001
758	796	0.000001
758	798	0.001590
758	823	0.000006
758	825	0.000171
758	826	0.000002
758	827	0.000007
758	829	0.000006
758	831	0.000880
758	832	0.037339
758	833	0.014241
758	834	0.000382
758	835	0.000516
758	848	0.000104
758	853	0.000661
758	854	0.067477
758	855	0.005020
758	859	0.000159
758	863	0.161645
758	866	0.000249
759	766	0.006447
759	767	0.000107
759	768	0.001134
759	771	0.000989
759	772	0.000022
759	773	0.001400
759	776	0.000081
759	781	0.000312
759	782	0.001191
759	784	0.000077
759	787	0.000001
759	797	0.001570
759	799	0.000005
759	824	0.000174
759	828	0.000007
759	830	0.000822
759	847	0.000103
759	849	0.002223
759	850	0.000511
759	851	0.005810
759	852	0.004998
759	856	0.008433
759	857	0.000387
759	858	0.000161
759	860	0.000107
759	861	0.000006
759	862	0.161501
759	864	0.000015
759	865	0.000236
759	867	0.000878
760	764	0.000016
760	765	0.008029
760	769	0.000480
760	770	0.001265
760	774	0.000599
760	775	0.000039
760	777	0.000303
760	778	0.000038
760	779	0.000006
760	780	0.000466
760	783	0.000614
760	788	0.000080
760	795	0.000221
760	796	0.001242
760	798	0.000007
760	823	0.000174
760	825	0.000015
760	826	0.000002
760	827	0.000009
760	829	0.000578
760	831	0.069158
760	832	0.000066
760	833	0.000004
760	834	0.000001
760	848	0.002411
760	853	0.000189
760	854	0.183652
760	855	0.012643
760	859	0.000096
760	863	0.000127
760	866	0.005238
761	766	0.000056
761	767	0.000275
761	768	0.000616
761	771	0.000028
761	772	0.000015
761	773	0.000574
761	776	0.000342
761	781	0.000006
761	782	0.000580
761	787	0.000080
761	797	0.000007
761	824	0.000014
761	828	0.000073
761	830	0.069430
761	845	0.000002
761	846	0.000001
761	847	0.002189
761	849	0.048897
761	850	0.000515
761	851	0.001410
761	852	0.000122
761	856	0.000072
761	857	0.000013
761	858	0.000008
761	860	0.225385
761	861	0.000002
761	862	0.000063
761	864	0.000093
761	865	0.005180
762	769	0.000097
762	775	0.000322
762	777	0.000006
762	778	0.000017
762	779	0.000020
762	793	0.000895
762	794	0.000171
762	796	0.000006
762	829	0.069434
762	844	0.000002
762	848	0.049123
762	853	0.299628
762	855	0.000036
762	859	0.395745
763	784	0.000002
763	786	0.000241
763	791	0.000001
763	792	0.000929
763	828	0.069106
763	845	0.000028
763	852	0.309447
763	856	0.000002
763	858	0.398142
763	860	0.000078
763	861	0.000081
763	862	0.012534
763	864	0.000031
763	865	0.000009
764	768	0.000152
764	771	0.000504
764	772	0.000221
764	773	0.000377
764	776	0.000058
764	781	0.002797
764	782	0.000192
764	785	0.000260
764	787	0.000002
764	791	0.000079
764	792	0.000414
764	824	0.000037
764	828	0.000008
764	846	0.072086
764	847	0.000172
764	849	0.000057
764	850	0.000352
764	851	0.290352
764	852	0.000011
764	857	0.394783
764	858	0.000006
764	860	0.000033
764	861	0.012745
764	862	0.000052
764	864	0.000007
764	865	0.000001
765	784	0.000273
765	786	0.000003
765	791	0.001328
765	828	0.000018
765	845	0.076245
765	852	0.000043
765	856	0.392754
765	858	0.000077
765	860	0.015255
765	861	0.000122
765	862	0.000015
765	864	0.000003
766	775	0.000668
766	777	0.000088
766	778	0.000452
766	779	0.033279
766	789	0.000006
766	790	0.001342
766	842	0.000006
766	843	0.000064
766	844	0.075342
766	848	0.000634
766	853	0.000052
766	855	0.350876
766	859	0.014644
767	775	0.000577
767	777	0.000501
767	778	0.045146
767	779	0.002549
767	789	0.001206
767	790	0.000003
767	794	0.000031
767	840	0.000002
767	842	0.000109
767	843	0.070800
767	844	0.000071
767	848	0.092799
767	853	0.002204
767	855	0.001652
767	859	0.001510
768	775	0.001164
768	777	0.047560
768	778	0.002966
768	779	0.000476
768	789	0.000004
768	793	0.000038
768	796	0.000002
768	829	0.000001
768	837	0.000005
768	840	0.002176
768	842	0.052528
768	843	0.000084
768	844	0.000010
768	848	0.003991
768	853	0.079784
768	855	0.000213
768	859	0.000465
769	773	0.000209
769	776	0.041280
769	781	0.000508
769	782	0.000201
769	785	0.000169
769	787	0.001189
769	792	0.000039
769	797	0.000010
769	824	0.000021
769	828	0.000001
769	836	0.000005
769	839	0.003092
769	845	0.000004
769	846	0.317800
769	847	0.002344
769	849	0.000022
769	850	0.000123
769	851	0.000948
769	852	0.063044
769	856	0.000005
769	857	0.046449
769	858	0.000137
769	865	0.000003
770	784	0.000211
770	786	0.001218
770	791	0.000040
770	828	0.000001
770	836	0.000005
770	838	0.003349
770	839	0.000223
770	845	0.335173
770	852	0.015263
770	856	0.051664
770	858	0.000001
770	860	0.000001
770	864	0.000005
770	865	0.000002
771	775	0.000640
771	777	0.000425
771	778	0.002918
771	779	0.006229
771	790	0.000039
771	794	0.000002
771	796	0.000006
771	837	0.003208
771	840	0.000027
771	842	0.000073
771	843	0.000325
771	844	0.331128
771	848	0.000221
771	853	0.002117
771	855	0.053336
771	859	0.000001
772	777	0.002625
772	778	0.007500
772	779	0.003242
772	789	0.000033
772	793	0.000001
772	794	0.000618
772	837	0.000009
772	840	0.000043
772	842	0.000541
772	843	0.309213
772	844	0.000209
772	848	0.000432
772	853	0.001886
772	855	0.000403
773	777	0.004626
773	778	0.002694
773	779	0.000471
773	793	0.000769
773	829	0.000054
773	837	0.000260
773	840	0.011055
773	842	0.219233
773	843	0.000262
773	844	0.000008
773	848	0.001508
773	853	0.143344
773	855	0.000008
773	859	0.000030
774	784	0.000120
774	786	0.000019
774	792	0.000792
774	828	0.000060
774	836	0.000271
774	838	0.000018
774	839	0.014093
774	845	0.000091
774	852	0.154151
774	858	0.000031
774	861	0.000024
774	864	0.000001
774	865	0.000003
775	781	0.001239
775	782	0.001720
775	784	0.000018
775	785	0.000019
775	791	0.000791
775	824	0.000003
775	828	0.000002
775	830	0.000940
775	836	0.000001
775	838	0.013635
775	839	0.000024
775	845	0.000081
775	846	0.000078
775	847	0.000197
775	849	0.052046
775	850	0.003814
775	851	0.134570
775	852	0.000039
775	857	0.000028
775	860	0.000029
775	864	0.000003
776	790	0.000783
776	829	0.001097
776	837	0.013133
776	840	0.000263
776	842	0.000076
776	843	0.000021
776	844	0.000081
776	848	0.059246
776	853	0.000169
776	855	0.000001
776	859	0.000035
777	781	0.000403
777	782	0.000650
777	784	0.000006
777	785	0.000015
777	786	0.000003
777	787	0.000020
777	824	0.000004
777	828	0.001033
777	830	0.000064
777	836	0.011231
777	838	0.000013
777	839	0.000183
777	845	0.000008
777	846	0.000042
777	847	0.042877
777	849	0.020163
777	850	0.001933
777	851	0.000252
777	852	0.000185
777	858	0.000029
778	782	0.000346
778	784	0.000022
778	785	0.000020
778	786	0.000024
778	787	0.000004
778	824	0.000017
778	828	0.000252
778	830	0.000230
778	836	0.000019
778	838	0.000051
778	839	0.000012
778	845	0.000038
778	846	0.025667
778	847	0.213537
778	849	0.000967
778	850	0.000202
778	851	0.000120
778	852	0.000004
778	857	0.000023
778	858	0.000030
779	784	0.000027
779	785	0.000035
779	786	0.000004
779	787	0.000781
779	792	0.000003
779	824	0.000038
779	828	0.000076
779	830	0.000030
779	836	0.000003
779	838	0.000003
779	839	0.000259
779	845	0.007764
779	846	0.253190
779	847	0.000336
779	849	0.000073
779	850	0.000060
779	851	0.000003
779	856	0.000017
779	857	0.000060
779	861	0.000001
779	865	0.000002
780	784	0.000036
780	786	0.000792
780	791	0.000006
780	828	0.000609
780	836	0.000029
780	838	0.000289
780	839	0.000028
780	845	0.271836
780	852	0.000015
780	856	0.000072
780	860	0.000012
780	864	0.000003
781	790	0.000007
781	794	0.000009
781	821	0.000002
781	829	0.000036
781	837	0.000224
781	840	0.000004
781	842	0.000057
781	843	0.002615
781	844	0.259667
781	848	0.000005
781	855	0.000064
781	859	0.000011
782	789	0.000005
782	793	0.000012
782	805	0.000001
782	821	0.000028
782	829	0.007060
782	837	0.000104
782	840	0.000423
782	842	0.002478
782	843	0.188402
782	844	0.000125
782	853	0.000089
782	859	0.000013
783	791	0.000001
783	792	0.000012
783	804	0.000001
783	828	0.007535
783	836	0.000153
783	838	0.000007
783	839	0.000513
783	845	0.000039
783	852	0.000095
783	856	0.000004
783	858	0.000015
783	864	0.000002
783	865	0.000002
784	790	0.000001
784	795	0.000003
784	798	0.000001
784	820	0.004081
784	821	0.000014
784	822	0.972495
784	823	0.003810
784	825	0.000012
784	826	0.000015
784	827	0.002386
784	829	0.000001
784	831	0.000002
784	832	0.000004
784	835	0.000059
784	840	0.000004
784	841	0.003133
784	842	0.000020
784	843	0.000704
784	844	0.000003
784	855	0.000001
785	790	0.000003
785	794	0.000003
785	796	0.000009
785	802	0.000001
785	819	0.004082
785	821	0.988318
785	840	0.000926
785	842	0.001109
785	843	0.000002
785	855	0.000446
786	793	0.000002
786	795	0.000010
786	801	0.000001
786	820	0.990916
786	825	0.000020
786	826	0.000043
786	827	0.000003
786	831	0.000006
786	833	0.000007
786	834	0.000002
786	841	0.001152
786	854	0.000609
787	793	0.000002
787	794	0.000009
787	817	0.004199
787	819	0.990599
787	829	0.000026
787	840	0.001141
787	853	0.000610
788	792	0.000002
788	800	0.000002
788	816	0.004280
788	818	0.989602
788	828	0.000026
788	838	0.000001
788	839	0.001127
788	852	0.000611
789	799	0.000001
789	800	0.000036
789	815	0.002178
789	816	0.844229
789	818	0.000007
789	828	0.000005
789	830	0.000001
789	838	0.000971
789	851	0.000605
790	799	0.000266
790	815	0.986601
790	816	0.000575
790	824	0.000353
790	828	0.000094
790	830	0.000001
790	836	0.000259
790	838	0.000002
790	849	0.000001
790	850	0.000566
791	798	0.000306
791	814	0.994921
791	823	0.000401
791	826	0.000309
791	827	0.000097
791	832	0.000020
791	833	0.000003
791	834	0.000020
791	835	0.000385
792	798	0.000012
792	801	0.000001
792	813	0.994958
792	822	0.000400
792	825	0.000320
792	826	0.000089
792	831	0.000020
792	832	0.000003
792	833	0.000020
792	834	0.000383
792	848	0.000492
793	797	0.000010
793	800	0.000001
793	811	0.000047
793	812	0.993922
793	824	0.000311
793	830	0.000019
793	847	0.000583
794	799	0.000001
794	810	0.000093
794	811	0.993350
794	812	0.000007
794	824	0.000007
794	846	0.000587
795	803	0.000001
795	804	0.000013
795	809	0.000181
795	810	0.990984
795	818	0.000002
795	828	0.000006
795	845	0.000585
796	803	0.000032
796	804	0.000007
796	809	0.794471
796	810	0.000157
796	811	0.000028
796	818	0.000002
796	830	0.000281
797	802	0.000064
797	805	0.059357
797	806	0.000995
797	808	0.629790
797	819	0.001105
797	821	0.000005
797	829	0.000300
797	842	0.000001
797	843	0.000007
797	844	0.000004
798	803	0.014329
798	804	0.078999
798	809	0.189048
798	810	0.000003
798	818	0.001253
798	828	0.000295
799	805	0.012953
799	806	0.272873
799	808	0.229770
799	817	0.000822
799	819	0.000008
799	821	0.000007
799	842	0.000003
800	805	0.153150
800	806	0.003018
800	807	0.241385
800	808	0.000148
800	817	0.002245
800	820	0.000005
800	825	0.000003
800	826	0.000081
800	827	0.000005
800	829	0.000002
800	841	0.000002
801	809	0.000150
801	810	0.000005
801	816	0.003309
801	828	0.000003
802	809	0.000013
802	815	0.003331
802	824	0.000083
803	807	0.000892
803	808	0.000070
803	814	0.003337
803	823	0.000086
803	826	0.000005
803	827	0.000005
804	808	0.000013
804	813	0.003336
804	822	0.000085
804	825	0.000005
804	826	0.000005
805	811	0.000005
805	812	0.003246
805	818	0.000005
805	824	0.000003
806	810	0.000009
806	811	0.002456
806	812	0.000001
806	818	0.000001
807	816	0.000085
808	815	0.000086
808	824	0.000008
809	814	0.000085
809	821	0.000002
809	823	0.000012
809	832	0.000001
810	820	0.000002
810	822	0.000012
810	831	0.000001
811	819	0.000001
811	821	0.000011
812	819	0.000008
812	829	0.000005
813	818	0.000008
813	828	0.000006
814	845	0.000001
815	844	0.000001
816	825	0.000104
816	831	0.000001
817	824	0.000108
817	830	0.000001
818	822	0.000001
818	823	0.000121
818	825	0.000031
818	826	0.000002
818	827	0.000011
818	829	0.000001
818	831	0.000003
818	841	0.000007
818	843	0.000003
818	844	0.000001
819	824	0.000026
819	830	0.000003
819	846	0.000010
820	828	0.000003
820	845	0.000014
821	846	0.000012
822	828	0.000005
822	839	0.007280
822	845	0.000015
822	865	0.000026
823	828	0.001384
823	836	0.000021
823	838	0.024211
823	839	0.000205
823	845	0.001528
823	852	0.000022
823	856	0.000001
823	860	0.000011
823	864	0.000040
823	865	0.000001
824	829	0.000043
824	837	0.024258
824	840	0.681485
824	842	0.000071
824	843	0.000025
824	844	0.000891
824	848	0.000004
824	853	0.000004
824	859	0.000011
825	836	0.023472
825	838	0.001471
825	839	0.779676
825	845	0.000058
825	852	0.000004
825	858	0.000011
825	862	0.000053
825	864	0.000001
825	865	0.000384
826	836	0.000189
826	838	0.780500
826	839	0.010930
826	845	0.000086
826	856	0.000002
826	861	0.000053
826	864	0.000274
826	865	0.027908
827	836	0.779045
827	838	0.011278
827	839	0.000221
827	845	0.000335
827	852	0.000001
827	856	0.000007
827	860	0.000053
827	862	0.000005
827	864	0.028607
827	865	0.000014
828	832	0.000382
828	833	0.004521
828	834	0.003102
828	835	0.751395
828	837	0.009131
828	840	0.000004
828	841	0.011075
828	842	0.000404
828	843	0.000045
828	844	0.000310
828	848	0.000003
828	854	0.000003
828	855	0.000004
828	859	0.000043
828	863	0.028017
828	866	0.003690
829	836	0.001744
829	838	0.001637
829	839	0.000004
829	845	0.000002
829	847	0.000003
829	858	0.000001
829	860	0.000006
829	862	0.004095
829	864	0.000036
829	865	0.003460
829	867	0.000072
830	837	0.005356
830	840	0.023320
830	842	0.000018
830	843	0.000002
830	853	0.000005
830	859	0.000010
831	836	0.005692
831	838	0.000339
831	839	0.025620
831	852	0.000006
831	856	0.000001
831	858	0.000011
831	860	0.000034
831	861	0.001299
831	862	0.019031
831	864	0.001286
831	865	0.005448
832	836	0.000083
832	838	0.025483
832	839	0.002283
832	856	0.000002
832	858	0.000003
832	860	0.001285
832	861	0.020958
832	862	0.010964
832	864	0.005504
832	865	0.000003
833	838	0.002357
833	839	0.000841
833	856	0.000006
833	858	0.000232
833	860	0.020901
833	861	0.012077
833	862	0.006251
833	864	0.000003
834	838	0.000844
834	839	0.000014
834	845	0.000001
834	856	0.000020
834	858	0.000627
834	860	0.012128
834	861	0.006316
834	862	0.000006
834	865	0.000181
835	839	0.000004
835	845	0.000014
835	852	0.000002
835	856	0.000454
835	858	0.031166
835	860	0.006309
835	861	0.000006
835	864	0.000185
836	841	0.000067
836	843	0.000002
836	844	0.000013
836	848	0.000003
836	854	0.000002
836	855	0.000299
836	859	0.005347
836	863	0.000185
836	866	0.000022
837	846	0.000006
837	847	0.000003
837	849	0.000004
837	856	0.028985
837	857	0.000668
837	858	0.000418
837	862	0.000183
837	865	0.000022
838	844	0.000001
838	848	0.000004
838	853	0.000002
838	854	0.001212
838	855	0.041404
838	859	0.000011
839	843	0.000002
839	844	0.000012
839	848	0.000036
839	853	0.001225
839	854	0.048228
839	855	0.000064
839	859	0.000007
839	863	0.000023
840	845	0.000008
840	846	0.000578
840	847	0.000044
840	849	0.000010
840	850	0.000004
840	851	0.000007
840	852	0.000010
840	857	0.000035
840	862	0.000023
841	845	0.001085
841	852	0.130267
841	856	0.000049
841	858	0.001307
841	860	0.000002
841	861	0.000022
842	846	0.000045
842	847	0.000073
842	849	0.000436
842	850	0.001308
842	851	0.132406
842	852	0.004036
842	856	0.000002
842	857	0.001339
842	858	0.000009
842	860	0.000021
843	847	0.000036
843	849	0.001627
843	850	0.127194
843	851	0.007164
843	852	0.001117
843	856	0.001102
843	857	0.000016
843	858	0.000005
844	849	0.100288
844	850	0.008055
844	851	0.002154
844	852	0.000058
844	856	0.000016
844	857	0.000008
844	858	0.000002
845	853	0.000018
845	854	0.017866
845	855	0.000009
846	853	0.015929
846	855	0.000046
847	853	0.000486
847	855	0.000018
847	859	0.000002
848	852	0.000546
848	856	0.000003
848	858	0.000002
849	853	0.000035
849	855	0.000033
850	855	0.000063
851	855	0.000018
851	859	0.000002
852	863	0.000280
852	866	0.000032
853	857	0.000001
853	862	0.000279
853	865	0.000020
854	858	0.000001
854	860	0.000017
854	861	0.000279
854	862	0.000001
854	864	0.000019
854	865	0.000017
855	860	0.000245
855	861	0.000001
855	862	0.000002
855	864	0.000017
856	863	0.000023
858	863	0.000001
858	866	0.000040
859	865	0.000040
859	867	0.000009
860	866	0.000015
861	866	0.000018
862	866	0.000002
