1	7	0.000054
1	8	0.000046
1	9	0.000011
1	12	0.000003
1	13	0.000002
1	15	0.000014
1	41	0.350982
1	851	0.000029
1	855	0.225414
1	858	0.000021
1	867	0.000005
1	868	0.000009
1	869	0.000037
1	871	0.000005
1	872	0.000015
1	873	0.000042
1	874	0.000143
1	877	0.000115
1	878	0.000322
2	7	0.000160
2	8	0.000034
2	9	0.000006
2	11	0.000004
2	12	0.000003
2	14	0.000017
2	15	0.000005
2	30	0.000051
2	39	0.000278
2	40	0.464181
2	41	0.002765
2	42	0.008316
2	46	0.000088
2	850	0.000042
2	851	0.000012
2	853	0.000246
2	854	0.255147
2	855	0.002392
2	858	0.000007
2	865	0.000324
2	867	0.000009
2	868	0.000036
2	869	0.000104
2	871	0.000011
2	872	0.000040
2	873	0.000241
2	874	0.000214
2	875	0.016277
2	877	0.000288
2	878	0.000046
2	880	0.003171
3	7	0.000031
3	8	0.000023
3	9	0.000010
3	11	0.000003
3	13	0.000016
3	14	0.000007
3	29	0.000052
3	39	0.464284
3	40	0.003407
3	41	0.006721
3	42	0.076296
3	46	0.000006
3	849	0.000038
3	850	0.000019
3	853	0.252865
3	854	0.002561
3	855	0.000018
3	858	0.000003
3	865	0.000086
3	867	0.000014
3	868	0.000119
3	869	0.000055
3	871	0.000011
3	872	0.000208
3	873	0.000270
3	874	0.014763
3	875	0.006672
3	877	0.000023
3	878	0.000192
3	880	0.003614
4	8	0.000048
4	9	0.000030
4	12	0.000015
4	13	0.000007
4	28	0.000052
4	41	0.073437
4	848	0.000031
4	849	0.000017
4	851	0.000008
4	855	0.000012
4	858	0.000005
4	867	0.000101
4	868	0.000050
4	869	0.000008
4	871	0.000155
4	872	0.000204
4	873	0.012426
4	874	0.005717
4	877	0.000175
4	878	0.001414
5	10	0.000012
5	27	0.000052
5	852	0.003271
5	879	0.005946
6	26	0.000052
6	41	0.000755
6	848	0.000003
6	851	0.001336
6	855	0.000008
6	858	0.000046
6	867	0.000022
6	868	0.000004
6	869	0.000019
6	871	0.000633
6	872	0.000192
6	873	0.000081
6	874	0.000023
6	877	0.000290
6	878	0.004813
7	25	0.000048
7	37	0.000114
7	38	0.008804
7	43	0.000212
7	44	0.000217
7	45	0.000100
7	847	0.000004
7	856	0.000003
7	857	0.000048
7	859	0.000003
7	860	0.000009
7	861	0.000013
7	862	0.000015
7	863	0.000015
7	864	0.000020
7	866	0.000022
7	870	0.000561
7	876	0.000311
7	879	0.000011
7	881	0.000020
7	882	0.000022
8	22	0.000024
8	37	0.004786
8	38	0.818162
8	43	0.000143
8	44	0.000084
8	45	0.000011
8	856	0.000025
8	857	0.000002
8	859	0.000005
8	860	0.000012
8	861	0.000014
8	862	0.000014
8	863	0.000019
8	864	0.000002
8	866	0.000002
8	870	0.000008
8	876	0.000155
8	879	0.000004
8	881	0.000020
8	882	0.000044
9	19	0.000003
9	21	0.000030
9	37	0.971721
9	38	0.000279
9	43	0.000027
9	44	0.000004
9	856	0.000001
9	859	0.000005
9	860	0.000008
9	861	0.000008
9	862	0.000011
9	863	0.000002
9	876	0.000003
9	881	0.000076
10	18	0.000003
10	20	0.000030
10	23	0.000002
10	36	0.999708
10	42	0.000007
10	880	0.000078
11	16	0.000006
11	35	0.999747
11	879	0.000077
12	19	0.000002
12	31	0.000004
12	34	0.991687
12	35	0.000003
12	38	0.000001
13	31	0.000121
13	34	0.000106
13	37	0.000001
14	35	0.000005
15	31	0.914146
15	34	0.000006
15	876	0.000004
16	28	0.000021
16	29	0.077107
16	30	0.917158
16	32	0.000048
16	33	0.000004
16	875	0.000005
17	26	0.000064
17	28	0.533652
17	29	0.462634
17	874	0.000003
18	25	0.000136
18	27	0.988331
19	24	0.000099
19	26	0.987382
19	28	0.010478
20	25	0.983867
20	27	0.010729
21	26	0.008118
21	28	0.000001
21	29	0.000003
22	26	0.000008
22	28	0.000017
23	27	0.000017
27	36	0.000001
28	35	0.000001
33	881	0.000001
34	41	0.000004
35	40	0.000004
35	42	0.000001
35	880	0.000104
36	879	0.000104
37	41	0.000005
37	878	0.000100
38	858	0.000006
38	873	0.000001
38	874	0.000001
38	877	0.000070
38	878	0.000002
39	48	0.000014
39	852	0.000004
39	879	0.000040
40	48	0.000142
40	852	0.000003
40	879	0.000040
41	45	0.000145
41	47	0.000133
41	48	0.000002
41	49	0.000273
41	852	0.000001
41	856	0.000321
41	857	0.000387
41	859	0.000047
41	860	0.000014
41	861	0.000004
41	862	0.000001
41	863	0.000001
41	870	0.000002
41	876	0.000012
41	879	0.000005
41	881	0.000206
41	882	0.000005
42	48	0.000334
42	801	0.000001
42	852	0.000030
42	879	0.004580
43	800	0.000001
43	851	0.000016
43	855	0.011369
43	858	0.000055
43	867	0.000001
43	868	0.000007
43	869	0.000124
43	871	0.000002
43	872	0.000015
43	873	0.000119
43	874	0.000218
43	877	0.000017
43	878	0.004495
44	851	0.000002
44	855	0.001895
44	858	0.000033
44	867	0.000007
44	868	0.000147
44	869	0.000034
44	871	0.000010
44	872	0.000128
44	873	0.000253
44	874	0.000095
44	877	0.003415
44	878	0.000171
45	851	0.000005
45	855	0.001186
45	858	0.000083
45	867	0.000144
45	868	0.000037
45	869	0.000008
45	871	0.000100
45	872	0.000156
45	873	0.000091
45	874	0.000025
45	877	0.000143
45	878	0.000031
46	845	0.000002
46	852	0.975676
46	879	0.000015
47	844	0.000002
47	849	0.000013
47	851	0.990603
47	855	0.000048
47	878	0.000008
48	61	0.000004
48	797	0.000001
48	843	0.000001
48	848	0.000017
48	849	0.000050
48	850	0.996291
48	853	0.000008
48	854	0.000053
48	875	0.000005
48	877	0.000002
48	880	0.000002
49	60	0.000005
49	796	0.000001
49	842	0.000001
49	848	0.000398
49	849	0.978995
49	851	0.000001
49	874	0.000004
50	59	0.000005
50	795	0.000001
50	845	0.000006
50	846	0.000014
50	852	0.000080
50	879	0.000003
51	58	0.000005
51	844	0.000006
51	848	0.014628
51	849	0.000013
51	851	0.000078
51	878	0.000003
52	57	0.000005
52	845	0.000056
52	846	0.997565
53	845	0.998822
53	846	0.000740
54	844	0.954977
55	845	0.000004
56	65	0.000001
56	842	0.000138
56	843	0.996040
56	844	0.000054
57	64	0.000001
57	842	0.998184
57	843	0.000111
58	63	0.000001
58	841	0.999440
59	840	0.999961
60	838	0.000003
60	839	0.999017
61	736	0.000001
61	837	0.000003
61	838	0.998807
62	735	0.000002
62	837	0.999734
63	67	0.000001
63	737	0.000049
63	796	0.000002
63	835	0.003836
63	836	0.962430
64	68	0.000004
64	69	0.000001
64	71	0.000001
64	72	0.000053
64	83	0.000005
64	84	0.000593
64	734	0.000502
64	735	0.005589
64	739	0.000037
64	792	0.000001
64	795	0.000003
64	831	0.000191
64	832	0.958932
65	71	0.000053
65	72	0.000118
65	82	0.000006
65	83	0.000606
65	84	0.000098
65	734	0.005650
65	735	0.010630
65	739	0.000001
65	791	0.000001
65	830	0.000185
65	831	0.960237
65	832	0.007299
66	71	0.000118
66	72	0.000003
66	81	0.000006
66	82	0.000610
66	83	0.000099
66	734	0.010724
66	735	0.000838
66	790	0.000001
66	795	0.000001
66	801	0.000001
66	827	0.000003
66	830	0.959696
66	831	0.007258
66	832	0.000066
66	839	0.000002
67	71	0.000002
67	78	0.000003
67	81	0.000604
67	82	0.000101
67	734	0.000899
67	735	0.000008
67	736	0.000001
67	741	0.000001
67	747	0.000004
67	789	0.000001
67	795	0.000015
67	802	0.000049
67	811	0.000172
67	821	0.000003
67	825	0.000019
67	827	0.000056
67	828	0.002044
67	829	0.893466
67	830	0.005586
67	831	0.000051
67	832	0.000004
67	838	0.000003
68	74	0.000009
68	75	0.000005
68	77	0.000060
68	80	0.000592
68	716	0.000001
68	727	0.000002
68	729	0.000033
68	730	0.961811
68	731	0.010350
68	732	0.000077
68	733	0.002334
68	738	0.000005
68	740	0.000003
68	744	0.000001
68	745	0.000002
68	746	0.000015
68	793	0.000003
68	794	0.000187
68	797	0.000022
68	798	0.000028
68	800	0.000012
68	807	0.000001
68	809	0.000001
68	810	0.000271
68	813	0.000020
68	814	0.000003
68	819	0.000003
68	820	0.000002
68	822	0.000035
68	823	0.000044
68	824	0.000013
68	826	0.000018
68	833	0.000002
68	834	0.000035
68	835	0.000032
69	74	0.000005
69	76	0.000058
69	77	0.000052
69	79	0.000532
69	80	0.000374
69	715	0.000001
69	726	0.000002
69	728	0.000012
69	729	0.977658
69	730	0.011940
69	731	0.000017
69	732	0.001836
69	733	0.000447
69	737	0.000002
69	738	0.000001
69	744	0.000003
69	745	0.000001
69	746	0.000064
69	793	0.000178
69	794	0.000001
69	796	0.000016
69	797	0.000033
69	799	0.000013
69	800	0.001260
69	806	0.000002
69	809	0.000280
69	813	0.000003
69	818	0.000003
69	820	0.000046
69	822	0.000040
69	823	0.000003
69	824	0.000034
69	826	0.000012
69	833	0.000034
69	834	0.000032
69	836	0.000087
70	75	0.000050
70	76	0.000050
70	79	0.000396
70	714	0.000001
70	717	0.000002
70	725	0.000002
70	728	0.987112
70	729	0.006098
70	731	0.001560
70	732	0.000424
70	743	0.000002
70	745	0.000063
70	796	0.000030
70	798	0.000013
70	799	0.001389
70	800	0.000001
70	805	0.000002
70	808	0.000279
70	810	0.000009
70	817	0.000002
70	819	0.000066
70	820	0.000004
70	823	0.000047
70	824	0.000040
70	826	0.000017
70	835	0.000225
71	75	0.000023
71	77	0.000545
71	80	0.000002
71	716	0.000002
71	727	0.994113
71	728	0.000281
71	730	0.001391
71	731	0.000386
71	744	0.000063
71	794	0.000032
71	797	0.000009
71	798	0.001442
71	804	0.000002
71	807	0.000275
71	809	0.000009
71	810	0.000028
71	818	0.000069
71	819	0.000004
71	822	0.000048
71	823	0.000040
71	826	0.000002
71	833	0.000027
71	834	0.000228
72	76	0.000229
72	77	0.000388
72	80	0.000181
72	712	0.000001
72	715	0.000002
72	726	0.994244
72	727	0.000207
72	728	0.000001
72	729	0.001303
72	730	0.000387
72	743	0.000016
72	744	0.000001
72	793	0.000031
72	794	0.000013
72	796	0.000003
72	797	0.001459
72	806	0.000273
72	808	0.000009
72	809	0.000028
72	817	0.000069
72	818	0.000004
72	822	0.000037
72	824	0.000005
72	833	0.000227
73	79	0.000182
73	714	0.000002
73	725	0.990580
73	728	0.001129
73	729	0.000372
73	743	0.000001
73	796	0.001461
73	805	0.000265
73	807	0.000008
73	808	0.000027
73	816	0.000070
73	817	0.000003
73	823	0.000005
74	78	0.000179
74	81	0.000002
74	91	0.000004
74	723	0.000026
74	724	0.931349
74	739	0.000002
74	795	0.001455
74	801	0.000002
74	815	0.000070
74	830	0.000264
74	831	0.000003
74	832	0.000001
75	90	0.000004
75	721	0.000001
75	723	0.199813
75	724	0.000952
75	803	0.000188
75	829	0.000266
75	830	0.000002
75	831	0.000001
76	89	0.000004
76	720	0.000002
76	721	0.005413
76	723	0.001774
76	724	0.049239
76	802	0.000203
76	828	0.000269
76	829	0.000001
77	81	0.000002
77	82	0.000003
77	88	0.000004
77	720	0.005570
77	723	0.762685
77	724	0.000013
77	739	0.000001
77	792	0.000002
77	801	0.000201
77	827	0.000270
78	86	0.000005
78	722	0.988000
78	793	0.000004
78	794	0.000001
78	797	0.000070
78	800	0.000063
78	804	0.000024
78	813	0.000003
78	826	0.000233
79	85	0.000005
79	718	0.000107
79	719	0.000356
79	720	0.000017
79	721	0.990573
79	802	0.000133
79	803	0.000012
79	812	0.000002
79	825	0.000217
80	84	0.000005
80	720	0.989352
80	723	0.000002
80	795	0.000122
80	801	0.000149
81	715	0.000007
81	716	0.001596
81	717	0.007566
81	722	0.000002
81	794	0.000126
81	797	0.000002
81	798	0.000001
81	800	0.000155
81	822	0.000009
81	823	0.000102
81	824	0.000003
82	714	0.000005
82	715	0.001598
82	716	0.008531
82	717	0.928349
82	793	0.000116
82	797	0.000001
82	799	0.000163
82	822	0.000098
82	823	0.000001
83	712	0.000001
83	714	0.001389
83	715	0.008282
83	716	0.987305
83	717	0.001257
83	798	0.000168
83	818	0.000001
84	711	0.000001
84	712	0.001303
84	714	0.006100
84	715	0.987740
84	716	0.001298
84	797	0.000170
84	817	0.000001
85	711	0.001316
85	714	0.972423
85	717	0.000001
85	796	0.000170
85	816	0.000001
86	91	0.000002
86	720	0.000006
86	795	0.000164
86	815	0.000001
87	710	0.043844
87	713	0.838209
87	718	0.000004
87	719	0.000005
87	795	0.000007
87	811	0.000006
88	708	0.000052
88	709	0.045949
88	711	0.008354
88	712	0.855441
88	716	0.000070
88	717	0.000003
88	793	0.000003
88	794	0.000125
88	810	0.000007
88	834	0.000003
89	708	0.046259
89	709	0.000691
89	711	0.695730
89	712	0.001259
89	715	0.000070
89	716	0.000003
89	746	0.000003
89	793	0.000124
89	809	0.000007
89	833	0.000003
90	709	0.911063
90	711	0.000870
90	714	0.000049
90	745	0.000004
90	808	0.000006
91	706	0.000144
91	708	0.922483
91	709	0.000945
91	711	0.000002
91	712	0.000011
91	744	0.000004
91	807	0.000004
92	706	0.998189
92	708	0.000209
93	705	0.999962
94	704	0.999394
95	701	0.000003
95	703	0.995164
96	701	0.993429
97	700	0.999894
98	698	0.000001
98	699	0.998178
99	698	0.999045
100	696	0.000004
100	697	0.999980
101	696	0.999739
102	693	0.000029
102	695	0.785762
103	693	0.997600
104	692	0.999962
105	691	0.999385
106	690	0.999248
107	689	0.996819
108	688	0.548823
109	688	0.438564
109	690	0.000006
110	687	0.873863
110	689	0.000010
111	687	0.014320
112	684	0.000304
112	685	0.907048
112	687	0.000024
113	684	0.994088
113	685	0.000078
114	683	0.999933
115	682	0.999467
116	680	0.002097
116	681	0.997242
117	679	0.007604
117	680	0.991533
119	676	0.000002
119	677	0.987817
119	678	0.011206
120	676	0.994276
120	677	0.005699
121	675	0.999093
122	674	0.999939
123	673	0.999980
124	672	0.999511
125	670	0.000001
125	671	0.999965
126	670	0.996596
126	671	0.000002
128	668	0.995996
129	667	0.999962
130	666	0.997713
131	662	0.000015
131	664	0.040016
131	665	0.947837
131	666	0.000009
132	661	0.000010
132	662	0.501649
132	664	0.493314
132	665	0.000026
133	661	0.956185
133	662	0.039575
133	664	0.000040
134	660	0.999779
134	663	0.000051
135	659	0.999939
135	662	0.000017
136	658	0.999980
136	661	0.000009
137	657	0.999988
137	659	0.000001
138	656	0.999978
138	658	0.000001
139	655	0.999563
140	654	0.999604
140	656	0.000002
141	652	0.000014
141	653	0.253512
141	655	0.000002
142	652	0.240186
142	653	0.745928
143	652	0.754073
143	653	0.000028
145	650	0.996331
145	651	0.000611
146	648	0.000005
146	649	0.999624
147	647	0.000008
147	648	0.999932
148	647	0.992034
149	646	0.991502
150	644	0.000001
150	645	0.998305
151	644	0.999295
151	645	0.000002
152	643	0.999984
153	642	0.999977
154	641	0.999488
155	639	0.000019
155	640	0.999589
156	639	0.960405
157	639	0.001779
158	635	0.000010
158	636	0.995678
158	638	0.001069
159	635	0.999533
159	636	0.000311
160	634	0.999426
160	635	0.000076
161	633	0.999976
162	632	0.999990
163	631	0.999991
164	630	0.999964
165	629	0.999934
166	628	0.995580
167	620	0.000001
167	625	0.000320
167	626	0.000058
167	627	0.988892
168	624	0.000236
168	626	0.996480
168	627	0.000025
169	618	0.000008
169	624	0.022160
169	625	0.976953
169	626	0.000003
169	629	0.000003
170	210	0.000015
170	495	0.000014
170	617	0.000009
170	623	0.997944
170	628	0.000003
171	175	0.000004
171	209	0.000027
171	494	0.000016
171	497	0.000005
171	616	0.000007
171	618	0.000017
171	619	0.000002
171	620	0.000006
171	622	0.997090
171	624	0.000006
171	627	0.000003
172	208	0.000028
172	489	0.000003
172	495	0.000001
172	496	0.000005
172	617	0.000017
172	621	0.997384
172	623	0.000003
173	488	0.000007
173	492	0.000022
173	493	0.000004
173	494	0.000007
173	497	0.000003
173	613	0.000004
173	614	0.000013
173	615	0.000022
173	616	0.000010
173	618	0.000141
173	619	0.002038
173	620	0.985231
173	622	0.000001
173	625	0.000042
174	487	0.000007
174	491	0.000021
174	616	0.000250
174	622	0.000002
174	624	0.000063
175	203	0.000002
175	204	0.004253
175	206	0.019108
175	495	0.000030
175	610	0.000002
175	611	0.000007
175	617	0.006527
175	623	0.000063
176	202	0.000001
176	203	0.003225
176	204	0.990049
176	206	0.000005
176	610	0.000006
176	611	0.000003
176	617	0.000308
177	201	0.000001
177	202	0.002157
177	203	0.996328
177	204	0.000033
177	609	0.000003
177	610	0.000003
177	611	0.000002
178	201	0.001087
178	202	0.997540
178	203	0.000023
178	609	0.000002
178	610	0.000002
179	199	0.000002
179	201	0.998870
179	202	0.000012
180	200	0.999453
181	198	0.000001
181	199	0.998114
182	198	0.998840
183	197	0.999964
184	196	0.999509
185	193	0.000002
185	195	0.999972
186	192	0.000006
186	194	0.999917
187	191	0.000024
187	193	0.991644
187	195	0.000007
188	192	0.980165
188	194	0.000008
189	193	0.000009
199	497	0.000003
200	496	0.000003
201	494	0.000001
202	493	0.000001
202	494	0.000266
203	492	0.000002
203	493	0.000365
203	494	0.000004
203	614	0.000002
203	615	0.000001
203	619	0.000001
204	488	0.000213
204	491	0.000005
204	492	0.000490
204	493	0.000005
204	494	0.000002
204	613	0.000002
204	614	0.000003
204	615	0.000001
204	618	0.000002
204	619	0.000001
205	487	0.000343
205	491	0.000662
205	616	0.000365
206	487	0.000132
206	488	0.896114
206	491	0.000005
206	492	0.000210
206	493	0.000004
206	494	0.000004
206	613	0.000010
206	614	0.000019
206	615	0.000353
206	618	0.000015
206	619	0.000020
207	487	0.880248
207	491	0.000203
207	616	0.000003
208	484	0.000001
208	487	0.002567
208	491	0.000006
208	616	0.000002
209	485	0.989563
209	495	0.000002
210	483	0.000002
210	484	0.997888
210	488	0.000002
210	494	0.000002
211	483	0.999974
212	482	0.999991
213	479	0.000001
213	481	0.999975
214	478	0.000006
214	479	0.000002
214	480	0.999566
215	477	0.000008
215	479	0.997920
218	476	0.928328
220	474	0.000006
220	475	0.991153
220	477	0.000001
220	478	0.000005
221	474	0.999815
221	477	0.000004
222	473	0.999935
222	476	0.000001
223	472	0.999432
224	471	0.997579
225	469	0.000639
225	470	0.948951
226	466	0.000001
226	467	0.000019
226	468	0.000890
227	466	0.000019
227	467	0.000522
227	468	0.951221
228	467	0.989703
229	469	0.000002
230	465	0.981588
230	466	0.000952
231	464	0.999852
232	462	0.000001
232	463	0.999012
233	462	0.998626
233	463	0.000001
234	461	0.999322
235	460	0.998642
236	459	0.999851
236	460	0.000002
237	458	0.999162
238	456	0.000001
238	457	0.998121
239	456	0.999263
239	457	0.000001
240	455	0.999984
241	454	0.999970
242	453	0.999129
243	452	0.997045
243	454	0.000005
244	451	0.974474
244	453	0.000211
245	452	0.000412
246	448	0.000005
246	449	0.000045
246	450	0.997878
246	451	0.000054
247	449	0.997790
247	451	0.000046
248	448	0.979791
248	449	0.001272
248	450	0.000064
249	446	0.002001
249	448	0.003340
249	449	0.000015
250	446	0.966623
250	448	0.000003
251	444	0.000002
251	445	0.999979
252	444	0.999975
253	443	0.999510
254	442	0.999954
255	440	0.000022
255	441	0.999702
256	440	0.999600
257	438	0.998894
257	440	0.000001
258	437	0.999953
259	436	0.999980
260	435	0.999582
261	407	0.000002
261	434	0.999956
262	433	0.999095
263	403	0.000190
263	405	0.000850
263	406	0.000061
263	429	0.000152
263	430	0.000003
263	431	0.000024
263	432	0.996974
264	402	0.000375
264	404	0.005795
264	405	0.000396
264	406	0.000064
264	428	0.000194
264	431	0.990222
265	399	0.000001
265	401	0.000468
265	409	0.000006
265	410	0.000005
266	273	0.000042
266	278	0.000001
266	290	0.000005
266	399	0.000002
266	401	0.001019
266	407	0.001790
266	409	0.000014
266	410	0.000011
267	277	0.000001
267	289	0.000005
267	295	0.000012
267	376	0.000004
267	399	0.000009
267	401	0.911214
267	409	0.000021
268	274	0.000020
268	276	0.000001
268	291	0.000048
268	292	0.000002
268	293	0.000019
268	294	0.000015
268	375	0.000005
268	400	0.975019
268	402	0.000017
268	403	0.000018
268	404	0.000009
268	405	0.000006
268	406	0.000003
268	408	0.000024
268	427	0.000108
268	428	0.000008
268	429	0.000048
268	430	0.000013
269	273	0.000024
269	290	0.000058
269	374	0.000005
269	398	0.000161
269	399	0.995614
269	401	0.000003
269	407	0.000021
270	289	0.000055
270	290	0.000023
270	397	0.000155
270	398	0.998686
270	399	0.000001
271	288	0.000012
271	289	0.000018
271	290	0.000137
271	396	0.000148
271	397	0.998722
272	287	0.000005
272	288	0.000002
272	289	0.000134
272	290	0.000093
272	396	0.998724
273	394	0.000668
273	395	0.990774
274	288	0.000500
275	287	0.000548
275	393	0.982342
276	286	0.000553
276	392	0.998859
277	285	0.000553
277	391	0.998069
278	284	0.000553
278	390	0.999179
278	391	0.000002
279	389	0.999372
280	387	0.000021
280	388	0.997933
281	383	0.000003
281	384	0.000030
281	386	0.000032
281	387	0.992665
281	388	0.000131
281	389	0.000004
282	383	0.000037
282	384	0.000025
282	386	0.963103
282	387	0.000425
282	388	0.000005
283	383	0.000045
283	384	0.000535
283	386	0.000726
283	387	0.000011
284	380	0.000646
284	383	0.000305
284	384	0.937087
284	386	0.000005
285	379	0.000649
285	383	0.995185
285	384	0.000094
286	378	0.000643
286	381	0.000207
286	382	0.997104
287	377	0.000640
287	381	0.995807
288	373	0.000001
288	375	0.000004
288	377	0.000027
288	378	0.000906
288	381	0.000030
289	372	0.000001
289	375	0.000041
289	377	0.000613
289	378	0.982133
290	377	0.992786
291	376	0.956330
291	379	0.000006
292	376	0.003657
293	370	0.000042
293	374	0.554974
293	376	0.000037
293	380	0.000007
294	369	0.000043
294	374	0.042123
294	376	0.000017
294	379	0.000006
295	368	0.000042
295	371	0.923996
295	372	0.006514
295	373	0.021079
295	375	0.000013
295	378	0.000003
296	367	0.000037
296	370	0.999602
296	374	0.000003
297	367	0.000006
297	369	0.999928
297	370	0.000006
298	366	0.000011
298	368	0.999519
299	367	0.999547
300	365	0.479318
300	366	0.514315
301	364	0.963559
302	363	0.999933
302	365	0.000005
303	362	0.999986
303	363	0.000003
304	361	0.999988
304	362	0.000002
305	360	0.999956
305	361	0.000001
306	359	0.999917
307	358	0.999743
308	357	0.999939
309	356	0.999938
310	355	0.999499
311	354	0.999192
312	353	0.999964
313	352	0.999731
314	351	0.999948
315	329	0.000020
315	350	0.999712
316	328	0.000078
316	349	0.939191
316	352	0.000012
317	327	0.000106
317	343	0.026809
317	351	0.000029
318	326	0.000106
318	329	0.000047
318	342	0.026825
318	350	0.000035
319	328	0.000047
319	341	0.026720
319	349	0.000053
320	324	0.000002
320	325	0.000002
320	327	0.000046
320	337	0.000001
320	340	0.025608
320	343	0.000001
320	344	0.000292
320	345	0.835207
321	326	0.000028
321	335	0.000001
321	337	0.000136
321	340	0.000034
321	343	0.000169
321	344	0.954147
321	345	0.001984
322	330	0.000007
322	335	0.000001
322	337	0.000584
322	340	0.000005
322	342	0.000022
322	343	0.964528
322	344	0.002125
322	345	0.000001
323	329	0.000008
323	335	0.001532
323	342	0.968378
323	343	0.001805
323	350	0.000004
324	328	0.000005
324	334	0.000772
324	339	0.000006
324	341	0.942049
324	349	0.000011
325	334	0.023646
325	339	0.002514
325	341	0.000420
325	349	0.000890
326	332	0.000011
326	333	0.024751
326	334	0.000076
326	336	0.000001
326	338	0.002168
326	339	0.938833
326	341	0.000001
326	347	0.000289
326	348	0.001793
326	349	0.000004
327	331	0.000005
327	332	0.024617
327	333	0.000076
327	336	0.001646
327	338	0.970462
327	339	0.000007
327	346	0.000294
327	347	0.001788
327	348	0.000007
328	335	0.001594
328	337	0.970489
328	345	0.000273
329	333	0.000025
329	334	0.000619
329	336	0.965571
329	338	0.000003
329	346	0.001682
329	347	0.000002
329	348	0.000002
330	334	0.005337
331	335	0.006244
331	344	0.002174
331	345	0.000003
332	343	0.002254
333	342	0.002253
334	340	0.000018
335	339	0.000014
335	341	0.000001
336	342	0.000001
342	348	0.000011
343	347	0.000011
343	348	0.000003
344	349	0.000002
374	394	0.000003
376	394	0.000269
377	393	0.000552
378	392	0.000553
379	391	0.000553
380	390	0.000554
380	394	0.000002
381	389	0.000554
381	393	0.000002
382	387	0.000001
382	388	0.000541
382	392	0.000002
383	391	0.000002
384	390	0.000002
394	407	0.000002
394	409	0.000002
395	407	0.001103
396	406	0.001109
397	405	0.001110
398	404	0.001110
398	405	0.000004
399	403	0.000902
399	404	0.000008
399	405	0.000005
399	406	0.000004
399	408	0.000002
400	409	0.002719
400	410	0.000002
401	405	0.000025
401	406	0.000245
401	408	0.011036
401	428	0.000002
401	429	0.000003
401	430	0.000019
402	407	0.045685
402	409	0.000101
402	410	0.001185
402	415	0.000001
402	419	0.000016
402	422	0.000003
402	434	0.000004
403	409	0.001987
403	410	0.000745
403	415	0.000092
403	418	0.000016
403	433	0.000005
404	409	0.001311
404	410	0.000048
404	413	0.000009
404	417	0.000016
404	419	0.000023
404	433	0.000001
405	409	0.000106
405	410	0.000053
405	412	0.000009
405	413	0.000168
405	418	0.000023
405	433	0.000001
406	410	0.000015
406	412	0.000168
406	415	0.000015
406	417	0.000024
407	411	0.000166
407	414	0.000015
407	416	0.000024
407	428	0.183399
407	431	0.000226
408	415	0.000023
409	414	0.000020
409	426	0.000481
409	427	0.765402
409	428	0.000690
409	429	0.000504
409	430	0.000202
410	426	0.962647
410	427	0.000752
410	428	0.000209
410	429	0.000064
410	430	0.000008
411	425	0.999683
412	424	0.999774
413	420	0.000001
413	423	0.999739
414	419	0.000006
414	422	0.999502
414	425	0.000008
415	420	0.000569
415	421	0.990051
415	423	0.000002
415	424	0.000008
415	426	0.000021
416	422	0.000021
416	425	0.000036
417	421	0.000025
417	424	0.000035
417	430	0.000081
418	423	0.000020
418	429	0.000107
419	424	0.000001
419	428	0.000110
420	425	0.000002
422	428	0.000004
484	490	0.000002
484	495	0.000006
484	621	0.000002
485	492	0.000071
485	493	0.000005
485	494	0.000038
485	497	0.000014
485	613	0.000003
485	614	0.000001
485	615	0.000006
485	618	0.000113
485	619	0.000020
485	620	0.000004
486	491	0.000078
486	616	0.000192
487	495	0.000003
487	496	0.006159
487	612	0.000005
487	617	0.000077
488	495	0.007420
488	610	0.000001
488	611	0.000003
488	617	0.008478
489	616	0.010520
490	616	0.001707
491	495	0.000036
491	496	0.000131
491	610	0.000002
491	611	0.000193
491	612	0.654324
491	617	0.000016
492	609	0.000005
492	610	0.000474
492	611	0.780923
492	617	0.000028
493	498	0.000001
493	609	0.000393
493	610	0.780813
493	611	0.041165
493	617	0.000014
494	609	0.656496
494	610	0.041466
494	611	0.002903
494	617	0.000009
495	608	0.124083
495	613	0.000223
495	614	0.000021
495	615	0.000014
495	616	0.000004
495	618	0.000002
495	619	0.000003
495	625	0.000006
496	616	0.000002
496	624	0.000007
497	606	0.000005
497	609	0.325175
497	610	0.000052
497	611	0.000003
497	623	0.000007
498	605	0.000002
498	607	0.000520
498	608	0.874871
499	607	0.999271
499	608	0.000003
500	606	0.999972
501	605	0.999509
502	604	0.999980
503	603	0.999991
504	602	0.999977
505	601	0.999511
506	600	0.999980
507	599	0.999980
508	598	0.999698
509	596	0.000004
509	597	0.999957
510	595	0.000004
510	596	0.998153
511	595	0.998845
512	594	0.999954
513	593	0.999403
513	594	0.000002
514	518	0.000002
514	592	0.997101
515	590	0.000020
515	591	0.997222
515	596	0.000002
516	520	0.000004
516	521	0.000022
516	523	0.000004
516	524	0.000016
516	527	0.000071
516	535	0.000698
517	522	0.000004
517	526	0.000070
517	534	0.000700
517	589	0.991008
517	590	0.000059
517	591	0.000002
517	594	0.000026
518	533	0.000701
518	588	0.994409
518	590	0.000042
518	591	0.000002
518	593	0.000523
519	523	0.000032
519	532	0.000701
519	587	0.967735
519	592	0.002064
520	528	0.000040
520	529	0.000224
520	530	0.000002
520	531	0.000701
520	588	0.000007
520	590	0.000050
520	591	0.002501
521	528	0.000395
521	529	0.000002
521	530	0.000700
521	533	0.000005
521	588	0.000227
521	590	0.002751
521	591	0.000003
522	532	0.000005
522	587	0.000470
522	592	0.000002
523	528	0.000011
523	529	0.000011
523	531	0.000005
523	588	0.000003
523	589	0.003022
523	590	0.000002
523	591	0.000002
524	528	0.000009
524	530	0.000005
524	588	0.003267
524	590	0.000013
524	591	0.000002
525	587	0.002985
526	587	0.002521
527	588	0.001026
528	584	0.000035
528	585	0.002064
528	586	0.987067
528	587	0.004785
529	583	0.000035
529	584	0.002087
529	585	0.988136
529	586	0.008772
529	587	0.000004
530	582	0.000035
530	583	0.002102
530	584	0.988234
530	585	0.008866
530	586	0.000028
531	581	0.000033
531	582	0.002085
531	583	0.987946
531	584	0.008841
531	585	0.000028
533	579	0.000001
533	580	0.000330
533	581	0.006764
533	582	0.978840
533	583	0.001078
533	584	0.000002
534	579	0.000136
534	580	0.005405
534	581	0.960279
536	579	0.007333
536	580	0.885148
536	581	0.000061
537	578	0.003911
537	579	0.983828
537	580	0.000206
538	578	0.996038
538	579	0.000005
539	576	0.000138
539	577	0.999809
540	574	0.000002
540	576	0.997688
540	577	0.000015
541	573	0.000002
541	575	0.995749
542	572	0.000002
542	573	0.000090
542	575	0.002289
544	572	0.000120
544	573	0.998001
545	569	0.000002
545	572	0.999863
546	571	0.999978
547	567	0.000177
547	568	0.000003
547	570	0.999304
548	566	0.000358
548	569	0.999243
549	567	0.045718
549	568	0.837797
550	565	0.948114
550	566	0.045997
551	564	0.999344
552	563	0.999469
552	565	0.000170
552	566	0.000010
553	562	0.999202
554	560	0.000010
554	561	0.998757
554	563	0.000467
555	559	0.000509
555	560	0.873523
555	562	0.000477
556	560	0.000117
556	561	0.000489
557	561	0.000002
580	589	0.000003
580	590	0.000068
581	588	0.000003
581	589	0.000145
581	590	0.000001
582	588	0.000152
582	590	0.000013
582	591	0.000003
583	588	0.000014
583	590	0.000023
583	591	0.000003
584	588	0.000008
584	590	0.000014
584	591	0.000004
585	590	0.000017
585	591	0.000001
586	590	0.000005
608	617	0.000004
609	613	0.000001
609	614	0.000012
609	615	0.000521
609	616	0.000105
609	618	0.000068
609	619	0.005444
609	620	0.006162
610	614	0.000577
610	615	0.000704
610	616	0.000740
610	618	0.006717
610	619	0.141019
610	620	0.000782
610	626	0.000001
611	615	0.000789
611	616	0.000078
611	618	0.140962
611	619	0.001137
611	620	0.000008
611	625	0.000002
612	616	0.002542
612	624	0.000002
613	617	0.011785
613	623	0.000003
614	623	0.000001
615	623	0.000005
616	621	0.000001
617	624	0.000012
618	623	0.000013
708	720	0.000001
709	718	0.000001
709	719	0.000001
710	717	0.000001
711	721	0.000019
711	802	0.000017
712	720	0.000023
712	801	0.000020
713	737	0.000001
713	800	0.000020
714	721	0.000037
714	736	0.000002
714	802	0.000082
714	803	0.000002
714	832	0.000004
715	720	0.000044
715	735	0.000002
715	801	0.000092
715	831	0.000007
716	720	0.000002
716	734	0.000002
716	801	0.000090
716	830	0.000007
717	747	0.000006
717	801	0.000003
717	829	0.000006
718	732	0.000001
718	799	0.000546
718	800	0.000005
718	824	0.000001
719	731	0.000002
719	743	0.000002
719	745	0.000254
719	798	0.000706
719	799	0.000003
719	823	0.000001
720	730	0.000002
720	740	0.000310
720	744	0.000285
720	746	0.000018
720	797	0.000727
720	822	0.000001
720	836	0.000002
721	729	0.000002
721	743	0.000280
721	745	0.000018
721	796	0.000726
721	835	0.000004
721	836	0.000002
722	739	0.001133
722	795	0.000720
723	738	0.002098
723	794	0.000641
723	834	0.000467
724	737	0.002553
724	738	0.000035
724	740	0.000003
724	793	0.000593
724	833	0.000490
725	736	0.003063
725	739	0.000002
725	792	0.000052
725	832	0.000490
726	735	0.003170
726	739	0.000002
726	791	0.000034
726	831	0.000490
727	734	0.003164
727	735	0.000001
727	790	0.000032
727	830	0.000490
728	734	0.000001
728	736	0.000004
728	789	0.000027
728	829	0.000490
729	735	0.000007
729	736	0.000168
729	786	0.000016
729	802	0.000004
729	828	0.000496
729	831	0.000006
730	734	0.000035
730	735	0.000344
730	739	0.000018
730	785	0.000017
730	795	0.000002
730	801	0.000007
730	827	0.000498
730	830	0.000082
731	735	0.000049
731	736	0.000080
731	739	0.000029
731	741	0.000839
731	742	0.002601
731	747	0.001729
731	784	0.000017
731	786	0.000003
731	795	0.000008
731	801	0.000015
731	802	0.000039
731	803	0.004091
731	811	0.000042
731	812	0.000304
731	815	0.000003
731	821	0.000006
731	825	0.000013
731	827	0.000007
731	828	0.000080
731	829	0.001296
731	847	0.000002
732	736	0.000036
732	739	0.000080
732	741	0.003365
732	742	0.000285
732	747	0.030709
732	785	0.000003
732	795	0.000012
732	801	0.000038
732	802	0.005772
732	803	0.000003
732	811	0.000380
732	812	0.000076
732	821	0.000010
732	825	0.000034
732	827	0.000064
732	828	0.005607
732	829	0.000002
732	846	0.000003
733	739	0.009177
733	782	0.000017
733	784	0.000003
733	792	0.000001
733	795	0.054536
733	801	0.005964
733	815	0.000143
733	827	0.006044
733	830	0.000001
733	845	0.000003
734	738	0.008597
734	740	0.012178
734	743	0.000230
734	744	0.002882
734	745	0.587162
734	746	0.082466
734	748	0.000097
734	749	0.000017
734	750	0.000003
734	781	0.000017
734	783	0.000003
734	788	0.000005
734	793	0.000049
734	794	0.059439
734	796	0.000002
734	797	0.000169
734	798	0.017595
734	799	0.000064
734	800	0.004583
734	804	0.000194
734	805	0.001377
734	806	0.000018
734	807	0.000266
734	808	0.000193
734	809	0.002678
734	810	0.001958
734	813	0.000014
734	814	0.000142
734	818	0.000105
734	819	0.000128
734	820	0.000004
734	822	0.000076
734	823	0.000094
734	824	0.000007
734	826	0.001162
734	834	0.000072
734	835	0.000003
734	844	0.000003
734	850	0.000001
735	740	0.002739
735	743	0.001576
735	744	0.749342
735	745	0.003251
735	746	0.029683
735	748	0.000019
735	749	0.000004
735	780	0.000017
735	787	0.000005
735	793	0.058721
735	794	0.000011
735	796	0.000102
735	797	0.020739
735	798	0.000028
735	799	0.004128
735	800	0.000069
735	804	0.001583
735	805	0.000018
735	806	0.000411
735	807	0.000320
735	808	0.002669
735	809	0.002166
735	813	0.000139
735	817	0.000104
735	818	0.000147
735	819	0.000002
735	820	0.000014
735	822	0.000103
735	823	0.000006
735	824	0.000061
735	833	0.000071
735	834	0.000004
735	843	0.000003
735	849	0.000001
736	743	0.730868
736	745	0.029086
736	796	0.020559
736	798	0.003947
736	799	0.000084
736	800	0.000007
736	805	0.000428
736	806	0.000364
736	807	0.002607
736	808	0.002115
736	810	0.000001
736	816	0.000102
736	817	0.000137
736	819	0.000013
736	820	0.000004
736	823	0.000061
736	824	0.000035
736	826	0.000007
736	836	0.000003
736	842	0.000003
736	848	0.000001
737	741	0.000774
737	742	0.610481
737	747	0.000047
737	778	0.000001
737	785	0.000004
737	792	0.000020
737	795	0.012206
737	802	0.003028
737	803	0.000027
737	811	0.000013
737	812	0.000003
737	815	0.000086
737	821	0.000003
737	825	0.000007
737	828	0.000475
737	831	0.000002
737	832	0.000008
737	841	0.000003
737	847	0.000001
738	784	0.000005
738	791	0.000002
738	792	0.000006
738	795	0.011012
738	801	0.003245
738	815	0.000072
738	827	0.000542
738	830	0.000005
738	831	0.000008
738	832	0.000002
738	846	0.000001
739	743	0.000084
739	744	0.001744
739	745	0.000102
739	746	0.002507
739	748	0.000038
739	756	0.000013
739	777	0.000003
739	783	0.000005
739	793	0.008791
739	794	0.011118
739	796	0.000498
739	797	0.000104
739	798	0.000004
739	799	0.000011
739	800	0.002771
739	804	0.000554
739	805	0.000091
739	806	0.000008
739	807	0.000003
739	808	0.000003
739	809	0.000029
739	810	0.000001
739	813	0.000038
739	814	0.000052
739	816	0.000093
739	819	0.000001
739	820	0.000003
739	822	0.000058
739	823	0.000002
739	826	0.000307
739	833	0.000167
739	834	0.000004
739	840	0.000002
740	755	0.000013
740	776	0.000003
740	782	0.000005
740	792	0.004864
740	795	0.000531
740	801	0.013193
740	815	0.000101
740	827	0.000118
740	830	0.000004
740	831	0.000001
740	832	0.000166
740	839	0.000002
741	745	0.000113
741	754	0.000007
741	775	0.000002
741	796	0.000052
741	798	0.000336
741	799	0.001061
741	800	0.013782
741	805	0.000001
741	806	0.000037
741	807	0.000015
741	808	0.000006
741	814	0.000087
741	819	0.000005
741	820	0.000019
741	823	0.000002
741	824	0.000085
741	826	0.000096
742	754	0.000006
742	796	0.000364
742	798	0.001031
742	799	0.013153
742	800	0.000088
742	805	0.000045
742	806	0.000016
742	807	0.000006
742	819	0.000017
742	820	0.000001
742	823	0.000070
742	824	0.000003
742	826	0.000007
743	747	0.000064
743	753	0.000012
743	772	0.000001
743	792	0.000003
743	795	0.000355
743	802	0.000051
743	803	0.000005
743	812	0.000002
743	825	0.000007
743	828	0.000170
743	829	0.000029
743	830	0.000004
743	831	0.000020
743	832	0.000001
744	752	0.000012
744	771	0.000002
744	792	0.000006
744	795	0.001396
744	801	0.000056
744	827	0.000193
744	830	0.000032
744	831	0.000002
744	832	0.000010
744	839	0.000002
745	770	0.000002
745	792	0.000002
745	795	0.001711
745	802	0.000931
745	803	0.000002
745	821	0.000001
745	825	0.000003
745	827	0.000001
745	828	0.002783
745	829	0.000019
745	830	0.000002
745	831	0.000011
745	838	0.000002
746	755	0.000001
746	769	0.000002
746	792	0.000024
746	795	0.022356
746	801	0.001195
746	815	0.000018
746	827	0.003978
746	830	0.000011
746	837	0.000002
747	754	0.000001
747	796	0.000346
747	798	0.000071
747	799	0.000035
747	800	0.001198
747	814	0.000015
747	819	0.000004
747	820	0.000005
747	823	0.000005
747	824	0.000011
747	826	0.003009
747	836	0.000002
748	753	0.000001
748	785	0.000006
748	791	0.000073
748	792	0.985399
748	795	0.000110
749	784	0.000006
749	785	0.000002
749	790	0.000038
749	791	0.999232
749	792	0.000014
750	782	0.000007
750	784	0.000002
750	790	0.999841
750	791	0.000008
751	789	0.999457
751	790	0.000002
752	762	0.000001
752	765	0.000001
752	780	0.000017
752	788	0.999936
753	761	0.000001
753	764	0.000001
753	779	0.000017
753	787	0.999914
753	788	0.000002
754	760	0.000001
754	778	0.000017
754	784	0.000047
754	785	0.000005
754	786	0.993352
755	759	0.000001
755	761	0.000046
755	777	0.000017
755	779	0.000001
755	780	0.000003
755	781	0.000001
755	783	0.000245
755	787	0.000008
756	760	0.000046
756	770	0.000002
756	771	0.000001
756	776	0.000017
756	782	0.000242
756	784	0.005037
756	785	0.992439
757	769	0.000002
757	770	0.000001
757	782	0.003968
757	784	0.994483
757	785	0.000004
758	768	0.000002
758	774	0.000006
758	775	0.000002
758	777	0.001718
758	779	0.000205
758	780	0.000025
758	781	0.003313
758	783	0.994491
759	769	0.000001
759	776	0.001999
759	782	0.992612
759	784	0.000007
760	764	0.000043
760	765	0.000156
760	766	0.000007
760	767	0.000012
760	768	0.000069
760	774	0.004743
760	775	0.003538
760	777	0.485571
760	779	0.000413
760	780	0.001505
760	781	0.490183
760	783	0.000016
761	769	0.000022
761	770	0.000102
761	771	0.000217
761	776	0.578789
761	782	0.000017
762	769	0.000092
762	770	0.000198
762	771	0.000056
762	772	0.013756
762	773	0.714414
762	776	0.000909
762	778	0.002825
763	769	0.000144
763	770	0.000076
763	771	0.014412
763	772	0.922075
763	773	0.001343
763	776	0.000064
763	778	0.001156
763	786	0.000005
764	769	0.000108
764	770	0.014864
764	771	0.932881
764	776	0.000120
764	785	0.000010
765	769	0.014779
765	770	0.931384
765	771	0.000104
765	776	0.001435
765	784	0.000010
765	785	0.000005
766	770	0.000093
766	771	0.000003
766	772	0.000020
766	773	0.000042
766	776	0.000039
766	778	0.000184
766	784	0.000005
767	771	0.000017
767	772	0.000038
767	773	0.000020
767	776	0.000046
767	778	0.000038
768	776	0.002065
768	782	0.001193
769	774	0.000735
769	775	0.002076
769	777	0.000021
769	779	0.000033
769	780	0.036753
769	781	0.007355
770	774	0.001993
770	775	0.000005
770	777	0.000116
770	779	0.036791
770	780	0.008748
770	781	0.000124
771	775	0.000007
771	777	0.001643
771	779	0.008714
771	780	0.000160
774	785	0.000073
775	784	0.000074
776	780	0.000440
776	781	0.000297
776	783	0.000103
777	782	0.000105
779	785	0.000008
780	784	0.000008
780	785	0.000001
788	837	0.000002
789	835	0.000001
789	836	0.000007
790	834	0.000002
790	835	0.000045
791	797	0.000001
791	798	0.000001
791	833	0.000003
791	834	0.000568
792	796	0.000002
792	797	0.000028
792	798	0.000003
792	799	0.000006
792	800	0.000002
792	804	0.000001
792	816	0.000063
792	822	0.000002
792	824	0.000003
792	826	0.000003
792	833	0.001076
792	834	0.000002
793	801	0.000173
793	815	0.000635
793	827	0.005181
793	830	0.000004
793	831	0.000542
793	832	0.001336
794	801	0.007371
794	815	0.000671
794	827	0.215556
794	830	0.000554
794	831	0.001322
794	832	0.000014
795	799	0.000174
795	800	0.007469
795	804	0.006186
795	805	0.000006
795	806	0.000011
795	807	0.000009
795	808	0.000006
795	809	0.000109
795	810	0.000003
795	813	0.003342
795	814	0.000485
795	816	0.000016
795	817	0.000005
795	818	0.000050
795	819	0.000047
795	820	0.000025
795	822	0.092404
795	823	0.000547
795	824	0.004082
795	826	0.215879
795	833	0.006690
795	834	0.000033
796	801	0.000019
796	802	0.001515
796	803	0.005325
796	811	0.000005
796	812	0.003100
796	815	0.000022
796	821	0.086610
796	825	0.205393
796	827	0.000033
796	828	0.007327
796	829	0.000334
796	830	0.000002
796	831	0.000171
796	832	0.006687
797	801	0.002039
797	815	0.000203
797	827	0.008481
797	830	0.000824
797	831	0.006670
797	832	0.000009
798	802	0.000029
798	803	0.000019
798	811	0.000289
798	812	0.002115
798	815	0.000014
798	821	0.147752
798	825	0.000602
798	827	0.000073
798	828	0.000093
798	829	0.000944
798	830	0.006566
798	831	0.000009
799	803	0.000009
799	811	0.002080
799	812	0.001327
799	815	0.000004
799	821	0.005454
799	825	0.000186
799	827	0.000086
799	828	0.001222
799	829	0.006296
799	830	0.000011
800	811	0.001760
800	812	0.000042
800	815	0.000004
800	821	0.002026
800	825	0.000212
800	827	0.001246
800	828	0.005990
800	829	0.000014
801	805	0.000007
801	806	0.000031
801	807	0.000163
801	808	0.000272
801	809	0.017586
801	810	0.000887
801	813	0.000054
801	814	0.000005
801	816	0.000004
801	817	0.000028
801	818	0.913709
801	819	0.000085
801	820	0.000407
801	822	0.000076
801	823	0.000009
801	824	0.000108
801	826	0.000015
801	833	0.000081
801	834	0.000263
801	835	0.000009
801	836	0.000008
802	806	0.000133
802	807	0.000300
802	808	0.017225
802	810	0.000039
802	814	0.000016
802	816	0.000026
802	817	0.917385
802	819	0.000290
802	820	0.000024
802	823	0.000095
802	824	0.000014
802	826	0.000250
802	835	0.000015
802	836	0.000014
803	807	0.010019
803	808	0.000060
803	810	0.000057
803	814	0.000042
803	816	0.919495
803	817	0.000008
803	819	0.000018
803	820	0.000004
803	823	0.000013
803	824	0.000004
803	826	0.000002
803	835	0.000016
803	836	0.000001
804	815	0.919677
804	827	0.000055
804	830	0.000165
804	831	0.000539
804	832	0.005205
805	811	0.001245
805	812	0.012492
805	815	0.000107
805	821	0.000007
805	825	0.000007
805	827	0.000004
805	828	0.000042
805	829	0.000185
805	830	0.000526
805	831	0.005269
806	811	0.015541
806	812	0.013257
806	815	0.000135
806	821	0.000006
806	825	0.000016
806	827	0.000045
806	828	0.000256
806	829	0.000595
806	830	0.005374
807	811	0.009786
807	812	0.033376
807	815	0.000042
807	821	0.000008
807	825	0.000005
807	827	0.000255
807	828	0.000872
807	829	0.007013
807	832	0.000002
808	812	0.000596
808	815	0.000022
808	821	0.000002
808	825	0.000005
808	827	0.000805
808	828	0.012655
808	829	0.000003
808	831	0.000003
808	832	0.000002
808	838	0.000002
808	847	0.000001
809	815	0.001035
809	827	0.013260
809	830	0.000006
809	831	0.000004
809	837	0.000002
809	846	0.000001
810	815	0.000040
810	821	0.000636
810	825	0.006197
810	827	0.000285
810	828	0.000038
810	829	0.000006
810	830	0.000004
810	845	0.000001
811	816	0.000027
811	817	0.000038
811	819	0.000008
811	820	0.000718
811	823	0.000015
811	824	0.006478
811	826	0.000540
811	835	0.000022
811	836	0.000034
811	844	0.000001
812	816	0.000035
812	817	0.000013
812	819	0.000557
812	820	0.000008
812	823	0.005391
812	824	0.000238
812	826	0.000028
812	835	0.000054
812	836	0.000043
813	827	0.000210
813	830	0.000023
813	831	0.000068
813	832	0.008424
814	821	0.003459
814	825	0.000327
814	827	0.000326
814	828	0.000026
814	829	0.000022
814	830	0.000060
814	831	0.008475
814	841	0.000001
815	819	0.000011
815	820	0.003417
815	822	0.014636
815	823	0.000012
815	824	0.000374
815	826	0.000754
815	833	0.006614
815	834	0.000043
815	840	0.000002
816	821	0.013955
816	825	0.000789
816	827	0.000009
816	828	0.000065
816	829	0.012714
816	832	0.006666
816	839	0.000002
817	821	0.000011
817	825	0.000006
817	827	0.000036
817	828	0.034205
817	829	0.000004
817	831	0.006668
817	832	0.000043
817	838	0.000002
818	827	0.036976
818	830	0.006785
818	831	0.000074
818	837	0.000002
819	825	0.001579
819	827	0.001113
819	828	0.033717
819	829	0.007330
819	830	0.000091
819	831	0.000001
819	832	0.000002
820	825	0.001056
820	827	0.036903
820	828	0.009139
820	829	0.000315
820	830	0.000002
820	831	0.000002
820	832	0.000003
821	826	0.027291
822	827	0.050803
822	830	0.000686
822	831	0.000322
822	832	0.000085
823	827	0.000405
823	828	0.000898
823	829	0.000835
823	830	0.000323
823	831	0.000085
823	832	0.000002
824	828	0.000977
824	829	0.000343
824	830	0.000075
824	831	0.000002
827	833	0.000003
827	834	0.000013
827	836	0.000001
828	835	0.000002
828	836	0.000021
829	835	0.000032
830	834	0.000032
830	835	0.000001
845	854	0.000003
846	853	0.000003
847	858	0.000003
848	857	0.000003
848	882	0.000002
849	856	0.000002
849	881	0.000002
849	882	0.000004
850	879	0.000005
851	857	0.000001
851	860	0.000002
851	866	0.000003
851	876	0.000143
851	881	0.004615
851	882	0.000003
852	858	0.000001
852	865	0.000008
852	873	0.000003
852	874	0.000006
852	875	0.000369
852	877	0.000009
852	878	0.000004
852	880	0.010177
853	879	0.011117
854	879	0.002508
855	859	0.000057
855	860	0.000203
855	861	0.000165
855	862	0.000266
855	863	0.000099
855	864	0.000138
855	866	0.000024
855	870	0.003665
855	876	0.000620
855	879	0.052415
855	881	0.000126
855	882	0.000021
856	867	0.000019
856	868	0.001163
856	869	0.004208
856	871	0.000188
856	872	0.323265
856	873	0.001971
856	874	0.000706
856	877	0.000480
856	878	0.072412
857	867	0.001526
857	868	0.004056
857	869	0.000177
857	871	0.426213
857	872	0.001601
857	873	0.000622
857	874	0.000178
857	877	0.076178
857	878	0.000472
858	862	0.000051
858	863	0.000190
858	864	0.000120
858	866	0.001512
858	870	0.442252
858	876	0.071192
858	879	0.001345
858	881	0.000024
858	882	0.000008
859	867	0.000076
859	868	0.001045
859	869	0.442224
859	871	0.000165
859	872	0.000477
859	873	0.001799
859	874	0.036442
859	877	0.000068
859	878	0.001685
860	867	0.001284
860	868	0.432033
860	869	0.006826
860	871	0.000524
860	872	0.002142
860	873	0.040003
860	874	0.042861
860	877	0.001448
860	878	0.000251
861	867	0.361050
861	868	0.008496
861	869	0.002674
861	871	0.001884
861	872	0.040329
861	873	0.047769
861	874	0.016958
861	877	0.000214
861	878	0.000193
862	867	0.006970
862	868	0.003071
862	869	0.002203
862	871	0.038037
862	872	0.046831
862	873	0.020665
862	874	0.001575
862	877	0.000169
862	878	0.000191
863	867	0.001957
863	868	0.002044
863	869	0.002027
863	871	0.040117
863	872	0.021434
863	873	0.001811
863	874	0.000856
863	877	0.000171
863	878	0.000157
864	868	0.001376
864	869	0.002089
864	871	0.015907
864	872	0.001569
864	873	0.000929
864	874	0.000062
864	877	0.000135
864	878	0.000035
865	879	0.012699
866	871	0.000152
866	872	0.000436
866	873	0.000608
866	874	0.000235
866	877	0.000607
866	878	0.012204
867	876	0.000806
867	879	0.000049
867	881	0.000084
867	882	0.000089
868	876	0.000803
868	879	0.000091
868	881	0.000140
868	882	0.000063
869	876	0.000316
869	879	0.001359
869	881	0.000101
869	882	0.000012
870	874	0.000121
870	877	0.000527
870	878	0.001613
871	876	0.000507
871	879	0.000152
871	881	0.000047
871	882	0.000236
872	876	0.000104
872	879	0.000502
872	881	0.000421
872	882	0.000147
873	879	0.000505
873	881	0.000301
873	882	0.000525
874	879	0.000151
874	881	0.000804
874	882	0.000042
875	879	0.000449
877	881	0.000099
877	882	0.000099
878	882	0.000038
