1	7	0.000054
1	8	0.000046
1	9	0.000011
1	12	0.000003
1	13	0.000002
1	15	0.000014
1	41	0.350904
1	67	0.000003
1	562	0.000038
1	856	0.000030
1	860	0.225277
1	863	0.000021
1	872	0.000005
1	873	0.000009
1	874	0.000038
1	876	0.000005
1	877	0.000015
1	878	0.000042
1	879	0.000144
1	882	0.000116
1	883	0.000325
2	7	0.000160
2	8	0.000034
2	9	0.000006
2	11	0.000004
2	12	0.000003
2	14	0.000017
2	15	0.000005
2	30	0.000052
2	39	0.000278
2	40	0.464082
2	41	0.002765
2	42	0.008314
2	46	0.000090
2	62	0.000002
2	66	0.000003
2	561	0.000043
2	855	0.000043
2	856	0.000012
2	858	0.000246
2	859	0.254992
2	860	0.002392
2	863	0.000007
2	870	0.000326
2	872	0.000009
2	873	0.000037
2	874	0.000105
2	876	0.000011
2	877	0.000041
2	878	0.000243
2	879	0.000215
2	880	0.016391
2	882	0.000290
2	883	0.000046
2	885	0.003191
3	7	0.000031
3	8	0.000023
3	9	0.000010
3	11	0.000003
3	13	0.000016
3	14	0.000007
3	29	0.000052
3	39	0.464184
3	40	0.003406
3	41	0.006719
3	42	0.076281
3	46	0.000006
3	61	0.000002
3	65	0.000003
3	560	0.000043
3	854	0.000039
3	855	0.000019
3	858	0.252710
3	859	0.002562
3	860	0.000018
3	863	0.000003
3	870	0.000086
3	872	0.000014
3	873	0.000120
3	874	0.000056
3	876	0.000011
3	877	0.000209
3	878	0.000272
3	879	0.014867
3	880	0.006719
3	882	0.000023
3	883	0.000193
3	885	0.003640
4	8	0.000048
4	9	0.000030
4	12	0.000016
4	13	0.000007
4	28	0.000052
4	41	0.073421
4	60	0.000002
4	559	0.000036
4	853	0.000031
4	854	0.000017
4	856	0.000008
4	860	0.000012
4	863	0.000005
4	872	0.000102
4	873	0.000050
4	874	0.000008
4	876	0.000156
4	877	0.000206
4	878	0.012514
4	879	0.005758
4	882	0.000176
4	883	0.001424
5	10	0.000012
5	27	0.000053
5	59	0.000002
5	557	0.000002
5	857	0.003288
5	884	0.005989
6	26	0.000052
6	41	0.000754
6	58	0.000002
6	853	0.000003
6	856	0.001350
6	860	0.000008
6	863	0.000046
6	872	0.000022
6	873	0.000005
6	874	0.000019
6	876	0.000638
6	877	0.000193
6	878	0.000082
6	879	0.000023
6	882	0.000292
6	883	0.004847
7	25	0.000049
7	37	0.000114
7	38	0.008802
7	43	0.000212
7	44	0.000217
7	45	0.000100
7	57	0.000002
7	852	0.000004
7	861	0.000003
7	862	0.000048
7	864	0.000003
7	865	0.000009
7	866	0.000013
7	867	0.000015
7	868	0.000015
7	869	0.000021
7	871	0.000022
7	875	0.000565
7	881	0.000313
7	884	0.000011
7	886	0.000020
7	887	0.000022
8	22	0.000025
8	37	0.004786
8	38	0.818131
8	43	0.000143
8	44	0.000084
8	45	0.000011
8	861	0.000025
8	862	0.000002
8	864	0.000005
8	865	0.000012
8	866	0.000014
8	867	0.000014
8	868	0.000019
8	869	0.000003
8	871	0.000002
8	875	0.000008
8	881	0.000157
8	884	0.000004
8	886	0.000020
8	887	0.000044
9	19	0.000003
9	21	0.000030
9	37	0.971714
9	38	0.000279
9	43	0.000027
9	44	0.000004
9	861	0.000001
9	864	0.000005
9	865	0.000008
9	866	0.000008
9	867	0.000011
9	868	0.000002
9	881	0.000003
9	886	0.000076
10	18	0.000003
10	20	0.000031
10	23	0.000002
10	36	0.999705
10	42	0.000007
10	885	0.000079
11	16	0.000006
11	35	0.999744
11	884	0.000078
12	19	0.000002
12	31	0.000004
12	34	0.991684
12	35	0.000003
12	38	0.000001
13	31	0.000121
13	34	0.000106
13	37	0.000001
14	35	0.000005
15	31	0.914144
15	34	0.000006
15	881	0.000004
16	28	0.000021
16	29	0.077107
16	30	0.917157
16	32	0.000048
16	33	0.000004
16	880	0.000005
17	26	0.000064
17	28	0.533652
17	29	0.462633
17	879	0.000003
18	25	0.000136
18	27	0.988330
19	24	0.000099
19	26	0.987382
19	28	0.010478
20	25	0.983866
20	27	0.010729
21	26	0.008118
21	28	0.000001
21	29	0.000003
22	26	0.000008
22	28	0.000017
23	27	0.000017
27	36	0.000001
28	35	0.000001
33	886	0.000001
34	41	0.000004
35	40	0.000004
35	42	0.000001
35	885	0.000105
36	884	0.000105
37	41	0.000005
37	883	0.000101
38	863	0.000006
38	878	0.000002
38	879	0.000001
38	882	0.000071
38	883	0.000002
39	48	0.000017
39	69	0.000015
39	72	0.000049
39	857	0.000004
39	884	0.000040
40	48	0.000174
40	68	0.000015
40	69	0.000002
40	71	0.000049
40	554	0.000002
40	844	0.000006
40	857	0.000003
40	884	0.000040
41	45	0.000145
41	47	0.000163
41	48	0.000002
41	49	0.000331
41	68	0.000002
41	69	0.000003
41	70	0.000049
41	553	0.000003
41	843	0.000007
41	857	0.000001
41	861	0.000321
41	862	0.000387
41	864	0.000047
41	865	0.000014
41	866	0.000004
41	867	0.000001
41	868	0.000001
41	875	0.000002
41	881	0.000012
41	884	0.000005
41	886	0.000207
41	887	0.000005
42	48	0.000402
42	68	0.000007
42	69	0.000048
42	552	0.000003
42	842	0.000007
42	857	0.000030
42	884	0.004612
43	67	0.000007
43	841	0.000007
43	853	0.000001
43	856	0.000016
43	860	0.011361
43	863	0.000055
43	872	0.000001
43	873	0.000007
43	874	0.000125
43	876	0.000002
43	877	0.000015
43	878	0.000120
43	879	0.000219
43	882	0.000017
43	883	0.004526
44	840	0.000006
44	856	0.000002
44	860	0.001893
44	863	0.000033
44	872	0.000007
44	873	0.000147
44	874	0.000034
44	876	0.000011
44	877	0.000129
44	878	0.000254
44	879	0.000095
44	882	0.003441
44	883	0.000172
45	856	0.000005
45	860	0.001185
45	863	0.000083
45	872	0.000145
45	873	0.000037
45	874	0.000008
45	876	0.000100
45	877	0.000156
45	878	0.000091
45	879	0.000025
45	882	0.000144
45	883	0.000031
46	68	0.000014
46	850	0.000018
46	857	0.974974
46	884	0.000051
47	67	0.000014
47	849	0.000018
47	854	0.000013
47	856	0.989890
47	860	0.000049
47	879	0.000004
47	883	0.000042
48	61	0.000067
48	62	0.000012
48	66	0.000013
48	848	0.000018
48	853	0.000017
48	854	0.000050
48	855	0.995574
48	858	0.000008
48	859	0.000054
48	878	0.000004
48	879	0.000001
48	880	0.000050
48	882	0.000016
48	885	0.000019
49	60	0.000092
49	61	0.000006
49	847	0.000015
49	853	0.000398
49	854	0.978290
49	856	0.000001
49	877	0.000003
49	878	0.000001
49	879	0.000043
50	59	0.000099
50	82	0.000003
50	850	0.000006
50	851	0.000014
50	857	0.000080
50	884	0.000029
51	58	0.000099
51	849	0.000006
51	853	0.014617
51	854	0.000013
51	856	0.000078
51	883	0.000023
52	57	0.000098
52	69	0.000479
52	81	0.000143
52	850	0.000056
52	851	0.996842
53	68	0.000484
53	80	0.000144
53	850	0.998097
53	851	0.000739
54	67	0.000476
54	79	0.000144
54	849	0.954284
55	78	0.000144
55	850	0.000004
56	65	0.000468
56	66	0.000018
56	75	0.000002
56	77	0.000142
56	847	0.000138
56	848	0.995314
56	849	0.000054
57	64	0.000469
57	65	0.000018
57	74	0.000004
57	76	0.000102
57	847	0.997457
57	848	0.000110
58	63	0.000411
58	73	0.000005
58	570	0.000001
58	846	0.998712
59	64	0.000009
59	74	0.000139
59	569	0.000002
59	845	0.999231
60	70	0.000002
60	71	0.000005
60	73	0.000139
60	568	0.000002
60	843	0.000004
60	844	0.997924
61	69	0.000028
61	70	0.000013
61	72	0.000138
61	85	0.000005
61	567	0.000003
61	842	0.000003
61	843	0.997379
61	844	0.000001
62	68	0.000057
62	69	0.000027
62	71	0.000138
62	84	0.000007
62	842	0.998163
63	67	0.000055
63	572	0.000042
63	840	0.003399
63	841	0.925333
64	68	0.001340
64	69	0.002131
64	71	0.000019
64	72	0.000393
64	81	0.000027
64	82	0.000303
64	563	0.000014
64	564	0.001801
64	571	0.000069
64	577	0.000010
64	836	0.000158
64	837	0.793751
64	842	0.000009
65	69	0.001110
65	71	0.000400
65	72	0.000886
65	80	0.000027
65	81	0.000321
65	82	0.000002
65	563	0.001813
65	564	0.002168
65	571	0.000010
65	576	0.000010
65	577	0.000006
65	835	0.000153
65	836	0.794840
65	837	0.005094
65	842	0.000008
65	844	0.000002
66	71	0.000892
66	72	0.000022
66	78	0.000001
66	80	0.000321
66	81	0.000002
66	563	0.002225
66	564	0.000265
66	571	0.000652
66	576	0.000006
66	577	0.000020
66	588	0.000028
66	832	0.000003
66	835	0.794550
66	836	0.005073
66	837	0.000033
66	842	0.000008
66	844	0.000349
67	71	0.000019
67	72	0.000004
67	73	0.000004
67	78	0.000195
67	80	0.000002
67	563	0.000259
67	564	0.000067
67	566	0.007119
67	567	0.000094
67	568	0.000021
67	570	0.000661
67	571	0.000001
67	574	0.000071
67	576	0.000062
67	577	0.000011
67	587	0.000029
67	827	0.000011
67	830	0.000173
67	832	0.000077
67	833	0.002629
67	834	0.740670
67	835	0.004136
67	836	0.000029
67	843	0.000481
67	881	0.000001
68	74	0.001106
68	75	0.000151
68	76	0.000002
68	77	0.000350
68	79	0.000002
68	560	0.000010
68	561	0.010531
68	562	0.000157
68	565	0.018668
68	569	0.000669
68	573	0.000144
68	575	0.000524
68	578	0.000154
68	579	0.000511
68	580	0.000018
68	581	0.000025
68	582	0.000004
68	586	0.000029
68	800	0.000001
68	826	0.000032
68	828	0.000068
68	829	0.000585
68	831	0.000583
68	838	0.000012
68	839	0.002254
68	840	0.004190
68	841	0.000081
68	880	0.000001
69	74	0.000246
69	75	0.000004
69	76	0.000342
69	77	0.000240
69	79	0.000002
69	559	0.000010
69	560	0.010634
69	561	0.000112
69	562	0.000855
69	565	0.001299
69	569	0.000076
69	572	0.000121
69	573	0.000056
69	575	0.000253
69	578	0.000599
69	579	0.000017
69	580	0.000143
69	581	0.000035
69	585	0.000029
69	799	0.000001
69	826	0.000004
69	828	0.000257
69	829	0.000265
69	831	0.003057
69	838	0.002252
69	839	0.004134
69	840	0.000183
69	841	0.012668
69	879	0.000001
70	75	0.000296
70	76	0.000234
70	79	0.000014
70	559	0.010511
70	562	0.770590
70	572	0.000033
70	579	0.000147
70	580	0.000062
70	798	0.000001
70	826	0.000019
70	828	0.000193
70	829	0.000932
70	831	0.005148
70	840	0.032697
70	841	0.000005
71	75	0.000108
71	76	0.000001
71	77	0.000011
71	83	0.000001
71	559	0.000016
71	560	0.000215
71	561	0.933871
71	562	0.000283
71	573	0.000001
71	575	0.000011
71	578	0.000134
71	579	0.000069
71	583	0.000020
71	584	0.000002
71	797	0.000001
71	828	0.000090
71	829	0.000070
71	831	0.000168
71	838	0.003991
71	839	0.033067
71	840	0.000013
72	76	0.000005
72	77	0.000021
72	83	0.000001
72	559	0.000176
72	560	0.936349
72	561	0.000378
72	565	0.000002
72	573	0.000026
72	575	0.000001
72	578	0.000070
72	582	0.000020
72	583	0.000002
72	796	0.000001
72	826	0.000003
72	828	0.000035
72	829	0.001205
72	831	0.000023
72	838	0.032962
72	839	0.000012
73	79	0.000007
73	559	0.924157
73	562	0.000001
73	572	0.000025
73	581	0.000018
73	795	0.000001
73	826	0.000016
73	828	0.001035
73	829	0.000053
73	831	0.000011
74	78	0.000007
74	80	0.000018
74	81	0.000088
74	82	0.000001
74	554	0.000003
74	556	0.000023
74	557	0.000958
74	563	0.000001
74	564	0.000001
74	571	0.000023
74	576	0.000004
74	577	0.000006
74	832	0.000001
74	835	0.039007
74	836	0.000442
74	837	0.000097
75	80	0.000084
75	81	0.000002
75	553	0.000002
75	554	0.000036
75	556	0.000293
75	557	0.000894
75	558	0.927339
75	570	0.000012
75	576	0.000003
75	793	0.000001
75	827	0.000005
75	833	0.000001
75	834	0.039323
75	835	0.000250
75	836	0.000071
76	85	0.000003
76	553	0.000055
76	556	0.000041
76	557	0.950021
76	558	0.000418
76	577	0.000013
76	792	0.000001
76	825	0.000004
76	833	0.039863
76	834	0.000124
76	835	0.000011
77	84	0.000005
77	552	0.000058
77	554	0.000106
77	556	0.957895
77	557	0.000243
77	576	0.000020
77	791	0.000001
77	824	0.000001
77	832	0.040020
78	83	0.000005
78	86	0.000001
78	551	0.000056
78	555	0.958648
78	575	0.000021
78	578	0.000007
78	790	0.000001
78	828	0.000003
78	831	0.039733
79	85	0.000001
79	550	0.000054
79	552	0.000133
79	553	0.000178
79	554	0.952113
79	556	0.000017
79	574	0.000021
79	577	0.000007
79	827	0.000005
79	830	0.039561
80	87	0.000006
80	549	0.000010
80	551	0.000505
80	555	0.000031
80	573	0.000020
80	579	0.000001
80	580	0.000004
80	788	0.000001
80	826	0.000006
80	828	0.000020
80	829	0.036955
81	86	0.000009
81	551	0.000330
81	555	0.000007
81	572	0.000012
81	573	0.000001
81	575	0.000007
81	578	0.000003
81	579	0.000020
81	787	0.000001
81	826	0.000023
81	828	0.020007
81	829	0.000043
82	547	0.000006
82	549	0.000628
82	551	0.991913
82	555	0.000010
82	572	0.000002
82	575	0.000022
82	578	0.000024
82	786	0.000001
82	826	0.000008
82	828	0.000003
82	885	0.000003
83	548	0.000633
83	550	0.990861
83	552	0.004046
83	554	0.000009
83	571	0.000003
83	576	0.000003
83	577	0.000024
83	785	0.000001
83	884	0.000003
84	547	0.000582
84	549	0.355099
84	551	0.004239
84	573	0.000204
84	575	0.000002
84	784	0.000001
84	826	0.000002
84	883	0.000002
85	547	0.000529
85	549	0.619879
85	572	0.000205
86	548	0.934768
86	550	0.000029
86	571	0.000205
87	548	0.000317
87	570	0.000193
88	545	0.000004
88	546	0.994304
88	547	0.000035
88	569	0.000106
89	545	0.999930
89	546	0.000020
90	544	0.999930
91	543	0.999930
91	565	0.000033
92	542	0.999958
92	564	0.000033
93	541	0.999943
93	563	0.000033
94	540	0.999438
94	562	0.000033
95	539	0.999348
95	540	0.000006
95	560	0.000001
95	561	0.000032
96	105	0.000001
96	559	0.000002
97	104	0.000001
97	537	0.000239
97	538	0.998884
97	557	0.000004
98	103	0.000001
98	533	0.000014
98	537	0.998907
98	538	0.000008
98	556	0.000004
99	116	0.000110
99	236	0.000009
99	532	0.000018
99	535	0.003841
99	536	0.925380
99	539	0.000069
99	555	0.000002
100	113	0.000037
100	114	0.993043
100	233	0.000001
100	531	0.000005
100	533	0.000089
100	538	0.000088
100	554	0.000001
101	113	0.999588
101	114	0.000027
101	533	0.000015
101	537	0.000088
102	111	0.001135
102	112	0.997223
102	532	0.000001
102	536	0.000087
103	110	0.001164
103	111	0.998699
103	112	0.000011
103	535	0.000085
103	536	0.000002
104	110	0.997665
104	111	0.000014
104	535	0.000003
105	109	0.809696
105	533	0.000028
105	534	0.000004
106	532	0.000061
107	113	0.000004
107	531	0.000058
107	533	0.000004
108	112	0.000003
108	532	0.000003
111	538	0.000001
112	537	0.000001
113	536	0.000002
114	164	0.000008
114	236	0.000024
114	535	0.000003
115	232	0.000001
115	235	0.000028
115	409	0.000002
115	532	0.000020
116	161	0.000010
116	162	0.995635
116	163	0.000120
116	531	0.000001
117	161	0.999867
117	162	0.000072
118	160	0.999502
119	159	0.999977
120	158	0.999979
121	156	0.000001
121	157	0.999033
122	156	0.999289
122	157	0.000001
123	155	0.999964
124	154	0.999511
125	153	0.999977
126	152	0.999984
127	150	0.000001
127	151	0.998859
128	150	0.998775
129	149	0.998652
130	148	0.911101
131	146	0.000002
131	147	0.649753
131	148	0.085284
132	146	0.387791
132	147	0.350045
133	139	0.000003
133	143	0.006217
133	146	0.611800
134	138	0.000003
134	140	0.000002
134	142	0.006271
134	145	0.866866
135	139	0.000002
135	143	0.007765
135	147	0.000026
136	143	0.976668
136	146	0.000034
137	142	0.986965
137	145	0.000042
138	143	0.000033
161	236	0.000005
162	232	0.000008
162	235	0.000011
162	236	0.000068
162	535	0.000002
162	536	0.000002
163	232	0.937489
163	235	0.000045
163	236	0.000278
163	532	0.000002
163	535	0.000012
164	231	0.997352
164	233	0.000020
164	531	0.000001
164	533	0.000002
165	175	0.000003
165	230	0.999902
165	232	0.000001
166	174	0.000003
166	229	0.999576
167	173	0.000003
167	228	0.999960
168	172	0.000002
168	226	0.000001
168	227	0.998837
169	226	0.998118
170	225	0.999470
171	212	0.000004
171	224	0.999945
171	535	0.000001
172	207	0.000014
172	211	0.000006
172	216	0.000008
172	219	0.000005
172	222	0.000001
172	223	0.999630
172	534	0.000001
173	206	0.000028
173	210	0.000013
173	211	0.000002
173	215	0.000014
173	218	0.000009
173	222	0.999211
173	533	0.000001
174	214	0.000021
174	220	0.002073
174	221	0.829781
174	532	0.000001
175	203	0.000002
175	204	0.006136
175	206	0.246250
175	210	0.001430
175	211	0.001734
175	215	0.002021
175	218	0.014941
175	222	0.000008
176	202	0.000001
176	203	0.004633
176	204	0.988969
176	206	0.000020
176	210	0.000881
176	211	0.000002
176	215	0.000004
176	218	0.000106
177	201	0.000001
177	202	0.003097
177	203	0.995226
177	204	0.000048
177	210	0.000001
177	218	0.000014
178	201	0.001561
178	202	0.996854
178	203	0.000033
179	199	0.000002
179	201	0.998397
179	202	0.000017
180	200	0.999448
181	198	0.000001
181	199	0.998115
182	198	0.998840
183	197	0.999964
184	196	0.999509
185	193	0.000002
185	195	0.999972
186	192	0.000006
186	194	0.999917
187	191	0.000024
187	193	0.991644
187	195	0.000007
188	192	0.980165
188	194	0.000008
189	193	0.000009
202	213	0.000002
202	214	0.000002
203	209	0.000006
203	212	0.000004
203	213	0.000040
203	214	0.000007
204	209	0.000136
204	212	0.000072
204	213	0.000127
204	214	0.000006
204	221	0.000006
205	214	0.438749
205	220	0.000629
205	221	0.000379
206	212	0.011263
206	213	0.459646
206	214	0.000346
206	220	0.000466
206	221	0.003805
206	236	0.000002
207	214	0.003497
207	220	0.007307
207	221	0.004211
207	235	0.000002
208	214	0.001126
208	220	0.005978
208	221	0.000105
209	215	0.033742
209	218	0.117010
209	222	0.000088
209	233	0.000001
210	214	0.013210
210	220	0.000839
210	221	0.000918
211	220	0.002119
211	221	0.000058
211	232	0.000002
212	218	0.013260
212	222	0.000002
212	231	0.000002
213	218	0.021521
213	222	0.000092
214	218	0.000516
214	219	0.006934
214	222	0.000003
214	229	0.000003
215	220	0.000422
215	221	0.001426
215	228	0.000003
216	220	0.001544
216	221	0.000903
216	227	0.000003
217	221	0.000210
217	226	0.000003
231	236	0.000171
231	412	0.000035
231	535	0.000024
232	237	0.000010
232	411	0.000041
232	533	0.000001
232	534	0.000027
233	238	0.000010
233	239	0.000018
233	409	0.000067
233	410	0.008692
233	412	0.000014
233	413	0.000004
233	532	0.000014
233	535	0.001337
233	536	0.000573
233	560	0.000001
234	238	0.000026
234	409	0.007496
234	532	0.000050
234	559	0.000001
235	408	0.002215
235	411	0.000040
235	531	0.000020
235	533	0.000005
235	534	0.006988
235	558	0.000001
236	407	0.000775
236	411	0.000085
236	531	0.000015
236	533	0.008039
237	409	0.819014
237	532	0.002948
238	407	0.000003
238	408	0.966593
238	531	0.000297
239	406	0.000025
239	407	0.998921
240	405	0.000022
240	406	0.999833
240	407	0.000117
241	404	0.000018
241	405	0.999834
241	406	0.000126
242	404	0.999794
242	405	0.000132
243	402	0.000014
243	403	0.991268
243	404	0.000132
245	402	0.898306
246	399	0.000014
246	401	0.898307
247	399	0.991400
248	398	0.999931
248	399	0.000020
249	397	0.999976
249	398	0.000014
250	396	0.999984
250	397	0.000007
251	395	0.999991
252	394	0.999977
253	393	0.999484
254	392	0.999545
255	385	0.000001
255	390	0.000016
255	391	0.139503
256	390	0.126732
256	391	0.860113
257	381	0.000002
257	390	0.870981
257	391	0.000005
258	380	0.000001
258	383	0.003693
258	384	0.115881
258	386	0.003915
258	387	0.015209
258	388	0.003286
258	389	0.840129
259	383	0.256803
259	384	0.001320
259	386	0.021439
259	387	0.005103
259	388	0.668693
259	389	0.000330
260	381	0.996116
261	380	0.999846
261	383	0.000003
261	384	0.000002
261	386	0.000065
262	379	0.999481
262	384	0.000002
263	378	0.999479
263	382	0.000003
264	377	0.999893
264	381	0.000003
265	376	0.987407
266	374	0.146818
266	376	0.000045
266	380	0.000007
267	376	0.000040
267	379	0.000006
268	371	0.925032
268	372	0.010413
268	373	0.005395
268	375	0.000051
268	378	0.000002
269	369	0.000109
269	370	0.999503
269	374	0.000014
270	368	0.000118
270	369	0.999800
270	370	0.000069
271	367	0.000125
271	368	0.999797
271	369	0.000064
272	367	0.999594
272	368	0.000058
273	363	0.000002
273	365	0.998903
274	362	0.000001
274	364	0.996494
275	364	0.000172
276	362	0.995678
276	364	0.000003
277	358	0.000002
277	360	0.000001
277	361	0.998089
277	363	0.000003
278	357	0.000003
278	360	0.998404
278	361	0.000234
278	363	0.000008
279	356	0.000002
279	359	0.976085
279	362	0.000007
280	355	0.000002
281	356	0.001274
281	359	0.011297
282	355	0.001003
283	355	0.000009
284	355	0.000012
284	356	0.997809
285	352	0.000045
285	355	0.998338
286	351	0.000032
286	353	0.000004
286	354	0.999216
287	350	0.000009
287	351	0.000003
287	353	0.998334
288	351	0.000597
288	353	0.000011
289	350	0.000024
289	351	0.725312
290	350	0.999294
290	351	0.000082
291	348	0.000001
291	349	0.998791
292	348	0.998873
292	349	0.000001
293	347	0.999974
294	346	0.999978
295	345	0.999571
296	344	0.999736
296	347	0.000002
297	302	0.000001
297	341	0.000020
297	344	0.000063
297	346	0.000002
298	340	0.000020
298	342	0.990608
298	343	0.000065
298	345	0.000003
299	339	0.000020
299	341	0.999459
299	344	0.000005
300	340	0.997871
300	343	0.000005
301	339	0.974904
302	306	0.000001
302	342	0.000002
302	343	0.000132
303	342	0.000131
303	343	0.000111
304	342	0.000111
304	343	0.000046
305	342	0.000046
306	338	0.997957
306	339	0.000016
306	341	0.000027
307	337	0.999448
307	340	0.000015
308	336	0.999974
308	339	0.000002
309	335	0.999958
309	338	0.000001
310	334	0.983005
312	331	0.000001
312	332	0.994313
312	333	0.000931
313	331	0.999385
314	330	0.999490
315	329	0.999963
316	328	0.999575
317	326	0.000011
317	327	0.999915
318	326	0.998639
318	327	0.000036
318	329	0.000002
319	328	0.000005
320	326	0.000214
320	327	0.000008
321	325	0.000664
321	326	0.000010
381	386	0.000159
381	387	0.000006
381	388	0.000021
381	389	0.000068
382	387	0.000208
382	388	0.000133
383	390	0.000010
383	391	0.000001
384	390	0.000001
386	390	0.000005
386	391	0.000002
406	536	0.000001
407	535	0.000007
408	532	0.001993
409	531	0.000126
409	533	0.000848
409	534	0.003035
410	531	0.915173
410	533	0.006001
411	425	0.000074
411	530	0.993946
411	532	0.004663
411	535	0.000128
412	424	0.000074
412	529	0.994187
412	531	0.002799
412	533	0.000459
413	423	0.000074
413	528	0.994037
413	529	0.000195
413	531	0.002874
413	533	0.000013
414	422	0.000074
414	527	0.988502
414	530	0.004746
414	532	0.000011
415	421	0.000073
415	426	0.000015
415	525	0.000102
415	526	0.767835
415	528	0.001111
415	529	0.004575
415	531	0.000012
416	425	0.000074
416	524	0.000082
416	527	0.005462
416	530	0.000017
417	424	0.000073
417	428	0.000009
417	525	0.001000
417	526	0.005349
417	528	0.000001
417	529	0.000017
418	423	0.000061
418	427	0.000028
418	525	0.005961
418	526	0.211666
418	528	0.000005
419	426	0.000032
419	522	0.000007
419	525	0.975460
419	526	0.000053
420	425	0.000033
420	521	0.000006
420	523	0.000006
420	524	0.999188
421	523	0.999246
422	522	0.998991
423	520	0.000009
423	521	0.999730
424	520	0.997729
424	521	0.000006
425	431	0.007727
425	518	0.000604
426	433	0.000043
426	517	0.000267
427	433	0.000133
427	517	0.000006
428	433	0.000016
428	434	0.000091
428	520	0.000082
428	524	0.000111
429	433	0.000083
429	523	0.000108
431	520	0.000935
431	521	0.000137
431	524	0.000008
432	523	0.000008
433	518	0.000002
433	519	0.985476
433	522	0.000002
434	516	0.000001
434	518	0.999208
435	517	0.999288
436	515	0.000019
436	516	0.999961
437	514	0.000034
437	515	0.999614
439	513	0.997039
439	514	0.000005
440	511	0.000070
440	512	0.999793
441	510	0.002212
441	511	0.965877
442	509	0.002221
443	509	0.987160
444	507	0.000004
444	508	0.998116
445	507	0.999974
446	506	0.999944
447	505	0.987589
448	502	0.000004
449	500	0.000009
449	503	0.997261
449	504	0.000931
450	499	0.000009
450	502	0.999967
451	498	0.000009
451	501	0.999500
452	497	0.000010
452	500	0.999946
453	496	0.000010
453	498	0.001965
453	499	0.994334
454	497	0.003924
454	500	0.000001
455	497	0.915503
458	495	0.987522
459	493	0.000014
459	494	0.999882
460	492	0.000015
460	493	0.999961
460	494	0.000012
461	491	0.000013
461	492	0.999828
461	493	0.000012
462	491	0.956921
463	487	0.000002
463	491	0.005332
464	485	0.000001
465	487	0.000003
465	491	0.000208
466	484	0.000008
466	487	0.000018
466	491	0.000067
467	483	0.000009
467	487	0.000051
467	488	0.995345
468	487	0.998876
469	478	0.000001
469	482	0.000004
469	485	0.000001
469	486	0.999417
470	477	0.000001
470	481	0.000004
470	485	0.999850
471	484	0.984543
471	487	0.000006
472	477	0.000002
472	478	0.000226
472	479	0.000012
472	481	0.000059
472	482	0.871336
472	486	0.000012
473	477	0.000224
473	479	0.000335
473	481	0.901311
473	482	0.090301
473	485	0.000013
474	480	0.887690
474	483	0.002138
474	484	0.000018
475	484	0.000002
476	481	0.001652
476	482	0.001617
477	483	0.000051
478	484	0.000004
479	483	0.000008
520	529	0.000016
521	528	0.000016
521	533	0.000003
522	532	0.000003
523	531	0.000002
523	534	0.000010
524	533	0.000012
525	532	0.000009
526	532	0.000002
527	531	0.000002
527	537	0.000005
528	535	0.000005
528	536	0.000014
529	535	0.000014
531	535	0.000305
531	536	0.000150
532	538	0.000002
533	560	0.000019
534	549	0.000001
534	559	0.000019
535	548	0.000001
535	557	0.000019
536	556	0.000019
536	557	0.000008
537	546	0.000002
537	555	0.000010
538	545	0.000002
538	555	0.000022
539	544	0.000002
539	554	0.000031
540	553	0.000031
542	551	0.000031
543	550	0.000031
544	549	0.000013
546	557	0.000004
546	571	0.000002
547	556	0.000006
547	567	0.000002
547	568	0.000006
547	570	0.000012
548	555	0.000007
548	569	0.000018
548	575	0.000001
549	554	0.000007
549	566	0.000158
549	568	0.000010
549	574	0.000001
549	886	0.000002
550	565	0.000227
550	573	0.000001
550	578	0.000002
550	885	0.000004
551	557	0.000001
551	564	0.000227
551	571	0.000001
551	577	0.000002
551	884	0.000004
552	560	0.000028
552	561	0.000001
552	578	0.000016
552	579	0.000011
552	580	0.033653
552	581	0.000019
552	859	0.000048
552	860	0.000002
552	883	0.000003
553	559	0.000028
553	562	0.000226
553	579	0.039139
553	580	0.000022
553	860	0.000004
553	882	0.000003
554	561	0.000223
554	565	0.000044
554	575	0.000005
554	578	0.039904
554	579	0.000001
554	858	0.000127
554	859	0.000002
555	563	0.000002
555	564	0.000043
555	576	0.001574
555	577	0.038398
555	857	0.000131
556	560	0.000029
556	561	0.000004
556	562	0.000003
556	573	0.000017
556	575	0.003020
556	578	0.000006
556	579	0.000070
556	580	0.000003
556	581	0.000029
556	582	0.000001
556	839	0.000003
556	855	0.000031
556	856	0.000115
557	561	0.000004
557	562	0.000012
557	572	0.000015
557	573	0.002584
557	575	0.030034
557	578	0.000106
557	579	0.000007
557	580	0.000441
557	581	0.000012
557	582	0.000001
557	838	0.000003
557	854	0.000032
557	855	0.000114
558	572	0.002409
558	579	0.000557
558	580	0.000037
558	581	0.000002
558	853	0.000082
558	854	0.000064
559	571	0.000352
559	574	0.000409
559	576	0.000003
559	577	0.000514
559	833	0.000001
559	837	0.000003
559	852	0.000132
560	571	0.000137
560	576	0.001018
560	577	0.007566
560	832	0.000001
560	836	0.000004
560	851	0.000135
561	571	0.038333
561	576	0.007967
561	577	0.000061
561	835	0.000004
561	850	0.000134
561	851	0.000013
562	566	0.000003
562	567	0.000052
562	568	0.000040
562	570	0.043941
562	571	0.000017
562	574	0.136284
562	576	0.000184
562	577	0.000012
562	833	0.000001
562	834	0.000003
562	850	0.000013
563	569	0.062713
563	572	0.000086
563	573	0.734186
563	575	0.001504
563	578	0.003852
563	579	0.065781
563	580	0.000146
563	581	0.000004
563	829	0.000002
563	838	0.000002
563	839	0.010179
563	840	0.000003
563	847	0.000002
563	848	0.000028
563	849	0.000027
563	856	0.000001
563	859	0.000531
564	569	0.001957
564	572	0.741669
564	573	0.000917
564	575	0.000147
564	578	0.077850
564	579	0.000010
564	580	0.000012
564	581	0.000002
564	828	0.000001
564	838	0.010219
564	839	0.000003
564	845	0.000079
564	847	0.000017
564	848	0.000029
564	855	0.000001
564	858	0.000533
564	885	0.000003
565	571	0.743575
565	576	0.004003
565	577	0.077589
565	832	0.000072
565	836	0.000009
565	837	0.010201
565	844	0.000080
565	850	0.000001
565	857	0.000533
565	884	0.000003
566	572	0.000152
566	579	0.000102
566	580	0.000085
566	581	0.000047
566	829	0.000003
566	831	0.000062
566	847	0.000004
566	849	0.000002
566	853	0.000011
566	854	0.000005
566	856	0.000488
566	883	0.000003
567	572	0.000119
567	579	0.000077
567	580	0.000133
567	581	0.000109
567	826	0.000001
567	828	0.000003
567	829	0.000007
567	840	0.000001
567	841	0.000001
567	853	0.000020
567	854	0.000039
567	882	0.000002
568	572	0.000175
568	579	0.000069
568	580	0.000290
568	581	0.000121
568	826	0.000001
568	828	0.000006
568	829	0.000004
568	831	0.000001
568	840	0.000002
568	847	0.000001
568	853	0.000031
568	854	0.000017
569	576	0.004853
569	577	0.000256
569	695	0.000011
569	832	0.000214
569	835	0.000272
569	836	0.003409
569	837	0.000002
569	842	0.000004
569	844	0.000003
569	850	0.000531
569	851	0.000003
570	579	0.021775
570	580	0.000071
570	581	0.000017
570	694	0.000012
570	826	0.000001
570	828	0.000002
570	829	0.000011
570	831	0.000201
570	840	0.000004
570	841	0.000006
570	849	0.000534
570	854	0.000002
571	575	0.000311
571	578	0.025335
571	579	0.000032
571	580	0.000074
571	581	0.000002
571	693	0.000012
571	826	0.000003
571	828	0.000014
571	829	0.000002
571	831	0.000062
571	838	0.000081
571	839	0.000003
571	840	0.000007
571	845	0.000013
571	848	0.000529
571	853	0.000003
572	576	0.000039
572	577	0.022774
572	692	0.000012
572	825	0.000001
572	827	0.000012
572	830	0.000064
572	832	0.000009
572	833	0.063239
572	834	0.000028
572	836	0.000005
572	837	0.000083
572	843	0.000817
572	844	0.000004
572	846	0.000002
572	852	0.000002
573	577	0.000245
573	691	0.000012
573	832	0.072681
573	835	0.000006
573	836	0.000084
573	842	0.000899
573	851	0.000002
574	579	0.000267
574	580	0.000224
574	581	0.000046
574	690	0.000012
574	786	0.000001
574	826	0.000049
574	828	0.000058
574	829	0.000118
574	831	0.069668
574	840	0.000952
574	841	0.001523
575	689	0.000012
575	785	0.000001
575	832	0.155072
575	835	0.000043
575	837	0.000002
575	842	0.000001
576	580	0.000141
576	581	0.000065
576	582	0.000012
576	583	0.000004
576	584	0.000003
576	688	0.000008
576	784	0.000001
576	826	0.000219
576	828	0.002635
576	829	0.021973
576	831	0.151585
576	838	0.000129
576	839	0.148933
576	840	0.000011
577	581	0.000026
577	582	0.000005
577	583	0.000003
577	688	0.000003
577	783	0.000001
577	826	0.000734
577	828	0.019689
577	829	0.016249
577	831	0.000447
577	838	0.149349
577	839	0.000007
577	845	0.000001
578	687	0.000006
578	832	0.002521
578	835	0.000099
578	836	0.000629
578	837	0.148839
578	844	0.000001
579	685	0.000001
579	825	0.000045
579	827	0.061881
579	830	0.000148
579	832	0.000021
579	833	0.000733
579	834	0.000196
579	835	0.001101
579	836	0.145824
579	837	0.000002
579	843	0.000001
580	684	0.000001
580	685	0.000002
580	824	0.000002
580	825	0.001981
580	827	0.012119
580	830	0.000669
580	832	0.000932
580	833	0.000528
580	834	0.001531
580	835	0.136220
580	836	0.000108
580	842	0.000001
581	681	0.000001
581	684	0.000002
581	824	0.000102
581	825	0.902844
581	827	0.000091
581	830	0.000021
581	832	0.000173
581	833	0.000426
581	834	0.014812
581	835	0.000021
582	680	0.000001
582	823	0.000087
582	824	0.999261
582	832	0.000168
583	679	0.000001
583	822	0.000067
583	823	0.999845
583	824	0.000007
584	680	0.000001
584	821	0.000047
584	822	0.999871
584	823	0.000006
585	679	0.000001
585	680	0.000009
585	820	0.000027
585	821	0.999891
585	822	0.000005
586	679	0.000009
586	820	0.999893
586	821	0.000003
587	735	0.000009
587	788	0.000010
587	809	0.000002
587	814	0.000041
587	819	0.997273
588	734	0.000018
588	736	0.000036
588	783	0.000001
588	784	0.000003
588	787	0.000021
588	789	0.000001
588	799	0.000001
588	808	0.000003
588	809	0.000001
588	810	0.000010
588	812	0.000011
588	813	0.000082
588	814	0.000007
588	818	0.985142
588	819	0.000009
589	707	0.000003
589	733	0.000018
589	735	0.000038
589	786	0.000022
589	788	0.000008
589	789	0.000008
589	790	0.000032
589	798	0.000002
589	807	0.000003
589	809	0.000080
589	810	0.000084
589	814	0.002578
589	819	0.000003
590	676	0.000005
590	677	0.996105
590	734	0.000010
590	787	0.000002
590	812	0.000004
590	813	0.001730
590	814	0.000009
590	818	0.000002
591	676	0.998515
591	677	0.000010
591	733	0.000001
591	812	0.001433
591	813	0.000003
592	675	0.997884
592	811	0.001182
593	674	0.999907
593	810	0.000018
594	673	0.999985
595	672	0.999698
596	670	0.000001
596	671	0.999965
597	670	0.996595
597	671	0.000002
599	668	0.996004
600	667	0.999975
601	666	0.999511
602	665	0.999977
603	664	0.999991
604	663	0.999991
605	662	0.999957
606	661	0.999964
607	660	0.999991
608	659	0.999957
609	657	0.000008
609	658	0.999947
610	656	0.000016
610	657	0.999966
610	658	0.000002
611	654	0.000005
611	656	0.998723
611	657	0.000003
612	616	0.000001
613	653	0.000636
614	652	0.000330
614	653	0.863852
615	652	0.865255
615	653	0.000004
616	651	0.864967
616	652	0.000003
616	655	0.131663
617	650	0.861832
617	654	0.134346
618	643	0.000001
618	648	0.004279
618	653	0.131230
619	642	0.000001
619	647	0.002164
619	648	0.858863
619	652	0.127264
619	653	0.003143
620	647	0.863075
620	652	0.006240
621	646	0.864516
622	639	0.000003
622	645	0.864182
622	651	0.116090
623	641	0.000001
623	644	0.864414
623	646	0.000002
623	650	0.134585
624	637	0.000247
624	640	0.000001
624	642	0.000013
624	643	0.748940
624	645	0.000004
624	648	0.000002
624	649	0.134693
625	636	0.000538
625	640	0.000045
625	642	0.262211
625	643	0.106717
625	647	0.000005
625	648	0.134725
626	635	0.000573
626	636	0.000003
626	638	0.001291
626	640	0.004033
626	642	0.088665
626	643	0.002778
626	647	0.134646
627	634	0.000572
627	635	0.000002
627	637	0.001305
627	638	0.000012
627	639	0.003953
627	640	0.000070
627	642	0.002969
627	643	0.000403
627	645	0.124748
628	633	0.000555
628	641	0.013289
628	644	0.130416
628	646	0.000003
629	635	0.001366
629	636	0.000936
629	638	0.002431
629	640	0.013149
629	642	0.577578
629	643	0.065416
630	641	0.979502
631	635	0.000141
631	636	0.001074
631	638	0.010738
631	640	0.980472
631	642	0.000001
632	636	0.000013
632	637	0.009247
632	638	0.000015
632	639	0.980353
633	638	0.977361
633	640	0.000001
676	710	0.000006
677	710	0.000017
678	707	0.905089
678	789	0.000012
678	790	0.000002
678	809	0.000002
678	810	0.000004
678	814	0.000042
679	702	0.000001
679	705	0.000006
679	706	0.999215
679	707	0.000038
679	735	0.000003
679	784	0.000004
679	788	0.000017
679	808	0.000001
679	809	0.000004
679	813	0.000044
680	702	0.000047
680	704	0.000004
680	705	0.999671
680	706	0.000027
680	734	0.000004
680	783	0.000004
680	787	0.000017
680	807	0.000001
680	808	0.000004
680	812	0.000043
681	701	0.000049
681	704	0.994651
681	733	0.000004
681	786	0.000017
681	806	0.000001
681	807	0.000003
681	810	0.000001
682	692	0.000010
682	700	0.000045
682	703	0.892722
682	732	0.000004
682	785	0.000014
682	792	0.000001
683	689	0.000001
683	691	0.000012
683	695	0.000004
683	785	0.000001
683	791	0.000001
683	805	0.000004
684	690	0.000011
684	694	0.000003
684	699	0.000690
684	701	0.098351
684	704	0.000002
684	790	0.000001
684	804	0.000003
685	699	0.005043
685	701	0.058304
685	704	0.000084
686	692	0.000001
686	697	0.001298
686	700	0.063440
686	703	0.000351
687	693	0.000001
687	696	0.001371
687	698	0.966024
687	699	0.019813
687	701	0.000496
687	702	0.000459
687	706	0.000004
688	692	0.000001
688	695	0.001320
688	697	0.969871
688	700	0.000602
688	703	0.000002
689	693	0.000014
689	694	0.000405
689	696	0.969825
689	698	0.027933
689	699	0.000032
689	701	0.000003
689	702	0.000003
689	704	0.000013
690	695	0.891651
690	697	0.027980
690	700	0.000004
690	703	0.000026
691	696	0.027758
691	698	0.000009
691	699	0.000004
691	702	0.000032
692	701	0.000031
694	700	0.000001
696	832	0.000004
697	831	0.000004
699	708	0.000002
699	830	0.000003
700	707	0.000002
700	826	0.000001
700	828	0.000002
700	829	0.000003
701	711	0.000004
701	792	0.000002
701	825	0.000001
701	827	0.000002
702	710	0.000005
702	791	0.000002
702	824	0.000001
703	790	0.000002
703	826	0.000007
704	711	0.000005
704	792	0.000003
704	825	0.000007
705	710	0.000006
705	791	0.000004
705	824	0.000008
706	791	0.000011
706	823	0.000008
707	711	0.000005
707	731	0.000014
707	732	0.000018
707	737	0.000455
707	791	0.000041
707	792	0.000002
707	811	0.000221
707	815	0.000015
707	816	0.000005
707	817	0.000002
707	822	0.000006
708	722	0.000003
708	733	0.000342
708	735	0.000202
708	786	0.000004
708	788	0.000222
708	789	0.445899
708	790	0.003177
708	796	0.000011
708	798	0.000003
708	809	0.000005
708	810	0.000553
708	814	0.000024
709	718	0.000001
709	721	0.000004
709	733	0.000887
709	735	0.104971
709	786	0.000003
709	788	0.591004
709	789	0.001908
709	790	0.000100
709	795	0.000014
709	797	0.000003
709	800	0.000074
709	804	0.000009
709	809	0.000603
709	810	0.000013
709	814	0.000517
710	717	0.000001
710	720	0.000004
710	723	0.000002
710	728	0.000003
710	730	0.125524
710	733	0.000228
710	734	0.117931
710	735	0.000008
710	736	0.007488
710	783	0.000026
710	784	0.000071
710	786	0.000002
710	787	0.613140
710	788	0.000056
710	789	0.000060
710	790	0.000007
710	794	0.000014
710	796	0.000003
710	797	0.000001
710	799	0.000080
710	803	0.000009
710	807	0.000005
710	808	0.000577
710	809	0.000009
710	810	0.000016
710	812	0.000020
710	813	0.000548
710	814	0.000003
710	818	0.000001
711	719	0.000004
711	722	0.000002
711	727	0.000002
711	733	0.115979
711	735	0.007447
711	786	0.612121
711	788	0.000050
711	789	0.000007
711	790	0.000002
711	795	0.000003
711	798	0.000069
711	806	0.000022
711	807	0.000457
711	809	0.000014
711	810	0.000003
711	814	0.000002
712	724	0.000002
712	729	0.386427
712	785	0.607078
712	805	0.000037
713	720	0.000006
713	721	0.000003
713	723	0.000004
713	727	0.000002
713	728	0.457773
713	730	0.000061
713	734	0.000006
713	736	0.000002
713	783	0.000073
713	784	0.540952
713	804	0.000016
713	839	0.000011
714	719	0.000006
714	720	0.000017
714	722	0.000005
714	723	0.000050
714	727	0.492133
714	728	0.002695
714	730	0.000226
714	733	0.000005
714	734	0.000004
714	735	0.000001
714	736	0.000005
714	783	0.499980
714	784	0.000004
714	803	0.000016
714	838	0.000011
715	724	0.000012
715	725	0.000120
715	726	0.828098
715	729	0.000166
715	731	0.000095
715	732	0.000010
715	737	0.000003
715	782	0.044164
715	802	0.000011
715	837	0.000011
716	724	0.000337
716	725	0.902720
716	729	0.000992
716	781	0.028714
716	782	0.000529
716	836	0.000011
717	724	0.901774
717	725	0.000913
717	729	0.000250
717	780	0.027223
717	781	0.000296
717	782	0.000005
717	835	0.000011
718	724	0.000872
718	725	0.000026
718	726	0.000604
718	729	0.000009
718	731	0.000013
718	732	0.000038
718	737	0.000006
718	763	0.000005
718	776	0.000008
718	779	0.022769
718	780	0.000050
718	834	0.000011
719	724	0.000037
719	725	0.000691
719	726	0.005714
719	729	0.000001
719	731	0.000046
719	732	0.000003
719	737	0.000014
719	761	0.000002
719	762	0.000020
719	775	0.000017
719	776	0.013576
719	779	0.000049
719	833	0.000011
720	724	0.000756
720	725	0.006361
720	729	0.000098
720	759	0.000001
720	760	0.000002
720	761	0.000022
720	774	0.000018
720	775	0.014497
720	780	0.000001
720	832	0.000011
721	725	0.000004
721	726	0.000006
721	729	0.000003
721	731	0.000065
721	732	0.000200
721	737	0.000140
721	759	0.000002
721	760	0.000021
721	774	0.013929
721	775	0.000003
721	776	0.002470
721	779	0.000004
721	793	0.000001
722	726	0.000003
722	729	0.000006
722	731	0.000259
722	732	0.000022
722	737	0.002472
722	743	0.000001
722	759	0.000019
722	774	0.000009
722	775	0.002527
722	776	0.000060
722	779	0.000016
722	792	0.000002
723	729	0.000694
723	742	0.000004
723	748	0.000013
723	759	0.000001
723	772	0.014400
723	774	0.002522
723	775	0.000062
723	785	0.000001
723	791	0.000002
724	728	0.000648
724	730	0.000914
724	733	0.000018
724	734	0.000221
724	735	0.046146
724	736	0.006610
724	738	0.000158
724	739	0.000346
724	740	0.000614
724	741	0.000012
724	747	0.000019
724	752	0.000001
724	754	0.000010
724	755	0.000222
724	770	0.000028
724	771	0.014376
724	773	0.002205
724	777	0.000007
724	778	0.003586
724	784	0.000001
724	790	0.000001
724	795	0.000001
725	730	0.000250
725	733	0.000121
725	734	0.060246
725	735	0.000261
725	736	0.003015
725	738	0.000347
725	739	0.000614
725	740	0.000015
725	746	0.000019
725	747	0.000002
725	751	0.000002
725	753	0.000013
725	754	0.000233
725	769	0.000046
725	770	0.013895
725	771	0.000241
725	773	0.000015
725	777	0.003581
725	778	0.000002
725	783	0.000001
725	789	0.000001
725	794	0.000001
726	733	0.059227
726	735	0.003044
726	744	0.000052
726	752	0.000016
726	753	0.000228
726	788	0.000001
726	826	0.000009
727	731	0.000256
727	732	0.049787
727	737	0.000180
727	743	0.000053
727	748	0.000003
727	768	0.000991
727	775	0.002724
727	776	0.000098
727	792	0.000002
727	825	0.000009
728	742	0.000060
728	743	0.000011
728	745	0.000079
728	748	0.000027
728	750	0.000282
728	766	0.000003
728	772	0.000149
728	774	0.003522
728	775	0.000056
728	785	0.000001
728	791	0.000002
728	824	0.000009
729	733	0.000185
729	734	0.005511
729	735	0.000368
729	736	0.009136
729	738	0.000332
729	739	0.000006
729	740	0.000007
729	741	0.000037
729	744	0.000084
729	746	0.010879
729	747	0.000122
729	749	0.000322
729	751	0.000014
729	765	0.000001
729	767	0.002235
729	769	0.000002
729	771	0.000149
729	773	0.003569
729	783	0.000114
729	784	0.000022
729	786	0.000007
729	787	0.000004
729	790	0.000004
729	794	0.000001
729	806	0.000002
730	742	0.000039
730	743	0.000082
730	745	0.010959
730	748	0.000320
730	750	0.000014
730	766	0.002239
730	772	0.003533
730	774	0.000001
730	782	0.000064
730	785	0.000025
730	791	0.002683
730	805	0.000005
730	822	0.000007
731	735	0.000455
731	741	0.000041
731	744	0.006086
731	765	0.002084
731	786	0.000062
731	788	0.000187
731	789	0.001229
731	790	0.005007
731	796	0.000011
731	797	0.000002
731	804	0.000005
731	809	0.000003
731	810	0.000015
731	814	0.000005
732	741	0.000040
732	744	0.005077
732	765	0.000011
732	786	0.000941
732	788	0.001345
732	789	0.005155
732	790	0.000270
732	795	0.000013
732	796	0.000002
732	797	0.000001
732	806	0.000001
732	809	0.000014
732	810	0.000004
732	814	0.000005
733	737	0.000270
733	742	0.000071
733	743	0.009775
733	745	0.000003
733	748	0.000001
733	761	0.000013
733	762	0.001216
733	763	0.000145
733	776	0.000005
733	785	0.000902
733	792	0.000012
733	793	0.000001
733	811	0.000001
733	815	0.000002
733	816	0.000003
733	817	0.000002
733	825	0.000001
734	742	0.009954
734	743	0.000465
734	745	0.000011
734	748	0.000002
734	760	0.000014
734	761	0.001306
734	775	0.000005
734	782	0.000004
734	785	0.001919
734	791	0.000014
734	824	0.000001
735	742	0.000328
735	743	0.000515
735	759	0.000013
735	760	0.001287
735	761	0.000010
735	762	0.000282
735	763	0.000045
735	774	0.000003
735	775	0.000001
735	776	0.000019
735	782	0.000002
735	785	0.002907
735	792	0.000286
735	811	0.000002
735	815	0.000003
735	816	0.000004
735	817	0.000003
735	823	0.000001
736	742	0.000715
736	743	0.000033
736	745	0.000598
736	759	0.001262
736	760	0.000021
736	761	0.000282
736	766	0.000002
736	774	0.000008
736	775	0.000024
736	782	0.000022
736	785	0.013246
736	791	0.000341
736	805	0.000004
736	822	0.000001
737	741	0.000480
737	744	0.000613
737	756	0.000003
737	757	0.000068
737	765	0.000002
737	786	0.000210
737	788	0.000039
737	789	0.000020
737	790	0.000351
737	804	0.000004
737	809	0.000002
737	810	0.000003
737	814	0.000004
738	742	0.000006
738	743	0.000611
738	745	0.000001
738	759	0.000015
738	760	0.000305
738	761	0.000470
738	772	0.000051
738	774	0.000035
738	775	0.000808
738	781	0.000122
738	782	0.946496
738	785	0.000067
739	743	0.000001
739	759	0.000303
739	760	0.000479
739	761	0.000024
739	772	0.000037
739	774	0.000826
739	775	0.000205
739	780	0.000065
739	781	0.970719
739	782	0.000013
740	745	0.000004
740	759	0.000478
740	760	0.000024
740	772	0.001241
740	774	0.000208
740	775	0.000004
740	780	0.972608
740	781	0.000008
741	750	0.000002
741	759	0.000024
741	772	0.000139
741	774	0.000004
741	779	0.974521
741	780	0.000002
742	747	0.000006
742	749	0.000004
742	751	0.000003
742	752	0.000844
742	753	0.000004
742	754	0.000059
742	755	0.001137
742	756	0.000040
742	757	0.000002
742	758	0.000026
742	765	0.000001
742	770	0.006975
742	771	0.000218
742	773	0.000002
742	778	0.977997
743	747	0.000001
743	749	0.000004
743	751	0.000882
743	752	0.000003
743	753	0.000044
743	754	0.001137
743	755	0.000041
743	757	0.000020
743	764	0.000003
743	769	0.007277
743	770	0.000160
743	771	0.000001
743	773	0.000005
743	777	0.977984
743	778	0.000005
744	748	0.000003
744	750	0.000880
744	762	0.000001
744	763	0.000002
744	768	0.007334
744	772	0.000005
744	774	0.000046
744	775	0.000005
744	776	0.971566
745	749	0.000799
745	751	0.001192
745	752	0.000022
745	753	0.000001
745	754	0.000007
745	755	0.000004
745	767	0.007272
745	769	0.000091
745	770	0.000005
745	771	0.000007
745	773	0.000240
745	777	0.000010
746	750	0.001178
746	760	0.000006
746	761	0.000004
746	766	0.006969
746	772	0.000237
746	774	0.004927
746	775	0.970698
747	759	0.000006
747	760	0.000004
747	761	0.000012
747	766	0.000278
747	772	0.003881
747	774	0.972700
747	775	0.000004
748	758	0.000006
748	764	0.002185
748	765	0.000521
748	767	0.013324
748	769	0.000351
748	770	0.000025
748	771	0.003241
748	773	0.972708
749	759	0.000015
749	761	0.000009
749	766	0.013643
749	772	0.970870
749	774	0.000007
750	754	0.000042
750	755	0.000153
750	756	0.000008
750	757	0.000012
750	758	0.000081
750	764	0.008360
750	765	0.014428
750	767	0.475292
750	769	0.000404
750	770	0.001472
750	771	0.479446
750	773	0.000016
751	759	0.000030
751	760	0.000106
751	761	0.000318
751	766	0.566467
751	772	0.000017
752	759	0.000096
752	760	0.000290
752	761	0.000056
752	762	0.013892
752	763	0.716570
752	766	0.000889
752	768	0.002764
753	759	0.000210
753	760	0.000081
753	761	0.014542
753	762	0.920699
753	763	0.001315
753	766	0.000062
753	768	0.001131
753	776	0.000015
754	759	0.000117
754	760	0.014994
754	761	0.931328
754	766	0.000117
754	775	0.000022
755	759	0.014908
755	760	0.929832
755	761	0.000102
755	766	0.001404
755	774	0.000022
755	775	0.000011
756	760	0.000091
756	761	0.000003
756	762	0.000020
756	763	0.000041
756	766	0.000038
756	768	0.000180
756	774	0.000013
756	776	0.000004
757	761	0.000017
757	762	0.000037
757	763	0.000019
757	766	0.000045
757	768	0.000037
757	775	0.000005
758	766	0.002019
758	772	0.001335
758	774	0.000006
759	764	0.000719
759	765	0.002031
759	767	0.000021
759	769	0.000032
759	770	0.035949
759	771	0.007382
759	773	0.000006
759	778	0.000023
760	764	0.001949
760	765	0.000005
760	767	0.000113
760	769	0.035986
760	770	0.008745
760	771	0.000127
760	777	0.000023
760	778	0.000021
761	765	0.000007
761	767	0.001607
761	769	0.008711
761	770	0.000163
761	771	0.000001
761	777	0.000021
764	774	0.000001
764	775	0.000160
765	774	0.000163
766	770	0.000431
766	771	0.000290
766	773	0.000194
767	772	0.000196
769	775	0.000009
770	774	0.000009
770	775	0.000002
781	813	0.000001
782	786	0.000001
782	787	0.000016
782	788	0.000002
782	789	0.000003
782	790	0.000001
782	806	0.000015
782	812	0.000003
782	813	0.000005
782	814	0.000002
783	791	0.000031
783	805	0.000135
784	791	0.001338
784	805	0.000142
785	789	0.000098
785	790	0.002111
785	794	0.000925
785	796	0.000002
785	797	0.000001
785	798	0.000001
785	799	0.000020
785	803	0.000689
785	804	0.000102
785	806	0.000004
785	807	0.000003
785	808	0.000031
785	809	0.000030
785	810	0.000016
785	812	0.039862
785	813	0.009234
785	814	0.001226
785	818	0.000068
786	791	0.000003
786	792	0.000206
786	793	0.000796
786	802	0.000639
786	805	0.000004
786	811	0.037540
786	815	0.000233
786	816	0.000054
786	817	0.000079
787	791	0.000288
787	805	0.000046
788	792	0.000004
788	793	0.000003
788	801	0.000056
788	802	0.000373
788	805	0.000004
788	811	0.037973
788	815	0.000121
788	816	0.000060
788	817	0.000445
789	793	0.000002
789	801	0.000405
789	802	0.000320
789	805	0.000001
789	811	0.002488
789	815	0.000059
789	816	0.000680
789	817	0.000102
790	801	0.000521
790	802	0.000017
790	805	0.000002
790	811	0.000988
790	815	0.000764
790	816	0.000171
790	817	0.000039
791	795	0.000002
791	796	0.000010
791	797	0.000046
791	798	0.000098
791	799	0.006744
791	800	0.000267
791	803	0.000029
791	804	0.000003
791	806	0.000002
791	807	0.000032
791	808	0.974481
791	809	0.000050
791	810	0.000212
791	812	0.000023
791	813	0.000044
791	814	0.000074
791	839	0.000002
792	796	0.000038
792	797	0.000107
792	798	0.006599
792	800	0.000015
792	804	0.000008
792	806	0.000025
792	807	0.978773
792	809	0.000153
792	810	0.000017
792	814	0.000002
793	797	0.003837
793	798	0.000021
793	800	0.000020
793	804	0.000020
793	806	0.979574
793	807	0.000007
793	809	0.000013
793	810	0.000003
793	814	0.000001
794	805	0.979521
794	836	0.000003
794	837	0.000014
795	801	0.001220
795	802	0.012926
795	805	0.000101
795	811	0.000004
795	815	0.000005
795	816	0.000049
795	817	0.000063
795	835	0.000003
795	836	0.000014
796	801	0.016079
796	802	0.014050
796	805	0.000082
796	811	0.000003
796	815	0.000057
796	816	0.000086
796	817	0.000038
796	834	0.000003
796	835	0.000014
797	801	0.010356
797	802	0.035522
797	805	0.000022
797	811	0.000003
797	815	0.000084
797	816	0.000051
797	817	0.000009
797	833	0.000003
797	834	0.000015
798	802	0.000623
798	805	0.000010
798	811	0.000001
798	815	0.000047
798	816	0.000011
798	817	0.000006
798	832	0.000002
798	833	0.000016
799	805	0.000402
799	832	0.000016
800	805	0.000016
800	811	0.000730
800	815	0.000224
800	816	0.000013
800	817	0.000011
800	830	0.000012
801	806	0.000010
801	807	0.000025
801	809	0.000007
801	810	0.000825
801	814	0.000237
801	829	0.000012
802	806	0.000019
802	807	0.000011
802	809	0.000640
802	810	0.000010
802	814	0.000021
802	828	0.000012
804	811	0.000286
804	815	0.000142
804	816	0.000035
804	817	0.000019
804	827	0.000019
805	809	0.000004
805	810	0.000313
805	812	0.003551
805	813	0.000126
805	814	0.000143
805	818	0.000156
805	826	0.000021
806	811	0.003413
806	815	0.000052
806	816	0.000026
806	817	0.000208
806	825	0.000021
807	811	0.000010
807	815	0.000030
807	816	0.000223
807	817	0.000006
807	824	0.000020
807	825	0.000002
808	823	0.000020
808	824	0.000002
809	815	0.003531
809	816	0.008588
809	817	0.005312
809	822	0.000016
809	823	0.000002
810	815	0.008322
810	816	0.006718
810	817	0.001842
810	822	0.000001
811	819	0.000001
812	821	0.000035
812	822	0.000007
812	823	0.000002
813	820	0.000037
813	821	0.000007
813	822	0.000002
814	820	0.000007
814	821	0.000002
815	819	0.000006
824	829	0.000001
825	829	0.000060
825	831	0.000523
826	830	0.000603
826	832	0.000853
826	833	0.001335
826	834	0.000062
826	835	0.000017
827	831	0.000858
828	832	0.000131
828	833	0.000632
828	834	0.000203
828	835	0.000050
828	836	0.000004
828	837	0.000002
829	833	0.000531
829	834	0.000204
829	835	0.000027
829	836	0.000007
831	835	0.000004
831	836	0.000005
832	838	0.000002
832	839	0.000010
833	840	0.000001
833	841	0.000013
834	840	0.000020
835	839	0.000020
835	860	0.000001
836	859	0.000002
837	858	0.000002
838	857	0.000002
841	851	0.000001
842	848	0.000001
842	855	0.000002
843	849	0.000002
843	854	0.000002
844	848	0.000002
844	853	0.000002
844	858	0.000002
844	885	0.000004
845	851	0.000001
845	857	0.000002
845	884	0.000004
846	856	0.000001
846	883	0.000003
849	881	0.000003
850	859	0.000006
850	880	0.000004
851	858	0.000007
851	879	0.000004
852	863	0.000003
852	878	0.000004
853	862	0.000003
853	887	0.000002
854	861	0.000003
854	886	0.000002
854	887	0.000004
855	884	0.000005
856	862	0.000001
856	865	0.000002
856	871	0.000003
856	881	0.000143
856	886	0.004624
856	887	0.000003
857	863	0.000001
857	870	0.000008
857	878	0.000003
857	879	0.000006
857	880	0.000370
857	882	0.000009
857	883	0.000004
857	885	0.010184
858	884	0.011122
859	884	0.002507
860	864	0.000057
860	865	0.000203
860	866	0.000165
860	867	0.000266
860	868	0.000099
860	869	0.000138
860	871	0.000024
860	875	0.003667
860	881	0.000620
860	884	0.052397
860	886	0.000126
860	887	0.000021
861	872	0.000019
861	873	0.001164
861	874	0.004211
861	876	0.000188
861	877	0.323345
861	878	0.001971
861	879	0.000706
861	882	0.000480
861	883	0.072388
862	872	0.001527
862	873	0.004058
862	874	0.000177
862	876	0.426321
862	877	0.001601
862	878	0.000622
862	879	0.000178
862	882	0.076154
862	883	0.000471
863	867	0.000051
863	868	0.000190
863	869	0.000120
863	871	0.001512
863	875	0.442364
863	881	0.071170
863	884	0.001344
863	886	0.000024
863	887	0.000008
864	872	0.000076
864	873	0.001045
864	874	0.442337
864	876	0.000165
864	877	0.000477
864	878	0.001799
864	879	0.036433
864	882	0.000068
864	883	0.001684
865	872	0.001284
865	873	0.432143
865	874	0.006828
865	876	0.000524
865	877	0.002142
865	878	0.039994
865	879	0.042849
865	882	0.001447
865	883	0.000251
866	872	0.361142
866	873	0.008499
866	874	0.002675
866	876	0.001884
866	877	0.040320
866	878	0.047756
866	879	0.016955
866	882	0.000214
866	883	0.000192
867	872	0.006972
867	873	0.003072
867	874	0.002203
867	876	0.038029
867	877	0.046818
867	878	0.020662
867	879	0.001575
867	882	0.000169
867	883	0.000191
868	872	0.001957
868	873	0.002044
868	874	0.002027
868	876	0.040106
868	877	0.021431
868	878	0.001811
868	879	0.000856
868	882	0.000170
868	883	0.000157
869	873	0.001376
869	874	0.002089
869	876	0.015905
869	877	0.001569
869	878	0.000929
869	879	0.000062
869	882	0.000135
869	883	0.000035
870	884	0.012694
871	876	0.000152
871	877	0.000436
871	878	0.000608
871	879	0.000235
871	882	0.000607
871	883	0.012199
872	881	0.000806
872	884	0.000049
872	886	0.000084
872	887	0.000089
873	881	0.000803
873	884	0.000091
873	886	0.000140
873	887	0.000063
874	881	0.000316
874	884	0.001358
874	886	0.000101
874	887	0.000012
875	879	0.000121
875	882	0.000527
875	883	0.001613
876	881	0.000507
876	884	0.000152
876	886	0.000047
876	887	0.000236
877	881	0.000104
877	884	0.000501
877	886	0.000421
877	887	0.000147
878	884	0.000505
878	886	0.000300
878	887	0.000524
879	884	0.000150
879	886	0.000804
879	887	0.000042
880	884	0.000449
882	886	0.000099
882	887	0.000099
883	887	0.000038
