1	7	0.000018
1	8	0.000015
1	9	0.000004
1	12	0.000003
1	13	0.000001
1	15	0.000012
1	41	0.107198
1	759	0.000026
1	764	0.001136
1	766	0.000003
1	769	0.000008
1	772	0.612985
1	783	0.000296
1	798	0.000008
1	800	0.001457
1	806	0.000002
1	851	0.000002
1	853	0.000032
1	854	0.012052
1	855	0.000137
1	860	0.000004
1	861	0.000002
1	865	0.000044
1	869	0.000006
1	874	0.019210
1	875	0.000468
1	884	0.000008
1	898	0.000001
2	7	0.000054
2	8	0.000011
2	9	0.000002
2	11	0.000004
2	12	0.000003
2	14	0.000014
2	15	0.000005
2	30	0.000044
2	39	0.000087
2	40	0.141801
2	41	0.000844
2	42	0.002555
2	46	0.000026
2	758	0.000030
2	759	0.000008
2	761	0.000173
2	763	0.001265
2	764	0.000427
2	766	0.000003
2	767	0.000302
2	769	0.000009
2	770	0.000138
2	771	0.688402
2	772	0.000795
2	777	0.000004
2	782	0.000393
2	793	0.000005
2	795	0.000357
2	798	0.000009
2	799	0.001899
2	800	0.010379
2	801	0.003355
2	803	0.001252
2	804	0.000124
2	805	0.000004
2	848	0.000005
2	849	0.000440
2	852	0.000030
2	853	0.024356
2	854	0.000093
2	855	0.000002
2	859	0.000006
2	860	0.000003
2	864	0.000049
2	865	0.000033
2	868	0.000006
2	869	0.000001
2	873	0.025481
2	874	0.000500
2	875	0.000005
2	877	0.000022
2	878	0.002706
2	880	0.000026
2	881	0.000223
2	882	0.000803
2	886	0.000001
2	887	0.000024
2	888	0.000009
2	890	0.000001
2	897	0.000002
2	910	0.000059
2	918	0.000031
2	921	0.003586
3	7	0.000012
3	8	0.000010
3	9	0.000004
3	11	0.000003
3	13	0.000014
3	14	0.000006
3	29	0.000044
3	39	0.141852
3	40	0.001051
3	41	0.002067
3	42	0.025653
3	46	0.000002
3	61	0.000001
3	758	0.000009
3	761	0.000273
3	763	0.000452
3	764	0.000007
3	766	0.000102
3	767	0.000772
3	769	0.000047
3	770	0.687973
3	771	0.000838
3	772	0.000006
3	777	0.000002
3	781	0.000394
3	793	0.000012
3	795	0.000181
3	798	0.000622
3	799	0.012891
3	800	0.001137
3	801	0.005442
3	803	0.000244
3	804	0.000005
3	848	0.000438
3	849	0.000005
3	851	0.000011
3	852	0.026159
3	853	0.000002
3	854	0.000001
3	859	0.000003
3	863	0.000044
3	864	0.000035
3	868	0.000001
3	872	0.025592
3	873	0.000512
3	874	0.000003
3	875	0.000007
3	877	0.002670
3	878	0.000026
3	880	0.000226
3	881	0.000798
3	882	0.000008
3	886	0.000025
3	887	0.000009
3	889	0.000001
3	896	0.000002
3	909	0.000069
3	918	0.000016
3	921	0.001749
4	8	0.000022
4	9	0.000015
4	12	0.000013
4	13	0.000006
4	28	0.000045
4	41	0.024736
4	60	0.000002
4	756	0.000032
4	759	0.000002
4	764	0.000017
4	766	0.000685
4	769	0.575560
4	772	0.000004
4	780	0.000391
4	792	0.000006
4	798	0.010780
4	800	0.004775
4	851	0.026165
4	853	0.000001
4	862	0.000037
4	863	0.000030
4	871	0.025861
4	872	0.000287
4	874	0.000009
4	875	0.000060
4	884	0.000043
4	895	0.000002
4	908	0.000069
5	10	0.000012
5	27	0.000045
5	59	0.000003
5	755	0.000044
5	760	0.000205
5	775	0.000028
5	779	0.000384
5	794	0.000025
5	846	0.000011
5	847	0.000005
5	850	0.026099
5	856	0.000004
5	870	0.026071
5	883	0.000045
5	894	0.000002
5	907	0.000069
5	915	0.000025
5	916	0.000001
5	917	0.000006
5	919	0.000029
5	920	0.000043
6	26	0.000045
6	41	0.001324
6	58	0.000002
6	754	0.000036
6	759	0.000142
6	764	0.000226
6	766	0.008723
6	769	0.000395
6	772	0.000003
6	798	0.001884
6	800	0.000010
6	855	0.000004
6	860	0.000002
6	861	0.000002
6	869	0.021289
6	871	0.000005
6	874	0.000023
6	875	0.000006
6	914	0.000024
7	25	0.000041
7	37	0.000055
7	38	0.004506
7	43	0.000386
7	44	0.000395
7	45	0.000181
7	57	0.000002
7	757	0.000001
7	762	0.000037
7	765	0.008037
7	768	0.001604
7	773	0.000002
7	774	0.000004
7	775	0.000002
7	776	0.000011
7	778	0.000002
7	796	0.000045
7	797	0.001981
7	802	0.000007
7	858	0.000002
7	866	0.000028
7	867	0.000409
7	870	0.000004
7	876	0.000002
7	905	0.000002
7	906	0.000001
7	913	0.000020
7	922	0.000081
8	22	0.000021
8	37	0.002738
8	38	0.727940
8	43	0.000261
8	44	0.000153
8	45	0.000020
8	757	0.000001
8	762	0.000031
8	765	0.001612
8	768	0.000192
8	773	0.000003
8	774	0.000003
8	775	0.000010
8	776	0.000002
8	796	0.001062
8	797	0.000030
8	802	0.000003
8	857	0.000001
8	866	0.000207
8	867	0.000409
8	912	0.000008
8	922	0.000021
9	19	0.000002
9	21	0.000026
9	37	0.958049
9	38	0.000326
9	43	0.000048
9	44	0.000007
9	762	0.000025
9	765	0.000123
9	768	0.000022
9	773	0.000001
9	774	0.000004
9	775	0.000001
9	796	0.000023
9	797	0.000002
9	866	0.000190
9	867	0.000004
9	911	0.000003
9	922	0.000024
10	18	0.000003
10	20	0.000026
10	23	0.000002
10	36	0.999679
10	42	0.000012
10	761	0.000011
10	763	0.000006
10	764	0.000002
10	767	0.000002
10	795	0.000015
10	865	0.000002
10	921	0.000032
11	16	0.000005
11	35	0.999768
11	760	0.000007
11	794	0.000013
11	920	0.000032
12	19	0.000002
12	31	0.000004
12	34	0.991706
12	35	0.000003
12	38	0.000001
12	919	0.000030
13	31	0.000121
13	34	0.000106
13	37	0.000002
14	35	0.000004
14	917	0.000029
15	31	0.914149
15	34	0.000005
15	916	0.000029
16	28	0.000021
16	29	0.077092
16	30	0.917158
16	32	0.000048
16	33	0.000003
17	26	0.000064
17	28	0.533634
17	29	0.462634
17	914	0.000028
18	25	0.000135
18	27	0.988310
18	913	0.000028
19	24	0.000099
19	26	0.987362
19	28	0.010478
20	25	0.983846
20	27	0.010729
20	911	0.000027
21	26	0.008118
21	28	0.000001
21	29	0.000003
21	910	0.000026
22	26	0.000008
22	28	0.000017
22	908	0.000028
23	27	0.000017
23	907	0.000028
24	906	0.000027
26	904	0.000022
27	903	0.000028
28	902	0.000028
29	901	0.000028
30	900	0.000028
31	899	0.000023
32	775	0.000001
33	773	0.000009
34	41	0.000003
34	772	0.000011
34	897	0.000005
35	40	0.000003
35	42	0.000001
35	771	0.000011
35	896	0.000005
35	921	0.000094
36	920	0.000094
37	41	0.000012
37	766	0.000001
37	769	0.000006
37	861	0.000004
38	58	0.000006
38	764	0.000012
38	766	0.000033
38	769	0.000018
38	851	0.000002
38	860	0.000010
39	48	0.000095
39	57	0.000008
39	760	0.000011
39	775	0.000002
39	794	0.000001
39	846	0.000007
39	850	0.000003
39	915	0.000027
39	916	0.000062
39	917	0.000763
39	919	0.002010
39	920	0.000516
40	48	0.000989
40	56	0.000008
40	760	0.000022
40	775	0.000043
40	794	0.000001
40	845	0.000006
40	846	0.000002
40	850	0.000001
40	856	0.000002
40	913	0.000055
40	915	0.000061
40	916	0.000763
40	917	0.003094
40	919	0.000497
40	920	0.000004
41	45	0.000324
41	47	0.000917
41	48	0.000012
41	49	0.000434
41	716	0.000002
41	757	0.000001
41	760	0.000005
41	762	0.000146
41	765	0.001749
41	768	0.000072
41	773	0.000001
41	774	0.000040
41	776	0.000036
41	796	0.000005
41	797	0.000004
41	802	0.000004
41	844	0.000003
41	857	0.001621
41	858	0.000002
41	901	0.000035
41	912	0.000059
41	915	0.000119
41	916	0.003207
41	917	0.000031
41	919	0.000003
41	920	0.000006
41	922	0.000024
42	48	0.000748
42	715	0.000003
42	755	0.000007
42	760	0.000233
42	775	0.000046
42	794	0.000003
42	846	0.000008
42	850	0.000001
42	856	0.001800
42	870	0.000002
42	900	0.000042
42	911	0.000060
42	913	0.000052
42	915	0.003919
42	916	0.000030
42	917	0.000122
42	919	0.000017
42	920	0.000006
43	754	0.000007
43	759	0.000209
43	764	0.001268
43	766	0.000148
43	769	0.000004
43	772	0.000005
43	798	0.000008
43	800	0.000011
43	854	0.000002
43	855	0.001765
43	861	0.000002
43	862	0.000005
43	863	0.000005
43	869	0.000001
43	875	0.000004
43	899	0.000041
43	910	0.000053
43	914	0.003853
44	61	0.000002
44	753	0.000002
44	756	0.000004
44	759	0.000017
44	764	0.002805
44	766	0.000061
44	769	0.000005
44	772	0.000003
44	798	0.000009
44	800	0.000013
44	853	0.000002
44	854	0.001519
44	855	0.000008
44	860	0.000002
44	861	0.000006
44	862	0.000006
44	863	0.000001
44	872	0.000051
44	874	0.000004
44	875	0.000004
44	898	0.000039
44	914	0.000002
45	60	0.000006
45	756	0.001712
45	759	0.000022
45	764	0.000926
45	766	0.000149
45	769	0.000020
45	772	0.000017
45	798	0.000007
45	800	0.000008
45	851	0.000004
45	853	0.000864
45	854	0.000009
45	855	0.000004
45	860	0.000004
45	861	0.000004
45	862	0.000001
45	871	0.000063
45	874	0.000003
45	897	0.000028
45	908	0.000016
45	914	0.000009
46	56	0.000008
46	59	0.000006
46	755	0.001842
46	760	0.973074
46	850	0.000004
46	870	0.000065
46	900	0.000002
46	907	0.000016
46	911	0.004034
46	913	0.000006
47	55	0.000008
47	58	0.000006
47	60	0.000002
47	754	0.001804
47	756	0.000031
47	759	0.981521
47	764	0.000033
47	772	0.000003
47	800	0.000025
47	853	0.000311
47	865	0.000001
47	869	0.000065
47	899	0.000002
47	910	0.004062
48	53	0.000002
48	60	0.000001
48	61	0.000244
48	753	0.000257
48	754	0.000008
48	756	0.000029
48	758	0.978381
48	759	0.000005
48	761	0.000028
48	763	0.000036
48	767	0.000012
48	770	0.000001
48	771	0.000003
48	795	0.000002
48	799	0.000028
48	801	0.000010
48	849	0.000002
48	852	0.000410
48	864	0.000001
48	868	0.000064
48	898	0.000002
48	909	0.004066
48	921	0.000018
49	58	0.000004
49	60	0.000525
49	753	0.000007
49	754	0.000100
49	756	0.980050
49	766	0.000008
49	798	0.000016
49	800	0.000005
49	851	0.000410
49	897	0.000002
49	908	0.004003
50	56	0.000005
50	57	0.000004
50	59	0.000587
50	707	0.000013
50	752	0.000003
50	755	0.986415
50	760	0.000004
50	850	0.000408
50	907	0.003957
51	55	0.000004
51	58	0.000665
51	60	0.000062
51	706	0.000022
51	753	0.500643
51	754	0.490761
51	756	0.000002
51	759	0.000002
51	895	0.000069
52	56	0.000011
52	57	0.000668
52	59	0.000070
52	705	0.000023
52	752	0.997499
52	894	0.000071
52	920	0.000001
53	57	0.000010
53	59	0.000038
53	704	0.000023
53	715	0.000005
53	751	0.997754
53	752	0.000011
53	893	0.000071
53	919	0.000001
54	58	0.000026
54	60	0.000002
54	703	0.000023
54	711	0.000003
54	743	0.000002
54	750	0.996989
54	766	0.000004
54	892	0.000071
54	903	0.000020
55	59	0.000002
55	702	0.000023
55	710	0.000003
55	712	0.000004
55	713	0.000003
55	719	0.000006
55	744	0.000003
55	749	0.996977
55	765	0.000005
55	891	0.000071
55	902	0.000021
55	904	0.000001
56	701	0.000022
56	709	0.000004
56	711	0.000005
56	718	0.000013
56	740	0.000002
56	741	0.000151
56	742	0.000167
56	743	0.000002
56	747	0.000007
56	748	0.997493
56	764	0.000005
56	890	0.000071
56	903	0.000001
57	700	0.000022
57	709	0.000003
57	711	0.003062
57	717	0.000111
57	720	0.000001
57	739	0.000003
57	740	0.000184
57	741	0.000205
57	742	0.000008
57	743	0.000001
57	747	0.993260
57	748	0.000005
57	763	0.000005
57	889	0.000069
57	903	0.000002
58	694	0.000001
58	708	0.000002
58	710	0.007713
58	712	0.014778
58	713	0.000260
58	714	0.000078
58	715	0.000015
58	716	0.000126
58	719	0.000001
58	737	0.000002
58	738	0.000003
58	744	0.000422
58	745	0.002594
58	746	0.927432
58	762	0.000005
58	902	0.000002
58	904	0.000001
59	693	0.000001
59	698	0.000009
59	709	0.019756
59	711	0.044238
59	717	0.001804
59	718	0.000002
59	720	0.000003
59	724	0.000002
59	739	0.555925
59	740	0.003210
59	741	0.002137
59	742	0.003796
59	743	0.001277
59	747	0.000034
59	761	0.000005
59	886	0.000004
59	887	0.000011
59	888	0.000013
59	903	0.000001
60	692	0.000001
60	708	0.010470
60	710	0.042957
60	712	0.000335
60	713	0.000208
60	714	0.000204
60	715	0.000038
60	716	0.001797
60	719	0.000003
60	723	0.000002
60	737	0.000012
60	738	0.558158
60	744	0.014518
60	745	0.003741
60	746	0.000079
60	760	0.000005
60	885	0.000003
60	902	0.000001
61	707	0.000298
61	708	0.381635
61	710	0.000034
61	712	0.000046
61	713	0.000040
61	714	0.000008
61	715	0.000492
61	716	0.000002
61	737	0.555099
61	738	0.000008
61	744	0.001596
61	745	0.000139
61	746	0.000002
62	707	0.444902
62	715	0.000002
62	736	0.554438
62	738	0.000001
63	696	0.000001
63	706	0.445287
63	735	0.554133
64	705	0.445069
64	707	0.000006
64	733	0.000002
64	734	0.547002
65	704	0.443714
65	705	0.000453
65	732	0.000004
65	733	0.539641
65	734	0.007419
66	704	0.000882
66	732	0.531289
66	733	0.014765
67	691	0.000012
67	694	0.000910
67	702	0.651010
67	723	0.000011
67	732	0.022074
68	690	0.000033
68	693	0.001157
68	695	0.000002
68	698	0.000435
68	701	0.706851
68	722	0.000009
68	727	0.000014
68	728	0.006906
68	729	0.000017
68	730	0.000091
68	731	0.282380
69	689	0.000036
69	693	0.000007
69	697	0.000437
69	700	0.706999
69	721	0.000009
69	726	0.000014
69	727	0.006914
69	728	0.000014
69	729	0.000021
69	730	0.283626
69	731	0.000087
70	688	0.000036
70	690	0.000002
70	696	0.000437
70	699	0.706796
70	725	0.000050
70	726	0.006832
70	729	0.284113
70	730	0.000059
71	683	0.000001
71	686	0.000006
71	689	0.000002
71	690	0.002009
71	693	0.000001
71	695	0.000372
71	697	0.000009
71	698	0.706489
71	701	0.000010
71	718	0.000003
71	721	0.000017
71	722	0.000061
71	724	0.000084
71	725	0.006376
71	727	0.000012
71	728	0.284329
71	729	0.000028
72	682	0.000001
72	683	0.000099
72	686	0.000084
72	688	0.000003
72	689	0.005380
72	693	0.000010
72	695	0.000004
72	696	0.000004
72	697	0.703541
72	698	0.000001
72	700	0.000010
72	717	0.000003
72	718	0.000003
72	720	0.000017
72	721	0.000061
72	722	0.000013
72	724	0.006172
72	726	0.000015
72	727	0.283786
72	728	0.000027
73	77	0.000025
73	79	0.000006
73	682	0.000163
73	688	0.010410
73	690	0.000005
73	696	0.620842
73	699	0.000009
73	725	0.000529
73	726	0.242456
74	78	0.000009
74	687	0.017116
74	691	0.004031
74	715	0.000247
75	681	0.000111
75	684	0.003762
75	685	0.009566
75	687	0.000027
75	691	0.000046
75	692	0.019534
75	694	0.020932
75	714	0.000245
75	716	0.000001
75	719	0.000005
75	723	0.000524
76	681	0.001768
76	684	0.008895
76	685	0.002179
76	687	0.000199
76	691	0.019642
76	692	0.002687
76	694	0.002266
76	702	0.000001
76	713	0.000224
76	715	0.000001
76	719	0.000011
76	723	0.003991
77	681	0.839983
77	684	0.000825
77	685	0.000020
77	687	0.000018
77	691	0.001063
77	692	0.000486
77	694	0.001043
77	712	0.000138
77	719	0.000009
77	723	0.000114
78	680	0.997984
78	682	0.000003
78	683	0.000306
78	686	0.000011
78	689	0.000010
78	690	0.000006
78	693	0.000768
78	695	0.000022
78	711	0.000018
78	718	0.000002
78	720	0.000012
78	721	0.000005
78	722	0.000035
78	724	0.000007
79	679	0.997946
79	681	0.000008
79	685	0.000009
79	691	0.000002
79	692	0.000615
79	694	0.000020
79	710	0.000016
79	719	0.000011
79	723	0.000007
80	678	0.999908
80	680	0.000002
80	693	0.000007
80	718	0.000003
80	722	0.000003
81	677	0.999987
81	721	0.000002
82	676	0.999990
83	675	0.999961
84	674	0.999059
86	673	0.999475
87	672	0.999480
88	671	0.999976
89	670	0.999991
90	669	0.999962
91	97	0.000003
91	98	0.000004
91	100	0.000007
91	166	0.000012
91	212	0.000001
91	530	0.000002
91	668	0.999604
92	99	0.000117
92	114	0.000641
92	164	0.000039
92	165	0.000032
92	167	0.000002
92	211	0.000001
92	215	0.000003
92	529	0.000002
92	667	0.943718
93	99	0.009115
93	102	0.000002
93	113	0.001206
93	114	0.000004
93	162	0.000003
93	163	0.000131
93	164	0.000062
93	165	0.000029
93	167	0.002129
93	171	0.000002
93	173	0.000002
93	210	0.000002
93	215	0.149163
93	218	0.000003
93	222	0.000001
93	231	0.000022
93	233	0.000397
93	428	0.000110
93	431	0.000036
93	440	0.000001
93	528	0.000003
93	533	0.000057
93	667	0.048658
94	112	0.001209
94	166	0.001895
94	168	0.025226
94	172	0.000002
94	214	0.149354
94	232	0.000340
94	235	0.000013
94	238	0.000002
94	410	0.000002
94	523	0.000002
94	532	0.000058
94	666	0.087598
95	100	0.000095
95	101	0.000006
95	105	0.000010
95	107	0.000929
95	110	0.000005
95	111	0.001194
95	116	0.000006
95	117	0.000003
95	166	0.000181
95	168	0.000181
95	169	0.000208
95	212	0.000366
95	213	0.147969
95	214	0.000003
95	221	0.000015
95	227	0.000001
95	230	0.000076
95	232	0.000002
95	235	0.000005
95	236	0.004457
95	410	0.000001
95	520	0.000009
95	521	0.000048
95	524	0.000563
95	527	0.000224
95	530	0.000265
95	664	0.000036
95	665	0.033412
95	666	0.002039
96	105	0.006672
96	166	0.125670
96	168	0.000275
96	214	0.000004
96	220	0.000014
96	226	0.000001
96	232	0.000328
96	235	0.004346
96	238	0.000001
96	409	0.000001
96	410	0.000002
96	439	0.000001
96	517	0.000002
96	523	0.000467
96	532	0.000002
96	666	0.000583
97	103	0.000020
97	104	0.006990
97	114	0.000559
97	162	0.000005
97	163	0.000643
97	164	0.016003
97	165	0.131293
97	167	0.000256
97	202	0.000004
97	210	0.000010
97	211	0.102992
97	215	0.000073
97	218	0.000002
97	231	0.000322
97	233	0.002546
97	424	0.000001
97	428	0.000025
97	431	0.000008
97	438	0.000001
97	445	0.000009
97	455	0.000002
97	516	0.000002
97	528	0.000010
97	529	0.004197
97	531	0.000001
97	533	0.000005
97	663	0.000026
97	667	0.000004
98	102	0.000021
98	103	0.006988
98	104	0.000001
98	113	0.000550
98	114	0.000070
98	161	0.000004
98	162	0.000490
98	163	0.016407
98	164	0.130850
98	165	0.000174
98	167	0.000192
98	173	0.000005
98	201	0.000004
98	210	0.103180
98	211	0.000009
98	215	0.000501
98	218	0.000009
98	222	0.000005
98	231	0.003732
98	233	0.001627
98	423	0.000001
98	428	0.000089
98	431	0.000030
98	438	0.000004
98	440	0.000001
98	444	0.000009
98	454	0.000002
98	515	0.000002
98	528	0.004580
98	531	0.000038
98	663	0.000012
98	667	0.000013
99	105	0.000001
99	112	0.000288
99	116	0.001992
99	117	0.000002
99	166	0.000213
99	172	0.000007
99	175	0.000007
99	200	0.000004
99	209	0.092707
99	212	0.001507
99	213	0.000007
99	214	0.000093
99	221	0.000005
99	230	0.003660
99	232	0.001229
99	236	0.000010
99	422	0.000001
99	437	0.000004
99	443	0.000008
99	453	0.000001
99	520	0.000043
99	521	0.000016
99	523	0.000001
99	524	0.000017
99	527	0.004645
99	530	0.000143
99	661	0.000003
99	662	0.000010
99	664	0.000003
99	666	0.000088
100	104	0.000001
100	113	0.000051
100	114	0.981328
100	162	0.000134
100	163	0.000169
100	164	0.000014
100	165	0.000206
100	171	0.000006
100	173	0.000372
100	199	0.000001
100	206	0.000010
100	211	0.001485
100	215	0.000001
100	231	0.000814
100	452	0.000001
100	529	0.000142
101	113	0.988849
101	114	0.000030
101	161	0.000087
101	162	0.000009
101	163	0.000013
101	164	0.000192
101	171	0.000530
101	173	0.000214
101	206	0.000007
101	210	0.001483
101	215	0.000136
101	528	0.000140
102	107	0.000004
102	110	0.000001
102	111	0.001598
102	112	0.986806
102	160	0.000080
102	170	0.000542
102	172	0.000191
102	209	0.001387
102	214	0.000138
102	527	0.000123
103	110	0.001630
103	111	0.988396
103	112	0.000013
103	117	0.000005
103	159	0.000079
103	169	0.000528
103	170	0.001907
103	176	0.000001
103	213	0.000140
103	521	0.000005
103	524	0.000002
104	110	0.987372
104	111	0.000016
104	116	0.000005
104	158	0.000079
104	168	0.000194
104	169	0.001923
104	170	0.000106
104	175	0.000002
104	212	0.000139
104	520	0.000005
104	523	0.000002
105	109	0.801343
105	115	0.000003
105	157	0.000073
105	167	0.000087
105	174	0.000002
105	206	0.000003
105	211	0.000054
105	519	0.000005
105	522	0.000002
106	166	0.000072
106	168	0.003885
106	172	0.000001
107	113	0.000053
107	114	0.000011
107	165	0.000065
107	167	0.004329
107	171	0.000001
107	206	0.000002
107	215	0.000005
107	518	0.000003
108	112	0.000035
108	122	0.000018
108	166	0.002212
108	168	0.000005
108	214	0.000004
108	517	0.000002
109	121	0.000071
109	166	0.005554
109	168	0.000007
109	232	0.000004
110	114	0.000001
110	120	0.000079
110	162	0.000001
110	163	0.000004
110	164	0.000285
110	165	0.007844
110	167	0.000008
110	203	0.000002
110	231	0.000004
110	515	0.000004
111	119	0.000079
111	162	0.000002
111	163	0.000287
111	164	0.007845
111	165	0.000011
111	167	0.000001
111	202	0.000002
111	514	0.000004
112	118	0.000079
112	162	0.000017
112	163	0.007628
112	164	0.000010
112	165	0.000001
112	171	0.000008
112	201	0.000002
112	229	0.000005
112	513	0.000004
112	522	0.000011
113	117	0.000076
113	170	0.000019
113	200	0.000002
113	213	0.000001
113	228	0.000005
113	512	0.000004
113	521	0.000014
114	169	0.000020
114	212	0.000001
114	227	0.000005
114	236	0.000002
114	511	0.000003
114	520	0.000014
114	524	0.000004
114	527	0.000002
115	166	0.000120
115	168	0.000023
115	172	0.000004
115	214	0.000003
115	226	0.000004
115	232	0.000003
115	235	0.000003
115	410	0.000002
115	510	0.000003
115	523	0.000004
115	666	0.000014
116	161	0.000016
116	162	0.989851
116	163	0.001583
116	164	0.000023
116	165	0.000077
116	167	0.000006
116	171	0.000002
116	202	0.000002
116	203	0.000001
116	231	0.000002
117	161	0.998765
117	162	0.000837
117	163	0.000018
117	164	0.000059
117	201	0.000002
117	202	0.000001
118	160	0.999304
119	159	0.999897
120	158	0.999900
121	156	0.000001
121	157	0.998955
122	156	0.999265
122	157	0.000001
123	155	0.999963
124	154	0.999511
125	153	0.999977
126	152	0.999984
127	150	0.000001
127	151	0.998859
128	150	0.998775
129	149	0.998652
130	148	0.911101
131	146	0.000002
131	147	0.649753
131	148	0.085284
132	146	0.387791
132	147	0.350045
133	139	0.000003
133	143	0.006217
133	146	0.611800
134	138	0.000003
134	140	0.000002
134	142	0.006271
134	145	0.866866
135	139	0.000002
135	143	0.007765
135	147	0.000026
136	143	0.976668
136	146	0.000034
137	142	0.986965
137	145	0.000042
138	143	0.000033
160	171	0.000001
160	180	0.000036
160	216	0.000002
161	170	0.000010
161	172	0.000002
161	179	0.000124
161	214	0.000003
161	230	0.000002
162	169	0.000015
162	170	0.000423
162	172	0.000039
162	178	0.000167
162	179	0.000329
162	213	0.000061
162	214	0.001092
162	228	0.000004
162	230	0.000313
162	521	0.000011
162	524	0.000005
162	527	0.000005
163	168	0.000121
163	169	0.000625
163	170	0.068421
163	172	0.000232
163	175	0.000099
163	176	0.000138
163	177	0.002107
163	178	0.000530
163	179	0.000252
163	209	0.000001
163	212	0.000136
163	213	0.021655
163	214	0.414286
163	221	0.000007
163	227	0.000005
163	228	0.100543
163	230	0.000048
163	232	0.000005
163	236	0.000001
163	443	0.000010
163	450	0.000009
163	520	0.000015
163	521	0.000610
163	523	0.000012
163	524	0.000043
163	527	0.000188
163	666	0.000017
164	168	0.000274
164	169	0.068100
164	170	0.008658
164	172	0.000011
164	175	0.000253
164	176	0.003963
164	177	0.000577
164	178	0.000252
164	212	0.021582
164	213	0.457640
164	214	0.082260
164	220	0.000006
164	221	0.000079
164	226	0.000003
164	227	0.101019
164	228	0.000114
164	236	0.000003
164	239	0.000001
164	437	0.000003
164	442	0.000009
164	443	0.000058
164	449	0.000010
164	520	0.000599
164	521	0.000928
164	523	0.000011
164	524	0.001291
164	527	0.000058
164	530	0.000015
164	665	0.000015
164	666	0.000001
165	169	0.008416
165	170	0.000296
165	172	0.000006
165	175	0.005628
165	176	0.000622
165	177	0.000251
165	209	0.000006
165	212	0.455439
165	213	0.092687
165	214	0.001371
165	220	0.000080
165	224	0.000002
165	226	0.100907
165	227	0.000113
165	230	0.000010
165	235	0.000002
165	236	0.000002
165	238	0.000003
165	436	0.000003
165	442	0.000058
165	448	0.000010
165	520	0.000929
165	521	0.000003
165	523	0.001307
165	524	0.000004
165	527	0.000388
165	530	0.000002
165	664	0.000015
166	171	0.000005
166	173	0.000027
166	174	0.005588
166	207	0.000002
166	208	0.000006
166	210	0.000422
166	211	0.049921
166	215	0.000284
166	216	0.000170
166	217	0.000065
166	219	0.000080
166	223	0.000002
166	225	0.101096
166	229	0.000010
166	234	0.000002
166	237	0.000004
166	435	0.000003
166	441	0.000055
166	447	0.000010
166	519	0.000702
166	522	0.001308
166	525	0.000010
166	526	0.000364
166	528	0.000017
166	529	0.000001
166	663	0.000013
167	172	0.000039
167	175	0.014753
167	176	0.000002
167	209	0.000463
167	212	0.145125
167	213	0.060705
167	214	0.000304
167	220	0.000001
167	224	0.101075
167	228	0.000009
167	235	0.000017
167	236	0.000005
167	434	0.000003
167	446	0.000010
167	520	0.000008
167	521	0.001223
167	523	0.000001
167	524	0.000012
167	527	0.000156
167	530	0.000003
167	662	0.000011
168	173	0.000020
168	174	0.014901
168	205	0.000001
168	207	0.000043
168	208	0.000409
168	210	0.000012
168	211	0.003702
168	215	0.000091
168	216	0.000074
168	217	0.000084
168	218	0.000003
168	219	0.000007
168	222	0.000224
168	223	0.099217
168	234	0.000023
168	445	0.000008
168	519	0.000008
168	522	0.000001
168	525	0.000001
168	526	0.000139
168	529	0.000001
169	173	0.014690
169	206	0.000074
169	210	0.002100
169	211	0.796155
169	215	0.000033
169	218	0.000004
169	222	0.039557
169	233	0.000024
169	444	0.000005
169	445	0.000001
169	529	0.000003
170	206	0.000162
170	210	0.888855
170	211	0.000105
170	215	0.000010
170	218	0.000012
170	222	0.000037
170	231	0.000025
170	444	0.000001
170	528	0.000003
171	175	0.000249
171	176	0.000005
171	209	0.898744
171	212	0.000065
171	213	0.000001
171	214	0.000004
171	220	0.000145
171	221	0.000061
171	230	0.000026
171	442	0.000002
171	443	0.000001
171	527	0.000004
172	204	0.000002
172	205	0.000083
172	206	0.000187
172	207	0.000925
172	208	0.889592
172	210	0.000035
172	211	0.000062
172	216	0.000002
172	217	0.000002
172	218	0.000001
172	219	0.000152
172	222	0.000001
172	229	0.000026
172	441	0.000002
172	525	0.000001
172	526	0.000003
173	209	0.000083
173	212	0.000003
173	213	0.000002
173	221	0.000035
173	228	0.000025
173	524	0.000002
174	214	0.000002
174	220	0.000032
174	523	0.000002
175	203	0.000072
175	204	0.010261
175	206	0.230367
175	210	0.000004
175	211	0.000003
175	215	0.000007
175	218	0.000010
176	202	0.000072
176	203	0.009569
176	204	0.981855
176	206	0.000047
176	210	0.000002
177	201	0.000071
177	202	0.008836
177	203	0.986807
177	204	0.000580
178	199	0.000003
178	201	0.008080
178	202	0.989286
178	203	0.000763
178	204	0.000040
179	199	0.000696
179	201	0.989762
179	202	0.000756
179	203	0.000040
181	198	0.000147
181	199	0.973394
181	201	0.000001
182	197	0.000004
182	198	0.997936
182	199	0.000004
183	197	0.999954
184	196	0.999508
185	193	0.000002
185	195	0.999971
186	192	0.000006
186	194	0.999916
187	191	0.000024
187	193	0.991643
187	195	0.000007
188	192	0.980165
188	194	0.000008
189	193	0.000009
199	212	0.000025
199	232	0.000005
200	206	0.000012
200	210	0.000001
200	211	0.000025
200	215	0.000759
200	231	0.000007
201	209	0.000002
201	214	0.000773
201	230	0.000007
202	209	0.000028
202	213	0.000777
202	214	0.000003
203	209	0.000024
203	212	0.000777
203	213	0.000007
203	228	0.000009
204	209	0.000008
204	212	0.000007
204	227	0.000009
204	236	0.000003
205	214	0.000380
205	226	0.000009
205	235	0.000003
206	212	0.000011
206	213	0.000399
206	221	0.000404
206	227	0.000003
207	214	0.000003
207	220	0.000396
207	226	0.000003
208	220	0.000001
208	232	0.000004
208	415	0.000001
209	215	0.000027
209	218	0.000452
209	222	0.000032
209	231	0.000004
209	414	0.000001
210	214	0.000011
210	220	0.000001
210	221	0.000218
210	230	0.000004
210	413	0.000001
210	521	0.000002
211	220	0.000255
211	221	0.000201
211	228	0.000002
211	412	0.000001
211	520	0.000002
211	527	0.000002
211	530	0.000187
212	218	0.000797
212	222	0.000067
212	231	0.000003
212	233	0.000006
212	411	0.000001
212	428	0.000004
212	431	0.000002
212	515	0.000029
212	529	0.000199
213	218	0.001310
213	222	0.000672
213	231	0.000003
213	233	0.000007
213	428	0.000096
213	431	0.000051
213	514	0.000029
213	528	0.000200
213	529	0.000007
214	218	0.000034
214	219	0.000416
214	222	0.003348
214	223	0.000012
214	225	0.000030
214	229	0.000015
214	231	0.000031
214	237	0.000258
214	426	0.000001
214	427	0.000093
214	429	0.000002
214	430	0.000049
214	513	0.000029
214	522	0.000066
214	525	0.001453
214	526	0.000010
214	528	0.000012
215	220	0.000021
215	221	0.013353
215	224	0.000050
215	227	0.000045
215	228	0.000023
215	230	0.000086
215	236	0.000590
215	238	0.000035
215	239	0.000969
215	410	0.000003
215	425	0.000001
215	512	0.000029
215	520	0.000006
215	521	0.000112
215	524	0.002182
215	527	0.000276
215	530	0.000002
215	666	0.000012
216	220	0.010126
216	226	0.000042
216	235	0.000515
216	238	0.002026
216	409	0.000003
216	410	0.000005
216	511	0.000028
216	523	0.001903
216	666	0.000029
217	226	0.000007
217	232	0.000001
217	235	0.000010
217	238	0.000485
217	409	0.000003
217	410	0.000003
217	510	0.000021
217	523	0.000006
217	666	0.000025
218	224	0.000045
218	227	0.000627
218	228	0.000005
218	230	0.000002
218	232	0.000002
218	235	0.000008
218	236	0.891366
218	239	0.000008
218	434	0.000003
218	521	0.000006
218	524	0.000034
218	527	0.000002
219	226	0.000612
219	232	0.000164
219	235	0.893184
219	238	0.000014
219	433	0.000004
219	523	0.000033
220	225	0.000497
220	229	0.000001
220	231	0.000047
220	233	0.000007
220	234	0.893508
220	237	0.000018
220	421	0.000002
220	429	0.000002
220	432	0.000004
220	522	0.000029
221	231	0.000566
221	233	0.890934
221	420	0.000002
221	428	0.000002
221	431	0.000004
222	226	0.000003
222	227	0.000283
222	228	0.000436
222	230	0.001055
222	232	0.333134
222	235	0.000003
222	236	0.001961
222	419	0.000002
222	443	0.000002
222	520	0.000011
222	521	0.000001
222	524	0.000002
223	232	0.520757
223	235	0.001942
223	418	0.000002
223	523	0.000001
224	231	0.795017
224	233	0.002531
224	518	0.000015
225	232	0.002925
225	235	0.000146
225	517	0.000015
226	231	0.002737
226	234	0.000193
226	441	0.000008
226	516	0.000015
227	231	0.000299
227	233	0.000198
227	440	0.000005
227	515	0.000015
228	233	0.000047
228	416	0.000002
228	440	0.000873
228	514	0.000015
228	533	0.000006
229	235	0.000045
229	238	0.000010
229	410	0.000001
229	415	0.000002
229	439	0.001460
229	532	0.000011
230	414	0.000003
230	428	0.000006
230	431	0.000002
230	438	0.001599
230	440	0.000001
230	528	0.003538
230	531	0.000012
231	235	0.000028
231	236	0.005828
231	238	0.000055
231	409	0.000002
231	410	0.000003
231	413	0.000002
231	433	0.000005
231	436	0.003224
231	437	0.000808
231	520	0.000005
231	521	0.000003
231	523	0.000152
231	524	0.000015
231	527	0.005508
231	530	0.000014
231	666	0.000001
232	237	0.000081
232	427	0.000001
232	432	0.000008
232	435	0.004127
232	519	0.000004
232	522	0.000180
232	525	0.003614
232	526	0.003302
232	528	0.000002
232	529	0.000012
233	238	0.000002
233	239	0.000003
233	409	0.000004
233	410	0.000031
233	412	0.000002
233	434	0.004230
233	520	0.000002
233	521	0.000184
233	524	0.006097
233	527	0.000031
233	666	0.000001
234	238	0.000005
234	409	0.000035
234	410	0.000046
234	433	0.004253
234	523	0.005933
234	666	0.000002
235	408	0.000013
235	411	0.000001
235	429	0.000103
235	432	0.004274
235	519	0.000002
235	522	0.005079
235	525	0.000003
235	526	0.000002
236	407	0.000005
236	411	0.000004
236	428	0.000120
236	431	0.004272
236	518	0.000002
236	528	0.000002
237	409	0.573807
237	410	0.000253
237	523	0.000001
237	666	0.000005
238	407	0.000004
238	408	0.926758
238	429	0.000013
238	430	0.000003
239	406	0.000008
239	407	0.998396
239	428	0.000008
240	405	0.000007
240	406	0.999316
240	407	0.000648
241	404	0.000006
241	405	0.999317
241	406	0.000657
241	407	0.000002
242	404	0.999276
242	405	0.000662
242	406	0.000002
243	402	0.000014
243	403	0.990753
243	404	0.000632
243	405	0.000002
245	402	0.898349
246	399	0.000014
246	401	0.898349
247	399	0.991400
248	398	0.999931
248	399	0.000020
249	397	0.999975
249	398	0.000014
250	392	0.000013
250	396	0.999971
250	397	0.000007
251	391	0.000024
251	394	0.000005
251	395	0.999960
252	390	0.000037
252	391	0.001189
252	394	0.998739
253	390	0.004862
253	391	0.000084
253	393	0.992609
253	394	0.000001
254	387	0.000014
254	388	0.105312
254	389	0.016526
254	392	0.876084
255	384	0.000012
255	387	0.969639
255	388	0.011871
256	383	0.000013
256	386	0.998824
256	387	0.000294
256	388	0.000013
256	389	0.000320
257	382	0.000011
257	385	0.998931
257	390	0.000019
257	391	0.000001
258	383	0.000398
258	384	0.998433
258	386	0.000003
258	387	0.000065
258	389	0.000018
259	383	0.998922
259	384	0.000001
259	386	0.000067
259	388	0.000014
259	389	0.000001
260	381	0.999029
261	380	0.999934
262	379	0.999493
263	378	0.999486
264	377	0.999901
265	376	0.987414
266	374	0.146819
266	376	0.000045
267	376	0.000040
268	371	0.925034
268	372	0.010413
268	373	0.005395
268	375	0.000051
269	369	0.000109
269	370	0.999503
269	374	0.000014
270	368	0.000118
270	369	0.999800
270	370	0.000069
271	367	0.000125
271	368	0.999797
271	369	0.000064
272	367	0.999594
272	368	0.000058
273	363	0.000002
273	365	0.998903
274	362	0.000001
274	364	0.996494
275	364	0.000172
276	362	0.995677
276	364	0.000003
277	358	0.000002
277	360	0.000001
277	361	0.998089
277	363	0.000003
278	357	0.000003
278	360	0.998404
278	361	0.000234
278	363	0.000008
279	356	0.000003
279	359	0.976086
279	362	0.000007
280	288	0.000001
280	355	0.000002
281	287	0.000001
281	356	0.001401
281	359	0.011295
282	355	0.001129
283	355	0.000009
284	355	0.000012
284	356	0.997678
285	352	0.000168
285	355	0.998207
286	351	0.000153
286	353	0.000004
286	354	0.999081
287	350	0.000130
287	351	0.000010
287	353	0.998194
288	350	0.000010
288	351	0.000683
288	353	0.000013
289	350	0.000102
289	351	0.721085
289	354	0.000006
290	350	0.993170
290	351	0.000648
290	353	0.000007
291	349	0.970807
291	352	0.000007
292	349	0.004125
293	347	0.992218
293	348	0.004892
293	349	0.000674
294	346	0.996190
294	347	0.002477
294	348	0.000994
294	349	0.000003
295	345	0.997996
296	344	0.998184
296	346	0.000026
296	347	0.001300
296	348	0.000003
297	302	0.000001
297	304	0.000001
297	341	0.000020
297	344	0.000078
297	346	0.001508
297	347	0.000002
298	340	0.000020
298	342	0.989079
298	343	0.000073
298	345	0.001532
299	339	0.000020
299	341	0.997923
299	344	0.001533
299	346	0.000004
300	340	0.996338
300	343	0.001344
300	345	0.000003
301	339	0.973406
302	306	0.000001
302	342	0.000140
302	343	0.000213
303	342	0.000222
303	343	0.000176
304	342	0.000185
304	343	0.000065
305	342	0.000067
306	338	0.997937
306	339	0.000016
306	341	0.000040
307	337	0.999440
307	340	0.000022
308	336	0.999973
308	339	0.000002
309	335	0.999958
309	338	0.000002
310	334	0.983005
312	331	0.000001
312	332	0.994313
312	333	0.000931
313	331	0.999385
314	330	0.999490
315	329	0.999963
316	328	0.999575
317	326	0.000011
317	327	0.999915
318	326	0.998639
318	327	0.000036
318	329	0.000002
319	328	0.000005
320	326	0.000214
320	327	0.000008
321	325	0.000664
321	326	0.000010
386	391	0.000003
387	391	0.000002
407	524	0.000001
408	523	0.000002
408	666	0.000002
409	426	0.000151
409	427	0.309326
409	428	0.000087
409	429	0.000062
409	430	0.000025
409	431	0.000002
409	432	0.000002
409	522	0.000001
409	525	0.000001
409	526	0.000002
410	426	0.898619
410	427	0.001284
410	428	0.000044
410	429	0.000017
410	430	0.000006
410	431	0.000002
410	525	0.000003
410	526	0.000002
411	425	0.999750
411	530	0.000005
412	424	0.999979
412	529	0.000005
413	420	0.000001
413	423	0.999945
413	528	0.000005
414	419	0.000006
414	422	0.999702
414	527	0.000005
415	420	0.000569
415	421	0.990249
415	526	0.000004
416	422	0.000017
416	425	0.000002
417	421	0.000023
417	424	0.000002
417	430	0.000002
418	429	0.000002
419	428	0.000002
423	521	0.000001
424	520	0.000001
426	433	0.000002
426	523	0.000003
426	666	0.000002
427	433	0.000038
427	523	0.000253
427	666	0.000021
428	433	0.000007
428	434	0.000027
428	520	0.000359
428	521	0.000922
428	523	0.000252
428	524	0.754741
428	527	0.004456
428	530	0.000002
428	665	0.000003
428	666	0.000002
429	433	0.000026
429	523	0.733346
429	666	0.000007
430	523	0.002564
430	666	0.000008
431	520	0.038468
431	521	0.706218
431	523	0.000189
431	524	0.044652
431	527	0.000032
431	665	0.000002
432	523	0.044306
432	666	0.000002
433	441	0.000001
433	518	0.000001
433	519	0.944095
433	522	0.009443
433	525	0.000001
434	440	0.000001
434	518	0.995461
435	517	0.995350
436	445	0.000002
436	515	0.000019
436	516	0.995798
436	529	0.000097
437	444	0.000005
437	514	0.000036
437	515	0.995602
437	528	0.001062
438	443	0.000010
438	524	0.000001
438	527	0.001698
439	513	0.993083
439	514	0.000005
439	522	0.000001
439	525	0.000909
439	526	0.001204
440	511	0.000070
440	512	0.995852
440	524	0.001656
440	527	0.000002
441	510	0.002204
441	511	0.962069
441	523	0.001598
442	455	0.000001
442	509	0.002213
443	454	0.000001
443	455	0.000001
443	509	0.983301
444	507	0.000004
444	508	0.994216
444	520	0.000038
444	521	0.003761
445	453	0.000001
445	507	0.996066
445	520	0.003772
446	452	0.000002
446	506	0.996023
446	518	0.003888
447	451	0.000001
447	505	0.976058
447	517	0.003891
448	502	0.000018
448	516	0.003893
449	502	0.000269
449	515	0.003893
450	499	0.000013
450	502	0.993474
450	514	0.003893
451	498	0.000013
451	501	0.995439
451	513	0.003874
452	458	0.000003
452	497	0.000014
452	500	0.996026
452	512	0.003785
453	457	0.000004
453	496	0.000015
453	498	0.001959
453	499	0.990437
453	501	0.000005
453	513	0.000009
454	458	0.000006
454	497	0.003913
454	500	0.000006
454	510	0.000055
454	511	0.000060
454	512	0.000018
455	497	0.911918
455	510	0.000014
455	511	0.000031
455	512	0.000013
456	508	0.000001
456	510	0.000014
456	511	0.000019
457	510	0.000005
457	511	0.000002
458	495	0.986738
458	509	0.000002
459	493	0.000014
459	494	0.999878
460	492	0.000015
460	493	0.999959
460	494	0.000012
461	491	0.000013
461	492	0.999826
461	493	0.000013
462	491	0.956919
463	487	0.000002
463	491	0.005332
464	485	0.000001
465	487	0.000003
465	491	0.000208
466	484	0.000008
466	487	0.000018
466	491	0.000067
467	483	0.000009
467	487	0.000051
467	488	0.995344
468	487	0.998875
469	478	0.000001
469	482	0.000004
469	485	0.000001
469	486	0.999416
470	477	0.000002
470	481	0.000004
470	485	0.999849
471	484	0.984542
471	487	0.000006
472	477	0.000002
472	478	0.000226
472	479	0.000012
472	481	0.000059
472	482	0.871335
472	486	0.000012
473	477	0.000224
473	479	0.000335
473	481	0.901310
473	482	0.090300
473	485	0.000013
474	480	0.887689
474	483	0.002138
474	484	0.000018
475	484	0.000002
476	481	0.001652
476	482	0.001617
477	483	0.000051
478	484	0.000004
479	483	0.000008
495	511	0.000703
495	512	0.000004
495	524	0.000002
496	510	0.003419
496	511	0.000007
496	523	0.000002
497	509	0.003838
498	508	0.003847
498	511	0.000024
498	521	0.000009
499	507	0.003855
499	510	0.000038
499	520	0.000009
500	506	0.003853
500	509	0.000040
500	518	0.000009
501	505	0.002531
501	508	0.000039
501	517	0.000009
502	507	0.000039
503	515	0.000010
504	514	0.000010
505	513	0.000010
506	512	0.000010
514	521	0.000049
515	520	0.000049
515	521	0.000001
515	527	0.000001
516	520	0.000001
516	523	0.000001
516	527	0.000118
517	522	0.000001
517	525	0.000069
517	526	0.000102
518	524	0.000124
518	527	0.000007
518	530	0.000004
519	523	0.000099
520	528	0.000037
520	529	0.001630
521	528	0.001830
521	529	0.000002
521	533	0.000002
521	667	0.000004
522	532	0.000002
522	666	0.000022
523	528	0.000003
523	531	0.000002
523	534	0.000008
524	528	0.000004
524	533	0.000009
524	667	0.000050
525	532	0.000007
525	666	0.000743
526	532	0.000002
526	666	0.015245
527	531	0.000003
527	663	0.000810
527	667	0.000649
528	662	0.000849
528	664	0.000057
528	665	0.961349
528	666	0.001080
529	661	0.000848
529	664	0.988815
529	665	0.001127
529	666	0.000010
530	660	0.000704
530	663	0.989296
531	659	0.000170
531	661	0.000064
531	662	0.987494
531	664	0.009522
531	665	0.000004
532	660	0.000037
532	663	0.009561
533	659	0.000002
533	661	0.895983
533	662	0.009868
534	659	0.000014
535	660	0.998493
536	659	0.999276
537	658	0.999976
538	657	0.999990
539	656	0.999980
540	655	0.999584
541	654	0.999977
542	653	0.999991
543	652	0.999963
544	650	0.000009
544	651	0.999945
545	650	0.999768
546	647	0.000026
546	648	0.998902
547	647	0.991469
547	648	0.000042
547	649	0.000019
548	646	0.991894
549	645	0.999389
550	644	0.999956
551	642	0.000557
551	643	0.997333
551	647	0.000001
552	641	0.000844
552	644	0.000001
552	646	0.000001
554	641	0.992441
554	644	0.000002
555	638	0.000683
555	640	0.993098
555	642	0.003432
555	643	0.000002
556	641	0.003442
557	641	0.000003
559	636	0.000003
559	637	0.992280
559	638	0.000025
559	639	0.000003
560	635	0.000002
560	636	0.999959
560	638	0.000001
561	635	0.999973
562	634	0.999118
563	632	0.032657
563	633	0.967284
564	631	0.064939
564	632	0.932524
564	633	0.000008
565	630	0.092225
566	628	0.000036
566	630	0.603732
567	627	0.000018
567	629	0.303668
568	629	0.678047
569	628	0.999499
570	627	0.999464
571	626	0.999978
572	625	0.999778
573	623	0.999360
574	622	0.999136
575	621	0.999194
576	620	0.999975
577	619	0.999989
578	618	0.999934
579	617	0.984959
580	612	0.000105
580	617	0.000406
581	611	0.000104
581	617	0.000050
582	597	0.000005
582	610	0.000102
582	611	0.000002
582	617	0.000010
583	596	0.000005
583	599	0.000018
583	609	0.000100
583	610	0.000002
583	611	0.000003
583	617	0.000009
584	595	0.000005
584	598	0.000023
584	609	0.000001
584	611	0.000031
584	612	0.955872
585	594	0.000005
585	597	0.000024
585	610	0.000039
585	611	0.999664
586	596	0.000024
586	606	0.000008
586	609	0.000039
586	610	0.999818
586	611	0.000002
587	594	0.000024
587	606	0.000002
587	609	0.999738
587	610	0.000002
588	593	0.000023
588	607	0.014477
588	608	0.974977
590	604	0.000002
590	605	0.999147
590	607	0.000150
590	608	0.000027
591	604	0.999743
591	605	0.000160
591	607	0.000034
592	598	0.000002
592	602	0.000005
592	603	0.998935
592	606	0.000020
593	597	0.000003
593	599	0.000157
593	602	0.998792
593	603	0.000264
593	606	0.000018
594	600	0.014523
594	605	0.000017
594	607	0.000004
596	600	0.004682
596	604	0.000014
596	605	0.000024
597	604	0.000024
599	607	0.000004
599	618	0.000003
600	606	0.000004
600	617	0.000017
601	616	0.000018
602	614	0.000007
602	615	0.000017
603	613	0.000009
603	614	0.000015
604	611	0.000024
605	610	0.000024
678	687	0.000003
679	683	0.000004
679	686	0.000029
679	688	0.000233
679	689	0.000022
679	693	0.000022
679	695	0.000083
680	687	0.000276
680	691	0.000144
680	707	0.000007
681	688	0.000346
681	690	0.000207
681	696	0.000021
681	699	0.000002
681	703	0.000005
681	706	0.000012
681	709	0.000747
681	725	0.000004
682	687	0.000464
682	691	0.000093
682	692	0.393623
682	694	0.000077
682	702	0.000006
682	705	0.000014
682	708	0.001202
682	716	0.000032
682	719	0.000024
682	723	0.000087
683	687	0.000052
683	691	0.471842
683	704	0.000028
683	707	0.001292
683	715	0.000038
684	688	0.000105
684	690	0.427482
684	696	0.000041
684	699	0.000008
684	703	0.000031
684	706	0.000934
684	725	0.000002
684	726	0.000002
685	690	0.001075
685	696	0.000105
685	699	0.000020
685	703	0.000025
685	706	0.000083
685	711	0.000009
685	725	0.000005
686	691	0.007471
686	704	0.001199
686	705	0.000148
686	707	0.000015
686	715	0.000043
687	693	0.033276
687	695	0.039363
687	696	0.000059
687	697	0.000288
687	698	0.000171
687	699	0.000010
687	700	0.000279
687	701	0.000462
687	703	0.001366
687	706	0.000014
687	709	0.000131
687	711	0.000031
687	717	0.182128
687	718	0.000738
687	720	0.000030
687	721	0.000008
687	722	0.000020
687	724	0.000083
688	692	0.027089
688	694	0.036310
688	702	0.001268
688	704	0.000004
688	705	0.000020
688	708	0.000141
688	710	0.000032
688	712	0.000009
688	713	0.000003
688	714	0.000003
688	716	0.183862
688	719	0.000015
688	723	0.000072
689	704	0.000036
689	705	0.000003
689	707	0.000137
689	715	0.184098
690	694	0.000106
690	702	0.002236
690	704	0.000003
690	705	0.000001
690	707	0.000002
690	708	0.000104
690	710	0.000619
690	712	0.000656
690	713	0.001106
690	714	0.178642
690	715	0.000001
690	719	0.000004
690	723	0.000056
691	695	0.001073
691	696	0.000074
691	697	0.002385
691	698	0.001649
691	699	0.000030
691	700	0.006236
691	701	0.002584
691	703	0.000003
691	706	0.000005
691	709	0.001772
691	711	0.002260
691	718	0.000004
691	720	0.000010
691	721	0.000001
691	722	0.000074
691	724	0.000004
691	731	0.000001
692	696	0.001846
692	699	0.005660
692	703	0.000012
692	706	0.000192
692	709	0.001249
692	711	0.004305
692	730	0.000001
693	704	0.000309
693	705	0.000205
693	707	0.043536
694	699	0.000075
694	703	0.000359
694	706	0.043565
694	709	0.007649
694	711	0.000498
694	725	0.000002
695	704	0.000544
695	705	0.041803
695	707	0.059996
695	715	0.000007
696	702	0.000085
696	704	0.033487
696	705	0.000152
696	707	0.000891
696	708	0.019163
696	710	0.000032
696	713	0.000001
696	714	0.000006
696	716	0.000004
696	723	0.000004
697	704	0.004957
697	705	0.124861
697	707	0.019458
697	715	0.000004
698	704	0.126006
698	705	0.015920
698	707	0.000656
698	715	0.000036
699	704	0.012728
699	705	0.002377
699	707	0.000001
699	708	0.000192
699	714	0.000036
699	716	0.000006
699	719	0.000001
699	723	0.000113
700	704	0.002729
700	705	0.000608
700	707	0.000201
700	715	0.000007
701	705	0.000059
701	707	0.000032
702	706	0.000023
702	709	0.000015
702	711	0.000071
702	725	0.000314
702	726	0.000023
702	729	0.000004
702	730	0.000003
703	708	0.000018
703	710	0.000080
703	712	0.000016
703	713	0.000001
703	719	0.078094
703	723	0.015085
704	709	0.000076
704	711	0.000018
704	717	0.000004
704	718	0.103220
704	720	0.000006
704	721	0.238346
704	722	0.013663
704	724	0.000019
704	725	0.004013
704	726	0.000007
704	727	0.000007
704	728	0.000145
704	729	0.000037
704	730	0.000001
704	731	0.000020
705	711	0.000006
705	717	0.103280
705	718	0.000003
705	720	0.246505
705	721	0.007390
705	722	0.000003
705	724	0.004852
705	726	0.000002
705	727	0.000140
705	728	0.000043
705	729	0.000002
705	730	0.000016
705	731	0.000003
706	710	0.000006
706	712	0.000012
706	713	0.000057
706	714	0.000031
706	715	0.000551
706	716	0.101556
706	719	0.252655
706	723	0.004876
707	711	0.000021
707	717	0.000399
707	718	0.251592
707	720	0.000430
707	721	0.000017
707	722	0.004850
707	724	0.000007
707	725	0.000007
707	726	0.000005
707	727	0.000064
707	728	0.000004
707	731	0.000175
708	725	0.000005
708	726	0.000063
708	730	0.000172
708	743	0.000004
708	903	0.000066
709	713	0.002976
709	714	0.003163
709	715	0.001495
709	716	0.036276
709	719	0.000031
709	723	0.000002
709	737	0.000005
709	744	0.001653
709	745	0.000318
709	746	0.000025
709	901	0.000020
709	902	0.000097
709	904	0.000048
710	725	0.000001
710	726	0.000001
710	729	0.000019
710	743	0.001729
710	903	0.000051
711	715	0.000426
711	716	0.001719
711	719	0.000018
711	723	0.000006
711	737	0.000009
711	738	0.000001
711	744	0.004979
711	745	0.000144
711	746	0.000016
711	856	0.000006
711	900	0.000610
711	901	0.000005
711	902	0.000028
712	725	0.000004
712	726	0.000008
712	730	0.000005
712	743	0.005294
712	855	0.000063
712	899	0.001240
713	725	0.000010
713	726	0.001110
713	729	0.000006
713	730	0.000099
713	743	0.000760
713	854	0.000076
713	898	0.001381
713	899	0.000001
714	725	0.001955
714	726	0.000003
714	729	0.000123
714	743	0.014222
714	853	0.000079
714	897	0.001418
715	720	0.000101
715	721	0.000172
715	722	0.000535
715	724	0.002057
715	725	0.000004
715	726	0.000015
715	727	0.000051
715	728	0.000123
715	731	0.000030
715	739	0.141784
715	740	0.020779
715	741	0.001540
715	742	0.015047
715	743	0.000017
715	852	0.000079
715	896	0.001425
715	921	0.000255
716	725	0.000022
716	726	0.000048
716	730	0.000026
716	735	0.000006
716	743	0.000029
716	851	0.000079
716	895	0.001424
717	734	0.000006
717	736	0.000250
717	738	0.099467
717	746	0.000006
717	850	0.000079
717	894	0.001424
717	920	0.000524
718	733	0.000006
718	736	0.440200
718	738	0.000019
718	893	0.001423
718	919	0.000527
719	725	0.000141
719	726	0.000052
719	729	0.000004
719	730	0.000003
719	735	0.441595
719	892	0.001420
720	732	0.000003
720	733	0.000006
720	734	0.441896
720	738	0.000053
720	847	0.000005
720	891	0.001399
720	917	0.000532
721	732	0.000010
721	733	0.441892
721	734	0.000007
721	738	0.000019
721	846	0.000005
721	891	0.000009
721	894	0.000002
721	916	0.000532
722	732	0.441204
722	733	0.000014
722	736	0.000242
722	845	0.000005
722	891	0.000002
722	893	0.000002
722	915	0.000532
723	729	0.000931
723	730	0.016802
723	735	0.000244
723	892	0.000003
723	914	0.000532
724	732	0.000063
724	733	0.000003
724	734	0.000242
724	736	0.000001
724	738	0.000025
724	746	0.000003
724	891	0.000004
724	913	0.000531
725	732	0.000006
725	733	0.000220
725	737	0.000025
725	745	0.000004
725	912	0.000501
726	732	0.000160
726	733	0.000011
726	734	0.000002
726	736	0.000022
726	744	0.000003
726	841	0.000004
726	885	0.000006
726	911	0.000431
726	912	0.000015
727	732	0.000049
727	733	0.000018
727	734	0.000031
727	746	0.000002
727	840	0.000004
727	883	0.000001
727	907	0.000002
727	911	0.000029
728	732	0.000024
728	733	0.000032
728	734	0.000001
728	746	0.000431
728	775	0.000043
728	839	0.000004
728	883	0.000002
728	907	0.000169
728	911	0.000001
729	744	0.000019
729	745	0.000508
729	774	0.000044
729	885	0.000039
729	902	0.000004
729	906	0.000163
730	737	0.000001
730	744	0.000471
730	745	0.000004
730	773	0.000040
730	885	0.000009
730	901	0.000009
730	905	0.000128
730	907	0.000002
730	912	0.000007
731	736	0.000001
731	837	0.000004
731	883	0.001414
731	900	0.000010
731	907	0.000013
731	911	0.000011
732	740	0.000016
732	741	0.000673
732	742	0.001112
732	743	0.000036
732	771	0.000061
732	836	0.000004
732	882	0.001428
732	910	0.000012
733	739	0.000016
733	740	0.000679
733	741	0.001112
733	742	0.000040
733	770	0.000061
733	835	0.000004
733	881	0.001428
733	909	0.000012
734	739	0.000674
734	740	0.001102
734	741	0.000039
734	769	0.000061
734	834	0.000004
734	880	0.001428
734	908	0.000010
735	744	0.000002
735	768	0.000061
735	833	0.000004
735	879	0.001426
735	907	0.000005
736	740	0.000006
736	741	0.000021
736	742	0.000034
736	743	0.000004
736	748	0.000007
736	767	0.000061
736	801	0.000001
736	832	0.000004
736	877	0.000001
736	878	0.001414
737	743	0.010802
737	754	0.000049
737	766	0.000055
737	800	0.000001
737	830	0.000003
737	874	0.000002
737	875	0.000002
738	742	0.010986
738	743	0.000291
738	747	0.003654
738	748	0.000008
738	753	0.000063
738	756	0.000012
738	761	0.000046
738	799	0.000001
738	829	0.000003
738	877	0.000083
738	918	0.000005
738	921	0.000014
739	746	0.004278
739	752	0.000064
739	755	0.000012
739	760	0.000046
739	917	0.000005
739	920	0.000014
740	746	0.000349
740	751	0.000063
740	752	0.000002
740	826	0.000003
740	916	0.000005
740	919	0.000014
741	746	0.000421
741	751	0.000002
741	752	0.000058
741	775	0.000001
741	825	0.000003
741	900	0.000003
741	915	0.000005
741	917	0.000014
742	746	0.000116
742	751	0.000059
742	752	0.000002
742	775	0.000065
742	824	0.000003
742	900	0.000118
742	913	0.000004
742	916	0.000014
743	749	0.000001
743	751	0.000003
743	755	0.000003
743	773	0.000005
743	774	0.000063
743	876	0.000006
743	900	0.000018
743	912	0.000004
743	915	0.000013
744	750	0.000003
744	754	0.000003
744	772	0.000005
744	822	0.000002
744	875	0.000006
744	897	0.000006
744	898	0.000200
744	899	0.000019
744	914	0.000011
745	750	0.000001
745	753	0.000003
745	754	0.000040
745	759	0.000006
745	769	0.000001
745	772	0.000120
745	821	0.000002
745	853	0.000001
745	869	0.000001
745	874	0.000005
745	897	0.000280
745	898	0.000014
746	753	0.000042
746	756	0.000001
746	758	0.000006
746	761	0.000012
746	767	0.000006
746	770	0.000007
746	771	0.000126
746	772	0.000002
746	820	0.000002
746	852	0.000001
746	868	0.000001
746	873	0.000004
746	895	0.000259
746	896	0.000283
746	897	0.000001
747	751	0.000003
747	752	0.000042
747	760	0.000011
747	894	0.000594
748	755	0.000013
748	760	0.000002
748	775	0.000002
748	893	0.000596
749	754	0.000013
749	759	0.000002
749	766	0.000462
749	769	0.000564
749	772	0.000002
749	851	0.000003
749	871	0.000003
749	892	0.000596
750	757	0.000003
750	760	0.000001
750	765	0.000548
750	768	0.000656
750	773	0.000002
750	850	0.000003
750	870	0.000003
750	891	0.000595
751	756	0.000003
751	758	0.000006
751	759	0.000007
751	761	0.000001
751	763	0.000003
751	764	0.000570
751	767	0.000683
751	770	0.000007
751	771	0.000098
751	772	0.000002
751	799	0.000003
751	817	0.000002
751	820	0.000002
751	849	0.000004
751	869	0.000003
751	890	0.000595
752	758	0.000008
752	761	0.000014
752	763	0.000574
752	766	0.000677
752	769	0.000007
752	770	0.000098
752	771	0.000002
752	798	0.000003
752	816	0.000002
752	819	0.000002
752	848	0.000004
752	868	0.000004
752	889	0.000593
753	757	0.000007
753	760	0.000014
753	762	0.000346
753	765	0.000632
753	768	0.000010
753	797	0.000004
753	867	0.000004
754	760	0.000005
754	762	0.001869
754	765	0.000021
754	768	0.000252
754	773	0.000003
754	796	0.000005
754	802	0.000002
754	866	0.000003
754	922	0.000007
755	759	0.000002
755	761	0.002527
755	763	0.000778
755	764	0.000019
755	766	0.000156
755	767	0.000291
755	769	0.000002
755	770	0.000004
755	771	0.000004
755	772	0.000003
755	777	0.000007
755	795	0.000005
755	801	0.000003
755	814	0.000002
755	816	0.000002
755	859	0.000003
755	865	0.000003
755	868	0.000012
755	886	0.000591
755	921	0.000011
756	760	0.002213
756	762	0.000739
756	765	0.000271
756	768	0.000003
756	773	0.000002
756	776	0.000007
756	794	0.000002
756	813	0.000002
756	815	0.000002
756	858	0.000003
756	867	0.000012
756	885	0.000594
756	920	0.000004
756	922	0.000003
757	764	0.000258
757	766	0.000016
757	769	0.000003
757	772	0.000002
757	798	0.000001
757	851	0.000002
757	884	0.000594
758	775	0.000064
758	813	0.000002
758	850	0.000002
758	883	0.000591
758	919	0.000002
758	920	0.001325
759	765	0.000036
759	768	0.000694
759	773	0.000003
759	774	0.000064
759	796	0.000051
759	802	0.000004
759	866	0.000001
759	879	0.000011
759	919	0.001344
759	922	0.000033
760	764	0.000033
760	766	0.000008
760	767	0.000962
760	769	0.000004
760	770	0.000005
760	771	0.000011
760	772	0.000004
760	795	0.000066
760	801	0.000005
760	811	0.000005
760	848	0.000002
760	851	0.000002
760	864	0.000003
760	865	0.000001
760	868	0.000002
760	878	0.000011
760	880	0.000006
760	881	0.000065
760	882	0.000016
760	918	0.001371
760	921	0.000083
761	775	0.000267
761	778	0.000002
761	794	0.000064
761	810	0.000006
761	846	0.000002
761	847	0.000002
761	850	0.000004
761	856	0.000042
761	870	0.000001
761	883	0.000001
761	915	0.000060
761	916	0.000001
761	917	0.001365
761	919	0.000006
761	920	0.000079
762	766	0.000301
762	769	0.000217
762	772	0.000034
762	780	0.000007
762	798	0.000005
762	800	0.000002
762	809	0.000006
762	851	0.000014
762	855	0.000041
762	860	0.000005
762	861	0.000010
762	862	0.000005
762	863	0.000005
762	865	0.000012
762	869	0.000001
762	884	0.000003
762	914	0.000063
763	775	0.002426
763	778	0.000005
763	779	0.000011
763	794	0.000007
763	808	0.000006
763	846	0.000001
763	850	0.000016
763	856	0.000001
763	883	0.000003
763	913	0.000063
763	915	0.000162
763	916	0.000899
763	917	0.000005
763	919	0.000012
763	920	0.000012
764	768	0.000389
764	773	0.002458
764	774	0.002232
764	775	0.000024
764	776	0.000014
764	778	0.000014
764	794	0.000004
764	796	0.000024
764	797	0.000011
764	802	0.000002
764	807	0.000006
764	856	0.000003
764	857	0.000002
764	858	0.000028
764	866	0.000015
764	876	0.000004
764	904	0.000005
764	912	0.000047
764	915	0.000893
764	916	0.000003
764	919	0.000010
764	922	0.000020
765	769	0.000072
765	772	0.002557
765	780	0.000002
765	792	0.000003
765	798	0.000011
765	800	0.000001
765	806	0.000005
765	855	0.000005
765	860	0.000012
765	861	0.000045
765	862	0.000037
765	863	0.000012
765	865	0.000015
765	875	0.000004
765	884	0.000001
765	903	0.000005
765	914	0.000794
766	773	0.000161
766	774	0.000048
766	775	0.000022
766	776	0.006511
766	779	0.000002
766	791	0.000002
766	794	0.000077
766	796	0.000022
766	797	0.000011
766	802	0.000007
766	857	0.003192
766	858	0.000015
766	901	0.000015
766	902	0.000003
766	912	0.000577
766	913	0.000404
766	916	0.000016
766	917	0.000001
766	920	0.000031
766	922	0.000019
767	775	0.007788
767	778	0.000050
767	790	0.000002
767	794	0.000203
767	846	0.000002
767	850	0.000002
767	856	0.003656
767	900	0.000019
767	907	0.000001
767	911	0.000697
767	913	0.000025
767	915	0.000019
767	916	0.000001
767	919	0.000056
767	920	0.000006
768	772	0.000066
768	792	0.001846
768	798	0.000021
768	800	0.000011
768	854	0.000002
768	855	0.003595
768	860	0.000019
768	861	0.000012
768	862	0.000006
768	863	0.000002
768	899	0.000016
768	908	0.000001
768	910	0.000608
768	914	0.000018
769	773	0.000164
769	774	0.000198
769	775	0.000016
769	776	0.005498
769	791	0.002127
769	796	0.000010
769	797	0.000021
769	802	0.000074
769	856	0.000004
769	857	0.005335
769	858	0.000120
769	901	0.000005
769	907	0.000001
769	912	0.000041
769	913	0.000013
769	916	0.000001
769	917	0.000052
769	920	0.000002
769	922	0.000019
770	775	0.006526
770	778	0.000004
770	779	0.000013
770	790	0.002182
770	846	0.000006
770	856	0.006002
770	900	0.000005
770	907	0.000012
770	911	0.000043
770	913	0.000001
770	915	0.000002
770	916	0.000059
770	917	0.000024
770	919	0.000003
770	920	0.000070
771	775	0.000296
771	778	0.000030
771	789	0.002178
771	845	0.000005
771	846	0.000001
771	850	0.000003
771	856	0.005735
771	900	0.000003
771	907	0.000256
771	911	0.000003
771	913	0.000011
771	915	0.000058
771	916	0.000024
771	919	0.000071
771	920	0.000003
772	776	0.000018
772	796	0.000131
772	797	0.000173
772	802	0.004156
772	844	0.000003
772	856	0.000171
772	857	0.000014
772	858	0.000004
772	866	0.000004
772	867	0.000002
772	876	0.000041
772	905	0.000001
772	906	0.000237
772	912	0.000011
772	915	0.000023
772	919	0.000002
772	922	0.000023
773	784	0.000005
773	787	0.001933
773	798	0.000844
773	800	0.000503
773	853	0.000022
773	854	0.024330
773	855	0.000203
773	861	0.000007
773	863	0.000002
773	865	0.000003
773	875	0.000055
773	898	0.000010
773	914	0.000017
774	783	0.000006
774	786	0.002165
774	792	0.000001
774	798	0.002191
774	800	0.263876
774	853	0.030592
774	854	0.000112
774	855	0.000003
774	860	0.000009
774	862	0.000002
774	865	0.000055
774	869	0.000001
774	874	0.000057
774	897	0.000012
774	910	0.000071
775	782	0.000006
775	785	0.002170
775	788	0.000010
775	793	0.000008
775	795	0.308015
775	798	0.000562
775	799	0.296004
775	800	0.000021
775	801	0.019104
775	803	0.000032
775	848	0.000004
775	849	0.000009
775	852	0.031364
775	853	0.000003
775	854	0.000002
775	859	0.000010
775	861	0.000002
775	864	0.000059
775	868	0.000002
775	873	0.000054
775	878	0.000003
775	896	0.000012
775	909	0.000077
775	918	0.000001
775	921	0.000606
776	783	0.000009
776	784	0.002012
776	787	0.000009
776	792	0.000006
776	798	0.291104
776	800	0.018998
776	851	0.031310
776	853	0.000001
776	860	0.000002
776	863	0.000051
776	871	0.000002
776	872	0.000043
776	884	0.000001
776	895	0.000006
776	908	0.000075
777	789	0.000004
777	794	0.950858
777	850	0.031052
777	870	0.000003
777	883	0.000001
777	894	0.000001
777	907	0.000066
777	919	0.000001
777	920	0.000020
778	782	0.000436
778	783	0.000028
778	785	0.000009
778	786	0.000002
778	788	0.000004
778	793	0.969055
778	795	0.000028
778	799	0.000004
778	848	0.000004
778	849	0.027670
778	869	0.000001
779	783	0.000003
779	784	0.000008
779	785	0.000003
779	787	0.000004
779	788	0.000003
779	792	0.970000
779	793	0.000176
779	795	0.000062
779	798	0.000002
779	848	0.025574
779	868	0.000001
779	918	0.000022
779	921	0.000001
780	790	0.000006
780	791	0.988213
780	794	0.000039
780	796	0.000005
780	797	0.000002
780	847	0.002259
780	917	0.000022
780	920	0.000001
781	789	0.000019
781	790	0.992341
781	794	0.000055
781	846	0.001469
781	847	0.000027
781	916	0.000022
781	917	0.000001
781	919	0.000001
782	789	0.990297
782	790	0.000071
782	794	0.000013
782	845	0.001392
782	846	0.000015
782	915	0.000022
782	916	0.000001
783	789	0.000088
783	790	0.000001
783	791	0.000037
783	797	0.000002
783	844	0.001165
783	845	0.000003
783	915	0.000001
784	789	0.000004
784	790	0.000042
784	791	0.000325
784	796	0.000002
784	827	0.000001
784	841	0.000694
784	844	0.000002
785	789	0.000048
785	790	0.000362
785	794	0.000005
785	826	0.000001
785	840	0.000742
785	913	0.000007
786	796	0.000004
786	797	0.000011
786	802	0.000008
786	825	0.000001
786	839	0.000712
786	841	0.000126
786	912	0.000004
786	913	0.000013
787	796	0.000014
787	797	0.000001
787	802	0.000137
787	840	0.000129
787	841	0.000003
787	912	0.000020
788	794	0.000038
788	837	0.000737
788	839	0.000129
788	840	0.000003
788	911	0.000024
789	793	0.000036
789	795	0.000051
789	799	0.000012
789	800	0.002559
789	801	0.000367
789	803	0.000011
789	804	0.000018
789	805	0.000031
789	820	0.000011
789	835	0.000001
789	836	0.000735
789	838	0.000113
789	843	0.000183
789	910	0.000024
790	795	0.000014
790	798	0.000007
790	799	0.003336
790	800	0.000014
790	801	0.000167
790	803	0.000018
790	804	0.000031
790	819	0.000012
790	834	0.000002
790	835	0.000711
790	836	0.000012
790	842	0.000183
790	909	0.000024
790	921	0.000004
791	798	0.003277
791	800	0.000168
791	809	0.000003
791	818	0.000012
791	908	0.000023
792	796	0.000013
792	797	0.002754
792	802	0.000009
792	808	0.000003
792	833	0.000051
792	840	0.000139
792	841	0.000005
792	907	0.000019
792	920	0.000017
793	807	0.000003
793	810	0.000004
793	813	0.000001
793	815	0.000014
793	837	0.000008
793	839	0.000180
793	840	0.000003
793	856	0.000002
793	907	0.000002
793	919	0.000069
794	798	0.000011
794	799	0.000325
794	800	0.000021
794	801	0.000534
794	803	0.000065
794	806	0.000002
794	809	0.000004
794	811	0.000556
794	812	0.000006
794	814	0.000016
794	832	0.000114
794	836	0.000008
794	838	0.000183
794	848	0.000007
794	849	0.000002
794	855	0.000001
794	859	0.000001
794	918	0.000079
794	921	0.000027
795	807	0.000002
795	808	0.000004
795	810	0.000561
795	813	0.000016
795	831	0.000115
795	837	0.000181
795	847	0.000004
795	856	0.001491
795	900	0.000002
795	917	0.000079
795	920	0.000024
796	800	0.000080
796	806	0.000002
796	809	0.000311
796	830	0.000107
796	851	0.000002
796	853	0.000005
796	854	0.000031
796	855	0.001532
796	861	0.000008
796	862	0.000001
796	899	0.000002
797	806	0.000002
797	809	0.000260
797	851	0.000026
797	853	0.000036
797	854	0.001455
797	855	0.000006
797	860	0.000010
797	861	0.000002
797	898	0.000001
797	903	0.000001
798	802	0.000069
798	807	0.000004
798	808	0.000500
798	827	0.000062
798	828	0.000007
798	850	0.000025
798	857	0.000008
798	901	0.000002
798	902	0.000001
798	920	0.000001
798	922	0.000011
799	807	0.000509
799	808	0.000024
799	826	0.000067
799	846	0.000004
799	847	0.000001
799	850	0.000070
799	856	0.000009
799	900	0.000003
799	913	0.000067
799	917	0.000003
799	919	0.000003
799	920	0.000001
800	807	0.000017
800	808	0.000026
800	825	0.000066
800	827	0.000014
800	828	0.000002
800	841	0.000001
800	850	0.000097
800	857	0.000194
800	901	0.000009
800	912	0.000068
800	916	0.000003
800	920	0.000001
800	922	0.000009
801	807	0.000037
801	808	0.000002
801	810	0.000031
801	824	0.000065
801	825	0.000001
801	826	0.000014
801	840	0.000001
801	846	0.000019
801	847	0.000006
801	850	0.001083
801	856	0.000219
801	900	0.000009
801	911	0.000068
801	915	0.000003
801	917	0.000001
801	919	0.000003
801	920	0.000001
802	806	0.000025
802	809	0.000031
802	822	0.000004
802	851	0.000006
802	853	0.000003
802	854	0.000001
802	855	0.000214
802	899	0.000007
802	910	0.000053
802	914	0.000003
803	808	0.000031
803	825	0.000016
803	826	0.000024
803	837	0.000003
803	839	0.000002
803	840	0.000045
803	845	0.000001
803	846	0.003572
803	847	0.271539
803	850	0.000002
804	824	0.000016
804	825	0.000025
804	826	0.000001
804	837	0.000002
804	839	0.000046
804	840	0.000012
804	845	0.001804
804	846	0.991277
804	847	0.000003
805	824	0.000024
805	825	0.000001
805	837	0.000067
805	839	0.000012
805	845	0.996709
805	846	0.000012
806	824	0.000001
806	837	0.000008
806	844	0.998185
806	845	0.000003
807	817	0.000043
807	819	0.000003
807	820	0.000058
807	821	0.000002
807	823	0.000001
807	835	0.000362
807	836	0.000012
807	843	0.998837
808	816	0.000045
808	818	0.000002
808	819	0.000058
808	820	0.000002
808	822	0.000001
808	834	0.000377
808	835	0.000008
808	842	0.998816
808	843	0.000002
809	815	0.000045
809	833	0.000381
809	839	0.000047
809	840	0.000005
809	841	0.992260
810	814	0.000041
810	816	0.000104
810	817	0.000001
810	832	0.000378
810	834	0.000006
810	835	0.000003
810	836	0.000002
810	838	0.000244
810	842	0.000008
811	815	0.000102
811	825	0.000002
811	826	0.000001
811	831	0.000362
811	837	0.000241
811	839	0.005032
811	840	0.991350
812	824	0.000002
812	825	0.000001
812	826	0.000001
812	831	0.000015
812	837	0.003963
812	839	0.993392
812	840	0.000004
813	823	0.000002
813	829	0.000114
813	830	0.000027
813	832	0.002299
813	834	0.000212
813	835	0.000025
813	836	0.003309
813	838	0.993400
814	824	0.000002
814	831	0.002582
814	837	0.991523
814	839	0.000007
815	819	0.000043
815	820	0.000156
815	821	0.000007
815	822	0.000012
815	823	0.000070
815	829	0.004923
815	830	0.004083
815	832	0.485056
815	834	0.000413
815	835	0.001503
815	836	0.489645
815	838	0.000016
816	824	0.000023
816	825	0.000102
816	826	0.000222
816	831	0.578172
816	837	0.000017
817	824	0.000092
817	825	0.000202
817	826	0.000056
817	827	0.013763
817	828	0.714520
817	831	0.000908
817	833	0.002822
818	824	0.000147
818	825	0.000077
818	826	0.014418
818	827	0.922003
818	828	0.001341
818	831	0.000064
818	833	0.001155
818	841	0.000005
819	824	0.000109
819	825	0.014870
819	826	0.932801
819	831	0.000120
819	840	0.000011
820	824	0.014786
820	825	0.931303
820	826	0.000104
820	831	0.001434
820	839	0.000011
820	840	0.000005
821	825	0.000093
821	826	0.000003
821	827	0.000020
821	828	0.000042
821	831	0.000039
821	833	0.000184
821	839	0.000005
822	826	0.000017
822	827	0.000038
822	828	0.000020
822	831	0.000046
822	833	0.000038
823	831	0.002062
823	837	0.001200
824	829	0.000734
824	830	0.002074
824	832	0.000021
824	834	0.000032
824	835	0.036713
824	836	0.007356
824	843	0.000001
825	829	0.001991
825	830	0.000005
825	832	0.000116
825	834	0.036751
825	835	0.008748
825	836	0.000124
825	842	0.000001
825	843	0.000001
826	830	0.000007
826	832	0.001641
826	834	0.008714
826	835	0.000161
826	842	0.000001
829	840	0.000076
830	839	0.000078
831	835	0.000440
831	836	0.000296
831	838	0.000106
832	837	0.000108
834	840	0.000008
835	839	0.000008
835	840	0.000001
845	882	0.000001
846	881	0.000001
846	921	0.000007
847	880	0.000002
847	918	0.000106
847	921	0.723548
848	856	0.000014
848	870	0.000003
848	883	0.000001
848	916	0.000622
848	917	0.000124
848	919	0.000004
848	920	0.926136
849	856	0.000617
849	870	0.000003
849	883	0.000007
849	915	0.000629
849	916	0.000121
849	919	0.928026
849	920	0.000001
850	854	0.000003
850	855	0.000490
850	859	0.000662
850	861	0.000001
850	864	0.000014
850	868	0.000412
850	869	0.000003
850	877	0.000269
850	878	0.000056
850	880	0.000331
850	881	0.000002
850	882	0.000007
850	909	0.000009
850	914	0.000587
850	918	0.928045
850	921	0.000141
851	856	0.000002
851	857	0.000143
851	858	0.000570
851	867	0.000381
851	876	0.000255
851	879	0.000315
851	912	0.000005
851	915	0.000006
851	916	0.000476
851	917	0.923298
851	920	0.000138
852	856	0.000203
852	907	0.000011
852	911	0.000006
852	913	0.004324
852	915	0.000924
852	916	0.915599
852	917	0.002920
852	919	0.000133
852	920	0.000003
853	857	0.000008
853	858	0.000006
853	866	0.000036
853	867	0.000276
853	876	0.000717
853	879	0.000001
853	906	0.000012
853	911	0.000014
853	912	0.005646
853	913	0.009336
853	915	0.871744
853	916	0.002773
853	917	0.000010
853	919	0.000002
854	858	0.000010
854	866	0.000335
854	867	0.000287
854	876	0.000133
854	901	0.000001
854	905	0.000012
854	906	0.000003
854	907	0.000002
854	911	0.006420
854	912	0.057111
854	913	0.024325
854	915	0.005214
854	916	0.000089
854	917	0.000039
854	920	0.000208
855	866	0.000461
855	867	0.000013
855	876	0.000044
855	879	0.000011
855	900	0.000001
855	904	0.000009
855	905	0.000003
855	906	0.000001
855	911	0.061792
855	912	0.034886
855	913	0.018368
855	915	0.000572
855	916	0.000127
855	917	0.000008
855	919	0.000509
855	920	0.000014
855	922	0.000061
856	860	0.000007
856	861	0.000027
856	862	0.000060
856	863	0.000087
856	864	0.005657
856	865	0.000237
856	868	0.000024
856	872	0.000002
856	873	0.054042
856	874	0.000003
856	875	0.000010
856	878	0.000009
856	908	0.000003
856	909	0.051499
856	910	0.034893
856	914	0.001531
856	918	0.000685
856	921	0.000098
857	861	0.000057
857	862	0.000116
857	863	0.005558
857	865	0.000023
857	869	0.000002
857	871	0.000001
857	872	0.054297
857	874	0.000007
857	908	0.026257
857	910	0.035605
857	914	0.003743
858	862	0.003242
858	863	0.000034
858	865	0.000052
858	869	0.000008
858	871	0.054372
858	908	0.163328
858	910	0.000993
858	914	0.643927
859	870	0.054374
859	907	0.193825
859	911	0.001161
859	913	0.654426
859	915	0.001565
859	916	0.003424
859	917	0.000114
859	919	0.000001
859	920	0.000001
860	866	0.000168
860	867	0.001054
860	870	0.000006
860	904	0.000003
860	905	0.000170
860	906	0.192658
860	907	0.000496
860	911	0.000516
860	912	0.623170
860	913	0.000310
860	915	0.004260
860	916	0.000122
860	917	0.000001
860	919	0.000001
861	866	0.001337
861	867	0.000853
861	870	0.000005
861	902	0.000003
861	904	0.000137
861	905	0.187780
861	906	0.001184
861	907	0.001509
861	911	0.570368
861	912	0.003100
861	913	0.000251
861	915	0.000157
861	916	0.000004
862	866	0.000659
862	867	0.002016
862	870	0.000002
862	901	0.000004
862	902	0.001094
862	904	0.087442
862	905	0.001749
862	906	0.001877
862	907	0.000147
862	911	0.005501
862	912	0.000444
862	913	0.032847
862	915	0.000015
863	867	0.000057
863	870	0.000002
863	900	0.000004
863	901	0.002114
863	902	0.000071
863	904	0.001069
863	905	0.002021
863	906	0.000132
863	907	0.000174
863	911	0.000313
863	912	0.078520
863	913	0.000007
863	917	0.000001
864	870	0.000099
864	900	0.002174
864	907	0.239584
864	911	0.095562
864	913	0.000143
864	916	0.000003
865	870	0.000004
865	876	0.000047
865	900	0.000190
865	901	0.000360
865	902	0.000048
865	904	0.000297
865	905	0.000650
865	906	0.235237
865	907	0.004123
865	911	0.000635
865	912	0.000140
865	915	0.000003
866	871	0.000002
866	872	0.000005
866	874	0.000001
866	875	0.000065
866	897	0.000010
866	898	0.000305
866	899	0.000428
866	903	0.000223
866	908	0.001433
866	910	0.001677
866	914	0.000004
867	871	0.000004
867	872	0.000002
867	874	0.000053
867	875	0.000002
867	884	0.000004
867	895	0.000008
867	897	0.000376
867	898	0.000407
867	899	0.000373
867	903	0.000092
867	908	0.176147
867	910	0.000014
867	914	0.000100
868	883	0.000004
868	894	0.000008
868	900	0.000188
868	907	0.181418
868	911	0.000004
868	913	0.000103
868	920	0.000022
869	876	0.000017
869	879	0.000023
869	893	0.000007
869	900	0.000025
869	901	0.000051
869	902	0.000107
869	904	0.622138
869	905	0.001958
869	906	0.126112
869	907	0.000008
869	912	0.000083
869	919	0.000022
869	922	0.000003
870	875	0.000027
870	877	0.000154
870	878	0.000029
870	880	0.000014
870	881	0.000001
870	890	0.000001
870	892	0.000003
870	895	0.000004
870	896	0.002075
870	897	0.000033
870	898	0.000082
870	899	0.000052
870	903	0.882356
870	909	0.000001
870	910	0.000001
870	918	0.000022
870	921	0.000006
871	876	0.000152
871	879	0.000013
871	900	0.000204
871	901	0.000525
871	902	0.901011
871	904	0.000331
871	905	0.000049
871	917	0.000021
871	920	0.000002
872	876	0.000001
872	894	0.000002
872	900	0.000501
872	901	0.906302
872	902	0.000078
872	904	0.000043
872	905	0.000001
872	916	0.000019
872	919	0.000001
873	893	0.000002
873	894	0.000003
873	900	0.905794
873	907	0.000039
873	913	0.000001
873	915	0.000018
874	879	0.000008
874	883	0.000002
874	885	0.000004
874	893	0.000002
874	894	0.000004
874	900	0.000073
874	901	0.000957
874	902	0.000088
874	905	0.000006
874	906	0.000040
874	912	0.000003
874	922	0.000001
875	879	0.000006
875	885	0.001772
875	893	0.000006
875	900	0.001032
875	901	0.000098
875	902	0.000005
875	904	0.000007
875	905	0.000038
875	911	0.000003
875	915	0.000002
875	922	0.000037
876	884	0.002033
876	892	0.000007
876	895	0.766580
876	897	0.032234
876	898	0.005454
876	899	0.000688
876	903	0.000003
876	910	0.000001
876	914	0.000004
877	883	0.002045
877	891	0.000007
877	893	0.000001
877	894	0.822786
877	900	0.000004
877	913	0.000004
877	916	0.000070
877	920	0.002416
878	883	0.000063
878	893	0.823049
878	894	0.000022
878	900	0.000009
878	911	0.000003
878	915	0.000079
878	919	0.002435
878	920	0.000002
879	884	0.000002
879	892	0.818720
879	895	0.103825
879	897	0.000004
879	899	0.000006
879	910	0.000001
879	914	0.000078
880	891	0.791334
880	893	0.000308
880	894	0.110131
880	913	0.000077
880	917	0.002407
880	919	0.000002
880	920	0.000642
881	891	0.003905
881	893	0.110090
881	894	0.000329
881	911	0.000011
881	916	0.002406
881	917	0.000001
881	919	0.000458
881	920	0.046643
882	891	0.132594
882	893	0.000360
882	894	0.000002
882	900	0.000002
882	911	0.000045
882	915	0.002400
882	916	0.000001
882	917	0.000009
882	919	0.047659
882	920	0.000021
883	887	0.008573
883	888	0.134513
883	889	0.045094
883	890	0.159864
883	892	0.000310
883	896	0.000031
883	897	0.000002
883	899	0.000002
883	909	0.000003
883	910	0.000028
883	914	0.001966
883	918	0.046632
883	921	0.003882
884	891	0.000083
884	893	0.000046
884	911	0.000002
884	912	0.000018
884	913	0.000053
884	915	0.000013
884	917	0.006815
884	919	0.000038
884	920	0.003640
884	922	0.000076
885	892	0.000480
885	895	0.000241
885	908	0.000018
885	910	0.000001
885	914	0.000150
886	891	0.000521
886	893	0.000002
886	894	0.000279
886	907	0.000019
886	911	0.000050
886	913	0.000200
886	915	0.000056
886	916	0.002165
886	917	0.029337
886	919	0.001418
886	920	0.006405
887	891	0.000007
887	893	0.000278
887	894	0.000043
887	911	0.000048
887	913	0.000044
887	915	0.002142
887	916	0.032569
887	917	0.016604
887	919	0.006467
887	920	0.000003
888	893	0.000044
888	894	0.000016
888	911	0.000102
888	913	0.000486
888	915	0.032483
888	916	0.018459
888	917	0.007510
888	919	0.000003
889	893	0.000016
889	911	0.000071
889	913	0.001046
889	915	0.018536
889	916	0.007617
889	917	0.000007
889	920	0.000132
890	907	0.000005
890	911	0.000869
890	913	0.049532
890	915	0.007611
890	916	0.000007
890	919	0.000134
891	903	0.000002
891	909	0.000001
891	910	0.000571
891	914	0.006452
891	918	0.000135
891	921	0.000014
892	901	0.000008
892	902	0.000002
892	904	0.000004
892	911	0.045360
892	912	0.000895
892	913	0.000506
892	917	0.000133
892	920	0.000014
893	903	0.000003
893	908	0.000002
893	909	0.000951
893	910	0.060603
893	914	0.000014
894	899	0.000005
894	903	0.000005
894	908	0.000900
894	909	0.061644
894	910	0.000079
894	914	0.000008
894	918	0.000014
895	901	0.000034
895	902	0.000005
895	906	0.000001
895	907	0.000005
895	912	0.000086
895	915	0.000004
895	917	0.000014
896	900	0.000058
896	907	0.065456
896	911	0.000136
896	913	0.010777
896	915	0.000019
896	916	0.000015
897	901	0.000002
897	902	0.000003
897	904	0.000019
897	905	0.000105
897	906	0.065355
897	907	0.000201
897	911	0.000006
897	912	0.011020
897	913	0.000082
897	915	0.000014
898	902	0.000003
898	904	0.000167
898	905	0.062492
898	906	0.000453
898	907	0.000055
898	911	0.009030
898	912	0.000128
898	913	0.000025
899	904	0.049220
899	905	0.000623
899	906	0.000105
899	907	0.000004
899	911	0.000122
899	912	0.000040
899	913	0.000002
900	908	0.000004
900	909	0.011500
900	910	0.000022
901	908	0.010229
901	910	0.000042
901	914	0.000001
902	908	0.000095
902	910	0.000003
902	914	0.000010
903	907	0.000140
903	911	0.000005
903	912	0.000003
903	913	0.000010
904	908	0.000001
904	910	0.000009
905	910	0.000020
905	914	0.000006
906	910	0.000006
906	914	0.000016
907	914	0.000002
907	918	0.000189
907	921	0.000019
908	912	0.000009
908	913	0.000004
908	916	0.000005
908	917	0.000189
908	920	0.000012
909	913	0.000012
909	915	0.000125
909	916	0.000196
909	917	0.000001
909	919	0.000011
909	920	0.000011
910	915	0.000173
910	916	0.000001
910	917	0.000001
910	919	0.000012
911	918	0.000016
913	921	0.000030
914	920	0.000029
914	922	0.000008
915	921	0.000014
916	921	0.000011
917	921	0.000002
