1	7	0.000011
1	8	0.000010
1	9	0.000002
1	41	0.072116
1	707	0.000006
1	732	0.001452
2	7	0.000033
2	8	0.000007
2	9	0.000001
2	30	0.000001
2	39	0.000057
2	40	0.095284
2	41	0.000568
2	42	0.001720
2	46	0.000734
2	53	0.000002
2	62	0.000018
2	677	0.000008
2	694	0.000004
2	706	0.000007
2	707	0.000011
2	725	0.000202
2	730	0.000025
2	731	0.001131
2	732	0.749366
2	733	0.011157
3	7	0.000006
3	8	0.000004
3	9	0.000002
3	29	0.000001
3	39	0.095302
3	40	0.000698
3	41	0.001390
3	42	0.015442
3	46	0.000049
3	52	0.000002
3	61	0.000018
3	676	0.000008
3	705	0.000006
3	706	0.000012
3	724	0.000201
3	725	0.000002
3	730	0.000330
3	731	0.851880
3	732	0.000115
3	733	0.000022
4	8	0.000003
4	9	0.000001
4	28	0.000001
4	41	0.014794
4	60	0.000018
4	690	0.000016
4	704	0.000003
4	705	0.000010
4	728	0.000073
4	730	0.853074
4	732	0.000012
5	27	0.000001
5	56	0.000002
5	59	0.000018
5	675	0.000004
5	689	0.000017
5	691	0.000004
5	703	0.000003
5	727	0.000076
5	729	0.853568
6	26	0.000001
6	41	0.000069
6	55	0.000002
6	58	0.000017
6	688	0.000017
6	690	0.000004
6	728	0.836248
7	25	0.000001
7	37	0.000023
7	38	0.001794
7	43	0.000018
7	44	0.000017
7	45	0.000008
7	54	0.000002
7	57	0.000015
7	687	0.000015
7	689	0.000003
7	722	0.000015
7	723	0.000065
7	726	0.000578
7	727	0.792467
8	37	0.001235
8	38	0.493293
8	43	0.000012
8	44	0.000007
8	45	0.000001
8	56	0.000004
8	73	0.000002
8	675	0.000001
8	722	0.000120
8	723	0.000381
8	726	0.323927
8	727	0.000485
9	37	0.924487
9	38	0.000574
9	43	0.000002
9	73	0.000002
9	721	0.000001
9	722	0.000366
9	723	0.000316
9	726	0.000339
9	727	0.000004
10	36	0.999570
10	724	0.000109
10	725	0.000083
11	16	0.000001
11	35	0.999830
11	72	0.000001
12	31	0.000004
12	34	0.991768
12	35	0.000003
12	71	0.000001
12	722	0.000001
12	723	0.000020
13	31	0.000121
13	34	0.000106
13	70	0.000001
13	722	0.000020
14	35	0.000004
14	69	0.000001
14	721	0.000013
15	31	0.914214
15	34	0.000005
15	68	0.000001
15	720	0.000004
16	28	0.000021
16	29	0.077096
16	30	0.917223
16	32	0.000048
16	33	0.000003
16	731	0.000001
17	26	0.000064
17	28	0.533670
17	29	0.462666
17	730	0.000001
18	25	0.000135
18	27	0.988379
18	59	0.000001
18	729	0.000001
19	24	0.000099
19	26	0.987430
19	28	0.010479
19	58	0.000001
19	728	0.000001
20	25	0.983914
20	27	0.010730
20	57	0.000001
21	26	0.008119
21	28	0.000001
21	29	0.000003
22	26	0.000008
22	28	0.000017
23	27	0.000017
25	52	0.000001
26	51	0.000001
27	36	0.000001
27	50	0.000001
28	35	0.000001
28	49	0.000001
30	59	0.000001
31	58	0.000001
31	716	0.000003
32	57	0.000001
32	715	0.000004
33	56	0.000001
33	714	0.000004
34	55	0.000001
34	75	0.000011
34	713	0.000004
35	74	0.000013
35	712	0.000004
36	711	0.000004
37	75	0.000103
37	76	0.000036
38	58	0.000718
38	60	0.000001
38	75	0.000539
38	76	0.000026
39	48	0.000208
39	57	0.000814
39	59	0.000001
39	69	0.000649
39	71	0.000170
39	72	0.818100
39	675	0.000006
40	48	0.002165
40	56	0.000816
40	57	0.000001
40	68	0.000654
40	69	0.000139
40	71	0.825484
40	72	0.000093
40	675	0.000003
40	697	0.000005
40	727	0.000001
41	45	0.000014
41	47	0.002011
41	48	0.000025
41	49	0.003808
41	51	0.000002
41	54	0.000003
41	57	0.000006
41	68	0.000099
41	69	0.004039
41	70	0.820983
41	71	0.000062
41	72	0.000034
41	73	0.000583
41	692	0.000010
41	696	0.000005
41	722	0.000001
41	726	0.000001
42	48	0.004548
42	56	0.000016
42	59	0.000001
42	68	0.020725
42	69	0.797199
42	71	0.000055
42	72	0.000679
42	675	0.000002
42	691	0.000012
42	695	0.000005
43	55	0.000015
43	58	0.000002
43	61	0.000006
43	67	0.034593
43	75	0.000001
43	76	0.000002
43	690	0.000011
43	732	0.000005
44	58	0.000002
44	60	0.000002
44	61	0.000251
44	67	0.016171
44	75	0.000004
44	76	0.000006
44	732	0.000012
45	58	0.000021
45	60	0.000345
45	61	0.000009
45	67	0.002774
45	75	0.000014
45	76	0.000005
45	688	0.000010
45	690	0.000002
45	728	0.000002
45	730	0.000001
45	732	0.000024
46	56	0.000172
46	57	0.000020
46	59	0.000353
46	68	0.116713
46	69	0.000003
46	71	0.000011
46	72	0.000048
46	125	0.000001
46	675	0.000006
46	687	0.000011
46	689	0.000003
46	691	0.000002
46	720	0.000006
46	727	0.000003
46	729	0.000002
47	55	0.000174
47	58	0.000322
47	60	0.000080
47	61	0.000531
47	67	0.116977
47	75	0.003492
47	76	0.000002
47	124	0.000001
47	688	0.000002
47	690	0.000001
47	707	0.000097
47	719	0.000006
47	728	0.000001
47	732	0.127110
48	52	0.000023
48	53	0.000117
48	55	0.000002
48	58	0.000001
48	60	0.000339
48	61	0.533680
48	62	0.128421
48	64	0.002319
48	65	0.000914
48	66	0.103746
48	67	0.000002
48	74	0.003973
48	75	0.000007
48	76	0.000002
48	123	0.000001
48	706	0.000107
48	718	0.000006
48	724	0.000002
48	725	0.000008
48	731	0.145298
48	732	0.000002
48	733	0.000007
49	55	0.000008
49	58	0.000322
49	60	0.742185
49	61	0.064922
49	75	0.000006
49	690	0.000018
49	705	0.000105
49	717	0.000005
49	728	0.000002
49	730	0.145370
49	732	0.000006
50	56	0.000223
50	57	0.000342
50	59	0.812176
50	68	0.000037
50	69	0.000002
50	71	0.006598
50	72	0.003488
50	122	0.000001
50	675	0.000004
50	689	0.000019
50	691	0.000013
50	727	0.000002
50	729	0.145411
51	55	0.000150
51	58	0.809981
51	60	0.000663
51	61	0.000010
51	67	0.000034
51	75	0.000001
51	121	0.000001
51	688	0.000019
51	690	0.000013
51	704	0.000114
51	716	0.000005
51	728	0.144983
51	730	0.000007
52	56	0.000516
52	57	0.802149
52	59	0.000685
52	68	0.000023
52	69	0.027591
52	71	0.000006
52	72	0.000015
52	81	0.000002
52	120	0.000001
52	680	0.000002
52	687	0.000019
52	689	0.000007
52	691	0.000001
52	703	0.000118
52	715	0.000005
52	727	0.139652
52	729	0.000008
53	57	0.000544
53	59	0.000139
53	68	0.031300
53	69	0.000056
53	71	0.000015
53	80	0.000002
53	119	0.000001
53	623	0.000007
53	679	0.000002
53	689	0.000010
53	691	0.000003
53	702	0.000118
53	714	0.000005
53	727	0.003359
53	729	0.000002
54	58	0.000097
54	60	0.000029
54	61	0.000018
54	67	0.030836
54	76	0.000003
54	79	0.000002
54	622	0.000007
54	688	0.000016
54	690	0.000003
54	701	0.000111
54	713	0.000005
54	728	0.000003
55	59	0.000027
55	63	0.000082
55	68	0.000008
55	69	0.000003
55	78	0.000002
55	118	0.000001
55	621	0.000007
55	678	0.000002
55	684	0.000017
55	687	0.000016
55	689	0.000003
55	722	0.000004
55	723	0.000010
55	726	0.121084
55	727	0.000002
56	62	0.000089
56	64	0.000011
56	65	0.036529
56	66	0.001357
56	67	0.000008
56	74	0.000012
56	75	0.004030
56	76	0.000001
56	77	0.000004
56	117	0.000001
56	620	0.000007
56	677	0.000003
56	683	0.000017
56	686	0.000015
56	688	0.000001
56	699	0.000038
56	700	0.000030
56	712	0.000002
56	724	0.000030
56	725	0.140638
57	61	0.000037
57	62	0.000013
57	64	0.036608
57	65	0.001323
57	66	0.000010
57	74	0.005043
57	75	0.000005
57	76	0.000004
57	116	0.000001
57	619	0.000007
57	676	0.000003
57	682	0.000017
57	699	0.000034
57	724	0.140367
57	725	0.000002
58	63	0.032068
58	72	0.000335
58	73	0.005166
58	115	0.000001
58	675	0.000003
58	681	0.000017
58	684	0.000010
58	687	0.000003
58	695	0.000092
58	696	0.000003
58	698	0.000026
58	710	0.000002
58	722	0.000326
58	723	0.131277
59	64	0.000711
59	65	0.000013
59	66	0.000025
59	74	0.128352
59	75	0.000025
59	83	0.000001
59	618	0.000006
59	683	0.000014
59	686	0.000010
59	694	0.000483
59	709	0.000002
59	724	0.000006
60	68	0.000002
60	69	0.000003
60	70	0.001971
60	71	0.006150
60	72	0.000009
60	73	0.128702
60	82	0.000001
60	617	0.000005
60	685	0.000010
60	693	0.000485
60	708	0.000002
60	721	0.000002
60	722	0.000056
60	723	0.000014
61	68	0.000007
61	69	0.002287
61	70	0.006983
61	71	0.000009
61	72	0.128042
61	73	0.000508
61	85	0.000009
61	681	0.000003
61	684	0.000009
61	692	0.000493
61	721	0.000017
61	722	0.000042
62	68	0.005387
62	69	0.007086
62	71	0.127779
62	72	0.000706
62	80	0.000001
62	84	0.000011
62	675	0.000001
62	689	0.000004
62	691	0.000499
62	720	0.000015
62	721	0.000030
62	729	0.000001
63	67	0.003582
63	75	0.000008
63	79	0.000001
63	682	0.000007
63	688	0.000004
63	690	0.000499
63	716	0.000006
63	719	0.000009
63	728	0.000002
63	730	0.000023
64	68	0.003777
64	69	0.010210
64	71	0.000253
64	72	0.002834
64	78	0.000001
64	82	0.000012
64	675	0.000001
64	687	0.000004
64	689	0.000497
64	715	0.000010
64	727	0.000001
64	729	0.000026
65	69	0.000670
65	71	0.002854
65	72	0.006087
65	81	0.000012
65	680	0.000709
65	687	0.000001
65	714	0.000010
65	727	0.000001
65	729	0.000003
66	71	0.006090
66	72	0.000133
66	80	0.000012
66	679	0.000714
66	711	0.000012
66	727	0.000511
67	71	0.000109
67	72	0.000007
67	73	0.000007
67	78	0.000006
67	678	0.000714
67	710	0.000013
67	726	0.000594
68	74	0.000178
68	75	0.000094
68	77	0.000010
68	677	0.000714
68	709	0.000013
68	725	0.000615
69	74	0.000120
69	75	0.000003
69	76	0.000012
69	77	0.000008
69	676	0.000709
69	724	0.000609
69	733	0.000002
70	75	0.000032
70	76	0.000011
70	707	0.000008
70	732	0.000003
71	75	0.000012
71	76	0.000002
71	77	0.000002
71	629	0.000001
71	674	0.000007
71	677	0.000002
71	706	0.000012
71	707	0.000004
71	724	0.000004
71	725	0.000865
71	731	0.000003
71	732	0.000019
72	76	0.000002
72	77	0.000004
72	626	0.000002
72	674	0.000001
72	676	0.000002
72	705	0.000010
72	706	0.000005
72	724	0.000861
72	725	0.000014
72	730	0.000002
72	731	0.000023
73	79	0.000002
73	627	0.000009
73	704	0.000004
73	705	0.000004
73	728	0.000312
73	730	0.000024
74	78	0.000003
74	623	0.000011
74	625	0.000689
74	675	0.000256
74	703	0.000003
74	711	0.000002
74	721	0.000001
74	727	0.000380
74	729	0.000024
75	623	0.000004
75	624	0.002246
75	625	0.003795
75	675	0.000008
75	710	0.000002
75	722	0.000017
75	723	0.000013
75	726	0.000339
75	727	0.000001
76	623	0.000031
76	624	0.903338
76	722	0.000006
77	623	0.998314
78	622	0.998304
79	621	0.999447
80	620	0.999961
81	619	0.999974
82	107	0.000001
82	618	0.999957
83	617	0.998047
84	104	0.385974
84	105	0.017690
84	107	0.027536
84	615	0.000028
84	616	0.088095
85	105	0.024473
85	616	0.000344
86	102	0.000556
86	103	0.986042
86	133	0.000001
87	102	0.991715
87	103	0.000010
87	106	0.000547
87	108	0.000003
88	101	0.998492
88	104	0.000719
88	105	0.000664
88	107	0.000003
89	100	0.998567
89	104	0.000678
90	99	0.998539
90	102	0.001082
90	103	0.000341
91	97	0.000081
91	98	0.998234
91	101	0.001421
92	97	0.985938
92	98	0.000004
92	100	0.001423
93	99	0.001422
102	107	0.001125
102	110	0.000001
102	111	0.000001
103	107	0.000070
103	110	0.000002
103	123	0.000001
103	129	0.000202
104	114	0.000002
104	122	0.000001
104	125	0.000007
104	126	0.000322
104	128	0.000227
104	132	0.000003
104	133	0.000147
104	134	0.000018
105	109	0.000386
105	113	0.000002
105	125	0.000325
105	126	0.000001
105	127	0.000156
105	132	0.000010
105	133	0.000053
106	112	0.000002
106	124	0.000298
107	122	0.000132
107	125	0.000175
107	132	0.000026
107	133	0.001806
107	134	0.000138
107	135	0.000052
107	617	0.000001
108	121	0.000066
108	124	0.000159
108	616	0.000002
109	121	0.000946
109	616	0.000002
110	120	0.001110
110	131	0.000011
110	132	0.993812
110	133	0.000938
111	119	0.001111
111	131	0.998221
111	132	0.000593
112	118	0.001108
112	130	0.998140
112	131	0.000218
113	117	0.001073
113	129	0.998418
114	129	0.000057
116	125	0.000006
116	126	0.998184
116	133	0.000001
117	125	0.998830
117	126	0.000002
117	132	0.000001
118	124	0.993867
119	123	0.950778
119	124	0.000035
120	124	0.000002
120	129	0.000001
121	128	0.000001
121	130	0.000052
121	133	0.000003
122	129	0.000247
123	128	0.000246
123	131	0.000218
123	132	0.000031
123	133	0.000003
124	130	0.000219
124	131	0.000030
124	132	0.000003
125	129	0.000213
125	620	0.000001
126	619	0.000001
128	618	0.000001
129	617	0.000001
129	623	0.000001
130	616	0.000001
130	622	0.000001
131	620	0.000002
132	616	0.000036
132	619	0.000002
133	615	0.001131
133	616	0.823992
133	618	0.000002
134	614	0.000767
134	615	0.997761
134	616	0.000025
135	613	0.000397
135	614	0.999144
135	615	0.000021
136	613	0.999571
136	614	0.000011
137	612	0.999557
138	611	0.999970
139	610	0.999319
140	609	0.999858
140	610	0.000002
141	608	0.999508
142	607	0.999981
143	606	0.999980
144	605	0.999511
145	604	0.999981
146	603	0.999991
147	602	0.999977
148	601	0.999511
149	600	0.999970
150	596	0.000003
150	598	0.000003
150	599	0.999028
151	595	0.000033
151	597	0.000003
151	598	0.998830
152	594	0.000038
152	596	0.000006
152	597	0.999911
153	593	0.000039
153	594	0.000008
153	596	0.997014
153	597	0.000012
154	592	0.000021
155	592	0.000016
156	592	0.000484
157	592	0.988910
158	591	0.999940
159	590	0.999973
160	216	0.000003
160	589	0.999694
161	215	0.000004
161	588	0.999928
162	214	0.000005
162	583	0.000002
162	584	0.000094
162	585	0.000204
162	586	0.002044
162	587	0.997589
163	213	0.000007
163	214	0.000041
163	228	0.000020
163	582	0.000002
163	583	0.000116
163	584	0.000257
163	585	0.004078
163	586	0.995423
163	587	0.000012
164	170	0.000006
164	176	0.000006
164	212	0.000008
164	213	0.000522
164	214	0.000910
164	221	0.000002
164	227	0.000044
164	228	0.000002
164	413	0.000046
164	521	0.000010
164	524	0.000014
164	536	0.000037
164	581	0.000003
164	582	0.000139
164	583	0.000312
164	584	0.006100
164	585	0.991126
164	586	0.000025
165	169	0.000006
165	175	0.000011
165	212	0.000561
165	213	0.002673
165	214	0.000236
165	220	0.000002
165	226	0.000052
165	227	0.000002
165	412	0.000046
165	520	0.000010
165	523	0.000014
165	527	0.000011
165	535	0.000051
165	536	0.000006
165	580	0.000004
165	581	0.000159
165	582	0.000366
165	583	0.008030
165	584	0.977444
165	585	0.000033
166	174	0.000011
166	210	0.000001
166	211	0.000063
166	215	0.003564
166	216	0.002130
166	217	0.000818
166	218	0.000002
166	219	0.000004
166	225	0.000102
166	229	0.000001
166	237	0.000018
166	408	0.000002
166	411	0.000046
166	426	0.000001
166	519	0.000007
166	522	0.000014
166	526	0.000011
166	528	0.000002
166	534	0.000054
166	537	0.000014
166	576	0.000001
167	175	0.000739
167	209	0.000002
167	212	0.210273
167	213	0.330940
167	214	0.002136
167	220	0.000002
167	221	0.000002
167	224	0.000119
167	228	0.000001
167	230	0.000002
167	235	0.000082
167	236	0.000021
167	238	0.000001
167	410	0.000040
167	425	0.000001
167	521	0.000013
167	527	0.000007
167	535	0.000156
167	536	0.000084
167	575	0.000002
167	578	0.000806
167	579	0.000213
167	580	0.000812
167	581	0.005103
167	582	0.091952
167	583	0.106219
167	584	0.000015
168	174	0.000750
168	208	0.000002
168	211	0.005292
168	215	0.000788
168	216	0.000616
168	217	0.000211
168	219	0.000002
168	223	0.000117
168	229	0.000002
168	234	0.000120
168	237	0.000003
168	526	0.000007
168	530	0.000001
168	534	0.000131
168	543	0.000003
168	574	0.000001
168	577	0.000031
169	173	0.000740
169	210	0.002697
169	211	0.974803
169	215	0.000248
169	222	0.000047
169	233	0.000124
169	529	0.000016
169	533	0.000006
169	542	0.000003
169	576	0.000021
169	577	0.006559
170	210	0.989072
170	211	0.000010
170	215	0.000001
170	231	0.000127
170	528	0.000017
170	541	0.000003
170	576	0.006587
171	175	0.000001
171	209	0.991788
171	212	0.000020
171	213	0.000001
171	230	0.000128
171	527	0.000016
171	575	0.006575
171	578	0.000010
171	581	0.000001
171	582	0.000003
171	583	0.000002
172	205	0.000003
172	206	0.000016
172	207	0.000499
172	208	0.981299
172	210	0.000004
172	211	0.000019
172	229	0.000128
172	526	0.000015
172	574	0.006136
172	576	0.000002
172	577	0.000009
173	209	0.000010
173	227	0.000001
173	228	0.000126
173	524	0.000001
173	573	0.001931
173	575	0.000003
173	581	0.000006
174	226	0.000002
174	523	0.000001
174	580	0.000005
175	204	0.002914
175	206	0.240977
175	571	0.000007
176	203	0.002196
176	204	0.994763
176	206	0.000006
177	202	0.001468
177	203	0.997765
177	204	0.000019
178	201	0.000740
178	202	0.998508
178	203	0.000013
179	199	0.000001
179	201	0.999230
179	202	0.000007
180	200	0.999463
181	198	0.000001
181	199	0.998119
182	198	0.998841
183	197	0.999964
184	196	0.999509
185	193	0.000002
185	195	0.999972
186	192	0.000006
186	194	0.999917
187	191	0.000024
187	193	0.991644
187	195	0.000007
188	192	0.980165
188	194	0.000008
189	193	0.000009
204	419	0.000010
205	214	0.000198
205	226	0.000001
205	235	0.000001
205	418	0.000012
205	540	0.000002
206	212	0.000005
206	213	0.000207
206	221	0.000017
206	224	0.000002
206	227	0.000014
206	236	0.000002
206	417	0.000008
206	419	0.000015
206	539	0.000002
206	581	0.000006
207	214	0.000001
207	220	0.000017
207	226	0.000014
207	235	0.000002
207	417	0.000001
207	418	0.000014
207	580	0.000006
208	232	0.000005
208	415	0.000166
208	417	0.000006
208	549	0.000048
208	579	0.000002
209	215	0.000013
209	218	0.000019
209	222	0.000071
209	231	0.000005
209	414	0.000181
209	416	0.000004
209	533	0.000002
209	537	0.000148
209	541	0.006697
209	542	0.000008
209	548	0.000051
210	214	0.000005
210	221	0.000073
210	224	0.000001
210	230	0.000005
210	413	0.000185
210	532	0.000002
210	536	0.000183
210	540	0.006807
210	547	0.000051
210	579	0.000010
210	582	0.000006
210	583	0.000010
211	220	0.000065
211	224	0.000002
211	228	0.000002
211	232	0.000004
211	412	0.000186
211	425	0.000024
211	535	0.000183
211	536	0.000002
211	539	0.006891
211	546	0.000051
211	578	0.000037
211	581	0.000007
211	582	0.000010
211	583	0.000002
212	218	0.000068
212	222	0.000009
212	231	0.000015
212	233	0.000036
212	411	0.000184
212	424	0.000026
212	515	0.000004
212	529	0.000009
212	530	0.000077
212	531	0.000002
212	533	0.000001
212	537	0.000017
212	538	0.006909
212	542	0.000005
212	545	0.000051
212	577	0.000042
213	218	0.000152
213	222	0.000129
213	231	0.000014
213	233	0.000037
213	423	0.000026
213	428	0.000034
213	431	0.000004
213	514	0.000018
213	528	0.000010
213	529	0.000090
213	530	0.000002
213	533	0.000003
213	537	0.006940
213	538	0.000049
213	541	0.000005
213	544	0.000051
213	576	0.000042
213	577	0.000003
214	218	0.000005
214	219	0.000044
214	222	0.000944
214	223	0.000022
214	225	0.000245
214	229	0.000059
214	231	0.000134
214	234	0.000001
214	237	0.001306
214	408	0.000002
214	411	0.000002
214	426	0.000015
214	427	0.000034
214	430	0.000004
214	513	0.000018
214	522	0.000002
214	525	0.000053
214	528	0.000091
214	529	0.000002
214	534	0.000016
214	537	0.000222
214	543	0.000050
214	576	0.000003
215	220	0.000002
215	221	0.001895
215	224	0.000306
215	227	0.000156
215	228	0.000068
215	230	0.000206
215	232	0.000001
215	236	0.001604
215	238	0.000059
215	239	0.003881
215	240	0.000004
215	410	0.000040
215	419	0.000002
215	425	0.000018
215	512	0.000019
215	521	0.000003
215	524	0.000062
215	527	0.000091
215	535	0.001459
215	536	0.001460
215	539	0.000002
215	575	0.000005
215	579	0.000001
215	580	0.000023
215	581	0.004077
215	582	0.000200
215	583	0.000165
215	584	0.000002
216	220	0.001437
216	226	0.000148
216	235	0.001399
216	238	0.005305
216	409	0.000023
216	418	0.000002
216	511	0.000018
216	523	0.000054
216	579	0.000015
216	580	0.003902
217	226	0.000021
217	232	0.000002
217	235	0.000019
217	238	0.000690
217	409	0.000001
217	417	0.000002
217	510	0.000013
217	540	0.000034
217	579	0.001898
217	580	0.000025
218	224	0.000140
218	227	0.001810
218	228	0.000006
218	230	0.000003
218	232	0.000005
218	235	0.000010
218	236	0.985428
218	239	0.000028
218	422	0.000007
218	434	0.000001
218	524	0.000002
218	535	0.000001
218	536	0.000005
218	539	0.000035
218	578	0.000775
218	581	0.000012
218	582	0.000002
218	583	0.000002
219	226	0.001767
219	232	0.000437
219	235	0.987588
219	238	0.000036
219	422	0.000093
219	433	0.000001
219	523	0.000002
219	580	0.000010
220	225	0.001436
220	229	0.000002
220	231	0.000126
220	233	0.000009
220	234	0.988310
220	237	0.000042
220	421	0.000105
220	429	0.000002
220	432	0.000001
220	522	0.000002
220	534	0.000001
220	538	0.000027
220	577	0.000429
221	231	0.000993
221	233	0.985468
221	420	0.000106
221	428	0.000003
221	431	0.000001
221	533	0.000001
221	537	0.000105
221	576	0.000436
222	226	0.000004
222	227	0.000377
222	228	0.000496
222	230	0.001537
222	232	0.368482
222	235	0.000003
222	236	0.002214
222	418	0.000002
222	419	0.000107
222	425	0.000005
222	535	0.000087
222	536	0.000115
222	575	0.000411
222	581	0.000006
223	232	0.576091
223	235	0.002195
223	417	0.000012
223	418	0.000093
223	580	0.000005
224	231	0.879455
224	233	0.002938
224	416	0.000021
224	423	0.000023
224	440	0.000002
224	533	0.000624
224	541	0.000002
225	232	0.003369
225	235	0.000203
225	415	0.000020
225	417	0.000006
225	422	0.000023
225	439	0.000002
225	532	0.000631
225	540	0.000002
226	231	0.003144
226	234	0.000267
226	414	0.000014
226	416	0.000001
226	421	0.000023
226	438	0.000001
226	441	0.000068
226	531	0.000631
226	543	0.000025
227	231	0.000332
227	233	0.000273
227	414	0.000004
227	416	0.000002
227	420	0.000023
227	440	0.000043
227	530	0.000632
227	542	0.000028
228	233	0.000046
228	416	0.000177
228	438	0.000001
228	440	0.004531
228	529	0.000631
228	541	0.000027
229	415	0.000195
229	439	0.004598
229	540	0.000020
230	414	0.000198
230	438	0.004600
230	528	0.000604
230	537	0.000004
230	538	0.000001
231	236	0.000060
231	412	0.000109
231	413	0.000117
231	436	0.002325
231	437	0.002309
231	527	0.000608
231	535	0.000002
231	536	0.000004
231	539	0.000004
232	237	0.000001
232	411	0.000189
232	435	0.004614
232	525	0.000252
232	526	0.000369
232	534	0.000002
232	537	0.000005
232	538	0.000004
233	410	0.000212
233	412	0.000027
233	434	0.004640
233	524	0.000482
233	535	0.000002
233	536	0.000007
233	581	0.000004
234	409	0.000177
234	433	0.004638
234	523	0.000470
234	580	0.000003
235	408	0.000052
235	411	0.000014
235	429	0.000001
235	432	0.004636
235	522	0.000402
236	407	0.000018
236	411	0.000003
236	428	0.000002
236	431	0.004627
237	409	0.457249
237	580	0.000005
238	407	0.000005
238	408	0.903641
238	429	0.000005
238	430	0.000001
239	406	0.000021
239	407	0.994269
239	428	0.000003
240	405	0.000029
240	406	0.997948
240	407	0.000973
241	404	0.000024
241	405	0.998947
241	406	0.000989
241	407	0.000003
242	404	0.998918
242	405	0.000996
242	406	0.000003
243	402	0.000014
243	403	0.990404
243	404	0.000949
243	405	0.000003
245	402	0.898375
246	399	0.000014
246	401	0.898376
247	399	0.991401
248	398	0.999931
248	399	0.000020
249	397	0.999976
249	398	0.000014
250	396	0.999984
250	397	0.000007
251	395	0.999991
252	394	0.999977
253	393	0.999480
254	268	0.000001
254	272	0.000002
254	392	0.999487
255	267	0.000002
255	271	0.000003
255	391	0.024916
255	393	0.000001
256	261	0.000001
256	266	0.000002
256	270	0.000015
256	271	0.000001
256	390	0.012596
256	391	0.974845
257	266	0.000002
257	269	0.000015
257	270	0.000002
257	275	0.000001
257	279	0.000004
257	381	0.000003
257	390	0.987207
258	263	0.000001
258	264	0.000013
258	268	0.000012
258	273	0.000172
258	278	0.000004
258	380	0.000003
258	383	0.000005
258	384	0.000002
258	386	0.000011
258	387	0.000044
258	388	0.000008
258	389	0.999146
259	263	0.000013
259	264	0.000003
259	272	0.000174
259	273	0.000083
259	277	0.000004
259	278	0.000007
259	379	0.000001
259	380	0.000003
259	383	0.000004
259	386	0.000062
259	387	0.000010
259	388	0.997059
259	389	0.000082
260	277	0.000007
260	379	0.000003
260	384	0.000184
260	387	0.996287
260	388	0.000122
261	272	0.001407
261	273	0.001784
261	278	0.000014
261	290	0.000004
261	371	0.000001
261	374	0.000001
261	380	0.000227
261	383	0.000263
261	384	0.000031
261	386	0.983149
261	387	0.000083
261	388	0.000004
261	389	0.000002
262	268	0.000050
262	277	0.000016
262	289	0.000005
262	295	0.046121
262	298	0.000091
262	376	0.000009
262	379	0.000325
262	384	0.050173
262	387	0.000007
262	388	0.000002
263	269	0.000663
263	270	0.501727
263	271	0.098271
263	275	0.000008
263	279	0.000063
263	281	0.000302
263	293	0.000029
263	294	0.048852
263	297	0.000105
263	377	0.000019
263	381	0.000586
264	269	0.502636
264	270	0.099295
264	271	0.000388
264	275	0.000037
264	279	0.000900
264	281	0.000130
264	293	0.048844
264	294	0.000022
264	296	0.000117
264	377	0.000415
264	381	0.004264
265	277	0.000032
265	288	0.000072
265	289	0.000004
265	295	0.000121
265	376	0.000397
265	379	0.000112
265	384	0.041559
265	387	0.000049
266	272	0.000338
266	273	0.001707
266	277	0.000001
266	278	0.008545
266	287	0.000078
266	289	0.000017
266	290	0.002351
266	295	0.000003
266	371	0.000002
266	374	0.000187
266	376	0.000005
266	379	0.000030
266	380	0.247306
266	383	0.042300
266	384	0.000048
266	386	0.000077
267	277	0.008552
267	286	0.000078
267	288	0.000007
267	289	0.002337
267	295	0.000201
267	376	0.003346
267	379	0.244181
267	384	0.000009
268	274	0.000231
268	275	0.000032
268	276	0.008430
268	279	0.000280
268	280	0.000021
268	285	0.000075
268	291	0.044151
268	292	0.000291
268	293	0.000053
268	294	0.000206
268	372	0.000982
268	373	0.000023
268	375	0.005513
268	377	0.000375
268	378	0.226421
268	381	0.014165
268	382	0.018517
268	385	0.005437
269	273	0.000680
269	277	0.000001
269	278	0.000759
269	287	0.000006
269	288	0.000025
269	289	0.000054
269	290	0.047101
269	295	0.000017
269	370	0.000003
269	371	0.001284
269	374	0.006440
269	376	0.000791
269	379	0.000016
269	380	0.016282
269	383	0.000041
269	384	0.005600
269	386	0.000002
269	387	0.000001
270	277	0.000655
270	278	0.000133
270	286	0.000004
270	287	0.000018
270	288	0.000026
270	289	0.044748
270	290	0.007427
270	295	0.000286
270	369	0.000002
270	370	0.000813
270	371	0.000136
270	374	0.003519
270	376	0.106153
270	379	0.008863
270	380	0.019544
270	383	0.005587
270	384	0.000110
270	386	0.000002
271	277	0.000098
271	278	0.000298
271	286	0.000011
271	287	0.000014
271	288	0.006400
271	289	0.006202
271	290	0.004124
271	295	0.401293
271	298	0.000008
271	369	0.000155
271	370	0.000006
271	371	0.000085
271	374	0.005994
271	376	0.000106
271	379	0.009121
271	380	0.000106
271	383	0.000272
271	384	0.000017
271	386	0.000002
271	392	0.000003
272	279	0.000622
272	281	0.000116
272	284	0.000003
272	293	0.000412
272	294	0.435863
272	297	0.000033
272	377	0.000684
272	381	0.000605
272	391	0.000003
273	279	0.001062
273	281	0.000060
273	284	0.000006
273	293	0.436188
273	294	0.000076
273	296	0.000035
273	377	0.002304
273	381	0.000855
273	390	0.000003
274	288	0.885386
274	289	0.002029
274	295	0.000023
274	376	0.000829
274	379	0.000006
274	384	0.001054
274	387	0.000001
275	286	0.000002
275	287	0.963730
275	288	0.000039
275	289	0.000013
275	290	0.000396
275	371	0.000023
275	374	0.000009
275	380	0.002230
275	383	0.001163
275	384	0.000030
275	386	0.000002
275	389	0.000042
276	286	0.963785
276	288	0.000009
276	289	0.000364
276	295	0.000262
276	379	0.002233
276	384	0.000010
276	388	0.000042
277	282	0.000002
277	283	0.000002
277	284	0.000004
277	285	0.963918
277	291	0.000093
277	292	0.000011
277	294	0.000274
277	373	0.000001
277	378	0.002231
277	382	0.001556
277	385	0.000020
278	284	0.964026
278	293	0.000296
278	377	0.002225
278	381	0.001630
279	286	0.000002
279	287	0.000568
279	288	0.000001
279	289	0.000948
279	290	0.000479
279	371	0.000001
279	374	0.000002
279	376	0.000731
279	380	0.001568
279	383	0.000058
279	384	0.000036
279	386	0.000184
279	388	0.000007
279	389	0.000002
280	286	0.000558
280	288	0.001280
280	289	0.000403
280	376	0.000006
280	379	0.001484
280	384	0.024958
280	387	0.000011
280	388	0.000001
281	287	0.001402
281	288	0.000248
281	289	0.000003
281	290	0.000898
281	371	0.000001
281	374	0.000368
281	380	0.000004
281	383	0.026569
281	384	0.000014
281	386	0.000013
281	389	0.000008
282	286	0.001063
282	288	0.000004
282	289	0.000881
282	376	0.000001
282	379	0.000004
282	384	0.000007
282	388	0.000009
283	288	0.000668
283	289	0.000001
283	376	0.000051
283	384	0.000300
283	387	0.000009
284	288	0.000001
284	290	0.000066
284	371	0.000075
284	374	0.000009
284	376	0.000002
284	380	0.029538
284	383	0.000320
284	384	0.000005
284	386	0.000009
285	289	0.000050
285	295	0.000454
285	376	0.000012
285	379	0.029563
285	384	0.000003
286	294	0.000472
286	373	0.000001
286	375	0.000012
286	378	0.029465
286	381	0.000010
286	382	0.000372
287	293	0.000515
287	294	0.000012
287	377	0.029349
287	381	0.000433
288	292	0.000428
288	293	0.000026
288	294	0.000008
288	372	0.000002
288	373	0.000025
288	375	0.000163
288	377	0.000046
288	378	0.000161
288	381	0.000119
288	382	0.000056
288	385	0.000007
289	293	0.000052
289	294	0.000023
289	297	0.000006
289	372	0.000041
289	373	0.000015
289	375	0.002123
289	377	0.000176
289	378	0.322679
289	381	0.000051
289	382	0.000560
289	385	0.000005
290	294	0.000062
290	296	0.000048
290	377	0.381794
290	381	0.000643
291	295	0.000047
291	376	0.370262
291	379	0.000073
291	384	0.000002
292	376	0.001749
292	379	0.000042
292	384	0.000166
292	388	0.000002
293	370	0.003064
293	371	0.003353
293	374	0.210973
293	376	0.000184
293	379	0.000005
293	380	0.001182
293	383	0.000175
293	384	0.001192
293	387	0.000004
294	369	0.003094
294	370	0.001882
294	371	0.092242
294	374	0.114792
294	376	0.000307
294	379	0.001174
294	380	0.000011
294	383	0.001287
294	386	0.000005
295	368	0.003077
295	372	0.082444
295	373	0.095244
295	375	0.000349
295	377	0.000008
295	378	0.001143
295	381	0.000014
295	382	0.001252
295	385	0.000006
296	367	0.002689
296	369	0.000279
296	370	0.912110
296	371	0.076970
296	374	0.000104
296	380	0.000005
297	367	0.000655
297	369	0.956928
297	370	0.039070
297	371	0.000004
297	376	0.000061
297	380	0.000002
298	365	0.000016
298	366	0.001016
298	368	0.994744
298	375	0.000061
299	364	0.000006
299	367	0.995267
299	369	0.000310
299	374	0.000061
300	365	0.480609
300	366	0.512117
300	368	0.000232
300	373	0.000046
301	364	0.963669
302	363	0.999933
302	365	0.000005
303	362	0.999986
303	363	0.000003
304	361	0.999988
304	362	0.000002
305	360	0.999956
305	361	0.000001
306	359	0.999917
307	358	0.999743
308	357	0.999939
309	356	0.999938
310	355	0.999499
311	354	0.999192
312	353	0.999964
313	352	0.999668
314	350	0.000006
314	351	0.999765
315	329	0.001460
315	350	0.997678
315	351	0.000005
316	321	0.000145
316	322	0.000123
316	328	0.006726
316	331	0.000065
316	349	0.539395
316	352	0.000069
317	326	0.004759
317	327	0.012140
317	329	0.000176
317	342	0.000001
317	343	0.000196
317	344	0.000718
317	350	0.000033
317	351	0.000167
318	326	0.016171
318	327	0.000091
318	329	0.121882
318	342	0.000196
318	343	0.000715
318	344	0.000008
318	350	0.000203
319	328	0.122898
319	339	0.000002
319	349	0.000158
319	352	0.000002
320	326	0.018458
320	327	0.122932
320	329	0.000044
320	342	0.000127
320	343	0.000114
320	344	0.000764
320	350	0.000013
320	351	0.000004
321	325	0.015274
321	326	0.105287
321	327	0.000007
321	329	0.000001
321	330	0.000005
321	337	0.000005
321	340	0.000051
321	342	0.000105
321	343	0.000657
321	344	0.002163
321	345	0.001268
321	347	0.000001
321	350	0.000006
322	326	0.000184
322	327	0.000002
322	329	0.000005
322	330	0.000460
322	337	0.000014
322	340	0.000026
322	342	0.000417
322	343	0.002941
322	344	0.001349
322	345	0.000120
322	350	0.000004
322	351	0.000004
323	327	0.000004
323	329	0.000527
323	335	0.000043
323	342	0.003198
323	343	0.001349
323	344	0.000126
323	350	0.000069
323	351	0.000003
324	328	0.000346
324	334	0.000021
324	339	0.000002
324	349	0.000125
325	334	0.000685
325	339	0.000070
325	349	0.002166
326	333	0.000721
326	334	0.000002
326	338	0.000063
326	339	0.005719
326	341	0.000027
326	346	0.000002
326	348	0.002332
326	349	0.408732
327	332	0.000717
327	333	0.000002
327	336	0.000055
327	338	0.006132
327	341	0.000002
327	346	0.000045
327	348	0.853259
327	349	0.000009
328	335	0.000053
328	337	0.006144
328	340	0.000002
328	345	0.000020
328	347	0.858933
329	334	0.000020
329	336	0.006114
329	338	0.000001
329	339	0.000002
329	346	0.861840
329	348	0.000247
329	349	0.000011
330	334	0.000034
330	349	0.000077
331	335	0.000040
331	343	0.000001
331	344	0.001119
331	345	0.964203
331	347	0.000011
332	342	0.000001
332	343	0.001579
332	344	0.991166
333	342	0.001594
333	343	0.991252
333	344	0.000021
334	340	0.000052
334	342	0.988808
334	343	0.000022
334	344	0.000001
334	345	0.000001
334	347	0.000093
335	339	0.000065
335	341	0.973502
335	346	0.000127
336	342	0.000072
336	343	0.000003
336	344	0.000012
338	342	0.000003
338	343	0.000140
338	344	0.000001
339	343	0.000001
341	350	0.000017
342	348	0.000008
342	349	0.000028
343	348	0.000034
344	348	0.000002
345	349	0.000005
346	350	0.000013
365	371	0.000001
365	380	0.000003
366	379	0.000003
367	377	0.000005
368	376	0.000004
370	377	0.000065
370	381	0.000017
371	377	0.051817
371	381	0.004458
372	376	0.034213
372	379	0.000530
372	384	0.000116
373	379	0.000367
373	384	0.000120
374	381	0.011860
375	379	0.000134
375	384	0.000485
376	381	0.000159
376	382	0.001536
376	385	0.002681
377	383	0.004722
377	384	0.002989
377	386	0.000103
377	388	0.000002
377	389	0.000016
378	384	0.000608
378	387	0.000003
378	388	0.000016
379	385	0.000304
379	391	0.000006
380	390	0.000056
381	386	0.000345
381	387	0.000002
381	388	0.000006
381	389	0.000103
382	387	0.000007
382	388	0.000094
404	584	0.000001
405	583	0.000004
406	536	0.001000
406	582	0.000007
407	535	0.001372
407	536	0.001938
407	581	0.000011
408	532	0.000001
408	580	0.000010
409	426	0.000023
409	427	0.000052
409	429	0.000098
409	432	0.000002
409	441	0.000002
409	531	0.000001
409	534	0.449427
409	537	0.000003
410	428	0.000179
410	431	0.000004
410	440	0.000005
410	528	0.000001
410	530	0.000003
410	531	0.000026
410	533	0.972595
410	537	0.000026
411	425	0.015370
411	439	0.000005
411	532	0.982446
411	535	0.000003
411	536	0.000019
411	578	0.000006
412	424	0.015404
412	438	0.000005
412	529	0.000087
412	530	0.000033
412	531	0.983884
412	577	0.000006
413	420	0.000001
413	423	0.015403
413	528	0.000090
413	529	0.000051
413	530	0.983775
413	576	0.000006
414	419	0.000003
414	422	0.015327
414	436	0.000005
414	527	0.000085
414	575	0.000006
415	421	0.015250
415	435	0.000005
415	526	0.000075
415	528	0.975057
415	529	0.000018
415	574	0.000005
416	425	0.000001
416	434	0.000005
416	527	0.983977
417	424	0.000001
417	430	0.000004
417	525	0.000039
417	526	0.980698
418	429	0.000005
418	432	0.000004
418	525	0.954643
418	526	0.001063
419	428	0.000006
419	431	0.000004
420	523	0.000055
420	524	0.983400
421	523	0.983792
422	522	0.983635
423	520	0.000009
423	521	0.984367
424	520	0.982397
424	521	0.000006
425	431	0.007608
425	518	0.000595
426	433	0.000042
426	517	0.000263
427	433	0.000132
427	517	0.000006
427	523	0.000004
428	433	0.000016
428	434	0.000093
428	520	0.000085
428	521	0.000012
428	523	0.000003
428	524	0.007489
428	527	0.000034
428	581	0.000029
429	433	0.000084
429	523	0.007277
429	580	0.000029
430	523	0.000026
430	579	0.000027
431	520	0.001370
431	521	0.007286
431	523	0.000002
431	524	0.000449
431	536	0.000002
431	578	0.000020
431	581	0.000001
432	523	0.000446
432	532	0.000002
433	441	0.000003
433	518	0.000002
433	519	0.980376
433	522	0.000095
433	531	0.000002
433	534	0.000003
433	577	0.000004
434	440	0.000004
434	516	0.000001
434	518	0.994522
434	530	0.000002
434	533	0.000003
434	576	0.000004
435	439	0.000003
435	517	0.994599
435	532	0.000003
436	445	0.000002
436	515	0.000019
436	516	0.995265
436	529	0.000008
436	531	0.000003
436	542	0.000016
436	577	0.000012
437	444	0.000002
437	514	0.000034
437	515	0.994920
437	528	0.000009
437	530	0.000003
437	541	0.000017
437	542	0.000001
437	576	0.000012
438	443	0.000002
438	527	0.000009
438	540	0.000015
438	575	0.000012
439	513	0.992358
439	514	0.000005
439	525	0.000003
439	526	0.000006
439	528	0.000003
439	574	0.000011
440	511	0.000069
440	512	0.995100
440	524	0.000006
440	527	0.000003
440	539	0.000029
440	573	0.000002
441	510	0.002202
441	511	0.961342
441	523	0.000005
441	540	0.000039
442	509	0.002211
442	537	0.000005
442	538	0.002418
443	509	0.982542
443	537	0.004329
444	507	0.000004
444	508	0.993448
444	521	0.000022
444	536	0.004645
445	453	0.000001
445	507	0.995297
445	520	0.000022
445	535	0.004645
446	452	0.000001
446	506	0.995253
446	518	0.000024
446	533	0.004647
447	505	0.975304
447	517	0.000024
447	532	0.004648
448	502	0.000018
448	516	0.000024
448	531	0.004650
449	502	0.000268
449	515	0.000024
449	530	0.004650
450	499	0.000013
450	502	0.992706
450	514	0.000024
450	529	0.004650
451	498	0.000013
451	501	0.994669
451	513	0.000024
451	528	0.004642
452	497	0.000014
452	500	0.995256
452	512	0.000024
452	523	0.000001
452	527	0.004642
453	496	0.000014
453	498	0.001957
453	499	0.989671
453	501	0.000005
453	522	0.000004
453	525	0.000280
453	526	0.003847
454	458	0.000001
454	497	0.003932
454	500	0.000006
454	521	0.000007
454	524	0.000555
455	497	0.911254
455	520	0.000007
455	523	0.000226
455	524	0.003230
456	523	0.002865
457	523	0.000008
458	495	0.987165
459	493	0.000014
459	494	0.999852
459	521	0.000024
460	492	0.000015
460	493	0.999932
460	494	0.000012
460	520	0.000024
460	521	0.000004
461	491	0.000013
461	492	0.999799
461	493	0.000012
461	520	0.000004
462	491	0.956893
463	487	0.000002
463	491	0.005332
463	517	0.000018
464	485	0.000001
464	516	0.000017
465	487	0.000003
465	491	0.000208
466	484	0.000008
466	487	0.000018
466	491	0.000067
467	483	0.000009
467	487	0.000051
467	488	0.995342
468	487	0.998873
469	478	0.000001
469	482	0.000004
469	485	0.000001
469	486	0.999414
469	519	0.000002
470	477	0.000002
470	481	0.000004
470	485	0.999847
470	518	0.000002
471	484	0.984540
471	487	0.000006
471	517	0.000002
472	477	0.000002
472	478	0.000226
472	479	0.000012
472	481	0.000059
472	482	0.871333
472	486	0.000012
472	516	0.000002
473	477	0.000224
473	479	0.000335
473	481	0.901308
473	482	0.090300
473	485	0.000013
473	515	0.000002
474	480	0.887687
474	483	0.002138
474	484	0.000018
474	512	0.000001
475	484	0.000002
475	511	0.000001
476	481	0.001652
476	482	0.001617
477	483	0.000051
478	484	0.000004
478	508	0.000002
479	483	0.000008
479	507	0.000002
480	506	0.000002
481	504	0.000003
482	503	0.000003
483	502	0.000003
484	501	0.000003
485	500	0.000003
487	496	0.000001
488	495	0.000001
490	517	0.000004
491	516	0.000004
492	515	0.000015
492	516	0.000006
493	514	0.000015
493	515	0.000010
494	514	0.000010
495	511	0.000072
495	512	0.000025
495	524	0.000148
496	510	0.000316
496	511	0.000013
496	523	0.000166
497	509	0.000358
498	508	0.000358
498	511	0.000002
498	520	0.000009
498	521	0.004261
499	507	0.000359
499	510	0.000003
499	520	0.004269
500	506	0.000359
500	509	0.000004
500	518	0.004240
501	505	0.000235
501	508	0.000004
501	517	0.004229
502	507	0.000003
502	517	0.000068
503	515	0.004240
503	516	0.000070
504	514	0.004243
504	515	0.000068
505	513	0.004240
505	514	0.000066
506	511	0.000001
506	512	0.004180
511	519	0.000004
512	518	0.000004
513	517	0.000003
514	521	0.000290
515	520	0.000290
515	521	0.000006
515	536	0.000017
516	520	0.000006
516	535	0.000020
517	534	0.000020
518	524	0.000001
519	523	0.000001
519	532	0.000032
520	528	0.000002
520	529	0.000340
520	530	0.000005
520	531	0.000036
520	542	0.000004
520	594	0.000003
521	528	0.000351
521	529	0.000006
521	530	0.000036
521	533	0.000080
521	541	0.000004
521	593	0.000003
522	532	0.000081
522	540	0.000003
522	592	0.000003
523	531	0.000081
523	534	0.000003
523	591	0.000003
524	530	0.000080
524	533	0.000003
524	541	0.000001
524	590	0.000003
525	532	0.000002
525	540	0.000001
527	537	0.002259
527	538	0.000003
527	588	0.000004
528	535	0.000001
528	536	0.002574
528	582	0.000011
528	583	0.003039
528	584	0.000883
528	585	0.002012
528	586	0.000038
528	587	0.000004
529	535	0.002567
529	536	0.000465
529	581	0.000011
529	582	0.003053
529	583	0.001164
529	584	0.002550
529	585	0.000046
529	586	0.000004
530	535	0.000474
530	536	0.000036
530	580	0.000010
530	581	0.003049
530	582	0.001168
530	583	0.003139
530	584	0.000053
530	585	0.000004
531	535	0.000035
531	536	0.000005
531	579	0.000002
531	580	0.002955
531	581	0.001146
531	582	0.003153
531	583	0.000062
531	584	0.000004
533	578	0.000009
533	579	0.000047
533	580	0.000166
533	581	0.005910
533	582	0.000112
533	583	0.000235
534	579	0.000118
534	580	0.006841
535	541	0.000001
535	542	0.000377
535	577	0.000040
536	541	0.000380
536	542	0.000012
536	576	0.000040
537	573	0.000008
537	575	0.000034
537	578	0.000513
537	579	0.855810
537	580	0.001808
537	581	0.001547
537	582	0.001379
537	583	0.000617
537	584	0.000015
538	572	0.000009
538	578	0.987526
538	579	0.000050
538	580	0.000033
538	581	0.000671
538	582	0.000290
538	583	0.000017
539	571	0.000009
539	576	0.000021
539	577	0.990936
540	570	0.000009
540	574	0.000006
540	576	0.988855
540	577	0.000055
541	569	0.000009
541	573	0.000005
541	575	0.986896
541	578	0.000028
541	579	0.000006
541	581	0.000002
541	582	0.000851
541	583	0.000003
542	572	0.000005
542	573	0.000090
542	575	0.002418
542	578	0.000007
542	580	0.000003
542	581	0.000868
542	582	0.000002
543	579	0.000003
543	580	0.000868
544	566	0.000007
544	572	0.000123
544	573	0.995235
544	579	0.000820
545	565	0.000006
545	569	0.000004
545	572	0.998966
545	578	0.000821
546	564	0.000005
546	571	0.999093
546	577	0.000821
547	567	0.000182
547	568	0.000003
547	570	0.998421
547	576	0.000818
548	566	0.000365
548	569	0.998360
548	575	0.000817
549	567	0.045681
549	568	0.837058
549	574	0.000803
550	565	0.947961
550	566	0.045960
550	572	0.000007
550	573	0.000181
551	564	0.999319
551	571	0.000014
552	563	0.999457
552	565	0.000171
552	566	0.000010
553	562	0.999191
554	560	0.000010
554	561	0.998746
554	563	0.000472
555	559	0.000509
555	560	0.873514
555	562	0.000482
556	560	0.000117
556	561	0.000493
556	566	0.000005
557	561	0.000002
557	565	0.000005
564	572	0.000005
565	571	0.000005
566	571	0.000003
576	581	0.000008
576	582	0.000192
576	583	0.000376
576	584	0.000004
577	581	0.000187
577	582	0.000369
577	583	0.000005
623	676	0.000005
623	725	0.000001
625	674	0.992913
625	676	0.000004
626	673	0.999582
626	675	0.000010
627	672	0.999216
627	675	0.000101
628	670	0.000002
628	671	0.999152
628	674	0.000201
629	669	0.000004
629	673	0.000199
630	668	0.000002
630	670	0.999769
630	671	0.000005
631	667	0.000002
631	669	0.999975
632	668	0.999582
633	667	0.999953
634	666	0.999508
635	664	0.000002
635	665	0.999963
636	664	0.996561
636	665	0.000003
638	661	0.000002
638	662	0.972159
638	664	0.000003
640	661	0.999345
640	662	0.000094
641	660	0.999956
642	659	0.999957
643	658	0.999990
644	657	0.999985
645	656	0.999500
646	655	0.999191
647	653	0.000037
647	654	0.999889
648	653	0.990948
648	654	0.000013
673	706	0.000001
673	724	0.000072
673	725	0.000003
675	704	0.003309
675	705	0.000007
675	706	0.000005
675	709	0.000028
675	712	0.000241
675	716	0.000002
675	724	0.006474
675	725	0.006414
675	728	0.000001
676	703	0.003615
676	711	0.000245
676	715	0.000002
676	720	0.000012
676	721	0.988200
677	689	0.000002
677	702	0.003623
677	714	0.000002
677	720	0.994727
677	721	0.000015
678	688	0.000002
678	700	0.000005
678	701	0.003613
678	707	0.000743
678	713	0.000002
678	719	0.994319
679	686	0.000007
679	699	0.000009
679	700	0.003609
679	706	0.000800
679	707	0.000002
679	712	0.000001
679	718	0.994662
679	719	0.000002
680	686	0.000003
680	694	0.000001
680	699	0.003610
680	705	0.000801
680	706	0.000002
680	717	0.993243
680	718	0.000009
681	688	0.000005
681	704	0.000804
681	705	0.000001
681	716	0.994144
681	717	0.000009
682	687	0.000004
682	692	0.000011
682	696	0.000041
682	697	0.000018
682	698	0.003363
682	703	0.000804
682	714	0.000001
682	715	0.993166
683	691	0.000012
683	695	0.000034
683	697	0.003367
683	702	0.000805
683	711	0.000002
683	714	0.992957
683	715	0.000219
684	690	0.000011
684	701	0.000802
684	713	0.911407
685	700	0.000775
685	713	0.029155
686	691	0.000002
686	695	0.003773
686	697	0.000005
686	711	0.622470
686	714	0.000017
687	694	0.003861
687	699	0.000588
687	709	0.161890
687	712	0.035584
687	713	0.000018
688	693	0.003784
688	695	0.000006
688	698	0.000584
688	708	0.163272
688	710	0.732573
688	711	0.015713
689	694	0.000007
689	699	0.000005
689	706	0.000007
689	707	0.150434
689	709	0.787641
689	712	0.000069
690	696	0.000532
690	697	0.000002
690	698	0.000005
690	708	0.759334
690	710	0.000011
690	711	0.000068
691	705	0.000055
691	706	0.972035
691	707	0.021746
691	709	0.000007
691	718	0.000004
692	704	0.000042
692	705	0.992924
692	707	0.000004
692	717	0.000004
693	704	0.993168
693	705	0.000034
693	707	0.000002
693	716	0.000004
694	702	0.002341
694	703	0.992023
694	715	0.000004
695	699	0.000097
695	700	0.000136
695	701	0.003918
695	705	0.000007
695	706	0.000131
695	731	0.000004
695	733	0.000451
696	700	0.003197
696	701	0.271419
696	704	0.000007
696	705	0.000128
696	707	0.000034
696	713	0.000006
696	730	0.000004
696	732	0.000468
697	701	0.000353
697	704	0.000086
697	705	0.000008
697	706	0.000043
697	712	0.000007
697	731	0.000471
698	704	0.000018
698	705	0.000036
698	728	0.000007
698	730	0.000471
699	703	0.000026
699	711	0.000008
699	727	0.000008
699	729	0.000470
700	710	0.000004
700	711	0.000010
700	726	0.000004
700	727	0.000406
701	710	0.000021
701	726	0.000511
702	709	0.000026
702	713	0.000003
702	725	0.000527
703	712	0.000005
703	724	0.000528
704	711	0.000005
704	723	0.000527
705	710	0.000008
705	722	0.000528
706	711	0.000006
706	721	0.000527
707	720	0.000422
708	716	0.000032
708	719	0.000335
708	730	0.000027
709	714	0.000008
709	715	0.000042
709	720	0.000103
709	729	0.000035
710	716	0.000007
710	717	0.000145
710	719	0.000125
710	728	0.000029
711	716	0.000081
711	717	0.000002
711	718	0.000131
711	728	0.002916
712	727	0.004187
713	726	0.004525
714	725	0.004619
715	724	0.004619
716	722	0.000007
716	723	0.004494
717	721	0.000012
717	722	0.003400
717	723	0.000001
718	727	0.000001
719	726	0.000002
720	725	0.000004
721	725	0.000036
722	728	0.000028
723	728	0.000020
723	730	0.000001
724	729	0.000002
726	732	0.000001
727	731	0.000001
