1	7	0.000070
1	8	0.000060
1	9	0.000014
1	12	0.000015
1	13	0.000007
1	15	0.000065
1	29	0.000001
1	33	0.000002
1	41	0.410755
1	67	0.000069
1	79	0.000180
1	87	0.000228
1	112	0.000003
1	777	0.000079
1	781	0.003426
1	784	0.000034
1	793	0.000018
1	794	0.000034
1	795	0.000151
1	797	0.000019
1	798	0.000058
1	799	0.000165
1	800	0.000574
1	803	0.000468
1	804	0.001307
2	7	0.000208
2	8	0.000044
2	9	0.000008
2	11	0.000020
2	12	0.000015
2	14	0.000078
2	15	0.000025
2	28	0.000002
2	30	0.000232
2	32	0.000003
2	39	0.000342
2	40	0.547252
2	41	0.003239
2	42	0.009451
2	46	0.001366
2	50	0.000095
2	53	0.000011
2	62	0.001018
2	65	0.000006
2	66	0.000078
2	75	0.000002
2	76	0.000006
2	77	0.000236
2	79	0.000001
2	83	0.000054
2	86	0.000256
2	87	0.000061
2	98	0.000052
2	111	0.000004
2	776	0.000114
2	777	0.000033
2	779	0.000002
2	780	0.003872
2	781	0.000058
2	784	0.000025
2	791	0.001307
2	793	0.000036
2	794	0.000148
2	795	0.000431
2	797	0.000043
2	798	0.000161
2	799	0.000970
2	800	0.000869
2	801	0.066702
2	803	0.001177
2	804	0.000186
2	806	0.012196
3	7	0.000043
3	8	0.000032
3	9	0.000014
3	11	0.000016
3	13	0.000077
3	14	0.000033
3	29	0.000235
3	30	0.000002
3	39	0.547416
3	40	0.004002
3	41	0.007643
3	42	0.089148
3	46	0.000093
3	50	0.000023
3	52	0.000011
3	61	0.001044
3	62	0.000006
3	64	0.000006
3	65	0.000078
3	75	0.000008
3	76	0.000222
3	77	0.000370
3	83	0.000016
3	86	0.000071
3	87	0.000001
3	97	0.000051
3	110	0.000004
3	775	0.000106
3	776	0.000053
3	779	0.003845
3	780	0.000056
3	781	0.000005
3	784	0.000013
3	791	0.000353
3	793	0.000056
3	794	0.000493
3	795	0.000229
3	797	0.000045
3	798	0.000838
3	799	0.001102
3	800	0.060632
3	801	0.027402
3	803	0.000094
3	804	0.000789
3	806	0.014523
4	8	0.000024
4	9	0.000015
4	12	0.000073
4	13	0.000032
4	26	0.000004
4	28	0.000236
4	29	0.000001
4	41	0.085431
4	58	0.000002
4	60	0.001064
4	61	0.000003
4	74	0.000007
4	75	0.000188
4	76	0.000328
4	79	0.000163
4	87	0.000001
4	774	0.000086
4	775	0.000046
4	777	0.000011
4	781	0.000004
4	784	0.000021
4	793	0.000419
4	794	0.000205
4	795	0.000033
4	797	0.000622
4	798	0.000830
4	799	0.051035
4	800	0.023477
4	803	0.000719
4	804	0.005815
5	10	0.000052
5	25	0.000004
5	27	0.000237
5	48	0.000019
5	56	0.000006
5	57	0.000002
5	59	0.001068
5	78	0.000172
5	80	0.000710
5	81	0.000020
5	82	0.000009
5	84	0.000025
5	88	0.000316
5	89	0.000195
5	95	0.000016
5	778	0.002151
5	805	0.024450
6	24	0.000004
6	26	0.000235
6	41	0.000523
6	55	0.000006
6	58	0.000981
6	74	0.000095
6	75	0.000003
6	76	0.000002
6	79	0.000693
6	87	0.000261
6	774	0.000008
6	775	0.000001
6	777	0.001737
6	781	0.000002
6	784	0.000189
6	793	0.000092
6	794	0.000019
6	795	0.000077
6	797	0.002607
6	798	0.000780
6	799	0.000333
6	800	0.000092
6	803	0.001191
6	804	0.019790
7	25	0.000219
7	37	0.000128
7	38	0.009852
7	43	0.000147
7	44	0.000153
7	45	0.000074
7	47	0.000010
7	48	0.000004
7	49	0.000009
7	51	0.000002
7	54	0.000005
7	57	0.000904
7	73	0.000091
7	78	0.000628
7	85	0.000004
7	89	0.000004
7	90	0.000002
7	96	0.000015
7	773	0.000010
7	782	0.000014
7	783	0.000198
7	785	0.000012
7	786	0.000036
7	787	0.000056
7	788	0.000061
7	789	0.000062
7	790	0.000085
7	792	0.000090
7	796	0.002324
7	802	0.001279
7	805	0.000043
7	807	0.000089
7	808	0.000100
8	21	0.000002
8	22	0.000111
8	37	0.005283
8	38	0.838897
8	43	0.000100
8	44	0.000061
8	45	0.000008
8	47	0.000003
8	48	0.000008
8	49	0.000001
8	56	0.000230
8	72	0.000007
8	84	0.000002
8	85	0.000032
8	89	0.000005
8	95	0.000017
8	773	0.000002
8	782	0.000103
8	783	0.000009
8	785	0.000023
8	786	0.000051
8	787	0.000059
8	788	0.000060
8	789	0.000078
8	790	0.000010
8	792	0.000007
8	796	0.000034
8	802	0.000644
8	805	0.000016
8	807	0.000091
8	808	0.000331
9	19	0.000012
9	21	0.000138
9	22	0.000003
9	31	0.000002
9	34	0.000001
9	37	0.973814
9	38	0.000268
9	43	0.000019
9	44	0.000003
9	47	0.000002
9	54	0.000001
9	84	0.000031
9	94	0.000018
9	782	0.000005
9	783	0.000002
9	785	0.000023
9	786	0.000034
9	787	0.000035
9	788	0.000044
9	789	0.000007
9	790	0.000002
9	792	0.000004
9	796	0.000004
9	802	0.000013
9	805	0.000004
9	807	0.000591
9	808	0.000004
10	18	0.000014
10	20	0.000139
10	23	0.000008
10	30	0.000002
10	32	0.000001
10	36	0.998687
10	42	0.000005
10	83	0.000031
10	93	0.000018
10	791	0.000001
10	801	0.000002
10	806	0.000621
11	16	0.000026
11	35	0.998722
11	82	0.000030
11	92	0.000018
11	805	0.000615
12	19	0.000009
12	21	0.000002
12	22	0.000002
12	31	0.000005
12	34	0.990685
12	35	0.000004
12	37	0.000001
12	38	0.000003
12	81	0.000023
12	91	0.000018
13	17	0.000003
13	19	0.000001
13	21	0.000002
13	31	0.000122
13	34	0.000107
13	37	0.000003
13	49	0.000006
13	80	0.000006
13	90	0.000018
13	802	0.000002
14	35	0.000013
14	48	0.000007
14	89	0.000019
15	21	0.000002
15	31	0.913455
15	34	0.000014
15	47	0.000007
15	78	0.000003
15	88	0.000013
15	802	0.000080
16	20	0.000002
16	28	0.000021
16	29	0.077336
16	30	0.916537
16	32	0.000048
16	33	0.000006
16	46	0.000007
16	61	0.000002
16	77	0.000003
16	87	0.000004
16	800	0.000001
16	801	0.000091
17	26	0.000074
17	28	0.533645
17	29	0.462321
17	60	0.000006
17	76	0.000002
17	799	0.000001
17	800	0.000064
18	25	0.000149
18	27	0.988034
18	59	0.000007
18	88	0.000001
18	89	0.000002
19	24	0.000109
19	26	0.987088
19	28	0.010472
19	58	0.000007
19	87	0.000001
19	798	0.000001
20	25	0.983574
20	27	0.010723
20	57	0.000007
20	88	0.000009
20	89	0.000002
21	26	0.008113
21	28	0.000001
21	29	0.000003
21	87	0.000008
21	795	0.000001
22	26	0.000008
22	28	0.000017
22	794	0.000001
23	27	0.000017
23	48	0.000002
23	88	0.000015
23	89	0.000013
24	37	0.000004
24	47	0.000002
24	88	0.000012
24	792	0.000003
25	36	0.000004
25	46	0.000002
25	52	0.000007
25	86	0.000041
25	87	0.000002
25	791	0.000003
25	793	0.000004
26	35	0.000004
26	37	0.000005
26	45	0.000002
26	51	0.000007
26	84	0.000039
26	85	0.000027
26	790	0.000002
26	792	0.000004
27	36	0.000007
27	50	0.000007
27	83	0.000091
27	791	0.000004
28	35	0.000007
28	49	0.000006
28	82	0.000091
28	790	0.000004
29	34	0.000004
29	37	0.000001
29	48	0.000005
29	81	0.000095
29	789	0.000003
30	35	0.000003
30	59	0.000016
30	80	0.000119
30	84	0.000001
31	58	0.000017
31	79	0.000119
32	57	0.000017
32	78	0.000118
32	81	0.000006
32	82	0.000001
32	89	0.000184
33	56	0.000017
33	80	0.000006
33	88	0.000186
33	807	0.000006
33	808	0.000003
34	41	0.000014
34	55	0.000017
34	61	0.000003
34	75	0.000006
34	76	0.000034
34	79	0.000006
34	87	0.000186
35	40	0.000016
35	42	0.000006
35	60	0.000010
35	74	0.000006
35	75	0.000029
35	76	0.000002
35	77	0.000011
35	79	0.000001
35	83	0.000001
35	86	0.000185
35	806	0.000506
36	59	0.000011
36	78	0.000002
36	82	0.000001
36	84	0.000082
36	805	0.000508
37	41	0.000003
37	58	0.000006
37	74	0.000030
37	75	0.000045
37	76	0.000005
37	799	0.000002
37	800	0.000003
37	804	0.000486
38	58	0.000679
38	60	0.000006
38	74	0.000102
38	75	0.000007
38	76	0.000002
38	784	0.000001
38	793	0.000001
38	794	0.000002
38	795	0.000001
38	797	0.000001
38	798	0.000003
38	799	0.000007
38	800	0.000005
38	803	0.000341
38	804	0.000010
39	48	0.000349
39	57	0.000868
39	59	0.000009
39	69	0.000010
39	71	0.000002
39	72	0.010692
39	80	0.000001
39	81	0.001401
39	82	0.000316
39	84	0.000182
39	88	0.000011
39	89	0.002034
39	91	0.000002
39	92	0.004357
39	805	0.000187
40	48	0.003655
40	56	0.000873
40	57	0.000003
40	59	0.000001
40	68	0.000011
40	69	0.000002
40	71	0.010794
40	72	0.000001
40	80	0.001402
40	81	0.000364
40	82	0.000453
40	84	0.000009
40	88	0.001963
40	89	0.000733
40	91	0.005013
40	95	0.000007
40	805	0.000183
41	45	0.000084
41	47	0.003404
41	48	0.000063
41	49	0.008533
41	51	0.000006
41	54	0.000003
41	56	0.000001
41	57	0.000016
41	68	0.000002
41	69	0.000054
41	70	0.010736
41	73	0.000016
41	78	0.000009
41	80	0.000185
41	81	0.000650
41	82	0.000002
41	85	0.000129
41	88	0.000180
41	89	0.001762
41	90	0.006102
41	94	0.000007
41	782	0.000008
41	783	0.000006
41	785	0.000006
41	786	0.000008
41	787	0.000008
41	788	0.000007
41	789	0.000007
41	790	0.000005
41	792	0.000004
41	796	0.000008
41	802	0.000052
41	805	0.000023
41	807	0.000938
41	808	0.000022
42	48	0.011768
42	56	0.000039
42	59	0.000016
42	68	0.000296
42	69	0.010425
42	71	0.000001
42	72	0.000019
42	78	0.000850
42	80	0.001018
42	81	0.000032
42	82	0.000009
42	84	0.000148
42	88	0.003328
42	89	0.009319
42	91	0.000017
42	92	0.000007
42	805	0.020893
43	55	0.000034
43	58	0.000016
43	61	0.000001
43	67	0.000476
43	75	0.000003
43	76	0.000173
43	79	0.000988
43	87	0.003071
43	781	0.000003
43	784	0.000018
43	793	0.000011
43	794	0.000065
43	795	0.000320
43	797	0.000016
43	798	0.000101
43	799	0.000443
43	800	0.000885
43	803	0.000077
43	804	0.020522
44	58	0.000003
44	61	0.000110
44	67	0.000212
44	74	0.000003
44	75	0.000175
44	76	0.000403
44	79	0.000006
44	87	0.000093
44	781	0.000004
44	784	0.000025
44	793	0.000062
44	794	0.000356
44	795	0.000110
44	797	0.000082
44	798	0.000456
44	799	0.001013
44	800	0.000387
44	803	0.015613
44	804	0.000709
45	58	0.000018
45	60	0.000238
45	61	0.000002
45	67	0.000036
45	74	0.000133
45	75	0.000401
45	76	0.000052
45	79	0.000211
45	87	0.000045
45	781	0.000003
45	784	0.000018
45	793	0.000256
45	794	0.000091
45	795	0.000020
45	797	0.000273
45	798	0.000565
45	799	0.000355
45	800	0.000097
45	803	0.000573
45	804	0.000138
46	56	0.000319
46	57	0.000018
46	59	0.000253
46	68	0.001622
46	71	0.000001
46	72	0.000029
46	78	0.000230
46	80	0.000057
46	81	0.000003
46	82	0.000023
46	84	0.000856
46	88	0.671267
46	89	0.000797
46	778	0.000032
46	805	0.002126
47	55	0.000315
47	58	0.000232
47	60	0.000055
47	61	0.000031
47	67	0.001626
47	74	0.001090
47	75	0.000069
47	76	0.000201
47	79	0.000053
47	87	0.674413
47	777	0.000033
47	784	0.000002
47	793	0.000001
47	794	0.000003
47	795	0.000022
47	797	0.000002
47	798	0.000005
47	799	0.000027
47	800	0.000117
47	803	0.000018
47	804	0.001907
48	52	0.000005
48	53	0.000094
48	55	0.000001
48	60	0.000045
48	61	0.020498
48	62	0.002584
48	64	0.000031
48	65	0.000012
48	66	0.001442
48	74	0.000069
48	75	0.000251
48	76	0.000018
48	77	0.000100
48	83	0.005311
48	86	0.671216
48	87	0.000008
48	776	0.000033
48	791	0.000022
48	793	0.000001
48	794	0.000022
48	795	0.000008
48	797	0.000002
48	798	0.000023
48	799	0.000110
48	800	0.000030
48	801	0.001200
48	803	0.000614
48	804	0.000014
48	806	0.000403
49	55	0.000003
49	58	0.000207
49	60	0.039418
49	61	0.001308
49	74	0.000248
49	75	0.000017
49	76	0.000098
49	79	0.000001
49	87	0.000008
49	775	0.000026
49	793	0.000015
49	794	0.000006
49	797	0.000014
49	798	0.000062
49	799	0.000027
49	800	0.000923
49	803	0.000013
49	804	0.000005
50	56	0.000222
50	57	0.000223
50	59	0.043002
50	71	0.002139
50	72	0.000500
50	78	0.000002
50	80	0.000076
50	81	0.000017
50	82	0.065160
50	84	0.263199
50	88	0.000159
50	89	0.000003
50	91	0.000001
50	805	0.000473
51	55	0.000147
51	58	0.042913
51	60	0.000027
51	74	0.000007
51	79	0.000076
51	87	0.000156
51	795	0.000001
51	797	0.000002
51	798	0.000023
51	799	0.000012
51	800	0.000005
51	803	0.000003
51	804	0.000377
52	56	0.000041
52	57	0.042503
52	59	0.000029
52	69	0.003666
52	71	0.000004
52	72	0.000003
52	78	0.000072
52	80	0.000006
52	81	0.926889
52	82	0.013556
52	84	0.000004
52	88	0.000004
52	89	0.006855
52	114	0.000005
52	805	0.000052
53	57	0.000029
53	59	0.000012
53	68	0.003757
53	69	0.000007
53	71	0.000003
53	80	0.934838
53	81	0.007101
53	88	0.006913
53	89	0.000128
53	113	0.000005
53	805	0.000033
54	58	0.000008
54	60	0.000001
54	67	0.003700
54	76	0.000009
54	79	0.940845
54	87	0.006072
54	112	0.000005
54	793	0.000013
54	795	0.000003
54	797	0.000044
54	803	0.000178
54	804	0.000021
55	63	0.000005
55	78	0.939993
55	80	0.000002
55	85	0.000017
55	88	0.000090
55	89	0.000004
55	792	0.000015
55	796	0.000048
55	802	0.000213
55	805	0.000010
55	807	0.000009
56	62	0.000007
56	65	0.003728
56	66	0.000151
56	74	0.000008
56	75	0.002271
56	76	0.000012
56	77	0.936882
56	79	0.000001
56	86	0.004556
56	87	0.000698
56	111	0.000005
56	791	0.000015
56	794	0.000226
56	795	0.000033
56	801	0.000217
56	804	0.000032
56	806	0.000011
57	61	0.000003
57	62	0.000007
57	64	0.003746
57	65	0.000147
57	66	0.000001
57	74	0.021917
57	75	0.000432
57	76	0.860112
57	77	0.000134
57	83	0.000011
57	86	0.001231
57	87	0.000011
57	110	0.000005
57	791	0.000005
57	793	0.000323
57	794	0.000017
57	797	0.000001
57	800	0.000112
57	801	0.000005
57	803	0.000047
57	806	0.000019
58	63	0.003282
58	70	0.000003
58	71	0.000011
58	72	0.007644
58	73	0.034955
58	78	0.000001
58	82	0.000006
58	84	0.002721
58	85	0.000788
58	88	0.000019
58	89	0.000002
58	108	0.000002
58	109	0.000003
58	790	0.000005
58	792	0.000350
58	796	0.000001
58	802	0.000049
58	805	0.000018
58	807	0.000029
59	64	0.000074
59	74	0.861076
59	75	0.000811
59	76	0.000009
59	77	0.000003
59	83	0.005784
59	86	0.001507
59	87	0.000052
59	107	0.000003
59	791	0.000354
59	797	0.000001
59	798	0.000002
59	801	0.000048
59	804	0.000004
59	806	0.000040
60	68	0.000002
60	69	0.000003
60	70	0.013577
60	71	0.046141
60	72	0.000032
60	73	0.872371
60	82	0.005752
60	84	0.000003
60	85	0.000895
60	88	0.000005
60	89	0.000003
60	90	0.000005
60	106	0.000003
60	790	0.000330
60	805	0.000036
61	68	0.000003
61	69	0.013919
61	70	0.048304
61	71	0.000043
61	72	0.868503
61	73	0.004188
61	81	0.005730
61	84	0.000257
61	85	0.016902
61	88	0.000001
61	89	0.000075
61	789	0.000146
62	68	0.014549
62	69	0.048482
62	71	0.866417
62	72	0.005150
62	80	0.005807
62	82	0.000007
62	84	0.029386
62	88	0.000274
62	89	0.000002
62	805	0.000013
63	67	0.009780
63	74	0.000020
63	75	0.000004
63	79	0.005800
63	87	0.000270
63	105	0.000004
63	804	0.000011
64	68	0.024256
64	69	0.069192
64	71	0.001542
64	72	0.002239
64	78	0.005665
64	81	0.001293
64	82	0.034952
64	84	0.000022
64	89	0.000001
64	104	0.000004
64	805	0.000007
65	69	0.004658
65	71	0.002307
65	72	0.003138
65	78	0.000013
65	80	0.001295
65	81	0.035778
65	82	0.000052
65	88	0.000001
65	89	0.000009
65	103	0.000004
65	805	0.000007
66	71	0.003171
66	72	0.000035
66	78	0.000055
66	80	0.035753
66	81	0.000060
66	82	0.000002
66	88	0.000009
66	89	0.000004
66	102	0.000004
66	805	0.000003
67	71	0.000030
67	72	0.000005
67	73	0.000021
67	78	0.019197
67	80	0.000058
67	81	0.000002
67	88	0.000004
67	802	0.000021
67	807	0.000008
68	74	0.000167
68	75	0.000044
68	76	0.000172
68	77	0.023531
68	79	0.000058
68	86	0.000008
68	87	0.000005
68	801	0.000024
68	803	0.000002
68	806	0.000010
69	74	0.000019
69	75	0.000193
69	76	0.022291
69	77	0.015277
69	79	0.000015
69	86	0.000005
69	800	0.000021
69	801	0.000385
70	74	0.000153
70	75	0.019130
70	76	0.014788
70	79	0.000047
70	87	0.000005
70	112	0.000002
70	799	0.000020
70	800	0.000399
70	803	0.000001
70	804	0.000005
71	75	0.006808
71	76	0.000009
71	77	0.000185
71	83	0.000008
71	86	0.000005
71	87	0.000003
71	98	0.000001
71	111	0.000002
71	798	0.000016
71	799	0.000401
71	800	0.000003
71	801	0.000039
71	803	0.000004
72	76	0.000078
72	77	0.000099
72	83	0.000003
72	86	0.000003
72	110	0.000002
72	797	0.000009
72	798	0.000407
72	799	0.000006
72	800	0.000039
72	801	0.000013
73	79	0.000020
73	87	0.000009
73	784	0.000001
73	797	0.000415
73	798	0.000012
73	799	0.000039
73	800	0.000012
74	78	0.000018
74	80	0.000004
74	81	0.000011
74	82	0.000001
74	85	0.000007
74	88	0.000009
74	89	0.000007
74	90	0.000008
74	783	0.000001
74	787	0.000007
74	788	0.000002
74	789	0.000001
74	796	0.000376
74	808	0.000002
75	80	0.000018
75	81	0.000005
75	84	0.000008
75	85	0.000005
75	88	0.000012
75	89	0.000031
75	90	0.000092
75	91	0.000002
75	786	0.000010
75	787	0.000003
75	788	0.000001
75	796	0.000048
75	807	0.000003
75	808	0.000002
76	80	0.000004
76	81	0.000003
76	82	0.000002
76	84	0.000002
76	85	0.001559
76	88	0.000032
76	89	0.000272
76	90	0.000092
76	785	0.000008
76	786	0.000002
76	787	0.000001
76	796	0.000012
76	805	0.000003
76	807	0.000004
77	81	0.000014
77	82	0.000019
77	84	0.001821
77	88	0.000350
77	89	0.000242
77	805	0.000007
78	83	0.001733
78	86	0.000400
78	87	0.000177
78	97	0.000001
78	100	0.000002
78	784	0.000002
78	791	0.000033
78	793	0.000794
78	794	0.000002
78	797	0.000002
78	803	0.000058
78	804	0.000004
78	806	0.000020
79	85	0.000404
79	88	0.000203
79	89	0.000016
79	96	0.000001
79	99	0.000003
79	103	0.000002
79	782	0.000043
79	783	0.000001
79	790	0.000032
79	792	0.000883
79	796	0.000003
79	802	0.000067
79	805	0.000019
79	807	0.000011
79	808	0.000018
80	86	0.000184
80	87	0.000532
80	98	0.000003
80	781	0.000056
80	791	0.000898
80	795	0.000003
80	801	0.000069
80	804	0.000012
80	806	0.000007
81	86	0.000579
81	87	0.000023
81	97	0.000003
81	98	0.000004
81	101	0.000075
81	780	0.000058
81	791	0.000010
81	794	0.000002
81	800	0.000056
81	801	0.000002
81	803	0.000010
81	806	0.000019
82	86	0.000038
82	87	0.000005
82	93	0.000009
82	97	0.000004
82	98	0.000003
82	100	0.000094
82	779	0.000058
82	791	0.000017
82	793	0.000002
82	799	0.000034
82	800	0.000001
82	801	0.000004
82	803	0.000005
82	804	0.000003
82	806	0.265612
83	88	0.000394
83	89	0.001215
83	92	0.000009
83	99	0.000111
83	778	0.000058
83	805	0.266633
84	97	0.000012
84	98	0.000108
84	776	0.000010
84	777	0.000029
84	784	0.000003
84	791	0.000009
84	794	0.000001
84	795	0.000004
84	798	0.000002
84	799	0.000005
84	800	0.000005
84	801	0.000193
84	803	0.000015
84	804	0.262468
84	806	0.000052
85	775	0.000009
85	784	0.000028
85	793	0.000001
85	794	0.000004
85	797	0.000002
85	798	0.000005
85	799	0.000007
85	800	0.000169
85	803	0.253512
85	804	0.000746
86	95	0.000208
86	103	0.000006
86	805	0.000034
87	94	0.000210
87	99	0.000004
87	102	0.000006
87	782	0.000077
87	783	0.000173
87	785	0.001087
87	786	0.000135
87	787	0.000040
87	788	0.000012
87	789	0.000003
87	790	0.000002
87	792	0.000020
87	796	0.000018
87	802	0.238001
87	805	0.000001
87	807	0.000167
88	93	0.000210
88	98	0.000007
88	101	0.000009
88	781	0.000031
88	784	0.001215
88	791	0.000023
88	794	0.000002
88	795	0.000020
88	797	0.000002
88	798	0.000035
88	799	0.000177
88	800	0.001794
88	801	0.242816
88	803	0.000005
88	804	0.000004
88	806	0.000198
89	97	0.000007
89	100	0.000009
89	780	0.000011
89	781	0.001531
89	784	0.000739
89	791	0.000182
89	793	0.000011
89	794	0.000032
89	795	0.000023
89	797	0.000033
89	798	0.000168
89	799	0.001840
89	800	0.190580
89	801	0.003313
89	803	0.000011
89	804	0.000037
89	806	0.000574
90	112	0.000004
90	781	0.868002
90	784	0.000029
90	793	0.000013
90	794	0.000010
90	795	0.000002
90	797	0.000046
90	798	0.000395
90	799	0.064318
90	800	0.001341
90	803	0.000011
90	804	0.000028
91	97	0.000001
91	98	0.000041
91	101	0.000023
91	111	0.000004
91	779	0.000002
91	780	0.993643
91	781	0.000032
91	797	0.000003
91	798	0.000345
91	799	0.000017
92	97	0.000041
92	100	0.000025
92	110	0.000004
92	779	0.995222
92	780	0.000019
92	797	0.000003
92	806	0.000006
93	99	0.000101
93	113	0.000003
93	778	0.996673
93	805	0.000007
94	112	0.000003
94	777	0.996066
94	804	0.000007
95	107	0.000009
95	111	0.000003
95	775	0.000029
95	776	0.995561
95	801	0.000001
95	803	0.000003
96	105	0.000098
96	774	0.001566
96	775	0.851093
96	800	0.000001
97	103	0.000002
97	104	0.000126
97	113	0.000001
97	114	0.000774
97	772	0.000751
98	102	0.000002
98	103	0.000126
98	113	0.000762
98	114	0.000097
98	771	0.000552
98	772	0.000829
99	112	0.000398
99	116	0.003725
99	117	0.000006
99	770	0.000041
99	774	0.001594
99	775	0.000043
99	776	0.000002
100	113	0.000057
100	114	0.991949
100	772	0.000003
101	113	0.998655
101	114	0.000026
101	771	0.000001
102	107	0.000001
102	110	0.000002
102	111	0.001690
102	112	0.996536
102	770	0.000001
102	781	0.000004
103	110	0.001721
103	111	0.998079
103	112	0.000011
103	769	0.000001
103	780	0.000005
104	110	0.997045
104	111	0.000014
104	768	0.000001
104	779	0.000005
105	109	0.809194
105	767	0.000001
105	778	0.000005
106	777	0.000004
107	113	0.000015
107	114	0.000003
108	112	0.000010
109	121	0.000001
110	120	0.000001
111	119	0.000001
112	118	0.000001
112	778	0.000002
113	117	0.000001
113	774	0.000002
113	775	0.000002
113	776	0.000108
113	777	0.000012
114	774	0.000072
114	775	0.000257
114	776	0.000023
115	774	0.016985
115	775	0.000178
116	771	0.000024
116	772	0.986240
117	771	0.999302
117	772	0.000028
118	770	0.999408
119	769	0.999852
120	768	0.998670
120	769	0.000002
121	767	0.999480
122	766	0.999980
123	765	0.999980
124	764	0.999696
125	763	0.999884
126	626	0.000001
126	760	0.000016
126	761	0.000007
126	762	0.996610
127	622	0.000004
127	713	0.000005
127	761	0.994981
127	762	0.000051
128	622	0.000008
128	626	0.000001
128	676	0.000002
128	712	0.000006
128	759	0.000405
128	760	0.971755
128	761	0.000040
129	623	0.581040
129	625	0.000002
129	675	0.000002
129	711	0.000006
129	753	0.000003
129	756	0.000004
129	757	0.000008
129	758	0.000766
130	622	0.577621
130	752	0.000003
130	761	0.000002
131	619	0.000005
131	620	0.997089
131	622	0.000001
132	618	0.000002
132	619	0.999940
132	620	0.000035
133	618	0.999971
133	619	0.000018
134	617	0.999938
135	615	0.000141
135	616	0.998339
136	614	0.000144
136	615	0.999831
137	613	0.000147
137	614	0.999841
138	611	0.000189
138	613	0.999787
139	609	0.000412
139	610	0.000255
139	612	0.998748
140	608	0.001937
140	611	0.995177
142	607	0.982147
142	608	0.014479
143	606	0.999947
143	609	0.000002
144	605	0.999509
145	604	0.999981
146	603	0.999991
147	602	0.999977
148	601	0.999511
149	600	0.999970
150	596	0.000004
150	598	0.000003
150	599	0.999026
151	595	0.000044
151	597	0.000003
151	598	0.998819
152	594	0.000050
152	596	0.000006
152	597	0.999898
153	593	0.000052
153	594	0.000008
153	596	0.996999
153	597	0.000012
154	592	0.000035
155	221	0.000002
155	592	0.000034
156	220	0.000001
156	592	0.000498
157	220	0.000002
157	592	0.984650
158	219	0.000003
158	591	0.996227
158	593	0.000006
159	218	0.000003
159	590	0.999824
159	591	0.000009
160	216	0.000002
160	217	0.000002
160	589	0.999689
160	590	0.000002
161	215	0.000003
161	588	0.999935
162	214	0.000003
162	586	0.000326
162	587	0.999615
163	213	0.000003
163	214	0.000002
163	585	0.000651
163	586	0.999309
163	587	0.000011
164	212	0.000003
164	213	0.000044
164	214	0.000055
164	221	0.000014
164	227	0.000004
164	443	0.000017
164	584	0.000975
164	585	0.998773
164	586	0.000023
165	175	0.000001
165	212	0.000088
165	213	0.001802
165	214	0.000160
165	220	0.000040
165	221	0.000008
165	224	0.000098
165	226	0.002379
165	442	0.000023
165	443	0.000006
165	583	0.001176
165	584	0.983689
165	585	0.000034
166	174	0.000002
166	210	0.000001
166	211	0.000011
166	215	0.002279
166	216	0.001358
166	217	0.000519
166	218	0.000194
166	219	0.000257
166	222	0.000197
166	223	0.000124
166	225	0.021825
166	441	0.000020
167	175	0.001098
167	209	0.000002
167	212	0.257317
167	213	0.384499
167	214	0.001573
167	220	0.000247
167	221	0.000299
167	224	0.028051
167	226	0.000068
167	230	0.000003
167	437	0.000002
167	442	0.000106
167	443	0.000092
167	582	0.000098
167	583	0.019397
167	584	0.000019
168	174	0.001109
168	208	0.000002
168	211	0.006455
168	215	0.000310
168	216	0.000249
168	217	0.000268
168	218	0.000044
168	219	0.000326
168	222	0.000080
168	223	0.027554
168	225	0.000074
168	229	0.000002
168	441	0.000072
169	173	0.001093
169	210	0.003281
169	211	0.971726
169	215	0.000101
169	218	0.000116
169	222	0.010987
169	440	0.000025
170	206	0.000001
170	210	0.994470
170	211	0.000035
170	215	0.000003
170	218	0.000004
170	222	0.000011
170	438	0.000009
171	175	0.000002
171	209	0.997848
171	212	0.000026
171	214	0.000002
171	220	0.000040
171	221	0.000017
171	224	0.000003
171	226	0.000003
171	230	0.000001
171	436	0.000004
171	437	0.000006
172	205	0.000003
172	206	0.000022
172	207	0.000697
172	208	0.987084
172	210	0.000010
172	211	0.000025
172	219	0.000042
172	223	0.000002
172	225	0.000003
172	229	0.000001
172	435	0.000007
173	209	0.000016
173	212	0.000001
173	221	0.000011
173	224	0.000003
173	228	0.000001
173	434	0.000007
174	220	0.000010
174	433	0.000006
175	203	0.000057
175	204	0.010090
175	206	0.239565
175	210	0.000001
175	211	0.000001
175	215	0.000002
175	218	0.000003
175	431	0.000001
176	202	0.000057
176	203	0.009403
176	204	0.987230
176	206	0.000027
177	201	0.000056
177	202	0.008683
177	203	0.990187
177	204	0.000333
178	199	0.000002
178	201	0.007939
178	202	0.990920
178	203	0.000328
179	199	0.000682
179	201	0.991316
179	202	0.000323
181	198	0.000145
181	199	0.973876
182	197	0.000004
182	198	0.997983
182	199	0.000004
183	197	0.999955
184	196	0.999508
185	193	0.000002
185	195	0.999972
186	192	0.000006
186	194	0.999917
187	191	0.000024
187	193	0.991644
187	195	0.000007
188	192	0.980165
188	194	0.000008
189	193	0.000009
205	214	0.000211
205	226	0.000009
206	212	0.000007
206	213	0.000224
206	221	0.000332
206	224	0.000029
206	227	0.000001
206	228	0.000002
206	236	0.000001
207	214	0.000002
207	220	0.000325
207	226	0.000003
207	227	0.000002
208	226	0.000003
208	439	0.000007
209	215	0.000013
209	218	0.000356
209	222	0.000692
209	438	0.000008
209	444	0.000007
210	214	0.000005
210	221	0.000782
210	224	0.000019
210	226	0.000001
210	437	0.000008
210	443	0.000046
211	220	0.000715
211	221	0.000078
211	224	0.000229
211	226	0.000004
211	230	0.000003
211	232	0.000002
211	436	0.000007
211	442	0.000047
211	443	0.000002
212	218	0.003046
212	222	0.001379
212	231	0.000013
212	440	0.000002
212	445	0.000002
212	446	0.000015
213	218	0.008467
213	222	0.024259
213	231	0.000007
213	428	0.000001
213	438	0.000002
213	440	0.000004
213	444	0.000004
213	445	0.000016
214	218	0.000338
214	219	0.004564
214	222	0.200661
214	223	0.005056
214	225	0.078904
214	229	0.007539
214	435	0.000006
214	438	0.000002
214	441	0.000002
214	444	0.000017
215	220	0.000337
215	221	0.315765
215	224	0.097040
215	226	0.000048
215	227	0.000343
215	228	0.012870
215	230	0.000006
215	434	0.000008
215	437	0.000004
215	442	0.000148
215	443	0.000153
215	583	0.000016
215	584	0.000001
216	220	0.239256
216	226	0.000692
216	227	0.014570
216	238	0.000001
216	433	0.000007
217	226	0.017093
217	227	0.000084
218	224	0.014480
218	226	0.000179
218	227	0.003424
218	228	0.000543
218	230	0.000002
218	236	0.000552
218	434	0.000007
218	442	0.000339
218	443	0.000185
218	583	0.000021
218	584	0.000002
219	226	0.006140
219	227	0.000705
219	235	0.000553
219	433	0.000007
220	225	0.005338
220	234	0.000553
220	432	0.000007
220	441	0.000026
220	445	0.000006
220	447	0.000001
221	233	0.000551
221	431	0.000007
221	438	0.000003
221	440	0.000024
221	444	0.000590
221	445	0.000001
221	446	0.000002
222	226	0.000210
222	227	0.000111
222	228	0.000150
222	230	0.000005
222	232	0.000206
222	236	0.000005
222	437	0.000003
222	439	0.000011
222	442	0.002914
222	443	0.003630
222	583	0.000030
222	584	0.000003
223	227	0.000163
223	232	0.000323
223	235	0.000005
223	439	0.000004
224	231	0.000493
224	233	0.000006
224	428	0.000001
224	438	0.000005
224	440	0.000084
224	444	0.000920
224	445	0.000003
225	232	0.000006
225	439	0.000081
226	231	0.000005
226	438	0.000070
226	440	0.000002
226	441	0.001617
226	444	0.000007
227	438	0.000003
227	440	0.000064
227	441	0.837556
228	438	0.000007
228	440	0.984527
229	439	0.988530
230	438	0.989552
230	440	0.000048
231	436	0.501396
231	437	0.496839
231	439	0.000003
232	435	0.993850
233	434	0.999342
233	436	0.000016
234	433	0.998830
235	429	0.000186
235	430	0.000002
235	431	0.000009
235	432	0.998293
236	428	0.000239
236	431	0.996280
237	409	0.573052
237	410	0.000251
238	407	0.000004
238	408	0.925846
238	427	0.000018
238	428	0.000065
238	429	0.002965
238	430	0.000542
239	406	0.000008
239	407	0.997590
239	428	0.001802
240	405	0.000007
240	406	0.998978
240	407	0.000982
241	404	0.000006
241	405	0.998982
241	406	0.000991
241	407	0.000003
242	404	0.998942
242	405	0.000995
242	406	0.000003
243	402	0.000014
243	403	0.990423
243	404	0.000948
243	405	0.000003
245	402	0.898375
246	399	0.000014
246	401	0.898376
247	399	0.991401
248	398	0.999931
248	399	0.000020
249	397	0.999976
249	398	0.000014
250	396	0.999984
250	397	0.000007
251	395	0.999991
252	394	0.999977
253	393	0.999484
254	392	0.999545
255	385	0.000001
255	390	0.000016
255	391	0.139502
256	390	0.126732
256	391	0.860113
257	381	0.000002
257	390	0.870981
257	391	0.000005
258	380	0.000001
258	383	0.003693
258	384	0.115881
258	386	0.003915
258	387	0.015209
258	388	0.003286
258	389	0.840129
259	383	0.256802
259	384	0.001320
259	386	0.021439
259	387	0.005103
259	388	0.668692
259	389	0.000330
260	279	0.000003
260	381	0.996112
261	278	0.000003
261	380	0.999842
261	383	0.000003
261	384	0.000002
261	386	0.000066
262	277	0.000003
262	379	0.999477
262	384	0.000002
263	276	0.000003
263	378	0.999475
263	382	0.000003
264	275	0.000003
264	377	0.999889
264	381	0.000003
265	376	0.987318
266	273	0.000002
266	374	0.147149
266	376	0.000046
266	380	0.000007
267	376	0.000092
267	379	0.000007
268	291	0.000005
268	371	0.907210
268	372	0.010989
268	373	0.007085
268	375	0.000235
268	378	0.000002
269	290	0.000007
269	369	0.000119
269	370	0.980176
269	374	0.000213
270	289	0.000006
270	290	0.000005
270	368	0.000129
270	369	0.980394
270	370	0.019145
271	288	0.000001
271	289	0.000004
271	290	0.000307
271	367	0.000138
271	368	0.979625
271	369	0.019233
271	370	0.000148
272	288	0.000001
272	289	0.000343
272	290	0.000622
272	367	0.974126
272	368	0.019042
272	369	0.000143
273	350	0.000001
273	363	0.000005
274	288	0.008004
274	289	0.000012
274	364	0.000036
275	287	0.009053
275	364	0.000112
275	365	0.984617
276	286	0.009055
276	364	0.988140
277	285	0.009056
277	361	0.001071
277	362	0.001351
277	363	0.986262
278	284	0.009057
278	357	0.000001
278	360	0.001484
278	361	0.001869
278	362	0.981733
278	363	0.000212
279	287	0.000002
279	289	0.000005
279	290	0.000001
279	359	0.001636
280	286	0.000002
280	288	0.000006
280	289	0.000001
280	384	0.000002
281	287	0.000006
281	290	0.000002
281	356	0.000009
281	359	0.748481
281	383	0.000003
282	286	0.000005
282	289	0.000002
282	355	0.000008
283	288	0.000001
284	356	0.990499
284	359	0.000001
284	380	0.000003
285	352	0.000001
285	355	0.990360
285	379	0.000003
286	351	0.000001
286	353	0.000003
286	354	0.990238
286	378	0.000003
287	351	0.000002
287	353	0.989344
287	377	0.000003
288	350	0.000004
288	351	0.000678
288	353	0.000013
289	297	0.000001
289	350	0.000102
289	351	0.716987
289	354	0.000005
290	296	0.000003
290	350	0.991072
290	351	0.000653
290	353	0.000006
291	295	0.000002
291	349	0.968814
291	352	0.000007
292	349	0.004265
293	303	0.000048
293	304	0.000006
293	305	0.000219
293	347	0.991609
293	348	0.004991
293	349	0.000739
293	370	0.000057
294	302	0.000048
294	303	0.000006
294	304	0.000219
294	305	0.000002
294	344	0.000008
294	346	0.995644
294	347	0.002528
294	348	0.001071
294	349	0.000004
294	369	0.000057
295	301	0.000047
295	343	0.000008
295	345	0.997498
296	300	0.000033
296	302	0.000011
296	303	0.000215
296	304	0.000002
296	305	0.000004
296	344	0.997695
296	346	0.000026
296	347	0.001403
296	348	0.000003
296	368	0.000072
297	302	0.000213
297	303	0.000002
297	304	0.000005
297	341	0.000027
297	344	0.000078
297	346	0.001616
297	347	0.000003
297	367	0.000082
298	340	0.000028
298	342	0.988595
298	343	0.000073
298	345	0.001640
298	366	0.000085
299	339	0.000027
299	341	0.997436
299	344	0.001641
299	346	0.000004
299	365	0.000087
300	340	0.995851
300	343	0.001439
300	345	0.000004
301	339	0.972930
301	364	0.000086
302	306	0.000001
302	342	0.000150
302	343	0.000220
302	363	0.000088
303	342	0.000229
303	343	0.000181
303	362	0.000088
304	342	0.000191
304	343	0.000082
304	361	0.000088
305	342	0.000085
305	360	0.000088
306	338	0.997864
306	339	0.000016
306	341	0.000050
306	359	0.000061
307	337	0.999374
307	340	0.000028
307	358	0.000057
308	336	0.999929
308	339	0.000003
309	335	0.999915
309	338	0.000002
309	356	0.000019
310	334	0.982963
310	355	0.000016
311	357	0.000023
312	331	0.000001
312	332	0.994289
312	333	0.000931
312	356	0.000023
313	331	0.999361
313	355	0.000023
314	330	0.999467
314	354	0.000023
315	329	0.999940
315	353	0.000023
316	328	0.999552
316	352	0.000023
317	326	0.000011
317	327	0.999891
317	351	0.000023
318	326	0.998616
318	327	0.000036
318	329	0.000002
318	350	0.000023
319	328	0.000005
319	349	0.000020
320	326	0.000214
320	327	0.000008
321	325	0.000664
321	326	0.000010
322	343	0.000001
323	342	0.000002
326	339	0.000003
326	347	0.000018
326	348	0.000001
327	338	0.000004
327	346	0.000019
328	337	0.000004
328	345	0.000019
329	336	0.000003
329	344	0.000019
331	343	0.000001
332	342	0.000001
332	343	0.000016
333	342	0.000016
335	343	0.000002
336	342	0.000002
336	353	0.000019
337	352	0.000021
338	351	0.000021
339	350	0.000021
340	349	0.000020
341	350	0.000001
341	357	0.000040
342	347	0.000002
342	348	0.000019
342	349	0.000001
342	356	0.000042
342	365	0.000020
342	367	0.000004
343	347	0.000018
343	348	0.000001
343	355	0.000041
343	364	0.000014
343	365	0.000102
344	353	0.000043
344	363	0.000012
345	352	0.000042
345	364	0.000260
346	351	0.000042
346	362	0.000011
346	363	0.000288
347	361	0.000011
347	362	0.000294
347	363	0.000011
348	360	0.000011
348	361	0.000301
348	362	0.000033
349	358	0.000004
349	360	0.000299
349	361	0.000033
350	359	0.000300
350	368	0.001015
351	356	0.000006
351	359	0.000041
351	367	0.004040
352	357	0.000001
352	358	0.000044
352	366	0.007505
353	365	0.008619
354	364	0.008618
355	362	0.000023
355	363	0.008578
356	361	0.000045
356	362	0.008555
356	363	0.000010
357	365	0.000032
358	364	0.000032
359	363	0.000032
360	370	0.000002
361	369	0.000002
362	368	0.000002
363	367	0.000002
381	386	0.000159
381	387	0.000006
381	388	0.000021
381	389	0.000068
382	387	0.000208
382	388	0.000133
383	390	0.000010
383	391	0.000001
384	390	0.000001
386	390	0.000005
386	391	0.000002
409	426	0.000151
409	427	0.309550
409	428	0.000362
409	429	0.000262
409	430	0.000105
410	426	0.898486
410	427	0.001419
410	428	0.000186
410	429	0.000073
410	430	0.000025
411	425	0.999765
412	424	0.999988
413	420	0.000001
413	423	0.999954
414	419	0.000006
414	422	0.999711
415	420	0.000569
415	421	0.990258
416	422	0.000017
417	421	0.000023
428	434	0.000038
428	436	0.000001
428	437	0.000010
428	442	0.000001
428	443	0.000003
429	433	0.000029
430	439	0.000002
431	436	0.000002
431	437	0.000008
431	442	0.000039
431	443	0.000144
432	439	0.000004
433	438	0.000003
433	441	0.000296
434	440	0.000324
435	439	0.000213
436	440	0.000001
436	445	0.000005
437	444	0.000062
438	442	0.000034
438	443	0.000295
438	583	0.000002
440	583	0.000007
444	581	0.000005
444	582	0.156486
444	583	0.837150
444	584	0.000129
445	580	0.000003
445	581	0.157685
445	582	0.842051
445	583	0.000138
446	579	0.000001
446	580	0.157748
446	581	0.841810
446	582	0.000100
447	579	0.189750
447	580	0.784893
448	577	0.000001
448	578	0.216131
449	576	0.000001
449	577	0.210392
449	578	0.781963
450	576	0.204425
450	577	0.789577
451	574	0.000047
451	576	0.794144
452	572	0.000018
452	573	0.000045
452	575	0.999363
453	570	0.000005
453	571	0.000019
453	574	0.999486
454	569	0.000006
454	572	0.000056
454	573	0.999869
455	569	0.000035
455	572	0.999049
455	573	0.000001
458	465	0.000031
458	567	0.935381
458	568	0.001432
458	570	0.002540
458	571	0.000030
459	464	0.000039
459	565	0.000007
459	566	0.996660
459	569	0.002019
460	565	0.997016
460	566	0.000085
460	569	0.000009
461	563	0.000805
461	564	0.989112
462	562	0.001412
463	562	0.017745
464	563	0.756788
464	564	0.000039
465	559	0.000013
465	562	0.757873
466	559	0.000289
466	562	0.002852
467	555	0.000004
467	559	0.000052
467	560	0.988229
467	561	0.002432
468	559	0.994054
469	553	0.000002
469	554	0.000001
469	556	0.000324
469	557	0.004971
469	558	0.988925
470	552	0.000002
470	554	0.000513
470	556	0.016704
470	557	0.970359
472	552	0.000051
472	553	0.943786
472	554	0.002826
472	556	0.000395
472	557	0.000010
473	550	0.000093
473	552	0.996343
473	554	0.000265
473	556	0.000182
474	549	0.000036
474	551	0.988221
474	555	0.000188
475	549	0.993086
476	548	0.999542
476	550	0.000123
476	552	0.000001
477	547	0.998058
477	549	0.000041
478	546	0.999378
478	547	0.000004
479	545	0.999980
480	544	0.999962
481	539	0.000368
481	543	0.999587
482	538	0.000438
482	541	0.000543
482	542	0.998780
483	537	0.000518
483	538	0.130823
483	541	0.866457
483	542	0.000022
484	489	0.000003
484	533	0.000001
484	534	0.000004
484	537	0.535426
484	538	0.008342
484	541	0.000038
485	535	0.007814
485	536	0.565374
485	539	0.195678
485	540	0.000529
486	532	0.000002
486	540	0.000195
487	533	0.000031
487	534	0.694855
487	537	0.012089
487	538	0.011827
488	533	0.725146
488	537	0.011019
488	538	0.000113
489	532	0.363845
489	540	0.000002
490	532	0.624414
491	529	0.000010
491	530	0.013106
491	531	0.986521
491	533	0.000029
492	528	0.000010
492	529	0.013164
492	530	0.986692
492	531	0.000089
493	528	0.013169
493	529	0.986666
493	530	0.000093
494	528	0.985468
494	529	0.000096
495	523	0.000011
495	524	0.684751
495	527	0.313298
496	523	0.983755
497	522	0.997187
497	525	0.000725
497	526	0.000066
498	508	0.000001
498	520	0.000011
498	521	0.999454
498	524	0.000494
499	507	0.000001
499	520	0.999333
499	521	0.000004
499	523	0.000392
500	506	0.000001
500	518	0.983558
501	517	0.980814
502	517	0.015899
503	515	0.983316
503	516	0.016271
504	514	0.984066
504	515	0.015901
505	513	0.983207
505	514	0.015348
506	510	0.000026
506	511	0.000263
506	512	0.969274
507	514	0.000062
508	513	0.000068
508	514	0.000001
514	521	0.000001
515	520	0.000001
527	537	0.000017
527	538	0.000002
528	536	0.000017
529	535	0.000017
529	536	0.000003
530	535	0.000003
531	539	0.000003
532	538	0.000004
533	539	0.000043
533	540	0.000004
534	540	0.000005
536	541	0.000003
550	555	0.000003
551	556	0.000005
555	563	0.000028
556	562	0.000028
557	561	0.000027
561	571	0.000059
562	570	0.000060
563	569	0.000060
564	572	0.000001
565	571	0.000001
583	594	0.000001
584	593	0.000001
585	591	0.000001
586	590	0.000001
621	752	0.000003
622	675	0.000001
622	751	0.000003
623	674	0.000022
623	676	0.000285
623	677	0.000036
623	678	0.000017
623	709	0.000001
623	750	0.000003
623	760	0.000005
624	749	0.000003
625	674	0.997432
626	673	0.999899
627	672	0.999427
628	670	0.000002
628	671	0.999343
628	674	0.000034
629	669	0.000004
629	673	0.000033
630	668	0.000002
630	670	0.999774
630	671	0.000002
631	667	0.000002
631	669	0.999975
632	668	0.999582
633	667	0.999953
634	666	0.999508
635	664	0.000002
635	665	0.999963
636	664	0.996561
636	665	0.000003
638	661	0.000002
638	662	0.972159
638	664	0.000003
640	661	0.999345
640	662	0.000094
641	660	0.999956
642	659	0.999957
643	658	0.999990
644	657	0.999985
645	656	0.999500
646	655	0.999191
647	653	0.000037
647	654	0.999889
648	653	0.990948
648	654	0.000013
671	714	0.000001
672	713	0.000001
673	712	0.000001
673	760	0.000002
674	711	0.000001
675	709	0.000013
675	712	0.000113
675	759	0.994497
675	760	0.000095
676	711	0.000114
676	721	0.000003
676	757	0.000044
676	758	0.998578
677	720	0.000003
677	721	0.000009
677	756	0.000049
677	757	0.998659
677	758	0.000031
678	687	0.000001
678	691	0.000007
678	711	0.000001
678	720	0.000009
678	753	0.000033
678	756	0.996164
678	757	0.000045
679	683	0.000024
679	686	0.001347
679	690	0.000184
679	694	0.000002
679	699	0.000005
679	700	0.000004
679	705	0.000022
679	706	0.959969
679	707	0.011615
679	709	0.000273
679	712	0.000002
679	718	0.000033
679	719	0.000009
679	725	0.000005
679	750	0.000003
679	752	0.000006
680	686	0.000100
680	689	0.000203
680	694	0.000004
680	699	0.000005
680	701	0.000001
680	705	0.970811
680	706	0.012763
680	707	0.000007
680	709	0.000013
680	717	0.000034
680	718	0.000009
680	724	0.000005
680	752	0.000003
681	688	0.000199
681	700	0.000001
681	704	0.979083
681	705	0.006821
681	716	0.000038
681	717	0.000005
681	747	0.000003
681	750	0.000005
681	752	0.000225
682	687	0.000174
682	692	0.000010
682	696	0.000005
682	698	0.000006
682	703	0.984457
682	715	0.000041
682	722	0.000003
682	746	0.000003
682	751	0.000195
682	753	0.000010
682	754	0.007351
682	755	0.000006
683	691	0.000010
683	695	0.000005
683	697	0.000007
683	702	0.986438
683	703	0.000174
683	714	0.000042
683	721	0.000003
683	745	0.000003
683	753	0.007900
684	690	0.000009
684	700	0.000038
684	701	0.982812
684	705	0.000002
684	713	0.000040
684	749	0.000004
684	750	0.000034
684	752	0.006392
685	700	0.956892
685	701	0.001264
685	704	0.000004
685	749	0.000017
685	750	0.000040
685	752	0.000013
686	695	0.000161
686	697	0.000008
686	702	0.000002
686	703	0.000004
686	711	0.000036
686	742	0.000003
686	753	0.000003
687	694	0.000164
687	699	0.997989
687	700	0.000006
687	709	0.000071
687	712	0.000002
687	724	0.000010
687	747	0.000004
687	749	0.000001
688	693	0.000140
688	696	0.000086
688	697	0.000001
688	698	0.998995
688	708	0.000070
688	711	0.000002
688	721	0.000003
688	722	0.000023
688	723	0.000005
688	746	0.000004
688	748	0.000001
689	695	0.000091
689	697	0.999241
689	711	0.000001
689	720	0.000006
689	721	0.000030
689	745	0.000004
690	695	0.000349
690	696	0.989969
690	697	0.000007
690	708	0.000001
690	710	0.000001
690	720	0.000027
690	744	0.000003
691	706	0.000306
691	718	0.000054
692	705	0.000308
692	717	0.000054
693	704	0.000308
693	716	0.000055
694	703	0.000307
694	715	0.000055
695	701	0.000001
695	733	0.000007
696	700	0.000001
696	701	0.000084
696	707	0.000002
696	713	0.000054
696	730	0.000001
696	732	0.000008
697	706	0.000002
697	712	0.000054
697	731	0.000008
698	705	0.000001
698	728	0.000008
698	730	0.000008
699	711	0.000042
699	727	0.000011
699	729	0.000008
700	710	0.000022
700	711	0.000072
700	726	0.000019
700	727	0.001312
701	708	0.000001
701	710	0.000211
701	726	0.007989
702	707	0.000001
702	709	0.000252
702	713	0.000008
702	725	0.012448
703	709	0.000021
703	712	0.000015
703	724	0.012485
703	759	0.000002
704	708	0.000017
704	711	0.000015
704	723	0.012473
704	755	0.000004
704	758	0.000002
705	710	0.000011
705	721	0.000001
705	722	0.012467
705	754	0.000011
705	757	0.000002
706	711	0.000025
706	715	0.000001
706	720	0.000002
706	721	0.012438
706	729	0.000003
706	753	0.000018
706	756	0.000003
707	711	0.000134
707	714	0.000003
707	720	0.009972
707	721	0.000008
707	722	0.000035
707	723	0.000007
707	729	0.000145
707	746	0.000001
707	748	0.000017
707	751	0.000105
707	753	0.000093
707	754	0.000098
707	755	0.000121
708	713	0.000026
708	716	0.000762
708	717	0.000013
708	719	0.007905
708	728	0.000138
708	730	0.023567
708	747	0.000008
708	749	0.000006
708	750	0.000103
708	752	0.000085
709	714	0.000193
709	715	0.001011
709	720	0.003881
709	721	0.000002
709	727	0.000098
709	729	0.043629
709	745	0.000001
709	753	0.001906
709	756	0.000003
710	716	0.000163
710	717	0.003425
710	719	0.004399
710	728	0.029814
710	730	0.000082
710	749	0.000010
710	750	0.000035
710	752	0.001559
711	716	0.001923
711	717	0.000038
711	718	0.004504
711	719	0.000002
711	725	0.000001
711	728	0.627249
711	730	0.000004
711	749	0.000014
711	750	0.000008
711	752	0.000002
711	759	0.000004
712	720	0.000008
712	721	0.000037
712	727	0.930497
712	729	0.000004
712	753	0.000016
712	758	0.000004
713	720	0.000035
713	722	0.000002
713	726	0.963790
713	727	0.000002
713	757	0.000003
714	718	0.000012
714	719	0.000014
714	724	0.000003
714	725	0.985499
714	760	0.000099
715	724	0.985515
715	759	0.000112
716	720	0.000005
716	721	0.000023
716	722	0.001596
716	723	0.958901
716	755	0.000003
716	758	0.000111
717	721	0.002606
717	722	0.725493
717	723	0.000301
717	754	0.000004
717	757	0.000111
718	727	0.000035
718	753	0.000004
718	756	0.000112
719	723	0.000005
719	726	0.000046
719	755	0.000110
720	725	0.000053
721	725	0.000009
722	752	0.000018
723	752	0.000014
724	753	0.000037
724	757	0.000006
725	753	0.000271
725	756	0.000006
726	749	0.000009
726	750	0.020182
726	752	0.000229
727	747	0.000003
727	749	0.062713
727	750	0.000157
727	752	0.000013
728	746	0.000011
728	748	0.277620
728	751	0.000082
728	753	0.000019
728	754	0.000009
728	755	0.000007
729	747	0.892560
729	749	0.000151
729	750	0.000102
729	752	0.000031
730	744	0.000011
730	745	0.005989
730	746	0.953793
730	748	0.000070
730	751	0.000011
730	754	0.000003
731	743	0.000025
731	744	0.015688
731	745	0.983371
731	753	0.000004
732	742	0.000004
732	743	0.016284
732	744	0.980619
732	745	0.000177
732	746	0.000212
733	741	0.000004
733	742	0.016994
733	743	0.981356
733	744	0.001323
733	745	0.000239
734	741	0.017606
734	742	0.980724
734	743	0.001330
734	744	0.000238
735	741	0.961379
735	742	0.001268
735	743	0.000229
736	740	0.666280
744	749	0.000001
745	749	0.000004
745	750	0.000027
745	752	0.000008
746	750	0.000035
746	752	0.000316
747	751	0.000285
747	753	0.000166
747	754	0.000261
747	755	0.000101
748	752	0.000464
749	753	0.000204
749	754	0.001016
749	755	0.002805
749	756	0.000015
749	757	0.000003
749	758	0.000002
750	754	0.002591
750	755	0.002389
750	756	0.000010
750	757	0.000006
752	756	0.000001
752	757	0.000004
752	758	0.000001
753	759	0.000005
773	777	0.000001
773	784	0.000002
774	783	0.000002
775	782	0.000001
777	802	0.000011
777	807	0.000163
778	801	0.000016
778	806	0.000240
779	805	0.000237
780	805	0.000005
781	785	0.000016
781	786	0.000054
781	787	0.000044
781	788	0.000069
781	789	0.000026
781	790	0.000036
781	792	0.000006
781	796	0.000972
781	802	0.000034
781	805	0.002840
781	807	0.000007
781	808	0.000001
782	793	0.000027
782	794	0.001587
782	795	0.001782
782	797	0.000256
782	798	0.431710
782	799	0.002181
782	800	0.000571
782	803	0.000140
782	804	0.013673
783	793	0.002066
783	794	0.001823
783	795	0.000244
783	797	0.571941
783	798	0.001860
783	799	0.000550
783	800	0.000134
783	803	0.015911
783	804	0.000290
784	788	0.000072
784	789	0.000260
784	790	0.000162
784	792	0.002024
784	796	0.593590
784	802	0.015108
784	805	0.000848
784	807	0.000015
784	808	0.000005
785	793	0.000084
785	794	0.001399
785	795	0.593600
785	797	0.000179
785	798	0.000461
785	799	0.001104
785	800	0.012975
785	803	0.000046
785	804	0.001065
786	793	0.001716
786	794	0.579937
786	795	0.009316
786	797	0.000532
786	798	0.001460
786	799	0.016196
786	800	0.012699
786	803	0.000919
786	804	0.000162
787	793	0.484654
787	794	0.011553
787	795	0.003554
787	797	0.001313
787	798	0.016871
787	799	0.014919
787	800	0.011826
787	803	0.000139
787	804	0.000125
788	793	0.009453
788	794	0.004044
788	795	0.002532
788	797	0.016028
788	798	0.014914
788	799	0.015301
788	800	0.001117
788	803	0.000110
788	804	0.000124
789	793	0.002563
789	794	0.002272
789	795	0.001466
789	797	0.012839
789	798	0.016091
789	799	0.001385
789	800	0.000667
789	803	0.000112
789	804	0.000102
790	794	0.000982
790	795	0.000967
790	797	0.011921
790	798	0.001225
790	799	0.000764
790	800	0.000052
790	803	0.000089
790	804	0.000022
791	805	0.008091
792	797	0.000150
792	798	0.000529
792	799	0.000680
792	800	0.000202
792	803	0.000420
792	804	0.007777
793	802	0.000555
793	805	0.000032
793	807	0.000052
793	808	0.000056
794	802	0.000518
794	805	0.000059
794	807	0.000088
794	808	0.000039
795	802	0.000224
795	805	0.000873
795	807	0.000064
795	808	0.000008
796	800	0.000086
796	803	0.000371
796	804	0.001041
797	802	0.000363
797	805	0.000098
797	807	0.000030
797	808	0.000148
798	802	0.000081
798	805	0.000326
798	807	0.000263
798	808	0.000092
799	805	0.000334
799	807	0.000188
799	808	0.000327
800	805	0.000099
800	807	0.000502
800	808	0.000026
801	805	0.000294
803	807	0.000072
803	808	0.000072
804	808	0.000027
