1	7	0.000298
1	8	0.000254
1	9	0.000060
1	12	0.000030
1	13	0.000005
1	15	0.000051
1	41	0.062953
1	67	0.000182
1	75	0.000578
1	76	0.000039
1	79	0.000005
1	754	0.000001
1	757	0.003583
1	771	0.000034
1	795	0.000001
1	796	0.000003
1	797	0.000001
1	798	0.000013
1	802	0.000003
1	808	0.000023
2	7	0.000877
2	8	0.000187
2	9	0.000036
2	11	0.000057
2	12	0.000020
2	14	0.000058
2	15	0.000020
2	30	0.000052
2	39	0.001068
2	40	0.088593
2	41	0.000496
2	42	0.001449
2	46	0.000605
2	50	0.000034
2	53	0.000007
2	62	0.001000
2	65	0.000012
2	66	0.000204
2	74	0.001205
2	75	0.000433
2	76	0.000002
2	77	0.000011
2	83	0.000003
2	751	0.000010
2	752	0.004441
2	756	0.004039
2	757	0.000012
2	760	0.000003
2	770	0.000044
2	771	0.000026
2	794	0.000002
2	795	0.000007
2	796	0.000002
2	797	0.000018
2	798	0.000008
2	801	0.000003
2	802	0.000001
2	808	0.000008
2	814	0.001405
3	7	0.000161
3	8	0.000114
3	9	0.000050
3	11	0.000025
3	13	0.000057
3	14	0.000024
3	29	0.000053
3	39	0.090574
3	40	0.000624
3	41	0.001171
3	42	0.013043
3	46	0.000041
3	50	0.000008
3	52	0.000007
3	61	0.001006
3	62	0.000005
3	64	0.000013
3	65	0.000203
3	74	0.000589
3	75	0.000006
3	76	0.000013
3	77	0.000012
3	83	0.000003
3	751	0.004435
3	752	0.000035
3	755	0.004046
3	756	0.000014
3	760	0.000003
3	763	0.000050
3	769	0.000038
3	770	0.000036
3	784	0.000010
3	794	0.000007
3	795	0.000002
3	796	0.000019
3	797	0.000009
3	798	0.000005
3	801	0.000001
3	802	0.000005
3	808	0.000006
3	814	0.000275
4	8	0.000063
4	9	0.000034
4	12	0.000055
4	13	0.000023
4	26	0.000078
4	28	0.000053
4	41	0.012498
4	60	0.001011
4	61	0.000003
4	75	0.000014
4	76	0.000010
4	79	0.000005
4	754	0.004055
4	755	0.000009
4	762	0.000055
4	768	0.000023
4	769	0.000031
4	773	0.000043
4	783	0.000010
4	795	0.000016
4	796	0.000008
4	797	0.000004
4	801	0.000004
4	808	0.000017
5	10	0.000053
5	16	0.000003
5	25	0.000083
5	27	0.000053
5	48	0.000008
5	56	0.000002
5	59	0.001012
5	68	0.000001
5	71	0.000529
5	72	0.000019
5	78	0.000006
5	80	0.000023
5	81	0.000001
5	82	0.000038
5	749	0.000031
5	750	0.001698
5	753	0.004050
5	758	0.000002
5	761	0.000056
5	764	0.000014
5	765	0.000001
5	772	0.000047
5	778	0.000008
5	782	0.000010
5	793	0.000004
5	803	0.000191
5	804	0.000225
5	809	0.026922
5	811	0.001205
6	15	0.000003
6	24	0.000081
6	26	0.000053
6	41	0.000061
6	55	0.000002
6	58	0.000930
6	67	0.000001
6	75	0.000003
6	79	0.000022
6	757	0.000001
6	763	0.000011
6	768	0.000002
6	771	0.000038
6	777	0.000008
6	798	0.000003
6	801	0.000006
6	802	0.000147
6	808	0.026850
7	22	0.000002
7	25	0.000049
7	37	0.000045
7	38	0.003565
7	43	0.000015
7	44	0.000016
7	45	0.000009
7	47	0.000004
7	48	0.000002
7	49	0.000004
7	54	0.000002
7	57	0.000856
7	69	0.000002
7	70	0.000005
7	73	0.000011
7	78	0.000020
7	82	0.000001
7	96	0.000001
7	750	0.000005
7	759	0.000001
7	767	0.000002
7	776	0.000008
7	800	0.000009
7	804	0.000005
7	805	0.000040
7	806	0.000089
7	807	0.025875
7	809	0.000019
7	810	0.000046
7	811	0.000044
7	812	0.000195
7	813	0.000189
8	21	0.000002
8	22	0.000094
8	37	0.002273
8	38	0.700893
8	43	0.000011
8	44	0.000007
8	45	0.000001
8	47	0.000001
8	48	0.000004
8	56	0.000218
8	73	0.000004
8	95	0.000001
8	750	0.000002
8	766	0.000002
8	775	0.000007
8	799	0.000004
8	800	0.000014
8	804	0.000037
8	805	0.000116
8	806	0.019467
8	807	0.000017
8	809	0.000032
8	810	0.000071
8	811	0.000118
8	812	0.000174
8	813	0.000066
9	19	0.000010
9	21	0.000107
9	37	0.943116
9	38	0.000329
9	43	0.000002
9	54	0.000001
9	73	0.000001
9	94	0.000001
9	774	0.000003
9	799	0.000010
9	803	0.000002
9	804	0.000091
9	805	0.011395
9	806	0.000015
9	807	0.000002
9	809	0.000065
9	810	0.000044
9	811	0.000044
9	812	0.000057
9	813	0.000010
10	18	0.000012
10	20	0.000107
10	23	0.000002
10	26	0.000002
10	36	0.997427
10	93	0.000001
10	100	0.000002
10	773	0.000002
10	794	0.000308
10	798	0.000001
10	808	0.000038
10	814	0.000024
11	16	0.000025
11	25	0.000002
11	35	0.997517
11	92	0.000001
11	99	0.000002
11	772	0.000002
11	793	0.000309
11	803	0.000597
11	804	0.000038
11	809	0.000008
11	811	0.000087
12	19	0.000007
12	31	0.000004
12	34	0.989472
12	35	0.000003
12	91	0.000001
12	98	0.000002
12	792	0.000299
12	793	0.000003
12	800	0.000002
12	803	0.000031
12	805	0.000003
12	806	0.000168
12	807	0.000002
12	810	0.000080
12	811	0.000071
12	813	0.000452
13	17	0.000002
13	31	0.000121
13	34	0.000105
13	49	0.000005
13	90	0.000001
13	96	0.000002
13	791	0.000269
13	792	0.000011
13	799	0.000003
13	800	0.000004
13	804	0.000004
13	805	0.000218
13	806	0.000001
13	809	0.000066
13	810	0.000109
13	812	0.000638
14	25	0.000001
14	35	0.000003
14	48	0.000005
14	89	0.000001
14	95	0.000002
14	790	0.000113
14	791	0.000018
14	803	0.000004
14	804	0.000226
14	809	0.000118
14	811	0.000659
15	21	0.000004
15	31	0.912260
15	34	0.000004
15	47	0.000005
15	88	0.000001
15	94	0.000002
15	789	0.000070
15	799	0.000075
15	800	0.000003
15	803	0.000215
15	806	0.000019
15	807	0.000032
15	810	0.000648
16	20	0.000005
16	23	0.000003
16	28	0.000021
16	29	0.077162
16	30	0.915317
16	32	0.000047
16	33	0.000003
16	46	0.000005
16	93	0.000002
16	787	0.000001
16	788	0.000026
16	796	0.000003
16	797	0.000005
16	798	0.000080
16	802	0.000179
16	808	0.000004
17	26	0.000324
17	28	0.532906
17	29	0.461705
17	795	0.000003
17	796	0.000003
17	797	0.000061
17	798	0.000001
17	801	0.000155
17	802	0.000001
17	808	0.000362
18	25	0.000415
18	27	0.986702
18	786	0.000002
18	803	0.000095
18	804	0.000084
18	809	0.000004
19	24	0.000302
19	26	0.985794
19	28	0.010458
19	795	0.000005
19	801	0.000001
19	802	0.000089
19	808	0.000004
20	25	0.982288
20	27	0.010708
20	803	0.000737
20	804	0.000004
21	26	0.008103
21	28	0.000001
21	29	0.000003
21	784	0.000006
21	796	0.000006
21	797	0.000007
21	798	0.000015
21	801	0.000001
21	802	0.000735
22	26	0.000008
22	28	0.000017
22	783	0.000006
22	795	0.000006
22	796	0.000006
22	797	0.000016
22	798	0.000003
22	801	0.000652
23	27	0.000017
23	782	0.000006
23	803	0.000003
23	804	0.000001
24	37	0.000001
24	781	0.000006
24	799	0.000309
24	800	0.000016
24	803	0.000001
25	36	0.000002
25	794	0.000003
25	795	0.000022
25	796	0.000079
25	797	0.000019
25	798	0.000291
25	801	0.000003
26	35	0.000002
26	37	0.000003
26	84	0.000001
26	793	0.000002
26	799	0.000001
26	800	0.000003
27	36	0.000003
27	83	0.000003
27	794	0.001625
28	35	0.000003
28	82	0.000003
28	780	0.000005
28	793	0.001640
29	34	0.000002
29	81	0.000004
29	776	0.000001
29	779	0.000005
29	792	0.001708
29	793	0.000002
30	80	0.000007
30	102	0.000001
30	775	0.000001
30	778	0.000006
30	791	0.001748
30	793	0.000005
31	79	0.000007
31	101	0.000001
31	773	0.000001
31	777	0.000005
32	78	0.000007
32	99	0.000002
32	103	0.000002
32	765	0.000002
32	772	0.000001
32	775	0.000005
32	786	0.000035
32	790	0.002179
33	98	0.000002
33	102	0.000004
33	764	0.000002
33	774	0.000005
33	785	0.000036
33	789	0.002223
34	75	0.000005
34	101	0.000004
34	763	0.000002
34	771	0.000001
34	773	0.000004
34	784	0.000036
34	788	0.002244
35	74	0.000006
35	100	0.000004
35	762	0.000002
35	770	0.000001
35	773	0.000002
35	783	0.000036
35	787	0.002249
36	95	0.000003
36	99	0.000004
36	761	0.000002
36	772	0.000004
36	782	0.000036
36	786	0.002248
37	41	0.000003
37	61	0.000001
37	75	0.000005
37	76	0.000002
37	771	0.000003
37	783	0.000002
37	784	0.002119
38	58	0.000201
38	60	0.000002
38	75	0.000025
38	76	0.000001
38	762	0.000001
38	768	0.000001
38	783	0.002175
38	784	0.000010
38	808	0.000005
39	48	0.000365
39	57	0.000271
39	59	0.000002
39	69	0.000226
39	71	0.000053
39	72	0.250814
39	81	0.000050
39	82	0.000515
39	84	0.000001
39	91	0.000003
39	92	0.011661
39	165	0.000001
39	761	0.000001
39	764	0.000001
39	765	0.000381
39	778	0.000003
39	782	0.002166
39	803	0.000001
39	804	0.000218
39	809	0.000031
39	811	0.000663
40	48	0.003815
40	56	0.000275
40	57	0.000001
40	68	0.000228
40	69	0.000047
40	71	0.253112
40	72	0.000029
40	80	0.000050
40	81	0.000511
40	82	0.000691
40	89	0.000002
40	91	0.011795
40	164	0.000001
40	169	0.000006
40	764	0.000383
40	765	0.000044
40	775	0.000020
40	778	0.000024
40	782	0.000019
40	803	0.000192
40	804	0.000059
40	809	0.000084
40	811	0.562704
41	45	0.000012
41	47	0.003541
41	48	0.000053
41	49	0.008130
41	51	0.000005
41	54	0.000001
41	57	0.000005
41	68	0.000034
41	69	0.001269
41	70	0.251745
41	71	0.000019
41	72	0.000018
41	73	0.000309
41	80	0.000135
41	81	0.000713
41	82	0.000002
41	89	0.000069
41	90	0.011730
41	168	0.000006
41	759	0.000002
41	764	0.000008
41	765	0.000286
41	766	0.000048
41	774	0.000020
41	776	0.000072
41	779	0.002050
41	780	0.000080
41	781	0.000009
41	803	0.000006
41	804	0.000044
41	805	0.001066
41	806	0.000005
41	807	0.000004
41	809	0.000003
41	810	0.569469
41	811	0.000007
41	812	0.001448
41	813	0.000005
42	48	0.010251
42	56	0.000020
42	59	0.000001
42	68	0.006436
42	69	0.244457
42	71	0.000038
42	72	0.000428
42	78	0.000033
42	80	0.001094
42	81	0.000002
42	82	0.000008
42	88	0.000337
42	89	0.011418
42	167	0.000006
42	758	0.000002
42	761	0.000014
42	764	0.000596
42	765	0.000056
42	775	0.000086
42	778	0.002222
42	803	0.000085
42	804	0.001311
42	809	0.570853
42	811	0.001790
43	55	0.000018
43	58	0.000002
43	61	0.000003
43	67	0.010683
43	76	0.000003
43	79	0.001079
43	87	0.000585
43	166	0.000004
43	757	0.000001
43	762	0.000002
43	763	0.000596
43	777	0.002167
43	802	0.000069
43	808	0.464117
44	58	0.000003
44	60	0.000001
44	61	0.000424
44	67	0.004959
44	75	0.000003
44	76	0.000017
44	79	0.000001
44	86	0.000552
44	87	0.002737
44	762	0.000563
44	763	0.000083
44	773	0.000010
44	777	0.000007
44	801	0.000044
44	802	0.000003
44	808	0.001019
45	58	0.000024
45	60	0.000532
45	61	0.000009
45	67	0.000851
45	75	0.000017
45	76	0.000008
45	79	0.000039
45	86	0.004135
45	87	0.000053
45	762	0.000111
45	773	0.004460
45	801	0.000001
45	808	0.000098
46	56	0.000318
46	57	0.000023
46	59	0.000545
46	68	0.036194
46	69	0.000001
46	71	0.000016
46	72	0.000067
46	78	0.000043
46	80	0.000011
46	81	0.000005
46	82	0.000351
46	84	0.000564
46	88	0.001026
46	102	0.000010
46	113	0.000003
46	163	0.000003
46	758	0.002319
46	761	0.000108
46	764	0.000030
46	765	0.000005
46	772	0.004751
46	803	0.001447
46	804	0.013823
46	809	0.001194
46	811	0.000195
47	55	0.000315
47	58	0.000498
47	60	0.000060
47	61	0.000240
47	67	0.036276
47	75	0.002270
47	76	0.000004
47	79	0.000010
47	86	0.000091
47	87	0.001012
47	101	0.000010
47	112	0.000003
47	757	0.002349
47	763	0.000028
47	771	0.004751
47	802	0.000752
47	808	0.001021
48	52	0.000016
48	53	0.000111
48	55	0.000002
48	58	0.000001
48	60	0.000160
48	61	0.204153
48	62	0.047652
48	64	0.000712
48	65	0.000282
48	66	0.032172
48	74	0.002963
48	75	0.000005
48	76	0.000006
48	77	0.000022
48	83	0.010699
48	86	0.000815
48	87	0.000005
48	100	0.000010
48	111	0.000003
48	756	0.002352
48	760	0.000077
48	762	0.000023
48	763	0.000009
48	769	0.000001
48	770	0.004749
48	801	0.000108
48	802	0.000016
48	808	0.000007
48	814	0.000022
49	55	0.000006
49	58	0.000268
49	60	0.277725
49	61	0.024057
49	75	0.000006
49	76	0.000022
49	79	0.000001
49	86	0.000008
49	754	0.000013
49	755	0.002314
49	762	0.000014
49	768	0.000055
49	769	0.004242
49	773	0.000002
49	801	0.000009
49	802	0.000009
49	808	0.000020
50	56	0.000392
50	57	0.000302
50	59	0.304090
50	68	0.000012
50	69	0.000001
50	71	0.006116
50	72	0.002978
50	78	0.000001
50	80	0.000443
50	81	0.000036
50	82	0.116128
50	84	0.000482
50	88	0.000003
50	99	0.000004
50	167	0.000001
50	753	0.000024
50	758	0.000282
50	761	0.000018
50	764	0.000017
50	765	0.000005
50	772	0.000002
50	803	0.000306
50	804	0.001005
50	809	0.000555
50	811	0.000136
51	55	0.000260
51	58	0.303321
51	60	0.000228
51	61	0.000003
51	67	0.000011
51	79	0.000445
51	87	0.000003
51	166	0.000001
51	754	0.000109
51	755	0.000001
51	757	0.000275
51	762	0.000001
51	763	0.000014
51	768	0.000029
51	771	0.000002
51	802	0.000094
51	808	0.000426
52	56	0.000207
52	57	0.300395
52	59	0.000235
52	68	0.000008
52	69	0.021546
52	71	0.000005
52	72	0.000013
52	78	0.000438
52	80	0.000011
52	81	0.657178
52	82	0.001095
52	89	0.000004
52	114	0.000003
52	165	0.000001
52	750	0.000008
52	753	0.000107
52	758	0.000005
52	761	0.000002
52	764	0.000004
52	765	0.002763
52	804	0.000039
52	811	0.000002
53	57	0.000203
53	59	0.000048
53	68	0.022642
53	69	0.000031
53	71	0.000013
53	78	0.000004
53	80	0.660132
53	81	0.000586
53	88	0.000004
53	113	0.000003
53	164	0.000001
53	749	0.000008
53	753	0.000005
53	758	0.000017
53	761	0.000004
53	764	0.002773
53	765	0.000005
53	803	0.000039
53	809	0.000006
53	811	0.000001
54	58	0.000034
54	60	0.000009
54	61	0.000006
54	67	0.022297
54	76	0.000045
54	79	0.660301
54	87	0.000003
54	112	0.000003
54	754	0.003015
54	755	0.000001
54	757	0.000010
54	762	0.000098
54	763	0.002202
54	802	0.000029
54	808	0.000006
55	59	0.000009
55	63	0.000040
55	68	0.000004
55	69	0.000003
55	78	0.658786
55	750	0.000029
55	753	0.003599
55	758	0.000001
55	761	0.000191
55	800	0.000001
55	807	0.000006
56	62	0.000045
56	64	0.000005
56	65	0.023741
56	66	0.000912
56	67	0.000004
56	74	0.000008
56	75	0.008050
56	76	0.000019
56	77	0.651338
56	111	0.000004
56	752	0.004149
56	757	0.000001
56	760	0.000191
56	762	0.000004
57	61	0.000019
57	62	0.000010
57	64	0.023792
57	65	0.000888
57	66	0.000005
57	74	0.019741
57	75	0.000396
57	76	0.465549
57	77	0.000059
57	93	0.000001
57	110	0.000004
57	170	0.000001
57	172	0.000002
57	748	0.000064
57	751	0.004150
57	756	0.000002
57	760	0.001194
57	814	0.000004
58	63	0.020841
58	72	0.000631
58	73	0.020510
58	84	0.000004
58	92	0.000001
58	109	0.000003
58	169	0.000001
58	171	0.000014
58	747	0.000064
58	749	0.000001
58	750	0.003900
58	758	0.000005
58	759	0.001135
58	761	0.000001
58	813	0.000004
59	64	0.000436
59	65	0.000002
59	74	0.637911
59	75	0.000027
59	83	0.000016
59	87	0.000001
59	170	0.006793
59	746	0.000066
59	748	0.000002
59	760	0.000001
59	814	0.000033
60	70	0.001241
60	71	0.020922
60	72	0.000019
60	73	0.637496
60	82	0.000019
60	90	0.000001
60	169	0.006809
60	745	0.000058
60	747	0.000002
60	806	0.000015
60	811	0.000011
60	813	0.000036
61	68	0.000002
61	69	0.001436
61	70	0.022057
61	71	0.000025
61	72	0.633607
61	73	0.000779
61	81	0.000039
61	85	0.000189
61	89	0.000002
61	168	0.006849
61	805	0.000050
61	810	0.000042
61	812	0.000043
62	68	0.002693
62	69	0.022245
62	71	0.631937
62	72	0.001432
62	80	0.000111
62	82	0.000046
62	84	0.000730
62	88	0.000002
62	167	0.006874
62	743	0.000070
62	803	0.000002
62	804	0.000079
62	809	0.000066
62	811	0.000049
63	67	0.001898
63	79	0.000112
63	87	0.000002
63	166	0.006870
63	742	0.000070
63	808	0.000050
64	68	0.017153
64	69	0.050296
64	71	0.000519
64	72	0.001368
64	78	0.000110
64	81	0.000762
64	82	0.053860
64	165	0.006871
64	741	0.000070
64	793	0.000026
65	69	0.002183
65	71	0.001409
65	72	0.001293
65	80	0.000764
65	81	0.054341
65	82	0.000254
65	164	0.006870
65	740	0.000070
65	791	0.000138
66	71	0.001319
66	72	0.000022
66	78	0.000033
66	80	0.054296
66	81	0.000260
66	82	0.000006
66	99	0.000001
66	114	0.000006
66	163	0.006828
66	164	0.000001
66	739	0.000070
66	775	0.000016
66	790	0.000139
67	71	0.000020
67	72	0.000013
67	73	0.000013
67	78	0.028554
67	80	0.000248
67	81	0.000008
67	84	0.000002
67	85	0.000001
67	98	0.000006
67	113	0.000013
67	114	0.000034
67	115	0.000025
67	162	0.000254
67	163	0.000002
67	774	0.000016
67	789	0.000139
68	74	0.000366
68	75	0.000179
68	76	0.000011
68	77	0.033185
68	79	0.000160
68	83	0.000003
68	97	0.000006
68	111	0.000033
68	112	0.000011
68	116	0.000001
68	117	0.000001
68	736	0.000001
68	737	0.000058
68	773	0.000016
68	788	0.000139
69	74	0.000219
69	75	0.000017
69	76	0.031430
69	77	0.022947
69	79	0.000032
69	83	0.000004
69	110	0.000033
69	111	0.000011
69	112	0.000013
69	116	0.000002
69	160	0.000001
69	736	0.000065
69	787	0.000138
70	75	0.026988
70	76	0.022209
70	79	0.000099
70	112	0.002278
70	771	0.000016
71	75	0.010225
71	76	0.000015
71	77	0.000303
71	79	0.000001
71	83	0.000015
71	110	0.000010
71	111	0.002414
71	112	0.000004
71	116	0.000003
71	117	0.000002
71	734	0.000070
71	770	0.000016
71	814	0.000600
72	76	0.000129
72	77	0.000186
72	83	0.000017
72	93	0.000006
72	107	0.000013
72	110	0.002406
72	111	0.000004
72	116	0.000003
72	733	0.000070
72	763	0.000002
72	769	0.000016
72	784	0.000135
72	814	0.000132
73	79	0.000042
73	732	0.000069
73	762	0.000002
73	768	0.000016
73	783	0.000139
73	808	0.000001
74	78	0.000043
74	80	0.000063
74	81	0.000249
74	82	0.000068
74	88	0.000004
74	89	0.000003
74	91	0.000035
74	92	0.000004
74	113	0.000006
74	114	0.000016
74	761	0.000002
74	764	0.000002
74	782	0.000139
74	809	0.000002
74	811	0.022788
75	80	0.000238
75	81	0.000066
75	88	0.000003
75	90	0.000036
75	91	0.000004
75	106	0.000011
75	108	0.000012
75	109	0.000333
75	113	0.000015
75	114	0.000001
75	115	0.000292
75	730	0.000002
75	731	0.000064
75	766	0.000007
75	767	0.000007
75	780	0.000045
75	781	0.000093
75	806	0.000023
75	810	0.011738
75	811	0.173360
75	812	0.000870
75	813	0.000787
76	80	0.000036
76	81	0.000001
76	82	0.000004
76	85	0.000259
76	89	0.000037
76	90	0.000004
76	106	0.000128
76	108	0.000443
76	109	0.000088
76	113	0.000001
76	114	0.000351
76	115	0.000786
76	729	0.000002
76	730	0.000067
76	759	0.000002
76	765	0.000007
76	766	0.000008
76	779	0.000091
76	780	0.000046
76	805	0.000029
76	809	0.000438
76	810	0.253390
76	811	0.000302
76	812	0.000967
76	813	0.000003
77	81	0.000006
77	82	0.000017
77	84	0.000298
77	88	0.000038
77	89	0.000004
77	113	0.000373
77	114	0.000919
77	728	0.000002
77	729	0.000067
77	758	0.000002
77	761	0.000003
77	764	0.000007
77	765	0.000008
77	778	0.000137
77	804	0.000030
77	809	0.272333
77	811	0.000971
78	83	0.000286
78	86	0.000002
78	87	0.000035
78	97	0.000004
78	104	0.001537
78	107	0.001472
78	110	0.000002
78	112	0.000237
78	116	0.000017
78	757	0.000002
78	760	0.000003
78	763	0.000005
78	777	0.000133
78	808	0.271562
78	814	0.000001
79	85	0.000004
79	96	0.000004
79	103	0.001540
79	106	0.001476
79	108	0.000003
79	109	0.000001
79	113	0.000904
79	114	0.000208
79	115	0.000016
79	727	0.000067
79	759	0.000003
79	765	0.000001
79	774	0.000001
79	776	0.000120
79	805	0.000003
79	806	0.000199
79	807	0.268512
79	809	0.000379
79	810	0.000007
79	813	0.000001
80	105	0.001468
80	107	0.000004
80	110	0.000001
80	111	0.000428
80	112	0.002342
80	726	0.000066
80	756	0.000003
80	771	0.000004
80	773	0.000003
80	808	0.000395
81	101	0.001548
81	104	0.001461
81	105	0.000019
81	110	0.000426
81	111	0.002504
81	112	0.000287
81	116	0.000001
81	725	0.000066
81	752	0.000053
81	755	0.000003
81	757	0.000002
81	763	0.000012
81	770	0.000004
81	771	0.000002
81	773	0.000003
81	808	0.000002
82	93	0.000085
82	100	0.001614
82	104	0.000030
82	110	0.002500
82	111	0.000299
82	112	0.000002
82	170	0.000023
82	714	0.000008
82	724	0.000066
82	751	0.000068
82	754	0.000006
82	756	0.000002
82	762	0.000240
82	769	0.000003
82	770	0.000004
82	771	0.000005
82	773	0.000097
82	802	0.000003
82	808	0.000037
82	814	0.000003
83	88	0.000011
83	89	0.000023
83	91	0.000004
83	92	0.000090
83	99	0.001613
83	102	0.001454
83	103	0.000039
83	113	0.000025
83	114	0.000017
83	169	0.000023
83	713	0.000008
83	718	0.000001
83	750	0.000069
83	753	0.000007
83	761	0.000261
83	764	0.000011
83	765	0.000001
83	772	0.000106
83	803	0.958835
83	804	0.001792
83	809	0.000005
83	811	0.000002
84	97	0.000208
84	100	0.000041
84	101	0.001355
84	107	0.000008
84	110	0.000276
84	111	0.000100
84	112	0.000014
84	712	0.000008
84	717	0.000001
84	722	0.000042
84	752	0.000007
84	756	0.000006
84	760	0.000261
84	763	0.000011
84	768	0.000010
84	769	0.000026
84	770	0.000097
84	771	0.000020
84	801	0.000007
84	802	0.973869
84	808	0.000002
85	101	0.000038
85	112	0.000012
85	711	0.000007
85	721	0.000044
85	754	0.000001
85	755	0.000006
85	762	0.000011
85	763	0.000001
85	768	0.000044
85	769	0.000091
85	801	0.977533
85	802	0.000189
86	94	0.000002
86	95	0.001060
86	96	0.000117
86	99	0.001370
86	106	0.000003
86	108	0.000006
86	109	0.003399
86	710	0.000004
86	720	0.000039
86	758	0.000003
86	759	0.000212
86	761	0.000008
86	766	0.000430
86	767	0.000035
86	799	0.000002
86	800	0.977281
87	94	0.001386
87	95	0.000085
87	96	0.000004
87	98	0.001539
87	106	0.000015
87	108	0.003930
87	109	0.000003
87	718	0.000007
87	753	0.000009
87	758	0.000214
87	761	0.000002
87	764	0.000001
87	765	0.000506
87	766	0.000020
87	799	0.976777
87	800	0.000004
88	93	0.001424
88	97	0.001549
88	100	0.000002
88	101	0.000002
88	104	0.000010
88	105	0.000017
88	107	0.003987
88	111	0.000011
88	178	0.000001
88	717	0.000011
88	752	0.000020
88	755	0.000002
88	756	0.000054
88	757	0.000214
88	760	0.000004
88	763	0.000002
88	797	0.000012
88	798	0.974804
89	93	0.000012
89	100	0.000002
89	104	0.000017
89	105	0.000001
89	107	0.000044
89	110	0.000011
89	177	0.000001
89	717	0.000003
89	751	0.000020
89	754	0.000003
89	755	0.000053
89	756	0.000216
89	762	0.000002
89	763	0.000550
89	796	0.000018
89	797	0.976660
89	798	0.000009
90	101	0.000007
90	105	0.002549
90	176	0.000001
90	754	0.000054
90	755	0.000192
90	762	0.000555
90	795	0.000025
90	796	0.977209
90	797	0.000011
91	97	0.000004
91	100	0.000007
91	101	0.000181
91	104	0.004221
91	105	0.000026
91	175	0.000001
91	717	0.000001
91	752	0.000342
91	754	0.000013
91	757	0.000004
91	760	0.000009
91	794	0.000025
91	795	0.977522
91	796	0.000006
92	97	0.000002
92	100	0.000249
92	104	0.000031
92	751	0.000346
92	752	0.000003
92	756	0.000003
92	760	0.000561
92	773	0.000015
92	794	0.979173
93	99	0.000259
93	102	0.015561
93	103	0.000017
93	113	0.000001
93	750	0.000325
93	758	0.001036
93	764	0.000001
93	772	0.000059
93	790	0.000002
93	791	0.000023
93	793	0.976170
93	803	0.000003
93	809	0.000001
94	101	0.016362
94	105	0.000005
94	112	0.000001
94	757	0.001085
94	763	0.000001
94	771	0.000060
94	788	0.000777
94	795	0.000014
94	798	0.000002
94	802	0.000003
94	808	0.000001
95	100	0.016253
95	101	0.000004
95	104	0.000006
95	111	0.000001
95	752	0.000002
95	755	0.000150
95	756	0.001083
95	760	0.000020
95	762	0.000001
95	770	0.000061
95	787	0.000789
95	788	0.000004
95	794	0.000017
95	797	0.000003
95	798	0.000006
95	801	0.000001
96	101	0.000009
96	172	0.000002
96	754	0.000663
96	755	0.000616
96	769	0.000055
96	773	0.000017
96	783	0.000001
96	788	0.000069
96	796	0.000003
96	797	0.000006
97	102	0.000306
97	103	0.000002
97	113	0.000024
97	171	0.000002
97	750	0.000002
97	753	0.001122
97	758	0.000072
97	764	0.000061
97	772	0.000019
97	782	0.000001
97	786	0.000080
97	790	0.423665
97	791	0.009548
97	793	0.000097
97	803	0.000002
98	105	0.000002
98	112	0.000024
98	754	0.000003
98	755	0.000017
98	757	0.000072
98	763	0.000061
98	771	0.000019
98	784	0.000760
98	788	0.917893
98	795	0.000019
98	802	0.000002
99	104	0.000002
99	110	0.000002
99	111	0.000023
99	170	0.000292
99	175	0.000001
99	714	0.000001
99	751	0.001242
99	752	0.000007
99	754	0.000111
99	756	0.000071
99	762	0.000061
99	770	0.000018
99	783	0.000801
99	787	0.961108
99	788	0.000007
99	794	0.000021
99	801	0.000001
100	113	0.000003
100	114	0.000006
100	169	0.000293
100	171	0.000001
100	173	0.000003
100	713	0.000001
100	750	0.001244
100	753	0.000119
100	761	0.000060
100	765	0.000008
100	782	0.000803
100	786	0.961226
100	790	0.011475
100	791	0.000003
100	793	0.000021
101	108	0.000049
101	109	0.000002
101	113	0.000005
101	168	0.000289
101	749	0.000441
101	753	0.000134
101	764	0.000007
101	778	0.000008
101	779	0.000012
101	780	0.000005
101	781	0.000770
101	785	0.958853
101	789	0.011543
101	792	0.000019
102	107	0.000067
102	111	0.000018
102	112	0.000003
102	170	0.000038
102	748	0.000304
102	751	0.000008
102	752	0.000668
102	760	0.000005
102	763	0.000005
102	770	0.000002
102	777	0.000025
102	783	0.000118
102	784	0.943514
102	788	0.011552
103	107	0.000002
103	110	0.000018
103	111	0.000003
103	166	0.000263
103	170	0.102377
103	172	0.000001
103	746	0.000001
103	748	0.000002
103	751	0.000665
103	762	0.000003
103	777	0.000217
103	783	0.874546
103	784	0.000008
103	787	0.011557
104	113	0.000002
104	114	0.000009
104	164	0.000001
104	165	0.000257
104	167	0.000003
104	169	0.102733
104	171	0.000002
104	747	0.000003
104	750	0.000660
104	761	0.000003
104	775	0.007132
104	778	0.000012
104	782	0.869494
104	786	0.011553
105	109	0.000002
105	113	0.000016
105	114	0.000004
105	115	0.000004
105	163	0.000002
105	164	0.000165
105	167	0.000201
105	168	0.100670
105	169	0.000307
105	171	0.000002
105	173	0.000005
105	745	0.000028
105	749	0.000098
105	766	0.000004
105	767	0.000001
105	772	0.000004
105	774	0.017925
105	775	0.000023
105	776	0.000019
105	778	0.000150
105	779	0.000223
105	780	0.003627
105	781	0.795994
105	785	0.011301
106	112	0.000025
106	166	0.000468
106	172	0.000051
106	719	0.000003
106	721	0.000002
106	744	0.000037
106	754	0.000107
106	762	0.000046
106	763	0.000002
106	768	0.000002
106	769	0.000006
106	771	0.000012
106	773	0.035779
106	777	0.000446
106	783	0.002489
106	784	0.007964
107	113	0.002106
107	114	0.000445
107	163	0.000029
107	164	0.000001
107	165	0.000445
107	167	0.228205
107	169	0.044899
107	171	0.000055
107	173	0.000023
107	718	0.000003
107	720	0.000002
107	743	0.000038
107	749	0.000007
107	750	0.000117
107	753	0.000144
107	758	0.000079
107	761	0.000052
107	764	0.001896
107	765	0.000014
107	772	0.036020
107	775	0.000492
107	778	0.066111
107	782	0.004841
108	112	0.001391
108	166	0.117265
108	172	0.000020
108	719	0.000002
108	742	0.000023
108	755	0.000005
108	757	0.000069
108	763	0.001876
108	768	0.000001
108	769	0.000008
108	771	0.030702
108	773	0.000006
108	777	0.054696
108	783	0.000044
108	784	0.000021
109	166	0.780284
109	172	0.000126
109	742	0.000013
109	754	0.000011
109	762	0.001716
109	768	0.000002
109	769	0.000017
109	771	0.000005
109	773	0.000390
109	777	0.005166
109	783	0.000056
110	114	0.000058
110	162	0.000009
110	163	0.000087
110	164	0.016289
110	165	0.930994
110	167	0.000385
110	169	0.000397
110	171	0.000140
110	729	0.000005
110	740	0.000018
110	741	0.000023
110	750	0.000009
110	753	0.000012
110	761	0.001676
110	765	0.000048
110	772	0.000390
110	775	0.001875
110	778	0.000058
110	782	0.000057
110	791	0.000002
111	161	0.000007
111	162	0.000048
111	163	0.016415
111	164	0.930861
111	165	0.001028
111	167	0.001775
111	169	0.001985
111	728	0.000005
111	739	0.000018
111	740	0.000023
111	749	0.000008
111	753	0.000008
111	758	0.000054
111	761	0.000005
111	764	0.000048
111	765	0.000009
111	772	0.000134
111	775	0.016894
111	778	0.000014
111	782	0.000005
111	790	0.000002
112	161	0.000008
112	162	0.000992
112	163	0.905165
112	164	0.000956
112	165	0.000157
112	167	0.000107
112	168	0.002014
112	169	0.000005
112	727	0.000005
112	735	0.000024
112	739	0.000016
112	753	0.000204
112	758	0.000271
112	759	0.000187
112	761	0.000002
112	764	0.000008
112	772	0.001516
112	774	0.016677
112	775	0.000007
112	776	0.000007
112	780	0.000004
112	781	0.000006
112	789	0.000002
113	166	0.000228
113	170	0.000019
113	726	0.000003
113	734	0.000032
113	737	0.000002
113	738	0.000006
113	751	0.000001
113	752	0.000696
113	756	0.000116
113	757	0.000633
113	760	0.000012
113	762	0.000002
113	763	0.000006
113	769	0.000003
113	770	0.000338
113	771	0.005512
113	773	0.013312
113	788	0.000002
114	160	0.000003
114	166	0.000925
114	170	0.000001
114	725	0.000001
114	733	0.000032
114	736	0.000002
114	737	0.000003
114	751	0.000693
114	752	0.000006
114	755	0.000112
114	756	0.000671
114	757	0.000066
114	760	0.000003
114	762	0.000004
114	763	0.000002
114	769	0.000288
114	770	0.006697
114	771	0.000055
114	773	0.000013
114	787	0.000002
115	166	0.000019
115	732	0.000027
115	754	0.000101
115	755	0.000572
115	757	0.000002
115	762	0.000002
115	768	0.000147
115	769	0.005739
115	771	0.009031
115	773	0.000004
116	161	0.000037
116	162	0.996653
116	163	0.000350
116	164	0.000011
116	165	0.000014
116	750	0.000001
116	753	0.000044
116	761	0.000001
116	772	0.000002
117	161	0.999643
117	162	0.000189
117	163	0.000009
117	164	0.000011
118	160	0.999483
119	159	0.999976
120	158	0.999978
121	156	0.000001
121	157	0.999033
122	156	0.999289
122	157	0.000001
123	155	0.999964
124	154	0.999511
125	153	0.999977
126	152	0.999984
127	150	0.000001
127	151	0.998870
128	150	0.999033
129	149	0.999970
130	148	0.999511
131	147	0.999977
132	146	0.999990
133	145	0.999985
134	144	0.999698
135	142	0.000009
135	143	0.999960
136	141	0.000009
136	142	0.999261
136	143	0.000005
137	141	0.756354
138	142	0.000002
162	170	0.000008
162	752	0.000009
162	754	0.000006
162	757	0.000011
162	763	0.000002
163	170	0.004071
163	172	0.000004
163	177	0.000004
163	719	0.000001
163	726	0.000103
163	751	0.000012
163	752	0.001488
163	754	0.000012
163	756	0.000283
163	757	0.000087
163	760	0.000440
163	762	0.000155
163	763	0.000005
163	769	0.000001
163	770	0.000052
163	771	0.000025
163	773	0.000001
164	170	0.002523
164	175	0.000001
164	176	0.000016
164	717	0.000001
164	725	0.000108
164	751	0.001452
164	752	0.013116
164	754	0.000001
164	755	0.000289
164	756	0.000096
164	757	0.000012
164	760	0.000146
164	762	0.000005
164	768	0.000001
164	769	0.000048
164	770	0.000030
164	771	0.000003
165	170	0.000676
165	175	0.000030
165	714	0.000133
165	717	0.000038
165	724	0.000110
165	751	0.013162
165	752	0.000022
165	754	0.000271
165	755	0.000084
165	756	0.000013
165	757	0.000014
165	760	0.000450
165	768	0.000043
165	769	0.000018
165	770	0.000004
165	771	0.000001
165	777	0.000025
166	174	0.000030
166	713	0.000134
166	715	0.000016
166	716	0.000049
166	718	0.000001
166	723	0.000110
166	749	0.000104
166	750	0.012399
166	753	0.001027
166	758	0.000018
166	759	0.000411
166	765	0.000112
166	766	0.000001
166	767	0.000039
166	774	0.000002
166	775	0.000001
166	776	0.000035
166	779	0.000003
166	780	0.000001
167	172	0.000004
167	175	0.000007
167	177	0.000009
167	712	0.000154
167	714	0.000021
167	717	0.000192
167	719	0.000006
167	721	0.000002
167	722	0.000107
167	748	0.000067
167	751	0.000067
167	752	0.028885
167	754	0.000011
167	755	0.000012
167	756	0.028359
167	757	0.000003
167	760	0.000003
167	763	0.000008
167	769	0.000006
167	770	0.001045
167	771	0.000003
167	773	0.000005
167	777	0.000004
167	796	0.000003
168	172	0.000011
168	176	0.000020
168	711	0.000152
168	719	0.000004
168	721	0.000085
168	722	0.000005
168	754	0.000019
168	755	0.028553
168	757	0.000150
168	762	0.000007
168	763	0.001139
168	768	0.000006
168	769	0.000974
168	771	0.000186
168	773	0.000006
168	777	0.000018
168	784	0.000013
168	795	0.000004
169	175	0.000031
169	714	0.025269
169	717	0.000316
169	719	0.000291
169	721	0.000007
169	748	0.000090
169	751	0.070591
169	752	0.000205
169	754	0.028751
169	756	0.000139
169	760	0.000004
169	762	0.001321
169	768	0.000246
169	769	0.000002
169	770	0.000191
169	771	0.000001
169	773	0.001334
169	777	0.000004
169	783	0.000033
169	794	0.000004
170	713	0.025239
170	718	0.000325
170	720	0.000008
170	747	0.000088
170	749	0.000023
170	750	0.070865
170	753	0.028797
170	758	0.000008
170	761	0.001337
170	764	0.000028
170	765	0.000030
170	772	0.001398
170	775	0.000140
170	778	0.000182
170	782	0.000034
170	793	0.000004
171	175	0.000008
171	711	0.000009
171	712	0.021565
171	714	0.961551
171	717	0.000290
171	746	0.000021
171	751	0.000059
171	752	0.004445
171	757	0.000001
171	760	0.001093
171	771	0.000022
171	777	0.000020
172	710	0.000051
172	713	0.963581
172	715	0.000182
172	716	0.000245
172	745	0.000020
172	750	0.000100
172	758	0.000003
172	759	0.001037
172	776	0.000019
173	711	0.001326
173	712	0.974366
173	714	0.000243
173	744	0.000011
173	751	0.000242
173	752	0.000002
173	755	0.000101
173	756	0.000036
173	757	0.000002
173	763	0.000001
173	770	0.000009
174	711	0.963633
174	744	0.000001
174	754	0.000110
174	755	0.000026
174	757	0.000236
174	762	0.000001
174	769	0.000008
174	773	0.000004
175	709	0.000009
175	713	0.000161
175	743	0.000002
175	749	0.000003
175	750	0.000064
175	753	0.000119
175	758	0.000002
175	761	0.000001
175	772	0.000004
176	708	0.000002
176	709	0.000017
176	710	0.984601
177	708	0.000010
177	709	0.999895
178	708	0.999938
178	713	0.000001
179	707	0.999934
179	712	0.000001
180	706	0.999486
180	711	0.000001
181	704	0.000001
181	705	0.999379
181	710	0.000001
182	704	0.995583
182	709	0.000001
183	704	0.000930
183	708	0.000001
184	702	0.976578
185	701	0.999905
186	700	0.999694
187	699	0.999976
188	698	0.999982
189	697	0.998734
190	693	0.000003
190	696	0.979165
191	692	0.000004
192	695	0.998558
193	693	0.000012
193	694	0.998767
194	692	0.000010
194	693	0.999074
194	694	0.000002
195	692	0.999245
196	496	0.000001
196	498	0.000312
196	609	0.000001
196	691	0.907488
196	692	0.000007
197	497	0.813359
197	690	0.020864
198	495	0.000001
198	496	0.968892
198	689	0.000004
198	691	0.000002
199	495	0.999836
200	494	0.999952
201	493	0.999932
202	491	0.000001
202	492	0.999940
202	493	0.000025
203	491	0.999804
203	492	0.000048
204	488	0.000364
204	491	0.000072
205	487	0.000363
206	487	0.000022
206	488	0.991107
207	487	0.971029
208	487	0.001190
209	485	0.991913
210	483	0.000001
210	484	0.998179
211	483	0.999978
212	482	0.999991
213	479	0.000001
213	481	0.999975
214	478	0.000006
214	479	0.000002
214	480	0.999566
215	477	0.000008
215	479	0.997920
218	476	0.928328
220	474	0.000006
220	475	0.991153
220	477	0.000001
220	478	0.000005
221	474	0.999815
221	477	0.000004
222	473	0.999935
222	476	0.000001
223	472	0.999432
224	471	0.997579
225	469	0.000639
225	470	0.948951
226	466	0.000001
226	467	0.000019
226	468	0.000890
227	466	0.000019
227	467	0.000522
227	468	0.951221
228	467	0.989703
229	469	0.000002
230	465	0.981588
230	466	0.000952
231	464	0.999852
232	462	0.000001
232	463	0.999012
233	462	0.998626
233	463	0.000001
234	461	0.999322
235	460	0.998642
236	459	0.999851
236	460	0.000002
237	458	0.999162
238	456	0.000001
238	457	0.998121
239	456	0.999263
239	457	0.000001
240	455	0.999984
241	454	0.999970
242	453	0.999129
243	452	0.997045
243	454	0.000005
244	451	0.974474
244	453	0.000211
245	452	0.000412
246	448	0.000005
246	449	0.000045
246	450	0.997878
246	451	0.000054
247	449	0.997789
247	451	0.000046
248	448	0.979791
248	449	0.001272
248	450	0.000064
249	446	0.002002
249	448	0.003340
249	449	0.000015
250	446	0.966621
250	448	0.000003
251	444	0.000003
251	445	0.999977
252	444	0.999968
253	416	0.000003
253	443	0.998335
254	415	0.000001
254	417	0.000411
254	418	0.000588
254	419	0.000085
254	442	0.988239
255	415	0.003612
255	417	0.008259
255	418	0.003812
255	419	0.000727
256	415	0.898451
256	417	0.001398
256	418	0.000121
256	419	0.000004
256	440	0.000005
256	442	0.000017
257	414	0.995270
257	416	0.001037
258	413	0.999917
258	415	0.000021
259	412	0.999990
260	411	0.999963
261	410	0.999935
262	409	0.999412
263	403	0.000090
263	404	0.000001
263	405	0.002061
263	406	0.000299
263	407	0.002479
263	408	0.994151
264	402	0.000115
264	404	0.004577
264	405	0.000690
264	406	0.008959
264	407	0.984411
265	401	0.000106
266	401	0.000085
267	401	0.975931
268	400	0.994366
268	402	0.000109
268	403	0.000781
268	404	0.000111
268	405	0.000007
268	406	0.000001
269	398	0.000035
269	399	0.998713
269	401	0.000010
270	397	0.000034
270	398	0.999937
271	396	0.000033
271	397	0.999955
272	396	0.999949
273	394	0.000506
273	395	0.991983
274	288	0.000126
275	287	0.000145
275	393	0.982735
276	286	0.000145
276	392	0.999271
277	285	0.000145
277	391	0.998481
278	284	0.000145
278	390	0.999591
278	391	0.000002
279	389	0.999783
280	387	0.000021
280	388	0.998344
281	383	0.000003
281	384	0.000030
281	386	0.000032
281	387	0.993074
281	388	0.000131
281	389	0.000004
282	383	0.000037
282	384	0.000025
282	386	0.963500
282	387	0.000425
282	388	0.000005
283	383	0.000045
283	384	0.000535
283	386	0.000726
283	387	0.000011
284	380	0.000646
284	383	0.000305
284	384	0.937473
284	386	0.000005
285	379	0.000649
285	383	0.995595
285	384	0.000094
286	378	0.000643
286	381	0.000207
286	382	0.997514
287	377	0.000640
287	381	0.996217
288	375	0.000004
288	377	0.000027
288	378	0.000907
288	381	0.000030
289	372	0.000001
289	375	0.000041
289	377	0.000613
289	378	0.982535
290	377	0.993193
291	376	0.956721
291	379	0.000006
292	376	0.003656
293	370	0.000040
293	374	0.555124
293	376	0.000037
293	380	0.000007
294	369	0.000040
294	374	0.042124
294	376	0.000017
294	379	0.000006
295	368	0.000040
295	371	0.924054
295	372	0.006516
295	373	0.021079
295	375	0.000013
295	378	0.000003
296	367	0.000035
296	370	0.999605
296	374	0.000003
297	367	0.000006
297	369	0.999930
297	370	0.000006
298	366	0.000011
298	368	0.999522
299	367	0.999550
300	365	0.479317
300	366	0.514317
301	364	0.963559
302	363	0.999933
302	365	0.000005
303	362	0.999986
303	363	0.000003
304	361	0.999988
304	362	0.000002
305	360	0.999956
305	361	0.000001
306	359	0.999917
307	358	0.999743
308	357	0.999939
309	356	0.999938
310	355	0.999499
311	354	0.999192
312	353	0.999964
313	352	0.999731
314	351	0.999948
315	329	0.000020
315	350	0.999712
316	328	0.000078
316	349	0.939191
316	352	0.000012
317	327	0.000106
317	343	0.026809
317	351	0.000029
318	326	0.000106
318	329	0.000047
318	342	0.026825
318	350	0.000035
319	328	0.000047
319	341	0.026720
319	349	0.000053
320	324	0.000002
320	325	0.000002
320	327	0.000046
320	337	0.000001
320	340	0.025608
320	343	0.000001
320	344	0.000292
320	345	0.835207
321	326	0.000028
321	335	0.000001
321	337	0.000136
321	340	0.000034
321	343	0.000169
321	344	0.954147
321	345	0.001984
322	330	0.000007
322	335	0.000001
322	337	0.000584
322	340	0.000005
322	342	0.000022
322	343	0.964528
322	344	0.002125
322	345	0.000001
323	329	0.000008
323	335	0.001532
323	342	0.968378
323	343	0.001805
323	350	0.000004
324	328	0.000005
324	334	0.000772
324	339	0.000006
324	341	0.942049
324	349	0.000011
325	334	0.023646
325	339	0.002514
325	341	0.000420
325	349	0.000890
326	332	0.000011
326	333	0.024751
326	334	0.000076
326	336	0.000001
326	338	0.002168
326	339	0.938833
326	341	0.000001
326	347	0.000289
326	348	0.001793
326	349	0.000004
327	331	0.000005
327	332	0.024617
327	333	0.000076
327	336	0.001646
327	338	0.970462
327	339	0.000007
327	346	0.000294
327	347	0.001788
327	348	0.000007
328	335	0.001594
328	337	0.970489
328	345	0.000273
329	333	0.000025
329	334	0.000619
329	336	0.965571
329	338	0.000003
329	346	0.001682
329	347	0.000002
329	348	0.000002
330	334	0.005337
331	335	0.006244
331	344	0.002174
331	345	0.000003
332	343	0.002254
333	342	0.002253
334	340	0.000018
335	339	0.000014
335	341	0.000001
336	342	0.000001
342	348	0.000011
343	347	0.000011
343	348	0.000003
344	349	0.000002
376	394	0.000070
377	393	0.000143
378	392	0.000144
379	391	0.000144
380	390	0.000144
380	394	0.000001
381	389	0.000144
381	393	0.000001
382	388	0.000141
382	392	0.000001
383	391	0.000001
401	406	0.000004
414	418	0.000001
414	419	0.000003
415	441	0.000005
415	443	0.000028
416	440	0.000008
416	442	0.000739
417	441	0.000471
417	443	0.000040
418	441	0.001648
418	443	0.000012
419	441	0.782754
420	439	0.000001
420	440	0.999356
421	439	0.999673
422	438	0.999914
423	437	0.999957
424	436	0.999979
425	432	0.000001
425	435	0.999264
426	433	0.000183
426	434	0.995862
427	433	0.953339
427	434	0.000397
428	433	0.000308
428	434	0.000073
429	433	0.000108
429	434	0.000011
430	434	0.000002
497	609	0.183430
497	610	0.000025
498	607	0.000004
498	608	0.997946
499	607	0.999966
499	608	0.000011
500	606	0.999980
501	605	0.999511
502	604	0.999981
503	603	0.999991
504	602	0.999977
505	601	0.999511
506	600	0.999980
507	599	0.999978
508	597	0.000009
508	598	0.997522
510	595	0.000006
510	596	0.979889
510	597	0.000014
511	595	0.998759
511	596	0.000003
512	594	0.999983
513	593	0.999924
514	536	0.000026
514	592	0.997456
515	590	0.001717
515	591	0.995235
516	535	0.988546
516	536	0.000080
517	531	0.000001
517	534	0.996686
517	589	0.001377
517	590	0.000007
518	530	0.000003
518	533	0.999634
518	588	0.000277
519	532	0.999206
520	528	0.000001
520	529	0.000257
520	530	0.000995
520	531	0.998500
521	528	0.000336
521	529	0.001902
521	530	0.996909
521	531	0.000004
521	533	0.000120
522	532	0.000122
523	528	0.014275
523	529	0.015087
523	530	0.000030
523	531	0.000123
523	534	0.000002
524	528	0.010784
524	529	0.001097
524	530	0.000140
524	533	0.000002
525	532	0.000002
527	537	0.000004
528	536	0.000039
529	535	0.000039
529	536	0.000053
530	535	0.000055
530	536	0.000027
531	535	0.000026
535	588	0.000008
535	590	0.003378
535	591	0.000002
536	588	0.979463
536	590	0.000215
537	586	0.000011
537	587	0.999897
538	585	0.000013
538	586	0.999976
538	587	0.000001
539	583	0.000005
539	585	0.999954
540	584	0.996189
541	582	0.332133
541	583	0.667659
542	580	0.000002
542	581	0.661067
542	582	0.338779
543	579	0.000028
543	580	0.988800
544	578	0.000018
544	579	0.997017
544	580	0.000367
544	581	0.000194
545	578	0.999944
545	579	0.000008
545	580	0.000004
546	576	0.000001
546	577	0.999978
547	576	0.998475
548	575	0.999859
549	574	0.999583
550	573	0.999980
551	572	0.999963
552	566	0.000002
552	569	0.000001
552	571	0.999933
553	570	0.999452
554	565	0.009091
554	566	0.001588
554	569	0.986671
555	563	0.000327
555	564	0.011576
556	560	0.000004
556	561	0.000018
556	562	0.000216
556	565	0.972478
556	566	0.002388
556	569	0.000002
557	563	0.009537
557	564	0.969137
558	562	0.009073
559	563	0.002908
559	564	0.000133
559	567	0.000005
559	568	0.000025
560	564	0.000140
562	567	0.000001
562	568	0.000030
563	569	0.000004
608	692	0.000003
609	619	0.000009
609	690	0.001017
610	618	0.000009
610	690	0.941068
611	617	0.000009
611	689	0.999383
612	616	0.000006
612	688	0.999519
613	687	0.999905
614	686	0.999904
615	684	0.000004
615	685	0.998955
616	681	0.000003
616	684	0.997836
616	685	0.000020
617	682	0.000447
617	683	0.993082
618	679	0.000038
618	680	0.030772
619	679	0.030297
619	680	0.131729
620	679	0.128317
620	680	0.358204
621	677	0.000003
621	682	0.000327
622	679	0.744683
622	680	0.000088
622	681	0.000171
623	677	0.000008
623	678	0.997719
624	677	0.999615
625	676	0.999980
626	675	0.999978
627	674	0.998603
628	672	0.038301
628	673	0.961195
629	671	0.999093
630	670	0.999961
631	669	0.999963
632	668	0.999963
633	667	0.999980
634	666	0.999510
635	664	0.000002
635	665	0.999963
636	664	0.996561
636	665	0.000003
638	661	0.000002
638	662	0.972159
638	664	0.000003
640	661	0.999345
640	662	0.000094
641	660	0.999956
642	659	0.999957
643	658	0.999990
644	657	0.999985
645	656	0.999500
646	655	0.999191
647	653	0.000037
647	654	0.999889
648	653	0.990948
648	654	0.000013
679	686	0.000001
703	761	0.000001
704	760	0.000001
706	759	0.000002
707	758	0.000002
708	757	0.000003
709	756	0.000006
710	754	0.000006
710	755	0.000008
710	777	0.000009
711	750	0.000003
711	753	0.000009
711	759	0.000001
711	766	0.000004
711	776	0.000013
711	779	0.000004
712	749	0.000006
712	753	0.000243
712	758	0.000003
712	765	0.000005
712	775	0.000014
712	778	0.000005
713	717	0.000001
713	721	0.000009
713	748	0.000006
713	751	0.004862
713	752	0.000363
713	754	0.000216
713	756	0.000002
713	757	0.000001
713	773	0.000027
713	777	0.000002
714	720	0.000010
714	747	0.000005
714	750	0.004893
714	753	0.000256
714	764	0.000013
714	772	0.000031
714	775	0.000002
714	778	0.000004
715	719	0.000007
715	754	0.000005
715	755	0.000045
715	763	0.000025
715	768	0.000001
715	769	0.000006
715	771	0.000030
715	773	0.000003
715	777	0.000009
715	784	0.000004
716	744	0.000002
716	754	0.000086
716	755	0.000002
716	762	0.000026
716	768	0.000003
716	769	0.000003
716	771	0.000004
716	773	0.000027
716	777	0.000006
716	783	0.000008
717	743	0.000002
717	747	0.003494
717	749	0.973261
717	750	0.000679
717	753	0.000073
717	761	0.000021
717	772	0.000026
717	775	0.000003
717	778	0.000014
717	782	0.000008
718	746	0.004228
718	748	0.993716
718	751	0.000006
718	752	0.000034
718	760	0.000017
718	777	0.000011
719	745	0.004154
719	747	0.993099
719	749	0.000012
719	750	0.000005
719	759	0.000016
719	776	0.000011
720	744	0.001639
720	746	0.994617
720	748	0.000020
720	751	0.000010
721	743	0.000480
721	745	0.953163
721	747	0.000020
721	750	0.000010
721	774	0.000002
722	743	0.917930
722	745	0.000083
722	749	0.000003
723	742	0.996651
723	744	0.000068
724	741	0.999765
724	743	0.000022
725	740	0.999808
725	741	0.000004
726	739	0.999793
726	740	0.000003
726	772	0.000004
727	737	0.003329
727	738	0.994501
727	771	0.000020
728	733	0.000022
728	734	0.001150
728	736	0.006677
728	737	0.989150
728	738	0.000004
728	746	0.000004
728	770	0.000024
728	771	0.000012
729	733	0.001131
729	734	0.001315
729	736	0.980294
729	737	0.000013
729	738	0.000007
729	769	0.000024
729	770	0.000016
730	737	0.000017
730	768	0.000023
730	769	0.000016
731	737	0.000003
731	742	0.000016
731	768	0.000016
732	741	0.000017
732	766	0.000032
732	767	0.000008
733	740	0.000018
733	765	0.000041
734	739	0.000018
734	764	0.000041
735	762	0.000011
735	763	0.000029
736	761	0.000021
737	759	0.000014
738	753	0.000004
738	758	0.000014
738	759	0.000008
738	761	0.000005
739	752	0.000008
739	757	0.000013
739	760	0.000005
739	762	0.000002
740	751	0.000008
740	752	0.000003
740	756	0.000013
740	757	0.000009
741	751	0.000003
741	755	0.000012
741	756	0.000009
741	760	0.000002
741	777	0.000001
742	749	0.000008
742	750	0.000003
742	759	0.000002
742	776	0.000002
742	778	0.000002
743	748	0.000008
743	751	0.000002
743	756	0.000004
743	777	0.000030
744	750	0.000002
744	774	0.000016
744	776	0.000039
744	778	0.000004
745	754	0.000029
745	762	0.000016
745	773	0.000017
745	777	0.000005
746	753	0.000031
746	761	0.000018
746	765	0.000001
746	772	0.000017
746	775	0.000024
746	778	0.000002
747	752	0.000029
747	754	0.000004
747	760	0.000019
747	762	0.000012
747	771	0.000015
747	773	0.001967
748	753	0.000007
748	758	0.000046
748	761	0.000023
748	764	0.000269
748	765	0.000059
748	772	0.003134
748	775	0.000050
748	778	0.000004
748	782	0.000001
749	754	0.000005
749	756	0.000038
749	757	0.000057
749	760	0.000035
749	762	0.000001
749	763	0.000408
749	768	0.000006
749	769	0.000007
749	770	0.000933
749	771	0.004079
749	773	0.000029
749	777	0.000006
749	784	0.000005
749	788	0.000001
749	795	0.000003
750	754	0.000032
750	755	0.000039
750	756	0.000119
750	757	0.000020
750	760	0.000476
750	762	0.003449
750	763	0.001794
750	768	0.000088
750	769	0.001260
750	770	0.010397
750	771	0.001415
750	773	0.149200
750	777	0.000031
750	783	0.000851
750	784	0.000004
750	787	0.000010
750	794	0.000037
750	797	0.000002
750	798	0.000001
751	758	0.000376
751	761	0.002085
751	764	0.000775
751	765	0.086446
751	772	0.154751
751	775	0.000145
751	778	0.000906
751	782	0.000903
751	786	0.000009
751	790	0.000001
751	791	0.003314
751	793	0.000037
751	804	0.000101
751	809	0.000002
751	811	0.000005
752	758	0.001550
752	761	0.048917
752	764	0.086711
752	765	0.000410
752	772	0.002701
752	775	0.000609
752	778	0.068755
752	782	0.000258
752	790	0.003335
752	791	0.000057
752	793	0.000003
752	803	0.000101
752	809	0.000048
753	757	0.000602
753	760	0.054110
753	762	0.000154
753	763	0.074522
753	768	0.541935
753	769	0.000873
753	770	0.007114
753	771	0.000921
753	773	0.000014
753	777	0.065467
753	783	0.000003
753	784	0.000003
753	787	0.000010
753	788	0.000003
753	794	0.002501
753	802	0.000019
753	808	0.000065
753	814	0.002594
754	758	0.000095
754	759	0.046321
754	761	0.000097
754	764	0.000010
754	765	0.000017
754	766	0.007829
754	767	0.632302
754	772	0.000004
754	774	0.000011
754	775	0.000011
754	776	0.036384
754	778	0.000146
754	779	0.000137
754	780	0.003291
754	781	0.000009
754	782	0.000002
754	786	0.000007
754	789	0.000076
754	790	0.000001
754	792	0.000357
754	793	0.002520
754	805	0.000002
754	806	0.000399
754	807	0.000045
754	811	0.000004
754	813	0.002645
755	759	0.000118
755	761	0.005951
755	764	0.000022
755	765	0.009032
755	766	0.671850
755	767	0.000090
755	772	0.000003
755	774	0.000028
755	775	0.006545
755	776	0.059389
755	778	0.000062
755	779	0.004305
755	780	0.000012
755	781	0.000003
755	785	0.000004
755	789	0.000001
755	791	0.000426
755	792	0.002795
755	804	0.000002
755	805	0.000592
755	806	0.000024
755	810	0.000007
755	812	0.002671
756	761	0.012549
756	764	0.009775
756	765	0.676201
756	772	0.000602
756	775	0.092254
756	778	0.004393
756	782	0.001041
756	786	0.003429
756	790	0.000492
756	791	0.002848
756	803	0.000002
756	804	0.000638
756	809	0.000007
756	811	0.002675
757	761	0.000089
757	764	0.639451
757	765	0.000115
757	766	0.000300
757	767	0.000168
757	772	0.000024
757	774	0.089594
757	775	0.000157
757	776	0.000180
757	778	0.000029
757	779	0.000147
757	780	0.000250
757	781	0.001118
757	782	0.000004
757	785	0.003486
757	789	0.000494
757	790	0.002767
757	803	0.000627
757	804	0.000004
757	805	0.000003
757	806	0.000032
757	807	0.000003
757	809	0.000001
757	810	0.002487
757	811	0.000002
757	812	0.000004
758	762	0.000326
758	763	0.244869
758	768	0.000004
758	769	0.000107
758	770	0.002142
758	771	0.000020
758	773	0.053099
758	777	0.000060
758	784	0.003541
758	788	0.000364
758	802	0.000346
758	808	0.000003
758	814	0.000002
759	763	0.001383
759	768	0.000148
759	769	0.001989
759	771	0.000937
759	773	0.044484
759	777	0.000145
759	783	0.003582
759	788	0.000314
759	801	0.000185
759	802	0.000020
759	808	0.000876
760	764	0.000337
760	765	0.003481
760	772	0.078461
760	775	0.001165
760	778	0.013513
760	782	0.003562
760	786	0.000003
760	790	0.000002
760	791	0.000001
760	803	0.000887
760	804	0.000117
760	809	0.001256
760	811	0.000016
761	768	0.001567
761	769	0.000336
761	770	0.020230
761	771	0.040119
761	773	0.000050
761	777	0.013967
761	787	0.003489
761	794	0.000002
761	801	0.001768
761	802	0.000465
761	808	0.001304
761	814	0.001697
762	766	0.000119
762	767	0.001632
762	772	0.000208
762	774	0.000161
762	775	0.002246
762	776	0.014009
762	778	0.000009
762	779	0.000217
762	780	0.000955
762	781	0.000590
762	782	0.000019
762	785	0.000001
762	786	0.003499
762	790	0.000006
762	793	0.000002
762	799	0.000001
762	800	0.002439
762	803	0.000001
762	804	0.000002
762	805	0.000206
762	806	0.000013
762	807	0.001314
762	809	0.000004
762	810	0.000025
762	811	0.000037
762	812	0.000174
762	813	0.001713
763	767	0.000336
763	772	0.006616
763	774	0.004012
763	775	0.012735
763	776	0.000036
763	778	0.000234
763	779	0.001256
763	780	0.000718
763	781	0.000060
763	782	0.000006
763	785	0.003486
763	789	0.000011
763	799	0.002552
763	800	0.000006
763	803	0.000001
763	804	0.000203
763	805	0.000008
763	806	0.000837
763	807	0.000011
763	809	0.000030
763	810	0.000056
763	811	0.000209
763	812	0.001660
763	813	0.000005
764	768	0.000597
764	769	0.000594
764	770	0.012675
764	771	0.021729
764	773	0.004297
764	777	0.000180
764	783	0.000013
764	784	0.003443
764	788	0.000011
764	795	0.000020
764	796	0.000004
764	797	0.000021
764	798	0.002557
764	808	0.000025
764	814	0.000005
765	769	0.005453
765	770	0.024615
765	771	0.000104
765	773	0.000391
765	777	0.000564
765	783	0.003093
765	784	0.000027
765	787	0.000011
765	794	0.000022
765	795	0.000004
765	796	0.000028
765	797	0.002557
765	798	0.000013
765	802	0.000160
765	808	0.000034
765	814	0.000002
766	771	0.002864
766	773	0.000404
766	777	0.000107
766	783	0.000052
766	784	0.000119
766	795	0.000031
766	796	0.002538
766	797	0.000015
766	801	0.000128
766	802	0.000088
766	808	0.000278
767	771	0.000600
767	773	0.000517
767	777	0.004247
767	783	0.000239
767	784	0.000004
767	795	0.002368
767	796	0.000015
767	797	0.000001
767	801	0.000105
767	802	0.000004
767	808	0.001175
768	772	0.000485
768	774	0.000479
768	775	0.000154
768	776	0.004450
768	778	0.000052
768	779	0.000699
768	780	0.143681
768	781	0.000143
768	782	0.000205
768	792	0.000959
768	793	0.001904
768	799	0.000005
768	800	0.000115
768	803	0.000001
768	805	0.000155
768	806	0.003807
768	807	0.001015
768	809	0.000002
768	810	0.000007
768	811	0.000076
768	812	0.000001
768	813	0.000200
769	774	0.000343
769	775	0.004228
769	776	0.044084
769	778	0.000936
769	779	0.312127
769	780	0.000551
769	781	0.000124
769	782	0.000010
769	790	0.000002
769	791	0.001240
769	792	0.002369
769	793	0.000016
769	799	0.000054
769	800	0.000004
769	804	0.000173
769	805	0.005792
769	806	0.000772
769	807	0.000033
769	809	0.000007
769	810	0.000177
769	812	0.000311
770	775	0.050129
770	778	0.329927
770	782	0.002802
770	786	0.000003
770	790	0.001361
770	791	0.002393
770	793	0.000024
770	803	0.000179
770	804	0.006153
770	809	0.000187
770	811	0.000323
771	775	0.000216
771	776	0.016810
771	778	0.000699
771	779	0.001361
771	780	0.002968
771	781	0.002860
771	782	0.000018
771	785	0.000005
771	789	0.001312
771	790	0.002011
771	791	0.000118
771	792	0.000018
771	800	0.000001
771	803	0.005686
771	804	0.000019
771	805	0.001450
771	806	0.000015
771	807	0.000012
771	809	0.000003
771	810	0.000285
772	777	0.000857
772	783	0.000006
772	784	0.000007
772	787	0.001767
772	788	0.000095
772	801	0.000147
772	802	0.002973
772	808	0.000024
773	778	0.000322
773	779	0.000412
773	780	0.000553
773	781	0.000033
773	782	0.000034
773	785	0.000020
773	786	0.001716
773	789	0.001550
773	790	0.000004
773	799	0.000013
773	800	0.000195
773	803	0.002333
773	804	0.000016
773	805	0.000005
773	806	0.000006
773	807	0.000021
773	809	0.000022
774	783	0.000121
774	784	0.000034
774	788	0.001919
774	798	0.000013
774	801	0.000724
774	802	0.003352
774	808	0.000025
775	783	0.000044
775	784	0.003613
775	787	0.001919
775	797	0.000011
775	798	0.000002
775	801	0.003461
775	802	0.001122
776	783	0.004856
776	784	0.000044
776	796	0.000010
776	797	0.000001
776	798	0.000006
776	801	0.001229
776	802	0.000019
776	808	0.000003
777	781	0.000041
777	782	0.004788
777	785	0.001121
777	786	0.000124
777	799	0.010517
777	800	0.000684
777	803	0.000016
777	804	0.000010
777	805	0.000004
777	806	0.000003
777	807	0.000003
778	783	0.000040
778	784	0.001565
778	787	0.000004
778	797	0.000008
778	798	0.012133
778	802	0.000020
779	783	0.001164
779	784	0.000031
779	796	0.000007
779	797	0.012334
779	798	0.000026
779	801	0.000020
779	802	0.000017
780	784	0.000008
780	795	0.000003
780	796	0.012364
780	797	0.000032
780	798	0.000014
780	801	0.000014
780	802	0.000012
781	788	0.000011
781	795	0.012351
781	796	0.000030
781	797	0.000015
781	798	0.000006
781	801	0.000012
781	802	0.000072
782	787	0.000012
782	794	0.012354
782	795	0.000005
782	796	0.000011
782	797	0.000007
782	798	0.000010
782	801	0.000084
783	790	0.000001
783	791	0.000002
783	792	0.000144
783	793	0.012104
783	799	0.000001
783	800	0.000085
784	789	0.000007
784	790	0.000016
784	791	0.000197
784	792	0.010707
784	793	0.000019
784	799	0.000083
785	795	0.000411
785	796	0.000001
785	798	0.000034
786	794	0.000505
786	797	0.000004
787	791	0.000098
787	793	0.000510
787	804	0.000004
788	792	0.000416
788	799	0.000002
788	803	0.000004
789	795	0.000002
789	798	0.000003
789	802	0.000004
790	794	0.000002
790	797	0.000002
790	801	0.000004
791	796	0.000002
791	797	0.000001
791	798	0.000005
791	802	0.000010
792	797	0.000005
792	798	0.000001
792	801	0.000011
793	814	0.000002
794	803	0.000020
794	804	0.000032
794	809	0.000004
794	811	0.000017
795	799	0.000001
795	800	0.000002
795	803	0.000034
795	804	0.000018
795	805	0.000061
795	806	0.000123
795	807	0.000117
795	810	0.000019
795	811	0.000005
795	812	0.000426
795	813	0.000034
796	800	0.000001
796	803	0.000024
796	804	0.000072
796	805	0.000166
796	806	0.000173
796	807	0.000026
796	809	0.000017
796	810	0.000007
796	811	0.000480
796	812	0.000046
796	813	0.000005
797	803	0.000071
797	804	0.000167
797	805	0.000191
797	806	0.000037
797	807	0.000003
797	809	0.000007
797	810	0.000501
797	811	0.000047
797	812	0.000007
798	803	0.000113
798	804	0.000187
798	805	0.000036
798	806	0.000004
798	807	0.000005
798	809	0.000502
798	810	0.000035
798	811	0.000007
798	812	0.000001
799	808	0.000473
800	808	0.000071
801	805	0.000002
801	806	0.000019
801	807	0.000091
801	810	0.000017
801	811	0.000003
801	812	0.000012
801	813	0.000003
802	806	0.000067
802	807	0.000051
802	809	0.000020
802	810	0.000008
802	811	0.000015
802	812	0.000005
803	808	0.000028
803	814	0.000007
804	808	0.000067
804	814	0.000021
808	812	0.000013
808	813	0.000176
809	814	0.000080
