1	7	0.000221
1	8	0.000190
1	9	0.000049
1	12	0.000335
1	13	0.000167
1	15	0.001470
1	29	0.000025
1	33	0.000061
1	41	0.161185
1	55	0.000028
1	67	0.002328
1	772	0.000081
1	777	0.003816
1	778	0.000057
1	781	0.063106
1	789	0.000146
1	803	0.000012
1	815	0.000011
1	819	0.000001
2	7	0.000652
2	8	0.000143
2	9	0.000029
2	11	0.000448
2	12	0.000333
2	13	0.000006
2	14	0.001774
2	15	0.000576
2	28	0.000049
2	30	0.005484
2	32	0.000064
2	33	0.000015
2	39	0.000408
2	40	0.219330
2	41	0.001269
2	42	0.003707
2	46	0.001506
2	50	0.000107
2	52	0.000038
2	53	0.003885
2	55	0.000001
2	62	0.001421
2	64	0.000004
2	65	0.000154
2	66	0.002608
2	67	0.000008
2	771	0.000107
2	774	0.000056
2	775	0.000037
2	776	0.005050
2	777	0.000096
2	778	0.000001
2	779	0.000089
2	780	0.071701
2	781	0.000032
2	783	0.000030
2	785	0.000111
2	786	0.000138
2	787	0.001024
2	789	0.000006
2	791	0.000041
2	792	0.001014
2	793	0.000331
2	794	0.000031
2	795	0.000050
2	802	0.000024
2	814	0.000009
2	815	0.001179
2	823	0.000964
2	826	0.002759
3	7	0.000122
3	8	0.000088
3	9	0.000042
3	11	0.000355
3	12	0.000009
3	13	0.001748
3	14	0.000747
3	29	0.005541
3	30	0.000052
3	32	0.000016
3	39	0.219914
3	40	0.001577
3	41	0.002997
3	42	0.033728
3	46	0.000102
3	50	0.000032
3	52	0.003857
3	53	0.000024
3	61	0.001432
3	62	0.000009
3	64	0.000156
3	65	0.002587
3	66	0.000009
3	770	0.000107
3	773	0.000057
3	774	0.000029
3	775	0.005021
3	776	0.000102
3	777	0.000001
3	778	0.000084
3	779	0.071671
3	780	0.000038
3	783	0.000041
3	785	0.000139
3	786	0.000814
3	787	0.000358
3	789	0.000008
3	791	0.001028
3	792	0.000330
3	793	0.000033
3	794	0.000049
3	801	0.000026
3	813	0.000003
3	814	0.001385
3	823	0.000747
3	826	0.002653
4	8	0.000055
4	9	0.000133
4	12	0.001662
4	13	0.000722
4	26	0.000077
4	28	0.005570
4	29	0.000030
4	41	0.032361
4	60	0.001463
4	61	0.000005
4	79	0.000002
4	769	0.000091
4	772	0.000047
4	777	0.000197
4	778	0.061308
4	781	0.000014
4	789	0.001839
4	800	0.000025
4	813	0.001389
4	819	0.000013
5	10	0.001174
5	16	0.000013
5	25	0.000081
5	27	0.005588
5	48	0.000114
5	56	0.000091
5	59	0.001469
5	68	0.000002
5	78	0.000002
5	782	0.000222
5	788	0.001921
5	799	0.000024
5	812	0.001387
5	818	0.000014
5	820	0.000479
5	821	0.000012
5	822	0.000041
5	824	0.001465
5	825	0.001506
6	12	0.000007
6	13	0.000006
6	15	0.000013
6	24	0.000080
6	26	0.005552
6	41	0.000295
6	55	0.000099
6	58	0.001349
6	67	0.000003
6	77	0.000002
6	777	0.000655
6	778	0.000007
6	781	0.000181
6	789	0.000030
6	797	0.000002
6	808	0.000007
6	819	0.000471
7	17	0.000001
7	21	0.000007
7	22	0.000015
7	25	0.005163
7	37	0.000069
7	38	0.005324
7	43	0.000078
7	44	0.000091
7	45	0.000054
7	47	0.000154
7	48	0.000109
7	49	0.000083
7	51	0.000011
7	54	0.000095
7	56	0.000001
7	57	0.001243
7	63	0.000003
7	788	0.000029
7	790	0.000002
7	796	0.000001
7	807	0.000007
7	809	0.000001
7	810	0.000044
7	811	0.000033
7	818	0.000442
7	822	0.000005
7	824	0.000015
7	825	0.000030
7	827	0.000020
8	16	0.000002
8	17	0.000013
8	19	0.000007
8	21	0.000042
8	22	0.002615
8	25	0.000009
8	34	0.000002
8	37	0.003116
8	38	0.741781
8	43	0.000059
8	44	0.000043
8	45	0.000010
8	47	0.000054
8	48	0.000064
8	49	0.000004
8	51	0.000002
8	56	0.000316
8	806	0.000004
8	809	0.000023
8	810	0.000024
8	817	0.000221
8	824	0.000012
8	825	0.000015
8	827	0.000005
9	16	0.000013
9	17	0.000001
9	19	0.000270
9	21	0.003233
9	22	0.000071
9	31	0.000040
9	34	0.000013
9	37	0.949414
9	38	0.000307
9	43	0.000013
9	44	0.000003
9	47	0.000014
9	48	0.000002
9	54	0.000002
9	809	0.000010
9	816	0.000042
9	824	0.000011
9	825	0.000001
9	827	0.000155
10	14	0.000006
10	15	0.000004
10	18	0.000315
10	20	0.003257
10	23	0.000190
10	24	0.000004
10	26	0.000007
10	30	0.000051
10	32	0.000019
10	33	0.000012
10	36	0.986823
10	42	0.000003
10	46	0.000003
10	53	0.000002
10	823	0.000011
10	826	0.000250
11	16	0.000604
11	25	0.000010
11	35	0.986911
11	822	0.000011
11	825	0.000249
12	16	0.000010
12	17	0.000021
12	19	0.000219
12	21	0.000045
12	22	0.000053
12	31	0.000013
12	34	0.979117
12	35	0.000003
12	821	0.000009
12	824	0.000224
13	17	0.000067
13	19	0.000029
13	21	0.000048
13	22	0.000006
13	31	0.000126
13	34	0.000114
13	49	0.000006
13	820	0.000001
13	822	0.000001
14	25	0.000001
14	35	0.000004
14	48	0.000007
14	821	0.000001
14	822	0.000163
15	19	0.000005
15	21	0.000028
15	22	0.000006
15	31	0.904543
15	34	0.000010
15	47	0.000006
15	821	0.000159
16	20	0.000029
16	23	0.000003
16	28	0.000022
16	29	0.079444
16	30	0.908409
16	32	0.000054
16	33	0.000005
16	46	0.000006
17	26	0.000082
17	28	0.532198
17	29	0.458222
17	819	0.000143
18	25	0.000158
18	27	0.982609
18	59	0.000001
18	818	0.000143
19	24	0.000116
19	26	0.981667
19	28	0.010381
19	58	0.000001
20	25	0.978172
20	27	0.010630
20	57	0.000001
20	816	0.000132
21	26	0.008043
21	28	0.000001
21	29	0.000003
21	815	0.000129
22	26	0.000007
22	28	0.000017
22	813	0.000137
23	27	0.000017
23	812	0.000140
23	825	0.000001
24	37	0.000002
24	811	0.000132
24	824	0.000001
24	827	0.000012
25	36	0.000003
25	52	0.000001
25	64	0.000002
25	826	0.000020
26	35	0.000003
26	37	0.000005
26	51	0.000001
26	63	0.000002
26	809	0.000110
26	824	0.000017
26	825	0.000010
27	36	0.000006
27	50	0.000001
27	62	0.000002
27	808	0.000137
27	823	0.000050
28	35	0.000006
28	49	0.000001
28	807	0.000138
28	822	0.000050
29	34	0.000003
29	48	0.000001
29	806	0.000138
29	821	0.000053
30	59	0.000002
30	805	0.000137
30	820	0.000082
31	58	0.000002
31	804	0.000126
31	819	0.000082
32	57	0.000002
32	818	0.000082
32	825	0.000002
33	56	0.000002
33	816	0.000012
33	817	0.000068
33	824	0.000002
33	827	0.000036
34	41	0.000003
34	55	0.000002
34	802	0.000085
34	803	0.000001
34	815	0.000031
35	40	0.000003
35	42	0.000001
35	60	0.000001
35	783	0.000001
35	800	0.000001
35	801	0.000086
35	802	0.000001
35	803	0.000001
35	813	0.000002
35	814	0.000032
35	823	0.000012
35	826	0.012634
36	59	0.000001
36	782	0.000001
36	799	0.000002
36	812	0.000008
36	816	0.000012
36	822	0.000012
36	824	0.000005
36	825	0.012685
37	41	0.000002
37	61	0.000005
37	781	0.000001
37	800	0.000003
37	813	0.000004
37	815	0.000012
38	55	0.000001
38	58	0.000694
38	60	0.000015
38	67	0.000001
38	789	0.000021
38	800	0.000066
38	813	0.000044
38	819	0.000006
39	48	0.000553
39	56	0.000003
39	57	0.000898
39	59	0.000019
39	68	0.000002
39	69	0.000019
39	72	0.000382
39	81	0.000001
39	92	0.000006
39	788	0.000026
39	796	0.000001
39	799	0.000077
39	812	0.000050
39	818	0.000004
39	820	0.000236
39	821	0.006505
39	822	0.102706
39	824	0.279274
39	825	0.024202
40	48	0.005786
40	56	0.000916
40	57	0.000005
40	59	0.000002
40	68	0.000030
40	69	0.000003
40	71	0.000386
40	80	0.000002
40	91	0.000006
40	788	0.000005
40	798	0.000077
40	812	0.000024
40	818	0.000475
40	820	0.006499
40	821	0.102838
40	822	0.430277
40	824	0.021337
40	825	0.000081
41	45	0.000049
41	47	0.005446
41	48	0.000092
41	49	0.011926
41	51	0.000008
41	54	0.000007
41	56	0.000002
41	57	0.000024
41	63	0.000004
41	68	0.000003
41	69	0.000005
41	70	0.000385
41	90	0.000006
41	790	0.000002
41	806	0.001147
41	807	0.000003
41	809	0.000010
41	810	0.000023
41	811	0.000028
41	817	0.000508
41	818	0.000008
41	820	0.014114
41	821	0.446004
41	822	0.003287
41	824	0.000060
41	825	0.000053
41	827	0.000002
42	48	0.016085
42	56	0.000154
42	59	0.000018
42	68	0.000118
42	69	0.000374
42	78	0.000006
42	89	0.000006
42	782	0.000016
42	788	0.000008
42	796	0.000024
42	798	0.000003
42	805	0.001368
42	816	0.000482
42	818	0.006548
42	820	0.545191
42	821	0.003250
42	822	0.001894
42	824	0.000141
42	825	0.000031
43	55	0.000146
43	58	0.000017
43	61	0.000005
43	67	0.000186
43	77	0.000006
43	777	0.000001
43	778	0.000002
43	781	0.000014
43	789	0.000005
43	797	0.000003
43	804	0.001351
43	808	0.000110
43	815	0.000405
43	819	0.538389
44	55	0.000032
44	58	0.000002
44	60	0.000002
44	61	0.000511
44	67	0.000060
44	76	0.000006
44	777	0.000003
44	778	0.000002
44	789	0.000009
44	803	0.001140
44	804	0.000012
44	808	0.000040
44	813	0.000003
44	815	0.000001
44	819	0.000285
45	55	0.000033
45	58	0.000011
45	60	0.000625
45	61	0.000009
45	67	0.000029
45	75	0.000004
45	79	0.000033
45	777	0.000002
45	789	0.000519
45	797	0.000014
45	802	0.000403
45	803	0.000018
45	804	0.000006
45	808	0.000021
45	813	0.000171
45	815	0.000003
45	819	0.000987
46	56	0.001915
46	57	0.000011
46	59	0.000640
46	68	0.000384
46	78	0.000035
46	88	0.000005
46	782	0.000705
46	788	0.000554
46	796	0.000015
46	798	0.000003
46	805	0.011677
46	812	0.000122
46	816	0.570565
46	818	0.000582
46	820	0.000002
46	824	0.000094
46	825	0.000092
47	55	0.002052
47	58	0.000585
47	60	0.000050
47	61	0.000110
47	67	0.000581
47	75	0.000004
47	77	0.000034
47	87	0.000005
47	777	0.000025
47	781	0.000705
47	789	0.000015
47	797	0.000003
47	800	0.000005
47	802	0.000895
47	803	0.000003
47	804	0.011832
47	815	0.574548
47	819	0.000001
48	52	0.000223
48	53	0.004216
48	55	0.000027
48	58	0.000001
48	60	0.000079
48	61	0.058206
48	62	0.012054
48	64	0.000069
48	65	0.000035
48	66	0.000533
48	74	0.000005
48	76	0.000033
48	86	0.000005
48	775	0.000003
48	776	0.000027
48	779	0.000006
48	780	0.000667
48	783	0.000003
48	786	0.000004
48	787	0.000427
48	789	0.000026
48	791	0.000125
48	792	0.000163
48	793	0.000023
48	794	0.000008
48	795	0.000005
48	801	0.001180
48	802	0.000004
48	803	0.011859
48	804	0.000003
48	814	0.575178
48	823	0.000064
48	826	0.000634
49	55	0.000088
49	58	0.000134
49	60	0.074057
49	61	0.006050
49	75	0.000030
49	778	0.000006
49	789	0.002399
49	797	0.000001
49	800	0.000866
49	802	0.011711
49	803	0.000004
49	804	0.000002
49	813	0.574563
50	56	0.000765
50	57	0.000157
50	59	0.081599
50	68	0.000002
50	71	0.000019
50	72	0.000018
50	82	0.000001
50	84	0.000002
50	782	0.000004
50	788	0.002531
50	796	0.000001
50	798	0.000098
50	799	0.000418
50	805	0.000062
50	812	0.571684
50	820	0.000006
50	822	0.000008
50	824	0.000121
50	825	0.000163
51	55	0.000558
51	58	0.081405
51	60	0.000047
51	67	0.000003
51	777	0.000001
51	781	0.000003
51	789	0.053444
51	797	0.000167
51	800	0.494670
51	802	0.000086
51	803	0.000052
51	804	0.000061
51	808	0.000070
51	813	0.000003
51	819	0.000006
52	56	0.000086
52	57	0.080624
52	59	0.000049
52	68	0.000004
52	69	0.005015
52	81	0.000041
52	89	0.000003
52	92	0.000001
52	788	0.058811
52	796	0.000170
52	798	0.000039
52	799	0.511249
52	805	0.000004
52	812	0.000008
52	818	0.000006
52	821	0.000031
52	822	0.000007
52	824	0.000046
52	825	0.005821
53	57	0.000054
53	59	0.000015
53	68	0.005652
53	69	0.000003
53	78	0.000004
53	80	0.000041
53	88	0.000003
53	91	0.000001
53	782	0.000003
53	788	0.004896
53	796	0.000031
53	798	0.511496
53	805	0.000108
53	812	0.000005
53	816	0.000004
53	820	0.000031
53	821	0.000006
53	822	0.000002
53	824	0.005840
53	825	0.000033
54	58	0.000011
54	67	0.005808
54	77	0.000004
54	79	0.000041
54	87	0.000003
54	781	0.000003
54	789	0.041470
54	797	0.508318
54	804	0.000087
54	808	0.000859
54	815	0.000003
54	819	0.000029
55	63	0.000047
55	78	0.000039
55	88	0.000001
55	788	0.045111
55	790	0.000185
55	796	0.496204
55	805	0.000005
55	806	0.000032
55	807	0.000878
55	809	0.000013
55	810	0.000009
55	811	0.000035
55	812	0.000003
55	818	0.000023
55	822	0.000004
55	824	0.000001
55	825	0.000002
55	827	0.000173
56	62	0.000062
56	64	0.000011
56	65	0.009553
56	66	0.000843
56	67	0.000037
56	75	0.000023
56	77	0.000018
56	86	0.000002
56	87	0.000002
56	776	0.000026
56	780	0.000006
56	785	0.000018
56	786	0.697299
56	787	0.035712
56	789	0.000009
56	791	0.000017
56	792	0.000387
56	793	0.000153
56	794	0.000506
56	795	0.158665
56	826	0.000255
57	61	0.000026
57	62	0.000026
57	64	0.009638
57	65	0.000825
57	66	0.000047
57	74	0.000027
57	76	0.000015
57	86	0.000002
57	775	0.000026
57	779	0.000006
57	783	0.000005
57	785	0.760506
57	786	0.018668
57	787	0.000016
57	789	0.000001
57	791	0.000409
57	792	0.000136
57	793	0.000814
57	794	0.122889
57	795	0.000001
57	826	0.000002
58	63	0.008467
58	73	0.000027
58	84	0.000003
58	85	0.000001
58	782	0.000008
58	784	0.868910
58	788	0.000129
58	790	0.000435
58	809	0.000196
58	824	0.000205
58	825	0.000001
58	827	0.000003
59	64	0.000578
59	65	0.000127
59	66	0.000368
59	67	0.000010
59	74	0.000027
59	83	0.000007
59	775	0.000007
59	776	0.000004
59	779	0.000010
59	780	0.000015
59	781	0.000004
59	783	0.871349
59	785	0.002294
59	786	0.000013
59	787	0.000097
59	789	0.000220
59	791	0.004080
59	792	0.005602
59	793	0.006339
59	808	0.000209
59	823	0.000209
59	826	0.000005
60	70	0.000004
60	71	0.000027
60	73	0.000027
60	82	0.000007
60	782	0.855687
60	784	0.002252
60	788	0.000037
60	790	0.003699
60	807	0.000211
60	822	0.000209
60	825	0.000003
61	69	0.000006
61	70	0.000029
61	72	0.000027
61	81	0.000007
61	782	0.000333
61	784	0.000058
61	788	0.000058
61	790	0.000360
61	806	0.000211
61	821	0.000208
61	825	0.000017
62	68	0.000107
62	69	0.000030
62	71	0.000027
62	80	0.000008
62	84	0.000001
62	782	0.003138
62	788	0.001022
62	805	0.000211
62	820	0.000209
62	824	0.000101
62	825	0.000002
63	67	0.000123
63	79	0.000008
63	777	0.000366
63	778	0.001196
63	781	0.003150
63	789	0.001994
63	800	0.000010
63	804	0.000159
63	819	0.000209
64	68	0.000009
64	69	0.000002
64	78	0.000008
64	82	0.000002
64	782	0.000028
64	788	0.002094
64	799	0.000016
64	818	0.000206
64	822	0.000140
64	824	0.000002
64	825	0.000041
65	72	0.000003
65	81	0.000002
65	782	0.000099
65	788	0.000046
65	798	0.000016
65	799	0.000002
65	816	0.000031
65	821	0.000140
65	822	0.000003
65	824	0.000041
65	825	0.000034
66	71	0.000003
66	80	0.000002
66	782	0.000473
66	788	0.000010
66	796	0.000002
66	798	0.000002
66	805	0.000001
66	812	0.000003
66	816	0.000081
66	818	0.000001
66	820	0.000140
66	821	0.000003
66	824	0.000035
66	825	0.000001
67	782	0.000035
67	784	0.002233
67	788	0.000002
67	796	0.000014
67	806	0.000107
67	811	0.000002
67	817	0.000001
67	818	0.000004
67	820	0.000003
67	824	0.000001
68	74	0.000004
68	75	0.000001
68	771	0.000496
68	773	0.000005
68	774	0.979415
68	775	0.002120
68	776	0.001851
68	777	0.000057
68	779	0.000412
68	780	0.001952
68	781	0.000002
68	783	0.002343
68	785	0.000001
68	786	0.000011
68	787	0.000004
68	794	0.000002
68	795	0.000015
68	814	0.000002
68	815	0.000002
68	819	0.000002
69	74	0.000001
69	770	0.000499
69	772	0.000001
69	773	0.985602
69	774	0.001074
69	775	0.001815
69	776	0.000062
69	778	0.000435
69	779	0.001956
69	780	0.000002
69	783	0.000007
69	785	0.000010
69	786	0.000003
69	793	0.000002
69	794	0.000015
69	803	0.000001
69	804	0.000404
69	814	0.000002
70	769	0.000499
70	772	0.986708
70	777	0.000865
70	778	0.001594
70	781	0.002351
70	802	0.000007
70	803	0.003469
70	804	0.000029
70	813	0.000002
71	767	0.000001
71	768	0.000498
71	770	0.000001
71	771	0.987034
71	773	0.000002
71	774	0.002227
71	775	0.000068
71	776	0.001221
71	777	0.000978
71	780	0.002366
71	792	0.000017
71	801	0.000005
71	802	0.004700
71	803	0.000017
71	815	0.000143
72	766	0.000003
72	767	0.000474
72	768	0.000001
72	769	0.000002
72	770	0.986924
72	771	0.000002
72	772	0.000001
72	773	0.002235
72	774	0.000071
72	775	0.001216
72	776	0.000965
72	779	0.002365
72	791	0.000017
72	800	0.000001
72	801	0.004884
72	814	0.000146
73	77	0.000011
73	79	0.000467
73	769	0.965181
73	772	0.002155
73	777	0.000014
73	778	0.002235
73	789	0.000017
73	800	0.004888
73	813	0.000146
74	78	0.000624
74	80	0.000048
74	81	0.000002
74	764	0.000089
74	788	0.000017
74	799	0.004889
74	812	0.000146
75	80	0.000003
75	763	0.000045
75	764	0.000021
75	798	0.004811
75	811	0.000146
76	763	0.000012
76	764	0.004047
76	796	0.000003
76	798	0.000003
76	810	0.000146
77	763	0.005004
77	764	0.000144
77	784	0.000029
77	796	0.004337
77	798	0.000001
77	809	0.000145
77	827	0.000015
78	762	0.005106
78	765	0.006148
78	766	0.000124
78	767	0.000099
78	768	0.749515
78	769	0.002706
78	770	0.000635
78	771	0.000785
78	772	0.000008
78	773	0.000090
78	774	0.000015
78	775	0.000005
78	776	0.000002
78	777	0.000004
78	783	0.000034
78	794	0.000015
78	795	0.004446
78	797	0.000023
78	808	0.000140
78	826	0.000024
79	763	0.114569
79	764	0.002430
79	782	0.000034
79	796	0.000191
79	807	0.000130
79	825	0.000024
80	87	0.000001
80	760	0.000024
80	761	0.005705
80	762	0.118100
80	766	0.000096
80	767	0.865594
80	768	0.004303
80	769	0.000009
80	770	0.000002
80	771	0.000011
80	772	0.000001
80	776	0.000014
80	777	0.000004
80	781	0.000034
80	787	0.000002
80	793	0.001023
80	794	0.003639
80	795	0.000230
80	802	0.000027
81	86	0.000001
81	93	0.000001
81	101	0.000010
81	759	0.000024
81	760	0.005824
81	761	0.118008
81	762	0.000365
81	765	0.000083
81	766	0.867244
81	767	0.003297
81	768	0.000016
81	770	0.000008
81	771	0.000001
81	775	0.000014
81	776	0.000004
81	780	0.000034
81	786	0.000002
81	792	0.001028
81	793	0.003638
81	794	0.000230
81	801	0.000027
81	823	0.000024
82	93	0.000050
82	100	0.000011
82	758	0.000012
82	759	0.005933
82	760	0.117745
82	761	0.000373
82	765	0.868276
82	766	0.002285
82	767	0.000016
82	768	0.000002
82	769	0.000002
82	770	0.000001
82	774	0.000014
82	775	0.000004
82	779	0.000034
82	785	0.000002
82	789	0.000002
82	791	0.001027
82	792	0.003630
82	793	0.000229
82	800	0.000027
83	88	0.000001
83	91	0.000001
83	92	0.000050
83	99	0.000011
83	764	0.868709
83	788	0.000013
83	799	0.000027
83	821	0.000024
84	98	0.000011
84	757	0.000001
84	758	0.000245
84	759	0.089162
84	760	0.002952
84	761	0.003158
84	762	0.079912
84	765	0.001060
84	766	0.000009
84	773	0.000016
84	776	0.000001
84	777	0.000001
84	778	0.000017
84	783	0.000002
84	787	0.000013
84	789	0.000029
84	791	0.001644
84	792	0.000017
85	772	0.000014
85	777	0.000017
85	789	0.003872
85	797	0.000027
85	819	0.000024
86	95	0.000013
86	103	0.000001
86	764	0.001133
86	782	0.000002
86	788	0.003737
86	796	0.000027
86	818	0.000024
87	94	0.000013
87	102	0.000002
87	763	0.001277
87	784	0.000015
87	788	0.000974
87	817	0.000023
88	93	0.000014
88	101	0.000003
88	757	0.000010
88	758	0.979947
88	759	0.010501
88	760	0.000229
88	761	0.000058
88	762	0.000744
88	771	0.000017
88	774	0.000040
88	780	0.000002
88	783	0.000015
88	786	0.000461
88	787	0.004418
88	794	0.000012
88	795	0.000010
89	100	0.000003
89	756	0.000002
89	757	0.988797
89	758	0.005294
89	759	0.000157
89	760	0.000044
89	761	0.000570
89	770	0.000017
89	773	0.000040
89	779	0.000002
89	785	0.000461
89	786	0.004421
89	793	0.000012
89	794	0.000010
89	815	0.000007
90	756	0.994276
90	769	0.000017
90	772	0.000040
90	778	0.000002
90	781	0.000016
90	815	0.000016
91	98	0.000006
91	101	0.000019
91	124	0.000017
91	755	0.994621
91	758	0.000016
91	759	0.000155
91	760	0.000062
91	768	0.000016
91	771	0.000040
91	777	0.000001
91	780	0.000016
91	783	0.000001
91	785	0.000166
91	792	0.000006
91	793	0.000001
91	814	0.000023
92	97	0.000006
92	100	0.000020
92	123	0.000028
92	129	0.000002
92	629	0.000001
92	754	0.994493
92	757	0.000016
92	758	0.000153
92	759	0.000060
92	767	0.000015
92	770	0.000040
92	776	0.000001
92	779	0.000016
92	783	0.004881
92	791	0.000006
92	792	0.000001
92	813	0.000023
93	99	0.000056
93	120	0.000002
93	122	0.000032
93	125	0.011256
93	126	0.000026
93	128	0.000003
93	623	0.000002
93	628	0.000002
93	748	0.000031
93	753	0.981679
93	782	0.004883
93	812	0.000023
94	105	0.000003
94	112	0.000006
94	121	0.000065
94	124	0.041640
94	622	0.000007
94	627	0.000004
94	747	0.000145
94	752	0.191547
94	756	0.000106
94	769	0.000027
94	777	0.000015
94	781	0.004874
94	789	0.000001
94	802	0.000079
95	100	0.000130
95	101	0.000030
95	105	0.000078
95	107	0.010299
95	110	0.000007
95	111	0.000009
95	116	0.000032
95	117	0.000495
95	121	0.000115
95	123	0.045405
95	124	0.000026
95	129	0.000392
95	620	0.000002
95	622	0.000002
95	626	0.000005
95	671	0.000007
95	683	0.000173
95	693	0.000007
95	697	0.000005
95	702	0.000009
95	745	0.000674
95	746	0.000258
95	750	0.002798
95	752	0.000133
95	755	0.000109
95	757	0.000004
95	768	0.000027
95	773	0.000001
95	776	0.000015
95	779	0.000068
95	780	0.004775
95	801	0.000089
96	105	0.036551
96	121	0.139307
96	124	0.000516
96	622	0.000007
96	682	0.000173
96	690	0.000004
96	696	0.000006
96	701	0.000009
96	744	0.000791
96	745	0.000173
96	752	0.000354
96	756	0.000003
96	772	0.000001
96	777	0.000003
96	778	0.000116
96	800	0.000089
97	102	0.000006
97	103	0.000127
97	104	0.038402
97	114	0.000570
97	119	0.000943
97	120	0.159445
97	122	0.000104
97	125	0.000176
97	126	0.000908
97	128	0.000252
97	131	0.000049
97	132	0.000012
97	623	0.000042
97	625	0.000025
97	675	0.000008
97	680	0.000215
97	689	0.000003
97	691	0.000080
97	694	0.000003
97	699	0.000011
97	743	0.000875
97	748	0.000008
97	751	0.000634
97	753	0.000014
97	799	0.000089
98	102	0.000129
98	103	0.038392
98	104	0.000008
98	113	0.000561
98	114	0.000071
98	119	0.157999
98	120	0.000053
98	122	0.005208
98	125	0.000877
98	126	0.000019
98	128	0.001268
98	131	0.000022
98	623	0.000468
98	625	0.000013
98	675	0.000008
98	679	0.000215
98	687	0.000001
98	691	0.000497
98	694	0.000232
98	698	0.000011
98	743	0.000084
98	748	0.000073
98	751	0.004069
98	753	0.000006
98	798	0.000089
99	105	0.000004
99	112	0.000293
99	116	0.110592
99	117	0.020299
99	121	0.006538
99	123	0.000122
99	124	0.000325
99	129	0.043805
99	622	0.000218
99	626	0.000001
99	674	0.000001
99	678	0.000205
99	686	0.000001
99	690	0.000028
99	693	0.000230
99	697	0.000009
99	741	0.000947
99	742	0.000046
99	747	0.000032
99	750	0.003870
99	752	0.000003
99	774	0.000004
99	775	0.000017
99	776	0.000035
99	777	0.000002
99	778	0.000003
99	779	0.000006
99	797	0.000089
100	104	0.000004
100	113	0.000043
100	114	0.896991
100	119	0.000002
100	120	0.006812
100	122	0.000115
100	125	0.000002
100	126	0.003761
100	128	0.043896
100	625	0.000001
100	689	0.000001
100	691	0.000001
100	740	0.000987
100	796	0.000088
101	113	0.903133
101	114	0.000033
101	119	0.006766
101	120	0.000059
101	122	0.000003
101	125	0.003794
101	126	0.044592
101	128	0.000002
101	739	0.000986
101	788	0.000020
102	107	0.000021
102	110	0.000002
102	111	0.001797
102	112	0.901355
102	117	0.000164
102	121	0.000001
102	124	0.003306
102	129	0.000001
102	738	0.000984
102	775	0.000005
102	776	0.000006
102	777	0.000003
102	787	0.000032
102	793	0.000075
102	794	0.000008
103	110	0.001825
103	111	0.902808
103	112	0.000013
103	116	0.000162
103	117	0.006681
103	123	0.002822
103	124	0.044937
103	129	0.000004
103	774	0.000005
103	775	0.000006
103	776	0.000003
103	786	0.000032
103	792	0.000078
103	793	0.000006
104	110	0.901874
104	111	0.000016
104	116	0.006735
104	121	0.000001
104	123	0.045691
104	124	0.000001
104	129	0.000010
104	736	0.000984
104	773	0.000004
104	774	0.000006
104	775	0.000003
104	785	0.000032
104	791	0.000081
104	792	0.000003
105	109	0.731954
105	113	0.000002
105	114	0.000013
105	115	0.004524
105	122	0.045149
105	125	0.000047
105	126	0.000004
105	127	0.000005
105	128	0.000010
105	735	0.000984
105	784	0.000030
105	790	0.000083
106	112	0.000005
106	121	0.014305
106	124	0.000151
106	734	0.000983
106	752	0.000001
106	772	0.000001
106	789	0.000083
107	113	0.005334
107	114	0.001053
107	119	0.000003
107	120	0.004571
107	122	0.003547
107	125	0.001559
107	126	0.000009
107	128	0.000002
107	623	0.000038
107	691	0.000009
107	733	0.000976
107	751	0.000001
107	782	0.000029
107	788	0.000082
108	112	0.003532
108	121	0.001929
108	124	0.001411
108	622	0.000031
108	690	0.000002
108	732	0.000287
108	778	0.000007
108	781	0.000027
109	121	0.059130
109	732	0.000002
109	777	0.000007
109	778	0.000003
110	114	0.000007
110	119	0.000049
110	120	0.077661
110	122	0.000001
110	126	0.000079
110	128	0.000006
110	131	0.000002
110	132	0.001433
110	719	0.000001
110	731	0.000002
111	119	0.081407
111	120	0.000008
111	125	0.000079
111	126	0.000030
111	128	0.000014
111	131	0.002207
111	623	0.000001
111	691	0.000001
111	718	0.000001
111	730	0.000002
111	782	0.000003
112	118	0.081236
112	119	0.000012
112	125	0.000030
112	127	0.000015
112	130	0.004896
112	717	0.000001
112	729	0.000001
112	784	0.000001
113	117	0.078674
113	123	0.000075
113	124	0.000032
113	129	0.005434
113	716	0.000001
113	771	0.000041
113	774	0.000670
113	775	0.000007
113	776	0.000004
113	780	0.000009
113	786	0.000006
113	787	0.000001
114	123	0.000033
114	129	0.000086
114	715	0.000001
114	770	0.000043
114	771	0.000001
114	773	0.000725
114	774	0.000006
114	775	0.000003
114	779	0.000009
114	785	0.000006
114	786	0.000001
115	121	0.000389
115	124	0.000005
115	622	0.000006
115	769	0.000038
115	772	0.000754
115	778	0.000008
116	120	0.000442
116	122	0.000014
116	125	0.000041
116	126	0.712860
116	128	0.000056
116	623	0.000002
116	625	0.000002
116	680	0.000005
116	691	0.000002
117	122	0.000029
117	125	0.721735
117	126	0.000115
117	128	0.000005
117	131	0.000002
117	623	0.000072
117	628	0.000002
117	679	0.000005
117	691	0.000016
117	748	0.000002
117	782	0.000007
118	124	0.718230
118	622	0.000059
118	627	0.000003
118	690	0.000003
118	747	0.000002
118	769	0.003855
118	772	0.000019
118	777	0.000013
118	781	0.000007
119	123	0.687098
119	124	0.000030
119	129	0.000301
119	626	0.000002
119	629	0.000002
119	727	0.000001
119	746	0.000002
119	766	0.000002
119	767	0.000587
119	768	0.004318
119	769	0.000001
119	771	0.000021
119	776	0.000014
119	780	0.000007
119	786	0.000002
120	124	0.000003
120	129	0.000908
120	622	0.000001
120	629	0.000017
120	631	0.000008
120	676	0.000008
120	678	0.000006
120	693	0.000002
120	726	0.000001
120	745	0.000002
120	765	0.000002
120	766	0.000601
120	767	0.004302
120	768	0.000001
120	770	0.000021
120	775	0.000014
120	779	0.000007
120	785	0.000003
121	125	0.000001
121	126	0.000014
121	127	0.000294
121	128	0.000899
121	130	0.035700
121	624	0.000002
121	628	0.000016
121	630	0.000012
121	675	0.000009
121	677	0.000007
121	692	0.000001
121	725	0.000001
121	764	0.000002
121	784	0.000003
122	129	0.124876
122	626	0.000723
122	629	0.009727
122	631	0.000002
122	674	0.000314
122	676	0.000010
122	724	0.000001
122	750	0.000003
122	752	0.000001
122	765	0.005035
122	766	0.000011
122	773	0.000001
122	774	0.000010
122	783	0.000003
123	128	0.124570
123	131	0.000190
123	623	0.000012
123	625	0.000883
123	628	0.009615
123	630	0.000002
123	673	0.000348
123	675	0.000010
123	680	0.000016
123	691	0.000010
123	718	0.000002
123	751	0.000002
123	764	0.005057
123	782	0.000003
124	128	0.000023
124	130	0.000946
124	621	0.000031
124	623	0.000001
124	624	0.000891
124	625	0.000001
124	628	0.000278
124	630	0.000004
124	672	0.000346
124	679	0.000016
124	694	0.000001
124	717	0.000002
124	748	0.000005
124	763	0.005051
125	129	0.001136
125	620	0.000039
125	622	0.000002
125	626	0.000084
125	627	0.009495
125	629	0.001383
125	671	0.000326
125	678	0.000016
125	693	0.000003
125	707	0.000001
125	716	0.000002
125	742	0.000001
125	747	0.000012
125	750	0.000001
125	758	0.000212
125	759	0.000003
125	760	0.000001
125	761	0.000011
125	762	0.004874
125	771	0.000014
125	774	0.000007
125	780	0.000003
126	619	0.000039
126	622	0.000294
126	626	0.011240
126	629	0.000051
126	670	0.000082
126	715	0.000002
126	741	0.000001
126	746	0.000013
126	755	0.000002
126	757	0.000287
126	758	0.000003
126	759	0.000001
126	760	0.000022
126	761	0.004791
126	770	0.000014
126	773	0.000007
126	779	0.000003
127	622	0.000718
127	627	0.002450
127	690	0.000001
127	712	0.000002
127	745	0.000013
127	756	0.000389
127	769	0.000014
127	772	0.000007
127	778	0.000003
128	618	0.000039
128	620	0.000014
128	622	0.000228
128	626	0.002634
128	629	0.000329
128	674	0.000002
128	676	0.000051
128	690	0.000005
128	693	0.000011
128	704	0.000002
128	711	0.000003
128	741	0.000002
128	744	0.000013
128	750	0.000003
128	752	0.000005
128	754	0.000240
128	755	0.000263
128	757	0.000018
128	758	0.000027
128	759	0.000590
128	760	0.000427
128	768	0.000014
128	771	0.000007
128	777	0.000002
129	617	0.000039
129	623	0.479930
129	625	0.002581
129	628	0.000330
129	673	0.000002
129	675	0.000057
129	689	0.000005
129	691	0.000189
129	694	0.000004
129	703	0.000002
129	710	0.000003
129	740	0.000002
129	743	0.000013
129	751	0.000008
129	753	0.000368
130	616	0.000039
130	622	0.478576
130	627	0.000325
130	688	0.000003
130	690	0.000039
130	709	0.000002
130	752	0.000071
130	756	0.000008
130	769	0.000003
131	615	0.000039
131	619	0.000006
131	620	0.994598
131	622	0.000002
131	626	0.000080
131	755	0.000003
131	767	0.000006
131	768	0.000003
132	614	0.000039
132	618	0.000003
132	619	0.998431
132	620	0.000041
132	754	0.000001
132	766	0.000006
132	767	0.000002
133	613	0.000038
133	618	0.999911
133	619	0.000023
133	765	0.000007
133	766	0.000001
134	617	0.999890
134	764	0.000008
135	611	0.000003
135	615	0.000141
135	616	0.998292
135	762	0.000007
136	611	0.000001
136	614	0.000144
136	615	0.999784
136	761	0.000007
137	611	0.000032
137	613	0.000147
137	614	0.999794
137	760	0.000007
138	611	0.000191
138	613	0.999740
138	759	0.000007
139	609	0.000447
139	610	0.000257
139	612	0.998701
140	608	0.001973
140	611	0.995130
140	757	0.000006
141	756	0.000006
142	607	0.982147
142	608	0.014479
143	606	0.999947
143	609	0.000002
144	605	0.999509
145	604	0.999981
146	603	0.999991
147	602	0.999977
148	601	0.999511
149	600	0.999970
150	596	0.000003
150	598	0.000003
150	599	0.999028
151	595	0.000033
151	597	0.000003
151	598	0.998830
152	594	0.000038
152	596	0.000006
152	597	0.999911
153	593	0.000039
153	594	0.000008
153	596	0.997014
153	597	0.000012
154	592	0.000021
155	592	0.000016
156	592	0.000484
157	592	0.988912
158	591	0.999943
159	590	0.999976
160	589	0.999697
161	588	0.999932
162	583	0.000002
162	584	0.000087
162	585	0.000203
162	586	0.002045
162	587	0.997603
163	213	0.000002
163	214	0.000016
163	228	0.000008
163	582	0.000002
163	583	0.000108
163	584	0.000255
163	585	0.004081
163	586	0.995486
163	587	0.000011
164	170	0.000002
164	176	0.000002
164	212	0.000002
164	213	0.000212
164	214	0.000371
164	227	0.000021
164	239	0.000001
164	410	0.000081
164	413	0.000016
164	521	0.000004
164	524	0.000005
164	536	0.000015
164	581	0.000003
164	582	0.000129
164	583	0.000309
164	584	0.006106
164	585	0.992405
164	586	0.000022
165	169	0.000002
165	175	0.000004
165	212	0.000248
165	213	0.001962
165	214	0.000213
165	226	0.000025
165	238	0.000002
165	407	0.000003
165	409	0.000090
165	412	0.000016
165	520	0.000004
165	523	0.000006
165	527	0.000004
165	535	0.000020
165	536	0.000004
165	580	0.000004
165	581	0.000148
165	582	0.000363
165	583	0.008039
165	584	0.979597
165	585	0.000031
166	174	0.000005
166	211	0.000029
166	215	0.001216
166	216	0.000717
166	217	0.000274
166	219	0.000001
166	225	0.000046
166	237	0.000013
166	408	0.000422
166	411	0.000016
166	519	0.000003
166	522	0.000006
166	526	0.000004
166	534	0.000018
166	537	0.000014
166	576	0.000001
167	175	0.000625
167	209	0.000002
167	212	0.210471
167	213	0.331882
167	214	0.001608
167	224	0.000053
167	235	0.000027
167	236	0.000012
167	238	0.000005
167	239	0.000004
167	407	0.000517
167	409	0.000003
167	410	0.000014
167	521	0.000005
167	527	0.000003
167	535	0.000071
167	536	0.000085
167	575	0.000001
167	578	0.000662
167	579	0.000177
167	580	0.000749
167	581	0.004952
167	582	0.092540
167	583	0.107025
167	584	0.000015
168	174	0.000635
168	208	0.000001
168	211	0.005298
168	215	0.000269
168	216	0.000208
168	217	0.000071
168	223	0.000052
168	234	0.000044
168	237	0.000005
168	406	0.000109
168	408	0.000006
168	526	0.000002
168	534	0.000045
168	543	0.000002
168	574	0.000001
168	577	0.000026
169	173	0.000627
169	210	0.002700
169	211	0.976349
169	215	0.000084
169	222	0.000021
169	233	0.000046
169	405	0.000015
169	529	0.000006
169	533	0.000002
169	542	0.000003
169	576	0.000017
169	577	0.005385
170	210	0.990506
170	211	0.000009
170	231	0.000047
170	404	0.000014
170	528	0.000006
170	541	0.000002
170	576	0.005409
171	175	0.000001
171	209	0.993229
171	212	0.000016
171	230	0.000047
171	527	0.000006
171	575	0.005398
171	578	0.000009
171	581	0.000001
171	582	0.000003
171	583	0.000001
172	205	0.000003
172	206	0.000015
172	207	0.000500
172	208	0.982724
172	210	0.000003
172	211	0.000015
172	229	0.000047
172	402	0.000003
172	526	0.000006
172	574	0.005037
172	576	0.000002
172	577	0.000008
173	209	0.000008
173	228	0.000046
173	401	0.000003
173	573	0.001573
173	575	0.000003
173	581	0.000006
174	580	0.000005
175	204	0.002913
175	206	0.241084
175	571	0.000003
176	203	0.002195
176	204	0.994775
176	206	0.000006
177	202	0.001468
177	203	0.997766
177	204	0.000019
178	201	0.000740
178	202	0.998508
178	203	0.000013
179	199	0.000001
179	201	0.999230
179	202	0.000007
180	200	0.999463
181	198	0.000001
181	199	0.998119
182	198	0.998841
183	197	0.999964
184	196	0.999509
185	193	0.000002
185	195	0.999972
186	192	0.000006
186	194	0.999917
187	191	0.000024
187	193	0.991644
187	195	0.000007
188	192	0.980165
188	194	0.000008
189	193	0.000009
204	419	0.000004
205	214	0.000190
205	418	0.000005
205	540	0.000002
206	212	0.000005
206	213	0.000199
206	221	0.000006
206	227	0.000005
206	417	0.000003
206	419	0.000006
206	539	0.000002
206	581	0.000006
207	214	0.000001
207	220	0.000006
207	226	0.000005
207	418	0.000005
207	580	0.000005
208	232	0.000002
208	415	0.000062
208	417	0.000002
208	549	0.000023
208	579	0.000002
209	215	0.000005
209	218	0.000007
209	222	0.000026
209	231	0.000002
209	414	0.000067
209	416	0.000001
209	537	0.000149
209	541	0.005516
209	542	0.000007
209	548	0.000025
210	214	0.000002
210	221	0.000027
210	230	0.000002
210	241	0.000002
210	242	0.000011
210	413	0.000069
210	536	0.000185
210	540	0.005606
210	547	0.000025
210	579	0.000009
210	582	0.000006
210	583	0.000008
211	220	0.000024
211	232	0.000002
211	239	0.000002
211	240	0.000004
211	241	0.000012
211	407	0.000040
211	412	0.000069
211	425	0.000014
211	535	0.000185
211	536	0.000002
211	539	0.005676
211	546	0.000025
211	578	0.000032
211	581	0.000007
211	582	0.000009
212	218	0.000024
212	222	0.000003
212	231	0.000005
212	233	0.000012
212	405	0.000007
212	406	0.000041
212	411	0.000068
212	424	0.000016
212	515	0.000002
212	529	0.000003
212	530	0.000012
212	537	0.000017
212	538	0.005698
212	542	0.000003
212	545	0.000025
212	577	0.000036
213	218	0.000054
213	222	0.000048
213	231	0.000005
213	233	0.000012
213	404	0.000008
213	405	0.000028
213	423	0.000016
213	428	0.000019
213	431	0.000002
213	514	0.000008
213	528	0.000003
213	529	0.000014
213	533	0.000001
213	537	0.005731
213	538	0.000017
213	541	0.000003
213	544	0.000025
213	576	0.000036
214	218	0.000002
214	219	0.000016
214	222	0.000353
214	223	0.000008
214	225	0.000103
214	229	0.000022
214	231	0.000046
214	237	0.000754
214	403	0.000008
214	404	0.000013
214	408	0.000640
214	426	0.000009
214	427	0.000019
214	430	0.000001
214	513	0.000008
214	525	0.000008
214	528	0.000014
214	534	0.000005
214	537	0.000078
214	543	0.000024
214	576	0.000001
215	221	0.000696
215	224	0.000128
215	227	0.000066
215	228	0.000025
215	230	0.000073
215	236	0.000806
215	238	0.000194
215	239	0.658658
215	240	0.000083
215	407	0.000771
215	410	0.000015
215	419	0.000001
215	425	0.000011
215	512	0.000008
215	524	0.000009
215	527	0.000013
215	535	0.000498
215	536	0.000498
215	575	0.000002
215	580	0.000008
215	581	0.001464
215	582	0.000069
215	583	0.000057
216	220	0.000527
216	226	0.000062
216	235	0.000703
216	238	0.645123
216	409	0.000013
216	418	0.000001
216	511	0.000008
216	523	0.000008
216	579	0.000005
216	580	0.001405
217	226	0.000008
217	232	0.000001
217	235	0.000009
217	238	0.002867
217	417	0.000001
217	510	0.000006
217	540	0.000008
217	579	0.000726
217	580	0.000009
218	224	0.000059
218	227	0.000748
218	228	0.000002
218	230	0.000001
218	232	0.000002
218	235	0.000004
218	236	0.987368
218	238	0.000003
218	239	0.004701
218	422	0.000004
218	536	0.000001
218	539	0.000008
218	578	0.000334
218	581	0.000004
219	226	0.000730
219	232	0.000219
219	235	0.989999
219	238	0.004715
219	422	0.000056
219	580	0.000003
220	225	0.000593
220	231	0.000063
220	233	0.000007
220	234	0.990265
220	237	0.004577
220	421	0.000064
220	429	0.000001
220	538	0.000004
220	577	0.000185
221	231	0.000655
221	233	0.987375
221	420	0.000064
221	428	0.000001
221	537	0.000017
221	576	0.000188
222	226	0.000004
222	227	0.000323
222	228	0.000474
222	230	0.001195
222	232	0.369195
222	235	0.000044
222	236	0.005026
222	239	0.000036
222	418	0.000001
222	419	0.000065
222	425	0.000003
222	535	0.000014
222	536	0.000019
222	575	0.000177
222	581	0.000002
223	232	0.577087
223	235	0.004972
223	238	0.000035
223	417	0.000008
223	418	0.000056
223	580	0.000002
224	231	0.881033
224	233	0.005670
224	416	0.000014
224	423	0.000013
224	533	0.000098
225	232	0.006013
225	235	0.000114
225	415	0.000014
225	417	0.000004
225	422	0.000014
225	532	0.000099
226	231	0.005441
226	234	0.000189
226	414	0.000010
226	421	0.000014
226	441	0.000030
226	531	0.000099
226	543	0.000012
227	231	0.000358
227	233	0.000193
227	414	0.000003
227	416	0.000001
227	420	0.000014
227	440	0.000019
227	530	0.000099
227	542	0.000013
228	233	0.000019
228	416	0.000105
228	440	0.001956
228	529	0.000099
228	541	0.000013
229	415	0.000115
229	439	0.001985
229	540	0.000010
230	414	0.000117
230	438	0.001985
230	528	0.000094
230	537	0.000002
231	236	0.000020
231	238	0.000002
231	239	0.000005
231	409	0.000004
231	412	0.000076
231	413	0.000061
231	436	0.001003
231	437	0.000997
231	527	0.000095
231	536	0.000002
231	539	0.000002
232	237	0.000002
232	408	0.000006
232	411	0.000132
232	435	0.001992
232	525	0.000036
232	526	0.000061
232	537	0.000003
232	538	0.000002
233	239	0.000028
233	407	0.000007
233	410	0.000148
233	412	0.000003
233	434	0.002003
233	524	0.000068
233	535	0.000001
233	536	0.000004
233	581	0.000001
234	238	0.000022
234	409	0.000146
234	433	0.002002
234	523	0.000066
234	580	0.000001
235	408	0.000126
235	432	0.002002
235	522	0.000057
235	534	0.000003
236	431	0.001996
236	533	0.000004
237	409	0.017125
237	532	0.000004
237	580	0.000003
238	406	0.000010
238	408	0.031153
238	429	0.001323
238	430	0.000005
238	531	0.000003
238	534	0.000001
239	405	0.000015
239	406	0.003271
239	428	0.001353
239	530	0.000003
239	533	0.000001
239	537	0.000013
240	404	0.000015
240	405	0.002990
240	406	0.973967
240	529	0.000003
240	537	0.000001
241	402	0.000001
241	404	0.002464
241	405	0.992556
241	406	0.003130
241	528	0.000003
242	402	0.000050
242	404	0.993974
242	405	0.003187
242	406	0.000009
243	400	0.000001
243	402	0.000023
243	403	0.986044
243	404	0.003026
243	405	0.000009
245	402	0.898538
246	399	0.000015
246	401	0.898547
247	399	0.991399
248	398	0.999931
248	399	0.000020
249	397	0.999976
249	398	0.000014
250	396	0.999984
250	397	0.000007
251	395	0.999991
252	394	0.999977
253	393	0.999484
254	392	0.999545
255	385	0.000001
255	390	0.000016
255	391	0.139503
256	390	0.126732
256	391	0.860113
257	381	0.000002
257	390	0.870981
257	391	0.000005
258	380	0.000001
258	383	0.003693
258	384	0.115881
258	386	0.003915
258	387	0.015209
258	388	0.003286
258	389	0.840129
259	383	0.256803
259	384	0.001320
259	386	0.021439
259	387	0.005103
259	388	0.668693
259	389	0.000330
260	381	0.996116
261	380	0.999846
261	383	0.000003
261	384	0.000002
261	386	0.000065
262	379	0.999481
262	384	0.000002
263	378	0.999479
263	382	0.000003
264	377	0.999893
264	381	0.000003
265	376	0.987407
266	374	0.146818
266	376	0.000045
266	380	0.000007
267	376	0.000040
267	379	0.000006
268	371	0.925032
268	372	0.010413
268	373	0.005395
268	375	0.000051
268	378	0.000002
269	369	0.000109
269	370	0.999503
269	374	0.000014
270	368	0.000118
270	369	0.999800
270	370	0.000069
271	367	0.000125
271	368	0.999797
271	369	0.000064
272	367	0.999594
272	368	0.000058
273	363	0.000002
273	365	0.998903
274	362	0.000001
274	364	0.996494
275	364	0.000172
276	362	0.995677
276	364	0.000003
277	358	0.000002
277	360	0.000001
277	361	0.998089
277	363	0.000003
278	357	0.000003
278	360	0.998404
278	361	0.000234
278	363	0.000008
279	356	0.000003
279	359	0.976086
279	362	0.000007
280	288	0.000001
280	355	0.000002
281	287	0.000001
281	356	0.001401
281	359	0.011295
282	355	0.001129
283	355	0.000009
284	355	0.000012
284	356	0.997678
285	352	0.000168
285	355	0.998207
286	351	0.000153
286	353	0.000004
286	354	0.999081
287	350	0.000130
287	351	0.000010
287	353	0.998194
288	350	0.000010
288	351	0.000683
288	353	0.000013
289	350	0.000102
289	351	0.721085
289	354	0.000006
290	350	0.993170
290	351	0.000648
290	353	0.000007
291	349	0.970807
291	352	0.000007
292	349	0.004125
293	347	0.992218
293	348	0.004892
293	349	0.000674
294	346	0.996190
294	347	0.002477
294	348	0.000994
294	349	0.000003
295	345	0.997996
296	344	0.998184
296	346	0.000026
296	347	0.001300
296	348	0.000003
297	302	0.000001
297	304	0.000001
297	341	0.000020
297	344	0.000078
297	346	0.001508
297	347	0.000002
298	340	0.000020
298	342	0.989079
298	343	0.000073
298	345	0.001532
299	339	0.000020
299	341	0.997923
299	344	0.001533
299	346	0.000004
300	340	0.996338
300	343	0.001344
300	345	0.000003
301	339	0.973406
302	306	0.000001
302	342	0.000140
302	343	0.000213
303	342	0.000222
303	343	0.000176
304	342	0.000185
304	343	0.000065
305	342	0.000067
306	338	0.997937
306	339	0.000016
306	341	0.000040
307	337	0.999440
307	340	0.000022
308	336	0.999973
308	339	0.000002
309	335	0.999958
309	338	0.000002
310	334	0.983005
312	331	0.000001
312	332	0.994313
312	333	0.000931
313	331	0.999385
314	330	0.999490
315	329	0.999963
316	328	0.999575
317	326	0.000011
317	327	0.999915
318	326	0.998639
318	327	0.000036
318	329	0.000002
319	328	0.000005
320	326	0.000214
320	327	0.000008
321	325	0.000664
321	326	0.000010
381	386	0.000159
381	387	0.000006
381	388	0.000021
381	389	0.000068
382	387	0.000208
382	388	0.000133
383	390	0.000010
383	391	0.000001
384	390	0.000001
386	390	0.000005
386	391	0.000002
403	415	0.000001
404	536	0.000051
404	582	0.000002
404	583	0.000032
405	413	0.000004
405	535	0.000052
405	536	0.000974
405	540	0.000002
405	581	0.000002
405	582	0.000033
405	583	0.000002
406	410	0.000001
406	412	0.000005
406	417	0.000001
406	535	0.001279
406	536	0.001249
406	539	0.000047
406	580	0.000001
406	581	0.000033
406	582	0.000003
406	583	0.000001
407	411	0.000006
407	414	0.000002
407	416	0.000004
407	423	0.000047
407	428	0.000030
407	431	0.000022
407	533	0.000705
407	537	0.006490
407	538	0.000078
407	541	0.000004
408	415	0.000005
408	422	0.000048
408	433	0.000003
408	532	0.000679
408	540	0.000004
408	579	0.000002
408	580	0.000012
409	414	0.000004
409	421	0.000048
409	426	0.000052
409	427	0.000107
409	429	0.000117
409	432	0.000006
409	441	0.000004
409	531	0.000629
409	533	0.000002
409	534	0.813415
409	537	0.000005
410	420	0.000048
410	428	0.000132
410	431	0.000007
410	440	0.000005
410	530	0.000621
410	531	0.000044
410	533	0.989333
410	537	0.000009
411	419	0.000045
411	425	0.005707
411	439	0.000005
411	532	0.992222
411	536	0.000007
411	578	0.000002
412	416	0.000001
412	424	0.005720
412	438	0.000005
412	528	0.000007
412	529	0.000672
412	530	0.000029
412	531	0.993231
412	577	0.000002
413	423	0.005719
413	528	0.000673
413	529	0.000047
413	530	0.993116
413	576	0.000002
414	419	0.000002
414	422	0.005691
414	436	0.000005
414	527	0.000634
414	575	0.000002
415	421	0.005663
415	435	0.000005
415	525	0.000003
415	526	0.000559
415	528	0.984299
415	529	0.000018
415	574	0.000002
416	425	0.000001
416	434	0.000005
416	524	0.000002
416	527	0.993190
417	424	0.000001
417	430	0.000003
417	525	0.000064
417	526	0.989900
418	429	0.000005
418	432	0.000004
418	525	0.963681
418	526	0.001078
419	428	0.000005
419	431	0.000004
420	523	0.000055
420	524	0.993067
421	523	0.993475
422	522	0.993318
423	520	0.000009
423	521	0.994057
424	520	0.992068
424	521	0.000006
425	431	0.007683
425	518	0.000601
426	433	0.000042
426	517	0.000265
427	433	0.000133
427	517	0.000006
427	523	0.000001
428	433	0.000016
428	434	0.000092
428	520	0.000083
428	521	0.000004
428	524	0.002658
428	527	0.000012
428	581	0.000010
429	433	0.000083
429	523	0.002583
429	580	0.000010
430	523	0.000010
430	579	0.000009
431	520	0.001075
431	521	0.002569
431	524	0.000171
431	578	0.000007
432	523	0.000170
433	441	0.000001
433	518	0.000002
433	519	0.983309
433	522	0.000036
433	534	0.000001
433	577	0.000001
434	440	0.000002
434	516	0.000001
434	518	0.997184
434	533	0.000001
434	576	0.000001
435	439	0.000001
435	517	0.997263
435	532	0.000001
436	445	0.000002
436	515	0.000019
436	516	0.997933
436	529	0.000003
436	531	0.000001
436	542	0.000006
436	577	0.000004
437	444	0.000002
437	514	0.000034
437	515	0.997587
437	528	0.000004
437	530	0.000001
437	541	0.000007
437	576	0.000004
438	443	0.000002
438	527	0.000004
438	540	0.000006
438	575	0.000004
439	513	0.995018
439	514	0.000005
439	525	0.000001
439	526	0.000003
439	528	0.000001
439	574	0.000004
440	511	0.000069
440	512	0.997766
440	524	0.000002
440	527	0.000001
440	539	0.000012
441	510	0.002208
441	511	0.963918
441	523	0.000002
441	540	0.000017
442	509	0.002217
442	537	0.000002
442	538	0.001043
443	509	0.985164
443	537	0.001869
444	507	0.000004
444	508	0.996098
444	521	0.000009
444	536	0.002005
445	453	0.000001
445	507	0.997952
445	520	0.000009
445	535	0.002005
446	452	0.000001
446	506	0.997909
446	518	0.000011
446	533	0.002006
447	505	0.977906
447	517	0.000011
447	532	0.002006
448	502	0.000018
448	516	0.000011
448	531	0.002007
449	502	0.000269
449	515	0.000011
449	530	0.002007
450	499	0.000013
450	502	0.995355
450	514	0.000011
450	529	0.002007
451	498	0.000013
451	501	0.997323
451	513	0.000011
451	528	0.002004
452	497	0.000014
452	500	0.997911
452	512	0.000011
452	527	0.002004
453	496	0.000014
453	498	0.001962
453	499	0.992311
453	501	0.000005
453	522	0.000002
453	525	0.000121
453	526	0.001661
454	497	0.003928
454	500	0.000006
454	521	0.000003
454	524	0.000239
455	497	0.913660
455	520	0.000003
455	523	0.000098
455	524	0.001394
456	523	0.001237
457	523	0.000003
458	495	0.987368
459	493	0.000014
459	494	0.999869
459	521	0.000010
460	492	0.000015
460	493	0.999948
460	494	0.000012
460	520	0.000010
460	521	0.000002
461	491	0.000013
461	492	0.999815
461	493	0.000012
461	520	0.000002
462	491	0.956909
463	487	0.000002
463	491	0.005332
463	517	0.000008
464	485	0.000001
464	516	0.000007
465	487	0.000003
465	491	0.000208
466	484	0.000008
466	487	0.000018
466	491	0.000067
467	483	0.000009
467	487	0.000051
467	488	0.995344
468	487	0.998875
469	478	0.000001
469	482	0.000004
469	485	0.000001
469	486	0.999415
470	477	0.000002
470	481	0.000004
470	485	0.999849
471	484	0.984542
471	487	0.000006
472	477	0.000002
472	478	0.000226
472	479	0.000012
472	481	0.000059
472	482	0.871334
472	486	0.000012
473	477	0.000224
473	479	0.000335
473	481	0.901310
473	482	0.090300
473	485	0.000013
474	480	0.887688
474	483	0.002138
474	484	0.000018
475	484	0.000002
476	481	0.001652
476	482	0.001617
477	483	0.000051
478	484	0.000004
479	483	0.000008
479	507	0.000001
480	506	0.000001
481	504	0.000001
482	503	0.000001
483	502	0.000001
484	501	0.000001
485	500	0.000001
490	517	0.000002
491	516	0.000002
492	515	0.000007
492	516	0.000002
493	514	0.000007
493	515	0.000004
494	514	0.000004
495	511	0.000031
495	512	0.000011
495	524	0.000064
496	510	0.000138
496	511	0.000006
496	523	0.000072
497	509	0.000156
498	508	0.000156
498	520	0.000004
498	521	0.001840
499	507	0.000157
499	510	0.000001
499	520	0.001843
500	506	0.000157
500	509	0.000002
500	518	0.001831
501	505	0.000103
501	508	0.000002
501	517	0.001826
502	507	0.000002
502	517	0.000029
503	515	0.001831
503	516	0.000030
504	514	0.001832
504	515	0.000029
505	513	0.001830
505	514	0.000028
506	512	0.001804
511	519	0.000002
512	518	0.000002
513	517	0.000001
514	521	0.000125
515	520	0.000125
515	521	0.000003
515	536	0.000007
516	520	0.000003
516	535	0.000009
517	534	0.000008
519	532	0.000014
520	529	0.000141
520	530	0.000002
520	531	0.000015
520	542	0.000001
521	528	0.000145
521	529	0.000002
521	530	0.000015
521	533	0.000031
521	541	0.000001
522	532	0.000032
522	540	0.000001
523	531	0.000032
524	530	0.000032
524	533	0.000001
527	537	0.000805
528	536	0.000918
528	582	0.000004
528	583	0.001091
528	584	0.000319
528	585	0.000808
528	586	0.000015
529	535	0.000916
529	536	0.000167
529	581	0.000004
529	582	0.001096
529	583	0.000420
529	584	0.001003
529	585	0.000018
530	535	0.000170
530	536	0.000013
530	580	0.000004
530	581	0.001094
530	582	0.000421
530	583	0.001224
530	584	0.000020
531	535	0.000013
531	536	0.000001
531	580	0.001061
531	581	0.000414
531	582	0.001227
531	583	0.000023
533	578	0.000003
533	579	0.000017
533	580	0.000060
533	581	0.002155
533	582	0.000038
533	583	0.000079
534	579	0.000042
534	580	0.002461
535	541	0.000001
535	542	0.000374
535	577	0.000032
536	541	0.000377
536	542	0.000012
536	576	0.000032
537	573	0.000008
537	575	0.000027
537	578	0.000511
537	579	0.855131
537	580	0.001820
537	581	0.001560
537	582	0.001391
537	583	0.000622
537	584	0.000015
538	572	0.000008
538	578	0.990081
538	579	0.000051
538	580	0.000033
538	581	0.000677
538	582	0.000292
538	583	0.000017
539	571	0.000008
539	576	0.000020
539	577	0.992772
540	570	0.000008
540	574	0.000005
540	576	0.990678
540	577	0.000051
541	569	0.000008
541	573	0.000004
541	575	0.988699
541	578	0.000028
541	579	0.000006
541	581	0.000002
541	582	0.000615
541	583	0.000003
542	572	0.000004
542	573	0.000090
542	575	0.002392
542	578	0.000006
542	580	0.000002
542	581	0.000629
542	582	0.000001
543	579	0.000002
543	580	0.000629
544	566	0.000006
544	572	0.000123
544	573	0.995823
544	579	0.000594
545	565	0.000005
545	569	0.000003
545	572	0.999222
545	578	0.000595
546	564	0.000004
546	571	0.999347
546	577	0.000595
547	567	0.000181
547	568	0.000003
547	570	0.998674
547	576	0.000593
548	566	0.000363
548	569	0.998614
548	575	0.000592
549	567	0.045692
549	568	0.837270
549	574	0.000582
550	565	0.948002
550	566	0.045970
550	572	0.000005
550	573	0.000131
551	564	0.999325
551	571	0.000010
552	563	0.999460
552	565	0.000170
552	566	0.000010
553	562	0.999194
554	560	0.000010
554	561	0.998749
554	563	0.000470
555	559	0.000509
555	560	0.873516
555	562	0.000481
556	560	0.000117
556	561	0.000492
556	566	0.000004
557	561	0.000002
557	565	0.000004
564	572	0.000003
565	571	0.000004
566	571	0.000002
576	581	0.000007
576	582	0.000167
576	583	0.000327
576	584	0.000003
577	581	0.000163
577	582	0.000320
577	583	0.000005
609	619	0.000008
610	618	0.000008
611	617	0.000008
612	616	0.000005
619	623	0.000007
619	680	0.000526
620	625	0.000006
620	679	0.000531
620	680	0.000002
620	691	0.000002
620	710	0.000003
621	709	0.000003
621	752	0.000007
622	675	0.000018
622	677	0.000857
622	691	0.000003
622	692	0.000003
622	694	0.000002
622	708	0.000003
622	751	0.000009
623	629	0.000006
623	671	0.000001
623	674	0.000025
623	676	0.001325
623	678	0.000001
623	683	0.000001
623	693	0.000007
623	707	0.000003
623	750	0.000011
623	757	0.000021
624	682	0.000001
624	690	0.000002
624	752	0.000001
624	756	0.000021
625	629	0.000002
625	671	0.000001
625	674	0.880662
625	755	0.000017
626	673	0.982927
626	753	0.000001
627	672	0.984716
627	673	0.000010
627	675	0.000004
628	670	0.000003
628	671	0.985824
628	674	0.000159
629	669	0.000004
629	673	0.000175
630	668	0.000002
630	670	0.999569
630	671	0.000056
631	667	0.000002
631	669	0.999963
632	668	0.999580
633	667	0.999953
634	666	0.999508
635	664	0.000002
635	665	0.999963
636	664	0.996561
636	665	0.000003
638	661	0.000002
638	662	0.972159
638	664	0.000003
640	661	0.999345
640	662	0.000094
641	660	0.999956
642	659	0.999957
643	658	0.999990
644	657	0.999985
645	656	0.999500
646	655	0.999191
647	653	0.000037
647	654	0.999889
648	653	0.990948
648	654	0.000013
671	691	0.000007
671	694	0.000187
672	690	0.000002
673	693	0.000255
674	691	0.116296
674	694	0.000004
675	688	0.000001
675	690	0.943705
675	693	0.000049
675	711	0.000028
675	754	0.000006
676	689	0.996432
676	691	0.001443
676	710	0.000030
676	753	0.000006
677	688	0.996928
677	690	0.001446
677	709	0.000030
677	752	0.000006
678	687	0.997477
678	689	0.001440
678	691	0.000021
678	694	0.000002
678	699	0.000001
678	708	0.000030
678	751	0.000006
679	683	0.000003
679	686	0.994053
679	688	0.001355
679	690	0.000021
679	693	0.000002
679	707	0.000029
679	750	0.000006
680	686	0.000211
680	693	0.000001
680	697	0.000005
680	702	0.000024
680	712	0.000019
681	688	0.000023
681	690	0.000001
681	696	0.000005
681	701	0.000024
681	711	0.000026
681	712	0.000021
682	687	0.000021
682	689	0.000001
682	692	0.000018
682	695	0.000006
682	700	0.000024
682	710	0.000017
682	713	0.000001
683	689	0.000003
683	691	0.000032
683	694	0.000006
683	699	0.000024
683	710	0.000088
684	688	0.000002
684	690	0.000028
684	709	0.000046
684	711	0.000002
684	712	0.000071
684	745	0.000002
685	696	0.000003
685	709	0.000486
685	711	0.000084
685	744	0.000002
685	752	0.000001
686	691	0.000010
686	694	0.000032
686	698	0.000003
686	708	0.000558
686	710	0.000086
686	743	0.000002
686	751	0.000001
687	693	0.000033
687	696	0.000001
687	697	0.000003
687	707	0.000559
687	709	0.000077
687	742	0.000002
687	750	0.000001
688	692	0.000027
688	695	0.000002
688	700	0.000001
688	705	0.000261
688	706	0.000309
688	708	0.000076
689	693	0.000001
689	696	0.000001
689	704	0.000515
689	707	0.000087
689	754	0.000004
689	755	0.000006
690	695	0.000009
690	698	0.000002
690	703	0.000516
690	705	0.000089
690	706	0.000078
690	713	0.000007
690	751	0.000008
690	753	0.000008
691	696	0.000001
691	697	0.000027
691	702	0.000525
691	704	0.000215
691	707	0.000003
691	712	0.000094
691	750	0.000139
691	752	0.001205
691	754	0.000456
691	755	0.000043
691	756	0.000001
691	757	0.000013
691	758	0.000003
691	759	0.000001
692	696	0.000022
692	701	0.000516
692	709	0.000021
692	711	0.000105
692	747	0.000003
692	752	0.760617
692	756	0.000008
693	698	0.000008
693	699	0.000356
693	703	0.000424
693	708	0.000023
693	710	0.000106
693	748	0.000008
693	751	0.968913
693	753	0.000009
694	702	0.000435
694	707	0.000022
694	709	0.000067
694	712	0.000010
694	746	0.000122
694	747	0.000001
694	750	0.975354
694	752	0.000015
695	701	0.000424
695	709	0.000007
695	711	0.000011
695	744	0.000001
695	745	0.000117
695	752	0.000020
696	700	0.000334
696	705	0.000008
696	706	0.000002
696	710	0.000010
696	748	0.000022
696	749	0.988393
696	751	0.000007
697	703	0.000012
697	708	0.000118
697	743	0.000127
697	748	0.998165
697	751	0.000001
698	702	0.000011
698	704	0.000008
698	707	0.000121
698	742	0.000129
698	746	0.001323
698	747	0.995805
698	750	0.000001
699	704	0.000005
699	741	0.000127
699	745	0.001374
699	746	0.997188
700	711	0.000001
700	744	0.004843
700	745	0.944040
701	740	0.000129
701	743	0.006688
702	708	0.000001
702	739	0.000129
702	740	0.000003
702	743	0.946015
703	707	0.000001
703	711	0.000007
703	738	0.000128
703	741	0.085148
703	742	0.881521
703	744	0.007525
704	710	0.000012
704	737	0.000113
704	739	0.000016
704	740	0.146783
704	743	0.007949
705	709	0.000008
706	734	0.000001
706	744	0.000001
707	733	0.000001
707	737	0.037859
707	739	0.953592
707	740	0.000422
708	736	0.037936
708	738	0.960903
709	735	0.037248
709	737	0.960193
709	739	0.000002
710	734	0.014691
710	736	0.960492
710	738	0.000002
711	733	0.004166
711	735	0.920463
711	737	0.000002
712	733	0.909030
712	735	0.000080
713	732	0.995927
713	734	0.000066
714	730	0.000001
714	731	0.999932
714	733	0.000021
715	729	0.000001
715	730	0.999979
715	731	0.000004
716	729	0.999964
716	730	0.000002
717	727	0.003329
717	728	0.994671
718	723	0.000022
718	724	0.001144
718	726	0.006677
718	727	0.989318
718	728	0.000004
719	723	0.001125
719	724	0.001314
719	726	0.980462
719	727	0.000013
719	728	0.000007
720	727	0.000017
721	727	0.000003
721	732	0.000001
722	731	0.000001
723	730	0.000001
724	729	0.000001
739	755	0.000046
740	752	0.000001
740	754	0.000053
741	753	0.000053
742	748	0.000002
742	751	0.000138
743	750	0.000142
744	749	0.000122
746	751	0.000001
753	757	0.000010
753	758	0.000022
753	759	0.000016
753	760	0.000024
753	765	0.000006
754	764	0.000005
755	764	0.000002
756	763	0.000002
764	768	0.000001
764	823	0.000004
764	826	0.000004
765	822	0.000004
765	825	0.000004
766	821	0.000004
766	824	0.000004
767	820	0.000004
767	822	0.000004
768	818	0.000003
768	821	0.000004
769	817	0.000003
769	820	0.000003
770	816	0.000003
770	825	0.000002
771	818	0.000004
771	824	0.000002
772	817	0.000004
773	816	0.000004
773	822	0.000002
774	821	0.000002
775	782	0.000115
775	788	0.000020
775	799	0.000002
775	805	0.000002
775	820	0.000002
775	825	0.000019
776	782	0.000584
776	788	0.000037
776	798	0.000002
776	805	0.000013
776	812	0.000006
776	818	0.000001
776	824	0.000019
776	825	0.000006
777	782	0.000044
777	784	0.000016
777	788	0.000002
777	790	0.000011
777	805	0.000003
777	806	0.000027
777	807	0.001181
777	809	0.000001
777	810	0.000002
777	811	0.000006
777	817	0.000001
777	818	0.000001
777	824	0.000006
778	782	0.000007
778	784	0.000010
778	788	0.000002
778	790	0.000013
778	805	0.000027
778	806	0.001598
778	807	0.000002
778	809	0.000001
778	810	0.000004
778	817	0.000002
778	822	0.000002
778	827	0.000002
779	788	0.000093
779	799	0.000002
779	805	0.001629
779	816	0.000002
779	821	0.000003
779	822	0.000015
779	825	0.000015
780	788	0.000122
780	798	0.000002
780	799	0.000005
780	805	0.000061
780	820	0.000003
780	821	0.000016
780	824	0.000016
780	825	0.000056
781	788	0.000212
781	790	0.016634
781	798	0.000005
781	805	0.000002
781	806	0.000001
781	807	0.000001
781	820	0.000015
781	824	0.000058
781	827	0.001482
782	786	0.000051
782	787	0.000460
782	789	0.021599
782	791	0.000090
782	792	0.000009
782	793	0.000005
782	797	0.000006
782	800	0.000003
782	801	0.000704
782	802	0.000232
782	803	0.000013
782	804	0.000004
782	813	0.000001
782	819	0.000016
782	823	0.000065
782	826	0.005881
783	788	0.021894
783	796	0.000006
783	798	0.000015
783	799	0.000004
783	805	0.000013
783	812	0.000001
783	818	0.000016
783	822	0.000047
783	824	0.000048
783	825	0.004112
784	789	0.000017
784	797	0.000015
784	800	0.002658
784	804	0.000007
785	796	0.000015
785	798	0.000005
785	799	0.002840
785	821	0.000022
785	822	0.000947
785	824	0.000252
785	825	0.000910
786	798	0.002849
786	799	0.000121
786	805	0.000010
786	820	0.000021
786	821	0.000950
786	822	0.000366
786	824	0.000670
786	825	0.073730
787	796	0.009145
787	798	0.000298
787	799	0.000321
787	805	0.005605
787	818	0.000006
787	820	0.000948
787	821	0.000351
787	822	0.000032
787	824	0.093759
787	825	0.000440
788	792	0.000476
788	793	0.001694
788	794	0.001135
788	795	0.011297
788	797	0.000241
788	800	0.000006
788	801	0.017151
788	802	0.000867
788	803	0.000185
788	804	0.005130
788	808	0.000041
788	819	0.000777
788	823	0.092153
788	826	0.077573
789	796	0.000054
789	798	0.001775
789	799	0.000006
789	805	0.000027
789	806	0.000009
789	807	0.000043
789	809	0.000007
789	810	0.000002
789	811	0.000002
789	816	0.000003
789	817	0.000010
789	818	0.000021
789	820	0.000300
789	822	0.013468
789	824	0.000825
789	825	0.072746
789	827	0.001622
790	797	0.002610
790	800	0.049217
790	802	0.000185
790	803	0.000022
790	804	0.000015
790	808	0.000005
790	815	0.000002
790	819	0.000397
791	796	0.002755
791	798	0.000535
791	799	0.054665
791	805	0.000016
791	816	0.000021
791	818	0.000409
791	820	0.000112
791	821	0.004305
791	822	0.120280
791	824	0.033734
791	825	0.176072
792	796	0.000092
792	798	0.054360
792	799	0.005856
792	805	0.000019
792	816	0.000069
792	818	0.000025
792	820	0.004258
792	821	0.126692
792	822	0.083362
792	824	0.177707
792	825	0.000089
793	798	0.005990
793	799	0.002453
793	805	0.000013
793	816	0.000174
793	818	0.000803
793	820	0.126220
793	821	0.087716
793	822	0.185055
793	824	0.000080
793	825	0.000022
794	798	0.002446
794	799	0.000035
794	805	0.000027
794	816	0.000091
794	818	0.003290
794	820	0.087986
794	821	0.185341
794	822	0.000187
794	824	0.000014
794	825	0.004090
795	799	0.000009
795	805	0.000348
795	812	0.000003
795	816	0.002201
795	818	0.201046
795	820	0.185067
795	821	0.000183
795	822	0.000010
795	824	0.004176
796	800	0.000001
796	801	0.000174
796	802	0.000003
796	803	0.000024
796	804	0.000313
796	808	0.000057
796	814	0.000002
796	815	0.001447
796	819	0.156769
796	823	0.004187
796	826	0.000459
797	805	0.000008
797	806	0.000077
797	807	0.000062
797	809	0.000070
797	810	0.000010
797	811	0.000008
797	816	0.233188
797	817	0.013905
797	818	0.012234
797	820	0.000025
797	821	0.000021
797	822	0.004136
797	825	0.000458
798	802	0.000007
798	803	0.000006
798	804	0.000015
798	808	0.000077
798	813	0.000006
798	814	0.003616
798	815	0.384359
798	819	0.000261
799	803	0.000009
799	804	0.000065
799	808	0.000162
799	813	0.003432
799	814	0.392535
799	815	0.001235
799	819	0.000142
799	823	0.000463
800	805	0.000039
800	806	0.002728
800	807	0.000200
800	809	0.000048
800	810	0.000021
800	811	0.000033
800	812	0.000027
800	816	0.000007
800	817	0.000770
800	818	0.000002
800	820	0.000009
800	821	0.000003
800	822	0.000461
801	805	0.005035
801	812	0.401708
801	816	0.000775
801	818	0.007517
801	820	0.000004
801	821	0.000447
802	806	0.000216
802	807	0.000353
802	809	0.002109
802	810	0.006150
802	811	0.414610
802	812	0.000613
802	816	0.000001
802	817	0.007534
802	818	0.000019
802	820	0.000417
803	807	0.000170
803	809	0.007519
803	810	0.399423
803	811	0.016493
803	812	0.000232
803	816	0.006163
803	817	0.000047
803	818	0.000054
804	809	0.315138
804	810	0.020597
804	811	0.005876
804	812	0.000008
804	816	0.000047
804	817	0.000077
804	818	0.000033
804	827	0.000003
805	813	0.000003
805	814	0.007903
805	815	0.000009
805	826	0.000005
806	813	0.007030
806	815	0.000079
807	813	0.000065
807	815	0.000020
807	819	0.000002
808	812	0.000097
808	816	0.000005
808	817	0.000003
808	818	0.000002
808	824	0.000003
808	825	0.000008
808	827	0.000041
809	813	0.000002
809	815	0.000006
810	815	0.000003
812	823	0.009562
812	826	0.001323
813	821	0.000023
813	822	0.009546
813	825	0.000831
813	827	0.000005
814	820	0.000043
814	821	0.009539
814	822	0.000044
814	824	0.000804
814	825	0.000688
815	820	0.008350
815	821	0.000048
815	822	0.000096
815	824	0.000706
815	827	0.000002
816	823	0.000928
816	826	0.000007
818	823	0.000027
818	826	0.001044
819	824	0.000002
819	825	0.001035
819	827	0.000187
820	826	0.000304
821	826	0.000374
822	826	0.000035
