1	7	0.000054
1	8	0.000046
1	9	0.000011
1	12	0.000003
1	13	0.000002
1	15	0.000014
1	41	0.350984
1	762	0.000029
1	766	0.225413
1	769	0.000021
1	778	0.000005
1	779	0.000009
1	780	0.000037
1	782	0.000005
1	783	0.000015
1	784	0.000042
1	785	0.000143
1	788	0.000115
1	789	0.000322
2	7	0.000160
2	8	0.000034
2	9	0.000006
2	11	0.000004
2	12	0.000003
2	14	0.000017
2	15	0.000005
2	30	0.000051
2	39	0.000278
2	40	0.464184
2	41	0.002765
2	42	0.008316
2	46	0.000088
2	761	0.000042
2	762	0.000012
2	764	0.000246
2	765	0.255145
2	766	0.002392
2	769	0.000007
2	776	0.000324
2	778	0.000009
2	779	0.000036
2	780	0.000104
2	782	0.000011
2	783	0.000040
2	784	0.000241
2	785	0.000214
2	786	0.016277
2	788	0.000288
2	789	0.000046
2	791	0.003171
3	7	0.000031
3	8	0.000023
3	9	0.000010
3	11	0.000003
3	13	0.000016
3	14	0.000007
3	29	0.000052
3	39	0.464286
3	40	0.003407
3	41	0.006721
3	42	0.076297
3	46	0.000006
3	760	0.000038
3	761	0.000019
3	764	0.252863
3	765	0.002561
3	766	0.000018
3	769	0.000003
3	776	0.000086
3	778	0.000014
3	779	0.000119
3	780	0.000055
3	782	0.000011
3	783	0.000208
3	784	0.000270
3	785	0.014763
3	786	0.006672
3	788	0.000023
3	789	0.000192
3	791	0.003614
4	8	0.000048
4	9	0.000030
4	12	0.000015
4	13	0.000007
4	28	0.000052
4	41	0.073437
4	759	0.000031
4	760	0.000016
4	762	0.000008
4	766	0.000012
4	769	0.000005
4	778	0.000101
4	779	0.000050
4	780	0.000008
4	782	0.000155
4	783	0.000204
4	784	0.012426
4	785	0.005717
4	788	0.000175
4	789	0.001414
5	10	0.000012
5	27	0.000052
5	763	0.003268
5	790	0.005947
6	26	0.000052
6	41	0.000755
6	759	0.000003
6	762	0.001334
6	766	0.000008
6	769	0.000046
6	778	0.000022
6	779	0.000004
6	780	0.000019
6	782	0.000633
6	783	0.000192
6	784	0.000081
6	785	0.000023
6	788	0.000290
6	789	0.004813
7	25	0.000048
7	37	0.000114
7	38	0.008804
7	43	0.000212
7	44	0.000217
7	45	0.000100
7	758	0.000004
7	767	0.000003
7	768	0.000048
7	770	0.000003
7	771	0.000009
7	772	0.000013
7	773	0.000015
7	774	0.000015
7	775	0.000020
7	777	0.000022
7	781	0.000561
7	787	0.000311
7	790	0.000011
7	792	0.000020
7	793	0.000022
8	22	0.000024
8	37	0.004786
8	38	0.818163
8	43	0.000143
8	44	0.000084
8	45	0.000011
8	767	0.000025
8	768	0.000002
8	770	0.000005
8	771	0.000012
8	772	0.000014
8	773	0.000014
8	774	0.000019
8	775	0.000002
8	777	0.000002
8	781	0.000008
8	787	0.000155
8	790	0.000004
8	792	0.000020
8	793	0.000044
9	19	0.000003
9	21	0.000030
9	37	0.971721
9	38	0.000279
9	43	0.000027
9	44	0.000004
9	767	0.000001
9	770	0.000005
9	771	0.000008
9	772	0.000008
9	773	0.000011
9	774	0.000002
9	787	0.000003
9	792	0.000076
10	18	0.000003
10	20	0.000030
10	23	0.000002
10	36	0.999708
10	42	0.000007
10	791	0.000078
11	16	0.000006
11	35	0.999747
11	790	0.000077
12	19	0.000002
12	31	0.000004
12	34	0.991687
12	35	0.000003
12	38	0.000001
13	31	0.000121
13	34	0.000106
13	37	0.000001
14	35	0.000005
15	31	0.914146
15	34	0.000006
15	787	0.000004
16	28	0.000021
16	29	0.077107
16	30	0.917158
16	32	0.000048
16	33	0.000004
16	786	0.000005
17	26	0.000064
17	28	0.533652
17	29	0.462634
17	785	0.000003
18	25	0.000136
18	27	0.988331
19	24	0.000099
19	26	0.987382
19	28	0.010478
20	25	0.983867
20	27	0.010729
21	26	0.008118
21	28	0.000001
21	29	0.000003
22	26	0.000008
22	28	0.000017
23	27	0.000017
27	36	0.000001
28	35	0.000001
33	792	0.000001
34	41	0.000004
35	40	0.000004
35	42	0.000001
35	791	0.000104
36	790	0.000104
37	41	0.000005
37	789	0.000100
38	769	0.000006
38	784	0.000001
38	785	0.000001
38	788	0.000070
38	789	0.000002
39	48	0.000014
39	763	0.000004
39	790	0.000040
40	48	0.000142
40	763	0.000003
40	790	0.000040
41	45	0.000145
41	47	0.000133
41	48	0.000002
41	49	0.000273
41	763	0.000001
41	767	0.000321
41	768	0.000387
41	770	0.000047
41	771	0.000014
41	772	0.000004
41	773	0.000001
41	774	0.000001
41	781	0.000002
41	787	0.000012
41	790	0.000005
41	792	0.000206
41	793	0.000005
42	48	0.000333
42	763	0.000030
42	790	0.004580
43	762	0.000016
43	766	0.011369
43	769	0.000055
43	778	0.000001
43	779	0.000007
43	780	0.000124
43	782	0.000002
43	783	0.000015
43	784	0.000119
43	785	0.000218
43	788	0.000017
43	789	0.004495
44	762	0.000002
44	766	0.001895
44	769	0.000033
44	778	0.000007
44	779	0.000147
44	780	0.000034
44	782	0.000010
44	783	0.000128
44	784	0.000253
44	785	0.000095
44	788	0.003415
44	789	0.000171
45	762	0.000005
45	766	0.001186
45	769	0.000083
45	778	0.000144
45	779	0.000037
45	780	0.000008
45	782	0.000100
45	783	0.000156
45	784	0.000091
45	785	0.000025
45	788	0.000143
45	789	0.000031
46	756	0.000002
46	763	0.975682
46	790	0.000015
47	755	0.000002
47	760	0.000013
47	762	0.990609
47	766	0.000048
47	789	0.000008
48	754	0.000002
48	759	0.000017
48	760	0.000050
48	761	0.996297
48	764	0.000008
48	765	0.000053
48	786	0.000005
48	788	0.000002
48	791	0.000002
49	753	0.000001
49	759	0.000398
49	760	0.979001
49	762	0.000001
49	785	0.000004
50	756	0.000006
50	757	0.000014
50	763	0.000080
50	790	0.000003
51	755	0.000006
51	759	0.014628
51	760	0.000013
51	762	0.000078
51	789	0.000003
52	756	0.000056
52	757	0.997572
53	756	0.998828
53	757	0.000740
54	755	0.954983
55	756	0.000004
56	753	0.000138
56	754	0.996047
56	755	0.000054
57	753	0.998191
57	754	0.000111
58	752	0.999447
59	694	0.000001
59	751	0.999968
60	693	0.000001
60	749	0.000003
60	750	0.999027
61	692	0.000001
61	748	0.000003
61	749	0.998827
62	691	0.000001
62	748	0.999769
63	592	0.000047
63	690	0.000001
63	746	0.003910
63	747	0.968422
64	68	0.000002
64	588	0.000001
64	591	0.000069
64	689	0.000001
64	742	0.000178
64	743	0.991706
65	588	0.000002
65	590	0.000070
65	591	0.000016
65	741	0.000173
65	742	0.993069
65	743	0.006172
66	588	0.000123
66	590	0.000016
66	738	0.000004
66	741	0.992776
66	742	0.006147
66	743	0.000032
67	588	0.000080
67	589	0.000020
67	681	0.000001
67	684	0.000077
67	687	0.000009
67	736	0.000088
67	738	0.000099
67	739	0.002258
67	740	0.930835
67	741	0.005185
67	742	0.000029
68	583	0.001381
68	584	0.000127
68	585	0.000950
68	586	0.524242
68	587	0.000661
68	682	0.000002
68	683	0.000285
68	686	0.000228
68	688	0.000002
68	690	0.000001
68	694	0.000169
68	731	0.000001
68	733	0.000022
68	734	0.000096
68	735	0.000246
68	737	0.000408
68	744	0.000001
68	745	0.000001
69	582	0.001385
69	583	0.000156
69	584	0.000227
69	585	0.994095
69	586	0.000339
69	682	0.000001
69	683	0.000002
69	733	0.000005
69	734	0.000004
69	735	0.000001
69	737	0.000014
70	580	0.000001
70	581	0.001352
70	584	0.997495
70	682	0.000001
70	732	0.000001
70	735	0.000003
70	737	0.000017
71	579	0.000001
71	580	0.001160
71	581	0.000022
71	582	0.000579
71	583	0.997997
72	579	0.000744
72	580	0.000132
72	581	0.000893
72	582	0.997559
73	579	0.000621
73	580	0.033728
73	581	0.946322
74	577	0.000007
74	578	0.001500
75	577	0.000823
75	578	0.863779
76	576	0.000032
76	577	0.897055
76	578	0.088315
77	576	0.955015
77	577	0.044488
78	575	0.999351
79	574	0.999566
80	573	0.999976
81	572	0.999990
82	571	0.999985
83	570	0.999638
84	569	0.998702
84	570	0.000010
86	567	0.000911
86	568	0.974125
87	567	0.996491
87	568	0.000031
88	566	0.999967
89	565	0.999990
90	564	0.999926
91	560	0.000002
91	561	0.000948
91	562	0.001429
91	563	0.991689
91	566	0.000001
92	559	0.000005
92	560	0.001164
92	561	0.051238
92	562	0.792327
92	563	0.003004
92	565	0.000001
93	564	0.000001
94	559	0.009061
94	562	0.011493
95	559	0.007902
95	560	0.754416
95	561	0.013888
95	562	0.000004
95	563	0.000007
96	559	0.756414
96	562	0.000010
97	556	0.000017
97	557	0.998803
98	556	0.999909
98	557	0.000016
99	555	0.999963
100	554	0.999978
101	552	0.000013
101	553	0.993483
102	551	0.000034
103	551	0.999520
104	550	0.963169
104	552	0.000011
105	548	0.000005
105	550	0.036308
106	547	0.000003
106	549	0.963682
107	548	0.999806
108	546	0.000001
108	547	0.998838
109	546	0.999043
109	547	0.000001
110	545	0.999979
111	544	0.999976
112	542	0.000573
112	543	0.998970
113	541	0.003045
113	542	0.995421
114	167	0.000002
114	178	0.000010
114	303	0.000004
114	304	0.000002
114	305	0.000006
114	480	0.000234
114	539	0.000008
114	540	0.003597
115	166	0.000002
115	302	0.000003
115	540	0.469598
116	161	0.000119
116	162	0.951025
116	163	0.000052
116	165	0.000001
116	202	0.000012
116	477	0.000008
116	479	0.000011
116	541	0.000068
116	542	0.000008
117	161	0.998872
117	162	0.000036
117	164	0.000001
117	201	0.000011
117	477	0.000001
117	541	0.000011
118	160	0.999379
118	200	0.000002
118	540	0.000005
119	159	0.999853
120	158	0.998568
120	159	0.000003
121	156	0.000001
121	157	0.998752
122	156	0.999302
122	157	0.000001
123	155	0.999964
124	154	0.999511
125	153	0.999977
126	152	0.999984
127	150	0.000001
127	151	0.998870
128	150	0.999033
129	149	0.999970
130	148	0.999511
131	147	0.999977
132	146	0.999990
133	145	0.999985
134	144	0.999698
135	142	0.000009
135	143	0.999960
136	141	0.000009
136	142	0.999261
136	143	0.000005
137	141	0.756354
138	142	0.000002
160	180	0.000035
161	178	0.000001
161	179	0.000695
162	177	0.000027
162	178	0.045014
162	179	0.000004
162	305	0.000004
162	480	0.000002
163	170	0.000004
163	176	0.000067
163	177	0.987445
163	178	0.000332
163	303	0.000002
163	304	0.000096
163	305	0.000011
163	480	0.000008
164	170	0.000003
164	175	0.000039
164	176	0.998159
164	177	0.000241
164	303	0.000094
164	304	0.000012
165	170	0.000001
165	175	0.999739
165	176	0.000122
165	302	0.000030
165	303	0.000008
166	173	0.000004
166	174	0.999632
166	301	0.000028
167	171	0.000006
167	173	0.999347
167	299	0.000010
168	172	0.656380
168	298	0.000002
169	298	0.000002
169	300	0.000013
169	480	0.000001
170	297	0.000002
170	299	0.000014
170	479	0.000001
171	209	0.000002
172	208	0.000002
175	206	0.000014
176	204	0.001470
177	202	0.000018
177	203	0.007628
177	204	0.000009
178	201	0.000120
178	202	0.902362
178	203	0.000032
178	477	0.000017
178	479	0.000004
178	541	0.000005
179	201	0.998556
179	202	0.000035
180	200	0.999290
181	198	0.000001
181	199	0.998041
182	198	0.998833
183	197	0.999964
184	196	0.999509
185	193	0.000002
185	195	0.999972
186	192	0.000006
186	194	0.999917
187	191	0.000024
187	193	0.991644
187	195	0.000007
188	192	0.980165
188	194	0.000008
189	193	0.000009
201	304	0.000010
201	305	0.000106
202	303	0.000017
202	304	0.001033
202	305	0.088541
202	480	0.000005
203	302	0.000035
203	303	0.001562
203	304	0.983818
203	305	0.000744
203	480	0.000004
204	300	0.000006
204	302	0.001338
204	303	0.993415
204	304	0.000758
204	305	0.000006
204	480	0.000001
205	300	0.000134
205	302	0.985197
206	298	0.000003
206	300	0.005119
206	302	0.000036
206	303	0.000809
206	304	0.000002
206	480	0.000001
207	298	0.000154
207	300	0.008407
207	302	0.000802
208	298	0.988645
208	300	0.000115
209	297	0.999682
209	299	0.000082
210	296	0.999716
210	298	0.000014
211	295	0.999312
211	296	0.000007
212	293	0.000013
212	294	0.999972
213	293	0.999671
214	291	0.495667
214	292	0.498084
215	239	0.000005
215	289	0.000003
215	290	0.997230
216	238	0.000005
216	288	0.000003
216	289	0.998904
217	288	0.998802
217	289	0.000011
218	236	0.000036
218	287	0.999921
219	235	0.000036
219	286	0.998991
220	234	0.000036
220	280	0.000006
220	282	0.000010
220	284	0.000003
220	285	0.997227
221	231	0.000035
221	233	0.000036
221	279	0.000008
221	281	0.000012
221	284	0.996131
222	226	0.000061
222	227	0.005755
222	228	0.009277
222	230	0.000777
222	232	0.000047
222	236	0.000028
222	278	0.000009
222	287	0.000002
223	232	0.015330
223	235	0.000028
223	277	0.000008
223	286	0.000002
224	231	0.017297
224	233	0.000095
224	272	0.000001
224	275	0.000002
224	279	0.000439
224	281	0.255718
224	284	0.000205
225	232	0.000589
225	235	0.000007
225	277	0.000008
225	286	0.000442
226	231	0.000588
226	234	0.000010
226	271	0.000014
226	276	0.000009
226	279	0.006174
226	280	0.464004
226	281	0.000438
226	282	0.011674
226	283	0.005356
226	284	0.000019
226	285	0.002068
227	231	0.000247
227	233	0.000013
227	270	0.000015
227	275	0.000008
227	279	0.447644
227	281	0.013508
227	284	0.002514
228	233	0.000030
228	269	0.000015
228	279	0.007771
228	281	0.007208
228	284	0.000067
229	268	0.000015
229	277	0.000293
230	246	0.000001
230	275	0.000018
230	279	0.002470
230	281	0.308249
230	284	0.000002
231	236	0.000002
231	245	0.000001
231	273	0.000003
231	277	0.000033
231	278	0.001136
232	244	0.000001
232	265	0.000016
232	272	0.000002
232	274	0.000515
232	275	0.000002
232	276	0.000025
232	279	0.487103
232	280	0.002287
232	281	0.000088
232	282	0.000004
232	283	0.000008
233	239	0.000001
233	264	0.000016
233	273	0.000520
233	277	0.000021
233	278	0.997167
234	263	0.000016
234	277	0.998350
235	247	0.000002
235	262	0.000016
235	270	0.000003
235	272	0.000002
235	274	0.000008
235	275	0.000003
235	276	0.998571
235	280	0.000010
236	246	0.000002
236	261	0.000016
236	269	0.000003
236	275	0.997417
236	279	0.000010
237	245	0.000002
237	268	0.000003
237	277	0.000014
238	244	0.000002
238	247	0.000002
238	250	0.000002
238	267	0.000003
238	271	0.000005
238	272	0.003382
238	274	0.040377
238	275	0.000002
238	276	0.000016
239	246	0.000003
239	249	0.000009
239	250	0.000095
239	266	0.000003
239	270	0.000005
239	271	0.003954
239	272	0.985772
239	275	0.000015
240	248	0.000009
240	249	0.000106
240	250	0.000421
240	269	0.000005
240	270	0.003964
240	271	0.986653
240	272	0.008604
241	246	0.000003
241	248	0.000106
241	249	0.000456
241	250	0.000007
241	269	0.003961
241	270	0.986511
241	271	0.008761
242	246	0.000010
242	248	0.000458
242	249	0.000008
242	266	0.000012
242	269	0.984445
242	270	0.008891
242	281	0.000001
243	247	0.000372
243	248	0.000007
243	265	0.000014
243	266	0.000545
243	267	0.061544
243	269	0.008891
243	280	0.000001
244	268	0.012676
245	265	0.965620
245	266	0.000387
245	267	0.005041
245	279	0.000001
246	263	0.000002
246	264	0.995649
246	278	0.000002
247	263	0.986837
247	277	0.000001
248	263	0.000081
248	264	0.001291
249	260	0.000238
249	263	0.000900
249	264	0.000010
249	273	0.000011
250	260	0.998571
250	273	0.000030
251	258	0.000019
251	259	0.999337
251	261	0.000001
251	271	0.000545
251	272	0.000027
252	258	0.998842
252	259	0.000025
252	270	0.000555
252	271	0.000021
253	258	0.000041
253	269	0.000557
253	270	0.000013
254	268	0.000588
255	267	0.000600
256	266	0.000601
257	265	0.000600
258	264	0.000599
259	263	0.000252
272	290	0.000003
273	279	0.000002
274	288	0.000024
275	287	0.000036
276	286	0.000036
277	285	0.000036
278	284	0.000036
299	303	0.000007
299	304	0.000024
299	305	0.000001
299	480	0.000130
300	479	0.000112
302	478	0.000021
302	479	0.000002
303	477	0.000015
303	479	0.000355
304	477	0.000028
304	479	0.001446
304	541	0.000002
305	477	0.892274
305	479	0.000054
305	541	0.000006
306	476	0.999535
306	480	0.000008
307	475	0.999674
307	479	0.000004
308	474	0.999938
309	473	0.999938
310	472	0.999499
311	471	0.999192
312	470	0.999963
313	469	0.999490
314	462	0.000014
314	463	0.000073
314	465	0.000014
314	466	0.000003
314	467	0.000009
314	468	0.999294
315	467	0.998971
316	461	0.989364
317	460	0.999948
318	459	0.999975
319	458	0.999168
320	456	0.000002
320	457	0.998119
321	455	0.000002
321	456	0.998389
321	457	0.000007
322	455	0.998203
322	456	0.000011
323	454	0.999832
323	455	0.000009
324	452	0.000005
324	453	0.998820
325	451	0.000008
325	452	0.995777
325	453	0.000002
326	450	0.000006
326	451	0.998046
326	452	0.000002
327	450	0.999942
328	449	0.999501
329	448	0.997445
331	446	0.978957
331	447	0.001073
332	445	0.999960
333	444	0.999976
334	441	0.000001
334	443	0.999480
335	442	0.999477
336	440	0.999480
337	439	0.999550
338	438	0.999866
339	437	0.955831
339	438	0.000001
341	435	0.984799
341	437	0.000016
342	433	0.000002
342	434	0.999386
342	436	0.000033
343	433	0.997338
343	434	0.000062
343	436	0.000010
344	430	0.000009
344	431	0.000004
344	432	0.991836
344	435	0.000010
345	433	0.000016
346	428	0.000002
346	431	0.169691
347	427	0.000001
347	429	0.902091
347	430	0.084959
347	431	0.000003
348	428	0.999784
348	431	0.000001
349	426	0.000001
349	427	0.998845
349	428	0.000004
350	426	0.998874
350	427	0.000003
351	425	0.999969
352	424	0.999319
353	423	0.999854
353	424	0.000002
354	422	0.999187
355	420	0.000003
355	421	0.999491
356	420	0.999888
357	417	0.000002
357	418	0.016223
357	419	0.982959
358	415	0.000006
358	417	0.505012
358	418	0.491614
359	414	0.000015
359	416	0.996183
360	413	0.000012
360	415	0.989015
360	417	0.000003
361	412	0.000011
361	413	0.000041
361	415	0.000553
362	410	0.000002
362	412	0.000022
362	413	0.999830
363	409	0.000002
363	410	0.000007
363	412	0.999953
364	408	0.000002
364	411	0.999184
365	409	0.000002
365	410	0.999751
366	409	0.993280
367	406	0.000008
367	407	0.997202
368	405	0.000007
368	406	0.997692
368	407	0.002280
369	404	0.000007
369	405	0.997711
369	406	0.002269
370	404	0.997566
370	405	0.002251
371	402	0.000695
371	403	0.880420
371	404	0.002102
372	401	0.000913
373	401	0.805345
374	400	0.994008
374	402	0.000015
375	399	0.998396
375	401	0.000016
376	394	0.000001
376	398	0.998883
376	400	0.000015
377	393	0.000002
377	396	0.001627
377	397	0.996591
377	399	0.000013
378	392	0.000003
379	391	0.000003
379	394	0.000010
379	395	0.874879
380	390	0.000003
380	394	0.999305
380	395	0.000027
381	389	0.000003
381	393	0.999933
382	388	0.000003
382	392	0.999693
383	390	0.000663
383	391	0.999178
384	390	0.979381
384	391	0.000015
385	389	0.678739
385	392	0.000008
386	390	0.000109
386	391	0.000019
461	465	0.000007
461	466	0.000026
476	541	0.000007
477	539	0.000001
477	540	0.000027
478	540	0.001171
479	539	0.000502
479	540	0.003071
480	538	0.000284
480	541	0.050661
480	542	0.000010
481	539	0.994827
481	540	0.002258
482	537	0.000023
482	538	0.999680
483	537	0.999943
483	538	0.000002
484	536	0.999427
484	537	0.000003
485	535	0.998681
487	533	0.000224
487	534	0.974218
488	533	0.978292
489	532	0.486713
490	532	0.507840
491	530	0.000043
491	531	0.999692
492	529	0.000030
492	530	0.999945
492	531	0.000002
493	528	0.000017
493	529	0.999959
493	530	0.000001
494	528	0.999930
495	527	0.996949
497	525	0.983998
497	526	0.001104
498	524	0.999561
499	523	0.998618
499	524	0.000009
500	522	0.999354
501	521	0.999412
502	520	0.999954
503	518	0.000003
503	519	0.999692
504	516	0.000002
504	518	0.994520
505	515	0.000003
505	516	0.018051
505	518	0.000007
506	514	0.000003
506	515	0.020235
506	516	0.976689
507	514	0.020252
507	515	0.979414
507	516	0.000196
508	514	0.972338
508	515	0.000197
509	513	0.882972
510	514	0.000007
584	681	0.000088
584	684	0.000002
584	739	0.000003
585	680	0.000087
585	691	0.000001
585	738	0.000004
586	679	0.000062
586	680	0.471515
587	679	0.922208
587	680	0.030348
587	687	0.000016
587	689	0.000009
587	691	0.000020
587	695	0.000001
587	738	0.000039
588	677	0.000002
588	678	0.934575
588	683	0.000666
588	686	0.000016
588	688	0.000006
588	690	0.000012
588	694	0.000006
588	731	0.000002
588	733	0.000003
588	735	0.000004
588	737	0.000011
589	682	0.000659
589	730	0.000001
589	732	0.000003
589	734	0.000004
589	735	0.000001
590	676	0.000015
590	677	0.999326
590	678	0.000122
590	731	0.000001
591	676	0.999819
591	677	0.000062
592	675	0.999113
593	674	0.999928
594	673	0.999985
595	672	0.999698
596	670	0.000001
596	671	0.999965
597	670	0.996596
597	671	0.000002
599	668	0.996004
600	667	0.999975
601	666	0.999511
602	665	0.999977
603	664	0.999991
604	663	0.999991
605	662	0.999957
606	661	0.999964
607	660	0.999991
608	659	0.999957
609	657	0.000008
609	658	0.999947
610	656	0.000016
610	657	0.999966
610	658	0.000002
611	654	0.000005
611	656	0.998723
611	657	0.000003
612	616	0.000001
613	653	0.000636
614	652	0.000330
614	653	0.863852
615	652	0.865255
615	653	0.000004
616	651	0.864967
616	652	0.000003
616	655	0.131663
617	650	0.861832
617	654	0.134346
618	643	0.000001
618	648	0.004279
618	653	0.131230
619	642	0.000001
619	647	0.002164
619	648	0.858863
619	652	0.127264
619	653	0.003143
620	647	0.863075
620	652	0.006240
621	646	0.864516
622	639	0.000003
622	645	0.864182
622	651	0.116090
623	641	0.000001
623	644	0.864414
623	646	0.000002
623	650	0.134585
624	637	0.000247
624	640	0.000001
624	642	0.000013
624	643	0.748940
624	645	0.000004
624	648	0.000002
624	649	0.134693
625	636	0.000538
625	640	0.000045
625	642	0.262211
625	643	0.106717
625	647	0.000005
625	648	0.134725
626	635	0.000573
626	636	0.000003
626	638	0.001291
626	640	0.004033
626	642	0.088665
626	643	0.002778
626	647	0.134646
627	634	0.000572
627	635	0.000002
627	637	0.001305
627	638	0.000012
627	639	0.003953
627	640	0.000070
627	642	0.002969
627	643	0.000403
627	645	0.124748
628	633	0.000555
628	641	0.013289
628	644	0.130416
628	646	0.000003
629	635	0.001366
629	636	0.000936
629	638	0.002431
629	640	0.013149
629	642	0.577578
629	643	0.065416
630	641	0.979502
631	635	0.000141
631	636	0.001074
631	638	0.010738
631	640	0.980472
631	642	0.000001
632	636	0.000013
632	637	0.009247
632	638	0.000015
632	639	0.980353
633	638	0.977361
633	640	0.000001
675	690	0.000002
675	744	0.000085
676	689	0.000002
676	743	0.000086
677	689	0.000024
677	691	0.000002
677	742	0.000086
678	687	0.018212
678	689	0.000216
678	691	0.002525
678	695	0.000148
678	720	0.000001
678	738	0.000014
678	741	0.000086
679	683	0.000071
679	686	0.021828
679	688	0.000222
679	690	0.002563
679	694	0.001506
679	706	0.001466
679	707	0.000018
679	718	0.000002
679	719	0.000001
679	732	0.000002
679	734	0.000003
679	737	0.000007
679	745	0.000046
680	686	0.006864
680	688	0.000054
680	690	0.000037
680	694	0.109721
680	699	0.000002
680	705	0.001920
680	706	0.000063
680	717	0.000006
680	718	0.000001
680	731	0.000020
680	733	0.000011
680	734	0.000005
680	735	0.000061
680	737	0.000002
680	744	0.000047
680	745	0.000002
681	688	0.006318
681	690	0.003497
681	704	0.002086
681	705	0.000034
681	716	0.000007
681	730	0.000020
681	732	0.000006
681	734	0.000062
681	735	0.000014
681	737	0.000073
682	687	0.005680
682	689	0.002890
682	691	0.000100
682	692	0.338892
682	693	0.000510
682	696	0.000027
682	698	0.000018
682	703	0.002126
682	715	0.000008
682	729	0.000016
682	736	0.000064
682	738	0.000005
682	739	0.013089
682	740	0.000006
682	742	0.000009
682	743	0.000029
683	687	0.000064
683	689	0.006688
683	691	0.376867
683	695	0.000036
683	697	0.000025
683	702	0.002142
683	711	0.000001
683	714	0.000008
683	729	0.000004
683	738	0.014925
683	741	0.000028
683	742	0.000033
683	743	0.000002
684	688	0.004524
684	690	0.329435
684	701	0.002134
684	713	0.000007
684	728	0.000001
684	734	0.000013
684	735	0.000056
684	737	0.011159
685	690	0.000823
685	700	0.002063
685	701	0.000002
685	730	0.000010
685	734	0.000081
685	735	0.000079
685	737	0.000037
685	746	0.000001
686	691	0.004565
686	695	0.031980
686	697	0.000014
686	711	0.000061
686	729	0.000012
686	738	0.021720
686	741	0.000048
686	742	0.000015
686	743	0.000003
687	694	0.318111
687	699	0.001564
687	709	0.002164
687	712	0.000002
687	733	0.000002
687	734	0.000100
687	735	0.000011
687	737	0.021200
687	744	0.000008
688	692	0.000104
688	693	0.312611
688	695	0.000043
688	696	0.000002
688	697	0.000002
688	698	0.001553
688	708	0.002167
688	710	0.001967
688	711	0.000001
688	736	0.020733
688	738	0.033284
688	739	0.001364
688	740	0.000068
688	741	0.000003
688	743	0.000008
689	694	0.004591
689	699	0.000013
689	707	0.001998
689	709	0.002429
689	733	0.000005
689	734	0.000105
689	735	0.015327
689	737	0.090833
690	695	0.000002
690	696	0.001415
690	697	0.000005
690	698	0.000013
690	708	0.002342
690	736	0.098197
690	738	0.000669
690	739	0.000776
690	740	0.000011
690	741	0.000006
691	706	0.004860
691	707	0.000067
691	732	0.000001
691	733	0.003171
691	734	0.000622
691	735	0.097461
691	737	0.000944
692	705	0.004926
692	732	0.002675
692	734	0.080492
692	735	0.018961
692	737	0.000799
693	704	0.004927
693	730	0.000008
693	732	0.000097
693	734	0.026974
693	735	0.014473
693	737	0.000843
694	702	0.000012
694	703	0.004921
694	729	0.000009
694	738	0.000738
695	701	0.000020
695	706	0.000002
695	728	0.000005
695	731	0.006999
695	732	0.000009
695	733	0.948972
695	734	0.000041
695	735	0.000020
695	737	0.000030
696	700	0.000016
696	701	0.001347
696	705	0.000002
696	707	0.000040
696	730	0.007094
696	732	0.977023
696	734	0.000027
696	735	0.000004
696	737	0.000001
697	701	0.000002
697	704	0.000002
697	705	0.000003
697	706	0.000042
697	731	0.985386
697	733	0.000020
698	704	0.000005
698	705	0.000036
698	728	0.007246
698	730	0.985102
698	732	0.000014
699	703	0.000007
699	727	0.007312
699	729	0.984125
700	711	0.000035
700	726	0.003685
700	727	0.839584
700	729	0.000007
701	710	0.000261
701	726	0.982455
701	727	0.000572
701	739	0.000001
702	709	0.000299
702	725	0.992205
702	745	0.000009
703	709	0.000012
703	724	0.992243
703	737	0.000001
703	744	0.000009
704	708	0.000010
704	722	0.000047
704	723	0.991210
704	736	0.000001
704	743	0.000009
705	721	0.000092
705	722	0.990639
705	723	0.000007
705	739	0.000001
705	742	0.000009
706	714	0.000001
706	715	0.000013
706	720	0.000181
706	721	0.988280
706	738	0.000002
706	741	0.000009
707	714	0.000032
707	715	0.000007
707	720	0.792303
707	721	0.000156
707	722	0.000028
707	729	0.000002
707	736	0.000001
707	740	0.000008
708	713	0.000064
708	716	0.059195
708	717	0.000993
708	719	0.628072
708	730	0.001223
708	732	0.000002
708	735	0.000001
709	714	0.014290
709	715	0.078784
709	720	0.188532
709	721	0.000003
709	729	0.001530
709	738	0.000008
710	716	0.012918
710	717	0.272128
710	719	0.229142
710	728	0.001007
710	730	0.000016
710	732	0.000004
710	734	0.000001
710	737	0.000008
711	716	0.152732
711	717	0.003010
711	718	0.240726
711	719	0.000148
711	728	0.006049
711	730	0.000001
711	731	0.000004
712	720	0.000150
712	721	0.000005
712	727	0.007705
713	720	0.000013
713	726	0.007719
714	718	0.000889
714	719	0.000069
714	725	0.007725
715	719	0.000013
715	724	0.007725
716	722	0.000013
716	723	0.007516
717	721	0.000020
717	722	0.005687
717	723	0.000002
718	727	0.000005
719	726	0.000005
720	725	0.000005
728	736	0.000003
729	733	0.000006
729	735	0.000007
729	737	0.000009
729	744	0.000046
729	745	0.000016
730	736	0.000009
730	739	0.002070
730	740	0.000001
730	743	0.000036
731	738	0.002470
731	741	0.000004
731	742	0.000036
731	743	0.000043
732	736	0.000005
732	738	0.000005
732	739	0.009044
732	740	0.000004
732	741	0.000017
732	742	0.000044
732	743	0.000002
733	738	0.013742
733	741	0.000086
733	742	0.000010
734	738	0.000549
734	739	0.001232
734	740	0.000309
734	741	0.000019
734	742	0.000002
734	743	0.000001
735	739	0.000764
735	740	0.000148
735	741	0.000004
735	742	0.000002
738	744	0.000002
738	745	0.000010
739	746	0.000001
739	747	0.000012
740	746	0.000017
741	745	0.000017
756	765	0.000003
757	764	0.000003
758	769	0.000003
759	768	0.000003
759	793	0.000002
760	767	0.000002
760	792	0.000002
760	793	0.000004
761	790	0.000005
762	768	0.000001
762	771	0.000002
762	777	0.000003
762	787	0.000143
762	792	0.004614
762	793	0.000003
763	769	0.000001
763	776	0.000008
763	784	0.000003
763	785	0.000006
763	786	0.000369
763	788	0.000009
763	789	0.000004
763	791	0.010176
764	790	0.011116
765	790	0.002508
766	770	0.000057
766	771	0.000203
766	772	0.000165
766	773	0.000266
766	774	0.000099
766	775	0.000138
766	777	0.000024
766	781	0.003665
766	787	0.000620
766	790	0.052415
766	792	0.000126
766	793	0.000021
767	778	0.000019
767	779	0.001163
767	780	0.004208
767	782	0.000188
767	783	0.323265
767	784	0.001971
767	785	0.000706
767	788	0.000480
767	789	0.072412
768	778	0.001526
768	779	0.004056
768	780	0.000177
768	782	0.426213
768	783	0.001601
768	784	0.000622
768	785	0.000178
768	788	0.076178
768	789	0.000472
769	773	0.000051
769	774	0.000190
769	775	0.000120
769	777	0.001512
769	781	0.442251
769	787	0.071192
769	790	0.001345
769	792	0.000024
769	793	0.000008
770	778	0.000076
770	779	0.001045
770	780	0.442224
770	782	0.000165
770	783	0.000477
770	784	0.001799
770	785	0.036442
770	788	0.000068
770	789	0.001685
771	778	0.001284
771	779	0.432033
771	780	0.006826
771	782	0.000524
771	783	0.002142
771	784	0.040003
771	785	0.042861
771	788	0.001448
771	789	0.000251
772	778	0.361050
772	779	0.008496
772	780	0.002674
772	782	0.001884
772	783	0.040329
772	784	0.047769
772	785	0.016958
772	788	0.000214
772	789	0.000193
773	778	0.006970
773	779	0.003071
773	780	0.002203
773	782	0.038037
773	783	0.046831
773	784	0.020665
773	785	0.001575
773	788	0.000169
773	789	0.000191
774	778	0.001957
774	779	0.002044
774	780	0.002027
774	782	0.040117
774	783	0.021434
774	784	0.001811
774	785	0.000856
774	788	0.000171
774	789	0.000157
775	779	0.001376
775	780	0.002089
775	782	0.015907
775	783	0.001569
775	784	0.000929
775	785	0.000062
775	788	0.000135
775	789	0.000035
776	790	0.012699
777	782	0.000152
777	783	0.000436
777	784	0.000608
777	785	0.000235
777	788	0.000607
777	789	0.012204
778	787	0.000806
778	790	0.000049
778	792	0.000084
778	793	0.000089
779	787	0.000803
779	790	0.000091
779	792	0.000140
779	793	0.000063
780	787	0.000316
780	790	0.001359
780	792	0.000101
780	793	0.000012
781	785	0.000121
781	788	0.000527
781	789	0.001613
782	787	0.000507
782	790	0.000152
782	792	0.000047
782	793	0.000236
783	787	0.000104
783	790	0.000502
783	792	0.000421
783	793	0.000147
784	790	0.000505
784	792	0.000301
784	793	0.000525
785	790	0.000151
785	792	0.000804
785	793	0.000042
786	790	0.000449
788	792	0.000099
788	793	0.000099
789	793	0.000038
