1	7	0.000002
1	8	0.000002
1	12	0.000004
1	13	0.000002
1	15	0.000016
1	41	0.004697
1	67	0.000089
1	75	0.000028
1	76	0.000019
1	79	0.000009
1	677	0.000018
1	688	0.000005
1	690	0.000002
1	747	0.000762
1	755	0.830767
1	758	0.000043
1	767	0.000004
1	768	0.000007
1	769	0.000033
1	771	0.000004
1	772	0.000011
1	773	0.000032
1	774	0.000144
1	777	0.000120
1	778	0.000316
2	7	0.000007
2	8	0.000002
2	11	0.000005
2	12	0.000004
2	14	0.000019
2	15	0.000006
2	30	0.000059
2	39	0.000004
2	40	0.006308
2	41	0.000037
2	42	0.000101
2	46	0.000037
2	50	0.000002
2	62	0.000087
2	65	0.000008
2	66	0.000104
2	74	0.000038
2	75	0.000039
2	77	0.000071
2	671	0.000007
2	674	0.000003
2	676	0.000024
2	677	0.000041
2	678	0.000029
2	682	0.000001
2	683	0.000024
2	686	0.000013
2	690	0.000049
2	742	0.000031
2	746	0.000954
2	747	0.000002
2	753	0.000014
2	754	0.940450
2	755	0.002220
2	758	0.000005
2	765	0.000269
2	767	0.000008
2	768	0.000035
2	769	0.000120
2	771	0.000010
2	772	0.000037
2	773	0.000258
2	774	0.000234
2	775	0.017808
2	777	0.000301
2	778	0.000043
2	780	0.003045
3	7	0.000003
3	8	0.000003
3	9	0.000002
3	11	0.000004
3	13	0.000019
3	14	0.000008
3	29	0.000060
3	39	0.006312
3	40	0.000047
3	41	0.000082
3	42	0.001094
3	46	0.000003
3	52	0.000001
3	61	0.000088
3	64	0.000008
3	65	0.000103
3	74	0.000041
3	76	0.000068
3	77	0.000069
3	670	0.000005
3	671	0.000002
3	674	0.000006
3	676	0.000048
3	677	0.000019
3	678	0.000079
3	682	0.000013
3	683	0.000069
3	686	0.000011
3	688	0.000002
3	690	0.000005
3	741	0.000031
3	745	0.000956
3	746	0.000003
3	752	0.000003
3	753	0.939413
3	754	0.002371
3	755	0.000020
3	758	0.000004
3	765	0.000100
3	767	0.000016
3	768	0.000141
3	769	0.000066
3	771	0.000013
3	772	0.000246
3	773	0.000313
3	774	0.016628
3	775	0.007504
3	777	0.000026
3	778	0.000218
3	780	0.004105
4	8	0.000005
4	9	0.000004
4	12	0.000018
4	13	0.000008
4	28	0.000060
4	41	0.001055
4	60	0.000089
4	75	0.000057
4	76	0.000059
4	79	0.000049
4	677	0.000069
4	682	0.000061
4	688	0.000149
4	690	0.002274
4	744	0.000958
4	745	0.000002
4	752	0.923448
4	755	0.000013
4	758	0.000006
4	767	0.000119
4	768	0.000059
4	769	0.000010
4	771	0.000184
4	772	0.000238
4	773	0.013975
4	774	0.006419
4	777	0.000198
4	778	0.001607
5	10	0.000013
5	27	0.000061
5	48	0.000002
5	59	0.000089
5	71	0.000017
5	72	0.000001
5	78	0.000053
5	80	0.000329
5	669	0.000001
5	673	0.000014
5	675	0.000012
5	679	0.000015
5	680	0.000023
5	687	0.000155
5	689	0.002415
5	691	0.000014
5	740	0.000013
5	743	0.000957
5	748	0.000023
5	751	0.911238
5	779	0.006751
6	26	0.000060
6	41	0.000509
6	58	0.000082
6	75	0.000006
6	76	0.000005
6	79	0.000340
6	682	0.000006
6	688	0.002232
6	690	0.000017
6	696	0.000009
6	744	0.000021
6	745	0.000005
6	747	0.000039
6	752	0.000004
6	755	0.000009
6	758	0.000051
6	767	0.000026
6	768	0.000005
6	769	0.000022
6	771	0.000756
6	772	0.000224
6	773	0.000091
6	774	0.000025
6	777	0.000329
6	778	0.005467
7	25	0.000056
7	37	0.000031
7	38	0.002561
7	43	0.000138
7	44	0.000142
7	45	0.000065
7	47	0.000015
7	48	0.000008
7	49	0.000024
7	51	0.000005
7	57	0.000076
7	73	0.000007
7	78	0.000309
7	80	0.000001
7	672	0.000005
7	673	0.000004
7	679	0.000001
7	681	0.000007
7	685	0.000006
7	687	0.001661
7	689	0.000013
7	692	0.000003
7	694	0.000001
7	695	0.000016
7	706	0.000001
7	740	0.000001
7	743	0.000019
7	748	0.000047
7	749	0.006801
7	751	0.000008
7	756	0.000004
7	757	0.000053
7	759	0.000003
7	760	0.000010
7	761	0.000016
7	762	0.000017
7	763	0.000017
7	764	0.000024
7	766	0.000025
7	770	0.000671
7	776	0.000353
7	779	0.000012
7	781	0.000023
7	782	0.000026
8	22	0.000028
8	37	0.001809
8	38	0.690611
8	43	0.000094
8	44	0.000055
8	45	0.000007
8	47	0.000007
8	48	0.000021
8	49	0.000003
8	51	0.000001
8	56	0.000019
8	73	0.000002
8	672	0.000004
8	673	0.000001
8	680	0.000005
8	684	0.000004
8	685	0.000023
8	687	0.000001
8	691	0.000001
8	692	0.000001
8	694	0.000011
8	695	0.000003
8	705	0.000001
8	748	0.002206
8	749	0.000104
8	756	0.000027
8	757	0.000002
8	759	0.000006
8	760	0.000014
8	761	0.000016
8	762	0.000017
8	763	0.000022
8	764	0.000003
8	766	0.000002
8	770	0.000010
8	776	0.000177
8	779	0.000004
8	781	0.000023
8	782	0.000115
9	19	0.000003
9	21	0.000035
9	37	0.952298
9	38	0.000341
9	43	0.000017
9	44	0.000002
9	47	0.000005
9	48	0.000001
9	679	0.000001
9	684	0.000022
9	685	0.000008
9	694	0.000002
9	748	0.000031
9	749	0.000025
9	756	0.000001
9	759	0.000006
9	760	0.000009
9	761	0.000010
9	762	0.000012
9	763	0.000002
9	766	0.000001
9	770	0.000001
9	776	0.000004
9	779	0.000001
9	781	0.000207
10	18	0.000004
10	20	0.000035
10	23	0.000002
10	36	0.999301
10	42	0.000004
10	46	0.000001
10	674	0.000004
10	683	0.000020
10	744	0.000005
10	746	0.000002
10	780	0.000220
11	16	0.000010
11	35	0.999382
11	673	0.000004
11	743	0.000005
11	779	0.000218
12	19	0.000002
12	31	0.000004
12	34	0.991327
12	35	0.000003
12	38	0.000001
12	672	0.000003
12	681	0.000003
13	31	0.000121
13	34	0.000106
13	37	0.000001
13	49	0.000005
13	680	0.000003
13	681	0.000024
14	35	0.000005
14	48	0.000006
14	679	0.000003
14	680	0.000025
15	31	0.913834
15	34	0.000007
15	47	0.000006
15	679	0.000024
15	776	0.000018
16	28	0.000021
16	29	0.077309
16	30	0.916852
16	32	0.000048
16	33	0.000004
16	46	0.000006
16	678	0.000023
16	775	0.000021
17	26	0.000065
17	28	0.533762
17	29	0.462479
17	677	0.000012
17	774	0.000011
18	25	0.000137
18	27	0.988306
19	24	0.000100
19	26	0.987358
19	28	0.010476
20	25	0.983843
20	27	0.010726
21	26	0.008116
21	28	0.000001
21	29	0.000003
22	26	0.000008
22	28	0.000017
23	27	0.000017
23	48	0.000001
24	37	0.000003
24	47	0.000001
25	36	0.000003
25	46	0.000001
25	52	0.000001
25	64	0.000002
25	676	0.000002
25	767	0.000002
26	35	0.000003
26	37	0.000004
26	45	0.000001
26	51	0.000001
26	63	0.000002
26	675	0.000002
26	766	0.000003
27	36	0.000005
27	50	0.000001
27	62	0.000002
27	674	0.000002
27	765	0.000003
28	35	0.000005
28	49	0.000001
28	673	0.000002
28	764	0.000002
29	34	0.000003
29	672	0.000001
29	681	0.000001
29	763	0.000002
30	35	0.000001
30	59	0.000002
30	80	0.000270
30	680	0.000001
31	58	0.000002
31	79	0.000271
32	57	0.000002
32	78	0.000271
32	80	0.000001
32	679	0.000001
33	56	0.000002
33	781	0.000002
34	41	0.000001
34	55	0.000002
34	75	0.000200
34	76	0.000024
34	677	0.000004
35	40	0.000001
35	74	0.000206
35	75	0.000018
35	76	0.000001
35	77	0.000004
35	676	0.000004
35	780	0.000137
36	72	0.000004
36	673	0.000001
36	675	0.000004
36	779	0.000137
37	41	0.000005
37	75	0.000036
37	76	0.000098
37	745	0.000008
37	778	0.000131
38	58	0.000347
38	60	0.000002
38	75	0.000249
38	76	0.000070
38	79	0.000023
38	688	0.000001
38	690	0.000002
38	744	0.000023
38	752	0.000008
38	773	0.000002
38	774	0.000001
38	777	0.000092
38	778	0.000003
39	48	0.002974
39	57	0.000434
39	59	0.000003
39	68	0.000002
39	69	0.001093
39	71	0.000137
39	72	0.581951
39	78	0.000016
39	80	0.000026
39	81	0.000105
39	82	0.000007
39	84	0.000002
39	673	0.000021
39	680	0.000053
39	687	0.000002
39	689	0.000002
39	694	0.000055
39	740	0.000045
39	743	0.000028
39	748	0.000008
39	751	0.000022
39	779	0.000008
40	48	0.031024
40	56	0.000436
40	57	0.000001
40	68	0.001104
40	69	0.000194
40	71	0.587896
40	72	0.000066
40	78	0.000008
40	80	0.000236
40	81	0.000016
40	82	0.000011
40	673	0.000061
40	679	0.000053
40	680	0.000002
40	691	0.000005
40	694	0.000088
40	739	0.000040
40	740	0.000003
40	743	0.000006
40	748	0.000047
40	751	0.000006
40	779	0.000007
41	45	0.000124
41	47	0.028746
41	48	0.000358
41	49	0.054438
41	51	0.000037
41	54	0.000002
41	57	0.000006
41	68	0.000138
41	69	0.003007
41	70	0.584700
41	71	0.000044
41	72	0.000024
41	73	0.000412
41	78	0.000003
41	80	0.000010
41	81	0.000045
41	672	0.000054
41	679	0.000002
41	680	0.000001
41	681	0.000003
41	692	0.000148
41	694	0.000001
41	695	0.000376
41	748	0.000014
41	749	0.005741
41	776	0.000002
41	781	0.000034
42	48	0.063665
42	56	0.000015
42	59	0.000003
42	68	0.015020
42	69	0.567768
42	71	0.000041
42	72	0.000482
42	78	0.000142
42	80	0.004828
42	673	0.000011
42	679	0.000002
42	680	0.000004
42	689	0.000005
42	691	0.000163
42	694	0.000428
42	740	0.000006
42	743	0.000003
42	748	0.006682
42	751	0.000004
42	779	0.000748
43	55	0.000013
43	58	0.000003
43	61	0.000005
43	67	0.024880
43	75	0.000001
43	76	0.000018
43	79	0.004744
43	688	0.000004
43	690	0.000126
43	745	0.000006
43	747	0.006330
43	755	0.000001
43	768	0.000002
43	769	0.000009
43	772	0.000003
43	773	0.000018
43	774	0.000025
43	777	0.000002
43	778	0.000742
44	58	0.000001
44	60	0.000002
44	61	0.000218
44	67	0.011518
44	75	0.000015
44	76	0.000088
44	79	0.000011
44	744	0.000006
44	745	0.005648
44	747	0.000008
44	755	0.000002
44	758	0.000002
44	767	0.000002
44	768	0.000010
44	769	0.000003
44	771	0.000002
44	772	0.000019
44	773	0.000029
44	774	0.000011
44	777	0.000598
44	778	0.000028
45	58	0.000013
45	60	0.000299
45	61	0.000007
45	67	0.001976
45	75	0.000076
45	76	0.000043
45	79	0.000653
45	688	0.000100
45	690	0.000064
45	744	0.006071
45	745	0.000047
45	747	0.000003
45	752	0.000001
45	755	0.000001
45	767	0.000007
45	768	0.000003
45	771	0.000014
45	772	0.000017
45	773	0.000010
45	774	0.000003
45	777	0.000025
45	778	0.000012
46	56	0.000135
46	57	0.000012
46	59	0.000306
46	68	0.083477
46	69	0.000002
46	71	0.000010
46	72	0.000038
46	78	0.000702
46	80	0.000427
46	84	0.000002
46	88	0.000050
46	673	0.000032
46	679	0.000002
46	687	0.000107
46	689	0.000070
46	691	0.000146
46	694	0.000029
46	740	0.000008
46	743	0.006096
46	748	0.105478
46	751	0.000001
46	779	0.000753
47	55	0.000136
47	58	0.000279
47	60	0.000063
47	61	0.000391
47	67	0.083667
47	75	0.006512
47	76	0.000050
47	79	0.000386
47	87	0.000092
47	677	0.000004
47	688	0.000056
47	690	0.000149
47	744	0.000002
47	745	0.000009
47	747	0.106453
47	755	0.000119
47	769	0.000014
47	772	0.000002
47	773	0.000015
47	774	0.000068
47	777	0.000009
47	778	0.000684
48	52	0.000294
48	53	0.000118
48	55	0.000001
48	60	0.000251
48	61	0.385324
48	62	0.091748
48	64	0.001653
48	65	0.000653
48	66	0.074203
48	67	0.000001
48	74	0.007150
48	75	0.000033
48	76	0.000078
48	77	0.000614
48	83	0.000026
48	86	0.000096
48	671	0.000037
48	674	0.000004
48	676	0.000005
48	678	0.000004
48	683	0.000020
48	686	0.000009
48	693	0.000033
48	697	0.000002
48	712	0.000004
48	736	0.000001
48	741	0.001824
48	742	0.000665
48	744	0.000006
48	745	0.000780
48	746	0.106352
48	750	0.000066
48	753	0.000096
48	754	0.000129
48	755	0.000001
48	765	0.000010
48	768	0.000016
48	769	0.000006
48	772	0.000016
48	773	0.000075
48	774	0.000023
48	775	0.000894
48	777	0.000279
48	778	0.000010
48	780	0.000299
49	55	0.000006
49	58	0.000230
49	60	0.535409
49	61	0.046384
49	75	0.000078
49	76	0.000602
49	79	0.000038
49	677	0.000004
49	682	0.000018
49	688	0.000152
49	690	0.000364
49	696	0.000002
49	711	0.000006
49	734	0.000007
49	744	0.018299
49	745	0.083052
49	752	0.000097
49	767	0.000013
49	768	0.000005
49	771	0.000012
49	772	0.000052
49	773	0.000023
49	774	0.000763
49	777	0.000011
49	778	0.000005
50	56	0.000194
50	57	0.000246
50	59	0.585600
50	68	0.000028
50	69	0.000002
50	71	0.008407
50	72	0.005240
50	78	0.000041
50	80	0.028237
50	81	0.000007
50	82	0.000181
50	84	0.000053
50	673	0.000042
50	675	0.000003
50	679	0.000001
50	680	0.000003
50	687	0.000153
50	689	0.000388
50	691	0.000041
50	694	0.000036
50	710	0.000006
50	733	0.000008
50	739	0.000027
50	740	0.001103
50	743	0.035734
50	748	0.000145
50	751	0.000095
50	779	0.000434
51	55	0.000130
51	58	0.584016
51	60	0.000475
51	61	0.000007
51	67	0.000026
51	75	0.000007
51	76	0.000003
51	79	0.028321
51	688	0.000381
51	690	0.000040
51	709	0.000006
51	732	0.000008
51	744	0.030922
51	745	0.000005
51	747	0.000130
51	771	0.000001
51	772	0.000015
51	773	0.000008
51	774	0.000004
51	777	0.000003
51	778	0.000340
52	56	0.000372
52	57	0.578370
52	59	0.000490
52	68	0.000018
52	69	0.042107
52	71	0.000009
52	72	0.000022
52	78	0.027845
52	80	0.000486
52	81	0.125360
52	82	0.000004
52	673	0.000013
52	679	0.000005
52	680	0.000008
52	687	0.000358
52	689	0.000027
52	691	0.000002
52	694	0.000011
52	708	0.000006
52	731	0.000008
52	739	0.000015
52	740	0.001912
52	743	0.031399
52	748	0.000003
52	779	0.000009
53	57	0.000391
53	59	0.000099
53	68	0.044805
53	69	0.000059
53	71	0.000021
53	78	0.000207
53	80	0.316626
53	81	0.000004
53	673	0.000008
53	679	0.000008
53	687	0.000001
53	689	0.000027
53	691	0.000002
53	730	0.000007
53	739	0.001218
53	740	0.000070
53	743	0.000112
53	748	0.000003
53	779	0.000003
54	58	0.000069
54	60	0.000021
54	61	0.000013
54	67	0.044126
54	75	0.000005
54	76	0.002867
54	79	0.317855
54	688	0.000039
54	690	0.000002
54	744	0.002670
54	747	0.000002
54	767	0.000001
54	771	0.000007
54	777	0.000013
54	778	0.000002
55	59	0.000019
55	63	0.000063
55	68	0.000007
55	69	0.000005
55	78	0.317209
55	672	0.000209
55	684	0.000122
55	687	0.000039
55	689	0.000002
55	737	0.000008
55	739	0.000089
55	740	0.005621
55	743	0.002717
55	766	0.000001
55	770	0.000008
55	776	0.000016
56	62	0.000068
56	64	0.000011
56	65	0.047668
56	66	0.001821
56	67	0.000008
56	74	0.000187
56	75	0.030218
56	76	0.000092
56	77	0.314073
56	671	0.000256
56	677	0.000004
56	683	0.000128
56	686	0.000038
56	697	0.000002
56	727	0.000007
56	736	0.000007
56	738	0.000058
56	741	0.000019
56	742	0.002835
56	765	0.000001
56	768	0.000037
56	769	0.000005
56	775	0.000016
56	780	0.000001
57	61	0.000029
57	62	0.000011
57	64	0.047770
57	65	0.001774
57	66	0.000010
57	74	0.037687
57	75	0.000223
57	76	0.224490
57	77	0.000040
57	670	0.000256
57	676	0.000005
57	682	0.000120
57	686	0.000002
57	693	0.000002
57	696	0.000004
57	726	0.000008
57	736	0.000009
57	738	0.011071
57	741	0.002804
57	767	0.000053
57	768	0.000003
57	774	0.000004
58	63	0.041845
58	72	0.000629
58	73	0.037901
58	669	0.000256
58	675	0.000005
58	681	0.000116
58	684	0.000023
58	685	0.000002
58	687	0.000002
58	692	0.000002
58	694	0.000020
58	695	0.000005
58	725	0.000008
58	735	0.000009
58	737	0.011161
58	739	0.000201
58	740	0.002435
58	766	0.000058
59	64	0.000874
59	65	0.000005
59	66	0.000003
59	74	0.309321
59	75	0.000013
59	77	0.000005
59	83	0.000003
59	86	0.000011
59	668	0.000254
59	674	0.000005
59	682	0.000004
59	683	0.000031
59	686	0.000008
59	693	0.000097
59	724	0.000007
59	734	0.000007
59	736	0.011447
59	738	0.000392
59	765	0.000058
60	70	0.001230
60	71	0.037432
60	72	0.000010
60	73	0.309130
60	82	0.000003
60	85	0.000006
60	667	0.000221
60	673	0.000005
60	679	0.000015
60	681	0.000009
60	685	0.000008
60	692	0.000069
60	735	0.010020
60	737	0.000381
60	764	0.000057
61	68	0.000003
61	69	0.001382
61	70	0.038506
61	71	0.000013
61	72	0.307251
61	73	0.000392
61	81	0.000010
61	84	0.000002
61	85	0.000266
61	672	0.000003
61	680	0.000009
61	681	0.000015
61	684	0.000007
61	691	0.000036
61	692	0.000471
61	735	0.000048
61	737	0.000003
61	749	0.000003
61	763	0.000049
62	68	0.003812
62	69	0.038478
62	71	0.306455
62	72	0.000719
62	80	0.003748
62	84	0.000347
62	679	0.000009
62	680	0.000014
62	689	0.000244
62	691	0.000976
62	694	0.000002
62	733	0.011858
62	748	0.000005
62	779	0.000004
63	67	0.002650
63	75	0.000002
63	79	0.003764
63	682	0.000005
63	688	0.000251
63	690	0.000983
63	732	0.011962
63	747	0.000005
63	778	0.000004
64	68	0.009648
64	69	0.024401
64	71	0.000266
64	72	0.001043
64	78	0.003709
64	80	0.000022
64	81	0.000112
64	82	0.000413
64	679	0.000008
64	680	0.000045
64	687	0.000250
64	689	0.000973
64	731	0.011969
64	779	0.000006
65	69	0.001076
65	71	0.001066
65	72	0.002013
65	78	0.000012
65	80	0.000256
65	81	0.000488
65	679	0.000045
65	680	0.000138
65	687	0.000363
65	689	0.000008
65	691	0.000002
65	719	0.000008
65	730	0.011968
65	748	0.000002
65	779	0.000001
66	71	0.002023
66	72	0.000035
66	78	0.000025
66	80	0.000606
66	81	0.000001
66	679	0.000138
66	680	0.000085
66	687	0.000196
66	689	0.000005
66	718	0.000008
66	729	0.011954
66	748	0.000009
67	71	0.000029
67	72	0.000003
67	73	0.000007
67	78	0.000710
67	80	0.000003
67	679	0.000079
67	680	0.000107
67	684	0.000221
67	685	0.000062
67	687	0.000140
67	717	0.000008
67	725	0.000032
67	743	0.000004
67	748	0.000003
67	749	0.000001
67	756	0.000002
67	757	0.000002
67	759	0.000007
67	776	0.000047
67	781	0.000019
68	74	0.001730
68	75	0.000502
68	76	0.000016
68	77	0.001406
68	79	0.000002
68	677	0.000012
68	678	0.000053
68	682	0.000001
68	683	0.000230
68	686	0.000249
68	688	0.000001
68	693	0.000001
68	716	0.000008
68	724	0.000033
68	726	0.000203
68	727	0.009975
68	728	0.000007
68	742	0.000007
68	746	0.000018
68	747	0.000006
68	750	0.000061
68	754	0.000003
68	755	0.000002
68	758	0.000009
68	775	0.000059
68	780	0.000023
69	74	0.000526
69	75	0.000014
69	76	0.001340
69	77	0.000697
69	79	0.000003
69	676	0.000015
69	677	0.000014
69	678	0.000575
69	682	0.000158
69	683	0.000582
69	686	0.000142
69	715	0.000008
69	723	0.000033
69	726	0.011148
69	727	0.000005
69	728	0.000007
69	741	0.000007
69	744	0.000001
69	745	0.000019
69	746	0.000007
69	750	0.000010
69	753	0.000003
69	754	0.000002
69	755	0.000001
69	774	0.000055
69	775	0.000032
70	75	0.001163
70	76	0.000690
70	79	0.000605
70	677	0.000628
70	682	0.000581
70	722	0.000032
70	727	0.000008
70	744	0.000020
70	745	0.000006
70	747	0.007064
70	752	0.000002
70	755	0.005583
70	773	0.000048
70	774	0.000032
70	777	0.000002
70	778	0.000018
71	75	0.000321
71	76	0.000010
71	77	0.000370
71	79	0.000006
71	676	0.000638
71	677	0.000041
71	678	0.000016
71	682	0.000007
71	683	0.000251
71	686	0.000007
71	690	0.000001
71	693	0.000002
71	714	0.000003
71	723	0.000001
71	724	0.011893
71	726	0.000006
71	742	0.000191
71	744	0.000002
71	746	0.007456
71	747	0.000055
71	750	0.000005
71	754	0.005963
71	755	0.000007
71	772	0.000028
71	773	0.000029
71	775	0.000038
71	777	0.000012
71	780	0.000006
72	76	0.000161
72	77	0.001219
72	79	0.000013
72	674	0.000009
72	676	0.000066
72	677	0.000012
72	678	0.001316
72	682	0.000197
72	683	0.001252
72	686	0.000001
72	693	0.000002
72	696	0.000001
72	697	0.000018
72	702	0.000001
72	712	0.000006
72	723	0.011922
72	724	0.000008
72	741	0.000191
72	742	0.000012
72	745	0.007465
72	746	0.000063
72	750	0.000008
72	753	0.005957
72	754	0.000007
72	771	0.000007
72	772	0.000023
72	773	0.000001
72	774	0.000035
72	775	0.000037
72	780	0.000004
73	79	0.015027
73	677	0.001471
73	682	0.001326
73	688	0.000043
73	690	0.000082
73	696	0.000064
73	701	0.000001
73	711	0.000007
73	722	0.011756
73	744	0.007562
73	745	0.000053
73	747	0.000007
73	752	0.005902
73	755	0.000001
73	771	0.000018
73	772	0.000002
73	773	0.000030
73	774	0.000033
73	777	0.000001
73	778	0.000005
74	78	0.015559
74	80	0.032930
74	81	0.000559
74	673	0.001411
74	675	0.000045
74	679	0.001073
74	680	0.006697
74	687	0.000045
74	689	0.000086
74	691	0.000011
74	694	0.000084
74	698	0.000011
74	699	0.000003
74	710	0.000007
74	718	0.000002
74	719	0.000002
74	739	0.000002
74	740	0.000054
74	743	0.007539
74	748	0.000023
74	751	0.005837
74	779	0.000026
75	80	0.001492
75	81	0.000003
75	672	0.001401
75	673	0.000060
75	675	0.000010
75	679	0.006622
75	680	0.000072
75	681	0.000854
75	685	0.000013
75	692	0.000006
75	694	0.000003
75	695	0.000320
75	698	0.000003
75	700	0.000001
75	706	0.000002
75	717	0.000002
75	718	0.000002
75	720	0.000176
75	721	0.011216
75	739	0.000009
75	740	0.000004
75	743	0.000002
75	749	0.000030
75	757	0.000001
75	760	0.000002
75	761	0.000002
75	762	0.000002
75	763	0.000002
75	764	0.000001
75	770	0.000004
75	776	0.000001
75	779	0.000002
75	781	0.000004
75	782	0.000005
76	80	0.000140
76	85	0.000011
76	672	0.000121
76	673	0.000018
76	675	0.000041
76	679	0.000099
76	680	0.000981
76	681	0.000096
76	684	0.000013
76	685	0.000004
76	687	0.000002
76	691	0.000004
76	692	0.000149
76	694	0.000025
76	695	0.141405
76	699	0.000001
76	705	0.000002
76	717	0.000001
76	719	0.000160
76	720	0.011735
76	721	0.000001
76	740	0.000141
76	743	0.000002
76	748	0.000022
76	749	0.003592
76	756	0.000001
76	759	0.000002
76	760	0.000002
76	761	0.000002
76	762	0.000002
76	763	0.000001
76	770	0.000001
76	776	0.000001
76	779	0.000008
76	781	0.000009
76	782	0.000001
77	81	0.000005
77	84	0.000013
77	673	0.000956
77	675	0.130187
77	679	0.000968
77	680	0.000104
77	687	0.000009
77	691	0.000167
77	694	0.161877
77	698	0.000002
77	708	0.000009
77	718	0.000154
77	719	0.011775
77	737	0.000004
77	739	0.000163
77	740	0.000988
77	743	0.000254
77	748	0.003719
77	751	0.000025
77	779	0.000023
78	83	0.000012
78	86	0.000002
78	670	0.000002
78	671	0.000043
78	674	0.181566
78	676	0.006426
78	678	0.000802
78	686	0.000009
78	690	0.000002
78	693	0.161917
78	696	0.000004
78	697	0.000002
78	704	0.000003
78	707	0.000014
78	714	0.000002
78	736	0.000004
78	738	0.000152
78	741	0.001291
78	742	0.000287
78	744	0.000009
78	745	0.000001
78	746	0.000057
78	747	0.002432
78	750	0.000354
78	754	0.000002
78	765	0.000009
78	767	0.000043
78	771	0.000001
78	775	0.000002
78	777	0.000159
78	778	0.000008
78	780	0.000072
79	85	0.000001
79	669	0.000002
79	672	0.008627
79	673	0.166554
79	675	0.006462
79	679	0.000074
79	684	0.000002
79	685	0.000007
79	691	0.000009
79	692	0.153213
79	694	0.000067
79	695	0.000006
79	703	0.000003
79	706	0.000014
79	713	0.000002
79	717	0.011841
79	735	0.000004
79	737	0.000141
79	739	0.000001
79	740	0.001219
79	743	0.000199
79	748	0.000002
79	749	0.000303
79	764	0.000009
79	766	0.000047
79	770	0.000001
79	776	0.000181
79	779	0.000069
79	781	0.000019
80	87	0.000002
80	668	0.000001
80	670	0.000092
80	671	0.008547
80	674	0.006154
80	676	0.000315
80	677	0.000002
80	678	0.000115
80	683	0.000004
80	690	0.000004
80	693	0.000153
80	702	0.000002
80	712	0.000002
80	714	0.000001
80	715	0.000006
80	716	0.011878
80	734	0.000003
80	736	0.000127
80	738	0.000001
80	741	0.000140
80	742	0.000260
80	744	0.000019
80	745	0.000091
80	746	0.000836
80	747	0.000005
80	750	0.000105
80	754	0.000003
80	765	0.000049
80	769	0.000001
80	775	0.000186
80	778	0.000031
80	780	0.000023
81	86	0.000002
81	670	0.004979
81	671	0.849221
81	674	0.000002
81	677	0.000120
81	690	0.000003
81	714	0.000003
81	715	0.010902
81	741	0.000081
81	742	0.000034
81	745	0.000136
81	746	0.000002
81	747	0.000002
81	774	0.000001
82	668	0.002139
82	670	0.981173
82	671	0.000432
82	674	0.000038
82	676	0.000149
82	688	0.000003
82	704	0.000026
82	714	0.010392
82	741	0.000036
82	744	0.000138
82	780	0.000206
83	667	0.002143
83	669	0.986140
83	673	0.000038
83	675	0.000149
83	679	0.000011
83	687	0.000003
83	703	0.000027
83	708	0.000003
83	710	0.000004
83	740	0.000036
83	743	0.000139
83	779	0.000207
84	666	0.001949
84	668	0.983171
84	670	0.000019
84	671	0.000010
84	674	0.000145
84	678	0.000011
84	686	0.000003
84	702	0.000026
84	707	0.000003
84	709	0.000001
84	711	0.000001
84	712	0.008243
84	742	0.000135
84	775	0.000002
84	778	0.000187
85	666	0.001657
85	677	0.000010
85	701	0.000022
85	709	0.000013
85	711	0.008896
85	712	0.000012
85	774	0.000001
85	777	0.000152
86	667	0.902881
86	669	0.000013
86	673	0.000137
86	699	0.000002
86	708	0.000014
86	710	0.008816
86	740	0.000015
86	743	0.000001
87	667	0.000342
87	669	0.000001
87	672	0.000136
87	698	0.000001
87	706	0.000001
87	708	0.000023
87	710	0.000001
87	739	0.000002
87	776	0.000005
88	664	0.000006
88	665	0.993998
88	666	0.000044
88	671	0.000096
88	707	0.000006
88	775	0.000003
89	664	0.999872
89	665	0.000024
89	670	0.000082
90	663	0.999892
90	669	0.000071
91	662	0.999944
91	668	0.000013
92	661	0.999991
93	660	0.999980
94	659	0.999388
95	656	0.000013
95	657	0.000229
95	658	0.997776
98	655	0.982843
99	654	0.999938
100	653	0.999991
101	652	0.999957
102	650	0.000010
102	651	0.999923
103	650	0.998699
103	651	0.000008
104	647	0.000052
104	648	0.561768
105	645	0.000004
105	647	0.539373
105	648	0.014453
105	649	0.041305
106	646	0.511387
107	644	0.000154
107	647	0.446854
107	648	0.001393
108	646	0.445731
109	646	0.002315
110	643	0.001002
110	644	0.997372
111	642	0.000975
111	643	0.998960
111	644	0.000002
112	642	0.997501
113	641	0.999925
114	640	0.999978
115	639	0.994405
116	635	0.000839
116	636	0.056438
116	638	0.941045
117	635	0.075942
117	636	0.792640
117	638	0.000123
119	631	0.000002
119	632	0.949020
119	633	0.045508
120	631	0.965922
120	632	0.032220
120	633	0.001294
121	630	0.978546
121	634	0.000005
121	637	0.000331
122	626	0.000005
122	629	0.979477
122	631	0.019821
122	632	0.000041
122	633	0.000004
123	625	0.000005
123	628	0.965945
123	630	0.019413
123	635	0.000414
124	130	0.000002
124	624	0.000006
124	625	0.000003
124	628	0.020980
124	630	0.000497
124	634	0.000414
125	129	0.000002
125	626	0.007842
125	627	0.846443
125	629	0.009223
125	632	0.000008
125	633	0.000409
126	622	0.000003
126	626	0.964002
126	627	0.000026
126	629	0.000010
126	631	0.000014
126	632	0.000402
127	622	0.000014
127	627	0.013184
128	622	0.000055
128	626	0.013372
128	629	0.000392
128	631	0.000013
129	623	0.978769
129	625	0.012883
129	628	0.000392
129	630	0.000013
130	622	0.968550
130	627	0.000385
131	619	0.000002
131	620	0.996431
131	622	0.000006
131	626	0.000095
132	619	0.999927
132	620	0.000051
133	618	0.999965
133	619	0.000026
134	617	0.999938
135	615	0.000141
135	616	0.998339
136	614	0.000144
136	615	0.999831
137	613	0.000147
137	614	0.999841
138	611	0.000189
138	613	0.999787
139	609	0.000412
139	610	0.000255
139	612	0.998747
140	608	0.001937
140	611	0.995176
142	607	0.982147
142	608	0.014479
143	606	0.999947
143	609	0.000002
144	605	0.999509
145	604	0.999981
146	603	0.999991
147	602	0.999977
148	601	0.999511
149	600	0.999970
150	596	0.000003
150	598	0.000003
150	599	0.999028
151	595	0.000033
151	597	0.000003
151	598	0.998830
152	594	0.000038
152	596	0.000006
152	597	0.999911
153	593	0.000039
153	594	0.000008
153	596	0.997014
153	597	0.000012
154	592	0.000021
155	592	0.000016
156	592	0.000484
157	592	0.988913
158	591	0.999943
159	590	0.999976
160	589	0.999698
161	588	0.999933
162	583	0.000001
162	584	0.000069
162	585	0.000189
162	586	0.001962
162	587	0.997722
163	214	0.000002
163	582	0.000002
163	583	0.000085
163	584	0.000238
163	585	0.003915
163	586	0.995726
163	587	0.000010
164	213	0.000038
164	214	0.000070
164	536	0.000048
164	581	0.000002
164	582	0.000102
164	583	0.000288
164	584	0.005857
164	585	0.993503
164	586	0.000020
165	212	0.000074
165	213	0.001584
165	214	0.000203
165	226	0.000002
165	535	0.000066
165	536	0.000014
165	580	0.000003
165	581	0.000116
165	582	0.000339
165	583	0.007706
165	584	0.981068
165	585	0.000030
166	174	0.000002
166	211	0.000010
166	215	0.003634
166	216	0.002175
166	217	0.000836
166	218	0.000002
166	219	0.000001
166	225	0.000012
166	237	0.000006
166	531	0.000003
166	533	0.000009
166	534	0.000073
166	537	0.000012
167	175	0.000638
167	209	0.000002
167	212	0.211775
167	213	0.334957
167	214	0.002171
167	220	0.000001
167	224	0.000017
167	230	0.000002
167	235	0.000084
167	236	0.000012
167	410	0.000004
167	530	0.000006
167	532	0.000004
167	535	0.000721
167	536	0.000066
167	539	0.000001
167	575	0.000001
167	578	0.000591
167	579	0.000156
167	580	0.000592
167	581	0.003718
167	582	0.088152
167	583	0.104304
167	584	0.000016
168	174	0.000648
168	208	0.000001
168	211	0.005329
168	215	0.000788
168	216	0.000617
168	217	0.000209
168	219	0.000002
168	223	0.000016
168	229	0.000002
168	234	0.000113
168	533	0.000003
168	534	0.000717
168	543	0.000002
168	577	0.000023
169	173	0.000639
169	210	0.002715
169	211	0.976341
169	215	0.000249
169	222	0.000007
169	233	0.000117
169	529	0.000007
169	533	0.000552
169	537	0.000002
169	542	0.000002
169	576	0.000015
169	577	0.004813
170	210	0.990932
170	211	0.000010
170	215	0.000001
170	231	0.000121
170	528	0.000007
170	531	0.000025
170	541	0.000002
170	576	0.004833
171	175	0.000001
171	209	0.993673
171	212	0.000020
171	213	0.000001
171	230	0.000121
171	527	0.000007
171	530	0.000023
171	535	0.000007
171	575	0.004824
171	578	0.000008
171	581	0.000001
171	582	0.000003
171	583	0.000001
172	205	0.000003
172	206	0.000015
172	207	0.000500
172	208	0.983163
172	210	0.000004
172	211	0.000019
172	229	0.000121
172	526	0.000006
172	529	0.000021
172	534	0.000008
172	574	0.004501
172	576	0.000002
172	577	0.000007
173	209	0.000010
173	227	0.000001
173	228	0.000119
173	527	0.000001
173	573	0.001400
173	575	0.000002
173	581	0.000006
174	226	0.000002
174	532	0.000007
174	580	0.000005
175	204	0.002913
175	206	0.241103
175	531	0.000007
175	571	0.000002
176	203	0.002195
176	204	0.994779
176	206	0.000006
177	202	0.001468
177	203	0.997767
177	204	0.000019
178	201	0.000740
178	202	0.998509
178	203	0.000013
179	199	0.000001
179	201	0.999230
179	202	0.000007
180	200	0.999463
181	198	0.000001
181	199	0.998119
182	198	0.998841
183	197	0.999964
184	196	0.999509
185	193	0.000002
185	195	0.999972
186	192	0.000006
186	194	0.999917
187	191	0.000024
187	193	0.991644
187	195	0.000007
188	192	0.980165
188	194	0.000008
189	193	0.000009
205	214	0.000201
205	226	0.000001
205	235	0.000001
205	418	0.000002
205	540	0.000003
206	212	0.000005
206	213	0.000211
206	221	0.000015
206	224	0.000002
206	227	0.000013
206	236	0.000002
206	417	0.000003
206	418	0.000002
206	539	0.000003
206	581	0.000005
207	214	0.000001
207	220	0.000015
207	226	0.000013
207	235	0.000002
207	417	0.000002
207	580	0.000005
208	232	0.000005
208	415	0.000085
208	549	0.000012
208	579	0.000002
209	215	0.000014
209	218	0.000016
209	222	0.000063
209	231	0.000005
209	414	0.000092
209	537	0.000201
209	541	0.004923
209	542	0.000006
209	548	0.000013
210	214	0.000005
210	221	0.000066
210	224	0.000001
210	230	0.000005
210	413	0.000092
210	536	0.000249
210	540	0.005003
210	547	0.000013
210	579	0.000006
210	582	0.000005
210	583	0.000008
211	220	0.000058
211	228	0.000002
211	232	0.000005
211	412	0.000093
211	530	0.000015
211	532	0.000002
211	535	0.000250
211	536	0.000002
211	539	0.005065
211	546	0.000013
211	578	0.000022
211	581	0.000005
211	582	0.000009
211	583	0.000001
212	218	0.000054
212	222	0.000004
212	231	0.000015
212	233	0.000037
212	411	0.000092
212	529	0.000016
212	531	0.000008
212	533	0.000100
212	537	0.000013
212	538	0.005079
212	542	0.000002
212	545	0.000013
212	577	0.000025
213	218	0.000120
213	222	0.000050
213	231	0.000015
213	233	0.000037
213	528	0.000016
213	531	0.000019
213	533	0.000261
213	537	0.005102
213	538	0.000036
213	541	0.000002
213	544	0.000013
213	576	0.000025
213	577	0.000002
214	218	0.000004
214	219	0.000029
214	222	0.000362
214	223	0.000007
214	225	0.000057
214	229	0.000061
214	231	0.000137
214	234	0.000001
214	237	0.000419
214	411	0.000001
214	525	0.000007
214	531	0.000002
214	533	0.000024
214	534	0.000056
214	537	0.000162
214	543	0.000013
214	576	0.000002
215	220	0.000001
215	221	0.000956
215	224	0.000073
215	227	0.000035
215	228	0.000070
215	230	0.000211
215	232	0.000001
215	236	0.000848
215	238	0.000020
215	239	0.000609
215	410	0.000136
215	524	0.000008
215	527	0.000002
215	532	0.000024
215	535	0.001081
215	536	0.001069
215	575	0.000003
215	579	0.000001
215	580	0.000017
215	581	0.002476
215	582	0.000190
215	583	0.000163
215	584	0.000002
216	220	0.000725
216	226	0.000034
216	235	0.000741
216	238	0.001107
216	409	0.000075
216	523	0.000007
216	532	0.000068
216	579	0.000010
216	580	0.002344
217	226	0.000013
217	232	0.000002
217	235	0.000012
217	238	0.000231
217	409	0.000002
217	532	0.000049
217	540	0.000001
217	579	0.000881
217	580	0.000018
218	224	0.000035
218	227	0.000589
218	228	0.000006
218	230	0.000003
218	232	0.000003
218	235	0.000009
218	236	0.991405
218	239	0.000004
218	535	0.000004
218	536	0.000014
218	539	0.000001
218	578	0.000074
218	581	0.000006
218	582	0.000001
218	583	0.000001
219	226	0.000575
219	232	0.000234
219	235	0.993496
219	238	0.000007
219	580	0.000005
220	225	0.000467
220	229	0.000002
220	231	0.000068
220	233	0.000008
220	234	0.993939
220	237	0.000009
220	534	0.000024
220	538	0.000001
220	577	0.000068
221	231	0.000704
221	233	0.991077
221	533	0.000027
221	537	0.000004
221	576	0.000069
222	226	0.000004
222	227	0.000309
222	228	0.000487
222	230	0.001249
222	232	0.370579
222	235	0.000003
222	236	0.002218
222	532	0.000008
222	536	0.000005
222	575	0.000066
222	581	0.000002
223	232	0.579365
223	235	0.002199
223	417	0.000001
223	580	0.000001
224	231	0.884456
224	233	0.002949
224	416	0.000001
224	423	0.000002
224	531	0.000001
224	533	0.000001
225	232	0.003383
225	235	0.000206
225	415	0.000001
225	422	0.000002
225	532	0.000001
226	231	0.003157
226	234	0.000270
226	421	0.000002
226	534	0.000001
226	543	0.000061
227	231	0.000334
227	233	0.000276
227	420	0.000002
227	533	0.000001
227	542	0.000070
228	233	0.000046
228	416	0.000093
228	533	0.000038
228	541	0.000070
229	415	0.000095
229	532	0.000038
229	540	0.000068
230	414	0.000095
230	531	0.000037
230	537	0.000015
230	538	0.000007
231	236	0.000062
231	412	0.000053
231	413	0.000056
231	530	0.000007
231	535	0.000007
231	536	0.000016
231	539	0.000017
232	411	0.000092
232	435	0.000001
232	529	0.000004
232	534	0.000007
232	537	0.000046
232	538	0.000013
233	410	0.000111
233	412	0.000013
233	434	0.000001
233	535	0.000016
233	536	0.000059
233	581	0.000003
234	409	0.000093
234	433	0.000001
234	532	0.000005
234	580	0.000002
235	408	0.000027
235	411	0.000007
235	432	0.000001
235	531	0.000002
235	534	0.000086
236	407	0.000010
236	411	0.000002
236	431	0.000001
236	533	0.000092
237	409	0.826835
237	532	0.000035
237	580	0.000001
238	407	0.000002
238	408	0.968013
238	531	0.000004
239	406	0.000004
239	407	0.999075
240	405	0.000004
240	406	0.999594
240	407	0.000335
241	404	0.000003
241	405	0.999630
241	406	0.000342
242	404	0.999591
242	405	0.000348
243	402	0.000014
243	403	0.991064
243	404	0.000336
245	402	0.898324
246	399	0.000014
246	401	0.898324
247	399	0.991400
248	398	0.999931
248	399	0.000020
249	397	0.999976
249	398	0.000014
250	396	0.999984
250	397	0.000007
251	395	0.999991
252	394	0.999977
253	393	0.999484
254	392	0.999545
255	385	0.000001
255	390	0.000016
255	391	0.139503
256	390	0.126732
256	391	0.860113
257	381	0.000002
257	390	0.870981
257	391	0.000005
258	380	0.000001
258	383	0.003693
258	384	0.115881
258	386	0.003915
258	387	0.015209
258	388	0.003286
258	389	0.840129
259	383	0.256803
259	384	0.001320
259	386	0.021439
259	387	0.005103
259	388	0.668693
259	389	0.000330
260	381	0.996116
261	380	0.999846
261	383	0.000003
261	384	0.000002
261	386	0.000065
262	379	0.999481
262	384	0.000002
263	378	0.999479
263	382	0.000003
264	377	0.999893
264	381	0.000003
265	376	0.987407
266	374	0.146818
266	376	0.000045
266	380	0.000007
267	376	0.000040
267	379	0.000006
268	371	0.925032
268	372	0.010413
268	373	0.005395
268	375	0.000051
268	378	0.000002
269	369	0.000109
269	370	0.999503
269	374	0.000014
270	368	0.000118
270	369	0.999800
270	370	0.000069
271	367	0.000125
271	368	0.999797
271	369	0.000064
272	367	0.999594
272	368	0.000058
273	363	0.000002
273	365	0.998903
274	362	0.000001
274	364	0.996494
275	364	0.000172
276	362	0.995677
276	364	0.000003
277	358	0.000002
277	360	0.000001
277	361	0.998089
277	363	0.000003
278	357	0.000003
278	360	0.998404
278	361	0.000234
278	363	0.000008
279	356	0.000003
279	359	0.976086
279	362	0.000007
280	288	0.000001
280	355	0.000002
281	287	0.000001
281	356	0.001401
281	359	0.011295
282	355	0.001129
283	355	0.000009
284	355	0.000012
284	356	0.997678
285	352	0.000168
285	355	0.998207
286	351	0.000153
286	353	0.000004
286	354	0.999081
287	350	0.000130
287	351	0.000010
287	353	0.998194
288	350	0.000010
288	351	0.000683
288	353	0.000013
289	350	0.000102
289	351	0.721085
289	354	0.000006
290	350	0.993170
290	351	0.000648
290	353	0.000007
291	349	0.970807
291	352	0.000007
292	349	0.004125
293	347	0.992218
293	348	0.004892
293	349	0.000674
294	346	0.996190
294	347	0.002477
294	348	0.000994
294	349	0.000003
295	345	0.997996
296	344	0.998184
296	346	0.000026
296	347	0.001300
296	348	0.000003
297	302	0.000001
297	304	0.000001
297	341	0.000020
297	344	0.000078
297	346	0.001508
297	347	0.000002
298	340	0.000020
298	342	0.989079
298	343	0.000073
298	345	0.001532
299	339	0.000020
299	341	0.997923
299	344	0.001533
299	346	0.000004
300	340	0.996338
300	343	0.001344
300	345	0.000003
301	339	0.973406
302	306	0.000001
302	342	0.000140
302	343	0.000213
303	342	0.000222
303	343	0.000176
304	342	0.000185
304	343	0.000065
305	342	0.000067
306	338	0.997937
306	339	0.000016
306	341	0.000040
307	337	0.999440
307	340	0.000022
308	336	0.999973
308	339	0.000002
309	335	0.999958
309	338	0.000002
310	334	0.983005
312	331	0.000001
312	332	0.994313
312	333	0.000931
313	331	0.999385
314	330	0.999490
315	329	0.999963
316	328	0.999575
317	326	0.000011
317	327	0.999915
318	326	0.998639
318	327	0.000036
318	329	0.000002
319	328	0.000005
320	326	0.000214
320	327	0.000008
321	325	0.000664
321	326	0.000010
381	386	0.000159
381	387	0.000006
381	388	0.000021
381	389	0.000068
382	387	0.000208
382	388	0.000133
383	390	0.000010
383	391	0.000001
384	390	0.000001
386	390	0.000005
386	391	0.000002
405	536	0.000004
405	583	0.000001
406	535	0.000005
406	536	0.000037
406	582	0.000002
407	532	0.000001
407	535	0.000051
407	536	0.000028
407	581	0.000003
408	532	0.002063
408	580	0.000003
409	426	0.000001
409	427	0.000003
409	429	0.000003
409	531	0.000129
409	533	0.000623
409	534	0.002231
409	537	0.000004
410	428	0.000005
410	531	0.904607
410	533	0.004384
410	537	0.000036
411	425	0.000787
411	530	0.994040
411	532	0.003413
411	535	0.000085
411	536	0.000032
411	539	0.000014
411	578	0.000522
412	424	0.000788
412	529	0.994292
412	531	0.002048
412	533	0.000294
412	538	0.000014
412	577	0.000523
413	423	0.000788
413	528	0.994139
413	529	0.000144
413	531	0.002070
413	533	0.000008
413	537	0.000014
413	576	0.000523
414	422	0.000785
414	527	0.988603
414	530	0.003445
414	532	0.000007
414	536	0.000014
414	575	0.000521
415	421	0.000781
415	426	0.000016
415	525	0.000102
415	526	0.767913
415	528	0.000838
415	529	0.003320
415	531	0.000012
415	574	0.000479
416	425	0.000074
416	524	0.000082
416	527	0.005161
416	530	0.000018
416	535	0.000008
416	573	0.000078
417	424	0.000073
417	428	0.000009
417	525	0.001000
417	526	0.005151
417	528	0.000001
417	529	0.000018
417	534	0.000008
418	423	0.000061
418	427	0.000028
418	525	0.005864
418	526	0.210893
418	528	0.000006
418	533	0.000006
419	426	0.000033
419	522	0.000007
419	525	0.974810
419	526	0.000053
420	425	0.000033
420	521	0.000006
420	523	0.000006
420	524	0.998468
421	523	0.998526
422	522	0.998272
423	520	0.000009
423	521	0.999010
424	520	0.997011
424	521	0.000006
425	431	0.007721
425	518	0.000604
426	433	0.000043
426	517	0.000267
427	433	0.000133
427	517	0.000006
428	433	0.000016
428	434	0.000091
428	520	0.000082
428	521	0.000002
428	524	0.000652
428	581	0.000003
429	433	0.000083
429	523	0.000633
429	580	0.000003
430	523	0.000002
430	579	0.000003
431	520	0.000962
431	521	0.000645
431	524	0.000039
432	523	0.000038
433	518	0.000002
433	519	0.985446
433	522	0.000008
434	516	0.000001
434	518	0.999205
435	517	0.999285
436	445	0.000002
436	515	0.000019
436	516	0.999957
436	529	0.000001
437	444	0.000002
437	514	0.000034
437	515	0.999610
437	528	0.000001
438	443	0.000002
438	527	0.000001
439	513	0.997035
439	514	0.000005
440	511	0.000070
440	512	0.999789
441	510	0.002212
441	511	0.965872
442	509	0.002221
443	509	0.987153
444	507	0.000004
444	508	0.998109
444	521	0.000002
445	453	0.000001
445	507	0.999967
445	520	0.000002
446	452	0.000001
446	506	0.999924
446	518	0.000004
447	505	0.979880
447	517	0.000004
448	502	0.000018
448	516	0.000004
449	502	0.000270
449	515	0.000004
450	499	0.000013
450	502	0.997364
450	514	0.000004
451	498	0.000013
451	501	0.999337
451	513	0.000004
452	497	0.000014
452	500	0.999926
452	512	0.000004
453	496	0.000014
453	498	0.001966
453	499	0.994314
453	501	0.000005
454	497	0.003925
454	500	0.000006
455	497	0.915486
458	495	0.987521
459	493	0.000014
459	494	0.999882
460	492	0.000015
460	493	0.999961
460	494	0.000012
461	491	0.000013
461	492	0.999828
461	493	0.000012
462	491	0.956921
463	487	0.000002
463	491	0.005332
464	485	0.000001
465	487	0.000003
465	491	0.000208
466	484	0.000008
466	487	0.000018
466	491	0.000067
467	483	0.000009
467	487	0.000051
467	488	0.995345
468	487	0.998876
469	478	0.000001
469	482	0.000004
469	485	0.000001
469	486	0.999416
470	477	0.000002
470	481	0.000004
470	485	0.999850
471	484	0.984543
471	487	0.000006
472	477	0.000002
472	478	0.000226
472	479	0.000012
472	481	0.000059
472	482	0.871335
472	486	0.000012
473	477	0.000224
473	479	0.000335
473	481	0.901310
473	482	0.090301
473	485	0.000013
474	480	0.887689
474	483	0.002138
474	484	0.000018
475	484	0.000002
476	481	0.001652
476	482	0.001617
477	483	0.000051
478	484	0.000004
479	483	0.000008
496	510	0.000005
497	509	0.000006
498	508	0.000006
499	507	0.000006
500	506	0.000006
501	505	0.000004
520	529	0.000020
521	528	0.000020
521	533	0.000002
522	532	0.000002
523	531	0.000001
523	534	0.000007
524	533	0.000008
525	532	0.000006
526	532	0.000002
527	531	0.000002
527	537	0.000720
527	541	0.000523
528	535	0.000004
528	536	0.000826
528	539	0.000005
528	540	0.000536
528	582	0.000001
528	583	0.000012
528	584	0.000005
529	535	0.000822
529	539	0.000539
529	581	0.000001
529	582	0.000012
529	583	0.000006
530	537	0.000038
530	538	0.000528
531	535	0.000197
531	536	0.001424
531	539	0.000025
531	580	0.000013
531	581	0.000081
531	582	0.010762
531	583	0.008510
531	584	0.000030
532	537	0.000116
532	538	0.000027
533	539	0.000006
533	578	0.000013
533	579	0.000026
533	580	0.000991
533	581	0.250677
533	582	0.009623
533	583	0.019879
533	584	0.000083
534	579	0.000455
534	580	0.236856
535	541	0.000001
535	542	0.000276
535	577	0.000038
536	541	0.000278
536	542	0.000009
536	576	0.000039
537	573	0.000007
537	575	0.000033
537	578	0.000438
537	579	0.870365
537	580	0.001369
537	581	0.001143
537	582	0.001008
537	583	0.000449
537	584	0.000011
538	572	0.000008
538	578	0.991891
538	579	0.000039
538	580	0.000024
538	581	0.000491
538	582	0.000211
538	583	0.000012
539	571	0.000008
539	576	0.000017
539	577	0.993506
540	570	0.000008
540	574	0.000005
540	576	0.991400
540	577	0.000038
541	569	0.000008
541	573	0.000005
541	575	0.989398
541	578	0.000020
541	579	0.000005
541	581	0.000001
541	582	0.000307
541	583	0.000001
542	572	0.000004
542	573	0.000090
542	575	0.002357
542	578	0.000005
542	580	0.000001
542	581	0.000317
543	579	0.000001
543	580	0.000317
544	566	0.000006
544	572	0.000123
544	573	0.996215
544	579	0.000299
545	565	0.000005
545	569	0.000004
545	572	0.999530
545	578	0.000300
546	564	0.000004
546	571	0.999654
546	577	0.000300
547	567	0.000181
547	568	0.000003
547	570	0.998981
547	576	0.000299
548	566	0.000363
548	569	0.998920
548	575	0.000298
549	567	0.045705
549	568	0.837527
549	574	0.000293
550	565	0.948055
550	566	0.045983
550	572	0.000003
550	573	0.000066
551	564	0.999332
551	571	0.000005
552	563	0.999464
552	565	0.000170
552	566	0.000010
553	562	0.999198
554	560	0.000010
554	561	0.998753
554	563	0.000469
555	559	0.000509
555	560	0.873520
555	562	0.000479
556	560	0.000117
556	561	0.000490
556	566	0.000002
557	561	0.000002
557	565	0.000002
564	572	0.000002
565	571	0.000002
566	571	0.000001
576	581	0.000005
576	582	0.000123
576	583	0.000241
576	584	0.000003
577	581	0.000120
577	582	0.000236
577	583	0.000003
623	629	0.000002
633	638	0.000002
663	668	0.000002
665	673	0.000008
665	679	0.000001
665	680	0.000035
666	672	0.000064
666	675	0.000289
666	679	0.000087
666	681	0.000004
666	684	0.000063
666	705	0.000074
666	708	0.000002
666	710	0.000087
666	713	0.000022
666	743	0.000006
666	781	0.000004
667	671	0.000072
667	674	0.000807
667	676	0.001049
667	678	0.000112
667	683	0.000073
667	704	0.000087
667	707	0.000004
667	709	0.005925
667	711	0.000808
667	712	0.000014
667	741	0.000005
667	742	0.000014
667	744	0.000013
667	780	0.000004
668	673	0.000815
668	675	0.001054
668	679	0.000006
668	694	0.000009
668	698	0.000001
668	703	0.000087
668	708	0.006301
668	710	0.000971
668	740	0.000005
668	743	0.000014
668	779	0.000004
669	674	0.001001
669	676	0.000159
669	678	0.000006
669	693	0.000010
669	697	0.000001
669	702	0.000083
669	707	0.006209
669	709	0.001090
669	711	0.000003
669	741	0.000129
669	742	0.000008
669	778	0.000002
670	675	0.000159
670	680	0.000099
670	691	0.000001
670	694	0.000006
670	699	0.000033
670	708	0.001091
670	710	0.000005
670	740	0.000136
671	675	0.000001
671	679	0.000101
671	680	0.000003
671	689	0.000008
671	691	0.000225
671	694	0.020873
671	698	0.000033
671	708	0.000025
671	710	0.000012
671	739	0.000122
671	740	0.000007
671	743	0.000007
671	748	0.000067
671	779	0.000004
672	677	0.000004
672	682	0.000001
672	688	0.000007
672	690	0.000162
672	696	0.000031
672	709	0.000013
672	712	0.000008
672	745	0.000008
672	747	0.000063
672	755	0.000006
672	778	0.000004
673	677	0.000002
673	678	0.000010
673	682	0.000001
673	683	0.000003
673	686	0.000001
673	688	0.000226
673	690	0.003597
673	693	0.143049
673	696	0.000026
673	697	0.000004
673	702	0.000003
673	704	0.206420
673	709	0.000001
673	711	0.000011
673	741	0.000018
673	742	0.000001
673	744	0.000013
673	746	0.000027
673	750	0.000047
673	752	0.000007
673	754	0.000007
673	775	0.000001
673	777	0.000002
673	780	0.000986
674	679	0.000023
674	680	0.000059
674	687	0.000256
674	689	0.004078
674	691	0.573720
674	694	0.004663
674	698	0.000062
674	703	0.206873
674	708	0.000001
674	710	0.000011
674	740	0.000018
674	743	0.000014
674	751	0.000010
674	779	0.000986
675	682	0.000001
675	683	0.000008
675	686	0.000255
675	688	0.003943
675	690	0.623937
675	693	0.005718
675	696	0.000015
675	697	0.000088
675	701	0.000016
675	702	0.206198
675	704	0.000557
675	707	0.000001
675	709	0.000011
675	741	0.000009
675	742	0.000009
675	744	0.000014
675	746	0.000008
675	750	0.000165
675	778	0.000297
675	780	0.000791
676	680	0.000053
676	687	0.003598
676	689	0.649109
676	691	0.001252
676	694	0.003383
676	698	0.000001
676	699	0.000015
676	703	0.000562
676	708	0.000011
676	718	0.000037
676	719	0.000003
676	740	0.000011
676	743	0.000015
676	748	0.000002
676	751	0.000003
676	779	0.000802
677	681	0.000006
677	684	0.000061
677	685	0.000080
677	687	0.000022
677	689	0.000197
677	691	0.000022
677	692	0.024089
677	694	0.000005
677	695	0.048385
677	698	0.000008
677	699	0.000094
677	700	0.203077
677	705	0.000005
677	706	0.000001
677	717	0.000037
677	718	0.000003
677	739	0.000001
677	749	0.002448
677	776	0.000073
678	687	0.665784
678	689	0.000809
678	691	0.026930
678	694	0.055302
678	698	0.000164
678	699	0.208588
678	703	0.000003
678	739	0.000001
678	743	0.000055
678	748	0.002840
678	779	0.000002
679	683	0.000116
679	686	0.669526
679	688	0.000792
679	690	0.026621
679	693	0.054316
679	696	0.000002
679	697	0.000120
679	702	0.000003
679	704	0.000022
679	714	0.000002
679	715	0.000105
679	716	0.000017
679	738	0.000001
679	742	0.000061
679	746	0.000004
679	747	0.002830
679	750	0.000010
679	754	0.000009
679	755	0.000005
679	765	0.000059
679	769	0.000006
679	773	0.000032
679	774	0.000030
679	775	0.000718
679	777	0.000004
679	778	0.000002
679	780	0.000003
680	686	0.000407
680	688	0.000010
680	690	0.000009
680	693	0.002048
680	696	0.000050
680	697	0.211445
680	702	0.000193
680	712	0.000010
680	714	0.000105
680	715	0.000017
680	741	0.000060
680	745	0.000004
680	746	0.002825
680	750	0.000011
680	753	0.000008
680	754	0.000005
680	765	0.000006
680	768	0.000008
680	769	0.000001
680	772	0.000049
680	773	0.000040
680	774	0.000722
680	775	0.000612
680	778	0.000002
681	688	0.026016
681	690	0.001276
681	696	0.212127
681	701	0.000196
681	711	0.000011
681	712	0.000013
681	744	0.000009
681	745	0.002422
681	752	0.000006
681	758	0.000001
681	767	0.000008
681	768	0.000001
681	771	0.000052
681	772	0.000041
681	773	0.000700
681	774	0.000593
681	777	0.000003
681	778	0.000002
682	687	0.022784
682	689	0.001088
682	691	0.000131
682	692	0.022342
682	694	0.000002
682	695	0.212038
682	700	0.000196
682	710	0.000007
682	713	0.000005
682	740	0.000007
682	743	0.000011
682	749	0.000022
682	751	0.000003
682	757	0.000001
682	761	0.000002
682	762	0.000008
682	763	0.000001
682	766	0.000007
682	770	0.000050
682	776	0.000003
683	687	0.000038
683	689	0.022618
683	691	0.024749
683	694	0.209906
683	698	0.000001
683	699	0.000196
683	710	0.000030
683	739	0.000006
683	740	0.000002
683	743	0.000534
683	748	0.000025
683	779	0.000009
684	688	0.014913
684	690	0.021749
684	696	0.000031
684	709	0.000017
684	712	0.000014
684	744	0.000008
684	745	0.000334
684	747	0.000018
684	758	0.000002
684	768	0.000015
684	769	0.000061
684	771	0.000038
684	772	0.000031
684	773	0.000002
684	774	0.000001
684	778	0.000009
685	690	0.000340
685	696	0.000038
685	709	0.001489
685	711	0.000016
685	744	0.001952
685	755	0.000002
685	758	0.000007
685	767	0.000012
685	768	0.000062
685	769	0.000140
685	771	0.000032
685	772	0.000002
685	773	0.000001
685	777	0.000007
686	691	0.127173
686	694	0.007546
686	698	0.000023
686	703	0.000003
686	708	0.001595
686	710	0.000016
686	739	0.000018
686	740	0.000083
686	743	0.001990
686	751	0.000002
686	779	0.000003
687	693	0.012349
687	696	0.000034
687	697	0.000024
687	701	0.000005
687	702	0.000004
687	704	0.000009
687	707	0.001617
687	709	0.000015
687	738	0.000014
687	741	0.000055
687	742	0.001898
687	750	0.000009
687	754	0.000034
687	755	0.000035
687	758	0.000111
687	765	0.000031
687	767	0.001560
687	768	0.000005
687	775	0.000003
687	777	0.000011
687	778	0.000002
687	780	0.000017
688	692	0.010039
688	694	0.000078
688	695	0.000092
688	700	0.000010
688	703	0.000009
688	705	0.002935
688	706	0.000898
688	708	0.000019
688	737	0.000013
688	740	0.000058
688	749	0.000005
688	756	0.001122
688	757	0.000126
688	759	0.000107
688	760	0.000001
688	764	0.000030
688	766	0.001732
688	776	0.000014
688	779	0.000016
688	781	0.000050
689	693	0.000208
689	696	0.000065
689	697	0.000002
689	702	0.000009
689	704	0.004219
689	707	0.000038
689	736	0.000012
689	741	0.000280
689	750	0.000240
689	753	0.000001
689	754	0.005769
689	755	0.001455
689	758	0.000128
689	765	0.001765
689	767	0.000002
689	775	0.000014
689	777	0.000002
689	778	0.000003
689	780	0.000063
690	694	0.000008
690	695	0.000163
690	698	0.000014
690	703	0.004218
690	705	0.000320
690	706	0.000036
690	713	0.000001
690	735	0.000011
690	740	0.000235
690	749	0.000223
690	756	0.000019
690	757	0.000128
690	759	0.000002
690	761	0.000001
690	762	0.000002
690	763	0.000005
690	764	0.001729
690	766	0.000002
690	776	0.000003
690	779	0.000059
691	696	0.000002
691	697	0.000048
691	702	0.004228
691	704	0.000510
691	712	0.000002
691	734	0.000008
691	745	0.000001
691	750	0.000339
691	752	0.000007
691	753	0.050533
691	754	0.000165
691	755	0.000002
691	775	0.000002
692	696	0.000049
692	701	0.004155
692	709	0.000003
692	711	0.000003
692	744	0.000003
692	747	0.000210
692	752	0.066088
693	698	0.000066
693	699	0.002865
693	703	0.000882
693	708	0.000003
693	710	0.000003
693	743	0.000003
693	748	0.000064
693	751	0.076744
694	702	0.000920
694	707	0.000003
694	709	0.000002
694	742	0.000003
694	745	0.000015
694	746	0.001422
694	747	0.000010
694	750	0.245991
694	753	0.000019
695	701	0.000897
695	744	0.000018
695	745	0.001356
695	747	0.000001
695	752	0.000019
696	700	0.000706
696	705	0.000001
696	743	0.000001
696	748	0.000015
696	749	0.687139
696	751	0.000006
697	703	0.000003
697	708	0.000006
697	743	0.001513
697	748	0.778205
698	702	0.000003
698	704	0.000006
698	707	0.000007
698	742	0.001542
698	746	0.002729
698	747	0.779021
698	750	0.000005
699	704	0.000002
699	741	0.001524
699	745	0.002790
699	746	0.780439
699	750	0.000002
700	744	0.005507
700	745	0.738852
700	747	0.000002
701	740	0.001419
701	743	0.006616
701	749	0.000044
702	708	0.000004
702	739	0.001417
702	740	0.000012
702	743	0.741037
702	748	0.000052
703	707	0.000005
703	711	0.000002
703	738	0.001402
703	741	0.069061
703	742	0.690575
703	744	0.006085
703	745	0.000001
703	746	0.000003
703	747	0.000025
704	710	0.000003
704	737	0.001236
704	739	0.000013
704	740	0.117355
704	743	0.006449
704	748	0.000001
705	709	0.000003
705	711	0.000001
705	712	0.000010
705	744	0.000006
705	745	0.000142
705	747	0.000002
706	711	0.000008
706	712	0.000002
706	734	0.000016
706	744	0.000194
706	745	0.000005
706	747	0.000003
707	733	0.000016
707	737	0.030623
707	739	0.945603
707	740	0.000507
707	743	0.000151
708	714	0.000097
708	715	0.000017
708	732	0.000003
708	734	0.000002
708	736	0.031448
708	738	0.955721
708	741	0.000004
708	742	0.000070
709	713	0.000080
709	717	0.000002
709	735	0.030882
709	737	0.955057
709	739	0.000014
709	740	0.000004
710	715	0.000008
710	716	0.000002
710	734	0.012180
710	736	0.955684
710	738	0.000023
710	741	0.000021
711	733	0.003457
711	735	0.915857
711	737	0.000023
711	740	0.000020
712	733	0.900461
712	735	0.000080
712	739	0.000006
713	732	0.984440
713	734	0.000066
714	730	0.000001
714	731	0.987964
714	733	0.000021
715	729	0.000001
715	730	0.988008
715	731	0.000004
716	729	0.987993
716	730	0.000002
717	727	0.003289
717	728	0.982763
718	723	0.000022
718	724	0.001130
718	726	0.006597
718	727	0.977474
718	728	0.000004
719	723	0.001111
719	724	0.001299
719	726	0.968723
719	727	0.000013
719	728	0.000007
720	727	0.000017
721	727	0.000003
733	746	0.000001
735	744	0.000010
736	743	0.000012
737	742	0.000011
737	744	0.000005
737	750	0.000009
738	743	0.000007
738	748	0.000092
739	744	0.000006
739	745	0.000002
739	746	0.000156
739	747	0.000138
739	750	0.000095
739	753	0.000002
739	754	0.000097
740	744	0.000040
740	745	0.000137
740	746	0.000409
740	747	0.000085
740	750	0.003820
740	752	0.000021
740	753	0.000111
741	748	0.001994
741	751	0.000016
742	748	0.007040
742	751	0.001445
743	747	0.002722
743	750	0.018284
743	780	0.000003
744	748	0.000052
744	749	0.015667
744	779	0.000003
745	749	0.000037
746	751	0.000003
747	776	0.000007
747	781	0.000115
748	753	0.000003
748	754	0.000004
748	775	0.000014
748	778	0.000007
748	780	0.000267
749	774	0.000012
749	777	0.000007
749	778	0.000002
750	779	0.000202
751	758	0.000001
751	765	0.000006
751	772	0.000002
751	775	0.000039
751	777	0.000082
751	778	0.000181
751	780	0.000060
752	757	0.000001
752	764	0.000006
752	776	0.000090
752	779	0.000056
753	779	0.000002
754	779	0.000033
755	759	0.000015
755	760	0.000054
755	761	0.000044
755	762	0.000069
755	763	0.000026
755	764	0.000035
755	766	0.000006
755	770	0.000889
755	776	0.000095
755	779	0.008943
755	781	0.000021
755	782	0.000004
756	767	0.000020
756	768	0.001211
756	769	0.001504
756	771	0.000198
756	772	0.337072
756	773	0.001967
756	774	0.000682
756	777	0.000207
756	778	0.026705
757	767	0.001578
757	768	0.001526
757	769	0.000187
757	771	0.446059
757	772	0.001617
757	773	0.000609
757	774	0.000161
757	777	0.030045
757	778	0.000477
758	762	0.000054
758	763	0.000199
758	764	0.000124
758	766	0.001546
758	770	0.462942
758	776	0.028362
758	779	0.001424
758	781	0.000026
758	782	0.000008
759	767	0.000065
759	768	0.001081
759	769	0.462917
759	771	0.000157
759	772	0.000393
759	773	0.001073
759	774	0.019386
759	777	0.000070
759	778	0.001778
760	767	0.001327
760	768	0.452251
760	769	0.007182
760	771	0.000449
760	772	0.001367
760	773	0.022434
760	774	0.020538
760	777	0.001528
760	778	0.000265
761	767	0.377944
761	768	0.008924
761	769	0.002759
761	771	0.001220
761	772	0.022882
761	773	0.023293
761	774	0.014932
761	777	0.000226
761	778	0.000204
762	767	0.007312
762	768	0.003149
762	769	0.002038
762	771	0.021637
762	772	0.022989
762	773	0.018312
762	774	0.001413
762	777	0.000179
762	778	0.000202
763	767	0.002000
763	768	0.001854
763	769	0.001420
763	771	0.019727
763	772	0.018947
763	773	0.001655
763	774	0.000893
763	777	0.000181
763	778	0.000166
764	768	0.000957
764	769	0.001216
764	771	0.014002
764	772	0.001437
764	773	0.000968
764	774	0.000066
764	777	0.000143
764	778	0.000037
765	779	0.013481
766	771	0.000145
766	772	0.000453
766	773	0.000643
766	774	0.000249
766	777	0.000644
766	778	0.012956
767	776	0.000855
767	779	0.000052
767	781	0.000089
767	782	0.000095
768	776	0.000852
768	779	0.000097
768	781	0.000149
768	782	0.000066
769	776	0.000335
769	779	0.001443
769	781	0.000108
769	782	0.000013
770	774	0.000128
770	777	0.000560
770	778	0.001713
771	776	0.000538
771	779	0.000161
771	781	0.000050
771	782	0.000249
772	776	0.000110
772	779	0.000530
772	781	0.000444
772	782	0.000156
773	779	0.000535
773	781	0.000318
773	782	0.000556
774	779	0.000159
774	781	0.000852
774	782	0.000044
775	779	0.000476
777	781	0.000105
777	782	0.000105
778	782	0.000040
