1	7	0.000007
1	8	0.000006
1	9	0.000001
1	41	0.032255
1	67	0.000005
1	764	0.000147
1	772	0.024712
1	783	0.000002
1	800	0.000007
1	851	0.000012
1	853	0.000199
1	854	0.076696
1	855	0.000884
1	860	0.000055
1	861	0.000040
1	862	0.000002
1	863	0.000008
1	865	0.001129
1	869	0.000108
1	871	0.000001
1	872	0.000003
1	874	0.533426
1	875	0.013518
2	7	0.000020
2	8	0.000004
2	30	0.000001
2	39	0.000035
2	40	0.046554
2	41	0.000254
2	42	0.000734
2	46	0.000160
2	50	0.000001
2	53	0.000060
2	62	0.000038
2	66	0.000005
2	761	0.000004
2	763	0.000165
2	764	0.000007
2	767	0.000010
2	770	0.000005
2	771	0.027765
2	772	0.000034
2	782	0.000003
2	795	0.000002
2	799	0.000009
2	800	0.000051
2	801	0.000016
2	848	0.000007
2	849	0.001854
2	852	0.000187
2	853	0.154011
2	854	0.000601
2	855	0.000016
2	859	0.000073
2	860	0.000079
2	861	0.000003
2	862	0.000014
2	863	0.000007
2	864	0.001266
2	865	0.000868
2	868	0.000119
2	869	0.000030
2	871	0.000003
2	872	0.000014
2	873	0.707599
2	874	0.014468
2	875	0.000074
2	877	0.000069
3	7	0.000004
3	8	0.000003
3	9	0.000001
3	29	0.000001
3	39	0.046578
3	40	0.000324
3	41	0.000594
3	42	0.006671
3	46	0.000011
3	52	0.000059
3	61	0.000039
3	65	0.000005
3	761	0.000017
3	763	0.000008
3	766	0.000002
3	767	0.000018
3	769	0.000002
3	770	0.027749
3	771	0.000036
3	781	0.000003
3	798	0.000003
3	799	0.000063
3	800	0.000005
3	801	0.000023
3	848	0.001842
3	849	0.000023
3	851	0.000071
3	852	0.165270
3	853	0.000012
3	854	0.000009
3	855	0.000007
3	859	0.000083
3	860	0.000003
3	861	0.000017
3	862	0.000012
3	863	0.001175
3	864	0.000937
3	865	0.000001
3	868	0.000035
3	869	0.000001
3	871	0.000008
3	872	0.710638
3	873	0.014870
3	874	0.000036
3	875	0.000079
3	877	0.000014
4	8	0.000003
4	9	0.000001
4	28	0.000001
4	41	0.006400
4	60	0.000043
4	759	0.000002
4	766	0.000013
4	769	0.023145
4	780	0.000003
4	798	0.000053
4	800	0.000020
4	851	0.165283
4	853	0.000007
4	854	0.000006
4	855	0.000002
4	860	0.000015
4	861	0.000013
4	862	0.000992
4	863	0.000809
4	865	0.000001
4	869	0.000003
4	871	0.717605
4	872	0.008374
4	874	0.000070
4	875	0.000009
5	27	0.000001
5	48	0.000005
5	56	0.000004
5	59	0.000045
5	760	0.000239
5	779	0.000003
5	847	0.000010
5	850	0.164860
5	856	0.000034
5	870	0.723507
6	26	0.000001
6	41	0.000339
6	55	0.000005
6	58	0.000042
6	759	0.000192
6	764	0.000004
6	766	0.000136
6	769	0.000023
6	772	0.000002
6	798	0.000021
6	800	0.000001
6	851	0.000004
6	855	0.000028
6	860	0.000058
6	861	0.000056
6	862	0.000013
6	863	0.000007
6	865	0.000024
6	869	0.591099
6	871	0.000130
6	872	0.000001
6	874	0.000004
6	875	0.000006
7	25	0.000001
7	37	0.000038
7	38	0.003002
7	43	0.000139
7	44	0.000140
7	45	0.000063
7	47	0.000022
7	48	0.000009
7	49	0.000018
7	51	0.000004
7	54	0.000005
7	57	0.000038
7	762	0.000001
7	765	0.000122
7	768	0.000071
7	773	0.000002
7	774	0.000003
7	776	0.000003
7	796	0.000002
7	797	0.000023
7	802	0.000001
7	847	0.000001
7	850	0.000005
7	856	0.000001
7	857	0.000009
7	858	0.000047
7	866	0.000788
7	867	0.011696
7	870	0.000119
7	876	0.000002
8	37	0.002014
8	38	0.686448
8	43	0.000093
8	44	0.000053
8	45	0.000007
8	47	0.000009
8	48	0.000016
8	49	0.000002
8	56	0.000010
8	765	0.000026
8	768	0.000009
8	773	0.000002
8	774	0.000002
8	775	0.000003
8	796	0.000013
8	797	0.000014
8	856	0.000003
8	857	0.000014
8	858	0.000006
8	866	0.005989
8	867	0.011929
8	870	0.000001
9	37	0.946415
9	38	0.000339
9	43	0.000017
9	44	0.000002
9	47	0.000004
9	762	0.000013
9	765	0.000002
9	768	0.000001
9	774	0.000001
9	796	0.000018
9	856	0.000004
9	857	0.000002
9	858	0.000001
9	866	0.005655
9	867	0.000109
10	36	0.999693
10	42	0.000004
10	761	0.000014
10	795	0.000019
10	864	0.000004
10	865	0.000070
11	16	0.000001
11	35	0.999839
11	760	0.000014
11	794	0.000018
12	31	0.000004
12	34	0.991776
12	35	0.000003
13	31	0.000121
13	34	0.000106
13	37	0.000001
13	49	0.000003
13	791	0.000017
14	35	0.000003
14	48	0.000004
14	790	0.000017
15	31	0.914210
15	34	0.000005
15	47	0.000004
15	789	0.000017
16	28	0.000021
16	29	0.077089
16	30	0.917214
16	32	0.000048
16	33	0.000003
16	46	0.000003
16	788	0.000017
17	26	0.000064
17	28	0.533659
17	29	0.462662
17	60	0.000002
17	787	0.000013
18	25	0.000136
18	27	0.988364
18	59	0.000003
19	24	0.000099
19	26	0.987415
19	28	0.010479
19	58	0.000003
20	25	0.983899
20	27	0.010730
20	57	0.000003
21	26	0.008119
21	28	0.000001
21	29	0.000003
22	26	0.000008
22	28	0.000017
23	27	0.000017
25	52	0.000003
25	64	0.000014
26	37	0.000002
26	51	0.000003
26	63	0.000014
27	36	0.000002
27	50	0.000003
27	62	0.000014
28	35	0.000002
28	49	0.000003
29	34	0.000001
29	48	0.000002
30	59	0.000021
31	58	0.000021
32	57	0.000021
33	56	0.000021
33	866	0.000014
34	41	0.000001
34	55	0.000021
34	61	0.000001
34	865	0.000016
35	40	0.000002
35	60	0.000005
35	761	0.000005
35	864	0.000016
36	59	0.000006
36	760	0.000005
37	41	0.000006
37	58	0.000004
37	60	0.000002
37	61	0.000006
37	759	0.000004
37	855	0.000001
37	860	0.000022
37	861	0.001265
37	862	0.000124
37	863	0.000046
37	865	0.000001
38	58	0.003882
38	60	0.000066
38	75	0.000002
38	83	0.000024
38	780	0.000002
38	851	0.000011
38	854	0.000002
38	860	0.003228
38	861	0.000267
38	862	0.000103
38	863	0.000021
38	865	0.000004
38	871	0.000003
39	48	0.002812
39	56	0.000003
39	57	0.004692
39	59	0.000088
39	69	0.000024
39	71	0.000001
39	72	0.005149
39	82	0.000028
39	84	0.000006
39	89	0.000001
39	102	0.000001
39	103	0.000040
39	104	0.000001
39	760	0.000011
39	775	0.000009
39	779	0.000005
39	790	0.000013
39	794	0.000001
39	850	0.000016
39	856	0.000014
39	870	0.000003
40	48	0.029320
40	56	0.004709
40	57	0.000023
40	59	0.000014
40	68	0.000026
40	69	0.000004
40	71	0.005200
40	81	0.000028
40	82	0.000016
40	84	0.000001
40	88	0.000001
40	102	0.000041
40	103	0.000002
40	760	0.000010
40	775	0.000291
40	778	0.000005
40	789	0.000013
40	850	0.000006
40	856	0.000099
40	870	0.000002
41	45	0.000119
41	47	0.027246
41	48	0.000338
41	49	0.038801
41	51	0.000028
41	54	0.000020
41	56	0.000009
41	57	0.000106
41	68	0.000003
41	69	0.000029
41	70	0.005172
41	73	0.000004
41	80	0.000007
41	81	0.000016
41	85	0.000022
41	102	0.000001
41	762	0.000006
41	765	0.000003
41	768	0.000003
41	773	0.000007
41	774	0.000271
41	775	0.000002
41	776	0.000644
41	791	0.000001
41	796	0.000001
41	797	0.000001
41	802	0.000001
41	856	0.000014
41	857	0.510430
41	858	0.000747
41	866	0.000006
41	867	0.000003
41	876	0.000019
42	48	0.047454
42	56	0.000189
42	57	0.000004
42	59	0.000102
42	68	0.000148
42	69	0.005022
42	72	0.000004
42	80	0.000036
42	84	0.000025
42	102	0.000003
42	760	0.000081
42	775	0.000749
42	790	0.000002
42	850	0.000005
42	856	0.565378
42	870	0.000018
43	55	0.000165
43	58	0.000096
43	60	0.000002
43	61	0.000004
43	67	0.000236
43	79	0.000036
43	83	0.000013
43	759	0.000070
43	764	0.000003
43	766	0.000002
43	769	0.000002
43	772	0.000025
43	800	0.000002
43	853	0.000009
43	854	0.000195
43	855	0.559836
43	860	0.000004
43	861	0.000021
43	862	0.000042
43	863	0.000045
43	865	0.000003
43	869	0.000017
43	872	0.000071
43	874	0.000166
43	875	0.000149
44	55	0.000006
44	58	0.000009
44	60	0.000004
44	61	0.000469
44	67	0.000103
44	759	0.000003
44	764	0.000004
44	766	0.000002
44	769	0.000004
44	772	0.000044
44	798	0.000001
44	800	0.000002
44	851	0.000001
44	853	0.000100
44	854	0.467321
44	855	0.007272
44	860	0.000024
44	861	0.000052
44	862	0.000055
44	863	0.000026
44	865	0.000004
44	869	0.000001
44	871	0.000045
44	872	0.019711
44	874	0.000097
44	875	0.000045
45	55	0.000005
45	58	0.000055
45	60	0.001138
45	61	0.000008
45	67	0.000018
45	79	0.000009
45	83	0.000003
45	759	0.000002
45	764	0.000002
45	766	0.000005
45	769	0.000005
45	772	0.000062
45	798	0.000001
45	800	0.000001
45	851	0.000913
45	853	0.108217
45	854	0.010324
45	855	0.004801
45	860	0.000044
45	861	0.000048
45	862	0.000028
45	863	0.000002
45	865	0.000004
45	869	0.000001
45	871	0.024589
45	872	0.000011
45	874	0.000031
45	875	0.000015
46	56	0.001010
46	57	0.000054
46	59	0.001220
46	68	0.000777
46	78	0.000010
46	80	0.000002
46	82	0.000004
46	84	0.000027
46	88	0.000141
46	102	0.000002
46	760	0.000754
46	775	0.000194
46	794	0.000002
46	850	0.001157
46	856	0.001528
46	870	0.025258
47	55	0.001012
47	58	0.001116
47	60	0.000287
47	61	0.000107
47	67	0.000784
47	75	0.000054
47	79	0.000002
47	83	0.000015
47	87	0.000215
47	759	0.000729
47	764	0.000070
47	766	0.000003
47	769	0.000043
47	772	0.008366
47	786	0.000003
47	798	0.000001
47	800	0.000664
47	851	0.000257
47	853	0.466118
47	854	0.000188
47	855	0.001215
47	860	0.000104
47	861	0.000004
47	862	0.000012
47	863	0.000013
47	865	0.000970
47	869	0.025168
47	874	0.000249
47	875	0.000011
48	52	0.000406
48	53	0.007601
48	55	0.000007
48	58	0.000003
48	60	0.000196
48	61	0.057963
48	62	0.002242
48	64	0.000018
48	65	0.000007
48	66	0.000696
48	74	0.000059
48	77	0.000005
48	83	0.000002
48	86	0.000233
48	758	0.000554
48	761	0.000023
48	763	0.000076
48	764	0.000001
48	766	0.000003
48	767	0.003077
48	769	0.000021
48	770	0.010822
48	771	0.008973
48	772	0.000259
48	785	0.000003
48	793	0.000001
48	795	0.000019
48	799	0.000759
48	800	0.000001
48	801	0.000288
48	811	0.000006
48	812	0.000010
48	848	0.000237
48	849	0.000759
48	851	0.000013
48	852	0.617289
48	853	0.000009
48	854	0.000882
48	855	0.000003
48	859	0.000113
48	860	0.000004
48	861	0.000016
48	862	0.000016
48	863	0.000005
48	864	0.001076
48	865	0.000002
48	868	0.024717
48	872	0.000273
48	873	0.000281
48	874	0.000008
48	875	0.000015
48	877	0.000005
49	55	0.000020
49	58	0.000689
49	60	0.117986
49	61	0.001146
49	76	0.000005
49	83	0.001500
49	756	0.000502
49	766	0.002405
49	769	0.010646
49	772	0.000196
49	784	0.000003
49	798	0.000601
49	800	0.000226
49	851	0.617805
49	853	0.000823
49	854	0.000002
49	855	0.000001
49	860	0.000014
49	861	0.000015
49	862	0.000009
49	863	0.000889
49	865	0.000021
49	871	0.000404
49	872	0.000172
49	874	0.000013
49	875	0.000002
50	56	0.000892
50	57	0.000744
50	59	0.128138
50	71	0.000072
50	72	0.000044
50	80	0.000008
50	82	0.001616
50	84	0.001783
50	755	0.000505
50	760	0.000003
50	775	0.000010
50	794	0.000002
50	810	0.000043
50	847	0.000004
50	850	0.615932
50	856	0.000041
50	870	0.000505
51	55	0.000609
51	58	0.128114
51	60	0.000264
51	61	0.000001
51	79	0.000016
51	83	0.001797
51	753	0.000258
51	754	0.000251
51	759	0.000002
51	764	0.000003
51	766	0.000135
51	769	0.010955
51	772	0.000225
51	780	0.000004
51	798	0.000013
51	800	0.000007
51	809	0.000046
51	851	0.000763
51	854	0.000001
51	855	0.000033
51	860	0.000003
51	861	0.000038
51	862	0.000010
51	863	0.000007
51	865	0.000132
51	869	0.000397
51	871	0.000032
51	875	0.000001
52	56	0.000179
52	57	0.126912
52	59	0.000295
52	68	0.000001
52	69	0.002388
52	78	0.000017
52	81	0.004923
52	82	0.001227
52	89	0.000003
52	103	0.000002
52	752	0.000513
52	775	0.000060
52	779	0.000005
52	790	0.000003
52	794	0.000003
52	808	0.000046
52	846	0.000006
52	847	0.000487
52	850	0.000834
52	856	0.000002
52	870	0.000032
53	57	0.000114
53	59	0.000156
53	68	0.002541
53	69	0.000002
53	78	0.000002
53	80	0.005579
53	81	0.000651
53	88	0.000003
53	102	0.000002
53	751	0.000513
53	760	0.000002
53	775	0.000410
53	778	0.000005
53	789	0.000003
53	794	0.000005
53	807	0.000046
53	845	0.000006
53	846	0.000333
53	847	0.000408
53	850	0.000057
53	856	0.000023
53	870	0.000006
54	58	0.000106
54	60	0.000009
54	61	0.000002
54	67	0.002527
54	76	0.000002
54	79	0.006198
54	87	0.000003
54	750	0.000512
54	759	0.000002
54	764	0.000006
54	766	0.684273
54	769	0.003601
54	772	0.000044
54	798	0.000239
54	800	0.000005
54	806	0.000046
54	851	0.000082
54	855	0.000011
54	861	0.000002
54	862	0.000017
54	863	0.000005
54	865	0.000001
54	869	0.000003
54	871	0.000002
55	59	0.000008
55	63	0.000019
55	78	0.006230
55	749	0.000512
55	762	0.000004
55	765	0.805162
55	768	0.004120
55	773	0.000034
55	774	0.000002
55	794	0.000002
55	796	0.000082
55	797	0.000213
55	802	0.000057
55	844	0.000029
55	850	0.000110
55	866	0.000005
55	870	0.000002
56	62	0.000025
56	64	0.000002
56	65	0.002918
56	66	0.000161
56	67	0.000004
56	75	0.000136
56	77	0.006166
56	86	0.000002
56	87	0.000010
56	748	0.000513
56	761	0.000005
56	763	0.000019
56	764	0.838027
56	766	0.000003
56	767	0.004160
56	770	0.000349
56	771	0.000155
56	772	0.000032
56	793	0.000004
56	795	0.000078
56	798	0.000003
56	799	0.000164
56	800	0.000008
56	801	0.000074
56	804	0.000058
56	843	0.000031
56	848	0.000004
56	849	0.000510
56	853	0.000001
56	859	0.000003
56	860	0.000171
56	861	0.000012
56	862	0.000015
56	864	0.000009
56	865	0.000006
56	869	0.000004
57	61	0.000011
57	62	0.000005
57	64	0.002929
57	65	0.000157
57	66	0.000005
57	74	0.000252
57	75	0.000004
57	76	0.004408
57	77	0.000003
57	86	0.000013
57	87	0.000001
57	747	0.000512
57	761	0.000026
57	763	0.843706
57	764	0.000002
57	766	0.003309
57	769	0.000361
57	770	0.000151
57	771	0.000030
57	792	0.000004
57	793	0.000002
57	795	0.002232
57	798	0.000157
57	799	0.000015
57	800	0.000040
57	801	0.000001
57	803	0.000060
57	842	0.000031
57	848	0.000498
57	849	0.000001
57	852	0.000001
57	859	0.000177
57	860	0.000012
57	861	0.000015
57	862	0.000001
57	863	0.000007
57	864	0.000006
57	868	0.000005
58	63	0.002567
58	72	0.000007
58	73	0.000259
58	85	0.000005
58	745	0.000001
58	746	0.000500
58	760	0.000025
58	762	0.843431
58	765	0.003195
58	768	0.000455
58	791	0.000004
58	794	0.002260
58	796	0.000176
58	797	0.000100
58	802	0.000061
58	841	0.000028
58	847	0.000060
58	850	0.000001
58	858	0.000166
58	867	0.000005
59	64	0.000079
59	65	0.000001
59	66	0.000001
59	74	0.006056
59	86	0.000529
59	87	0.000015
59	739	0.000436
59	740	0.000002
59	759	0.000011
59	761	0.843066
59	763	0.000776
59	764	0.002018
59	766	0.000002
59	767	0.000451
59	769	0.000010
59	770	0.000005
59	792	0.000048
59	793	0.002229
59	795	0.000272
59	798	0.000014
59	799	0.000002
59	801	0.000061
59	848	0.000001
59	849	0.000003
59	859	0.000309
59	868	0.000006
60	70	0.000013
60	71	0.000261
60	73	0.006053
60	85	0.000425
60	738	0.000438
60	744	0.000003
60	760	0.763929
60	762	0.000709
60	765	0.000012
60	768	0.000009
60	791	0.000128
60	794	0.000256
60	797	0.000015
60	839	0.000001
60	858	0.000312
60	867	0.000006
61	69	0.000016
61	70	0.000274
61	72	0.006016
61	73	0.000008
61	84	0.000021
61	85	0.789817
61	737	0.000439
61	760	0.000234
61	762	0.000010
61	765	0.000006
61	790	0.000128
61	791	0.001992
61	794	0.000002
61	796	0.000012
61	857	0.000316
61	866	0.000002
62	68	0.000046
62	69	0.000276
62	71	0.006000
62	72	0.000014
62	84	0.971133
62	736	0.000439
62	760	0.000003
62	789	0.000131
62	790	0.002110
62	794	0.000024
62	850	0.000019
62	856	0.000317
63	67	0.000033
63	79	0.000001
63	83	0.971687
63	735	0.000439
63	792	0.000056
63	851	0.000002
63	855	0.000294
64	68	0.000167
64	69	0.000478
64	71	0.000005
64	72	0.000015
64	78	0.000001
64	81	0.000015
64	82	0.972138
64	734	0.000435
64	789	0.000917
64	790	0.001177
64	794	0.000006
64	847	0.004546
64	850	0.000002
65	69	0.000021
65	71	0.000015
65	72	0.000017
65	80	0.000027
65	81	0.972115
65	82	0.000020
65	733	0.000432
65	734	0.000004
65	789	0.001193
65	790	0.001809
65	826	0.000004
65	846	0.004589
66	71	0.000017
66	78	0.000007
66	80	0.971232
66	81	0.000038
66	128	0.000020
66	732	0.000408
66	733	0.000007
66	789	0.001832
66	790	0.000083
66	825	0.000004
66	845	0.004590
67	72	0.000005
67	73	0.000010
67	78	0.486864
67	80	0.000054
67	127	0.000188
67	130	0.000003
67	732	0.000011
67	789	0.000084
67	824	0.000004
67	844	0.004587
67	850	0.000002
67	857	0.000022
67	866	0.000111
68	74	0.000143
68	75	0.000452
68	76	0.000139
68	77	0.555105
68	79	0.000881
68	129	0.000003
68	731	0.000139
68	785	0.007977
68	786	0.000268
68	787	0.000004
68	788	0.000061
68	823	0.000005
68	843	0.004586
68	849	0.000003
68	852	0.000002
68	853	0.000001
68	865	0.000128
69	74	0.000683
69	75	0.000227
69	76	0.525586
69	77	0.395795
69	79	0.000347
69	125	0.000297
69	730	0.000139
69	784	0.008219
69	785	0.000295
69	787	0.000031
69	801	0.000008
69	822	0.000005
69	842	0.004581
69	848	0.000003
69	851	0.000002
69	852	0.000002
69	855	0.000050
69	864	0.000132
69	875	0.000001
70	75	0.451269
70	76	0.383019
70	79	0.000920
70	124	0.000298
70	729	0.000140
70	772	0.000179
70	783	0.009748
70	784	0.000151
70	786	0.000015
70	800	0.000009
70	821	0.000005
70	851	0.000001
70	854	0.000106
70	863	0.000132
70	865	0.000004
70	874	0.000002
71	75	0.176319
71	76	0.000223
71	77	0.004183
71	79	0.000015
71	123	0.000298
71	728	0.000140
71	771	0.000191
71	782	0.010079
71	783	0.000004
71	785	0.000005
71	799	0.000009
71	800	0.000005
71	801	0.000001
71	820	0.000005
71	842	0.000001
71	843	0.000004
71	849	0.000036
71	853	0.000130
71	862	0.000131
71	864	0.000004
71	873	0.000002
72	76	0.001771
72	77	0.001721
72	79	0.000005
72	727	0.000140
72	770	0.000191
72	777	0.000002
72	781	0.010085
72	782	0.000002
72	784	0.000002
72	798	0.000004
72	799	0.000006
72	801	0.000002
72	819	0.000005
72	842	0.000005
72	848	0.000036
72	849	0.000001
72	852	0.000137
72	861	0.000131
72	863	0.000004
72	872	0.000002
73	79	0.000261
73	83	0.000013
73	121	0.000296
73	726	0.000132
73	769	0.000178
73	780	0.010083
73	783	0.000002
73	798	0.000005
73	800	0.000001
73	818	0.000004
73	851	0.000138
73	860	0.000128
73	862	0.000004
73	871	0.000002
74	78	0.000268
74	80	0.000005
74	81	0.000005
74	82	0.000014
74	120	0.000298
74	775	0.000863
74	778	0.000018
74	779	0.010054
74	840	0.000002
74	850	0.000137
74	870	0.000002
75	80	0.000005
75	81	0.000013
75	119	0.000294
75	768	0.000007
75	774	0.000878
75	775	0.000012
75	776	0.000061
75	778	0.009435
75	841	0.004508
75	858	0.000133
76	80	0.000007
76	85	0.000003
76	114	0.000002
76	115	0.000035
76	118	0.000236
76	765	0.000005
76	768	0.000015
76	773	0.000778
76	774	0.000017
76	775	0.000077
76	776	0.010400
76	778	0.000001
76	779	0.000012
76	840	0.004575
76	841	0.000005
76	857	0.000149
77	84	0.000004
77	113	0.000003
77	114	0.000039
77	775	0.010872
77	778	0.000169
77	815	0.000004
77	839	0.004600
77	840	0.000003
77	850	0.000001
77	856	0.000150
78	83	0.000002
78	112	0.000003
78	116	0.000213
78	117	0.000002
78	724	0.000138
78	763	0.000040
78	766	0.000079
78	767	0.000018
78	769	0.000015
78	771	0.000002
78	772	0.000134
78	777	0.000220
78	814	0.000004
78	838	0.004605
78	848	0.000002
78	849	0.000002
78	855	0.000077
78	859	0.000003
78	868	0.000004
79	113	0.000052
79	114	0.000001
79	115	0.000189
79	723	0.000139
79	762	0.000040
79	765	0.000083
79	768	0.000025
79	773	0.001861
79	774	0.000042
79	775	0.000003
79	776	0.000214
79	802	0.000001
79	813	0.000004
79	837	0.004602
79	858	0.000002
79	867	0.000004
80	111	0.000021
80	112	0.000252
80	722	0.000140
80	761	0.000040
80	764	0.000073
80	767	0.000025
80	771	0.014658
80	772	0.001493
80	801	0.000001
80	805	0.000002
80	812	0.000003
80	836	0.004604
80	853	0.000007
81	110	0.000021
81	111	0.000274
81	721	0.000140
81	763	0.000062
81	764	0.000130
81	766	0.000007
81	770	0.014750
81	771	0.001491
81	800	0.000001
81	804	0.000003
81	811	0.000002
81	835	0.004604
81	849	0.000001
81	852	0.000007
82	107	0.000017
82	110	0.000274
82	720	0.000140
82	759	0.000024
82	761	0.000059
82	763	0.000570
82	766	0.000003
82	769	0.014957
82	770	0.001475
82	771	0.000002
82	795	0.000006
82	799	0.000001
82	801	0.000005
82	803	0.000029
82	834	0.004602
82	848	0.000001
82	849	0.000001
82	851	0.000006
83	106	0.000019
83	108	0.000043
83	109	0.000231
83	719	0.000139
83	760	0.000057
83	762	0.000584
83	765	0.000003
83	768	0.016381
83	794	0.000006
83	796	0.000002
83	802	0.000049
83	833	0.004338
83	850	0.000005
84	105	0.000011
84	107	0.000082
84	718	0.000139
84	759	0.000025
84	761	0.000583
84	763	0.000001
84	764	0.000003
84	767	0.016442
84	770	0.000005
84	771	0.000001
84	793	0.000006
84	795	0.000002
84	799	0.000010
84	801	0.000059
84	812	0.000002
84	832	0.001787
84	849	0.000008
84	852	0.000011
84	864	0.000003
85	105	0.000065
85	143	0.000001
85	759	0.000013
85	764	0.000003
85	766	0.013740
85	769	0.000005
85	792	0.000003
85	798	0.000008
85	800	0.000048
85	830	0.000014
85	851	0.000012
85	863	0.000003
86	102	0.003385
86	103	0.913123
86	104	0.000058
86	142	0.000001
86	760	0.000028
86	775	0.000002
86	831	0.000030
86	850	0.000012
87	102	0.965479
87	103	0.000040
87	141	0.000001
87	762	0.000004
87	765	0.000035
87	774	0.000002
88	101	0.999462
88	761	0.000002
88	763	0.000026
88	764	0.000028
88	849	0.000002
88	852	0.000002
89	100	0.999637
89	139	0.000001
89	761	0.000019
89	763	0.000027
89	848	0.000002
89	851	0.000002
90	99	0.999611
90	102	0.000320
90	138	0.000001
90	760	0.000018
90	850	0.000002
91	97	0.000081
91	98	0.999306
91	101	0.000346
91	849	0.000002
92	97	0.986997
92	98	0.000004
92	100	0.000347
92	848	0.000002
93	99	0.000346
93	847	0.000001
97	132	0.000001
98	131	0.000001
99	129	0.000002
99	761	0.000002
100	128	0.000002
100	760	0.000002
101	113	0.000001
101	126	0.000002
101	760	0.000005
102	111	0.000001
102	112	0.000003
102	125	0.000002
102	742	0.000002
102	759	0.000115
102	761	0.000782
102	763	0.000059
102	764	0.000013
102	767	0.000007
102	770	0.000002
102	771	0.000030
102	772	0.000002
102	801	0.000002
102	849	0.000026
103	110	0.000001
103	111	0.000004
103	117	0.000016
103	124	0.000002
103	741	0.000002
103	758	0.000078
103	759	0.078191
103	761	0.000028
103	763	0.000014
103	764	0.000001
103	766	0.000002
103	770	0.000029
103	771	0.000002
103	848	0.000025
104	110	0.000005
104	116	0.000019
104	123	0.000002
104	740	0.000002
104	758	0.991939
104	759	0.000174
104	761	0.000088
104	763	0.000008
104	769	0.000003
104	770	0.000002
105	109	0.000004
105	115	0.000013
105	122	0.000002
105	757	0.997763
105	760	0.000070
105	762	0.000005
105	768	0.000002
106	756	0.998854
106	759	0.000017
107	113	0.000016
107	114	0.000003
107	122	0.000004
107	755	0.999434
108	112	0.000010
108	121	0.000002
108	753	0.000001
108	754	0.998363
109	121	0.000134
109	753	0.998529
109	754	0.000001
110	120	0.000168
110	751	0.000025
110	752	0.999436
111	119	0.000168
111	155	0.000015
111	751	0.998873
111	752	0.000002
112	118	0.000168
112	154	0.000015
112	749	0.954641
112	751	0.000002
113	117	0.000163
113	153	0.000015
113	747	0.000031
113	748	0.998368
113	750	0.000003
114	152	0.000015
114	747	0.997681
114	748	0.000807
115	151	0.000015
115	743	0.000017
116	746	0.081255
117	746	0.001126
118	148	0.000014
118	743	0.918361
119	147	0.000014
119	740	0.000005
119	741	0.024322
119	742	0.974285
119	743	0.000318
120	146	0.000012
120	739	0.000005
120	740	0.026778
120	741	0.970099
120	742	0.000315
120	743	0.000001
121	130	0.000004
121	144	0.000035
121	736	0.000003
121	738	0.000004
122	129	0.000010
122	139	0.000013
122	143	0.000103
122	735	0.000008
122	739	0.995101
122	740	0.002400
123	128	0.000010
123	133	0.000004
123	134	0.000003
123	136	0.000002
123	138	0.000014
123	142	0.000108
123	734	0.000008
123	738	0.999516
124	132	0.000004
124	133	0.000003
124	135	0.000002
124	137	0.000014
124	141	0.000108
124	733	0.000008
124	737	0.999140
125	131	0.000004
125	132	0.000004
125	134	0.000002
125	136	0.000014
125	140	0.000108
125	732	0.000009
125	734	0.000004
125	736	0.997693
125	738	0.000002
126	139	0.000095
126	731	0.000010
126	735	0.694086
127	730	0.000009
127	735	0.212875
128	139	0.000006
128	729	0.000002
128	731	0.000020
128	735	0.033385
129	134	0.000006
129	135	0.000003
129	136	0.000085
129	138	0.000008
129	732	0.058694
129	733	0.355267
129	734	0.042036
129	736	0.000001
130	730	0.000017
130	735	0.000004
131	729	0.000011
131	730	0.000168
131	731	0.979456
132	153	0.000003
132	728	0.000009
132	729	0.000167
132	730	0.989439
132	731	0.002176
133	152	0.000003
133	727	0.000009
133	728	0.000137
133	729	0.995482
133	730	0.001680
133	731	0.000002
134	151	0.000003
134	153	0.000002
134	726	0.000004
134	727	0.000096
134	728	0.998480
134	729	0.001200
135	150	0.000003
135	152	0.000002
135	153	0.000002
135	725	0.000001
135	726	0.000053
135	727	0.998483
135	728	0.001202
136	149	0.000003
136	151	0.000002
136	152	0.000002
136	725	0.000012
136	726	0.997008
136	727	0.001201
137	148	0.000003
137	150	0.000002
137	151	0.000002
137	725	0.998591
137	726	0.000609
138	147	0.000003
138	149	0.000001
138	150	0.000001
138	724	0.999798
138	725	0.000015
139	723	0.999367
140	147	0.000003
140	149	0.000001
140	721	0.001515
140	722	0.995793
141	146	0.000003
141	148	0.000001
142	147	0.000001
142	718	0.000079
142	720	0.985705
142	721	0.003477
143	719	0.953490
145	717	0.995588
145	718	0.000959
146	716	0.999656
147	715	0.999865
148	712	0.000002
148	713	0.000198
148	714	0.993452
148	715	0.000063
149	156	0.000002
149	708	0.000002
149	710	0.000041
149	712	0.000366
149	713	0.975849
149	714	0.004104
149	715	0.000001
150	155	0.000002
150	156	0.000004
150	707	0.000004
150	708	0.000038
150	710	0.000230
150	712	0.910228
150	713	0.008099
150	714	0.000017
151	155	0.000005
151	156	0.000003
151	707	0.000053
151	708	0.007800
151	710	0.003126
151	712	0.011052
151	713	0.000062
152	162	0.000002
152	705	0.000001
152	707	0.007857
153	161	0.000007
153	704	0.000001
153	707	0.002506
154	160	0.000007
154	703	0.000001
154	706	0.001173
154	709	0.131897
154	711	0.001771
155	159	0.000007
155	706	0.000164
155	709	0.002445
155	711	0.000017
156	706	0.005485
156	709	0.000462
156	711	0.000018
157	706	0.981678
157	709	0.000001
158	704	0.000019
158	705	0.999805
158	707	0.000008
159	704	0.999560
159	705	0.000045
160	702	0.005885
160	704	0.000056
161	701	0.004294
161	703	0.000599
162	700	0.002434
162	701	0.995483
163	698	0.000004
163	699	0.000550
163	700	0.997549
164	699	0.999097
165	698	0.999265
165	699	0.000006
167	696	0.000014
167	697	0.999607
168	696	0.999662
169	695	0.999955
170	694	0.999583
171	693	0.999954
172	692	0.999743
173	691	0.999966
174	690	0.999579
175	687	0.000001
175	689	0.999943
176	688	0.996959
177	514	0.000020
177	515	0.003269
177	687	0.989336
178	514	0.985810
178	515	0.000010
178	687	0.000047
179	513	0.991379
179	514	0.000026
179	684	0.000019
179	685	0.000396
180	510	0.000014
180	511	0.000269
180	512	0.986806
180	682	0.000063
181	509	0.000003
181	513	0.000018
181	514	0.000001
181	681	0.000067
181	684	0.000008
181	685	0.000012
182	509	0.000239
182	514	0.000045
182	680	0.000045
183	509	0.998272
183	679	0.000008
184	508	0.999417
185	507	0.999980
186	506	0.999938
187	504	0.000003
187	505	0.998459
188	503	0.000002
188	504	0.999896
189	503	0.989627
190	501	0.000036
190	502	0.740932
191	502	0.170821
192	500	0.000090
192	503	0.000034
193	499	0.000032
193	501	0.903826
193	502	0.000025
194	500	0.999783
195	498	0.000004
195	499	0.999944
196	498	0.998464
197	497	0.999858
198	496	0.999741
199	495	0.999985
200	494	0.999957
201	493	0.999932
202	491	0.000001
202	492	0.999940
202	493	0.000024
203	491	0.999805
203	492	0.000048
204	488	0.000364
204	491	0.000072
205	487	0.000363
206	487	0.000022
206	488	0.991107
207	487	0.971029
208	487	0.001190
209	485	0.991913
210	483	0.000001
210	484	0.998179
211	483	0.999978
212	482	0.999991
213	479	0.000001
213	481	0.999975
214	478	0.000006
214	479	0.000002
214	480	0.999566
215	477	0.000008
215	479	0.997920
218	476	0.928328
220	474	0.000006
220	475	0.991153
220	477	0.000001
220	478	0.000005
221	474	0.999815
221	477	0.000004
222	473	0.999935
222	476	0.000001
223	472	0.999432
224	471	0.997579
225	469	0.000639
225	470	0.948951
226	466	0.000001
226	467	0.000019
226	468	0.000890
227	466	0.000019
227	467	0.000522
227	468	0.951221
228	467	0.989703
229	469	0.000002
230	465	0.981588
230	466	0.000952
231	464	0.999852
232	462	0.000001
232	463	0.999012
233	462	0.998626
233	463	0.000001
234	461	0.999322
235	460	0.998642
236	459	0.999851
236	460	0.000002
237	458	0.999162
238	456	0.000001
238	457	0.998121
239	456	0.999263
239	457	0.000001
240	455	0.999984
241	454	0.999970
242	453	0.999129
243	452	0.997045
243	454	0.000005
244	451	0.974474
244	453	0.000211
245	452	0.000412
246	448	0.000005
246	449	0.000045
246	450	0.997878
246	451	0.000054
247	449	0.997790
247	451	0.000046
248	448	0.979791
248	449	0.001272
248	450	0.000064
249	446	0.002001
249	448	0.003340
249	449	0.000015
250	446	0.966623
250	448	0.000003
251	444	0.000002
251	445	0.999979
252	444	0.999975
253	443	0.999510
254	442	0.999954
255	440	0.000022
255	441	0.999702
256	440	0.999600
257	438	0.998894
257	440	0.000001
258	437	0.999953
259	436	0.999980
260	435	0.999582
261	407	0.000002
261	434	0.999956
262	433	0.999095
263	403	0.000190
263	405	0.000850
263	406	0.000061
263	429	0.000152
263	430	0.000003
263	431	0.000024
263	432	0.996974
264	402	0.000375
264	404	0.005795
264	405	0.000396
264	406	0.000064
264	428	0.000194
264	431	0.990222
265	399	0.000001
265	401	0.000468
265	409	0.000006
265	410	0.000005
266	273	0.000042
266	278	0.000001
266	290	0.000005
266	399	0.000002
266	401	0.001019
266	407	0.001790
266	409	0.000014
266	410	0.000011
267	277	0.000001
267	289	0.000005
267	295	0.000012
267	376	0.000004
267	399	0.000009
267	401	0.911214
267	409	0.000021
268	274	0.000020
268	276	0.000001
268	291	0.000048
268	292	0.000002
268	293	0.000019
268	294	0.000015
268	375	0.000005
268	400	0.975019
268	402	0.000017
268	403	0.000018
268	404	0.000009
268	405	0.000006
268	406	0.000003
268	408	0.000024
268	427	0.000108
268	428	0.000008
268	429	0.000048
268	430	0.000013
269	273	0.000024
269	290	0.000058
269	374	0.000005
269	398	0.000161
269	399	0.995614
269	401	0.000003
269	407	0.000021
270	289	0.000055
270	290	0.000023
270	397	0.000155
270	398	0.998686
270	399	0.000001
271	288	0.000012
271	289	0.000018
271	290	0.000137
271	396	0.000148
271	397	0.998722
272	287	0.000005
272	288	0.000002
272	289	0.000134
272	290	0.000093
272	396	0.998724
273	394	0.000668
273	395	0.990774
274	288	0.000500
275	287	0.000548
275	393	0.982342
276	286	0.000553
276	392	0.998859
277	285	0.000553
277	391	0.998069
278	284	0.000553
278	390	0.999179
278	391	0.000002
279	389	0.999372
280	387	0.000021
280	388	0.997933
281	383	0.000003
281	384	0.000030
281	386	0.000032
281	387	0.992665
281	388	0.000131
281	389	0.000004
282	383	0.000037
282	384	0.000025
282	386	0.963103
282	387	0.000425
282	388	0.000005
283	383	0.000045
283	384	0.000535
283	386	0.000726
283	387	0.000011
284	380	0.000646
284	383	0.000305
284	384	0.937087
284	386	0.000005
285	379	0.000649
285	383	0.995185
285	384	0.000094
286	378	0.000643
286	381	0.000207
286	382	0.997104
287	377	0.000640
287	381	0.995807
288	373	0.000001
288	375	0.000004
288	377	0.000027
288	378	0.000906
288	381	0.000030
289	372	0.000001
289	375	0.000041
289	377	0.000613
289	378	0.982133
290	377	0.992786
291	376	0.956330
291	379	0.000006
292	376	0.003657
293	370	0.000042
293	374	0.554974
293	376	0.000037
293	380	0.000007
294	369	0.000043
294	374	0.042123
294	376	0.000017
294	379	0.000006
295	368	0.000042
295	371	0.923996
295	372	0.006514
295	373	0.021079
295	375	0.000013
295	378	0.000003
296	367	0.000037
296	370	0.999602
296	374	0.000003
297	367	0.000006
297	369	0.999928
297	370	0.000006
298	366	0.000011
298	368	0.999519
299	367	0.999547
300	365	0.479318
300	366	0.514315
301	364	0.963559
302	363	0.999933
302	365	0.000005
303	362	0.999986
303	363	0.000003
304	361	0.999988
304	362	0.000002
305	360	0.999956
305	361	0.000001
306	359	0.999917
307	358	0.999743
308	357	0.999939
309	356	0.999938
310	355	0.999499
311	354	0.999192
312	353	0.999964
313	352	0.999731
314	351	0.999948
315	329	0.000020
315	350	0.999712
316	328	0.000078
316	349	0.939191
316	352	0.000012
317	327	0.000106
317	343	0.026809
317	351	0.000029
318	326	0.000106
318	329	0.000047
318	342	0.026825
318	350	0.000035
319	328	0.000047
319	341	0.026720
319	349	0.000053
320	324	0.000002
320	325	0.000002
320	327	0.000046
320	337	0.000001
320	340	0.025608
320	343	0.000001
320	344	0.000292
320	345	0.835207
321	326	0.000028
321	335	0.000001
321	337	0.000136
321	340	0.000034
321	343	0.000169
321	344	0.954147
321	345	0.001984
322	330	0.000007
322	335	0.000001
322	337	0.000584
322	340	0.000005
322	342	0.000022
322	343	0.964528
322	344	0.002125
322	345	0.000001
323	329	0.000008
323	335	0.001532
323	342	0.968378
323	343	0.001805
323	350	0.000004
324	328	0.000005
324	334	0.000772
324	339	0.000006
324	341	0.942049
324	349	0.000011
325	334	0.023646
325	339	0.002514
325	341	0.000420
325	349	0.000890
326	332	0.000011
326	333	0.024751
326	334	0.000076
326	336	0.000001
326	338	0.002168
326	339	0.938833
326	341	0.000001
326	347	0.000289
326	348	0.001793
326	349	0.000004
327	331	0.000005
327	332	0.024617
327	333	0.000076
327	336	0.001646
327	338	0.970462
327	339	0.000007
327	346	0.000294
327	347	0.001788
327	348	0.000007
328	335	0.001594
328	337	0.970489
328	345	0.000273
329	333	0.000025
329	334	0.000619
329	336	0.965571
329	338	0.000003
329	346	0.001682
329	347	0.000002
329	348	0.000002
330	334	0.005337
331	335	0.006244
331	344	0.002174
331	345	0.000003
332	343	0.002254
333	342	0.002253
334	340	0.000018
335	339	0.000014
335	341	0.000001
336	342	0.000001
342	348	0.000011
343	347	0.000011
343	348	0.000003
344	349	0.000002
374	394	0.000003
376	394	0.000269
377	393	0.000552
378	392	0.000553
379	391	0.000553
380	390	0.000554
380	394	0.000002
381	389	0.000554
381	393	0.000002
382	387	0.000001
382	388	0.000541
382	392	0.000002
383	391	0.000002
384	390	0.000002
394	407	0.000002
394	409	0.000002
395	407	0.001103
396	406	0.001109
397	405	0.001110
398	404	0.001110
398	405	0.000004
399	403	0.000902
399	404	0.000008
399	405	0.000005
399	406	0.000004
399	408	0.000002
400	409	0.002719
400	410	0.000002
401	405	0.000025
401	406	0.000245
401	408	0.011036
401	428	0.000002
401	429	0.000003
401	430	0.000019
402	407	0.045685
402	409	0.000101
402	410	0.001185
402	415	0.000001
402	419	0.000016
402	422	0.000003
402	434	0.000004
403	409	0.001987
403	410	0.000745
403	415	0.000092
403	418	0.000016
403	433	0.000005
404	409	0.001311
404	410	0.000048
404	413	0.000009
404	417	0.000016
404	419	0.000023
404	433	0.000001
405	409	0.000106
405	410	0.000053
405	412	0.000009
405	413	0.000168
405	418	0.000023
405	433	0.000001
406	410	0.000015
406	412	0.000168
406	415	0.000015
406	417	0.000024
407	411	0.000166
407	414	0.000015
407	416	0.000024
407	428	0.183399
407	431	0.000226
408	415	0.000023
409	414	0.000020
409	426	0.000481
409	427	0.765402
409	428	0.000690
409	429	0.000504
409	430	0.000202
410	426	0.962647
410	427	0.000752
410	428	0.000209
410	429	0.000064
410	430	0.000008
411	425	0.999683
412	424	0.999774
413	420	0.000001
413	423	0.999739
414	419	0.000006
414	422	0.999502
414	425	0.000008
415	420	0.000569
415	421	0.990051
415	423	0.000002
415	424	0.000008
415	426	0.000021
416	422	0.000021
416	425	0.000036
417	421	0.000025
417	424	0.000035
417	430	0.000081
418	423	0.000020
418	429	0.000107
419	424	0.000001
419	428	0.000110
420	425	0.000002
422	428	0.000004
509	686	0.000001
510	514	0.000003
510	685	0.000001
511	684	0.000001
514	536	0.000044
514	683	0.000010
514	686	0.000009
515	535	0.000026
515	536	0.994868
515	683	0.000001
515	686	0.000002
516	535	0.999887
516	536	0.000028
517	534	0.999735
518	533	0.999965
519	532	0.999482
520	529	0.000208
520	530	0.000990
520	531	0.998770
521	528	0.000283
521	529	0.001896
521	530	0.997178
521	531	0.000004
522	532	0.000001
523	528	0.014279
523	529	0.015091
523	530	0.000030
523	531	0.000003
524	528	0.010787
524	529	0.001097
524	530	0.000021
536	588	0.000022
536	687	0.000001
537	583	0.000001
537	584	0.000265
537	585	0.987412
537	586	0.004778
537	587	0.000058
537	683	0.000005
537	686	0.000006
538	583	0.000256
538	584	0.991400
538	585	0.008186
538	586	0.000058
539	582	0.000142
539	583	0.991205
539	584	0.008176
539	585	0.000057
541	581	0.000050
541	582	0.999513
541	583	0.000045
542	580	0.000031
542	581	0.999907
542	582	0.000023
543	579	0.000030
543	580	0.998817
544	578	0.000017
544	579	0.998133
545	578	0.999961
546	576	0.000001
546	577	0.999978
547	576	0.998476
548	575	0.999859
549	574	0.999583
550	573	0.999980
551	572	0.999963
552	566	0.000002
552	569	0.000001
552	571	0.999933
553	570	0.999452
554	565	0.009091
554	566	0.001588
554	569	0.986671
555	563	0.000327
555	564	0.011576
556	560	0.000004
556	561	0.000018
556	562	0.000216
556	565	0.972478
556	566	0.002388
556	569	0.000002
557	563	0.009537
557	564	0.969137
558	562	0.009073
559	563	0.002908
559	564	0.000133
559	567	0.000005
559	568	0.000025
560	564	0.000140
562	567	0.000001
562	568	0.000030
563	569	0.000004
585	680	0.000023
586	679	0.000029
586	680	0.989540
587	679	0.998506
587	680	0.000779
588	678	0.997769
588	683	0.000027
589	682	0.000027
590	676	0.000016
590	677	0.999718
590	678	0.000005
591	676	0.999968
591	677	0.000003
592	675	0.999202
593	674	0.999929
594	673	0.999985
595	672	0.999698
596	670	0.000001
596	671	0.999965
597	670	0.996596
597	671	0.000002
599	668	0.996004
600	667	0.999975
601	666	0.999511
602	665	0.999977
603	664	0.999991
604	663	0.999991
605	662	0.999957
606	661	0.999964
607	660	0.999991
608	659	0.999957
609	657	0.000009
609	658	0.999947
610	656	0.000017
610	657	0.999967
610	658	0.000001
611	654	0.000005
611	656	0.998680
611	657	0.000002
613	653	0.000718
614	652	0.000365
614	653	0.997961
615	652	0.999583
615	653	0.000002
616	651	0.999388
616	652	0.000001
616	655	0.000017
617	650	0.995901
617	654	0.000017
618	648	0.004943
618	653	0.000017
619	647	0.002498
619	648	0.992589
619	652	0.000014
620	647	0.997458
621	646	0.999125
622	641	0.000003
622	645	0.999121
622	651	0.000011
623	640	0.000004
623	644	0.999456
623	646	0.000003
623	650	0.000012
624	637	0.001614
624	638	0.000002
624	642	0.000009
624	643	0.056832
624	645	0.000005
624	649	0.000012
625	636	0.003527
625	638	0.000001
625	642	0.042893
625	643	0.941263
625	648	0.000012
626	635	0.003759
626	636	0.000012
626	638	0.005998
626	642	0.953216
626	643	0.000002
626	647	0.000012
627	634	0.003752
627	635	0.000011
627	637	0.005991
627	638	0.000013
627	641	0.963803
627	642	0.000002
627	645	0.000007
628	632	0.000004
628	633	0.003663
628	639	0.053724
628	640	0.934116
628	644	0.000007
628	646	0.000001
629	635	0.007484
629	636	0.006171
629	638	0.795134
629	643	0.000007
630	639	0.165200
630	640	0.000022
630	644	0.000005
631	635	0.002390
631	636	0.372428
631	638	0.167270
631	643	0.000005
632	636	0.016357
632	638	0.001808
632	642	0.000005
633	638	0.000398
634	639	0.000063
635	639	0.000003
635	640	0.000003
678	687	0.000037
679	683	0.000003
679	686	0.000206
680	686	0.000301
681	688	0.000051
682	687	0.000051
683	687	0.000002
684	688	0.000002
707	711	0.000001
732	741	0.000003
732	742	0.000002
733	740	0.000003
733	741	0.000002
734	739	0.000003
734	740	0.000002
754	762	0.000001
755	761	0.000002
756	760	0.000002
758	775	0.000018
758	813	0.000008
759	765	0.000425
759	768	0.007211
759	773	0.000101
759	774	0.000075
759	775	0.000012
759	776	0.000018
759	796	0.000873
759	797	0.000002
759	802	0.000073
759	813	0.000023
759	815	0.000013
759	850	0.000002
759	857	0.000004
759	858	0.000004
759	866	0.000059
759	867	0.000044
760	764	0.000358
760	766	0.000053
760	767	0.008867
760	769	0.000055
760	770	0.000110
760	771	0.000224
760	772	0.000098
760	777	0.000012
760	782	0.000001
760	793	0.000002
760	795	0.001034
760	799	0.000006
760	801	0.000094
760	811	0.004502
760	812	0.000041
760	814	0.000029
760	816	0.000007
760	848	0.000033
760	849	0.000013
760	851	0.000028
760	852	0.000013
760	855	0.000001
760	859	0.000015
760	860	0.000001
760	861	0.000002
760	862	0.000004
760	863	0.000008
760	864	0.000097
760	865	0.000058
760	868	0.000060
760	871	0.000002
761	775	0.000151
761	794	0.000978
761	810	0.004575
761	813	0.000029
761	815	0.000007
761	847	0.000026
761	850	0.000033
761	856	0.000089
761	870	0.000003
762	766	0.000217
762	769	0.000158
762	772	0.000023
762	780	0.000006
762	792	0.000008
762	798	0.000002
762	800	0.000002
762	809	0.004573
762	851	0.000028
762	855	0.000087
762	860	0.000011
762	861	0.000022
762	862	0.000017
762	863	0.000021
762	865	0.000026
762	869	0.000002
763	775	0.001363
763	779	0.000008
763	794	0.000002
763	808	0.004572
763	810	0.000002
763	813	0.000006
763	850	0.000030
763	856	0.000003
764	768	0.000056
764	773	0.001515
764	774	0.001254
764	775	0.000014
764	776	0.000008
764	778	0.000008
764	794	0.000001
764	796	0.000006
764	797	0.000003
764	807	0.004486
764	810	0.000030
764	856	0.000006
764	857	0.000004
764	858	0.000058
764	866	0.000032
764	867	0.000001
765	769	0.000036
765	772	0.001621
765	780	0.000001
765	792	0.000021
765	798	0.000004
765	806	0.003844
765	809	0.000038
765	855	0.000008
765	860	0.000031
765	861	0.000110
765	862	0.000086
765	863	0.000029
765	865	0.000032
766	773	0.000223
766	774	0.000076
766	775	0.000035
766	776	0.010465
766	779	0.000002
766	791	0.000015
766	794	0.000051
766	796	0.000015
766	797	0.000005
766	802	0.000006
766	808	0.000040
766	857	0.008701
766	858	0.000041
767	775	0.018645
767	778	0.000030
767	790	0.000013
767	794	0.000503
767	807	0.000058
767	810	0.000001
767	850	0.000006
767	856	0.011461
767	870	0.000001
768	772	0.000377
768	780	0.000001
768	792	0.004940
768	798	0.000058
768	800	0.000031
768	806	0.000058
768	809	0.000001
768	851	0.000002
768	854	0.000005
768	855	0.011273
768	860	0.000114
768	861	0.000073
768	862	0.000031
768	863	0.000012
768	865	0.000005
768	869	0.000002
769	773	0.000618
769	774	0.000828
769	775	0.000101
769	776	0.034928
769	779	0.000001
769	791	0.005689
769	796	0.000026
769	797	0.000060
769	802	0.000263
769	808	0.000001
769	850	0.000002
769	856	0.000026
769	857	0.032403
769	858	0.000732
769	866	0.000002
769	867	0.000001
770	775	0.041606
770	778	0.000003
770	779	0.000059
770	790	0.005834
770	794	0.000001
770	807	0.000001
770	850	0.000003
770	856	0.036501
771	775	0.001942
771	778	0.000068
771	779	0.000001
771	789	0.005823
771	790	0.000002
771	794	0.000002
771	850	0.000010
771	856	0.036399
772	776	0.000104
772	778	0.000002
772	789	0.000002
772	796	0.000284
772	797	0.000376
772	802	0.009695
772	856	0.001095
772	857	0.000092
772	858	0.000024
772	866	0.000026
772	867	0.000011
772	876	0.000107
773	784	0.000017
773	787	0.005170
773	798	0.000706
773	800	0.000412
773	853	0.000118
773	854	0.118772
773	855	0.001135
773	861	0.000048
773	862	0.000004
773	863	0.000012
773	865	0.000020
773	874	0.000001
773	875	0.000174
774	783	0.000021
774	786	0.005790
774	798	0.001760
774	800	0.216621
774	853	0.150156
774	854	0.000615
774	855	0.000011
774	860	0.000062
774	861	0.000004
774	862	0.000015
774	863	0.000004
774	865	0.000365
774	869	0.000008
774	874	0.000182
774	875	0.000003
775	782	0.000021
775	784	0.000001
775	785	0.005804
775	787	0.000002
775	788	0.000025
775	793	0.000007
775	795	0.241281
775	798	0.000448
775	799	0.242394
775	800	0.000017
775	801	0.015219
775	848	0.000056
775	849	0.000149
775	852	0.153726
775	853	0.000017
775	854	0.000007
775	859	0.000063
775	860	0.000002
775	861	0.000015
775	862	0.000005
775	863	0.000002
775	864	0.000397
775	868	0.000010
775	872	0.000001
775	873	0.000173
775	874	0.000002
775	875	0.000003
776	783	0.000025
776	784	0.005381
776	786	0.000002
776	787	0.000024
776	792	0.000005
776	798	0.238385
776	800	0.015137
776	851	0.153460
776	853	0.000006
776	860	0.000013
776	861	0.000004
776	862	0.000003
776	863	0.000339
776	871	0.000006
776	872	0.000137
776	874	0.000003
777	789	0.000006
777	794	0.816514
777	850	0.152195
777	870	0.000011
778	782	0.001166
778	783	0.000074
778	784	0.000002
778	785	0.000025
778	786	0.000005
778	788	0.000007
778	793	0.847520
778	795	0.000035
778	799	0.000004
778	848	0.000018
778	849	0.135618
778	869	0.000005
779	783	0.000009
779	784	0.000022
779	785	0.000009
779	787	0.000006
779	788	0.000013
779	792	0.855553
779	793	0.000709
779	795	0.000094
779	798	0.000003
779	799	0.000001
779	801	0.000001
779	848	0.125347
779	868	0.000004
780	789	0.000003
780	790	0.000030
780	791	0.940626
780	794	0.000064
780	796	0.000024
780	797	0.000003
780	847	0.011072
780	867	0.000003
781	789	0.000086
781	790	0.959587
781	794	0.000252
781	846	0.007199
781	847	0.000133
782	789	0.957803
782	790	0.000248
782	794	0.000063
782	845	0.006825
782	846	0.000074
782	847	0.000001
783	789	0.000252
783	790	0.000007
783	791	0.000157
783	794	0.000002
783	796	0.000003
783	797	0.000010
783	802	0.000002
783	828	0.000001
783	841	0.000002
783	844	0.005708
783	845	0.000013
784	789	0.000011
784	790	0.000181
784	791	0.001535
784	796	0.000012
784	802	0.000004
784	827	0.000005
784	840	0.000004
784	841	0.003403
784	844	0.000012
784	857	0.000001
785	789	0.000201
785	790	0.001712
785	794	0.000026
785	826	0.000006
785	839	0.000004
785	840	0.003635
785	856	0.000002
786	790	0.000001
786	791	0.000002
786	796	0.000020
786	797	0.000063
786	802	0.000044
786	825	0.000005
786	839	0.003492
786	841	0.000619
786	858	0.000034
786	867	0.000004
787	794	0.000002
787	796	0.000081
787	797	0.000007
787	802	0.000770
787	824	0.000005
787	839	0.000002
787	840	0.000634
787	841	0.000015
787	844	0.000004
787	857	0.000047
787	866	0.000004
788	794	0.000217
788	813	0.000003
788	837	0.003610
788	839	0.000632
788	840	0.000015
788	850	0.000044
788	856	0.000048
789	793	0.000203
789	795	0.000286
789	798	0.000005
789	799	0.000069
789	800	0.014390
789	801	0.002060
789	803	0.000040
789	804	0.000087
789	805	0.000154
789	806	0.000003
789	812	0.000005
789	819	0.000003
789	820	0.000056
789	835	0.000007
789	836	0.003604
789	838	0.000553
789	842	0.000002
789	843	0.000899
789	849	0.000077
789	853	0.000019
789	855	0.000036
789	859	0.000002
789	860	0.000012
789	862	0.000002
789	863	0.000002
789	864	0.000031
789	865	0.000023
790	795	0.000077
790	798	0.000038
790	799	0.018760
790	800	0.000081
790	801	0.000923
790	803	0.000087
790	804	0.000154
790	805	0.000004
790	811	0.000005
790	818	0.000003
790	819	0.000058
790	834	0.000012
790	835	0.003483
790	836	0.000060
790	838	0.000004
790	842	0.000898
790	848	0.000076
790	852	0.000025
790	854	0.000033
790	859	0.000015
790	861	0.000004
790	862	0.000004
790	863	0.000031
790	864	0.000026
791	798	0.018430
791	800	0.000929
791	809	0.000013
791	817	0.000004
791	818	0.000057
791	851	0.000025
791	853	0.000031
791	860	0.000006
791	861	0.000005
791	862	0.000030
791	863	0.000025
792	796	0.000069
792	797	0.015476
792	802	0.000046
792	808	0.000013
792	833	0.000248
792	840	0.000683
792	841	0.000025
792	850	0.000015
792	857	0.000064
793	807	0.000015
793	808	0.000003
793	810	0.000020
793	813	0.000007
793	815	0.000071
793	837	0.000037
793	839	0.000883
793	840	0.000014
793	850	0.000038
793	856	0.000074
794	798	0.000053
794	799	0.001577
794	800	0.000105
794	801	0.002612
794	803	0.000087
794	804	0.000001
794	805	0.000002
794	806	0.000009
794	809	0.000021
794	811	0.002729
794	812	0.000031
794	814	0.000081
794	816	0.000004
794	832	0.000560
794	836	0.000037
794	838	0.000895
794	848	0.000059
794	849	0.000048
794	851	0.000005
794	852	0.000001
794	855	0.000063
794	859	0.000015
794	860	0.000001
794	864	0.000002
795	807	0.000010
795	808	0.000021
795	810	0.002749
795	813	0.000081
795	815	0.000004
795	831	0.000561
795	837	0.000886
795	847	0.000033
795	850	0.000007
795	856	0.009024
796	800	0.000296
796	806	0.000011
796	809	0.001527
796	830	0.000523
796	851	0.000007
796	853	0.000025
796	854	0.000137
796	855	0.009158
796	860	0.000001
796	861	0.000052
796	862	0.000009
796	863	0.000005
797	806	0.000010
797	809	0.001274
797	830	0.000003
797	851	0.000107
797	853	0.000157
797	854	0.008674
797	855	0.000024
797	860	0.000063
797	861	0.000010
797	862	0.000006
798	802	0.000244
798	807	0.000018
798	808	0.002453
798	826	0.000003
798	827	0.000305
798	828	0.000036
798	841	0.000001
798	850	0.000105
798	857	0.000052
798	858	0.000006
799	807	0.002498
799	808	0.000117
799	810	0.000003
799	825	0.000003
799	826	0.000328
799	840	0.000001
799	847	0.000004
799	850	0.000343
799	856	0.000059
800	807	0.000082
800	808	0.000129
800	824	0.000003
800	825	0.000323
800	826	0.000003
800	827	0.000071
800	828	0.000011
800	841	0.000005
800	847	0.000002
800	850	0.000453
800	857	0.001223
800	858	0.000002
801	807	0.000181
801	808	0.000008
801	810	0.000152
801	824	0.000316
801	825	0.000005
801	826	0.000071
801	839	0.000002
801	840	0.000006
801	847	0.000021
801	850	0.006052
801	856	0.001386
802	806	0.000121
802	809	0.000156
802	822	0.000017
802	851	0.000029
802	853	0.000016
802	854	0.000007
802	855	0.001354
803	807	0.000002
803	808	0.000156
803	824	0.000004
803	825	0.000077
803	826	0.000119
803	837	0.000013
803	839	0.000009
803	840	0.000207
803	846	0.000069
803	847	0.974184
803	850	0.000009
804	824	0.000076
804	825	0.000121
804	826	0.000006
804	837	0.000009
804	839	0.000211
804	840	0.000053
804	845	0.000036
804	846	0.987581
804	847	0.000012
805	824	0.000121
805	825	0.000006
805	837	0.000315
805	839	0.000053
805	840	0.000001
805	845	0.988408
805	846	0.000007
806	824	0.000006
806	837	0.000035
806	839	0.000001
806	844	0.988568
806	845	0.000002
807	812	0.000002
807	817	0.000212
807	818	0.000001
807	819	0.000015
807	820	0.000286
807	821	0.000010
807	823	0.000007
807	835	0.001755
807	836	0.000055
807	843	0.989786
808	816	0.000222
808	818	0.000011
808	819	0.000286
808	820	0.000010
808	822	0.000005
808	834	0.001831
808	835	0.000040
808	838	0.000001
808	842	0.989767
808	843	0.000003
809	815	0.000221
809	833	0.001846
809	837	0.000002
809	839	0.000047
809	840	0.000005
809	841	0.983271
810	814	0.000201
810	816	0.000334
810	817	0.000006
810	819	0.000002
810	820	0.000001
810	832	0.001830
810	834	0.000024
810	835	0.000003
810	836	0.000003
810	838	0.000242
810	842	0.000008
810	848	0.000002
811	815	0.000330
811	825	0.000003
811	826	0.000002
811	831	0.001754
811	837	0.000239
811	839	0.004986
811	840	0.982377
811	847	0.000002
812	824	0.000003
812	825	0.000002
812	826	0.000010
812	831	0.000137
812	837	0.003928
812	839	0.984401
812	840	0.000004
812	846	0.000002
813	823	0.000003
813	829	0.000559
813	830	0.000198
813	832	0.007403
813	834	0.000241
813	835	0.000025
813	836	0.003280
813	838	0.984410
813	848	0.000020
814	824	0.000012
814	826	0.000003
814	831	0.008518
814	837	0.982550
814	839	0.000007
814	845	0.000001
814	847	0.000020
815	819	0.000042
815	820	0.000155
815	821	0.000008
815	822	0.000012
815	823	0.000079
815	829	0.005960
815	830	0.009600
815	832	0.480776
815	834	0.000409
815	835	0.001489
815	836	0.485214
815	838	0.000016
816	824	0.000024
816	825	0.000102
816	826	0.000242
816	831	0.573060
816	837	0.000017
816	845	0.000020
817	824	0.000093
817	825	0.000221
817	826	0.000056
817	827	0.013771
817	828	0.715822
817	831	0.000900
817	833	0.002797
817	844	0.000018
818	824	0.000160
818	825	0.000077
818	826	0.014425
818	827	0.921979
818	828	0.001330
818	831	0.000063
818	833	0.001144
818	841	0.000027
819	824	0.000110
819	825	0.014876
819	826	0.932716
819	831	0.000119
819	840	0.000035
820	824	0.014792
820	825	0.931219
820	826	0.000103
820	831	0.001421
820	839	0.000035
820	840	0.000007
821	825	0.000092
821	826	0.000003
821	827	0.000020
821	828	0.000041
821	831	0.000039
821	833	0.000182
821	839	0.000008
821	841	0.000001
822	826	0.000017
822	827	0.000037
822	828	0.000019
822	831	0.000046
822	833	0.000038
822	840	0.000001
823	831	0.002044
823	837	0.001245
823	839	0.000002
824	829	0.000728
824	830	0.002056
824	832	0.000021
824	834	0.000032
824	835	0.036381
824	836	0.007350
824	838	0.000002
824	843	0.000006
825	829	0.001973
825	830	0.000005
825	832	0.000115
825	834	0.036418
825	835	0.008729
825	836	0.000124
825	842	0.000006
825	843	0.000005
826	830	0.000007
826	832	0.001626
826	834	0.008695
826	835	0.000160
826	842	0.000005
829	840	0.000103
830	839	0.000104
831	835	0.000436
831	836	0.000294
831	838	0.000133
832	837	0.000135
834	840	0.000009
834	847	0.000023
835	839	0.000009
835	840	0.000002
835	846	0.000023
836	845	0.000023
837	851	0.000001
838	850	0.000002
839	849	0.000002
840	848	0.000002
843	856	0.000004
844	855	0.000004
845	854	0.000004
846	853	0.000004
846	859	0.000001
847	852	0.000005
848	856	0.000094
848	870	0.000007
849	856	0.004014
849	870	0.000007
850	854	0.000013
850	855	0.003127
850	859	0.004427
850	860	0.000004
850	861	0.000008
850	862	0.000006
850	863	0.000005
850	864	0.000098
850	865	0.000003
850	868	0.002411
850	869	0.000009
850	877	0.000195
851	856	0.000010
851	857	0.000907
851	858	0.003808
851	866	0.000004
851	867	0.002233
851	876	0.000186
852	856	0.001248
852	870	0.000002
853	857	0.000020
853	858	0.000014
853	866	0.000232
853	867	0.001970
853	876	0.002177
854	858	0.000013
854	866	0.002501
854	867	0.002528
854	876	0.000671
855	866	0.003834
855	867	0.000101
855	876	0.000246
856	860	0.000015
856	861	0.000060
856	862	0.000235
856	863	0.000586
856	864	0.043667
856	865	0.001965
856	868	0.000180
856	869	0.000003
856	872	0.000007
856	873	0.224543
856	874	0.000012
856	875	0.000053
856	877	0.000001
857	861	0.000238
857	862	0.000786
857	863	0.043009
857	865	0.000239
857	869	0.000024
857	871	0.000006
857	872	0.225774
857	874	0.000038
857	875	0.000004
858	862	0.025264
858	863	0.000711
858	865	0.001422
858	869	0.000221
858	871	0.226712
858	872	0.000003
858	874	0.000004
858	875	0.000001
859	870	0.226800
860	866	0.002975
860	867	0.012206
860	870	0.000028
860	876	0.000002
861	866	0.015255
861	867	0.004953
861	870	0.000032
861	876	0.000002
862	866	0.004030
862	867	0.008841
862	870	0.000011
862	876	0.000002
863	867	0.000418
863	870	0.000006
864	870	0.000260
865	870	0.000009
865	876	0.000241
866	871	0.000005
866	872	0.000011
866	874	0.000003
866	875	0.000278
867	871	0.000009
867	872	0.000005
867	874	0.000217
867	875	0.000004
869	876	0.000085
870	874	0.000001
870	875	0.000096
870	877	0.000365
871	876	0.000358
872	876	0.000003
