1	7	0.000075
1	8	0.000064
1	9	0.000015
1	12	0.000008
1	13	0.000004
1	15	0.000036
1	33	0.000001
1	41	0.317825
1	67	0.010913
1	75	0.000045
1	76	0.000013
1	559	0.000002
1	562	0.132532
1	579	0.000008
1	580	0.000023
1	717	0.000022
1	745	0.000002
1	775	0.000013
1	799	0.000009
1	810	0.000004
2	7	0.000220
2	8	0.000046
2	9	0.000009
2	11	0.000011
2	12	0.000008
2	14	0.000044
2	15	0.000014
2	28	0.000001
2	30	0.000133
2	32	0.000002
2	39	0.000295
2	40	0.428564
2	41	0.002503
2	42	0.007352
2	46	0.003024
2	50	0.000209
2	52	0.000003
2	53	0.000122
2	62	0.008292
2	64	0.000025
2	65	0.000780
2	66	0.012326
2	67	0.000038
2	74	0.000110
2	75	0.000043
2	77	0.000002
2	551	0.000014
2	555	0.000006
2	559	0.000005
2	560	0.000143
2	561	0.206991
2	562	0.000082
2	565	0.000005
2	566	0.003073
2	569	0.000022
2	572	0.000011
2	573	0.005466
2	575	0.015361
2	578	0.000011
2	579	0.000046
2	581	0.000001
2	582	0.000002
2	716	0.000024
2	744	0.000003
2	745	0.000017
2	746	0.000005
2	748	0.000002
2	774	0.000016
2	775	0.000003
2	788	0.000020
2	798	0.000018
2	809	0.000005
2	810	0.000003
2	840	0.000002
2	848	0.000061
2	851	0.000404
3	7	0.000045
3	8	0.000035
3	9	0.000015
3	11	0.000009
3	13	0.000043
3	14	0.000018
3	29	0.000135
3	30	0.000001
3	39	0.428756
3	40	0.003115
3	41	0.005946
3	42	0.069442
3	46	0.000213
3	50	0.000054
3	52	0.000122
3	61	0.008355
3	62	0.000052
3	64	0.000787
3	65	0.012229
3	66	0.000045
3	74	0.000060
3	76	0.000003
3	77	0.000001
3	555	0.000005
3	559	0.000063
3	560	0.207324
3	561	0.000139
3	562	0.000004
3	565	0.003031
3	566	0.000012
3	569	0.000006
3	572	0.005421
3	573	0.000064
3	575	0.007351
3	578	0.000048
3	580	0.000002
3	581	0.000003
3	715	0.000024
3	743	0.000001
3	744	0.000021
3	745	0.000002
3	746	0.000009
3	774	0.000004
3	787	0.000020
3	797	0.000020
3	808	0.000004
3	809	0.000003
3	839	0.000002
3	848	0.000056
3	851	0.000303
4	8	0.000029
4	9	0.000016
4	12	0.000041
4	13	0.000018
4	26	0.000002
4	28	0.000135
4	41	0.066558
4	58	0.000002
4	60	0.008477
4	61	0.000027
4	75	0.000002
4	76	0.000001
4	549	0.000015
4	559	0.173923
4	562	0.000005
4	579	0.000002
4	580	0.000002
4	714	0.000020
4	743	0.000018
4	745	0.000008
4	796	0.000020
4	807	0.000004
4	808	0.000003
4	838	0.000002
5	10	0.000030
5	25	0.000002
5	27	0.000136
5	48	0.000046
5	56	0.000004
5	57	0.000002
5	59	0.008490
5	68	0.000089
5	69	0.000015
5	71	0.000051
5	72	0.000004
5	548	0.000015
5	552	0.000009
5	554	0.000023
5	556	0.000118
5	557	0.007543
5	563	0.001024
5	564	0.000765
5	571	0.001838
5	576	0.014177
5	577	0.000026
5	795	0.000019
5	837	0.000002
5	845	0.000009
5	847	0.000002
5	849	0.000112
5	850	0.000084
6	24	0.000002
6	26	0.000135
6	41	0.000373
6	55	0.000004
6	58	0.007799
6	61	0.000002
6	67	0.000072
6	547	0.000012
6	559	0.000663
6	562	0.000228
6	743	0.000003
6	844	0.000009
7	25	0.000126
7	37	0.000107
7	38	0.008225
7	43	0.000094
7	44	0.000101
7	45	0.000056
7	47	0.000028
7	48	0.000012
7	49	0.000025
7	51	0.000005
7	54	0.000005
7	56	0.000008
7	57	0.007182
7	63	0.000010
7	70	0.000003
7	73	0.000003
7	553	0.000009
7	554	0.000034
7	556	0.000089
7	557	0.000041
7	558	0.002741
7	563	0.000006
7	564	0.000001
7	567	0.000004
7	568	0.000032
7	570	0.000015
7	571	0.000002
7	574	0.000273
7	576	0.000127
7	742	0.000003
7	843	0.000008
7	849	0.000001
7	850	0.000002
7	852	0.000359
8	21	0.000001
8	22	0.000064
8	37	0.004505
8	38	0.805455
8	43	0.000066
8	44	0.000045
8	45	0.000007
8	47	0.000009
8	48	0.000021
8	49	0.000003
8	51	0.000002
8	54	0.000002
8	56	0.001827
8	57	0.000003
8	70	0.000001
8	552	0.000006
8	553	0.000024
8	554	0.000005
8	556	0.000005
8	557	0.002885
8	558	0.000023
8	567	0.000017
8	568	0.000008
8	570	0.000001
8	574	0.000041
8	576	0.000074
8	741	0.000002
8	842	0.000004
8	852	0.000094
9	19	0.000007
9	21	0.000079
9	22	0.000002
9	31	0.000001
9	37	0.967494
9	38	0.000285
9	43	0.000014
9	44	0.000002
9	47	0.000005
9	48	0.000001
9	51	0.000001
9	54	0.000009
9	552	0.000015
9	553	0.000003
9	556	0.002794
9	557	0.000008
9	558	0.000002
9	567	0.000004
9	574	0.000008
9	576	0.000016
9	707	0.000001
9	852	0.000023
10	18	0.000008
10	20	0.000079
10	23	0.000005
10	30	0.000002
10	36	0.996738
10	42	0.000003
10	46	0.000001
10	52	0.000002
10	53	0.000008
10	551	0.000003
10	555	0.002815
10	565	0.000005
10	566	0.000001
10	575	0.000002
10	706	0.000001
10	851	0.000008
11	16	0.000015
11	35	0.996780
11	550	0.000003
11	554	0.002810
11	564	0.000005
11	705	0.000001
11	850	0.000007
12	19	0.000005
12	21	0.000001
12	22	0.000001
12	31	0.000004
12	34	0.988745
12	35	0.000003
12	51	0.000002
12	553	0.002529
12	554	0.000005
12	563	0.000005
12	849	0.000006
13	17	0.000002
13	21	0.000001
13	31	0.000121
13	34	0.000106
13	37	0.000001
13	49	0.000079
13	552	0.001869
13	553	0.000230
14	35	0.000042
14	48	0.000147
14	550	0.000007
14	552	0.000453
14	847	0.000002
15	21	0.000003
15	31	0.912191
15	34	0.000042
15	37	0.000002
15	43	0.000002
15	47	0.000147
15	63	0.000001
15	550	0.000003
15	552	0.000079
15	846	0.000001
16	20	0.000003
16	28	0.000022
16	29	0.077879
16	30	0.915395
16	32	0.000050
16	33	0.000016
16	36	0.000002
16	42	0.000003
16	46	0.000139
16	61	0.000002
16	62	0.000002
16	551	0.000309
17	26	0.000080
17	28	0.533864
17	29	0.461745
17	41	0.000002
17	60	0.000004
17	549	0.000023
17	844	0.000001
18	25	0.000154
18	27	0.987701
18	59	0.000005
18	548	0.000023
18	550	0.000379
18	843	0.000001
19	24	0.000112
19	26	0.986755
19	28	0.010460
19	58	0.000005
19	547	0.000018
19	549	0.000379
19	701	0.000001
20	25	0.983242
20	27	0.010710
20	57	0.000005
20	548	0.000379
20	700	0.000001
20	841	0.000001
21	26	0.008104
21	28	0.000001
21	29	0.000003
21	41	0.000001
21	547	0.000324
21	699	0.000001
21	840	0.000001
22	26	0.000008
22	28	0.000017
22	698	0.000001
22	838	0.000001
23	27	0.000017
23	35	0.000002
23	48	0.000050
23	697	0.000001
23	837	0.000001
24	34	0.000002
24	37	0.000029
24	47	0.000051
24	49	0.000001
24	85	0.000002
24	696	0.000001
24	836	0.000001
25	32	0.000001
25	33	0.000001
25	36	0.000032
25	39	0.000006
25	40	0.000001
25	46	0.000051
25	52	0.000005
25	64	0.000002
25	86	0.000173
25	695	0.000001
26	35	0.000032
26	37	0.000062
26	38	0.000003
26	45	0.000048
26	47	0.000002
26	51	0.000006
26	63	0.000002
26	84	0.000178
26	85	0.000114
26	694	0.000001
27	36	0.000072
27	39	0.000010
27	46	0.000002
27	50	0.000006
27	62	0.000002
27	83	0.000389
27	693	0.000001
27	833	0.000001
28	35	0.000070
28	38	0.000010
28	45	0.000002
28	49	0.000006
28	82	0.000390
28	832	0.000001
29	34	0.000041
29	37	0.000010
29	44	0.000002
29	48	0.000005
29	49	0.000003
29	81	0.000486
29	831	0.000001
30	35	0.000017
30	48	0.000006
30	59	0.000006
30	80	0.000756
30	81	0.000001
30	830	0.000001
31	58	0.000006
31	79	0.000758
32	48	0.000032
32	57	0.000006
32	78	0.000756
32	80	0.000001
32	81	0.000038
33	37	0.000001
33	38	0.000003
33	43	0.000003
33	44	0.000002
33	47	0.000031
33	56	0.000006
33	80	0.000038
34	41	0.000059
34	55	0.000006
34	61	0.000002
34	75	0.000530
34	76	0.000066
34	79	0.000037
35	39	0.000006
35	40	0.000068
35	42	0.000020
35	46	0.000016
35	50	0.000013
35	60	0.000004
35	74	0.000544
35	75	0.000050
35	76	0.000003
35	77	0.000010
35	79	0.000001
35	83	0.000002
35	551	0.000009
35	851	0.000287
36	48	0.000016
36	59	0.000004
36	72	0.000009
36	78	0.000002
36	82	0.000002
36	550	0.000009
36	850	0.000289
37	41	0.000002
37	58	0.000002
37	61	0.000002
37	75	0.000005
37	76	0.000026
37	549	0.000004
38	58	0.000726
38	60	0.000005
38	75	0.000036
38	76	0.000004
38	559	0.000001
39	48	0.001062
39	56	0.000005
39	57	0.001175
39	59	0.000006
39	68	0.000019
39	69	0.014063
39	71	0.000052
39	72	0.220631
39	81	0.000005
39	82	0.000005
39	84	0.000001
39	554	0.000004
39	556	0.001108
39	557	0.000321
39	563	0.000003
39	564	0.000231
39	571	0.000001
39	576	0.001542
39	577	0.000579
39	791	0.000029
39	845	0.000003
39	846	0.000148
39	847	0.002334
39	849	0.006352
39	850	0.001187
40	48	0.011269
40	56	0.001208
40	57	0.000006
40	68	0.014162
40	69	0.002063
40	71	0.222876
40	72	0.000025
40	80	0.000005
40	81	0.000006
40	82	0.000008
40	552	0.000002
40	554	0.001744
40	556	0.000315
40	557	0.000007
40	563	0.000233
40	564	0.000003
40	571	0.000004
40	576	0.002445
40	577	0.000005
40	790	0.000029
40	843	0.000006
40	845	0.000147
40	846	0.002337
40	847	0.009780
40	849	0.001125
40	850	0.000008
41	45	0.000046
41	47	0.010484
41	48	0.000180
41	49	0.026941
41	51	0.000020
41	54	0.000005
41	56	0.000003
41	57	0.000025
41	63	0.000002
41	68	0.001465
41	69	0.005157
41	70	0.222027
41	71	0.000017
41	72	0.000010
41	73	0.000169
41	80	0.000002
41	81	0.000010
41	553	0.001792
41	554	0.000001
41	556	0.000005
41	557	0.000004
41	558	0.000012
41	563	0.000002
41	564	0.000006
41	570	0.000004
41	574	0.000067
41	576	0.000063
41	577	0.000011
41	789	0.000026
41	802	0.000042
41	842	0.000007
41	845	0.000321
41	846	0.010137
41	847	0.000075
41	849	0.000006
41	850	0.000013
41	852	0.000060
42	48	0.035123
42	56	0.000135
42	59	0.000011
42	68	0.014102
42	69	0.215994
42	71	0.000019
42	72	0.000203
42	78	0.000003
42	80	0.000015
42	552	0.001794
42	554	0.000131
42	556	0.000007
42	557	0.000014
42	563	0.000022
42	564	0.000001
42	571	0.000002
42	576	0.006371
42	577	0.000003
42	801	0.000051
42	841	0.000006
42	843	0.000149
42	845	0.012392
42	846	0.000074
42	847	0.000057
42	849	0.000035
42	850	0.000005
43	55	0.000117
43	58	0.000010
43	61	0.000004
43	67	0.017313
43	79	0.000015
43	562	0.000007
43	800	0.000050
43	840	0.000005
43	844	0.012237
44	55	0.000003
44	58	0.000002
44	60	0.000002
44	61	0.000401
44	67	0.004410
44	76	0.000003
44	562	0.000003
44	799	0.000042
44	844	0.000006
45	55	0.000002
45	58	0.000017
45	60	0.000500
45	61	0.000009
45	67	0.000762
45	75	0.000003
45	76	0.000002
45	549	0.000161
45	562	0.000002
45	798	0.000010
45	838	0.000003
45	844	0.000023
46	56	0.001483
46	57	0.000017
46	59	0.000511
46	68	0.045712
46	69	0.000025
46	71	0.000006
46	72	0.000018
46	84	0.000002
46	88	0.000196
46	548	0.000162
46	550	0.000003
46	552	0.000006
46	554	0.000002
46	556	0.000004
46	557	0.000002
46	563	0.000032
46	564	0.000003
46	571	0.000007
46	576	0.008709
46	577	0.000011
46	705	0.000012
46	776	0.000003
46	790	0.000002
46	791	0.000009
46	837	0.000003
46	841	0.012970
46	843	0.000014
46	849	0.000030
46	850	0.000018
47	55	0.001459
47	58	0.000467
47	60	0.000065
47	61	0.000298
47	67	0.045837
47	75	0.000308
47	87	0.000211
47	547	0.000142
47	549	0.000002
47	559	0.000001
47	562	0.000024
47	579	0.000015
47	580	0.000001
47	704	0.000012
47	745	0.000004
47	775	0.000003
47	798	0.000040
47	840	0.013060
48	52	0.000035
48	53	0.000525
48	55	0.000003
48	58	0.000001
48	60	0.000196
48	61	0.198214
48	62	0.043451
48	64	0.000677
48	65	0.000309
48	66	0.040642
48	67	0.000001
48	74	0.000495
48	83	0.000031
48	86	0.000214
48	546	0.000041
48	555	0.000005
48	560	0.000011
48	561	0.000019
48	562	0.000001
48	565	0.000004
48	566	0.000009
48	569	0.000004
48	572	0.000004
48	573	0.000024
48	575	0.003481
48	578	0.000017
48	579	0.000001
48	580	0.000003
48	581	0.000013
48	703	0.000012
48	744	0.000005
48	746	0.000002
48	774	0.000003
48	787	0.000002
48	788	0.000004
48	797	0.000053
48	839	0.013074
48	848	0.000020
48	851	0.000108
49	55	0.000010
49	58	0.000228
49	60	0.277338
49	61	0.021980
49	75	0.000001
49	549	0.000001
49	559	0.000010
49	562	0.000002
49	579	0.000003
49	580	0.000015
49	701	0.000012
49	743	0.000004
49	745	0.000002
49	796	0.000053
49	838	0.013060
50	56	0.000718
50	57	0.000257
50	59	0.301738
50	68	0.000057
50	69	0.000050
50	71	0.002335
50	72	0.000766
50	80	0.000006
50	82	0.000191
50	84	0.000101
50	548	0.000001
50	552	0.000002
50	554	0.000004
50	556	0.000006
50	557	0.000003
50	563	0.000022
50	564	0.000006
50	571	0.000009
50	576	0.008359
50	577	0.000013
50	700	0.000012
50	755	0.000001
50	784	0.000002
50	785	0.000002
50	795	0.000053
50	837	0.013016
50	847	0.000003
50	849	0.000038
50	850	0.000027
51	55	0.000476
51	58	0.300936
51	60	0.000218
51	61	0.000004
51	67	0.000052
51	79	0.000006
51	547	0.000001
51	562	0.000005
51	579	0.000003
51	698	0.000006
51	699	0.000006
51	754	0.000003
51	833	0.000003
52	56	0.000221
52	57	0.298032
52	59	0.000226
52	68	0.000053
52	69	0.639139
52	71	0.000002
52	72	0.000004
52	78	0.000006
52	81	0.008946
52	82	0.000007
52	564	0.000001
52	576	0.000550
52	577	0.002243
52	697	0.000012
52	753	0.000003
52	782	0.000030
52	784	0.000129
52	785	0.010504
52	791	0.000086
52	792	0.000004
52	846	0.000008
52	850	0.000005
53	57	0.000200
53	59	0.000052
53	68	0.645805
53	69	0.000306
53	71	0.000004
53	80	0.008986
53	81	0.000004
53	563	0.000001
53	576	0.009383
53	577	0.000002
53	588	0.000006
53	696	0.000012
53	752	0.000003
53	782	0.000043
53	784	0.010583
53	785	0.000051
53	790	0.000086
53	791	0.000005
53	845	0.000008
53	849	0.000005
54	58	0.000036
54	60	0.000012
54	61	0.000007
54	67	0.635772
54	79	0.008985
54	695	0.000012
54	751	0.000003
54	833	0.000015
54	844	0.000008
55	59	0.000011
55	63	0.000224
55	68	0.000007
55	69	0.000001
55	78	0.008964
55	567	0.000003
55	574	0.015090
55	576	0.000004
55	587	0.000021
55	694	0.000012
55	782	0.007020
55	784	0.000001
55	789	0.000105
55	832	0.000015
55	836	0.000007
55	837	0.000001
55	843	0.000007
55	852	0.000016
56	62	0.000235
56	64	0.000097
56	65	0.623297
56	66	0.024325
56	67	0.000026
56	75	0.000166
56	77	0.008863
56	566	0.000003
56	572	0.000249
56	573	0.016899
56	575	0.000005
56	586	0.000024
56	693	0.000011
56	749	0.000003
56	780	0.006721
56	781	0.004894
56	788	0.000117
56	851	0.000025
57	61	0.000099
57	62	0.000061
57	64	0.624612
57	65	0.023665
57	66	0.000044
57	74	0.000396
57	75	0.000005
57	76	0.006335
57	565	0.000003
57	572	0.016875
57	573	0.000002
57	575	0.000051
57	585	0.000024
57	748	0.000003
57	779	0.008949
57	780	0.002691
57	787	0.000117
58	63	0.547156
58	72	0.000011
58	73	0.000407
58	564	0.000002
58	570	0.010099
58	571	0.006956
58	574	0.000050
58	576	0.000005
58	584	0.000024
58	747	0.000003
58	778	0.011149
58	786	0.000111
58	834	0.000070
58	849	0.000024
59	64	0.011591
59	65	0.000012
59	66	0.000006
59	74	0.008806
59	83	0.000002
59	86	0.000002
59	565	0.000001
59	569	0.015335
59	572	0.000009
59	573	0.000044
59	575	0.000010
59	583	0.000024
59	746	0.000003
59	774	0.000008
59	777	0.011174
59	779	0.000460
59	833	0.000075
59	848	0.000025
60	70	0.000079
60	71	0.000412
60	73	0.008801
60	82	0.000002
60	85	0.000001
60	567	0.000002
60	568	0.015344
60	570	0.000003
60	571	0.000013
60	574	0.000009
60	773	0.000009
60	776	0.010984
60	778	0.000442
60	832	0.000076
60	847	0.000025
61	68	0.000002
61	69	0.000355
61	70	0.000551
61	72	0.008749
61	73	0.000015
61	81	0.000003
61	85	0.000037
61	564	0.000002
61	567	0.013252
61	568	0.000099
61	570	0.000012
61	571	0.000003
61	692	0.000004
61	772	0.000012
61	773	0.000010
61	776	0.000006
61	831	0.000076
61	846	0.000025
62	68	0.002006
62	69	0.000984
62	71	0.008731
62	72	0.000028
62	80	0.000004
62	84	0.000090
62	563	0.000003
62	564	0.000002
62	571	0.000013
62	576	0.000055
62	689	0.000004
62	691	0.000004
62	771	0.000006
62	776	0.000475
62	830	0.000076
62	845	0.000025
62	849	0.000001
63	67	0.001328
63	79	0.000004
63	562	0.000002
63	579	0.000001
63	688	0.000004
63	690	0.000004
63	775	0.000475
63	829	0.000059
63	844	0.000025
64	68	0.000391
64	69	0.000813
64	71	0.000013
64	72	0.000193
64	78	0.000004
64	81	0.000010
64	82	0.000147
64	563	0.000023
64	564	0.011249
64	571	0.000036
64	576	0.000055
64	577	0.000036
64	687	0.000004
64	689	0.000004
64	770	0.000003
64	771	0.000649
64	792	0.000042
64	843	0.000024
64	847	0.000002
64	850	0.000023
65	69	0.000097
65	71	0.000194
65	72	0.000411
65	80	0.000010
65	81	0.000155
65	563	0.011201
65	564	0.004205
65	571	0.000029
65	576	0.000142
65	577	0.000024
65	680	0.000003
65	687	0.000001
65	769	0.000003
65	770	0.000635
65	771	0.015808
65	791	0.000180
65	846	0.000001
65	849	0.000023
65	850	0.000019
66	71	0.000411
66	72	0.000009
66	80	0.000155
66	563	0.004267
66	564	0.000188
66	571	0.000054
66	576	0.000135
66	577	0.000025
66	588	0.000061
66	679	0.000003
66	769	0.000617
66	770	0.015891
66	790	0.000181
66	845	0.000001
66	849	0.000020
66	850	0.000015
67	71	0.000007
67	78	0.000087
67	563	0.000173
67	564	0.000006
67	567	0.004596
67	568	0.000006
67	570	0.000046
67	574	0.000181
67	576	0.000218
67	587	0.000061
67	678	0.000003
67	769	0.015885
67	789	0.000181
67	811	0.000003
67	849	0.000016
67	852	0.000004
68	74	0.000014
68	75	0.000002
68	77	0.000099
68	560	0.000001
68	561	0.002601
68	562	0.000041
68	565	0.000014
68	566	0.005635
68	569	0.000036
68	573	0.000200
68	575	0.000366
68	582	0.000006
68	586	0.000061
68	677	0.000003
68	765	0.000003
68	768	0.016515
68	788	0.000181
68	810	0.000003
68	848	0.000017
68	851	0.000003
69	74	0.000005
69	76	0.000094
69	77	0.000064
69	559	0.000001
69	560	0.002610
69	561	0.000026
69	562	0.000115
69	565	0.005603
69	566	0.000006
69	572	0.000198
69	575	0.000114
69	581	0.000006
69	585	0.000061
69	676	0.000003
69	764	0.000003
69	767	0.016500
69	787	0.000181
69	809	0.000003
69	851	0.000002
70	75	0.000082
70	76	0.000063
70	559	0.002580
70	562	0.594441
70	580	0.000005
70	717	0.000001
70	763	0.000003
70	766	0.016517
70	808	0.000003
71	75	0.000029
71	77	0.000001
71	559	0.000004
71	560	0.000075
71	561	0.739164
71	562	0.000140
71	566	0.000021
71	573	0.000002
71	575	0.000003
71	579	0.000005
71	582	0.000010
71	583	0.000009
71	716	0.000001
71	762	0.000003
71	765	0.016527
71	788	0.000027
71	798	0.000001
71	807	0.000003
71	840	0.000002
72	77	0.000002
72	559	0.000062
72	560	0.740822
72	561	0.000278
72	565	0.000021
72	572	0.000002
72	575	0.000001
72	578	0.000005
72	581	0.000010
72	582	0.000009
72	715	0.000001
72	761	0.000003
72	763	0.000001
72	764	0.016524
72	787	0.000027
72	797	0.000001
72	806	0.000003
72	839	0.000002
73	79	0.000003
73	559	0.731632
73	562	0.000010
73	580	0.000010
73	762	0.000054
73	763	0.015628
73	796	0.000001
73	805	0.000003
73	838	0.000002
74	78	0.000003
74	80	0.000005
74	81	0.000028
74	554	0.000006
74	556	0.000019
74	557	0.000853
74	563	0.000006
74	564	0.000009
74	576	0.000030
74	760	0.000003
74	795	0.000001
74	837	0.000002
75	80	0.000027
75	553	0.000004
75	554	0.000036
75	556	0.000261
75	557	0.000770
75	558	0.899095
75	563	0.000006
75	786	0.000181
75	803	0.000004
75	836	0.000001
76	85	0.000010
76	552	0.000002
76	553	0.000059
76	556	0.000037
76	557	0.945492
76	558	0.000732
76	577	0.000009
76	760	0.000013
76	785	0.000189
76	802	0.000004
77	84	0.000013
77	552	0.000063
77	554	0.000095
77	556	0.970819
77	557	0.000439
77	576	0.000814
77	760	0.016179
77	784	0.000192
77	801	0.000004
78	83	0.000012
78	86	0.000002
78	551	0.000061
78	555	0.972015
78	575	0.000831
78	585	0.000002
78	759	0.016469
78	761	0.000005
78	783	0.000192
78	800	0.000004
79	85	0.000002
79	550	0.000059
79	552	0.000123
79	553	0.000180
79	554	0.965390
79	556	0.000032
79	574	0.000829
79	584	0.000002
79	758	0.016457
79	760	0.000006
79	782	0.000192
80	87	0.000002
80	549	0.000010
80	551	0.000421
80	555	0.000047
80	573	0.000802
80	583	0.000002
80	757	0.016459
80	759	0.000005
80	781	0.000192
80	798	0.000004
81	86	0.000003
81	551	0.000285
81	555	0.000006
81	572	0.000771
81	573	0.000030
81	582	0.000002
81	756	0.016358
81	757	0.000014
81	780	0.000192
81	797	0.000004
82	547	0.000007
82	549	0.000540
82	551	0.989025
82	555	0.000489
82	572	0.000057
82	756	0.000021
82	779	0.000181
82	796	0.000004
82	851	0.000002
83	88	0.000002
83	548	0.000545
83	550	0.987922
83	552	0.005893
83	554	0.000448
83	556	0.000006
83	571	0.000084
83	755	0.000019
83	776	0.000001
83	795	0.000004
83	850	0.000002
84	547	0.000502
84	549	0.354047
84	551	0.006215
84	555	0.000006
84	569	0.000041
84	754	0.000002
84	777	0.000036
84	794	0.000004
85	547	0.000526
85	549	0.620034
86	548	0.934012
86	550	0.000059
86	552	0.000001
86	554	0.000002
86	776	0.000011
87	548	0.000320
87	550	0.000002
87	553	0.000002
88	545	0.000004
88	546	0.994168
88	547	0.000036
89	545	0.999961
89	546	0.000020
90	544	0.999962
91	543	0.999963
92	542	0.999991
93	541	0.999976
94	540	0.999464
95	539	0.999232
95	540	0.000006
96	105	0.000008
96	166	0.000141
96	439	0.000001
97	104	0.000008
97	114	0.000002
97	164	0.000022
97	165	0.000148
97	438	0.000001
97	537	0.000246
97	538	0.996650
98	103	0.000008
98	113	0.000002
98	163	0.000023
98	164	0.000148
98	222	0.000002
98	438	0.000002
98	440	0.000001
98	537	0.996658
98	538	0.000009
99	116	0.000162
99	166	0.000001
99	212	0.000016
99	221	0.000001
99	230	0.000004
99	236	0.000001
99	437	0.000002
99	535	0.003806
99	536	0.918344
99	539	0.000191
100	113	0.000037
100	114	0.992787
100	164	0.000002
100	165	0.000002
100	211	0.000017
100	215	0.000001
100	538	0.000242
101	113	0.999214
101	114	0.000026
101	163	0.000002
101	164	0.000002
101	210	0.000017
101	215	0.000188
101	537	0.000243
102	107	0.000002
102	111	0.001132
102	112	0.996843
102	170	0.000001
102	209	0.000015
102	214	0.000190
102	536	0.000241
103	110	0.001161
103	111	0.998317
103	112	0.000011
103	169	0.000001
103	170	0.000017
103	213	0.000191
103	535	0.000237
103	536	0.000005
104	110	0.997282
104	111	0.000014
104	169	0.000018
104	212	0.000190
104	535	0.000008
105	109	0.809386
105	211	0.000073
105	533	0.000002
105	534	0.000010
106	168	0.000200
106	532	0.000004
107	113	0.000004
107	167	0.000230
107	531	0.000004
107	533	0.000003
108	112	0.000002
108	166	0.000118
108	532	0.000002
109	166	0.000306
109	532	0.000002
110	164	0.000013
110	165	0.000428
110	530	0.000006
110	531	0.000002
111	163	0.000013
111	164	0.000428
111	529	0.000006
111	530	0.000002
112	163	0.000416
112	528	0.000006
112	529	0.000002
112	537	0.000001
113	527	0.000006
113	536	0.000002
114	236	0.000003
114	527	0.000002
114	535	0.000003
115	166	0.000099
115	168	0.000002
115	214	0.000004
115	232	0.000005
115	235	0.000003
116	161	0.000014
116	162	0.993062
116	163	0.001147
116	164	0.000020
116	165	0.000064
116	231	0.000003
117	161	0.999254
117	162	0.000607
117	163	0.000015
117	164	0.000048
118	160	0.999452
119	159	0.999977
120	158	0.999979
121	156	0.000001
121	157	0.999033
122	156	0.999289
122	157	0.000001
123	155	0.999964
124	154	0.999511
125	153	0.999977
126	152	0.999984
127	150	0.000001
127	151	0.998859
128	150	0.998775
129	149	0.998652
130	148	0.911101
131	146	0.000002
131	147	0.649753
131	148	0.085284
132	146	0.387791
132	147	0.350045
133	139	0.000003
133	143	0.006217
133	146	0.611800
134	138	0.000003
134	140	0.000002
134	142	0.006271
134	145	0.866866
135	139	0.000002
135	143	0.007765
135	147	0.000026
136	143	0.976668
136	146	0.000034
137	142	0.986965
137	145	0.000042
138	143	0.000033
160	216	0.000002
161	214	0.000003
161	230	0.000002
162	170	0.000002
162	213	0.000064
162	214	0.001158
162	228	0.000004
162	230	0.000302
162	535	0.000002
162	536	0.000020
163	168	0.000084
163	169	0.000022
163	170	0.000285
163	177	0.000013
163	178	0.000002
163	212	0.000133
163	213	0.029874
163	214	0.585120
163	221	0.000011
163	227	0.000006
163	228	0.118917
163	230	0.000061
163	232	0.000006
163	236	0.000002
163	240	0.000008
163	410	0.000002
163	535	0.000110
163	536	0.001147
164	168	0.000018
164	169	0.000297
164	170	0.000036
164	176	0.000018
164	177	0.000003
164	212	0.029703
164	213	0.645532
164	214	0.115798
164	220	0.000009
164	221	0.000123
164	226	0.000003
164	227	0.119561
164	228	0.000139
164	236	0.000004
164	239	0.000009
164	410	0.000001
164	443	0.000003
164	535	0.001152
164	536	0.004538
165	169	0.000037
165	175	0.000021
165	176	0.000003
165	212	0.642183
165	213	0.128051
165	214	0.001624
165	220	0.000124
165	224	0.000002
165	226	0.119428
165	227	0.000138
165	230	0.000012
165	235	0.000003
165	236	0.000002
165	238	0.000012
165	442	0.000003
165	535	0.004658
165	536	0.000003
166	174	0.000021
166	210	0.000537
166	211	0.070360
166	215	0.000314
166	216	0.000188
166	217	0.000073
166	219	0.000123
166	223	0.000002
166	225	0.119655
166	229	0.000012
166	234	0.000003
166	237	0.000013
166	441	0.000003
166	534	0.004244
167	175	0.000122
167	209	0.000586
167	212	0.139897
167	213	0.031360
167	214	0.000196
167	220	0.000001
167	224	0.119629
167	228	0.000011
167	235	0.000010
167	236	0.000011
167	535	0.000015
168	174	0.000124
168	207	0.000047
168	208	0.000516
168	210	0.000016
168	211	0.003597
168	215	0.000050
168	216	0.000041
168	217	0.000104
168	218	0.000004
168	219	0.000008
168	222	0.000265
168	223	0.117430
168	234	0.000022
168	530	0.000001
168	534	0.000013
169	173	0.000123
169	206	0.000085
169	210	0.002131
169	211	0.876019
169	215	0.000018
169	218	0.000005
169	222	0.046815
169	233	0.000022
169	529	0.000001
170	206	0.000206
170	210	0.993839
170	211	0.000123
170	215	0.000011
170	218	0.000014
170	222	0.000043
170	231	0.000023
170	528	0.000001
171	175	0.000007
171	209	0.997033
171	212	0.000070
171	213	0.000001
171	214	0.000005
171	220	0.000170
171	221	0.000071
171	230	0.000023
171	527	0.000001
172	204	0.000002
172	205	0.000079
172	206	0.000073
172	207	0.000557
172	208	0.986509
172	210	0.000041
172	211	0.000067
172	216	0.000002
172	217	0.000003
172	218	0.000002
172	219	0.000179
172	222	0.000002
172	229	0.000023
172	526	0.000001
173	209	0.000053
173	212	0.000003
173	213	0.000002
173	221	0.000042
173	228	0.000023
174	214	0.000002
174	220	0.000038
175	204	0.002941
175	206	0.241247
175	210	0.000004
175	211	0.000003
175	215	0.000008
175	218	0.000012
176	203	0.002216
176	204	0.994730
176	206	0.000006
176	210	0.000002
177	202	0.001482
177	203	0.997729
177	204	0.000019
178	201	0.000747
178	202	0.998491
178	203	0.000013
179	199	0.000001
179	201	0.999222
179	202	0.000007
180	200	0.999463
181	198	0.000001
181	199	0.998119
182	198	0.998841
183	197	0.999964
184	196	0.999509
185	193	0.000002
185	195	0.999972
186	192	0.000006
186	194	0.999917
187	191	0.000024
187	193	0.991644
187	195	0.000007
188	192	0.980165
188	194	0.000008
189	193	0.000009
202	213	0.000002
202	214	0.000001
203	212	0.000002
203	213	0.000005
203	228	0.000002
204	212	0.000006
204	213	0.000001
204	227	0.000002
204	236	0.000003
205	214	0.000425
205	226	0.000003
205	235	0.000003
206	212	0.000011
206	213	0.000445
206	221	0.000475
206	227	0.000003
207	214	0.000003
207	220	0.000466
207	226	0.000003
208	214	0.000001
208	220	0.000002
208	232	0.000004
208	415	0.000002
209	215	0.000030
209	218	0.000532
209	222	0.000024
209	231	0.000004
209	414	0.000003
210	214	0.000012
210	220	0.000001
210	221	0.000244
210	230	0.000004
210	413	0.000003
210	536	0.000002
211	220	0.000289
211	221	0.000237
211	228	0.000002
211	412	0.000003
211	535	0.000002
212	218	0.000935
212	222	0.000079
212	231	0.000001
212	233	0.000002
212	411	0.000003
212	530	0.000003
212	538	0.000003
213	218	0.001532
213	222	0.000788
213	233	0.000003
213	529	0.000003
213	537	0.000003
213	538	0.000003
214	218	0.000039
214	219	0.000489
214	222	0.003930
214	223	0.000013
214	225	0.000025
214	229	0.000008
214	231	0.000018
214	237	0.000233
214	528	0.000003
214	534	0.000002
214	537	0.000003
215	220	0.000025
215	221	0.015824
215	224	0.000049
215	227	0.000051
215	228	0.000017
215	230	0.000076
215	236	0.000634
215	238	0.000053
215	239	0.001820
215	410	0.000011
215	527	0.000003
215	535	0.000099
215	536	0.000044
216	220	0.012000
216	226	0.000048
216	235	0.000553
216	238	0.003135
216	409	0.000007
217	226	0.000006
217	232	0.000001
217	235	0.000010
217	238	0.000610
218	224	0.000049
218	227	0.000585
218	228	0.000005
218	230	0.000002
218	232	0.000002
218	235	0.000008
218	236	0.872576
218	239	0.000013
218	535	0.000001
219	226	0.000571
219	232	0.000175
219	235	0.874350
219	238	0.000020
220	225	0.000464
220	229	0.000001
220	231	0.000051
220	233	0.000007
220	234	0.874684
220	237	0.000025
221	231	0.000573
221	233	0.872163
222	226	0.000003
222	227	0.000278
222	228	0.000426
222	230	0.001052
222	232	0.326115
222	235	0.000003
222	236	0.001974
222	535	0.000075
222	536	0.000002
223	232	0.509781
223	235	0.001956
224	231	0.778262
224	233	0.002526
224	533	0.000376
225	232	0.002910
225	235	0.000141
225	532	0.000379
226	231	0.002720
226	234	0.000188
226	441	0.000009
226	531	0.000379
227	231	0.000293
227	233	0.000192
227	440	0.000006
227	530	0.000379
228	233	0.000051
228	416	0.000002
228	440	0.001039
228	529	0.000379
229	235	0.000063
229	238	0.000019
229	415	0.000008
229	439	0.001681
230	411	0.000008
230	414	0.000010
230	438	0.001746
230	440	0.000002
230	528	0.000368
230	537	0.000002
231	235	0.000039
231	236	0.008212
231	238	0.000100
231	239	0.000002
231	409	0.000002
231	410	0.000013
231	412	0.000028
231	413	0.000006
231	436	0.001206
231	437	0.000878
231	527	0.000370
231	535	0.000232
231	536	0.000006
232	237	0.000147
232	411	0.000039
232	435	0.002079
232	525	0.000153
232	526	0.000225
232	534	0.000213
233	238	0.000004
233	239	0.000007
233	409	0.000004
233	410	0.000169
233	412	0.000001
233	434	0.002090
233	524	0.000293
233	535	0.000015
233	536	0.000006
234	238	0.000010
234	409	0.000157
234	433	0.002089
234	523	0.000286
234	532	0.000007
235	408	0.000050
235	411	0.000003
235	432	0.002088
235	522	0.000244
235	531	0.000007
235	534	0.000005
236	407	0.000018
236	411	0.000006
236	428	0.000001
236	431	0.002084
236	530	0.000007
236	533	0.000005
237	409	0.454211
238	407	0.000005
238	408	0.905658
238	429	0.000002
239	406	0.000013
239	407	0.997177
239	428	0.000001
240	405	0.000012
240	406	0.998962
240	407	0.000916
241	404	0.000010
241	405	0.999040
241	406	0.000927
241	407	0.000003
242	404	0.999001
242	405	0.000931
242	406	0.000003
243	402	0.000014
243	403	0.990482
243	404	0.000888
243	405	0.000003
245	402	0.898370
246	399	0.000014
246	401	0.898371
247	399	0.991400
248	398	0.999931
248	399	0.000020
249	397	0.999976
249	398	0.000014
250	396	0.999984
250	397	0.000007
251	395	0.999991
252	394	0.999977
253	393	0.999484
254	392	0.999545
255	385	0.000001
255	390	0.000016
255	391	0.139503
256	390	0.126732
256	391	0.860113
257	381	0.000002
257	390	0.870981
257	391	0.000005
258	380	0.000001
258	383	0.003693
258	384	0.115881
258	386	0.003915
258	387	0.015209
258	388	0.003286
258	389	0.840129
259	383	0.256803
259	384	0.001320
259	386	0.021439
259	387	0.005103
259	388	0.668693
259	389	0.000330
260	381	0.996116
261	380	0.999846
261	383	0.000003
261	384	0.000002
261	386	0.000065
262	379	0.999481
262	384	0.000002
263	378	0.999479
263	382	0.000003
264	377	0.999893
264	381	0.000003
265	376	0.987407
266	374	0.146818
266	376	0.000045
266	380	0.000007
267	376	0.000040
267	379	0.000006
268	371	0.925032
268	372	0.010413
268	373	0.005395
268	375	0.000051
268	378	0.000002
269	369	0.000109
269	370	0.999503
269	374	0.000014
270	368	0.000118
270	369	0.999800
270	370	0.000069
271	367	0.000125
271	368	0.999797
271	369	0.000064
272	367	0.999594
272	368	0.000058
273	363	0.000002
273	365	0.998903
274	362	0.000001
274	364	0.996494
275	364	0.000172
276	362	0.995677
276	364	0.000003
277	358	0.000002
277	360	0.000001
277	361	0.998089
277	363	0.000003
278	357	0.000003
278	360	0.998404
278	361	0.000234
278	363	0.000008
279	356	0.000003
279	359	0.976086
279	362	0.000007
280	288	0.000001
280	355	0.000002
281	287	0.000001
281	356	0.001401
281	359	0.011295
282	355	0.001129
283	355	0.000009
284	355	0.000012
284	356	0.997678
285	352	0.000168
285	355	0.998207
286	351	0.000153
286	353	0.000004
286	354	0.999081
287	350	0.000130
287	351	0.000010
287	353	0.998194
288	350	0.000010
288	351	0.000683
288	353	0.000013
289	350	0.000102
289	351	0.721085
289	354	0.000006
290	350	0.993170
290	351	0.000648
290	353	0.000007
291	349	0.970807
291	352	0.000007
292	349	0.004125
293	347	0.992218
293	348	0.004892
293	349	0.000674
294	346	0.996190
294	347	0.002477
294	348	0.000994
294	349	0.000003
295	345	0.997996
296	344	0.998184
296	346	0.000026
296	347	0.001300
296	348	0.000003
297	302	0.000001
297	304	0.000001
297	341	0.000020
297	344	0.000078
297	346	0.001508
297	347	0.000002
298	340	0.000020
298	342	0.989079
298	343	0.000073
298	345	0.001532
299	339	0.000020
299	341	0.997923
299	344	0.001533
299	346	0.000004
300	340	0.996338
300	343	0.001344
300	345	0.000003
301	339	0.973406
302	306	0.000001
302	342	0.000140
302	343	0.000213
303	342	0.000222
303	343	0.000176
304	342	0.000185
304	343	0.000065
305	342	0.000067
306	338	0.997937
306	339	0.000016
306	341	0.000040
307	337	0.999440
307	340	0.000022
308	336	0.999973
308	339	0.000002
309	335	0.999958
309	338	0.000002
310	334	0.983005
312	331	0.000001
312	332	0.994313
312	333	0.000931
313	331	0.999385
314	330	0.999490
315	329	0.999963
316	328	0.999575
317	326	0.000011
317	327	0.999915
318	326	0.998639
318	327	0.000036
318	329	0.000002
319	328	0.000005
320	326	0.000214
320	327	0.000008
321	325	0.000664
321	326	0.000010
381	386	0.000159
381	387	0.000006
381	388	0.000021
381	389	0.000068
382	387	0.000208
382	388	0.000133
383	390	0.000010
383	391	0.000001
384	390	0.000001
386	390	0.000005
386	391	0.000002
406	536	0.000073
407	535	0.000424
407	536	0.000128
409	426	0.000004
409	427	0.000009
409	429	0.000031
409	534	0.453542
410	428	0.000057
410	440	0.000001
410	530	0.000002
410	531	0.000019
410	533	0.988652
411	425	0.002678
411	439	0.000001
411	532	0.995915
411	535	0.000003
412	424	0.002684
412	438	0.000001
412	529	0.000023
412	530	0.000028
412	531	0.997206
413	423	0.002684
413	528	0.000023
413	529	0.000046
413	530	0.997111
414	422	0.002671
414	436	0.000001
414	527	0.000022
415	421	0.002657
415	435	0.000001
415	526	0.000020
415	528	0.988251
415	529	0.000018
416	434	0.000001
416	527	0.997040
417	430	0.000001
417	525	0.000037
417	526	0.993712
418	429	0.000002
418	525	0.967301
418	526	0.001075
419	428	0.000002
419	431	0.000001
420	523	0.000055
420	524	0.996248
421	523	0.996643
422	522	0.996484
423	520	0.000009
423	521	0.997224
424	520	0.995229
424	521	0.000006
425	431	0.007707
425	518	0.000603
426	433	0.000043
426	517	0.000266
427	433	0.000133
427	517	0.000006
428	433	0.000016
428	434	0.000092
428	520	0.000082
428	521	0.000002
428	524	0.000148
429	433	0.000083
429	523	0.000144
431	520	0.000979
431	521	0.000304
431	524	0.000008
432	523	0.000008
432	532	0.000001
433	518	0.000002
433	519	0.983368
433	522	0.000002
433	531	0.000001
433	534	0.000002
434	516	0.000001
434	518	0.997111
434	530	0.000001
434	533	0.000002
435	517	0.997190
435	532	0.000002
436	445	0.000003
436	515	0.000019
436	516	0.997861
436	529	0.000002
436	531	0.000002
437	444	0.000005
437	514	0.000035
437	515	0.997519
437	528	0.000004
437	530	0.000002
438	443	0.000005
438	527	0.000004
439	513	0.994955
439	514	0.000005
439	525	0.000001
439	526	0.000003
439	528	0.000002
440	511	0.000069
440	512	0.997704
440	524	0.000003
440	527	0.000002
440	539	0.000006
441	510	0.002207
441	511	0.963859
441	523	0.000003
442	509	0.002216
442	538	0.001988
443	509	0.985095
443	537	0.002012
444	507	0.000004
444	508	0.996029
444	521	0.000007
444	535	0.000002
444	536	0.002067
445	453	0.000001
445	507	0.997883
445	520	0.000007
445	535	0.002069
446	452	0.000001
446	506	0.997839
446	518	0.000009
446	533	0.002078
447	505	0.977838
447	517	0.000009
447	532	0.002079
448	502	0.000018
448	516	0.000009
448	531	0.002080
449	502	0.000269
449	515	0.000009
449	530	0.002080
450	499	0.000013
450	502	0.995285
450	514	0.000009
450	529	0.002080
451	498	0.000013
451	501	0.997254
451	513	0.000009
451	528	0.002076
452	497	0.000014
452	500	0.997842
452	512	0.000008
452	527	0.002076
453	496	0.000014
453	498	0.001962
453	499	0.992242
453	501	0.000005
453	522	0.000002
453	525	0.000125
453	526	0.001720
454	497	0.003928
454	500	0.000006
454	521	0.000003
454	524	0.000248
455	497	0.913597
455	520	0.000003
455	523	0.000101
455	524	0.001445
456	523	0.001281
457	523	0.000003
458	495	0.987363
459	493	0.000014
459	494	0.999868
459	521	0.000011
460	492	0.000015
460	493	0.999948
460	494	0.000012
460	520	0.000011
460	521	0.000002
461	491	0.000013
461	492	0.999815
461	493	0.000012
461	520	0.000002
462	491	0.956908
463	487	0.000002
463	491	0.005332
463	517	0.000008
464	485	0.000001
464	516	0.000007
465	487	0.000003
465	491	0.000208
466	484	0.000008
466	487	0.000018
466	491	0.000067
467	483	0.000009
467	487	0.000051
467	488	0.995344
468	487	0.998875
469	478	0.000001
469	482	0.000004
469	485	0.000001
469	486	0.999415
470	477	0.000002
470	481	0.000004
470	485	0.999849
471	484	0.984541
471	487	0.000006
472	477	0.000002
472	478	0.000226
472	479	0.000012
472	481	0.000059
472	482	0.871334
472	486	0.000012
473	477	0.000224
473	479	0.000335
473	481	0.901309
473	482	0.090300
473	485	0.000013
474	480	0.887688
474	483	0.002138
474	484	0.000018
475	484	0.000002
476	481	0.001652
476	482	0.001617
477	483	0.000051
478	484	0.000004
479	483	0.000008
479	507	0.000001
480	506	0.000001
481	504	0.000001
482	503	0.000001
483	502	0.000001
484	501	0.000001
485	500	0.000001
490	517	0.000002
491	516	0.000002
492	515	0.000007
492	516	0.000002
493	514	0.000007
493	515	0.000005
494	514	0.000005
495	511	0.000032
495	512	0.000011
495	524	0.000066
496	510	0.000140
496	511	0.000006
496	523	0.000074
497	509	0.000159
498	508	0.000159
498	520	0.000004
498	521	0.001906
499	507	0.000159
499	510	0.000001
499	520	0.001909
500	506	0.000159
500	509	0.000002
500	518	0.001896
501	505	0.000105
501	508	0.000002
501	517	0.001892
502	507	0.000002
502	517	0.000030
503	515	0.001896
503	516	0.000031
504	514	0.001898
504	515	0.000030
505	513	0.001896
505	514	0.000029
506	512	0.001869
511	519	0.000002
512	518	0.000002
513	517	0.000001
514	521	0.000130
515	520	0.000130
515	521	0.000003
515	536	0.000006
516	520	0.000003
516	535	0.000011
517	534	0.000011
519	532	0.000020
520	529	0.000016
520	530	0.000003
520	531	0.000023
521	528	0.000016
521	529	0.000003
521	530	0.000023
521	533	0.000080
522	532	0.000081
523	531	0.000081
523	534	0.000003
524	530	0.000080
524	533	0.000003
525	532	0.000002
527	537	0.000013
527	538	0.000001
528	535	0.000001
528	536	0.000039
529	535	0.000040
529	536	0.000047
530	535	0.000050
530	536	0.000003
531	535	0.000003
546	557	0.000188
546	571	0.000007
547	556	0.000208
547	567	0.000058
547	570	0.000033
548	555	0.000243
548	566	0.000068
548	569	0.000037
548	585	0.000002
548	761	0.000063
549	554	0.000235
549	556	0.000001
549	558	0.000001
549	567	0.000002
549	568	0.000032
549	584	0.000002
549	587	0.000001
549	760	0.000063
550	555	0.000008
550	565	0.000162
550	566	0.000002
550	582	0.000004
550	583	0.000003
550	586	0.000002
550	690	0.000004
550	759	0.000067
550	851	0.000002
551	556	0.000004
551	557	0.000007
551	564	0.000165
551	571	0.000001
551	689	0.000004
551	758	0.000068
551	850	0.000002
552	560	0.000255
552	561	0.000006
552	566	0.000160
552	569	0.000008
552	575	0.000001
552	580	0.000784
552	581	0.000096
552	582	0.000009
552	583	0.000015
552	585	0.000030
552	586	0.000028
552	688	0.000004
552	744	0.000002
552	746	0.000031
552	757	0.000067
552	761	0.000001
552	797	0.000001
552	799	0.000003
552	826	0.000002
553	559	0.000253
553	562	0.000169
553	579	0.000957
553	580	0.000053
553	743	0.000001
553	745	0.000031
553	762	0.000001
553	798	0.000004
553	825	0.000002
554	560	0.000002
554	561	0.000168
554	565	0.000316
554	566	0.000001
554	569	0.000001
554	575	0.000024
554	578	0.001017
554	579	0.000006
554	581	0.000008
554	582	0.000261
554	583	0.000509
554	585	0.000017
554	586	0.000011
554	686	0.000017
554	688	0.000002
554	740	0.000001
554	744	0.000029
554	756	0.000047
554	759	0.000006
554	761	0.000001
554	777	0.000038
554	796	0.000003
554	797	0.000004
554	848	0.000002
554	851	0.000011
555	563	0.000028
555	564	0.000314
555	576	0.000113
555	577	0.001005
555	687	0.000002
555	755	0.000042
555	758	0.000006
555	760	0.000001
555	776	0.000038
555	795	0.000007
555	847	0.000002
555	850	0.000010
556	560	0.000023
556	561	0.000008
556	562	0.000033
556	566	0.000019
556	573	0.000047
556	575	0.000122
556	578	0.000003
556	579	0.000023
556	581	0.000976
556	582	0.015361
556	583	0.000017
556	686	0.000002
556	757	0.000006
556	775	0.000038
556	794	0.000007
557	561	0.000034
557	562	0.000085
557	565	0.000019
557	566	0.000001
557	572	0.000047
557	573	0.000009
557	575	0.000897
557	578	0.000026
557	580	0.000998
557	581	0.015427
557	582	0.000013
557	683	0.000036
557	756	0.000006
557	774	0.000038
557	793	0.000007
557	848	0.000007
558	579	0.001142
558	580	0.015104
558	682	0.000036
559	574	0.000007
559	576	0.000020
559	577	0.000231
559	681	0.000036
559	772	0.000037
560	571	0.000003
560	576	0.010539
560	577	0.016858
560	680	0.000036
560	771	0.000038
561	571	0.001798
561	576	0.022079
561	577	0.000123
561	588	0.000034
561	679	0.000036
561	770	0.000038
562	568	0.000001
562	570	0.002098
562	574	0.215200
562	576	0.000119
562	587	0.000043
562	678	0.000035
562	769	0.000037
562	852	0.000002
563	569	0.002866
563	572	0.000048
563	573	0.961900
563	575	0.000117
563	579	0.000939
563	580	0.000002
563	583	0.000005
563	586	0.000073
563	677	0.000032
563	768	0.000037
563	851	0.000006
564	569	0.000081
564	572	0.963589
564	573	0.000051
564	575	0.000006
564	578	0.001109
564	582	0.000005
564	585	0.000072
564	676	0.000032
564	767	0.000031
564	851	0.001672
565	571	0.955547
565	576	0.000004
565	577	0.001114
565	675	0.000032
565	850	0.001681
566	571	0.005382
566	576	0.001123
566	849	0.001678
567	580	0.000005
568	579	0.000001
568	580	0.000018
568	763	0.000001
569	576	0.000197
570	579	0.001657
570	580	0.000003
570	762	0.000035
571	575	0.000017
571	578	0.001893
571	592	0.000001
571	761	0.000038
571	851	0.000140
572	576	0.000013
572	577	0.001891
572	591	0.000001
572	760	0.000032
572	850	0.000140
573	590	0.000001
573	760	0.000006
573	849	0.000136
574	796	0.000028
575	588	0.000010
575	758	0.000076
575	795	0.000033
575	847	0.000004
575	849	0.000199
575	850	0.000072
576	581	0.000003
576	582	0.000052
576	583	0.000180
576	585	0.000009
576	586	0.000155
576	757	0.000079
576	762	0.000019
576	794	0.000034
576	848	0.000218
576	851	0.003252
577	581	0.000051
577	582	0.000176
577	585	0.000154
577	592	0.000011
577	756	0.000079
577	759	0.000003
577	761	0.000024
577	793	0.000034
577	848	0.000138
577	851	0.967976
578	588	0.000004
578	591	0.000012
578	755	0.000062
578	758	0.000003
578	760	0.000024
578	792	0.000022
578	847	0.000078
578	849	0.001023
578	850	0.976070
579	584	0.000004
579	587	0.000004
579	590	0.000013
579	846	0.000005
579	849	0.939278
579	850	0.000028
580	589	0.000066
580	758	0.000007
580	847	0.000015
580	849	0.000381
580	850	0.000003
581	588	0.000072
581	591	0.000002
581	846	0.000013
581	847	0.979746
582	588	0.000004
582	590	0.000002
582	591	0.000006
582	594	0.000004
582	755	0.000004
582	845	0.000007
582	846	0.981667
582	847	0.000007
583	588	0.000032
583	590	0.000006
583	593	0.000006
583	755	0.016109
583	830	0.000004
583	845	0.981673
583	846	0.000004
584	592	0.000013
584	754	0.016722
584	829	0.000004
584	844	0.981265
585	591	0.000013
585	680	0.000002
585	753	0.016789
585	843	0.981180
586	590	0.000013
586	679	0.000002
586	752	0.016789
586	801	0.000002
586	830	0.000081
586	841	0.980573
586	843	0.000003
587	745	0.000017
587	751	0.016761
587	798	0.000002
587	800	0.000002
587	827	0.000017
587	829	0.000080
587	840	0.980447
588	744	0.000022
588	746	0.000024
588	748	0.000002
588	749	0.000035
588	750	0.016618
588	797	0.000002
588	799	0.000002
588	826	0.000021
588	828	0.000077
588	838	0.000003
588	839	0.979758
588	840	0.000034
589	743	0.000021
589	745	0.000027
589	796	0.000002
589	798	0.000002
589	825	0.000020
589	827	0.000072
589	828	0.000001
589	829	0.000001
589	833	0.000004
589	838	0.841450
589	840	0.000002
590	676	0.000005
590	677	0.997621
590	744	0.000008
590	746	0.000002
590	748	0.000026
590	749	0.000130
590	826	0.000018
591	676	0.999803
591	677	0.000009
591	748	0.000115
592	675	0.999050
592	747	0.000101
593	674	0.999889
593	746	0.000032
594	673	0.999981
595	672	0.999698
596	670	0.000001
596	671	0.999965
597	670	0.996595
597	671	0.000002
599	668	0.996004
600	667	0.999975
601	666	0.999511
602	665	0.999977
603	664	0.999991
604	663	0.999991
605	662	0.999957
606	661	0.999963
607	660	0.999981
608	659	0.999511
609	657	0.000008
609	658	0.999967
610	656	0.000017
610	657	0.999966
610	658	0.000002
611	654	0.000005
611	656	0.998723
611	657	0.000003
612	616	0.000001
613	653	0.000636
614	652	0.000330
614	653	0.863851
615	652	0.865255
615	653	0.000004
616	651	0.864967
616	652	0.000003
616	655	0.131663
617	650	0.861832
617	654	0.134346
618	643	0.000001
618	648	0.004279
618	653	0.131230
619	642	0.000001
619	647	0.002164
619	648	0.858863
619	652	0.127264
619	653	0.003143
620	647	0.863075
620	652	0.006240
621	646	0.864516
622	639	0.000003
622	645	0.864182
622	651	0.116090
623	641	0.000001
623	644	0.864414
623	646	0.000002
623	650	0.134585
624	637	0.000247
624	640	0.000001
624	642	0.000013
624	643	0.748940
624	645	0.000004
624	648	0.000002
624	649	0.134694
625	636	0.000538
625	640	0.000045
625	642	0.262211
625	643	0.106717
625	647	0.000005
625	648	0.134725
626	635	0.000573
626	636	0.000003
626	638	0.001291
626	640	0.004033
626	642	0.088665
626	643	0.002778
626	647	0.134646
627	634	0.000572
627	635	0.000002
627	637	0.001305
627	638	0.000012
627	639	0.003953
627	640	0.000070
627	642	0.002969
627	643	0.000403
627	645	0.124748
628	633	0.000555
628	641	0.013289
628	644	0.130416
628	646	0.000003
629	635	0.001366
629	636	0.000936
629	638	0.002431
629	640	0.013149
629	642	0.577578
629	643	0.065416
630	641	0.979502
631	635	0.000141
631	636	0.001074
631	638	0.010738
631	640	0.980472
631	642	0.000001
632	636	0.000013
632	637	0.009247
632	638	0.000015
632	639	0.980353
633	638	0.977361
633	640	0.000001
674	720	0.000002
676	720	0.000002
677	705	0.000003
677	720	0.000027
678	688	0.000002
678	701	0.000002
678	704	0.000021
678	709	0.000002
678	714	0.000002
678	717	0.903711
678	728	0.000015
678	745	0.000003
678	799	0.000002
678	806	0.000005
678	810	0.000002
678	827	0.000002
678	828	0.000012
679	683	0.000004
679	686	0.000178
679	693	0.000002
679	703	0.000023
679	704	0.000011
679	706	0.000003
679	708	0.000002
679	712	0.000002
679	714	0.000001
679	715	0.000006
679	716	0.998417
679	717	0.000034
679	727	0.000017
679	744	0.000002
679	745	0.000028
679	746	0.000005
679	794	0.000001
679	798	0.000004
679	805	0.000007
679	809	0.000002
679	826	0.000001
679	827	0.000018
680	686	0.000018
680	693	0.000006
680	699	0.000003
680	703	0.000013
680	706	0.000001
680	711	0.000001
680	712	0.000118
680	714	0.000004
680	715	0.998898
680	716	0.000023
680	726	0.000017
680	744	0.000035
680	746	0.000001
680	793	0.000001
680	797	0.000004
680	804	0.000007
680	808	0.000002
680	809	0.000001
680	826	0.000019
680	833	0.000001
681	688	0.000002
681	698	0.000003
681	701	0.000003
681	704	0.000002
681	711	0.000123
681	714	0.994138
681	725	0.000017
681	743	0.000034
681	745	0.000001
681	796	0.000004
681	807	0.000002
681	825	0.000018
682	687	0.000002
682	692	0.000039
682	697	0.000003
682	702	0.000006
682	710	0.000126
682	713	0.894415
682	721	0.000005
682	724	0.000017
682	742	0.000030
682	795	0.000003
682	802	0.000010
682	824	0.000013
682	831	0.000016
683	689	0.000006
683	691	0.000062
683	696	0.000003
683	700	0.000570
683	705	0.000018
683	720	0.000006
683	723	0.000014
683	801	0.000010
683	823	0.000012
683	830	0.000018
684	688	0.000004
684	690	0.000055
684	695	0.000003
684	699	0.000570
684	704	0.000016
684	709	0.001251
684	711	0.155537
684	714	0.000001
684	800	0.000010
684	829	0.000017
685	698	0.000550
685	704	0.000002
685	709	0.013051
685	711	0.002107
685	796	0.000001
685	799	0.000005
685	828	0.000012
686	691	0.000003
686	696	0.000238
686	697	0.000400
686	705	0.000045
686	720	0.000009
686	723	0.000003
686	795	0.000001
687	693	0.000017
687	695	0.000392
687	703	0.000035
687	704	0.000035
687	706	0.000871
687	708	0.979833
687	709	0.000497
687	711	0.000642
687	712	0.000158
687	714	0.000005
687	715	0.000005
687	716	0.000047
687	722	0.000005
687	748	0.000003
688	692	0.000014
688	694	0.000427
688	696	0.000006
688	702	0.000036
688	705	0.000837
688	707	0.985360
688	710	0.000707
688	713	0.000013
688	718	0.000004
688	721	0.000005
688	747	0.000003
689	693	0.000415
689	695	0.000010
689	701	0.000033
689	703	0.000915
689	704	0.000189
689	706	0.985692
689	708	0.011245
689	709	0.000034
689	711	0.000001
689	712	0.000017
689	714	0.000129
689	715	0.000003
689	716	0.000004
689	717	0.000004
689	746	0.000003
689	748	0.000003
690	694	0.000009
690	700	0.000078
690	702	0.001120
690	705	0.942304
690	707	0.011303
690	710	0.000001
690	713	0.000235
690	719	0.000004
690	747	0.000003
691	695	0.000001
691	698	0.000007
691	699	0.002441
691	701	0.001149
691	703	0.345635
691	704	0.225384
691	706	0.011301
691	708	0.000001
691	709	0.000001
691	712	0.000280
691	715	0.000011
691	744	0.000003
691	746	0.000003
692	698	0.002666
692	699	0.000021
692	701	0.933641
692	704	0.000271
692	711	0.000224
692	714	0.000010
692	743	0.000002
692	745	0.000003
693	697	0.002620
693	700	0.965139
693	705	0.009840
694	698	0.000169
694	699	0.898159
694	701	0.002757
694	704	0.009267
694	709	0.000005
694	711	0.000195
694	714	0.000028
695	700	0.002661
695	702	0.002112
695	705	0.000227
695	707	0.000002
695	710	0.000387
695	713	0.000045
696	701	0.002089
696	703	0.010151
696	704	0.005070
696	706	0.000002
696	708	0.000005
696	709	0.000429
696	712	0.000053
696	716	0.000004
696	744	0.000001
697	701	0.000019
697	703	0.005569
697	704	0.000007
697	706	0.000055
697	708	0.000438
697	709	0.000001
697	711	0.000054
697	715	0.000004
697	743	0.000001
698	702	0.004529
698	705	0.000055
698	707	0.000264
698	710	0.000050
698	742	0.000001
699	705	0.000002
699	707	0.000197
699	713	0.000004
699	741	0.000001
700	704	0.000002
700	706	0.000375
700	708	0.000039
700	711	0.000002
700	712	0.000004
700	740	0.000001
701	705	0.000328
701	707	0.000037
701	710	0.000005
702	709	0.000005
704	713	0.000004
705	712	0.000007
708	720	0.000001
709	718	0.000011
709	719	0.000001
709	834	0.000003
710	717	0.000011
710	833	0.000004
711	721	0.000031
711	802	0.000016
711	831	0.000008
711	832	0.000002
712	720	0.000037
712	801	0.000018
712	830	0.000010
713	737	0.000005
713	800	0.000018
713	829	0.000009
713	833	0.000002
714	719	0.000001
714	721	0.000032
714	736	0.000006
714	802	0.000032
714	831	0.000008
714	832	0.000001
715	720	0.000038
715	735	0.000006
715	801	0.000036
715	830	0.000009
716	720	0.000003
716	734	0.000006
716	801	0.000062
716	830	0.000014
717	721	0.000013
717	741	0.000035
717	742	0.000046
717	747	0.001176
717	801	0.000159
717	802	0.000013
717	803	0.000002
717	830	0.000061
717	831	0.000004
717	832	0.000002
717	834	0.000006
717	835	0.000001
717	836	0.000002
718	729	0.000002
718	732	0.000011
718	743	0.000854
718	745	0.000505
718	798	0.000014
718	799	0.028173
718	800	0.000302
718	806	0.000026
718	807	0.000001
718	808	0.000004
718	810	0.000001
718	820	0.000001
718	825	0.000006
718	827	0.000006
718	828	0.004644
718	829	0.000124
718	833	0.000010
718	838	0.000001
719	728	0.000003
719	731	0.000013
719	743	0.002213
719	745	0.263224
719	798	0.037432
719	799	0.000172
719	800	0.000006
719	805	0.000035
719	806	0.000002
719	807	0.000006
719	808	0.000001
719	810	0.000126
719	819	0.000002
719	825	0.000006
719	827	0.006269
719	828	0.000099
719	829	0.000055
719	833	0.000005
719	840	0.000012
720	727	0.000003
720	730	0.000014
720	733	0.000006
720	738	0.000009
720	740	0.306686
720	743	0.000568
720	744	0.295728
720	745	0.000021
720	746	0.019256
720	748	0.000006
720	793	0.000003
720	794	0.000005
720	797	0.038777
720	798	0.000005
720	799	0.000004
720	804	0.000035
720	805	0.000001
720	806	0.000006
720	807	0.000002
720	809	0.000136
720	818	0.000001
720	825	0.000003
720	826	0.006513
720	827	0.000041
720	828	0.000058
720	829	0.000007
720	839	0.000015
721	729	0.000013
721	732	0.000005
721	737	0.000006
721	743	0.290831
721	745	0.019148
721	796	0.038714
721	798	0.000003
721	805	0.000005
721	806	0.000002
721	808	0.000116
721	817	0.000001
721	825	0.005458
721	827	0.000050
721	828	0.000007
721	829	0.000002
721	833	0.000002
721	838	0.000017
722	734	0.000006
722	739	0.945434
722	795	0.038396
722	824	0.000752
722	830	0.000002
722	837	0.000015
723	727	0.000003
723	730	0.000006
723	731	0.000001
723	733	0.000006
723	738	0.965091
723	740	0.000029
723	744	0.000004
723	793	0.000005
723	794	0.034213
724	729	0.000005
724	730	0.000002
724	732	0.000006
724	733	0.000004
724	737	0.966458
724	738	0.000208
724	740	0.000064
724	743	0.000002
724	793	0.031622
725	735	0.000008
725	736	0.988715
725	739	0.000041
725	741	0.000006
725	742	0.000002
725	792	0.002793
726	734	0.000024
726	735	0.993736
726	739	0.000067
726	791	0.001816
726	792	0.000033
727	734	0.991701
727	735	0.000081
727	739	0.000016
727	790	0.001722
727	791	0.000019
728	734	0.000098
728	735	0.000002
728	736	0.000044
728	742	0.000002
728	789	0.001440
728	790	0.000003
729	734	0.000004
729	735	0.000049
729	736	0.000375
729	741	0.000003
729	772	0.000001
729	785	0.000001
729	786	0.000859
729	789	0.000003
730	734	0.000056
730	735	0.000417
730	739	0.000006
730	771	0.000001
730	784	0.000001
730	785	0.000917
731	741	0.000004
731	742	0.000013
731	747	0.000009
731	770	0.000001
731	784	0.000881
731	786	0.000156
732	741	0.000016
732	742	0.000001
732	747	0.000157
732	769	0.000001
732	785	0.000160
732	786	0.000004
732	831	0.000001
733	739	0.000044
733	782	0.000911
733	784	0.000160
733	785	0.000004
733	830	0.000001
734	738	0.000041
734	740	0.000058
734	743	0.000001
734	744	0.000014
734	745	0.002942
734	746	0.000421
734	748	0.000010
734	749	0.000022
734	750	0.000039
734	757	0.000001
734	765	0.000014
734	780	0.000002
734	781	0.000909
734	783	0.000139
734	788	0.000227
735	740	0.000016
735	743	0.000008
735	744	0.003842
735	745	0.000017
735	746	0.000193
735	748	0.000022
735	749	0.000039
735	756	0.000001
735	764	0.000015
735	779	0.000003
735	780	0.000879
735	781	0.000015
735	787	0.000226
736	743	0.003777
736	745	0.000194
736	754	0.000003
736	762	0.000001
736	763	0.000014
737	741	0.000016
737	742	0.003175
737	747	0.000011
737	753	0.000003
737	778	0.000063
737	785	0.000172
737	786	0.000006
738	752	0.000004
738	755	0.000005
738	758	0.000002
738	760	0.000018
738	782	0.000009
738	784	0.000223
738	785	0.000004
739	743	0.000016
739	744	0.000484
739	745	0.000032
739	746	0.000799
739	748	0.000054
739	749	0.000001
739	751	0.000002
739	754	0.000005
739	756	0.000688
739	757	0.000008
739	759	0.000020
739	777	0.000141
739	781	0.000009
739	783	0.000226
739	793	0.000008
739	794	0.000001
739	804	0.000002
739	838	0.000004
740	752	0.000003
740	753	0.000005
740	755	0.000694
740	758	0.000020
740	776	0.000142
740	782	0.000223
740	792	0.000005
740	795	0.000002
740	801	0.009344
740	824	0.000001
740	830	0.001201
740	837	0.000071
741	745	0.000247
741	751	0.000003
741	754	0.000385
741	775	0.000132
741	796	0.000005
741	798	0.000012
741	799	0.000092
741	800	0.009424
741	806	0.000024
741	807	0.000003
741	808	0.000001
741	825	0.000005
741	827	0.000003
741	828	0.000013
741	829	0.001165
741	833	0.000040
741	838	0.000001
742	751	0.000003
742	754	0.000324
742	796	0.000075
742	798	0.000109
742	799	0.008913
742	800	0.000018
742	805	0.000030
742	806	0.000004
742	807	0.000002
742	825	0.000009
742	827	0.000014
742	828	0.000885
742	829	0.000005
742	833	0.000375
742	838	0.000005
743	747	0.000231
743	752	0.000005
743	753	0.000621
743	772	0.000077
743	773	0.000009
743	786	0.000002
743	795	0.000073
743	802	0.000062
743	803	0.000005
743	824	0.000005
743	831	0.000604
743	832	0.000378
743	834	0.000014
743	835	0.000013
743	836	0.000004
743	837	0.000006
744	752	0.000633
744	753	0.000030
744	771	0.000083
744	785	0.000002
744	792	0.000003
744	795	0.000253
744	801	0.000070
744	823	0.000005
744	824	0.000001
744	830	0.000693
744	837	0.000173
744	843	0.000001
745	752	0.000021
745	753	0.000033
745	770	0.000081
745	772	0.000018
745	773	0.000003
745	784	0.000001
745	786	0.000008
745	792	0.000002
745	795	0.000333
745	802	0.001429
745	803	0.000002
745	830	0.000003
745	831	0.006471
745	832	0.000013
745	834	0.000003
745	835	0.000004
745	836	0.000151
745	837	0.000003
745	842	0.000005
746	752	0.000046
746	753	0.000002
746	755	0.000047
746	769	0.000080
746	770	0.000001
746	771	0.000018
746	784	0.000002
746	785	0.000010
746	791	0.000003
746	792	0.000019
746	795	0.005787
746	801	0.001632
746	823	0.000001
746	824	0.000005
746	830	0.007367
746	837	0.000063
746	841	0.000005
747	751	0.000031
747	754	0.000048
747	767	0.000004
747	796	0.000023
747	798	0.000017
747	799	0.000007
747	800	0.001595
747	825	0.000007
747	827	0.000023
747	828	0.000019
747	829	0.005781
747	833	0.000004
747	838	0.000007
747	840	0.000004
748	753	0.000048
748	770	0.000019
748	771	0.000030
748	782	0.000005
748	784	0.000008
748	785	0.000233
748	790	0.000002
748	791	0.000513
748	792	0.869175
748	795	0.000007
748	830	0.000004
748	837	0.000013
749	769	0.000019
749	770	0.000031
749	771	0.000002
749	782	0.000005
749	784	0.000235
749	785	0.000060
749	790	0.000275
749	791	0.971837
749	792	0.000011
749	830	0.000001
750	769	0.000031
750	770	0.000002
750	782	0.000245
750	784	0.000060
750	785	0.000001
750	790	0.980295
750	791	0.000008
751	769	0.000002
751	782	0.000029
751	784	0.000001
751	789	0.980676
751	790	0.000002
752	762	0.000054
752	764	0.000004
752	765	0.000072
752	766	0.000003
752	768	0.000002
752	780	0.000671
752	781	0.000031
752	788	0.981523
753	761	0.000056
753	763	0.000003
753	764	0.000072
753	765	0.000003
753	767	0.000001
753	779	0.000696
753	780	0.000023
753	787	0.981503
753	788	0.000002
754	760	0.000056
754	778	0.000704
754	784	0.000046
754	785	0.000005
754	786	0.975061
755	759	0.000051
755	761	0.000117
755	762	0.000001
755	777	0.000698
755	779	0.000013
755	780	0.000003
755	781	0.000002
755	783	0.000240
755	787	0.000009
755	851	0.000002
756	760	0.000116
756	770	0.000002
756	771	0.000001
756	776	0.000669
756	782	0.000237
756	784	0.004944
756	785	0.974203
756	850	0.000003
757	769	0.000002
757	770	0.000001
757	771	0.000002
757	776	0.000027
757	782	0.003895
757	784	0.976209
757	785	0.000004
757	849	0.000003
758	768	0.000002
758	774	0.000210
758	775	0.000050
758	777	0.002523
758	779	0.000211
758	780	0.000025
758	781	0.003252
758	783	0.976217
758	848	0.000002
759	769	0.000003
759	776	0.002803
759	782	0.974373
759	784	0.000007
759	847	0.000002
760	764	0.000042
760	765	0.000154
760	766	0.000007
760	767	0.000012
760	768	0.000069
760	774	0.005001
760	775	0.004266
760	777	0.476678
760	779	0.000406
760	780	0.001477
760	781	0.481176
760	783	0.000016
761	769	0.000023
761	770	0.000100
761	771	0.000223
761	776	0.568183
761	782	0.000017
762	769	0.000091
762	770	0.000203
762	771	0.000055
762	772	0.013546
762	773	0.702755
762	776	0.000892
762	778	0.002774
763	769	0.000148
763	770	0.000076
763	771	0.014190
763	772	0.906702
763	773	0.001318
763	776	0.000063
763	778	0.001135
763	786	0.000021
764	769	0.000107
764	770	0.014635
764	771	0.917317
764	776	0.000118
764	785	0.000029
765	769	0.014552
765	770	0.915844
765	771	0.000102
765	776	0.001409
765	784	0.000029
765	785	0.000007
766	770	0.000091
766	771	0.000003
766	772	0.000020
766	773	0.000041
766	776	0.000038
766	778	0.000181
766	784	0.000007
767	771	0.000017
767	772	0.000037
767	773	0.000019
767	776	0.000045
767	778	0.000037
768	776	0.002027
768	782	0.001202
769	774	0.000722
769	775	0.002038
769	777	0.000021
769	779	0.000032
769	780	0.036078
769	781	0.007253
769	788	0.000002
770	774	0.001956
770	775	0.000005
770	777	0.000114
770	779	0.036115
770	780	0.008620
770	781	0.000122
770	787	0.000002
770	788	0.000002
771	775	0.000007
771	777	0.001613
771	779	0.008587
771	780	0.000158
771	787	0.000002
774	785	0.000389
774	790	0.000002
774	849	0.000002
774	850	0.002399
775	784	0.000394
775	789	0.000002
775	849	0.002426
775	852	0.001197
776	780	0.000432
776	781	0.000291
776	783	0.000427
776	788	0.000002
776	848	0.002449
776	851	0.002079
777	782	0.000429
777	847	0.002411
777	849	0.000087
777	850	0.002032
779	785	0.000010
779	845	0.000013
779	846	0.002342
779	847	0.002167
780	784	0.000010
780	785	0.000002
780	791	0.000001
780	845	0.002341
780	846	0.002211
780	847	0.000002
781	785	0.000006
781	790	0.000004
781	830	0.000007
781	843	0.002293
781	845	0.002214
781	846	0.000001
782	787	0.000010
782	788	0.000004
782	829	0.000007
782	844	0.002081
783	790	0.000003
783	795	0.000001
783	830	0.000016
783	841	0.002737
783	843	0.001809
784	788	0.000002
784	794	0.000001
784	827	0.000006
784	829	0.000016
784	833	0.000008
784	840	0.004330
785	793	0.000001
785	826	0.000006
785	828	0.000009
785	829	0.000001
785	833	0.000003
785	839	0.004594
786	825	0.000006
786	827	0.000003
786	828	0.000003
786	829	0.000020
786	833	0.000019
786	838	0.004595
787	824	0.000006
787	830	0.001963
787	837	0.004554
788	823	0.000006
788	830	0.009388
788	837	0.000009
789	819	0.000006
789	827	0.000010
789	828	0.007799
789	829	0.006933
789	833	0.000015
790	818	0.000006
790	826	0.000008
790	827	0.012363
790	828	0.004450
791	817	0.000006
791	825	0.000005
791	826	0.022717
791	827	0.002120
792	797	0.000001
792	816	0.000006
792	825	0.116179
792	826	0.003370
792	827	0.000003
792	828	0.000001
792	851	0.000428
793	801	0.000117
793	815	0.000006
793	823	0.000016
793	824	0.907902
793	830	0.000005
793	837	0.000003
793	841	0.000002
793	846	0.000002
793	850	0.000493
794	801	0.004982
794	823	0.915792
794	824	0.000038
794	830	0.000006
794	837	0.000006
794	841	0.000002
794	845	0.000002
794	849	0.000494
795	799	0.000012
795	800	0.003846
795	804	0.002424
795	805	0.000002
795	806	0.000004
795	807	0.000002
795	808	0.000002
795	809	0.000031
795	813	0.000029
795	822	0.914778
795	825	0.000012
795	826	0.000163
795	829	0.000004
795	833	0.000001
795	838	0.000029
795	839	0.000050
795	844	0.000002
795	848	0.000494
796	801	0.000012
796	802	0.000938
796	803	0.002090
796	812	0.000027
796	821	0.853661
796	823	0.000008
796	824	0.000117
796	831	0.000014
796	832	0.000001
796	834	0.000002
796	842	0.000002
796	847	0.000492
797	801	0.001180
797	815	0.000031
797	823	0.000191
797	824	0.000167
797	830	0.000016
797	837	0.005331
797	841	0.000002
797	843	0.000013
797	845	0.000002
797	846	0.000482
798	802	0.000016
798	803	0.000011
798	811	0.000035
798	812	0.000089
798	821	0.015435
798	823	0.000156
798	832	0.000024
798	835	0.000001
798	836	0.005457
798	837	0.000039
798	842	0.000020
798	843	0.000022
798	845	0.000428
799	803	0.000007
799	811	0.000264
799	812	0.000079
799	815	0.000001
799	821	0.000377
799	831	0.000035
799	832	0.000004
799	834	0.000002
799	835	0.005482
799	836	0.000071
799	837	0.000021
799	841	0.000021
799	842	0.000143
799	843	0.000057
800	811	0.000419
800	812	0.000005
800	815	0.000002
800	821	0.000049
800	823	0.000002
800	830	0.000037
800	831	0.000005
800	834	0.005432
800	835	0.000082
800	836	0.000050
800	837	0.000030
800	841	0.000155
800	842	0.000083
800	843	0.000030
801	805	0.000005
801	806	0.000019
801	807	0.000044
801	808	0.000124
801	809	0.009135
801	810	0.000227
801	813	0.000005
801	814	0.000001
801	816	0.000015
801	817	0.000056
801	818	0.916453
801	819	0.000018
801	820	0.000029
801	826	0.000016
801	829	0.000038
801	833	0.005166
801	838	0.000008
801	839	0.000273
801	840	0.000089
802	806	0.000042
802	807	0.000141
802	808	0.008936
802	810	0.000023
802	814	0.000006
802	816	0.000038
802	817	0.917203
802	819	0.000021
802	820	0.000002
802	825	0.000010
802	828	0.000039
802	829	0.000006
802	833	0.000060
802	838	0.000191
802	840	0.000086
803	807	0.005197
803	808	0.000026
803	810	0.000032
803	814	0.000035
803	816	0.916984
803	817	0.000002
803	819	0.000001
803	825	0.000003
803	827	0.000033
803	828	0.000005
803	833	0.000069
803	838	0.018433
803	840	0.000001
803	844	0.000005
804	815	0.916811
804	824	0.000004
804	830	0.000076
804	837	0.035939
804	843	0.000005
805	811	0.001174
805	812	0.012073
805	815	0.000087
805	823	0.000003
805	830	0.000014
805	831	0.000481
805	832	0.003350
805	834	0.000936
805	835	0.000670
805	836	0.035703
805	837	0.000057
805	842	0.000005
806	811	0.015072
806	812	0.013137
806	815	0.000050
806	830	0.000491
806	831	0.003899
806	832	0.000784
806	834	0.000812
806	835	0.031913
806	836	0.000092
806	837	0.000007
806	841	0.000004
807	811	0.009689
807	812	0.033242
807	815	0.000009
807	830	0.003858
807	831	0.000973
807	832	0.026326
807	834	0.015966
807	835	0.000068
807	836	0.000006
807	837	0.000001
808	812	0.000580
808	815	0.000003
808	824	0.000001
808	830	0.000941
808	831	0.044568
808	832	0.000266
808	834	0.000030
808	835	0.000004
808	836	0.000001
809	815	0.000068
809	823	0.000002
809	830	0.045845
809	837	0.000040
810	815	0.000001
810	821	0.000005
810	830	0.000637
810	831	0.000166
810	832	0.000008
810	834	0.000018
810	836	0.000040
811	820	0.000007
811	825	0.000057
811	827	0.002566
811	828	0.003520
811	829	0.001484
811	833	0.000022
812	819	0.000005
812	825	0.073086
812	827	0.001061
812	828	0.000339
812	829	0.000034
812	838	0.000030
813	823	0.000006
813	824	0.080293
813	837	0.000059
813	850	0.000076
814	821	0.000002
814	823	0.080253
814	834	0.000603
814	835	0.000002
814	836	0.000042
814	849	0.000076
815	820	0.000003
815	822	0.080300
815	826	0.000015
815	833	0.000741
815	848	0.000077
816	821	0.076182
816	832	0.000752
816	847	0.000077
817	821	0.000023
817	824	0.000021
817	831	0.000756
817	846	0.000076
818	823	0.000029
818	824	0.000006
818	830	0.000757
818	837	0.000002
818	845	0.000076
819	823	0.000006
819	824	0.000002
819	831	0.000022
819	832	0.000009
819	835	0.000015
819	836	0.000004
819	837	0.000001
819	842	0.000001
819	843	0.000011
820	830	0.000024
820	831	0.000011
820	832	0.000003
820	834	0.000018
820	835	0.000004
820	836	0.000002
820	842	0.000021
820	843	0.000007
821	827	0.000081
821	828	0.000007
821	829	0.000022
821	833	0.000016
821	838	0.000008
822	830	0.000079
822	837	0.000018
822	841	0.000310
823	827	0.000001
823	828	0.000002
823	829	0.000068
823	833	0.000002
823	839	0.000006
823	840	0.000325
824	828	0.000030
824	829	0.000013
824	833	0.000084
824	838	0.000042
824	839	0.000351
825	830	0.000196
825	831	0.013541
825	832	0.000366
825	834	0.000246
825	835	0.000105
825	836	0.000155
825	837	0.000208
825	842	0.000010
826	830	0.015519
826	837	0.522901
826	841	0.000012
826	843	0.000004
827	831	0.000198
827	832	0.000334
827	834	0.001978
827	835	0.005843
827	836	0.532970
827	837	0.026002
827	842	0.000014
828	832	0.000173
828	834	0.007225
828	835	0.512266
828	836	0.040625
828	837	0.007245
828	841	0.000013
828	842	0.000002
829	834	0.403971
829	835	0.044434
829	836	0.012229
829	837	0.000381
829	841	0.000002
830	838	0.000015
830	839	0.000169
831	838	0.000208
832	838	0.000193
833	837	0.000284
834	838	0.000013
837	848	0.000003
838	847	0.000003
839	846	0.000003
840	845	0.000002
843	851	0.000015
844	850	0.000014
844	852	0.000003
845	851	0.000004
846	851	0.000007
