1	7	0.000054
1	8	0.000046
1	9	0.000011
1	12	0.000003
1	13	0.000002
1	15	0.000014
1	41	0.348959
1	67	0.000008
1	690	0.000002
1	707	0.000019
1	719	0.000056
1	732	0.000003
1	740	0.000012
1	745	0.000004
1	747	0.000093
1	751	0.227406
1	754	0.000021
1	763	0.000004
1	764	0.000009
1	765	0.000037
1	767	0.000005
1	768	0.000015
1	769	0.000042
1	770	0.000143
1	773	0.000114
1	774	0.000321
2	7	0.000159
2	8	0.000034
2	9	0.000006
2	11	0.000004
2	12	0.000003
2	14	0.000017
2	15	0.000005
2	30	0.000051
2	39	0.000277
2	40	0.461515
2	41	0.002749
2	42	0.008268
2	46	0.000088
2	62	0.000010
2	66	0.000009
2	689	0.000002
2	690	0.000228
2	694	0.000007
2	706	0.000022
2	707	0.000001
2	718	0.000064
2	731	0.000003
2	732	0.001051
2	733	0.000118
2	736	0.000002
2	739	0.000013
2	740	0.000024
2	744	0.000008
2	746	0.000133
2	747	0.000035
2	749	0.000244
2	750	0.257402
2	751	0.002400
2	754	0.000007
2	761	0.000323
2	763	0.000009
2	764	0.000036
2	765	0.000104
2	767	0.000011
2	768	0.000040
2	769	0.000240
2	770	0.000213
2	771	0.016183
2	773	0.000287
2	774	0.000046
2	776	0.003158
3	7	0.000031
3	8	0.000023
3	9	0.000010
3	11	0.000003
3	13	0.000016
3	14	0.000007
3	29	0.000052
3	39	0.461617
3	40	0.003387
3	41	0.006682
3	42	0.075857
3	46	0.000006
3	61	0.000011
3	65	0.000009
3	689	0.000269
3	694	0.000002
3	705	0.000021
3	706	0.000001
3	717	0.000064
3	731	0.001321
3	732	0.000002
3	733	0.000002
3	736	0.000002
3	738	0.000005
3	739	0.000028
3	745	0.000120
3	746	0.000056
3	749	0.255146
3	750	0.002570
3	751	0.000018
3	754	0.000003
3	761	0.000085
3	763	0.000014
3	764	0.000119
3	765	0.000055
3	767	0.000011
3	768	0.000207
3	769	0.000269
3	770	0.014677
3	771	0.006633
3	773	0.000023
3	774	0.000191
3	776	0.003600
4	8	0.000047
4	9	0.000030
4	12	0.000016
4	13	0.000007
4	28	0.000052
4	41	0.073011
4	60	0.000011
4	688	0.000270
4	704	0.000021
4	716	0.000064
4	730	0.001323
4	732	0.000002
4	738	0.000024
4	744	0.000099
4	745	0.000049
4	747	0.000036
4	751	0.000012
4	754	0.000005
4	763	0.000101
4	764	0.000049
4	765	0.000008
4	767	0.000154
4	768	0.000203
4	769	0.012354
4	770	0.005684
4	773	0.000174
4	774	0.001408
5	10	0.000012
5	27	0.000052
5	59	0.000011
5	687	0.000270
5	691	0.000001
5	703	0.000021
5	715	0.000063
5	729	0.001321
5	735	0.000003
5	741	0.000048
5	742	0.000016
5	748	0.009042
5	775	0.005923
6	26	0.000052
6	41	0.000750
6	58	0.000010
6	713	0.000001
6	728	0.000677
6	740	0.000045
6	744	0.000014
6	745	0.000001
6	747	0.006002
6	751	0.000008
6	754	0.000045
6	763	0.000022
6	764	0.000004
6	765	0.000019
6	767	0.000631
6	768	0.000191
6	769	0.000081
6	770	0.000022
6	773	0.000288
6	774	0.004794
7	25	0.000048
7	37	0.000113
7	38	0.008766
7	43	0.000213
7	44	0.000218
7	45	0.000100
7	57	0.000009
7	685	0.000009
7	727	0.000425
7	743	0.000018
7	748	0.000001
7	752	0.000003
7	753	0.000047
7	755	0.000003
7	756	0.000009
7	757	0.000013
7	758	0.000015
7	759	0.000015
7	760	0.000020
7	762	0.000022
7	766	0.000559
7	772	0.000309
7	775	0.000010
7	777	0.000021
7	778	0.000024
8	22	0.000025
8	37	0.004768
8	38	0.817319
8	43	0.000144
8	44	0.000084
8	45	0.000011
8	56	0.000002
8	684	0.000005
8	726	0.000065
8	742	0.000010
8	743	0.000003
8	752	0.000025
8	753	0.000002
8	755	0.000005
8	756	0.000012
8	757	0.000014
8	758	0.000014
8	759	0.000019
8	760	0.000002
8	762	0.000002
8	766	0.000008
8	772	0.000155
8	775	0.000004
8	777	0.000021
8	778	0.000047
9	19	0.000003
9	21	0.000030
9	37	0.971548
9	38	0.000279
9	43	0.000027
9	44	0.000004
9	737	0.000038
9	741	0.000004
9	742	0.000001
9	743	0.000001
9	752	0.000001
9	755	0.000005
9	756	0.000008
9	757	0.000008
9	758	0.000010
9	759	0.000002
9	772	0.000003
9	777	0.000081
10	18	0.000003
10	20	0.000031
10	23	0.000002
10	36	0.999655
10	42	0.000007
10	736	0.000039
10	740	0.000001
10	776	0.000083
11	16	0.000006
11	35	0.999694
11	735	0.000038
11	775	0.000082
12	19	0.000002
12	31	0.000004
12	34	0.991634
12	35	0.000003
12	38	0.000001
12	734	0.000029
13	31	0.000121
13	34	0.000106
13	37	0.000001
13	722	0.000001
13	737	0.000001
14	35	0.000005
14	721	0.000001
14	735	0.000008
15	31	0.914101
15	34	0.000006
15	734	0.000013
15	772	0.000005
16	28	0.000021
16	29	0.077108
16	30	0.917115
16	32	0.000048
16	33	0.000004
16	731	0.000022
16	733	0.000017
16	771	0.000005
17	26	0.000064
17	28	0.533633
17	29	0.462612
17	730	0.000022
17	732	0.000017
17	770	0.000003
18	25	0.000136
18	27	0.988290
18	729	0.000022
19	24	0.000099
19	26	0.987342
19	28	0.010478
19	728	0.000015
19	730	0.000016
20	25	0.983826
20	27	0.010729
20	727	0.000009
20	729	0.000017
21	26	0.008118
21	28	0.000001
21	29	0.000003
21	728	0.000008
22	26	0.000008
22	28	0.000017
22	728	0.000015
23	27	0.000017
23	727	0.000029
24	726	0.000035
25	64	0.000004
25	725	0.000035
26	63	0.000004
27	36	0.000001
27	62	0.000004
27	724	0.000035
28	35	0.000001
28	723	0.000035
29	722	0.000034
30	59	0.000004
30	721	0.000033
31	58	0.000004
31	716	0.000034
32	57	0.000004
32	715	0.000036
32	720	0.000001
32	721	0.000001
33	56	0.000004
33	714	0.000036
33	720	0.000002
33	777	0.000001
34	41	0.000004
34	55	0.000004
34	713	0.000036
34	719	0.000004
35	40	0.000005
35	42	0.000002
35	712	0.000036
35	718	0.000004
35	776	0.000104
36	711	0.000036
36	775	0.000104
37	41	0.000005
37	717	0.000005
37	774	0.000100
38	58	0.000020
38	592	0.000007
38	716	0.000007
38	754	0.000006
38	769	0.000001
38	770	0.000001
38	773	0.000070
38	774	0.000002
39	48	0.000019
39	57	0.000025
39	69	0.000003
39	72	0.000003
39	591	0.000010
39	715	0.000008
39	721	0.000002
39	742	0.000045
39	748	0.000004
39	775	0.000040
40	48	0.000195
40	56	0.000025
40	68	0.000007
40	71	0.000003
40	590	0.000013
40	697	0.000397
40	714	0.000008
40	720	0.000002
40	721	0.000001
40	741	0.000045
40	742	0.000004
40	748	0.000003
40	775	0.000040
41	45	0.000146
41	47	0.000184
41	48	0.000002
41	49	0.000317
41	70	0.000003
41	589	0.000015
41	692	0.000017
41	696	0.000402
41	722	0.000037
41	726	0.000001
41	741	0.000002
41	742	0.000012
41	743	0.000008
41	748	0.000001
41	752	0.000315
41	753	0.000379
41	755	0.000046
41	756	0.000014
41	757	0.000004
41	758	0.000001
41	759	0.000001
41	766	0.000002
41	772	0.000012
41	775	0.000005
41	777	0.000206
41	778	0.000005
42	48	0.000393
42	56	0.000001
42	68	0.000038
42	69	0.000003
42	588	0.000015
42	691	0.000019
42	695	0.000403
42	720	0.000001
42	721	0.000042
42	741	0.000023
42	742	0.000010
42	748	0.000034
42	775	0.004574
43	67	0.000036
43	690	0.000016
43	738	0.000002
43	740	0.000020
43	744	0.000012
43	745	0.000004
43	747	0.000020
43	751	0.011132
43	754	0.000054
43	763	0.000001
43	764	0.000007
43	765	0.000123
43	767	0.000002
43	768	0.000015
43	769	0.000119
43	770	0.000217
43	773	0.000017
43	774	0.004489
44	61	0.000012
44	744	0.000004
44	745	0.000001
44	747	0.000003
44	751	0.001855
44	754	0.000033
44	763	0.000007
44	764	0.000145
44	765	0.000034
44	767	0.000011
44	768	0.000128
44	769	0.000252
44	770	0.000094
44	773	0.003410
44	774	0.000170
45	60	0.000015
45	688	0.000011
45	744	0.000001
45	747	0.000005
45	751	0.001162
45	754	0.000081
45	763	0.000142
45	764	0.000036
45	765	0.000008
45	767	0.000099
45	768	0.000155
45	769	0.000090
45	770	0.000024
45	773	0.000143
45	774	0.000031
46	56	0.000005
46	59	0.000016
46	68	0.000119
46	687	0.000011
46	691	0.006120
46	714	0.000007
46	720	0.011656
46	721	0.000001
46	735	0.000002
46	741	0.000180
46	748	0.955341
46	775	0.000030
47	55	0.000005
47	58	0.000014
47	60	0.000001
47	61	0.000003
47	67	0.000122
47	690	0.006179
47	707	0.000003
47	713	0.000007
47	719	0.011882
47	732	0.000111
47	740	0.000181
47	745	0.000012
47	747	0.969956
47	751	0.000047
47	774	0.000022
48	53	0.000004
48	60	0.000002
48	61	0.001473
48	62	0.000299
48	64	0.000002
48	65	0.000001
48	66	0.000108
48	689	0.006191
48	706	0.000003
48	712	0.000006
48	718	0.011915
48	731	0.000133
48	739	0.000179
48	744	0.000016
48	745	0.000049
48	746	0.975525
48	749	0.000008
48	750	0.000052
48	771	0.000008
48	773	0.000004
48	776	0.000003
49	58	0.000004
49	60	0.001991
49	61	0.000150
49	688	0.006184
49	705	0.000002
49	716	0.000001
49	717	0.011705
49	730	0.000133
49	738	0.000128
49	744	0.000390
49	745	0.958570
49	747	0.000001
49	770	0.000006
50	56	0.000010
50	57	0.000005
50	59	0.002211
50	68	0.000001
50	687	0.006165
50	715	0.000001
50	729	0.000133
50	735	0.000004
50	741	0.000007
50	742	0.000015
50	748	0.000078
50	775	0.000004
51	55	0.000007
51	58	0.002210
51	60	0.000004
51	67	0.000001
51	682	0.000001
51	704	0.000002
51	716	0.011645
51	728	0.000115
51	740	0.000007
51	744	0.014322
51	745	0.000013
51	747	0.000077
51	774	0.000003
52	56	0.000002
52	57	0.002189
52	59	0.000004
52	68	0.000023
52	69	0.002383
52	680	0.000001
52	703	0.000002
52	714	0.000002
52	715	0.011933
52	727	0.000106
52	735	0.000018
52	741	0.000056
52	742	0.976705
53	57	0.000002
53	59	0.000002
53	68	0.005838
53	69	0.000001
53	679	0.000001
53	702	0.000002
53	714	0.011933
53	715	0.000002
53	735	0.000001
53	741	0.977933
53	742	0.000724
54	58	0.000001
54	67	0.005801
54	682	0.000004
54	701	0.000002
54	713	0.011269
54	738	0.000077
54	740	0.934751
55	63	0.000027
55	68	0.000002
55	681	0.000004
55	684	0.000037
55	708	0.000001
55	710	0.000019
55	711	0.000023
55	726	0.000021
55	737	0.000266
55	741	0.000004
56	62	0.000035
56	64	0.000006
56	65	0.007752
56	66	0.000456
56	67	0.000016
56	677	0.000002
56	683	0.000039
56	686	0.000001
56	709	0.000019
56	712	0.010953
56	713	0.000014
56	725	0.000025
56	736	0.000283
56	738	0.000148
56	739	0.973787
56	740	0.000053
56	750	0.000002
56	764	0.000002
57	61	0.000015
57	62	0.000011
57	64	0.007791
57	65	0.000445
57	66	0.000018
57	676	0.000002
57	682	0.000037
57	709	0.000075
57	712	0.000030
57	724	0.000025
57	736	0.000053
57	738	0.975838
57	739	0.000110
57	749	0.000002
57	763	0.000003
58	63	0.006828
58	675	0.000002
58	681	0.000036
58	684	0.000002
58	695	0.000001
58	708	0.000075
58	710	0.011012
58	711	0.000016
58	723	0.000024
58	734	0.000224
58	735	0.000049
58	737	0.977018
58	748	0.000002
58	762	0.000003
59	64	0.000227
59	65	0.000007
59	66	0.000008
59	674	0.000001
59	683	0.000002
59	686	0.000002
59	694	0.000670
59	707	0.000062
59	709	0.011039
59	712	0.000005
59	733	0.000137
59	736	0.976890
59	744	0.000002
59	761	0.000003
60	68	0.000003
60	70	0.000003
60	589	0.000004
60	590	0.000002
60	679	0.000001
60	681	0.000001
60	685	0.000002
60	693	0.000808
60	708	0.009487
60	711	0.000005
60	722	0.000015
60	734	0.000325
60	735	0.951555
60	743	0.000003
60	760	0.000003
61	68	0.000038
61	69	0.000059
61	70	0.000016
61	588	0.000007
61	589	0.002332
61	594	0.000012
61	680	0.000004
61	681	0.000076
61	684	0.000002
61	692	0.001635
61	693	0.000004
61	703	0.000001
61	708	0.000020
61	710	0.000003
61	721	0.000018
61	722	0.000001
61	729	0.000001
61	734	0.658856
61	735	0.000609
61	742	0.000003
61	759	0.000002
62	68	0.011927
62	69	0.000053
62	588	0.002992
62	590	0.000086
62	591	0.000003
62	593	0.002277
62	679	0.000009
62	680	0.000109
62	687	0.000006
62	691	0.001891
62	695	0.000002
62	702	0.000001
62	720	0.000018
62	721	0.000001
62	729	0.000508
62	735	0.000444
62	741	0.000003
63	67	0.008084
63	592	0.007173
63	682	0.000003
63	688	0.000115
63	690	0.001489
63	704	0.000249
63	705	0.000069
63	707	0.000030
63	716	0.000012
63	719	0.000013
63	728	0.000333
63	730	0.003810
63	732	0.002637
63	740	0.000003
64	68	0.000691
64	69	0.000007
64	588	0.011206
64	590	0.001621
64	591	0.008083
64	679	0.000006
64	680	0.000159
64	687	0.000154
64	691	0.000009
64	703	0.000286
64	715	0.000017
64	727	0.000278
64	729	0.003854
64	735	0.000052
64	742	0.000005
65	69	0.000004
65	72	0.000002
65	588	0.021574
65	590	0.009012
65	591	0.000648
65	679	0.000152
65	680	0.000292
65	687	0.000033
65	691	0.000018
65	702	0.000268
65	703	0.000135
65	714	0.000017
65	715	0.000007
65	727	0.000009
65	729	0.000215
65	735	0.000027
65	741	0.000005
65	742	0.000011
66	71	0.000002
66	588	0.408421
66	590	0.001431
66	591	0.000001
66	679	0.000278
66	680	0.000025
66	687	0.000312
66	691	0.000033
66	702	0.000132
66	703	0.000003
66	711	0.000033
66	714	0.000007
66	727	0.000044
66	729	0.000646
66	735	0.000165
66	741	0.000011
67	588	0.011246
67	589	0.002114
67	590	0.000003
67	679	0.000008
67	680	0.000001
67	681	0.000004
67	684	0.000232
67	685	0.000010
67	687	0.000068
67	691	0.000002
67	692	0.000012
67	693	0.000008
67	702	0.000002
67	710	0.000037
67	726	0.000038
67	729	0.000013
67	734	0.000217
68	583	0.000227
68	584	0.000021
68	585	0.000157
68	586	0.889879
68	587	0.012226
68	678	0.000002
68	683	0.000257
68	686	0.000118
68	689	0.000018
68	690	0.000002
68	694	0.000054
68	699	0.000002
68	700	0.000006
68	701	0.000001
68	706	0.000001
68	709	0.000035
68	725	0.000029
68	731	0.000008
68	733	0.000120
68	739	0.000001
69	582	0.000227
69	583	0.000026
69	584	0.000038
69	585	0.990293
69	586	0.006146
69	587	0.000003
69	682	0.000001
69	689	0.000001
69	724	0.000005
69	732	0.000001
70	581	0.000222
70	584	0.998922
71	580	0.000191
71	581	0.000005
71	582	0.000407
71	583	0.999325
72	579	0.000122
72	580	0.000037
72	581	0.000717
72	582	0.998887
72	583	0.000001
73	579	0.000452
73	580	0.033588
73	581	0.947582
74	577	0.000007
74	578	0.001364
75	577	0.000755
75	578	0.863834
76	576	0.000029
76	577	0.897000
76	578	0.088432
77	576	0.954959
77	577	0.044547
78	575	0.999350
79	574	0.999566
80	573	0.999976
81	572	0.999990
82	571	0.999985
83	570	0.999638
84	569	0.998702
84	570	0.000010
86	567	0.000911
86	568	0.974125
87	567	0.996491
87	568	0.000031
88	566	0.999967
89	565	0.999990
90	564	0.999926
91	560	0.000002
91	561	0.000948
91	562	0.001429
91	563	0.991689
91	566	0.000001
92	559	0.000005
92	560	0.001164
92	561	0.051238
92	562	0.792327
92	563	0.003004
92	565	0.000001
93	564	0.000001
94	559	0.009061
94	562	0.011493
95	559	0.007902
95	560	0.754416
95	561	0.013888
95	562	0.000004
95	563	0.000007
96	559	0.756414
96	562	0.000010
97	556	0.000017
97	557	0.998803
98	556	0.999909
98	557	0.000016
99	555	0.999963
100	554	0.999978
101	552	0.000013
101	553	0.993483
102	551	0.000034
103	551	0.999520
104	550	0.963169
104	552	0.000011
105	548	0.000005
105	550	0.036308
106	547	0.000003
106	549	0.963682
107	548	0.999806
108	546	0.000001
108	547	0.998838
109	546	0.999043
109	547	0.000001
110	545	0.999979
111	544	0.999976
112	542	0.000612
112	543	0.998933
113	165	0.000006
113	233	0.000002
113	541	0.003256
113	542	0.995208
114	164	0.001419
114	235	0.000002
114	236	0.002025
114	410	0.000009
114	434	0.000001
114	539	0.003281
114	540	0.003727
115	235	0.001696
115	238	0.000001
115	409	0.000005
115	433	0.000001
115	540	0.486630
116	161	0.000010
116	162	0.995702
116	163	0.000137
116	233	0.000002
116	538	0.000006
116	541	0.000006
117	161	0.999858
117	162	0.000080
118	160	0.999501
119	159	0.999977
120	158	0.999979
121	156	0.000001
121	157	0.999033
122	156	0.999289
122	157	0.000001
123	155	0.999964
124	154	0.999511
125	153	0.999977
126	152	0.999984
127	150	0.000001
127	151	0.998870
128	150	0.999033
129	149	0.999970
130	148	0.999511
131	147	0.999977
132	146	0.999990
133	145	0.999985
134	144	0.999698
135	142	0.000009
135	143	0.999960
136	141	0.000009
136	142	0.999261
136	143	0.000005
137	141	0.756354
138	142	0.000002
160	237	0.000001
161	236	0.000006
162	232	0.000008
162	235	0.000011
162	236	0.000067
162	539	0.000001
163	170	0.000001
163	212	0.000001
163	230	0.000001
163	232	0.931231
163	235	0.000045
163	236	0.000278
163	439	0.000029
163	539	0.000015
164	169	0.000001
164	211	0.000001
164	231	0.991332
164	233	0.000020
164	437	0.000002
164	438	0.000031
164	440	0.000002
164	538	0.000005
164	541	0.000002
165	175	0.000021
165	230	0.998855
165	232	0.000001
166	174	0.000021
166	216	0.000001
166	229	0.999297
167	173	0.000021
167	228	0.999931
168	172	0.000016
168	214	0.000002
168	226	0.000001
168	227	0.998810
169	213	0.000002
169	226	0.998095
170	225	0.999447
171	209	0.000001
171	212	0.000007
171	224	0.999922
172	207	0.000015
172	208	0.000001
172	211	0.000009
172	216	0.000008
172	219	0.000006
172	222	0.000001
172	223	0.999607
173	206	0.000028
173	210	0.000015
173	211	0.000002
173	215	0.000014
173	218	0.000009
173	222	0.999189
174	214	0.000021
174	220	0.002073
174	221	0.829763
175	203	0.000002
175	204	0.006136
175	206	0.246247
175	210	0.001430
175	211	0.001734
175	215	0.002021
175	218	0.014940
175	222	0.000008
176	202	0.000001
176	203	0.004633
176	204	0.988969
176	206	0.000020
176	210	0.000881
176	211	0.000002
176	215	0.000004
176	218	0.000106
177	201	0.000001
177	202	0.003097
177	203	0.995226
177	204	0.000048
177	210	0.000001
177	218	0.000014
178	201	0.001561
178	202	0.996854
178	203	0.000033
179	199	0.000002
179	201	0.998397
179	202	0.000017
180	200	0.999448
181	198	0.000001
181	199	0.998115
182	198	0.998840
183	197	0.999964
184	196	0.999509
185	193	0.000002
185	195	0.999972
186	192	0.000006
186	194	0.999917
187	191	0.000024
187	193	0.991644
187	195	0.000007
188	192	0.980165
188	194	0.000008
189	193	0.000009
202	213	0.000002
202	214	0.000002
203	209	0.000006
203	212	0.000004
203	213	0.000040
203	214	0.000007
204	209	0.000136
204	212	0.000072
204	213	0.000127
204	214	0.000006
204	221	0.000006
205	214	0.438742
205	220	0.000629
205	221	0.000379
206	212	0.011263
206	213	0.459638
206	214	0.000346
206	220	0.000466
206	221	0.003805
206	236	0.000002
207	214	0.003497
207	220	0.007307
207	221	0.004211
207	235	0.000002
208	214	0.001125
208	220	0.005977
208	221	0.000105
209	215	0.033742
209	218	0.117008
209	222	0.000089
209	541	0.000007
210	214	0.013210
210	220	0.000839
210	221	0.000918
210	540	0.000007
211	220	0.002120
211	221	0.000058
211	232	0.000001
211	539	0.000007
212	218	0.013260
212	222	0.000002
212	231	0.000002
212	538	0.000006
213	218	0.021521
213	222	0.000093
213	537	0.000006
214	218	0.000516
214	219	0.006934
214	222	0.000003
214	229	0.000011
215	220	0.000422
215	221	0.001426
215	224	0.000001
215	228	0.000014
216	220	0.001544
216	221	0.000903
216	227	0.000014
217	221	0.000210
217	226	0.000014
227	441	0.000012
228	440	0.000016
229	439	0.000019
230	437	0.001016
230	438	0.000011
231	236	0.000204
231	238	0.000002
231	436	0.005589
232	237	0.000033
232	411	0.000007
232	435	0.006241
233	238	0.000031
233	239	0.000051
233	409	0.000037
233	410	0.001752
233	434	0.009599
233	442	0.000001
233	539	0.000290
233	540	0.000010
234	238	0.000075
234	409	0.001601
234	433	0.009603
234	439	0.000004
234	540	0.000013
235	408	0.000505
235	411	0.000033
235	429	0.000004
235	432	0.009599
235	438	0.000004
235	441	0.000036
235	541	0.000003
235	542	0.000002
236	407	0.000179
236	411	0.000084
236	428	0.000005
236	431	0.009580
236	437	0.000004
236	440	0.000038
236	538	0.000001
236	541	0.001099
236	542	0.000001
237	409	0.462152
237	439	0.000004
237	540	0.000770
238	407	0.000005
238	408	0.910139
238	429	0.000011
238	430	0.000002
238	438	0.000002
239	406	0.000015
239	407	0.999012
239	428	0.000007
239	437	0.000002
240	405	0.000013
240	406	0.999639
240	407	0.000324
241	404	0.000011
241	405	0.999637
241	406	0.000331
242	404	0.999596
242	405	0.000337
243	402	0.000014
243	403	0.991071
243	404	0.000326
245	402	0.898323
246	399	0.000014
246	401	0.898323
247	399	0.991400
248	398	0.999931
248	399	0.000020
249	397	0.999975
249	398	0.000014
250	392	0.000013
250	396	0.999971
250	397	0.000007
251	391	0.000024
251	394	0.000005
251	395	0.999960
252	390	0.000037
252	391	0.001189
252	394	0.998739
253	390	0.004862
253	391	0.000084
253	393	0.992609
253	394	0.000001
254	387	0.000014
254	388	0.105312
254	389	0.016526
254	392	0.876084
255	384	0.000012
255	387	0.969639
255	388	0.011871
256	383	0.000013
256	386	0.998824
256	387	0.000294
256	388	0.000013
256	389	0.000320
257	382	0.000011
257	385	0.998931
257	390	0.000019
257	391	0.000001
258	383	0.000398
258	384	0.998433
258	386	0.000003
258	387	0.000065
258	389	0.000018
259	383	0.998922
259	384	0.000001
259	386	0.000067
259	388	0.000014
259	389	0.000001
260	381	0.999029
261	380	0.999934
262	379	0.999493
263	378	0.999486
264	377	0.999901
265	376	0.987414
266	374	0.146819
266	376	0.000045
267	376	0.000040
268	371	0.925034
268	372	0.010413
268	373	0.005395
268	375	0.000051
269	369	0.000109
269	370	0.999503
269	374	0.000014
270	368	0.000118
270	369	0.999800
270	370	0.000069
271	367	0.000125
271	368	0.999797
271	369	0.000064
272	367	0.999594
272	368	0.000058
273	363	0.000002
273	365	0.998903
274	362	0.000001
274	364	0.996494
275	364	0.000172
276	362	0.995678
276	364	0.000003
277	358	0.000002
277	360	0.000001
277	361	0.998089
277	363	0.000003
278	357	0.000003
278	360	0.998404
278	361	0.000234
278	363	0.000008
279	356	0.000002
279	359	0.976085
279	362	0.000007
280	355	0.000002
281	356	0.001274
281	359	0.011297
282	355	0.001003
283	355	0.000009
284	355	0.000012
284	356	0.997809
285	352	0.000045
285	355	0.998338
286	351	0.000032
286	353	0.000004
286	354	0.999216
287	350	0.000009
287	351	0.000003
287	353	0.998334
288	351	0.000597
288	353	0.000011
289	350	0.000024
289	351	0.725312
290	350	0.999294
290	351	0.000082
291	348	0.000001
291	349	0.998791
292	348	0.998873
292	349	0.000001
293	347	0.999974
294	346	0.999978
295	345	0.999571
296	344	0.999736
296	347	0.000002
297	302	0.000001
297	341	0.000020
297	344	0.000063
297	346	0.000002
298	340	0.000020
298	342	0.990608
298	343	0.000065
298	345	0.000003
299	339	0.000020
299	341	0.999459
299	344	0.000005
300	340	0.997871
300	343	0.000005
301	339	0.974904
302	306	0.000001
302	342	0.000002
302	343	0.000132
303	342	0.000131
303	343	0.000111
304	342	0.000111
304	343	0.000046
305	342	0.000046
306	338	0.997957
306	339	0.000016
306	341	0.000027
307	337	0.999448
307	340	0.000015
308	336	0.999974
308	339	0.000002
309	335	0.999958
309	338	0.000001
310	334	0.983005
312	331	0.000001
312	332	0.994313
312	333	0.000931
313	331	0.999385
314	330	0.999490
315	329	0.999963
316	328	0.999575
317	326	0.000011
317	327	0.999915
318	326	0.998639
318	327	0.000036
318	329	0.000002
319	328	0.000005
320	326	0.000214
320	327	0.000008
321	325	0.000664
321	326	0.000010
386	391	0.000003
387	391	0.000002
407	434	0.000003
407	442	0.000001
408	433	0.000003
408	540	0.000001
409	426	0.000015
409	427	0.000034
409	429	0.000125
409	432	0.000004
409	441	0.442952
410	428	0.000228
410	431	0.000004
410	440	0.974447
410	541	0.000005
411	425	0.010192
411	439	0.987960
412	424	0.010216
412	438	0.989760
413	423	0.010215
413	437	0.989741
414	422	0.010213
414	433	0.000018
414	436	0.989681
415	420	0.000006
415	421	0.010116
415	426	0.000002
415	432	0.000107
415	435	0.989125
416	425	0.000004
416	433	0.000106
416	434	0.982374
417	424	0.000005
417	426	0.000003
417	427	0.000011
417	428	0.000007
417	429	0.000015
417	430	0.030215
417	431	0.000163
417	432	0.001565
418	423	0.000003
418	424	0.000001
418	426	0.000012
418	427	0.000007
418	428	0.000007
418	429	0.032653
418	430	0.000140
418	431	0.000511
418	432	0.903579
419	423	0.000002
419	424	0.000051
419	428	0.033328
419	431	0.952171
420	425	0.000278
420	433	0.000007
420	434	0.000010
421	433	0.000016
422	428	0.817350
422	431	0.000337
424	433	0.000001
425	431	0.000017
426	433	0.000001
427	433	0.000003
428	434	0.000086
428	436	0.000003
429	433	0.000065
430	439	0.000002
431	436	0.000005
432	439	0.000004
433	438	0.000004
433	441	0.000083
434	440	0.000100
434	541	0.000003
435	439	0.000066
435	540	0.000003
436	440	0.000005
436	541	0.002468
437	442	0.000006
437	443	0.000002
437	539	0.000019
437	540	0.002554
438	442	0.000002
438	539	0.002539
438	540	0.000029
439	538	0.000277
439	541	0.000108
440	539	0.008402
440	540	0.000340
441	540	0.010319
442	537	0.000024
442	538	0.990672
442	541	0.000029
443	537	0.999734
443	538	0.000006
443	541	0.000002
444	535	0.000010
444	536	0.999939
444	540	0.000002
445	535	0.999764
445	539	0.000002
446	533	0.999483
446	538	0.000002
447	532	0.999559
448	531	0.999979
449	529	0.000002
449	530	0.999988
450	528	0.000002
450	529	0.999973
451	528	0.998401
452	523	0.000028
452	527	0.998892
453	462	0.000006
453	465	0.000002
453	522	0.000091
453	525	0.000809
453	526	0.979393
453	528	0.000014
454	461	0.000029
454	464	0.000009
454	521	0.000166
454	523	0.000006
454	524	0.000968
454	527	0.000063
455	461	0.000003
455	464	0.000003
455	473	0.000003
455	520	0.000165
455	523	0.000328
455	524	0.021441
455	527	0.000003
456	472	0.000002
456	523	0.014105
456	524	0.839709
457	472	0.000004
457	523	0.967862
457	524	0.000075
458	463	0.000001
458	465	0.000214
458	466	0.000001
458	471	0.000006
458	522	0.997427
459	464	0.000271
459	470	0.000006
459	520	0.000022
459	521	0.999401
460	464	0.000016
460	469	0.000006
460	520	0.997475
460	521	0.000009
461	467	0.007669
461	516	0.000002
461	518	0.004695
462	469	0.000042
462	517	0.002982
463	469	0.000022
463	517	0.003618
464	474	0.000003
464	514	0.000080
464	515	0.000146
464	516	0.003985
464	518	0.000259
465	469	0.000012
465	472	0.000002
465	517	0.000185
465	523	0.000003
465	524	0.000004
466	472	0.000007
466	517	0.000002
466	523	0.000007
466	524	0.000001
467	473	0.000218
467	488	0.002136
467	512	0.000003
467	520	0.000959
467	521	0.000167
467	523	0.000001
467	524	0.000002
468	472	0.000166
468	476	0.000137
468	487	0.002141
468	511	0.000002
468	517	0.000017
468	523	0.000002
469	475	0.000182
469	478	0.000001
469	486	0.002143
469	513	0.000002
469	514	0.000003
469	515	0.000083
469	516	0.000027
469	518	0.000002
469	519	0.976954
470	474	0.000188
470	477	0.000002
470	485	0.002144
470	514	0.000091
470	515	0.000029
470	516	0.000051
470	518	0.990464
471	476	0.000001
471	484	0.002112
471	517	0.990066
472	482	0.001875
472	513	0.000001
472	514	0.000009
472	515	0.000408
472	516	0.982088
472	519	0.000132
473	481	0.001939
473	482	0.000194
473	514	0.000661
473	515	0.966893
473	516	0.007185
473	518	0.000134
474	480	0.001910
474	483	0.000001
474	488	0.000003
474	512	0.000006
474	517	0.000099
475	487	0.000003
475	511	0.000005
476	486	0.000003
476	513	0.965663
476	514	0.000072
477	511	0.000005
477	512	0.997451
478	484	0.000003
478	508	0.000003
478	510	0.000005
478	511	0.996641
479	483	0.000003
479	507	0.000003
479	510	0.996870
480	506	0.000003
480	509	0.997755
481	505	0.000002
481	508	0.996330
482	504	0.000002
482	507	0.997818
483	500	0.000004
483	502	0.000002
483	506	0.993189
484	499	0.000014
484	501	0.000002
484	506	0.000020
485	503	0.000033
485	504	0.982135
485	505	0.000058
486	497	0.000021
486	503	0.992710
486	505	0.000020
487	496	0.000028
487	499	0.000005
487	501	0.000820
487	502	0.952143
487	519	0.000001
488	495	0.000031
488	498	0.000013
488	499	0.000002
488	500	0.000433
488	502	0.018548
488	518	0.000003
489	494	0.000025
489	497	0.000012
489	503	0.000012
489	517	0.000004
490	497	0.000001
490	503	0.000036
490	517	0.001769
491	495	0.000003
491	498	0.000040
491	499	0.003079
491	500	0.992629
491	502	0.000063
491	516	0.002133
492	498	0.003008
492	499	0.994133
492	500	0.000475
492	515	0.002146
493	498	0.993114
493	499	0.000483
493	500	0.000009
493	502	0.000002
493	514	0.002146
494	498	0.000398
494	499	0.000008
494	501	0.000002
494	513	0.002145
495	511	0.000011
495	512	0.002135
496	510	0.000398
496	511	0.001712
497	506	0.000005
497	509	0.000780
498	505	0.000007
498	507	0.000023
498	508	0.001007
498	510	0.000003
498	511	0.000005
499	504	0.000007
499	505	0.000005
499	507	0.001019
499	508	0.000917
499	510	0.000058
500	504	0.000006
500	505	0.000011
500	507	0.000927
500	508	0.000002
501	505	0.000253
501	508	0.000116
502	507	0.000116
514	521	0.000010
515	520	0.000010
584	681	0.000031
585	680	0.000040
586	679	0.000027
586	680	0.093647
587	679	0.216434
587	680	0.004838
587	687	0.000002
587	691	0.000014
587	695	0.000014
587	729	0.000003
587	735	0.000001
588	677	0.000019
588	678	0.241602
588	683	0.000054
588	686	0.000002
588	689	0.000018
588	690	0.000004
588	694	0.000110
588	709	0.000002
588	731	0.000032
588	733	0.000169
588	739	0.000002
588	746	0.000001
589	682	0.000053
589	688	0.000016
589	707	0.000002
589	730	0.000024
589	732	0.000160
589	738	0.000002
590	676	0.000014
590	677	0.983611
590	678	0.000515
590	694	0.000002
590	731	0.000066
591	676	0.990889
591	677	0.000275
592	675	0.991130
593	674	0.997638
594	673	0.999945
594	674	0.000012
595	672	0.999693
596	670	0.000001
596	671	0.999964
596	674	0.000001
597	670	0.996594
597	671	0.000002
597	673	0.000001
598	672	0.000001
599	668	0.996004
600	667	0.999975
601	666	0.999511
602	665	0.999977
603	664	0.999991
604	663	0.999964
605	662	0.999957
606	661	0.999991
607	660	0.999991
608	659	0.999957
609	657	0.000008
609	658	0.999947
610	656	0.000016
610	657	0.999966
610	658	0.000002
611	654	0.000005
611	656	0.998723
611	657	0.000003
612	616	0.000001
613	653	0.000636
614	652	0.000330
614	653	0.863852
615	652	0.865255
615	653	0.000004
616	651	0.864967
616	652	0.000003
616	655	0.131663
617	650	0.861832
617	654	0.134346
618	643	0.000001
618	648	0.004279
618	653	0.131230
619	642	0.000001
619	647	0.002164
619	648	0.858863
619	652	0.127264
619	653	0.003143
620	647	0.863075
620	652	0.006240
621	646	0.864516
622	639	0.000003
622	645	0.864182
622	651	0.116090
623	641	0.000001
623	644	0.864414
623	646	0.000002
623	650	0.134585
624	637	0.000247
624	640	0.000001
624	642	0.000013
624	643	0.748940
624	645	0.000004
624	648	0.000002
624	649	0.134693
625	636	0.000538
625	640	0.000045
625	642	0.262211
625	643	0.106717
625	647	0.000005
625	648	0.134725
626	635	0.000573
626	636	0.000003
626	638	0.001291
626	640	0.004033
626	642	0.088665
626	643	0.002778
626	647	0.134646
627	634	0.000572
627	635	0.000002
627	637	0.001305
627	638	0.000012
627	639	0.003953
627	640	0.000070
627	642	0.002969
627	643	0.000403
627	645	0.124748
628	633	0.000555
628	641	0.013289
628	644	0.130416
628	646	0.000003
629	635	0.001366
629	636	0.000936
629	638	0.002431
629	640	0.013149
629	642	0.577578
629	643	0.065416
630	641	0.979502
631	635	0.000141
631	636	0.001074
631	638	0.010738
631	640	0.980472
631	642	0.000001
632	636	0.000013
632	637	0.009247
632	638	0.000015
632	639	0.980353
633	638	0.977361
633	640	0.000001
673	680	0.000002
674	679	0.000003
674	680	0.000002
674	691	0.000011
674	695	0.000053
675	689	0.000003
675	690	0.000010
675	694	0.001449
675	709	0.000002
675	712	0.000002
676	691	0.000005
676	711	0.000002
677	691	0.000030
677	742	0.000016
678	687	0.006430
678	691	0.681910
678	695	0.000079
678	711	0.000002
678	729	0.000003
678	741	0.000019
678	748	0.000005
679	683	0.000010
679	686	0.006965
679	688	0.000004
679	689	0.000067
679	690	0.694975
679	694	0.000869
679	705	0.000001
679	706	0.064254
679	707	0.000776
679	709	0.000006
679	718	0.000004
679	732	0.000001
679	740	0.000019
679	746	0.000084
679	747	0.000005
680	686	0.000608
680	688	0.000054
680	689	0.717467
680	690	0.000009
680	694	0.038764
680	705	0.075910
680	706	0.001935
680	707	0.000007
680	709	0.000004
680	717	0.000004
680	731	0.000004
680	733	0.000003
680	739	0.000020
680	745	0.000099
680	746	0.000007
681	688	0.702893
681	690	0.000100
681	704	0.080737
681	705	0.001043
681	716	0.000005
681	730	0.000003
681	732	0.000002
681	738	0.000020
681	744	0.000111
681	745	0.000005
682	687	0.614824
682	691	0.000017
682	692	0.122664
682	693	0.000184
682	696	0.000001
682	703	0.081926
682	715	0.000005
682	729	0.000002
682	737	0.000017
682	742	0.000002
682	743	0.000115
683	687	0.000595
683	691	0.135609
683	695	0.000003
683	697	0.000001
683	702	0.082495
683	703	0.000027
683	714	0.000005
683	735	0.000001
683	741	0.000005
683	742	0.000114
683	748	0.000006
684	688	0.000020
684	690	0.122812
684	700	0.000003
684	701	0.082208
684	705	0.000003
684	713	0.000005
684	740	0.000005
684	747	0.000007
685	690	0.000255
685	700	0.080040
685	701	0.000114
685	704	0.000004
685	738	0.000001
685	740	0.000011
686	691	0.001129
686	695	0.000810
686	703	0.000004
686	711	0.000005
686	741	0.000003
687	694	0.011880
687	699	0.083413
687	709	0.000015
687	724	0.000002
687	736	0.000039
687	738	0.000064
687	739	0.000005
687	740	0.000003
687	744	0.000046
688	692	0.000030
688	693	0.010197
688	696	0.000012
688	698	0.083498
688	708	0.000015
688	722	0.000006
688	735	0.000002
688	737	0.000068
688	742	0.000001
688	743	0.000051
689	695	0.000017
689	697	0.083519
689	720	0.000002
689	721	0.000008
689	735	0.000223
689	741	0.000002
689	742	0.000052
690	695	0.000030
690	696	0.082744
690	720	0.000007
690	734	0.000282
690	737	0.000016
690	741	0.000046
690	772	0.000003
691	706	0.000074
691	718	0.000025
691	733	0.000291
691	736	0.000020
691	739	0.000053
691	740	0.000005
691	771	0.000006
692	705	0.000077
692	717	0.000027
692	732	0.000246
692	738	0.000052
692	770	0.000006
693	704	0.000077
693	716	0.000027
693	732	0.000016
693	738	0.000001
693	769	0.000005
694	703	0.000077
694	715	0.000027
694	735	0.001203
695	731	0.001393
695	732	0.000004
695	733	0.910937
696	701	0.000021
696	707	0.000002
696	713	0.000027
696	730	0.001394
696	732	0.913806
697	706	0.000002
697	712	0.000027
697	731	0.914486
698	705	0.000002
698	728	0.001504
698	730	0.914177
699	711	0.000022
699	715	0.000001
699	727	0.001591
699	729	0.913254
700	710	0.000012
700	711	0.000044
700	726	0.000839
700	727	0.779160
700	729	0.000006
701	708	0.000001
701	710	0.000287
701	714	0.000002
701	726	0.909673
701	727	0.000531
701	734	0.000002
702	707	0.000001
702	709	0.000337
702	713	0.000005
702	725	0.916238
702	733	0.000003
703	709	0.000024
703	712	0.000009
703	724	0.916289
703	731	0.000002
703	732	0.000002
703	733	0.000009
703	736	0.000003
704	708	0.000020
704	711	0.000009
704	722	0.000044
704	723	0.915336
704	734	0.000001
704	735	0.000004
705	710	0.000007
705	721	0.000085
705	722	0.914810
705	723	0.000007
705	734	0.000011
705	743	0.000002
706	711	0.000004
706	714	0.000003
706	715	0.000014
706	720	0.000167
706	721	0.912632
706	729	0.000015
706	735	0.000025
706	742	0.000003
707	711	0.000002
707	714	0.000033
707	715	0.000006
707	720	0.731656
707	721	0.000144
707	722	0.000026
707	729	0.000046
707	734	0.000078
707	735	0.000001
707	741	0.000003
708	713	0.000061
708	716	0.054666
708	717	0.000917
708	719	0.579996
708	728	0.000017
708	730	0.037984
708	732	0.000167
708	740	0.000002
709	714	0.013201
709	715	0.072756
709	720	0.174142
709	721	0.000003
709	727	0.000010
709	729	0.044079
710	716	0.011929
710	717	0.251298
710	719	0.211645
710	728	0.028866
710	730	0.000138
710	732	0.000082
710	738	0.000001
711	716	0.141042
711	717	0.002779
711	718	0.222341
711	719	0.000136
711	728	0.039195
711	730	0.000007
711	731	0.000068
711	733	0.000005
711	736	0.000028
711	776	0.000003
712	720	0.000139
712	721	0.000005
712	727	0.070995
712	729	0.000006
712	735	0.000029
712	775	0.000003
713	720	0.000012
713	726	0.071339
713	734	0.000029
713	752	0.000001
714	718	0.000821
714	719	0.000064
714	725	0.071415
714	733	0.000029
714	750	0.000063
714	751	0.000001
715	719	0.000012
715	724	0.071412
715	730	0.000001
715	731	0.000009
715	732	0.000017
715	749	0.000063
715	750	0.000001
716	720	0.000001
716	721	0.000002
716	722	0.000116
716	723	0.069484
716	729	0.000008
716	748	0.000060
717	721	0.000189
717	722	0.052571
717	723	0.000022
718	727	0.000030
718	748	0.000001
719	726	0.000031
719	748	0.000020
720	725	0.000030
720	746	0.000092
720	747	0.000290
720	750	0.000002
721	744	0.000001
721	745	0.000302
721	746	0.010634
721	749	0.000003
721	750	0.000003
721	771	0.000005
722	744	0.000332
722	745	0.010666
722	751	0.000004
722	770	0.000005
723	744	0.010437
723	745	0.000001
723	769	0.000004
724	742	0.011851
725	741	0.011865
725	748	0.000202
726	740	0.011847
726	747	0.000212
727	733	0.000004
727	736	0.000002
727	738	0.000277
727	739	0.011575
727	746	0.000220
728	734	0.000024
728	735	0.000003
728	737	0.011257
729	733	0.000169
729	736	0.011691
729	738	0.000025
729	744	0.000507
729	746	0.000003
730	734	0.000011
730	735	0.010508
730	737	0.000026
730	743	0.000573
731	735	0.000107
731	742	0.000591
732	741	0.000046
732	742	0.000158
732	743	0.000008
733	741	0.000896
733	742	0.000008
733	748	0.000011
734	740	0.000940
734	744	0.000001
734	745	0.000002
734	747	0.000022
734	751	0.000012
735	739	0.000906
735	744	0.000003
735	746	0.000025
735	749	0.000299
735	750	0.000007
735	776	0.005799
736	741	0.000033
736	742	0.000021
736	748	0.000311
736	775	0.005811
737	744	0.000018
737	745	0.000005
737	747	0.000267
737	754	0.000043
737	773	0.000009
737	774	0.005636
738	743	0.000017
738	752	0.000002
738	753	0.000052
738	772	0.000011
739	748	0.000007
740	748	0.000003
740	752	0.000031
740	762	0.000003
740	766	0.000002
740	772	0.005031
740	777	0.000021
741	745	0.000001
741	746	0.000041
741	747	0.000012
741	749	0.000003
741	750	0.000548
741	751	0.000034
741	761	0.000004
741	765	0.000002
741	769	0.000097
741	770	0.000030
741	771	0.005203
741	776	0.000024
742	746	0.000015
742	749	0.000548
742	750	0.000036
742	764	0.000003
742	768	0.000111
742	769	0.000045
742	770	0.005127
742	771	0.000109
742	774	0.000001
742	776	0.000003
743	747	0.000005
743	754	0.000007
743	763	0.000003
743	767	0.000115
743	768	0.000046
743	769	0.004987
743	770	0.000107
743	773	0.000002
743	774	0.000019
744	748	0.000005
744	753	0.000008
744	756	0.000001
744	758	0.000003
744	759	0.000002
744	760	0.000001
744	762	0.000002
744	766	0.000114
744	772	0.000002
744	775	0.000002
744	777	0.000001
744	778	0.000003
745	752	0.000007
745	755	0.000001
745	757	0.000003
745	758	0.000002
745	759	0.000001
745	766	0.000010
745	772	0.000001
745	775	0.000001
745	777	0.000003
745	778	0.000006
746	775	0.000008
747	752	0.000001
747	753	0.000005
747	755	0.000004
747	756	0.000008
747	757	0.000002
747	758	0.000001
747	759	0.000002
747	760	0.000001
747	762	0.000101
747	766	0.000017
747	772	0.000304
747	775	0.000001
747	777	0.008760
747	778	0.000005
748	754	0.000004
748	761	0.000116
748	763	0.000006
748	764	0.000016
748	765	0.000018
748	767	0.000001
748	768	0.000005
748	769	0.000007
748	770	0.000008
748	771	0.000563
748	773	0.000010
748	774	0.000005
748	776	0.015001
749	775	0.015843
750	775	0.002504
751	755	0.000057
751	756	0.000200
751	757	0.000164
751	758	0.000282
751	759	0.000102
751	760	0.000153
751	762	0.000027
751	766	0.003627
751	772	0.000667
751	775	0.051513
751	777	0.000123
751	778	0.000021
752	763	0.000020
752	764	0.001181
752	765	0.004167
752	767	0.000188
752	768	0.325745
752	769	0.002005
752	770	0.000721
752	773	0.000574
752	774	0.072199
753	763	0.001542
753	764	0.004016
753	765	0.000176
753	767	0.427995
753	768	0.001622
753	769	0.000633
753	770	0.000184
753	773	0.076254
753	774	0.000474
754	758	0.000055
754	759	0.000196
754	760	0.000122
754	762	0.001526
754	766	0.443964
754	772	0.071272
754	775	0.001330
754	777	0.000024
754	778	0.000008
755	763	0.000076
755	764	0.001045
755	765	0.443909
755	767	0.000167
755	768	0.000502
755	769	0.002006
755	770	0.036804
755	773	0.000068
755	774	0.001670
756	763	0.001284
756	764	0.433674
756	765	0.006801
756	767	0.000547
756	768	0.002353
756	769	0.040400
756	770	0.042905
756	773	0.001435
756	774	0.000249
757	763	0.362421
757	764	0.008475
757	765	0.002671
757	767	0.002064
757	768	0.040728
757	769	0.047815
757	770	0.016882
757	773	0.000212
757	774	0.000191
758	763	0.006959
758	764	0.003070
758	765	0.002240
758	767	0.038413
758	768	0.046875
758	769	0.020570
758	770	0.001565
758	773	0.000167
758	774	0.000189
759	763	0.001957
759	764	0.002076
759	765	0.002090
759	767	0.040155
759	768	0.021337
759	769	0.001799
759	770	0.000848
759	773	0.000169
759	774	0.000155
760	764	0.001416
760	765	0.002103
760	767	0.015836
760	768	0.001559
760	769	0.000920
760	770	0.000062
760	773	0.000134
760	774	0.000034
761	775	0.012562
762	767	0.000151
762	768	0.000433
762	769	0.000603
762	770	0.000233
762	773	0.000601
762	774	0.012072
763	772	0.000798
763	775	0.000049
763	777	0.000083
763	778	0.000088
764	772	0.000795
764	775	0.000090
764	777	0.000139
764	778	0.000062
765	772	0.000313
765	775	0.001344
765	777	0.000100
765	778	0.000012
766	770	0.000119
766	773	0.000522
766	774	0.001596
767	772	0.000502
767	775	0.000150
767	777	0.000047
767	778	0.000233
768	772	0.000103
768	775	0.000496
768	777	0.000416
768	778	0.000146
769	775	0.000500
769	777	0.000297
769	778	0.000519
770	775	0.000149
770	777	0.000795
770	778	0.000041
771	775	0.000444
773	777	0.000098
773	778	0.000098
774	778	0.000037
