1	7	0.000050
1	8	0.000043
1	9	0.000011
1	12	0.000063
1	13	0.000031
1	15	0.000277
1	29	0.000005
1	33	0.000011
1	41	0.078778
1	55	0.000005
1	61	0.000001
1	67	0.042390
1	75	0.000002
1	76	0.000001
1	694	0.000004
1	699	0.000003
1	707	0.028609
1	718	0.000009
1	735	0.000013
1	786	0.000012
1	788	0.000190
1	789	0.075304
1	790	0.000865
1	795	0.000033
1	796	0.000016
1	798	0.000003
1	800	0.000460
1	804	0.000044
1	809	0.188899
1	810	0.004724
1	816	0.021965
1	829	0.000161
1	832	0.000848
1	837	0.001014
1	838	0.000015
1	841	0.016645
1	849	0.000027
1	863	0.000002
1	875	0.000002
2	7	0.000148
2	8	0.000032
2	9	0.000006
2	11	0.000084
2	12	0.000063
2	13	0.000001
2	14	0.000334
2	15	0.000108
2	28	0.000009
2	30	0.001029
2	32	0.000012
2	33	0.000003
2	39	0.000117
2	40	0.106170
2	41	0.000620
2	42	0.001841
2	46	0.000742
2	50	0.000021
2	52	0.000007
2	53	0.000754
2	60	0.000003
2	61	0.000001
2	62	0.026156
2	64	0.000078
2	65	0.002818
2	66	0.047506
2	67	0.000149
2	74	0.000002
2	75	0.000002
2	683	0.000005
2	686	0.000003
2	693	0.000005
2	698	0.000004
2	702	0.000012
2	705	0.000005
2	706	0.032143
2	707	0.000038
2	717	0.000012
2	730	0.000003
2	734	0.000017
2	735	0.000116
2	736	0.000034
2	739	0.000002
2	740	0.000001
2	755	0.000001
2	777	0.000001
2	778	0.000090
2	783	0.000012
2	784	0.002930
2	787	0.000176
2	788	0.151228
2	789	0.000588
2	790	0.000014
2	794	0.000043
2	795	0.000032
2	796	0.000001
2	797	0.000006
2	798	0.000003
2	799	0.000515
2	800	0.000354
2	803	0.000049
2	804	0.000013
2	806	0.000001
2	807	0.000005
2	808	0.250582
2	809	0.005030
2	810	0.000037
2	812	0.000268
2	814	0.000037
2	815	0.029023
2	816	0.000437
2	817	0.000181
2	818	0.066883
2	819	0.010126
2	820	0.029133
2	821	0.009239
2	822	0.019186
2	826	0.000048
2	827	0.000063
2	828	0.000212
2	829	0.000002
2	831	0.001121
2	832	0.000002
2	833	0.000002
2	834	0.000721
2	835	0.000114
2	836	0.001341
2	837	0.000026
2	839	0.000024
2	840	0.018912
2	841	0.000008
2	843	0.000008
2	845	0.000029
2	846	0.000038
2	847	0.000226
2	849	0.000001
2	851	0.000007
2	852	0.000187
2	853	0.000061
2	854	0.000006
2	855	0.000009
2	862	0.000005
2	874	0.000002
2	875	0.000222
2	883	0.000181
2	886	0.002018
3	7	0.000029
3	8	0.000021
3	9	0.000010
3	11	0.000067
3	12	0.000002
3	13	0.000329
3	14	0.000141
3	29	0.001040
3	30	0.000010
3	32	0.000003
3	39	0.106301
3	40	0.000771
3	41	0.001489
3	42	0.017311
3	46	0.000052
3	50	0.000006
3	52	0.000748
3	53	0.000005
3	61	0.026345
3	62	0.000164
3	64	0.002845
3	65	0.047130
3	66	0.000172
3	67	0.000002
3	74	0.000003
3	682	0.000002
3	683	0.000017
3	686	0.000002
3	701	0.000005
3	702	0.000040
3	704	0.000002
3	705	0.032135
3	706	0.000040
3	716	0.000012
3	730	0.000002
3	733	0.000007
3	734	0.000144
3	735	0.000013
3	736	0.000054
3	738	0.000002
3	739	0.000001
3	754	0.000001
3	777	0.000089
3	783	0.002920
3	784	0.000033
3	786	0.000069
3	787	0.162346
3	788	0.000011
3	789	0.000008
3	790	0.000004
3	794	0.000034
3	795	0.000001
3	796	0.000007
3	797	0.000005
3	798	0.000479
3	799	0.000382
3	803	0.000015
3	806	0.000003
3	807	0.251682
3	808	0.005164
3	809	0.000023
3	810	0.000057
3	812	0.000129
3	814	0.028847
3	815	0.000511
3	816	0.000107
3	817	0.067290
3	818	0.009857
3	819	0.029089
3	820	0.009337
3	821	0.019065
3	822	0.000077
3	825	0.000048
3	826	0.000063
3	827	0.000211
3	828	0.000002
3	830	0.001121
3	831	0.000002
3	832	0.000001
3	833	0.000726
3	834	0.000112
3	835	0.001333
3	836	0.000027
3	838	0.000022
3	839	0.018904
3	840	0.000010
3	843	0.000011
3	845	0.000038
3	846	0.000187
3	847	0.000066
3	849	0.000001
3	851	0.000189
3	852	0.000061
3	853	0.000006
3	854	0.000009
3	861	0.000005
3	874	0.000261
3	883	0.000140
3	886	0.001388
4	8	0.000034
4	9	0.000041
4	12	0.000313
4	13	0.000136
4	26	0.000015
4	28	0.001045
4	29	0.000006
4	41	0.016723
4	58	0.000005
4	60	0.026804
4	61	0.000086
4	67	0.000003
4	79	0.000002
4	682	0.000015
4	688	0.000030
4	690	0.000055
4	699	0.000002
4	701	0.000036
4	704	0.026785
4	707	0.000001
4	715	0.000012
4	733	0.000121
4	735	0.000048
4	753	0.000001
4	786	0.162379
4	788	0.000007
4	789	0.000004
4	790	0.000002
4	795	0.000006
4	796	0.000005
4	797	0.000405
4	798	0.000330
4	804	0.000001
4	806	0.254192
4	807	0.002901
4	809	0.000053
4	810	0.000015
4	816	0.057641
4	829	0.000959
4	832	0.000621
4	837	0.000052
4	838	0.016172
4	841	0.000004
4	849	0.000338
4	860	0.000005
4	873	0.000262
4	879	0.000003
5	10	0.000222
5	16	0.000003
5	25	0.000015
5	27	0.001049
5	48	0.000026
5	56	0.000026
5	57	0.000005
5	59	0.026848
5	68	0.000008
5	71	0.000003
5	72	0.000001
5	78	0.000003
5	687	0.000033
5	689	0.000065
5	691	0.000005
5	695	0.000006
5	710	0.000009
5	714	0.000012
5	774	0.000002
5	775	0.000002
5	782	0.000020
5	785	0.161968
5	791	0.000033
5	805	0.256290
5	813	0.008847
5	824	0.000035
5	842	0.000058
5	848	0.000353
5	859	0.000004
5	872	0.000261
5	878	0.000003
5	880	0.000090
5	881	0.000002
5	882	0.000008
5	884	0.000506
5	885	0.000411
6	12	0.000001
6	13	0.000001
6	15	0.000003
6	24	0.000015
6	26	0.001042
6	41	0.000326
6	55	0.000028
6	58	0.024662
6	60	0.000002
6	61	0.000008
6	67	0.000008
6	75	0.000003
6	76	0.000003
6	77	0.000003
6	682	0.000005
6	688	0.000065
6	690	0.000005
6	694	0.000005
6	699	0.000014
6	701	0.000403
6	704	0.000030
6	707	0.000003
6	733	0.000039
6	735	0.000002
6	786	0.000005
6	790	0.000028
6	795	0.000024
6	796	0.000023
6	797	0.000005
6	798	0.000002
6	800	0.000009
6	804	0.209357
6	806	0.000046
6	809	0.000020
6	810	0.000020
6	816	0.000087
6	832	0.000004
6	837	0.000173
6	838	0.000002
6	841	0.000047
6	849	0.000006
6	868	0.000001
6	879	0.000088
7	21	0.000001
7	22	0.000003
7	25	0.000969
7	37	0.000048
7	38	0.003845
7	43	0.000096
7	44	0.000099
7	45	0.000048
7	47	0.000043
7	48	0.000024
7	49	0.000021
7	51	0.000003
7	54	0.000029
7	56	0.000024
7	57	0.022713
7	59	0.000002
7	63	0.000039
7	73	0.000004
7	681	0.000003
7	684	0.000004
7	685	0.000008
7	687	0.000060
7	689	0.000005
7	700	0.000372
7	703	0.000087
7	708	0.000002
7	709	0.000004
7	710	0.000001
7	711	0.000004
7	731	0.000002
7	732	0.000042
7	737	0.000002
7	782	0.000002
7	785	0.000006
7	792	0.000006
7	793	0.000020
7	801	0.000275
7	802	0.004074
7	805	0.000042
7	811	0.000109
7	813	0.000172
7	823	0.000003
7	848	0.000005
7	867	0.000001
7	870	0.000008
7	871	0.000006
7	878	0.000083
7	882	0.000001
7	884	0.000005
7	885	0.000009
7	887	0.000019
8	17	0.000003
8	19	0.000001
8	21	0.000008
8	22	0.000491
8	25	0.000002
8	37	0.002415
8	38	0.710160
8	43	0.000066
8	44	0.000041
8	45	0.000007
8	47	0.000015
8	48	0.000018
8	49	0.000002
8	51	0.000002
8	54	0.000008
8	56	0.005776
8	57	0.000011
8	63	0.000002
8	73	0.000001
8	684	0.000006
8	685	0.000002
8	700	0.000074
8	703	0.000010
8	708	0.000003
8	709	0.000002
8	710	0.000004
8	731	0.000023
8	732	0.000004
8	791	0.000002
8	792	0.000009
8	793	0.000002
8	801	0.002073
8	802	0.004116
8	811	0.000010
8	813	0.000011
8	869	0.000004
8	870	0.000005
8	877	0.000042
8	884	0.000004
8	885	0.000004
8	887	0.000005
9	16	0.000002
9	19	0.000051
9	21	0.000607
9	22	0.000013
9	31	0.000008
9	34	0.000003
9	37	0.952325
9	38	0.000333
9	43	0.000013
9	44	0.000002
9	47	0.000004
9	51	0.000002
9	54	0.000029
9	56	0.000003
9	684	0.000002
9	700	0.000006
9	703	0.000001
9	708	0.000001
9	709	0.000002
9	731	0.000004
9	791	0.000003
9	792	0.000001
9	801	0.001932
9	802	0.000038
9	811	0.000004
9	813	0.000001
9	869	0.000002
9	876	0.000008
9	884	0.000003
9	887	0.000040
10	14	0.000001
10	18	0.000060
10	20	0.000611
10	23	0.000036
10	26	0.000001
10	30	0.000010
10	32	0.000004
10	33	0.000003
10	36	0.997303
10	42	0.000003
10	50	0.000002
10	52	0.000007
10	53	0.000024
10	696	0.000001
10	730	0.000003
10	799	0.000001
10	800	0.000023
10	883	0.000002
10	886	0.000063
11	16	0.000114
11	25	0.000002
11	35	0.997402
11	695	0.000001
11	729	0.000003
11	882	0.000002
11	885	0.000062
12	16	0.000002
12	17	0.000004
12	19	0.000041
12	21	0.000008
12	22	0.000010
12	31	0.000006
12	34	0.989389
12	35	0.000003
12	51	0.000005
12	881	0.000002
12	884	0.000055
13	17	0.000013
13	19	0.000005
13	21	0.000009
13	22	0.000001
13	31	0.000122
13	34	0.000107
13	49	0.000041
13	726	0.000002
14	35	0.000003
14	48	0.000043
14	725	0.000002
14	882	0.000030
15	19	0.000001
15	21	0.000005
15	22	0.000001
15	31	0.912378
15	34	0.000005
15	47	0.000043
15	63	0.000002
15	724	0.000002
15	881	0.000029
16	20	0.000006
16	28	0.000021
16	29	0.077520
16	30	0.915542
16	32	0.000049
16	33	0.000003
16	46	0.000040
16	61	0.000002
16	62	0.000003
16	723	0.000002
17	26	0.000068
17	28	0.533377
17	29	0.461819
17	60	0.000004
17	61	0.000001
17	722	0.000002
17	879	0.000026
18	25	0.000140
18	27	0.987266
18	59	0.000005
18	878	0.000026
19	24	0.000102
19	26	0.986318
19	28	0.010460
19	58	0.000005
20	25	0.982807
20	27	0.010711
20	57	0.000005
20	876	0.000024
21	26	0.008104
21	28	0.000001
21	29	0.000003
21	875	0.000024
22	26	0.000008
22	28	0.000017
22	873	0.000025
23	27	0.000017
23	872	0.000026
24	37	0.000007
24	871	0.000024
24	887	0.000002
25	36	0.000007
25	39	0.000001
25	52	0.000005
25	64	0.000007
25	886	0.000004
26	35	0.000007
26	37	0.000016
26	51	0.000005
26	63	0.000007
26	869	0.000020
26	884	0.000003
26	885	0.000002
27	36	0.000018
27	50	0.000005
27	62	0.000007
27	868	0.000025
27	883	0.000009
28	35	0.000017
28	49	0.000005
28	867	0.000025
28	882	0.000010
29	34	0.000010
29	48	0.000004
29	866	0.000025
29	881	0.000010
30	59	0.000009
30	865	0.000025
30	880	0.000015
31	58	0.000009
31	864	0.000023
31	879	0.000015
32	57	0.000009
32	878	0.000015
33	56	0.000009
33	801	0.000003
33	876	0.000002
33	877	0.000013
33	887	0.000007
34	41	0.000003
34	55	0.000009
34	61	0.000002
34	75	0.000002
34	800	0.000003
34	862	0.000016
34	875	0.000006
35	40	0.000003
35	42	0.000001
35	60	0.000003
35	74	0.000002
35	799	0.000003
35	861	0.000016
35	874	0.000006
35	883	0.000002
35	886	0.002367
36	59	0.000003
36	872	0.000001
36	876	0.000002
36	882	0.000002
36	885	0.002377
37	41	0.000003
37	58	0.000002
37	61	0.000009
37	75	0.000028
37	76	0.000103
37	77	0.000011
37	795	0.000004
37	796	0.000222
37	797	0.000022
37	798	0.000008
37	875	0.000002
38	55	0.000001
38	58	0.002793
38	60	0.000027
38	67	0.000001
38	75	0.000212
38	76	0.000083
38	77	0.000014
38	682	0.000001
38	688	0.000002
38	699	0.000002
38	707	0.000001
38	786	0.000003
38	795	0.000568
38	796	0.000048
38	797	0.000019
38	798	0.000004
38	800	0.000001
38	849	0.000004
38	860	0.000012
38	873	0.000008
38	879	0.000001
39	48	0.000956
39	56	0.000016
39	57	0.004297
39	59	0.000034
39	68	0.000008
39	69	0.001991
39	71	0.000122
39	72	0.409486
39	687	0.000002
39	710	0.000002
39	725	0.000002
39	775	0.000002
39	781	0.000002
39	785	0.000003
39	791	0.000003
39	813	0.000009
39	848	0.000005
39	859	0.000014
39	872	0.000009
39	880	0.000045
39	881	0.001219
39	882	0.019237
39	884	0.052324
39	885	0.006700
40	48	0.009979
40	56	0.004405
40	57	0.000021
40	59	0.000004
40	68	0.002040
40	69	0.000320
40	71	0.414775
40	72	0.000047
40	710	0.000031
40	724	0.000002
40	774	0.000002
40	780	0.000003
40	785	0.000001
40	791	0.000018
40	813	0.000004
40	824	0.000001
40	848	0.000001
40	858	0.000014
40	872	0.000005
40	878	0.000090
40	880	0.001217
40	881	0.019262
40	882	0.080593
40	884	0.006177
40	885	0.000040
41	45	0.000079
41	47	0.009370
41	48	0.000122
41	49	0.015171
41	51	0.000011
41	54	0.000018
41	56	0.000009
41	57	0.000094
41	63	0.000007
41	68	0.000229
41	69	0.002348
41	70	0.412545
41	71	0.000031
41	72	0.000017
41	73	0.000291
41	692	0.000007
41	709	0.000028
41	711	0.000052
41	779	0.000002
41	791	0.000002
41	792	0.090181
41	793	0.000132
41	811	0.000004
41	823	0.000002
41	866	0.000215
41	869	0.000002
41	870	0.000004
41	871	0.000005
41	877	0.000096
41	878	0.000002
41	880	0.002644
41	881	0.083539
41	882	0.000616
41	884	0.000031
41	885	0.000064
41	887	0.000003
42	48	0.018728
42	56	0.000465
42	57	0.000003
42	59	0.000044
42	68	0.011332
42	69	0.400607
42	71	0.000031
42	72	0.000339
42	78	0.000014
42	691	0.000008
42	695	0.000006
42	710	0.000060
42	791	0.099980
42	805	0.000003
42	813	0.000003
42	842	0.000004
42	848	0.000002
42	856	0.000004
42	865	0.000257
42	876	0.000091
42	878	0.001227
42	880	0.102118
42	881	0.000609
42	882	0.000355
42	884	0.000171
42	885	0.000023
43	55	0.000405
43	58	0.000042
43	60	0.000001
43	61	0.000015
43	67	0.018371
43	76	0.000009
43	77	0.000044
43	690	0.000007
43	694	0.000005
43	707	0.000002
43	788	0.000002
43	789	0.000038
43	790	0.099052
43	796	0.000003
43	797	0.000005
43	798	0.000006
43	804	0.000003
43	807	0.000011
43	809	0.000026
43	810	0.000025
43	841	0.000004
43	864	0.000253
43	868	0.000021
43	875	0.000077
43	879	0.100843
44	55	0.000014
44	58	0.000008
44	60	0.000007
44	61	0.001423
44	67	0.008226
44	75	0.000007
44	76	0.000071
44	77	0.000049
44	707	0.000002
44	788	0.000018
44	789	0.082653
44	790	0.001538
44	795	0.000003
44	796	0.000007
44	797	0.000007
44	798	0.000003
44	806	0.000007
44	807	0.002984
44	809	0.000017
44	810	0.000009
44	849	0.000002
44	863	0.000214
44	864	0.000002
44	868	0.000008
44	879	0.000053
45	55	0.000013
45	58	0.000053
45	60	0.001761
45	61	0.000027
45	67	0.001447
45	75	0.000057
45	76	0.000073
45	77	0.000037
45	79	0.000082
45	688	0.000011
45	690	0.000001
45	707	0.000003
45	786	0.000113
45	788	0.018973
45	789	0.002093
45	790	0.001130
45	795	0.000006
45	796	0.000006
45	797	0.000003
45	806	0.003717
45	807	0.000002
45	809	0.000006
45	810	0.000003
45	849	0.000096
45	857	0.000003
45	862	0.000076
45	863	0.000003
45	864	0.000001
45	868	0.000004
45	873	0.000032
45	879	0.000185
46	56	0.004995
46	57	0.000055
46	59	0.001801
46	68	0.060401
46	69	0.000002
46	71	0.000008
46	72	0.000025
46	78	0.000089
46	687	0.000012
46	689	0.000002
46	691	0.000018
46	695	0.000249
46	710	0.000011
46	780	0.000001
46	785	0.000142
46	791	0.000179
46	805	0.003817
46	813	0.000006
46	842	0.000198
46	848	0.000102
46	856	0.000003
46	865	0.002206
46	872	0.000023
46	876	0.106870
46	878	0.000109
46	884	0.000134
46	885	0.000067
47	55	0.004943
47	58	0.001646
47	60	0.000168
47	61	0.000557
47	67	0.060906
47	75	0.001860
47	76	0.000013
47	77	0.000096
47	688	0.000001
47	690	0.000018
47	694	0.000251
47	704	0.000002
47	707	0.000415
47	735	0.000158
47	786	0.000032
47	788	0.085921
47	789	0.000039
47	790	0.000122
47	795	0.000012
47	797	0.000002
47	798	0.000002
47	800	0.000137
47	804	0.003804
47	809	0.000045
47	810	0.000002
47	816	0.000033
47	829	0.000001
47	832	0.000001
47	837	0.000009
47	841	0.000199
47	849	0.000003
47	862	0.000168
47	864	0.002235
47	875	0.107616
48	52	0.000117
48	53	0.002511
48	55	0.000015
48	58	0.000004
48	60	0.000378
48	61	0.417160
48	62	0.095076
48	64	0.001333
48	65	0.000531
48	66	0.054049
48	67	0.000002
48	74	0.002118
48	75	0.000010
48	76	0.000105
48	683	0.000023
48	686	0.000003
48	693	0.000250
48	702	0.000166
48	705	0.000512
48	706	0.000445
48	707	0.000013
48	730	0.000004
48	734	0.000181
48	736	0.000068
48	777	0.000011
48	778	0.000015
48	783	0.000036
48	784	0.000110
48	786	0.000002
48	787	0.113219
48	788	0.000002
48	789	0.000061
48	794	0.000013
48	796	0.000002
48	797	0.000002
48	799	0.000152
48	803	0.003741
48	807	0.000054
48	808	0.000051
48	809	0.000002
48	810	0.000004
48	812	0.000009
48	814	0.000004
48	815	0.000038
48	817	0.000029
48	818	0.000004
48	819	0.000017
48	820	0.000016
48	821	0.000005
48	822	0.000011
48	828	0.000001
48	830	0.000002
48	831	0.000001
48	833	0.000003
48	835	0.000001
48	836	0.000010
48	839	0.000003
48	840	0.000188
48	843	0.000001
48	847	0.000078
48	849	0.000005
48	851	0.000023
48	852	0.000030
48	853	0.000004
48	854	0.000002
48	861	0.000221
48	863	0.002240
48	874	0.107734
48	883	0.000012
48	886	0.000226
49	55	0.000046
49	58	0.000588
49	60	0.560342
49	61	0.047951
49	75	0.000097
49	76	0.000002
49	79	0.000001
49	682	0.000019
49	688	0.000022
49	690	0.000045
49	701	0.000132
49	704	0.000503
49	707	0.000009
49	733	0.000151
49	735	0.000056
49	786	0.113335
49	788	0.000052
49	795	0.000002
49	796	0.000002
49	797	0.000001
49	798	0.000131
49	800	0.000004
49	806	0.000080
49	807	0.000030
49	809	0.000004
49	816	0.000025
49	829	0.000002
49	832	0.000002
49	838	0.000004
49	849	0.000438
49	860	0.000162
49	862	0.002212
49	873	0.107618
50	56	0.002424
50	57	0.000681
50	59	0.614127
50	68	0.000027
50	69	0.000003
50	71	0.005035
50	72	0.001974
50	78	0.000001
50	687	0.000022
50	689	0.000051
50	691	0.000204
50	710	0.000003
50	745	0.000003
50	774	0.000008
50	775	0.000009
50	782	0.000004
50	785	0.112989
50	791	0.000010
50	805	0.000100
50	813	0.000011
50	842	0.000001
50	848	0.000463
50	858	0.000018
50	859	0.000078
50	865	0.000012
50	872	0.107077
50	880	0.000001
50	882	0.000001
50	884	0.000032
50	885	0.000036
51	55	0.001616
51	58	0.612528
51	60	0.000432
51	61	0.000006
51	67	0.000026
51	75	0.000002
51	76	0.000002
51	77	0.000001
51	79	0.000003
51	688	0.000050
51	690	0.000202
51	699	0.000001
51	701	0.000005
51	704	0.000416
51	707	0.000008
51	733	0.000003
51	735	0.000001
51	744	0.000003
51	786	0.000031
51	790	0.000008
51	796	0.000005
51	797	0.000001
51	798	0.000001
51	800	0.000025
51	804	0.000080
51	806	0.000002
51	841	0.000001
51	849	0.009768
51	857	0.000031
51	860	0.093451
51	862	0.000016
51	863	0.000010
51	864	0.000011
51	868	0.000013
51	879	0.000001
52	56	0.000490
52	57	0.606625
52	59	0.000446
52	68	0.000026
52	69	0.134073
52	71	0.000011
52	72	0.000028
52	78	0.000002
52	80	0.000002
52	81	0.000003
52	687	0.000048
52	689	0.000125
52	691	0.000002
52	710	0.000002
52	743	0.000003
52	772	0.000019
52	774	0.000011
52	775	0.000626
52	781	0.000200
52	782	0.001226
52	785	0.000033
52	805	0.000002
52	848	0.010749
52	856	0.000031
52	858	0.000007
52	859	0.096583
52	872	0.000001
52	878	0.000001
52	881	0.000006
52	882	0.000001
52	884	0.000011
52	885	0.001399
53	57	0.000407
53	59	0.000096
53	68	0.137782
53	69	0.000081
53	71	0.000028
53	78	0.000032
53	80	0.000006
53	687	0.000026
53	689	0.000080
53	710	0.000015
53	742	0.000003
53	772	0.000013
53	774	0.000631
53	775	0.000003
53	780	0.000201
53	781	0.001209
53	782	0.000018
53	785	0.000002
53	842	0.000001
53	848	0.000895
53	856	0.000006
53	858	0.096629
53	865	0.000020
53	880	0.000006
53	881	0.000001
53	884	0.001404
53	885	0.000007
54	58	0.000067
54	60	0.000016
54	61	0.000011
54	67	0.135907
54	76	0.000012
54	77	0.000070
54	79	0.000006
54	688	0.000155
54	701	0.025858
54	704	0.000070
54	707	0.000001
54	733	0.000026
54	741	0.000003
54	786	0.000005
54	797	0.000003
54	798	0.000003
54	806	0.000001
54	816	0.000002
54	829	0.000002
54	841	0.000001
54	849	0.007571
54	857	0.096047
54	864	0.000016
54	868	0.000160
54	879	0.000005
55	59	0.000015
55	63	0.000141
55	68	0.000008
55	69	0.000006
55	78	0.000005
55	684	0.000022
55	685	0.000001
55	687	0.000155
55	700	0.030423
55	703	0.000078
55	731	0.000009
55	732	0.000023
55	737	0.000005
55	772	0.000424
55	779	0.001318
55	785	0.000006
55	801	0.000004
55	805	0.000001
55	823	0.000081
55	848	0.008235
55	850	0.000034
55	856	0.093827
55	866	0.000006
55	867	0.000163
55	869	0.000003
55	870	0.000002
55	871	0.000007
55	878	0.000004
55	887	0.000074
56	62	0.000165
56	64	0.000037
56	65	0.140076
56	66	0.005914
56	67	0.000049
56	74	0.000005
56	75	0.001546
56	76	0.000005
56	77	0.000004
56	93	0.000003
56	683	0.000024
56	686	0.000146
56	698	0.000002
56	699	0.031658
56	702	0.000076
56	705	0.000003
56	706	0.000003
56	730	0.000008
56	734	0.000016
56	736	0.000007
56	739	0.000003
56	770	0.001048
56	771	0.000304
56	778	0.001418
56	784	0.000025
56	795	0.000019
56	796	0.000015
56	797	0.000019
56	799	0.000010
56	800	0.000005
56	804	0.000002
56	815	0.000312
56	820	0.000019
56	821	0.000006
56	822	0.000100
56	826	0.000010
56	827	0.000036
56	828	0.000061
56	831	0.000016
56	834	0.000021
56	835	0.000003
56	836	0.000008
56	840	0.000003
56	845	0.000003
56	846	0.127451
56	847	0.006515
56	849	0.000002
56	851	0.000003
56	852	0.000063
56	853	0.000033
56	854	0.000112
56	855	0.032110
56	886	0.000111
57	61	0.000069
57	62	0.000043
57	64	0.140434
57	65	0.005758
57	66	0.000060
57	74	0.001978
57	75	0.000004
57	76	0.000008
57	92	0.000003
57	682	0.000013
57	686	0.000002
57	696	0.000008
57	698	0.031875
57	701	0.000040
57	704	0.000003
57	705	0.000003
57	730	0.000247
57	733	0.000016
57	734	0.000001
57	735	0.000003
57	738	0.000003
57	769	0.001196
57	770	0.000167
57	777	0.001417
57	783	0.000024
57	794	0.000019
57	795	0.000015
57	796	0.000018
57	797	0.000001
57	798	0.000008
57	799	0.000005
57	803	0.000003
57	814	0.000313
57	819	0.000020
57	820	0.000007
57	821	0.000099
57	825	0.000010
57	826	0.000037
57	827	0.000062
57	830	0.000016
57	833	0.000021
57	834	0.000003
57	835	0.000008
57	839	0.000003
57	843	0.000002
57	845	0.139004
57	846	0.003400
57	847	0.000003
57	851	0.000066
57	852	0.000031
57	853	0.000187
57	854	0.025533
57	886	0.000002
58	63	0.123033
58	72	0.000020
58	73	0.001969
58	91	0.000003
58	681	0.000010
58	684	0.000004
58	685	0.000003
58	695	0.000008
58	697	0.031867
58	700	0.000037
58	703	0.000004
58	729	0.000250
58	731	0.000019
58	732	0.000010
58	737	0.000003
58	768	0.001335
58	776	0.001343
58	782	0.000003
58	793	0.000017
58	802	0.000003
58	813	0.000312
58	824	0.000009
58	842	0.000003
58	844	0.158818
58	848	0.000022
58	850	0.000069
58	869	0.000044
58	884	0.000100
58	885	0.000001
58	887	0.000009
59	64	0.002901
59	65	0.000049
59	66	0.000109
59	67	0.000003
59	74	0.000437
59	90	0.000003
59	680	0.000002
59	683	0.000004
59	693	0.000007
59	694	0.000006
59	696	0.031873
59	698	0.000007
59	699	0.000011
59	702	0.000003
59	727	0.000005
59	728	0.000247
59	730	0.000030
59	733	0.000001
59	736	0.000003
59	764	0.000017
59	767	0.001339
59	769	0.000030
59	794	0.000353
59	803	0.000001
59	812	0.000309
59	819	0.000055
59	820	0.000020
59	825	0.000117
59	826	0.000003
59	827	0.000003
59	828	0.000007
59	830	0.000004
59	831	0.000013
59	833	0.000003
59	835	0.000001
59	836	0.000001
59	839	0.000010
59	840	0.000015
59	841	0.000001
59	843	0.159264
59	845	0.000397
59	846	0.000002
59	847	0.000017
59	849	0.000030
59	851	0.001226
59	852	0.001660
59	853	0.001822
59	868	0.000047
59	883	0.000101
59	886	0.000019
60	70	0.000063
60	71	0.001932
60	73	0.000441
60	89	0.000003
60	679	0.000001
60	692	0.000006
60	695	0.030076
60	697	0.000007
60	726	0.000014
60	729	0.000029
60	732	0.000001
60	763	0.000021
60	766	0.001316
60	768	0.000029
60	774	0.000010
60	793	0.000357
60	802	0.000001
60	811	0.000270
60	824	0.000115
60	842	0.156405
60	844	0.000390
60	848	0.000005
60	850	0.001121
60	867	0.000047
60	882	0.000101
60	885	0.000013
61	68	0.000003
61	69	0.000124
61	70	0.002010
61	72	0.000443
61	73	0.000012
61	85	0.000002
61	691	0.000005
61	692	0.029507
61	695	0.000002
61	711	0.000002
61	725	0.000014
61	726	0.000222
61	731	0.000001
61	762	0.000021
61	763	0.000003
61	775	0.000002
61	792	0.000368
61	823	0.000092
61	842	0.000060
61	844	0.000010
61	848	0.000010
61	850	0.000140
61	866	0.000048
61	881	0.000100
61	884	0.000006
61	885	0.000038
62	68	0.001922
62	69	0.002060
62	71	0.000455
62	72	0.000021
62	84	0.000002
62	689	0.000034
62	691	0.031613
62	695	0.000004
62	710	0.000004
62	724	0.000015
62	725	0.000236
62	729	0.000003
62	761	0.000010
62	766	0.000033
62	774	0.000002
62	791	0.000371
62	805	0.000002
62	824	0.000018
62	842	0.000542
62	848	0.000338
62	865	0.000048
62	880	0.000101
62	884	0.000225
62	885	0.000009
63	67	0.001321
63	75	0.000001
63	688	0.000036
63	690	0.031587
63	694	0.000004
63	727	0.000007
63	765	0.000034
63	790	0.000292
63	795	0.000001
63	796	0.000004
63	797	0.000001
63	804	0.000002
63	806	0.000017
63	809	0.000002
63	829	0.000001
63	832	0.000001
63	837	0.000101
63	838	0.000232
63	841	0.000544
63	849	0.000816
63	864	0.000037
63	879	0.000101
64	68	0.000224
64	69	0.000051
64	71	0.000015
64	72	0.000358
64	82	0.000003
64	687	0.000038
64	689	0.031052
64	691	0.000062
64	710	0.000012
64	724	0.000105
64	725	0.000153
64	760	0.000004
64	761	0.000138
64	782	0.000067
64	785	0.000001
64	791	0.000002
64	805	0.000018
64	824	0.000011
64	842	0.000004
64	848	0.000857
64	859	0.000001
64	878	0.000099
64	882	0.000280
64	884	0.000021
64	885	0.001649
65	69	0.000022
65	71	0.000367
65	72	0.001814
65	81	0.000003
65	687	0.004420
65	689	0.000381
65	691	0.000016
65	710	0.000013
65	724	0.000155
65	725	0.000242
65	759	0.000004
65	760	0.000136
65	761	0.003324
65	781	0.000068
65	791	0.000006
65	805	0.000003
65	824	0.000008
65	842	0.000010
65	848	0.000021
65	858	0.000001
65	876	0.000015
65	881	0.000281
65	882	0.000005
65	884	0.001650
65	885	0.001391
66	71	0.001820
66	72	0.000053
66	80	0.000003
66	687	0.006882
66	689	0.000114
66	691	0.000006
66	695	0.000001
66	710	0.000358
66	724	0.000245
66	725	0.000013
66	759	0.000133
66	760	0.003348
66	780	0.000068
66	785	0.000002
66	791	0.000012
66	805	0.000004
66	824	0.002051
66	842	0.000043
66	848	0.000004
66	876	0.000039
66	878	0.000001
66	880	0.000281
66	881	0.000005
66	884	0.001418
66	885	0.000038
67	71	0.000044
67	72	0.000004
67	73	0.000004
67	684	0.001137
67	685	0.000507
67	687	0.007569
67	689	0.000003
67	691	0.000005
67	697	0.000002
67	703	0.000001
67	708	0.000021
67	709	0.000349
67	710	0.000059
67	724	0.000013
67	737	0.000008
67	759	0.003347
67	779	0.000068
67	785	0.000075
67	791	0.000002
67	792	0.001042
67	793	0.000003
67	801	0.000384
67	811	0.000001
67	813	0.000005
67	823	0.003031
67	842	0.000006
67	844	0.001689
67	848	0.000001
67	877	0.000002
67	878	0.000009
67	880	0.000005
67	884	0.000035
67	887	0.000005
68	74	0.000093
68	75	0.000049
68	76	0.000002
68	77	0.000005
68	683	0.001251
68	686	0.013160
68	688	0.000109
68	690	0.000016
68	693	0.000009
68	694	0.000005
68	696	0.000003
68	702	0.000002
68	706	0.000620
68	707	0.000009
68	720	0.001012
68	721	0.000035
68	723	0.000010
68	735	0.000002
68	736	0.000009
68	758	0.003486
68	778	0.000068
68	784	0.000145
68	787	0.000072
68	788	0.000060
68	790	0.000012
68	794	0.000003
68	797	0.000002
68	798	0.000002
68	799	0.000005
68	800	0.000440
68	803	0.000011
68	810	0.000001
68	812	0.000019
68	815	0.000021
68	817	0.000003
68	818	0.205024
68	819	0.000771
68	820	0.000546
68	821	0.000281
68	822	0.003121
68	828	0.000004
68	831	0.008780
68	832	0.000001
68	833	0.000002
68	834	0.176409
68	835	0.000383
68	836	0.000064
68	837	0.000002
68	839	0.000024
68	840	0.000173
68	843	0.001812
68	846	0.000006
68	847	0.000002
68	879	0.000005
68	886	0.000006
69	74	0.000063
69	75	0.000002
69	76	0.000019
69	77	0.000005
69	682	0.001181
69	683	0.003521
69	686	0.007718
69	688	0.000271
69	693	0.000005
69	702	0.000003
69	705	0.000627
69	706	0.000008
69	707	0.000006
69	719	0.001041
69	720	0.000039
69	722	0.000006
69	734	0.000005
69	735	0.000003
69	736	0.000391
69	757	0.003483
69	777	0.000067
69	783	0.000144
69	784	0.000003
69	786	0.000069
69	787	0.000072
69	789	0.000018
69	790	0.003219
69	794	0.000001
69	796	0.000006
69	797	0.000004
69	798	0.000005
69	799	0.000454
69	803	0.000001
69	810	0.000218
69	812	0.000001
69	814	0.000021
69	817	0.208118
69	818	0.000399
69	819	0.000544
69	820	0.000311
69	821	0.003061
69	822	0.000001
69	827	0.000004
69	830	0.008833
69	833	0.177522
69	834	0.000194
69	835	0.000057
69	836	0.000002
69	838	0.000026
69	839	0.000173
69	843	0.000005
69	845	0.000006
69	846	0.000002
70	75	0.000045
70	76	0.000050
70	77	0.000050
70	682	0.003514
70	688	0.001046
70	690	0.000001
70	694	0.000005
70	699	0.000004
70	701	0.000003
70	704	0.000565
70	707	0.084814
70	718	0.001210
70	719	0.000020
70	721	0.000004
70	733	0.000004
70	735	0.000450
70	756	0.003487
70	786	0.000070
70	788	0.000029
70	789	0.007424
70	790	0.000040
70	795	0.000015
70	796	0.000011
70	797	0.000005
70	798	0.000449
70	800	0.000134
70	804	0.000004
70	809	0.000365
70	810	0.000006
70	816	0.208753
70	829	0.008839
70	832	0.177719
70	837	0.000051
70	838	0.000152
70	841	0.001834
70	863	0.000001
70	875	0.000002
71	75	0.000031
71	76	0.000062
71	77	0.000006
71	682	0.000024
71	683	0.006933
71	686	0.003838
71	688	0.000019
71	690	0.000024
71	693	0.000006
71	698	0.000003
71	699	0.000001
71	702	0.000086
71	705	0.000013
71	706	0.090287
71	707	0.000059
71	717	0.001250
71	720	0.000003
71	730	0.000005
71	734	0.000452
71	735	0.000183
71	736	0.000055
71	755	0.003490
71	783	0.000006
71	784	0.001489
71	787	0.000022
71	788	0.009131
71	789	0.000023
71	794	0.000016
71	795	0.000015
71	796	0.000004
71	797	0.000418
71	799	0.000143
71	800	0.000062
71	803	0.000005
71	808	0.000384
71	809	0.000007
71	812	0.000003
71	814	0.000003
71	815	0.208844
71	816	0.000007
71	817	0.000006
71	818	0.001390
71	819	0.001531
71	820	0.001066
71	821	0.000007
71	822	0.000013
71	826	0.000009
71	827	0.000039
71	828	0.008807
71	830	0.000001
71	831	0.177769
71	834	0.000052
71	835	0.000003
71	836	0.000072
71	837	0.000122
71	840	0.001847
71	862	0.000002
71	875	0.000333
72	76	0.000014
72	77	0.000010
72	680	0.000001
72	682	0.006589
72	683	0.024326
72	686	0.004752
72	688	0.000008
72	701	0.000030
72	702	0.000521
72	704	0.000004
72	705	0.090224
72	706	0.000064
72	716	0.001251
72	719	0.000002
72	730	0.000005
72	733	0.000156
72	734	0.000237
72	735	0.000019
72	736	0.000076
72	754	0.003486
72	783	0.001480
72	784	0.000050
72	786	0.000008
72	787	0.009729
72	794	0.000016
72	795	0.000003
72	796	0.000386
72	797	0.000001
72	798	0.000129
72	799	0.000070
72	807	0.000384
72	808	0.000007
72	810	0.000001
72	812	0.000004
72	814	0.206742
72	815	0.000013
72	816	0.000003
72	817	0.001415
72	818	0.001504
72	819	0.001057
72	820	0.000007
72	821	0.000013
72	825	0.000010
72	826	0.000074
72	827	0.008714
72	828	0.000002
72	829	0.000001
72	830	0.177590
72	833	0.000052
72	834	0.000003
72	835	0.000072
72	836	0.000121
72	839	0.001845
72	861	0.000002
72	874	0.000340
73	77	0.000112
73	79	0.000055
73	682	0.024620
73	688	0.006804
73	690	0.000056
73	699	0.000014
73	701	0.000451
73	704	0.075177
73	707	0.000008
73	715	0.001249
73	718	0.000002
73	733	0.000206
73	735	0.000068
73	752	0.000006
73	753	0.002954
73	786	0.009880
73	789	0.000001
73	790	0.000004
73	795	0.000334
73	796	0.000003
73	797	0.000109
73	798	0.000061
73	800	0.000003
73	804	0.000001
73	806	0.000405
73	807	0.000005
73	809	0.000015
73	810	0.000027
73	816	0.001230
73	829	0.152160
73	832	0.000045
73	837	0.000003
73	838	0.001574
73	860	0.000002
73	873	0.000340
74	78	0.000059
74	80	0.000001
74	687	0.007286
74	689	0.000063
74	691	0.000002
74	695	0.000003
74	710	0.000795
74	714	0.001244
74	729	0.000004
74	782	0.000006
74	785	0.009876
74	791	0.000009
74	805	0.000405
74	813	0.046272
74	824	0.004068
74	859	0.000002
74	872	0.000341
74	884	0.000002
74	885	0.000004
75	681	0.000169
75	684	0.008001
75	685	0.009926
75	687	0.000007
75	692	0.000001
75	700	0.000163
75	703	0.000923
75	708	0.000006
75	709	0.000791
75	710	0.000016
75	711	0.000029
75	713	0.001038
75	731	0.000014
75	732	0.000036
75	737	0.000004
75	785	0.000002
75	792	0.000005
75	793	0.000071
75	801	0.000002
75	802	0.000007
75	811	0.001511
75	813	0.000052
75	823	0.003553
75	824	0.000138
75	858	0.000001
75	871	0.000340
75	884	0.000003
76	681	0.001756
76	684	0.010389
76	685	0.001693
76	687	0.000019
76	691	0.000001
76	700	0.000172
76	703	0.000169
76	708	0.000601
76	709	0.000027
76	710	0.000036
76	711	0.000014
76	713	0.000002
76	731	0.000035
76	732	0.000026
76	737	0.000004
76	791	0.000004
76	792	0.000065
76	793	0.000005
76	801	0.000008
76	802	0.000007
76	811	0.000594
76	813	0.000029
76	823	0.000125
76	824	0.000459
76	870	0.000339
77	681	0.815500
77	684	0.000712
77	685	0.000028
77	697	0.000001
77	700	0.000220
77	703	0.000034
77	708	0.000016
77	709	0.000021
77	710	0.000008
77	711	0.000020
77	731	0.000020
77	732	0.000002
77	737	0.000002
77	750	0.000002
77	791	0.000026
77	792	0.000003
77	801	0.000004
77	802	0.000006
77	811	0.000026
77	813	0.000012
77	823	0.000497
77	824	0.000021
77	869	0.000336
78	680	0.995433
78	682	0.000004
78	683	0.000270
78	686	0.000005
78	696	0.000001
78	698	0.000035
78	699	0.000009
78	701	0.000001
78	702	0.000011
78	706	0.000001
78	730	0.000009
78	749	0.000002
78	812	0.000011
78	820	0.000001
78	821	0.000004
78	822	0.000463
78	825	0.000115
78	826	0.000003
78	828	0.000057
78	868	0.000330
79	94	0.000001
79	679	0.995269
79	681	0.000008
79	685	0.000004
79	695	0.000001
79	697	0.000033
79	700	0.000001
79	729	0.000004
79	748	0.000002
79	811	0.000009
79	823	0.001588
79	824	0.000061
79	867	0.000315
80	92	0.000003
80	93	0.000022
80	678	0.997373
80	680	0.000002
80	696	0.000009
80	816	0.000001
80	820	0.000199
80	821	0.000276
80	822	0.001632
80	827	0.000064
80	828	0.000005
81	92	0.000022
81	93	0.000320
81	677	0.997455
81	815	0.000002
81	819	0.000200
81	820	0.000281
81	821	0.001625
81	822	0.000001
81	826	0.000064
81	827	0.000004
82	90	0.000025
82	92	0.000324
82	129	0.000002
82	676	0.997458
82	751	0.000001
82	814	0.000002
82	818	0.000200
82	819	0.000286
82	820	0.001615
82	821	0.000002
82	825	0.000064
82	826	0.000004
83	89	0.000025
83	91	0.000325
83	128	0.000002
83	675	0.997426
83	750	0.000001
83	813	0.000002
83	824	0.000064
84	90	0.000319
84	129	0.000011
84	674	0.995455
84	749	0.000001
84	787	0.000001
84	812	0.000002
84	816	0.000001
84	817	0.000556
84	818	0.000238
84	819	0.000888
84	820	0.000002
84	821	0.000001
84	822	0.000004
84	825	0.000004
85	786	0.000001
85	816	0.000511
86	103	0.000009
86	125	0.000002
86	126	0.000564
86	128	0.000003
86	131	0.000007
86	673	0.995771
86	785	0.000001
86	824	0.000004
87	102	0.000009
87	125	0.000566
87	127	0.000003
87	130	0.000024
87	672	0.995776
87	823	0.000005
88	101	0.000012
88	124	0.000584
88	129	0.000014
88	671	0.996267
88	747	0.000002
88	815	0.002115
88	822	0.000005
89	100	0.000012
89	123	0.000617
89	129	0.000952
89	670	0.995894
89	746	0.000002
89	814	0.002120
89	821	0.000003
90	95	0.000004
90	99	0.000020
90	122	0.000618
90	128	0.000970
90	669	0.995824
90	745	0.000002
90	813	0.002120
91	97	0.000116
91	98	0.000208
91	100	0.000236
91	116	0.000299
91	117	0.000018
91	121	0.000628
91	123	0.000003
91	129	0.000006
91	631	0.000008
91	668	0.984953
91	744	0.000002
91	812	0.002034
92	99	0.003852
92	103	0.000006
92	104	0.000002
92	114	0.021336
92	119	0.000004
92	120	0.000653
92	122	0.000003
92	126	0.021006
92	128	0.000004
92	630	0.000009
92	636	0.000001
92	667	0.676931
92	743	0.000002
93	99	0.008550
93	102	0.000019
93	103	0.000002
93	113	0.021866
93	114	0.000004
93	119	0.000709
93	120	0.000003
93	122	0.000004
93	125	0.021917
93	126	0.000002
93	628	0.000012
93	635	0.000002
93	636	0.000001
93	638	0.000004
93	663	0.000105
93	667	0.057076
93	742	0.000002
94	112	0.021846
94	121	0.000004
94	124	0.022011
94	627	0.000012
94	666	0.106055
94	741	0.000002
94	788	0.000049
94	809	0.000109
94	862	0.000304
95	100	0.000088
95	101	0.000015
95	105	0.000002
95	107	0.000391
95	110	0.000089
95	111	0.021584
95	116	0.000858
95	117	0.018866
95	123	0.021927
95	626	0.000012
95	632	0.000001
95	633	0.000401
95	662	0.000277
95	664	0.002840
95	665	0.101502
95	666	0.000200
95	668	0.000017
95	740	0.000001
95	787	0.000057
95	807	0.000002
95	808	0.000111
95	861	0.000351
96	105	0.024282
96	121	0.022374
96	124	0.000002
96	666	0.000060
96	786	0.000057
96	806	0.000010
96	807	0.000095
96	860	0.000351
97	102	0.000006
97	103	0.000019
97	104	0.024677
97	114	0.000639
97	119	0.000177
97	120	0.022594
97	122	0.000041
97	625	0.000002
97	635	0.000007
97	636	0.000816
97	638	0.000008
97	663	0.016314
97	667	0.000004
97	785	0.000055
97	805	0.000017
97	859	0.000351
98	102	0.000022
98	103	0.024662
98	104	0.000003
98	113	0.000627
98	114	0.000079
98	119	0.022398
98	120	0.000008
98	122	0.000410
98	623	0.000007
98	635	0.000824
98	636	0.000018
98	638	0.000037
98	663	0.012920
98	667	0.000006
98	785	0.000002
98	805	0.000058
98	858	0.000351
99	105	0.000008
99	107	0.000011
99	110	0.000003
99	112	0.000328
99	116	0.240742
99	117	0.011644
99	121	0.000480
99	129	0.000003
99	622	0.000003
99	633	0.000101
99	661	0.000023
99	662	0.011865
99	664	0.000494
99	665	0.000002
99	666	0.000007
99	668	0.000002
99	783	0.000013
99	784	0.000003
99	803	0.000007
99	804	0.000026
99	857	0.000350
100	104	0.000008
100	113	0.000044
100	114	0.967622
100	120	0.000483
100	128	0.000003
100	636	0.000022
100	660	0.000002
100	663	0.000311
100	856	0.000348
101	113	0.973066
101	114	0.000027
101	119	0.000480
101	126	0.000003
101	635	0.000023
101	663	0.000001
101	667	0.000001
101	848	0.000045
101	856	0.000001
102	107	0.000012
102	110	0.000003
102	111	0.001534
102	112	0.970907
102	117	0.000031
102	633	0.000054
102	662	0.000002
102	666	0.000012
102	847	0.000046
102	853	0.000270
102	854	0.000033
102	855	0.000002
103	110	0.001568
103	111	0.972398
103	112	0.000011
103	116	0.000030
103	117	0.000644
103	124	0.000003
103	632	0.000054
103	665	0.000012
103	846	0.000046
103	852	0.000281
103	853	0.000023
103	854	0.000002
104	110	0.971393
104	111	0.000014
104	116	0.000651
104	123	0.000004
104	631	0.000054
104	664	0.000012
104	845	0.000046
104	851	0.000292
104	852	0.000012
104	853	0.000002
105	109	0.788375
105	114	0.000002
105	115	0.000438
105	122	0.000004
105	630	0.000050
105	663	0.000011
105	844	0.000044
105	850	0.000302
106	121	0.000001
106	849	0.000302
107	113	0.000565
107	114	0.000110
107	122	0.000019
107	628	0.000006
107	638	0.000020
107	842	0.000042
107	848	0.000299
108	112	0.000374
108	121	0.000010
108	627	0.000004
108	838	0.000013
108	841	0.000040
109	121	0.000317
109	837	0.000011
109	838	0.000003
110	114	0.000001
110	120	0.000356
110	636	0.002324
110	842	0.000002
111	119	0.000368
111	635	0.002351
111	638	0.000002
111	824	0.000006
111	842	0.000010
112	118	0.000384
112	130	0.000001
112	634	0.002351
112	637	0.000002
112	823	0.000008
112	842	0.000002
112	844	0.000004
113	117	0.000375
113	129	0.000001
113	633	0.002347
113	822	0.000008
113	831	0.000010
113	834	0.000241
113	835	0.000003
113	836	0.000003
113	840	0.000030
113	843	0.000002
113	846	0.000020
113	847	0.000004
114	632	0.001184
114	633	0.000026
114	821	0.000008
114	830	0.000010
114	833	0.000244
114	834	0.000003
114	835	0.000003
114	839	0.000030
114	845	0.000020
114	846	0.000004
115	121	0.000003
115	666	0.000001
115	688	0.000002
115	829	0.000009
115	832	0.000240
115	838	0.000029
116	120	0.000004
116	126	0.000078
116	630	0.000008
116	635	0.006657
116	636	0.079566
116	638	0.000114
116	663	0.000002
116	687	0.000002
117	125	0.000080
117	628	0.000007
117	635	0.080490
117	636	0.001035
117	638	0.000017
117	663	0.000002
117	667	0.000017
117	842	0.000025
118	124	0.000080
118	627	0.000007
118	666	0.000056
118	707	0.000006
118	816	0.000011
118	829	0.000259
118	832	0.000001
118	837	0.000008
118	841	0.000025
119	123	0.000076
119	626	0.000006
119	631	0.000016
119	632	0.953690
119	633	0.015490
119	665	0.000059
119	677	0.000008
119	683	0.000213
119	699	0.000003
119	705	0.000005
119	706	0.000007
119	815	0.000012
119	827	0.000012
119	828	0.000269
119	831	0.000002
119	836	0.000009
119	840	0.000025
119	846	0.000005
120	629	0.000001
120	631	0.963994
120	632	0.010987
120	633	0.000025
120	664	0.000059
120	676	0.000008
120	682	0.000215
120	698	0.000003
120	704	0.000005
120	705	0.000006
120	814	0.000012
120	826	0.000013
120	827	0.000268
120	830	0.000001
120	835	0.000009
120	839	0.000025
120	845	0.000005
121	130	0.000005
121	624	0.000004
121	628	0.000001
121	630	0.967842
121	637	0.000037
121	663	0.000058
121	675	0.000008
121	681	0.000216
121	697	0.000003
121	703	0.000011
121	813	0.000012
121	844	0.000005
122	129	0.000015
122	626	0.000014
122	629	0.969020
122	631	0.006822
122	632	0.000014
122	633	0.000003
122	662	0.000053
122	674	0.000008
122	680	0.000217
122	696	0.000003
122	702	0.000011
122	812	0.000012
122	825	0.000308
122	834	0.000007
122	837	0.000002
122	843	0.000007
123	128	0.000015
123	625	0.000015
123	628	0.955633
123	630	0.006685
123	635	0.000415
123	636	0.000001
123	673	0.000008
123	679	0.000208
123	695	0.000003
123	824	0.000309
123	842	0.000007
124	130	0.000002
124	621	0.000002
124	624	0.000016
124	625	0.000003
124	628	0.015122
124	630	0.000211
124	634	0.000429
124	672	0.000008
124	679	0.000009
124	700	0.000011
124	823	0.000309
125	129	0.000002
125	620	0.000002
125	626	0.007757
125	627	0.830746
125	629	0.003301
125	632	0.000106
125	633	0.000458
125	671	0.000008
125	677	0.000013
125	678	0.000204
125	693	0.000002
125	699	0.000011
125	809	0.000012
125	818	0.000009
125	822	0.000303
125	831	0.000009
125	834	0.000021
125	840	0.000006
126	619	0.000002
126	622	0.000006
126	626	0.947180
126	627	0.000022
126	629	0.000082
126	631	0.000175
126	632	0.000460
126	633	0.000003
126	670	0.000005
126	676	0.000013
126	677	0.000204
126	698	0.000011
126	808	0.000015
126	817	0.000011
126	820	0.000001
126	821	0.000299
126	830	0.000009
126	833	0.000021
126	839	0.000006
127	622	0.000023
127	627	0.014411
127	699	0.000004
127	707	0.000002
127	807	0.000018
127	816	0.000015
127	829	0.000009
127	832	0.000021
127	838	0.000006
128	618	0.000002
128	622	0.000057
128	626	0.014939
128	627	0.000001
128	629	0.004800
128	631	0.000045
128	668	0.000004
128	676	0.000216
128	680	0.000010
128	690	0.000001
128	696	0.000205
128	698	0.000004
128	706	0.000002
128	730	0.000001
128	786	0.000001
128	806	0.000019
128	814	0.000005
128	815	0.000012
128	817	0.000001
128	818	0.000002
128	819	0.000034
128	820	0.000025
128	828	0.000009
128	831	0.000021
128	837	0.000003
129	617	0.000002
129	623	0.966896
129	625	0.014394
129	628	0.004807
129	630	0.000043
129	667	0.000004
129	675	0.000215
129	679	0.000010
129	689	0.000001
129	695	0.000205
129	729	0.000001
129	785	0.000002
129	805	0.000019
129	813	0.000008
130	616	0.000002
130	622	0.957076
130	627	0.004730
130	666	0.000003
130	694	0.000182
130	804	0.000017
130	829	0.000011
131	615	0.000002
131	619	0.000002
131	620	0.995298
131	622	0.000007
131	626	0.001163
131	693	0.000050
131	803	0.000005
131	827	0.000009
131	828	0.000008
132	614	0.000002
132	618	0.000001
132	619	0.999896
132	620	0.000059
132	826	0.000011
132	827	0.000006
133	613	0.000002
133	618	0.999941
133	619	0.000030
133	825	0.000014
133	826	0.000003
134	617	0.999918
134	824	0.000016
135	615	0.000141
135	616	0.998319
135	821	0.000002
135	822	0.000015
136	614	0.000144
136	615	0.999812
136	820	0.000002
136	821	0.000015
137	611	0.000002
137	613	0.000147
137	614	0.999822
137	819	0.000002
137	820	0.000015
138	611	0.000189
138	613	0.999767
138	818	0.000002
138	819	0.000015
139	609	0.000414
139	610	0.000255
139	612	0.998728
140	608	0.001940
140	611	0.995157
140	817	0.000013
140	818	0.000001
141	816	0.000012
142	607	0.982145
142	608	0.014479
142	815	0.000002
143	606	0.999947
143	609	0.000002
144	605	0.999509
145	604	0.999981
146	603	0.999991
147	602	0.999977
148	601	0.999511
149	600	0.999970
150	596	0.000003
150	598	0.000003
150	599	0.999028
151	595	0.000033
151	597	0.000003
151	598	0.998830
152	594	0.000038
152	596	0.000006
152	597	0.999911
153	593	0.000039
153	594	0.000008
153	596	0.997014
153	597	0.000012
154	592	0.000021
155	592	0.000016
156	592	0.000484
157	592	0.988913
158	591	0.999943
159	590	0.999976
160	589	0.999698
161	588	0.999939
162	586	0.000326
162	587	0.999619
163	214	0.000001
163	585	0.000651
163	586	0.999313
163	587	0.000011
164	213	0.000043
164	214	0.000055
164	221	0.000014
164	227	0.000004
164	443	0.000017
164	584	0.000975
164	585	0.998776
164	586	0.000023
165	175	0.000001
165	212	0.000087
165	213	0.001802
165	214	0.000160
165	220	0.000040
165	221	0.000008
165	224	0.000098
165	226	0.002379
165	442	0.000023
165	443	0.000006
165	583	0.001176
165	584	0.983693
165	585	0.000034
166	174	0.000002
166	210	0.000001
166	211	0.000011
166	215	0.002279
166	216	0.001358
166	217	0.000519
166	218	0.000194
166	219	0.000257
166	222	0.000197
166	223	0.000124
166	225	0.021824
166	441	0.000020
167	175	0.001105
167	209	0.000002
167	212	0.257313
167	213	0.384501
167	214	0.001573
167	220	0.000247
167	221	0.000299
167	224	0.028049
167	226	0.000068
167	230	0.000003
167	437	0.000002
167	442	0.000106
167	443	0.000092
167	582	0.000098
167	583	0.019397
167	584	0.000019
168	174	0.001116
168	208	0.000002
168	211	0.006449
168	215	0.000310
168	216	0.000249
168	217	0.000268
168	218	0.000044
168	219	0.000326
168	222	0.000080
168	223	0.027552
168	225	0.000074
168	229	0.000002
168	441	0.000072
169	173	0.001100
169	210	0.003276
169	211	0.971727
169	215	0.000101
169	218	0.000116
169	222	0.010985
169	440	0.000025
170	206	0.000001
170	210	0.994471
170	211	0.000035
170	215	0.000003
170	218	0.000004
170	222	0.000011
170	438	0.000009
171	175	0.000002
171	209	0.997849
171	212	0.000026
171	214	0.000002
171	220	0.000040
171	221	0.000017
171	224	0.000003
171	226	0.000003
171	230	0.000001
171	436	0.000004
171	437	0.000006
172	205	0.000003
172	206	0.000015
172	207	0.000503
172	208	0.987296
172	210	0.000010
172	211	0.000025
172	219	0.000042
172	223	0.000002
172	225	0.000003
172	229	0.000001
172	435	0.000007
173	209	0.000016
173	212	0.000001
173	221	0.000011
173	224	0.000003
173	228	0.000001
173	434	0.000007
174	220	0.000010
174	433	0.000006
175	204	0.002909
175	206	0.241228
175	210	0.000001
175	211	0.000001
175	215	0.000002
175	218	0.000003
175	431	0.000001
176	203	0.002192
176	204	0.994790
176	206	0.000006
177	202	0.001466
177	203	0.997770
177	204	0.000019
178	201	0.000739
178	202	0.998511
178	203	0.000013
179	199	0.000001
179	201	0.999231
179	202	0.000007
180	200	0.999463
181	198	0.000001
181	199	0.998119
182	198	0.998841
183	197	0.999964
184	196	0.999509
185	193	0.000002
185	195	0.999972
186	192	0.000006
186	194	0.999917
187	191	0.000024
187	193	0.991644
187	195	0.000007
188	192	0.980165
188	194	0.000008
189	193	0.000009
205	214	0.000211
205	226	0.000010
206	212	0.000007
206	213	0.000224
206	221	0.000332
206	224	0.000029
206	227	0.000001
206	228	0.000002
206	236	0.000001
207	214	0.000002
207	220	0.000326
207	226	0.000003
207	227	0.000002
208	226	0.000003
208	439	0.000007
209	215	0.000013
209	218	0.000357
209	222	0.000694
209	438	0.000008
209	444	0.000007
210	214	0.000005
210	221	0.000785
210	224	0.000020
210	226	0.000001
210	437	0.000008
210	443	0.000046
211	220	0.000717
211	221	0.000078
211	224	0.000229
211	226	0.000004
211	230	0.000003
211	232	0.000002
211	436	0.000007
211	442	0.000047
211	443	0.000002
212	218	0.003046
212	222	0.001379
212	231	0.000013
212	440	0.000002
212	445	0.000002
212	446	0.000015
213	218	0.008468
213	222	0.024259
213	231	0.000007
213	428	0.000001
213	438	0.000002
213	440	0.000004
213	444	0.000004
213	445	0.000016
214	218	0.000338
214	219	0.004564
214	222	0.200661
214	223	0.005056
214	225	0.078904
214	229	0.007539
214	435	0.000006
214	438	0.000002
214	441	0.000002
214	444	0.000017
215	220	0.000337
215	221	0.315765
215	224	0.097040
215	226	0.000048
215	227	0.000343
215	228	0.012870
215	230	0.000006
215	434	0.000008
215	437	0.000004
215	442	0.000148
215	443	0.000153
215	583	0.000016
215	584	0.000001
216	220	0.239256
216	226	0.000692
216	227	0.014570
216	238	0.000001
216	433	0.000007
217	226	0.017093
217	227	0.000084
218	224	0.014480
218	226	0.000179
218	227	0.003424
218	228	0.000543
218	230	0.000002
218	236	0.000551
218	434	0.000007
218	442	0.000339
218	443	0.000185
218	583	0.000021
218	584	0.000002
219	226	0.006140
219	227	0.000705
219	235	0.000553
219	433	0.000007
220	225	0.005338
220	234	0.000553
220	432	0.000007
220	441	0.000026
220	445	0.000006
220	447	0.000001
221	233	0.000551
221	431	0.000007
221	438	0.000003
221	440	0.000024
221	444	0.000590
221	445	0.000001
221	446	0.000002
222	226	0.000210
222	227	0.000111
222	228	0.000150
222	230	0.000005
222	232	0.000206
222	236	0.000005
222	437	0.000003
222	439	0.000011
222	442	0.002914
222	443	0.003630
222	583	0.000030
222	584	0.000003
223	227	0.000163
223	232	0.000323
223	235	0.000005
223	439	0.000004
224	231	0.000493
224	233	0.000006
224	428	0.000001
224	438	0.000005
224	440	0.000084
224	444	0.000920
224	445	0.000003
225	232	0.000006
225	439	0.000081
226	231	0.000005
226	438	0.000070
226	440	0.000002
226	441	0.001617
226	444	0.000007
227	438	0.000003
227	440	0.000064
227	441	0.837556
228	438	0.000007
228	440	0.984527
229	439	0.988530
230	438	0.989552
230	440	0.000048
231	436	0.501396
231	437	0.496839
231	439	0.000003
232	435	0.993850
233	434	0.999342
233	436	0.000016
234	433	0.998830
235	429	0.000186
235	430	0.000002
235	431	0.000009
235	432	0.998293
236	428	0.000239
236	431	0.996280
237	409	0.573052
237	410	0.000251
238	407	0.000004
238	408	0.925846
238	427	0.000018
238	428	0.000065
238	429	0.002965
238	430	0.000542
239	406	0.000008
239	407	0.997590
239	428	0.001802
240	405	0.000007
240	406	0.998978
240	407	0.000982
241	404	0.000006
241	405	0.998982
241	406	0.000991
241	407	0.000003
242	404	0.998942
242	405	0.000995
242	406	0.000003
243	402	0.000014
243	403	0.990423
243	404	0.000948
243	405	0.000003
245	402	0.898375
246	399	0.000014
246	401	0.898376
247	399	0.991401
248	398	0.999931
248	399	0.000020
249	397	0.999976
249	398	0.000014
250	396	0.999984
250	397	0.000007
251	395	0.999991
252	394	0.999977
253	393	0.999484
254	392	0.999545
255	385	0.000001
255	390	0.000016
255	391	0.139503
256	390	0.126733
256	391	0.860112
257	381	0.000002
257	390	0.870981
257	391	0.000005
258	383	0.003693
258	384	0.115882
258	386	0.003915
258	387	0.015209
258	388	0.003286
258	389	0.840129
259	383	0.256804
259	384	0.001320
259	386	0.021439
259	387	0.005103
259	388	0.668692
259	389	0.000330
260	381	0.996121
261	380	0.999851
261	383	0.000003
261	384	0.000002
261	386	0.000062
262	379	0.999486
262	384	0.000001
263	377	0.000001
263	378	0.999484
264	377	0.999902
265	376	0.986574
266	371	0.000003
266	374	0.478065
266	376	0.000089
266	380	0.000002
267	376	0.000016
267	379	0.000002
268	372	0.941851
268	373	0.013898
268	375	0.000025
269	369	0.000003
269	370	0.001994
269	371	0.997191
269	374	0.000011
270	368	0.000003
270	369	0.002295
270	370	0.997076
270	371	0.000604
271	290	0.000043
271	367	0.000003
271	368	0.002586
271	369	0.996680
271	370	0.000606
271	371	0.000001
272	288	0.000001
272	289	0.000150
272	290	0.006094
272	295	0.000007
272	367	0.002863
272	368	0.983184
272	369	0.000590
272	370	0.000001
273	293	0.000003
273	294	0.000008
273	350	0.000004
274	288	0.028661
274	289	0.000057
274	349	0.000003
274	364	0.000005
275	287	0.032181
275	288	0.000001
275	290	0.000003
275	348	0.000003
275	364	0.000002
275	365	0.966019
275	367	0.000007
276	286	0.032186
276	289	0.000003
276	295	0.000002
276	364	0.967116
277	285	0.032189
277	294	0.000002
277	361	0.000218
277	362	0.000546
277	363	0.965038
278	284	0.032192
278	293	0.000002
278	360	0.000585
278	361	0.001032
278	362	0.960566
278	363	0.000195
279	287	0.000006
279	289	0.000017
279	290	0.000005
279	359	0.000747
280	286	0.000006
280	288	0.000020
280	289	0.000004
281	287	0.000021
281	288	0.000003
281	290	0.000006
281	356	0.000008
281	359	0.731815
282	286	0.000016
282	289	0.000006
282	355	0.000006
283	288	0.000004
284	356	0.967339
284	359	0.000001
285	355	0.967204
286	353	0.000002
286	354	0.967083
287	351	0.000002
287	353	0.966210
288	350	0.000004
288	351	0.000661
288	353	0.000012
289	350	0.000104
289	351	0.698120
289	354	0.000003
290	296	0.000005
290	350	0.978883
290	351	0.000628
290	353	0.000004
291	295	0.000004
291	349	0.957359
291	352	0.000005
292	349	0.005281
293	303	0.000007
293	304	0.000001
293	305	0.000039
293	347	0.990279
293	348	0.005710
293	349	0.001214
293	368	0.000004
293	370	0.000002
293	371	0.000001
294	302	0.000007
294	303	0.000001
294	304	0.000039
294	344	0.000001
294	346	0.994652
294	347	0.002892
294	348	0.001628
294	349	0.000013
294	367	0.000005
294	369	0.000003
294	370	0.000001
295	301	0.000007
295	343	0.000001
295	345	0.996830
295	366	0.000005
296	300	0.000005
296	302	0.000002
296	303	0.000039
296	305	0.000001
296	344	0.997022
296	346	0.000030
296	347	0.002136
296	348	0.000008
296	365	0.000005
296	368	0.000186
297	302	0.000039
297	304	0.000002
297	341	0.000021
297	344	0.000080
297	346	0.002381
297	347	0.000007
297	364	0.000001
297	367	0.000223
298	340	0.000021
298	342	0.987929
298	343	0.000074
298	345	0.002408
298	366	0.000223
299	339	0.000021
299	341	0.996764
299	344	0.002408
299	346	0.000008
299	365	0.000223
300	340	0.995181
300	343	0.002111
300	345	0.000007
301	339	0.972275
301	364	0.000221
302	306	0.000001
302	342	0.000220
302	343	0.000262
302	363	0.000228
303	342	0.000276
303	343	0.000213
303	362	0.000228
304	342	0.000227
304	343	0.000077
304	361	0.000228
305	342	0.000081
305	360	0.000227
306	338	0.997767
306	339	0.000017
306	341	0.000048
306	359	0.000158
307	337	0.999283
307	340	0.000027
307	358	0.000148
308	336	0.999861
308	339	0.000003
309	335	0.999848
309	338	0.000002
309	356	0.000050
310	334	0.982897
310	355	0.000041
311	357	0.000059
312	331	0.000001
312	332	0.994252
312	333	0.000931
312	356	0.000059
313	331	0.999324
313	355	0.000059
314	330	0.999430
314	354	0.000060
315	329	0.999903
315	353	0.000060
316	328	0.999515
316	352	0.000060
317	326	0.000011
317	327	0.999854
317	351	0.000060
318	326	0.998579
318	327	0.000036
318	329	0.000002
318	350	0.000060
319	328	0.000005
319	349	0.000053
320	326	0.000214
320	327	0.000008
321	325	0.000664
321	326	0.000010
322	343	0.000004
323	342	0.000004
324	349	0.000002
325	349	0.000002
326	339	0.000008
326	347	0.000047
326	348	0.000003
327	338	0.000009
327	346	0.000048
327	347	0.000003
328	337	0.000009
328	345	0.000049
329	336	0.000009
329	344	0.000048
329	346	0.000001
331	343	0.000004
332	342	0.000004
332	343	0.000040
333	342	0.000040
334	354	0.000001
335	343	0.000005
336	342	0.000005
336	353	0.000049
337	352	0.000054
338	351	0.000054
339	350	0.000054
339	358	0.000002
340	349	0.000052
341	350	0.000004
341	357	0.000103
342	347	0.000004
342	348	0.000051
342	349	0.000004
342	356	0.000107
342	365	0.000002
342	367	0.000017
342	368	0.000003
343	347	0.000049
343	348	0.000004
343	355	0.000105
343	364	0.000001
343	365	0.000010
343	367	0.000003
344	353	0.000110
345	352	0.000109
345	364	0.000040
346	351	0.000108
346	363	0.000043
347	362	0.000043
348	361	0.000046
348	362	0.000003
349	360	0.000046
349	361	0.000003
350	359	0.000046
350	367	0.000004
350	368	0.012145
351	359	0.000005
351	367	0.031605
351	368	0.000001
352	358	0.000006
352	366	0.031867
353	365	0.031966
354	364	0.031951
355	362	0.000082
355	363	0.031802
356	361	0.000163
356	362	0.031717
356	363	0.000036
357	365	0.000003
358	364	0.000003
359	363	0.000003
381	386	0.000159
381	387	0.000006
381	388	0.000021
381	389	0.000068
382	387	0.000208
382	388	0.000133
383	390	0.000010
383	391	0.000001
384	390	0.000001
386	390	0.000005
386	391	0.000002
409	426	0.000151
409	427	0.309550
409	428	0.000362
409	429	0.000262
409	430	0.000105
410	426	0.898486
410	427	0.001419
410	428	0.000186
410	429	0.000073
410	430	0.000025
411	425	0.999765
412	424	0.999988
413	420	0.000001
413	423	0.999954
414	419	0.000006
414	422	0.999711
415	420	0.000569
415	421	0.990258
416	422	0.000017
417	421	0.000023
428	434	0.000038
428	436	0.000001
428	437	0.000010
428	442	0.000001
428	443	0.000003
429	433	0.000029
430	439	0.000002
431	436	0.000002
431	437	0.000008
431	442	0.000039
431	443	0.000144
432	439	0.000004
433	438	0.000003
433	441	0.000296
434	440	0.000324
435	439	0.000213
436	440	0.000001
436	445	0.000005
437	444	0.000062
438	442	0.000034
438	443	0.000295
438	583	0.000002
440	583	0.000007
444	581	0.000005
444	582	0.156485
444	583	0.837151
444	584	0.000129
445	580	0.000003
445	581	0.157684
445	582	0.842052
445	583	0.000138
446	579	0.000001
446	580	0.157747
446	581	0.841811
446	582	0.000100
447	579	0.189749
447	580	0.784894
448	577	0.000001
448	578	0.216131
449	576	0.000001
449	577	0.210391
449	578	0.781964
450	576	0.204424
450	577	0.789577
451	574	0.000047
451	576	0.794144
452	572	0.000018
452	573	0.000045
452	575	0.999363
453	570	0.000005
453	571	0.000019
453	574	0.999486
454	569	0.000006
454	572	0.000056
454	573	0.999869
455	569	0.000035
455	572	0.999049
455	573	0.000001
458	465	0.000031
458	567	0.935381
458	568	0.001432
458	570	0.002540
458	571	0.000030
459	464	0.000039
459	565	0.000007
459	566	0.996660
459	569	0.002019
460	565	0.997016
460	566	0.000085
460	569	0.000009
461	563	0.000805
461	564	0.989112
462	562	0.001412
463	562	0.017745
464	563	0.756788
464	564	0.000039
465	559	0.000013
465	562	0.757873
466	559	0.000289
466	562	0.002852
467	555	0.000004
467	559	0.000052
467	560	0.988229
467	561	0.002432
468	559	0.994054
469	553	0.000002
469	554	0.000001
469	556	0.000324
469	557	0.004971
469	558	0.988925
470	552	0.000002
470	554	0.000513
470	556	0.016704
470	557	0.970359
472	552	0.000051
472	553	0.943786
472	554	0.002826
472	556	0.000395
472	557	0.000010
473	550	0.000093
473	552	0.996343
473	554	0.000265
473	556	0.000182
474	549	0.000036
474	551	0.988221
474	555	0.000188
475	549	0.993086
476	548	0.999542
476	550	0.000123
476	552	0.000001
477	547	0.998058
477	549	0.000041
478	546	0.999378
478	547	0.000004
479	545	0.999980
480	544	0.999962
481	539	0.000368
481	543	0.999587
482	538	0.000438
482	541	0.000543
482	542	0.998780
483	537	0.000518
483	538	0.130823
483	541	0.866457
483	542	0.000022
484	489	0.000003
484	533	0.000001
484	534	0.000004
484	537	0.535426
484	538	0.008342
484	541	0.000038
485	535	0.007814
485	536	0.565374
485	539	0.195678
485	540	0.000529
486	532	0.000002
486	540	0.000195
487	533	0.000031
487	534	0.694855
487	537	0.012089
487	538	0.011827
488	533	0.725146
488	537	0.011019
488	538	0.000113
489	532	0.363845
489	540	0.000002
490	532	0.624414
491	529	0.000010
491	530	0.013106
491	531	0.986521
491	533	0.000029
492	528	0.000010
492	529	0.013164
492	530	0.986692
492	531	0.000089
493	528	0.013169
493	529	0.986666
493	530	0.000093
494	528	0.985468
494	529	0.000096
495	523	0.000011
495	524	0.684751
495	527	0.313298
496	523	0.983755
497	522	0.997187
497	525	0.000725
497	526	0.000066
498	508	0.000001
498	520	0.000011
498	521	0.999454
498	524	0.000494
499	507	0.000001
499	520	0.999333
499	521	0.000004
499	523	0.000392
500	506	0.000001
500	518	0.983558
501	517	0.980814
502	517	0.015899
503	515	0.983316
503	516	0.016271
504	514	0.984066
504	515	0.015901
505	513	0.983207
505	514	0.015348
506	510	0.000026
506	511	0.000263
506	512	0.969274
507	514	0.000062
508	513	0.000068
508	514	0.000001
514	521	0.000001
515	520	0.000001
527	537	0.000017
527	538	0.000002
528	536	0.000017
529	535	0.000017
529	536	0.000003
530	535	0.000003
531	539	0.000003
532	538	0.000004
533	539	0.000043
533	540	0.000004
534	540	0.000005
536	541	0.000003
550	555	0.000003
551	556	0.000005
555	563	0.000028
556	562	0.000028
557	561	0.000027
561	571	0.000059
562	570	0.000060
563	569	0.000060
564	572	0.000001
565	571	0.000001
609	619	0.000017
610	618	0.000017
611	617	0.000017
612	616	0.000011
620	625	0.000007
621	627	0.000003
621	704	0.000069
621	786	0.000002
622	628	0.000002
622	630	0.000054
622	634	0.000030
622	679	0.000001
622	681	0.000001
622	684	0.000006
622	703	0.000081
622	737	0.000007
622	785	0.000002
623	627	0.000001
623	629	0.000118
623	631	0.000015
623	632	0.000420
623	633	0.000097
623	676	0.000174
623	677	0.000024
623	678	0.000006
623	680	0.000001
623	683	0.000008
623	702	0.000085
623	705	0.000001
623	736	0.000009
623	784	0.000002
624	682	0.000008
624	701	0.000074
624	704	0.000001
624	735	0.000008
625	629	0.000028
625	631	0.003346
625	632	0.000042
625	633	0.000001
625	668	0.000002
625	674	0.003574
625	680	0.000005
625	734	0.000001
626	630	0.003317
626	635	0.000008
626	638	0.000010
626	667	0.000001
626	673	0.003677
626	679	0.000005
627	634	0.000011
627	637	0.000010
627	672	0.003677
628	632	0.000027
628	633	0.000021
628	664	0.000004
628	668	0.000025
628	670	0.000410
628	671	0.003574
628	676	0.000006
629	635	0.000010
629	663	0.000004
629	667	0.000022
629	669	0.000523
629	675	0.000006
630	662	0.000004
630	666	0.000005
630	668	0.000637
630	670	0.003564
630	674	0.000006
631	636	0.000002
631	667	0.000509
631	669	0.003553
631	673	0.000006
632	638	0.000001
632	667	0.000060
632	669	0.000014
633	638	0.000608
633	640	0.000001
633	663	0.000009
633	667	0.260223
634	666	0.822677
635	658	0.000001
635	662	0.000086
635	664	0.000599
635	665	0.885498
635	666	0.000386
635	668	0.000002
636	657	0.000001
636	661	0.000040
636	662	0.000183
636	664	0.887230
636	665	0.000479
636	666	0.000003
637	656	0.000001
637	666	0.001429
638	661	0.000006
638	662	0.908670
638	664	0.001092
638	665	0.001503
639	666	0.000003
640	653	0.000002
640	661	0.998681
640	662	0.000412
640	664	0.000013
641	652	0.000002
641	660	0.999929
641	663	0.000011
642	651	0.000002
642	659	0.999952
642	662	0.000004
643	650	0.000002
643	658	0.999986
643	661	0.000002
644	657	0.999983
645	656	0.999498
646	655	0.999190
647	653	0.000037
647	654	0.999888
648	653	0.990947
648	654	0.000013
671	695	0.000001
672	694	0.000002
672	699	0.000001
673	693	0.000002
673	696	0.000003
673	698	0.000002
674	691	0.000002
674	695	0.000003
675	680	0.000003
675	690	0.000005
675	693	0.000012
675	694	0.000004
675	696	0.001287
675	698	0.000004
675	751	0.000002
675	814	0.000001
676	689	0.000006
676	691	0.000006
676	695	0.001288
676	750	0.000002
676	813	0.000001
677	691	0.000017
677	695	0.000001
677	748	0.000001
678	687	0.000017
678	689	0.000043
678	691	0.001769
679	683	0.000004
679	686	0.000040
679	688	0.000071
679	690	0.001816
679	693	0.000003
679	696	0.001137
679	705	0.000002
679	706	0.000006
679	730	0.000001
679	746	0.000008
679	814	0.000004
679	825	0.000004
680	687	0.000074
680	689	0.001824
680	691	0.000024
680	695	0.001141
680	729	0.000001
680	745	0.000008
680	813	0.000004
680	824	0.000004
681	688	0.001892
681	690	0.000032
681	694	0.001123
681	699	0.000017
681	701	0.000105
681	704	0.000859
681	707	0.000010
681	733	0.000004
681	744	0.000008
681	786	0.000002
681	790	0.000003
681	810	0.000002
682	687	0.001703
682	689	0.000029
682	691	0.000001
682	692	0.003505
682	697	0.000003
682	700	0.000177
682	703	0.001609
682	708	0.000013
682	709	0.000012
682	710	0.000004
682	711	0.002063
682	731	0.000004
682	732	0.000006
682	737	0.000004
682	743	0.000009
682	785	0.000002
682	792	0.002136
682	793	0.000004
682	801	0.000001
682	802	0.000001
682	811	0.000002
682	813	0.000001
682	823	0.000001
683	687	0.000017
683	689	0.000223
683	691	0.003992
683	695	0.000050
683	710	0.002460
683	729	0.000002
683	742	0.000009
683	785	0.000018
683	791	0.002455
683	805	0.000009
683	813	0.000020
683	824	0.000015
683	884	0.000001
684	688	0.000179
684	690	0.003492
684	694	0.000046
684	699	0.000666
684	701	0.003324
684	704	0.000131
684	707	0.000058
684	733	0.000004
684	735	0.000007
684	741	0.000008
684	752	0.000003
684	753	0.000017
684	786	0.000002
684	788	0.000007
684	789	0.000011
684	790	0.002311
684	795	0.000002
684	796	0.000008
684	797	0.000010
684	798	0.000006
684	800	0.000003
684	804	0.000009
684	807	0.000092
684	809	0.000003
684	810	0.000015
684	816	0.000013
685	690	0.000012
685	694	0.000008
685	699	0.011735
685	701	0.000922
685	704	0.000086
685	707	0.000413
685	733	0.000003
685	735	0.000004
685	752	0.000047
685	753	0.000010
685	786	0.000970
685	788	0.000009
685	789	0.001278
685	790	0.000006
685	795	0.000008
685	796	0.000011
685	797	0.000006
685	798	0.000001
685	800	0.000002
685	804	0.000001
685	806	0.000119
685	809	0.000013
685	810	0.000004
685	816	0.000222
686	691	0.000067
686	695	0.000181
686	710	0.000138
686	713	0.000040
686	729	0.000005
686	750	0.000053
686	782	0.000002
686	785	0.001118
686	791	0.000015
686	805	0.000122
686	813	0.002073
686	824	0.000036
687	693	0.000253
687	694	0.000108
687	696	0.001750
687	698	0.830329
687	699	0.000805
687	701	0.005133
687	702	0.002200
687	704	0.001064
687	705	0.002122
687	706	0.018097
687	707	0.000076
687	712	0.000066
687	720	0.000002
687	723	0.000001
687	728	0.000001
687	730	0.000013
687	733	0.000008
687	734	0.000010
687	736	0.000014
687	738	0.001690
687	739	0.000009
687	740	0.000002
687	749	0.000055
687	751	0.003472
687	752	0.000002
687	783	0.000011
687	784	0.000730
687	787	0.000030
687	788	0.000001
687	790	0.000006
687	794	0.000062
687	799	0.000002
687	803	0.000102
687	804	0.000018
687	812	0.002152
687	814	0.009514
687	815	0.000045
687	817	0.000002
687	818	0.000002
687	819	0.000002
687	820	0.000003
687	821	0.000002
687	822	0.000004
687	825	0.000020
687	826	0.000005
687	827	0.000005
687	828	0.000012
688	692	0.000207
688	695	0.001687
688	697	0.833001
688	700	0.005830
688	703	0.001236
688	708	0.000084
688	709	0.000014
688	710	0.000002
688	711	0.000067
688	729	0.000007
688	731	0.000130
688	732	0.000007
688	737	0.002310
688	748	0.000055
688	750	0.003476
688	782	0.000002
688	785	0.000006
688	793	0.000059
688	802	0.000099
688	811	0.002043
688	813	0.009603
688	823	0.000003
688	824	0.000018
689	693	0.000031
689	694	0.000520
689	696	0.833835
689	698	0.063184
689	699	0.000314
689	701	0.000077
689	702	0.001180
689	704	0.033976
689	705	0.000863
689	706	0.000212
689	707	0.000074
689	712	0.000004
689	717	0.000006
689	728	0.000003
689	730	0.000163
689	734	0.000001
689	735	0.000001
689	736	0.002522
689	738	0.000073
689	747	0.000054
689	749	0.003486
689	751	0.000204
689	783	0.000028
689	784	0.000006
689	788	0.000007
689	789	0.000008
689	790	0.000002
689	794	0.000003
689	803	0.000018
689	808	0.000002
689	809	0.000006
689	810	0.001043
689	812	0.009717
689	814	0.000022
689	818	0.000002
689	819	0.000002
689	822	0.000003
689	825	0.000002
689	826	0.000008
689	827	0.000010
689	828	0.000005
690	695	0.766625
690	697	0.063765
690	700	0.000216
690	703	0.038357
690	708	0.000003
690	709	0.000030
690	711	0.000004
690	729	0.000161
690	731	0.000003
690	737	0.000113
690	748	0.003479
690	750	0.000205
690	782	0.000002
690	785	0.000001
690	793	0.000003
690	802	0.000018
690	811	0.009663
690	813	0.000022
690	823	0.000004
690	824	0.000002
691	696	0.063339
691	698	0.000175
691	699	0.000195
691	701	0.000002
691	702	0.039258
691	705	0.000450
691	706	0.000058
691	707	0.000003
691	712	0.000001
691	716	0.000017
691	728	0.000161
691	730	0.000003
691	734	0.002634
691	736	0.000127
691	747	0.003439
691	749	0.000205
691	783	0.000002
691	784	0.000002
691	787	0.000463
691	799	0.000046
691	807	0.000446
691	808	0.000446
691	809	0.000003
691	810	0.009306
691	812	0.000021
691	817	0.000008
691	818	0.000001
691	821	0.000001
691	822	0.000004
691	825	0.000018
691	826	0.000014
691	827	0.000001
692	699	0.000361
692	701	0.037824
692	704	0.000440
692	707	0.000002
692	715	0.000017
692	727	0.000140
692	733	0.002574
692	735	0.000122
692	786	0.000467
692	798	0.000043
692	806	0.000618
692	807	0.000310
692	809	0.008102
692	810	0.000003
692	816	0.000007
693	710	0.000172
693	714	0.000017
693	725	0.000070
693	748	0.000197
693	785	0.000466
693	805	0.000757
693	824	0.000081
694	700	0.001536
694	703	0.001156
694	708	0.000010
694	709	0.000174
694	711	0.000001
694	713	0.000017
694	724	0.000070
694	731	0.002754
694	732	0.000003
694	737	0.000006
694	801	0.000004
694	802	0.000007
694	805	0.000009
694	823	0.000082
694	887	0.000002
695	699	0.001110
695	701	0.000012
695	702	0.001312
695	704	0.000007
695	705	0.000013
695	706	0.000029
695	707	0.000011
695	712	0.000018
695	723	0.000068
695	730	0.002831
695	736	0.000007
695	746	0.003746
695	783	0.000248
695	784	0.000008
695	786	0.000008
695	787	0.000004
695	794	0.000002
695	795	0.000001
695	796	0.000001
695	797	0.000001
695	799	0.000004
695	800	0.000004
695	803	0.000190
695	804	0.000006
695	806	0.004253
695	807	0.000003
695	808	0.000019
695	814	0.000030
695	822	0.000080
695	825	0.000030
695	843	0.000001
695	886	0.000005
696	710	0.000019
696	729	0.002676
696	745	0.003753
696	782	0.000195
696	785	0.000010
696	791	0.000004
696	805	0.004321
696	813	0.000030
696	824	0.000030
696	842	0.000001
696	885	0.000005
697	701	0.000034
697	704	0.000026
697	707	0.000006
697	715	0.000008
697	721	0.000005
697	722	0.000006
697	727	0.000021
697	744	0.003750
697	786	0.000010
697	790	0.000004
697	795	0.000002
697	796	0.000002
697	797	0.000002
697	798	0.000002
697	800	0.000015
697	804	0.003768
697	806	0.000033
698	710	0.000366
698	714	0.000011
698	743	0.003750
698	785	0.000011
698	805	0.000034
698	824	0.000002
698	884	0.000001
699	703	0.000401
699	708	0.010849
699	709	0.000565
699	710	0.000101
699	711	0.000059
699	713	0.000014
699	729	0.000008
699	731	0.000039
699	732	0.000018
699	737	0.000004
699	742	0.003680
699	785	0.000001
699	791	0.000019
699	792	0.000010
699	793	0.000160
699	801	0.000427
699	802	0.000266
699	811	0.000022
699	813	0.000002
699	823	0.000004
699	824	0.000002
700	704	0.000206
700	707	0.010959
700	715	0.000010
700	718	0.000003
700	719	0.000003
700	727	0.000058
700	733	0.000020
700	735	0.000002
700	741	0.003153
700	744	0.000002
700	786	0.000006
700	788	0.000001
700	789	0.000004
700	790	0.000043
700	795	0.000075
700	796	0.000323
700	797	0.000335
700	798	0.000142
700	800	0.000435
700	804	0.000002
700	809	0.000002
700	810	0.000023
700	816	0.000001
701	708	0.000570
701	709	0.000202
701	710	0.000094
701	711	0.027222
701	714	0.000013
701	726	0.000042
701	729	0.000134
701	731	0.000038
701	732	0.000020
701	737	0.000014
701	743	0.000003
701	785	0.000006
701	792	0.018939
701	793	0.000087
701	801	0.000008
701	802	0.000011
701	811	0.000001
701	813	0.000001
701	823	0.000001
702	710	0.032840
702	713	0.000058
702	725	0.000037
702	729	0.000369
702	742	0.000018
702	785	0.000018
702	791	0.021775
702	805	0.000010
702	813	0.000019
702	824	0.000013
703	707	0.000345
703	715	0.000006
703	727	0.004333
703	733	0.000039
703	735	0.000021
703	741	0.000020
703	786	0.000008
703	788	0.000002
703	789	0.000017
703	790	0.021489
703	795	0.000150
703	796	0.000121
703	797	0.000108
703	798	0.000075
703	800	0.000012
703	804	0.000010
703	809	0.000002
703	810	0.000003
703	816	0.000002
704	708	0.000727
704	709	0.000858
704	710	0.000070
704	711	0.024092
704	714	0.000004
704	726	0.005031
704	731	0.000018
704	732	0.000040
704	737	0.000180
704	785	0.000007
704	791	0.000027
704	792	0.031982
704	793	0.000767
704	801	0.000002
704	802	0.000001
704	811	0.000001
704	813	0.000002
704	823	0.000001
705	710	0.028719
705	713	0.000008
705	714	0.000114
705	725	0.005141
705	785	0.000010
705	791	0.036127
705	813	0.000086
705	824	0.000006
705	885	0.000010
706	710	0.001337
706	713	0.000130
706	714	0.000001
706	724	0.005134
706	725	0.000001
706	729	0.000002
706	785	0.000029
706	791	0.035864
706	813	0.000068
706	824	0.000091
706	884	0.000010
707	711	0.000074
707	713	0.000002
707	724	0.000001
707	731	0.000196
707	732	0.000259
707	737	0.006610
707	785	0.000002
707	791	0.001142
707	792	0.000100
707	793	0.000036
707	801	0.000026
707	802	0.000011
707	811	0.000716
707	813	0.000002
707	823	0.000085
707	824	0.000002
708	719	0.000028
708	722	0.004564
708	733	0.000563
708	735	0.000326
708	786	0.000002
708	788	0.000171
708	789	0.231781
708	790	0.001897
708	795	0.000002
708	796	0.000064
708	797	0.000004
708	798	0.000012
708	800	0.000019
708	809	0.000002
708	810	0.000853
708	816	0.000003
709	718	0.000034
709	721	0.005111
709	733	0.001423
709	735	0.173366
709	786	0.000001
709	788	0.297401
709	789	0.001075
709	790	0.000036
709	795	0.000079
709	796	0.000004
709	797	0.000015
709	798	0.000004
709	800	0.000372
709	804	0.000011
709	809	0.000859
709	810	0.000006
709	816	0.000144
709	829	0.000013
709	832	0.000001
709	837	0.000002
710	717	0.000034
710	720	0.005123
710	722	0.000002
710	723	0.000022
710	728	0.000006
710	730	0.196065
710	733	0.000362
710	734	0.194151
710	735	0.000013
710	736	0.012221
710	783	0.000048
710	784	0.000097
710	787	0.306083
710	788	0.000031
710	789	0.000022
710	790	0.000003
710	794	0.000080
710	795	0.000003
710	796	0.000015
710	797	0.000005
710	798	0.000002
710	799	0.000404
710	803	0.000014
710	807	0.000002
710	808	0.000814
710	809	0.000004
710	810	0.000007
710	812	0.000014
710	814	0.000011
710	815	0.000163
710	817	0.000118
710	818	0.000016
710	819	0.000016
710	820	0.000021
710	821	0.000011
710	822	0.000023
710	825	0.000006
710	826	0.000010
710	827	0.000010
710	828	0.000023
710	830	0.000001
710	831	0.000001
710	833	0.000001
710	836	0.000002
710	886	0.000042
711	718	0.000022
711	719	0.004751
711	721	0.000002
711	722	0.000021
711	727	0.000005
711	733	0.190940
711	735	0.012155
711	786	0.305564
711	788	0.000018
711	789	0.000003
711	795	0.000013
711	796	0.000004
711	797	0.000003
711	798	0.000345
711	806	0.000026
711	807	0.000645
711	809	0.000006
711	810	0.000001
711	816	0.000102
711	829	0.000001
712	724	0.000005
712	729	0.676036
712	785	0.303046
712	805	0.000047
712	813	0.000002
713	717	0.001029
713	718	0.000065
713	719	0.000002
713	720	0.000023
713	721	0.000005
713	723	0.000007
713	727	0.000001
713	728	0.722319
713	730	0.000044
713	734	0.000004
713	736	0.000001
713	783	0.000037
713	784	0.270038
713	804	0.000020
714	718	0.000008
714	719	0.000020
714	720	0.000013
714	722	0.000006
714	723	0.000025
714	727	0.739117
714	728	0.001370
714	730	0.000137
714	733	0.000003
714	734	0.000002
714	736	0.000003
714	783	0.249585
714	784	0.000002
714	803	0.000020
715	724	0.000006
715	725	0.000060
715	726	0.907416
715	729	0.000097
715	731	0.000047
715	732	0.000006
715	737	0.000001
715	782	0.022046
715	802	0.000014
716	724	0.000169
716	725	0.944847
716	729	0.000497
716	781	0.014334
716	782	0.000264
717	724	0.943332
717	725	0.000469
717	729	0.000125
717	780	0.013589
717	781	0.000148
717	782	0.000002
718	724	0.000458
718	725	0.000013
718	726	0.000305
718	729	0.000005
718	731	0.000007
718	732	0.000019
718	737	0.000003
718	763	0.000003
718	776	0.000004
718	779	0.011366
718	780	0.000025
719	724	0.000019
719	725	0.000348
719	726	0.002871
719	731	0.000023
719	732	0.000002
719	737	0.000007
719	762	0.000010
719	775	0.000009
719	776	0.006777
719	779	0.000024
720	724	0.000382
720	725	0.003196
720	729	0.000049
720	760	0.000001
720	761	0.000011
720	774	0.000009
720	775	0.007237
721	725	0.000002
721	726	0.000003
721	729	0.000001
721	731	0.000033
721	732	0.000102
721	737	0.000071
721	759	0.000001
721	760	0.000011
721	774	0.006953
721	775	0.000002
721	776	0.001233
721	779	0.000002
721	793	0.000005
722	726	0.000001
722	729	0.000003
722	731	0.000131
722	732	0.000011
722	737	0.001253
722	759	0.000010
722	774	0.000004
722	775	0.001262
722	776	0.000030
722	779	0.000008
722	792	0.000007
723	729	0.000352
723	742	0.000002
723	748	0.000007
723	772	0.007188
723	774	0.001259
723	775	0.000031
723	785	0.000009
723	791	0.000007
724	728	0.000329
724	730	0.000464
724	733	0.000009
724	734	0.000112
724	735	0.023405
724	736	0.003352
724	738	0.000079
724	739	0.000173
724	740	0.000307
724	741	0.000006
724	747	0.000010
724	754	0.000005
724	755	0.000111
724	770	0.000014
724	771	0.007176
724	773	0.001101
724	777	0.000003
724	778	0.001790
724	784	0.000013
724	788	0.000003
724	790	0.000005
724	795	0.000003
724	799	0.000003
724	800	0.000003
724	818	0.000011
725	730	0.000127
725	733	0.000061
725	734	0.030555
725	735	0.000132
725	736	0.001528
725	738	0.000173
725	739	0.000307
725	740	0.000008
725	746	0.000010
725	747	0.000001
725	753	0.000006
725	754	0.000116
725	769	0.000023
725	770	0.006936
725	771	0.000120
725	773	0.000007
725	777	0.001788
725	783	0.000012
725	787	0.000005
725	789	0.000005
725	794	0.000003
725	798	0.000003
725	799	0.000003
725	817	0.000011
726	733	0.030037
726	735	0.001542
726	744	0.000026
726	752	0.000008
726	753	0.000114
726	786	0.000004
726	788	0.000004
726	797	0.000003
726	798	0.000003
726	816	0.000010
727	731	0.000129
727	732	0.025248
727	737	0.000090
727	743	0.000027
727	748	0.000001
727	768	0.000495
727	775	0.001360
727	776	0.000049
727	785	0.000003
727	792	0.000012
728	742	0.000030
728	743	0.000005
728	745	0.000039
728	748	0.000013
728	750	0.000141
728	766	0.000001
728	772	0.000074
728	774	0.001758
728	775	0.000028
728	785	0.000008
728	791	0.000016
728	813	0.000002
729	733	0.000096
729	734	0.002870
729	735	0.000191
729	736	0.004756
729	738	0.000170
729	739	0.000003
729	740	0.000004
729	741	0.000018
729	744	0.000042
729	746	0.005431
729	747	0.000061
729	749	0.000161
729	751	0.000007
729	767	0.001116
729	769	0.000001
729	771	0.000074
729	773	0.001782
729	783	0.000070
729	784	0.000021
729	786	0.000005
729	787	0.000003
729	790	0.000015
729	794	0.000007
729	799	0.000001
729	806	0.000001
729	812	0.000003
729	814	0.000071
729	825	0.000159
729	886	0.000014
730	742	0.000020
730	743	0.000041
730	745	0.005471
730	748	0.000160
730	750	0.000007
730	766	0.001118
730	772	0.001764
730	782	0.000040
730	785	0.000013
730	791	0.009738
730	805	0.000003
730	813	0.000081
730	824	0.000172
730	884	0.000001
730	885	0.000014
731	735	0.000349
731	741	0.000021
731	744	0.003038
731	765	0.001040
731	786	0.000024
731	788	0.000074
731	789	0.000482
731	790	0.010548
731	795	0.000001
731	796	0.000054
731	797	0.000009
731	798	0.000005
731	804	0.000003
731	810	0.000006
731	816	0.000001
732	741	0.000020
732	744	0.002535
732	765	0.000006
732	786	0.000370
732	788	0.000537
732	789	0.010110
732	790	0.000103
732	795	0.000065
732	796	0.000010
732	797	0.000006
732	809	0.000005
732	810	0.000001
732	816	0.000001
733	737	0.000253
733	742	0.000036
733	743	0.004880
733	745	0.000002
733	761	0.000006
733	762	0.000607
733	763	0.000072
733	776	0.000003
733	785	0.000357
733	792	0.000054
733	793	0.000006
733	885	0.000003
734	742	0.004970
734	743	0.000232
734	745	0.000006
734	748	0.000001
734	760	0.000007
734	761	0.000652
734	775	0.000003
734	782	0.000004
734	785	0.000864
734	791	0.000061
734	813	0.000005
734	824	0.000028
734	884	0.000005
734	885	0.000002
735	742	0.000164
735	743	0.000257
735	759	0.000006
735	760	0.000642
735	761	0.000005
735	762	0.000141
735	763	0.000023
735	774	0.000001
735	776	0.000010
735	782	0.000002
735	785	0.001248
735	792	0.001267
735	793	0.000002
735	823	0.000026
735	884	0.000002
735	885	0.000004
736	742	0.000358
736	743	0.000016
736	745	0.000299
736	759	0.000630
736	760	0.000010
736	761	0.000141
736	766	0.000001
736	774	0.000004
736	775	0.000013
736	782	0.000021
736	785	0.009553
736	791	0.001439
736	805	0.000002
736	813	0.000009
736	824	0.000011
736	884	0.000008
737	741	0.000240
737	744	0.000307
737	756	0.000001
737	757	0.000034
737	765	0.000001
737	786	0.000084
737	788	0.000026
737	789	0.000012
737	790	0.001412
737	804	0.000002
737	810	0.000001
737	816	0.000001
738	742	0.000003
738	743	0.000306
738	759	0.000007
738	760	0.000152
738	761	0.000235
738	772	0.000026
738	774	0.000019
738	775	0.000429
738	781	0.000096
738	782	0.959139
738	785	0.000027
738	885	0.000002
739	759	0.000151
739	760	0.000239
739	761	0.000012
739	772	0.000019
739	774	0.000438
739	775	0.000110
739	780	0.000054
739	781	0.979438
739	782	0.000014
739	884	0.000002
740	745	0.000002
740	759	0.000239
740	760	0.000012
740	772	0.000644
740	774	0.000111
740	775	0.000002
740	780	0.982144
740	781	0.000008
741	759	0.000012
741	772	0.000072
741	774	0.000002
741	779	0.983168
741	780	0.000002
742	747	0.000003
742	749	0.000002
742	751	0.000001
742	752	0.000422
742	753	0.000002
742	754	0.000029
742	755	0.000568
742	756	0.000020
742	758	0.000013
742	770	0.003528
742	771	0.000112
742	778	0.985183
743	749	0.000002
743	751	0.000441
743	752	0.000001
743	753	0.000022
743	754	0.000568
743	755	0.000021
743	757	0.000010
743	764	0.000001
743	769	0.003680
743	770	0.000082
743	773	0.000003
743	777	0.985165
743	778	0.000004
744	748	0.000002
744	750	0.000440
744	763	0.000001
744	768	0.003709
744	772	0.000003
744	774	0.000046
744	775	0.000005
744	776	0.978700
745	749	0.000399
745	751	0.000618
745	752	0.000011
745	754	0.000003
745	755	0.000002
745	767	0.003678
745	769	0.000047
745	770	0.000004
745	771	0.000004
745	773	0.000241
745	777	0.000009
746	750	0.000611
746	760	0.000004
746	761	0.000003
746	766	0.003524
746	772	0.000238
746	774	0.004963
746	775	0.977817
747	759	0.000004
747	760	0.000003
747	761	0.000006
747	766	0.000140
747	772	0.003909
747	774	0.979832
747	775	0.000004
748	758	0.000004
748	764	0.001105
748	765	0.000264
748	767	0.007504
748	769	0.000277
748	770	0.000025
748	771	0.003265
748	773	0.979840
749	759	0.000008
749	761	0.000005
749	766	0.007803
749	772	0.977988
749	774	0.000007
750	754	0.000042
750	755	0.000154
750	756	0.000008
750	757	0.000012
750	758	0.000075
750	764	0.006549
750	765	0.008961
750	767	0.478595
750	769	0.000407
750	770	0.001482
750	771	0.482962
750	773	0.000016
751	759	0.000026
751	760	0.000103
751	761	0.000267
751	766	0.570440
751	772	0.000017
752	759	0.000094
752	760	0.000244
752	761	0.000056
752	762	0.013779
752	763	0.712915
752	766	0.000895
752	768	0.002784
753	759	0.000177
753	760	0.000079
753	761	0.014430
753	762	0.918066
753	763	0.001324
753	766	0.000063
753	768	0.001139
753	776	0.000081
754	759	0.000112
754	760	0.014880
754	761	0.928747
754	766	0.000118
754	774	0.000001
754	775	0.000101
755	759	0.014795
755	760	0.927256
755	761	0.000102
755	766	0.001414
755	774	0.000100
755	775	0.000019
756	760	0.000091
756	761	0.000003
756	762	0.000020
756	763	0.000041
756	766	0.000038
756	768	0.000182
756	774	0.000020
756	776	0.000003
757	761	0.000017
757	762	0.000037
757	763	0.000019
757	766	0.000045
757	768	0.000037
757	775	0.000003
758	766	0.002034
758	772	0.001359
758	774	0.000003
759	764	0.000724
759	765	0.002046
759	767	0.000021
759	769	0.000032
759	770	0.036213
759	771	0.007444
759	773	0.000003
759	778	0.000013
759	819	0.000001
759	822	0.000002
759	828	0.000002
760	764	0.001963
760	765	0.000005
760	767	0.000114
760	769	0.036250
760	770	0.008817
760	771	0.000125
760	777	0.000013
760	778	0.000012
760	818	0.000001
760	821	0.000002
760	827	0.000002
761	765	0.000007
761	767	0.001619
761	769	0.008782
761	770	0.000162
761	777	0.000012
761	778	0.000001
761	817	0.000001
761	820	0.000002
761	826	0.000002
763	849	0.000001
764	774	0.000002
764	775	0.002248
764	780	0.000010
764	848	0.000001
765	774	0.002283
765	779	0.000010
765	844	0.000015
765	887	0.000001
766	770	0.000434
766	771	0.000293
766	773	0.002382
766	778	0.000010
766	843	0.000019
766	886	0.000002
767	772	0.002378
767	842	0.000019
767	885	0.000002
768	841	0.000017
769	775	0.000020
769	782	0.000008
769	882	0.000002
770	774	0.000020
770	775	0.000002
770	781	0.000008
770	859	0.000001
770	881	0.000002
771	780	0.000010
771	782	0.000001
771	791	0.000001
771	858	0.000003
771	865	0.000021
771	880	0.000002
772	783	0.000016
772	786	0.000033
772	787	0.000002
772	790	0.000001
772	814	0.000007
772	819	0.000015
772	820	0.000016
772	821	0.000004
772	822	0.000020
772	825	0.000080
772	827	0.000002
772	828	0.000005
772	833	0.000042
772	834	0.000002
772	835	0.000024
772	836	0.000042
772	843	0.000009
772	849	0.000001
772	857	0.000003
772	864	0.000020
772	879	0.000002
772	886	0.000017
773	780	0.000003
773	782	0.000016
773	785	0.000039
773	813	0.000007
773	824	0.000081
773	842	0.000009
773	848	0.000001
773	856	0.000003
773	876	0.000001
773	878	0.000002
773	885	0.000016
774	784	0.000042
774	788	0.000003
774	812	0.000007
774	818	0.000078
774	819	0.000016
774	820	0.000029
774	821	0.000042
774	822	0.000140
774	826	0.000017
774	827	0.000004
774	828	0.000002
774	831	0.000137
774	834	0.000134
774	835	0.000002
774	840	0.000004
774	841	0.000003
774	847	0.000001
774	855	0.000003
774	862	0.000026
774	875	0.000002
775	783	0.000042
775	787	0.000003
775	817	0.000078
775	818	0.000016
775	819	0.000030
775	820	0.000042
775	821	0.000140
775	822	0.000001
775	825	0.000017
775	826	0.000003
775	827	0.000002
775	830	0.000137
775	833	0.000134
775	834	0.000001
775	839	0.000004
775	840	0.000003
775	846	0.000001
775	854	0.000003
775	861	0.000028
775	874	0.000002
776	786	0.000003
776	816	0.000048
776	829	0.000135
776	832	0.000131
776	838	0.000004
776	860	0.000028
776	873	0.000002
777	781	0.000004
777	782	0.000015
777	785	0.000003
777	824	0.000007
777	859	0.000028
777	872	0.000002
777	885	0.000011
778	791	0.000009
778	824	0.000002
778	842	0.000001
778	858	0.000028
778	884	0.000012
779	790	0.000009
779	796	0.000002
779	809	0.000008
779	816	0.000015
779	829	0.000075
779	837	0.000004
779	841	0.000001
779	857	0.000024
780	789	0.000009
780	795	0.000002
780	808	0.000008
780	815	0.000017
780	816	0.000942
780	817	0.000095
780	818	0.000022
780	819	0.000583
780	820	0.000083
780	821	0.000018
780	822	0.000011
780	827	0.000436
780	828	0.000065
780	836	0.000004
780	855	0.000008
781	787	0.000001
781	788	0.000009
781	794	0.000003
781	807	0.000008
781	814	0.000014
781	815	0.002767
781	816	0.000077
781	817	0.000023
781	818	0.000644
781	819	0.000090
781	820	0.000020
781	821	0.000012
781	826	0.000529
781	827	0.000050
781	835	0.000004
781	854	0.000008
781	855	0.000007
782	787	0.000015
782	789	0.000001
782	794	0.000001
782	806	0.000014
782	812	0.000001
782	814	0.004397
782	815	0.000711
782	816	0.000011
782	817	0.000703
782	818	0.000096
782	819	0.000023
782	820	0.000012
782	825	0.000622
782	826	0.000034
782	834	0.000004
782	853	0.000008
782	854	0.000006
782	886	0.000217
783	791	0.000098
783	805	0.000059
783	813	0.003129
783	824	0.000669
783	885	0.000277
784	791	0.004176
784	805	0.000053
784	813	0.175828
784	824	0.000017
784	884	0.000276
785	789	0.000039
785	790	0.003554
785	794	0.004443
785	795	0.000004
785	796	0.000008
785	797	0.000006
785	798	0.000005
785	799	0.000098
785	800	0.000003
785	803	0.002774
785	804	0.000042
785	806	0.000001
785	808	0.000009
785	809	0.000010
785	810	0.000005
785	812	0.200496
785	814	0.053830
785	815	0.001634
785	816	0.000007
785	817	0.000089
785	818	0.000010
785	819	0.000004
785	820	0.000003
785	821	0.000003
785	822	0.000019
785	825	0.000042
785	826	0.000012
785	827	0.000004
785	828	0.000006
785	851	0.000002
785	883	0.000026
785	886	0.000129
786	791	0.000010
786	792	0.000916
786	793	0.003822
786	801	0.000004
786	802	0.002568
786	805	0.000002
786	811	0.187169
786	813	0.052089
786	824	0.000031
786	850	0.000002
786	882	0.000017
786	885	0.000127
787	791	0.001262
787	805	0.000023
787	813	0.002876
787	824	0.000025
787	881	0.000014
787	884	0.000126
788	792	0.000019
788	793	0.000013
788	801	0.000240
788	802	0.001835
788	805	0.000001
788	811	0.047529
788	813	0.000055
788	823	0.000023
788	880	0.000012
789	793	0.000009
789	801	0.002091
789	802	0.001749
789	805	0.000001
789	811	0.001519
789	813	0.000013
789	824	0.000004
789	887	0.000002
790	801	0.002858
790	802	0.000084
790	805	0.000001
790	811	0.000496
790	813	0.000058
790	823	0.000010
790	887	0.000006
791	795	0.000013
791	796	0.000051
791	797	0.000214
791	798	0.000494
791	799	0.035803
791	800	0.001471
791	803	0.000155
791	804	0.000004
791	806	0.000004
791	807	0.000027
791	808	0.692828
791	809	0.000029
791	810	0.000110
791	812	0.000045
791	814	0.000002
791	815	0.000002
791	817	0.000008
791	822	0.000009
791	825	0.000001
791	826	0.000001
791	827	0.000002
791	886	0.000003
792	796	0.000201
792	797	0.000619
792	798	0.035184
792	800	0.000158
792	804	0.000023
792	806	0.000021
792	807	0.696312
792	809	0.000080
792	810	0.000015
792	816	0.000008
793	797	0.020537
793	798	0.000284
793	800	0.000501
793	804	0.000105
793	806	0.697621
793	807	0.000007
793	809	0.000012
793	810	0.000004
793	873	0.000002
793	879	0.000004
794	805	0.697675
794	813	0.000014
794	824	0.000050
794	872	0.000003
794	878	0.000004
795	801	0.001808
795	802	0.012432
795	805	0.000076
795	811	0.000004
795	823	0.000047
795	824	0.000001
795	871	0.000003
795	877	0.000004
796	801	0.015483
796	802	0.010598
796	805	0.000068
796	811	0.000005
796	813	0.000001
796	823	0.000001
796	870	0.000003
796	876	0.000004
797	801	0.007944
797	802	0.025515
797	805	0.000021
797	811	0.000004
797	813	0.000001
797	869	0.000002
798	802	0.000539
798	805	0.000010
798	811	0.000001
798	813	0.000012
799	805	0.000419
799	813	0.000034
799	824	0.000005
799	872	0.000001
800	805	0.000014
800	811	0.000569
800	813	0.000002
800	823	0.000004
800	871	0.000001
801	806	0.000009
801	807	0.000022
801	809	0.000006
801	810	0.000645
801	816	0.000016
802	806	0.000017
802	807	0.000009
802	809	0.000501
802	810	0.000007
802	816	0.000008
802	873	0.000001
803	813	0.000305
803	824	0.001388
803	872	0.000001
804	811	0.000203
804	813	0.005348
804	823	0.001405
804	869	0.000004
804	887	0.000004
805	809	0.000003
805	810	0.000225
805	812	0.013937
805	814	0.000508
805	815	0.000018
805	817	0.000010
805	818	0.000003
805	819	0.000002
805	820	0.000002
805	821	0.000005
805	822	0.001388
805	825	0.000060
805	826	0.000002
805	827	0.000004
805	828	0.000002
805	868	0.000006
805	886	0.000006
806	811	0.013248
806	813	0.000479
806	824	0.000059
806	867	0.000006
806	885	0.000004
807	811	0.000010
807	813	0.000006
807	823	0.000046
807	866	0.000006
807	884	0.000003
808	813	0.000097
808	824	0.000018
808	865	0.000006
809	813	0.000064
809	823	0.000027
809	824	0.000032
809	887	0.000026
810	823	0.000045
810	824	0.000010
810	850	0.000005
810	887	0.000096
811	816	0.000065
811	829	0.000010
811	849	0.000006
811	862	0.000003
812	824	0.000866
812	848	0.000006
812	884	0.000195
812	885	0.000002
813	817	0.000293
813	818	0.000613
813	819	0.000488
813	820	0.000772
813	821	0.000226
813	822	0.000969
813	825	0.044459
813	826	0.002896
813	827	0.000207
813	828	0.000355
813	843	0.000007
813	847	0.000006
813	860	0.000004
813	883	0.000195
813	886	0.380205
814	824	0.041560
814	842	0.000007
814	859	0.000004
814	882	0.000192
814	884	0.000006
814	885	0.380807
815	824	0.015733
815	858	0.000004
815	881	0.000187
815	884	0.380146
815	885	0.000065
816	823	0.017531
816	824	0.000060
816	880	0.000161
816	882	0.000361
816	884	0.000100
816	885	0.000013
816	887	0.000080
817	824	0.000974
817	856	0.000001
817	878	0.000002
817	880	0.000014
817	881	0.000373
817	882	0.161681
817	884	0.000046
817	885	0.000974
818	824	0.000776
818	878	0.000057
818	880	0.000373
818	881	0.161619
818	882	0.003728
818	884	0.001013
818	885	0.002347
819	824	0.000919
819	876	0.000001
819	878	0.000021
819	880	0.161235
819	881	0.003902
819	882	0.000258
819	884	0.002472
819	885	0.011384
820	824	0.000253
820	876	0.000004
820	878	0.095605
820	880	0.004067
820	881	0.000241
820	882	0.001232
820	884	0.011537
820	885	0.023225
821	842	0.000001
821	859	0.000003
821	876	0.000268
821	878	0.061966
821	880	0.000222
821	881	0.001264
821	882	0.000003
821	884	0.023025
821	885	0.238854
822	842	0.000374
822	858	0.000003
822	876	0.162350
822	878	0.000059
822	880	0.001293
822	881	0.000003
822	884	0.242111
822	885	0.005281
823	829	0.000525
823	832	0.000331
823	837	0.000041
823	841	0.000383
823	857	0.000003
823	873	0.000001
823	875	0.162461
823	879	0.001268
824	828	0.000905
824	829	0.000021
824	830	0.000032
824	831	0.000392
824	832	0.000003
824	833	0.000040
824	834	0.000013
824	835	0.000011
824	836	0.000049
824	837	0.000001
824	839	0.000002
824	840	0.000378
824	843	0.000783
824	849	0.000007
824	860	0.000009
824	873	0.000554
824	874	0.160381
824	875	0.000022
824	879	0.001023
824	883	0.550364
824	886	0.085188
825	842	0.000797
825	848	0.000008
825	859	0.000021
825	865	0.000013
825	872	0.023081
825	876	0.000037
825	878	0.001108
825	881	0.000081
825	882	0.551192
825	884	0.000012
825	885	0.085382
826	842	0.000020
826	858	0.000021
826	859	0.000012
826	865	0.000020
826	872	0.027165
826	876	0.000441
826	878	0.000027
826	880	0.000091
826	881	0.551122
826	882	0.000158
826	884	0.085278
826	885	0.000042
827	842	0.000023
827	848	0.000002
827	856	0.000005
827	858	0.000012
827	859	0.000049
827	865	0.000042
827	872	0.001702
827	876	0.000510
827	878	0.000012
827	880	0.550902
827	881	0.000271
827	882	0.073667
827	884	0.000067
827	885	0.000002
828	842	0.000223
828	848	0.000002
828	856	0.000012
828	858	0.000049
828	859	0.000001
828	865	0.000059
828	872	0.045823
828	876	0.000151
828	878	0.542467
828	880	0.000350
828	881	0.073652
828	882	0.011419
828	884	0.000002
829	842	0.000004
829	844	0.000006
829	865	0.000004
829	866	0.001357
829	867	0.000157
829	869	0.002807
829	870	0.000559
829	871	0.042641
829	872	0.000090
829	876	0.000029
829	877	0.542437
829	878	0.000042
829	880	0.067470
829	881	0.011423
829	882	0.000008
829	887	0.000004
830	842	0.000030
830	848	0.000002
830	856	0.000013
830	859	0.000297
830	865	0.001423
830	872	0.001136
830	876	0.538445
830	878	0.000223
830	880	0.014510
830	881	0.000027
830	882	0.000015
830	885	0.000202
831	842	0.000593
831	848	0.000007
831	856	0.000004
831	858	0.000302
831	859	0.000017
831	865	0.000370
831	872	0.151077
831	876	0.001621
831	878	0.094231
831	880	0.000027
831	881	0.000015
831	884	0.000208
831	885	0.000003
832	842	0.000010
832	844	0.000009
832	858	0.000014
832	859	0.000012
832	865	0.000041
832	866	0.017271
832	867	0.000515
832	869	0.000803
832	870	0.001711
832	871	0.143014
832	872	0.010395
832	876	0.000014
832	877	0.094556
832	878	0.000002
832	880	0.000013
832	882	0.000001
832	884	0.000003
832	885	0.000002
833	842	0.000273
833	848	0.000003
833	856	0.000103
833	858	0.000025
833	859	0.000958
833	865	0.017860
833	872	0.052458
833	876	0.093789
833	878	0.000020
833	880	0.000001
833	881	0.000003
833	882	0.000240
833	884	0.000004
833	885	0.000003
834	842	0.000207
834	848	0.000007
834	856	0.000044
834	858	0.000970
834	859	0.000618
834	865	0.000617
834	872	0.041247
834	876	0.000283
834	878	0.000007
834	880	0.000003
834	881	0.000241
834	882	0.000015
834	884	0.000003
834	885	0.000003
835	842	0.000570
835	848	0.000012
835	856	0.000566
835	858	0.000622
835	859	0.000472
835	865	0.001019
835	872	0.012287
835	876	0.000015
835	880	0.000241
835	881	0.000015
835	882	0.000001
835	884	0.000003
835	885	0.000010
836	842	0.002900
836	848	0.000023
836	856	0.000599
836	858	0.000476
836	859	0.000040
836	865	0.002898
836	872	0.083820
836	876	0.000013
836	878	0.000143
836	880	0.000016
836	881	0.000001
836	884	0.000010
836	885	0.000003
837	842	0.000217
837	844	0.000020
837	848	0.000001
837	850	0.000006
837	856	0.000028
837	858	0.000037
837	859	0.000002
837	865	0.000452
837	866	0.006268
837	867	0.444362
837	869	0.002576
837	870	0.003024
837	871	0.077219
837	872	0.000520
837	877	0.000133
837	878	0.000105
837	880	0.000001
837	884	0.000003
838	842	0.000031
838	844	0.000013
838	848	0.000001
838	850	0.000006
838	856	0.000016
838	858	0.000001
838	859	0.000080
838	865	0.006207
838	866	0.541917
838	867	0.003704
838	869	0.002362
838	870	0.049374
838	871	0.000308
838	872	0.000056
838	876	0.000108
838	877	0.000129
838	882	0.000001
839	848	0.000064
839	856	0.000035
839	858	0.000083
839	859	0.013253
839	865	0.547150
839	872	0.000137
839	876	0.000137
839	881	0.000001
839	882	0.000010
839	885	0.000007
840	848	0.000075
840	856	0.000059
840	858	0.013108
840	859	0.003268
840	865	0.015227
840	872	0.000573
840	876	0.000002
840	878	0.000001
840	880	0.000001
840	881	0.000010
840	884	0.000007
840	885	0.000024
841	848	0.000146
841	850	0.010910
841	856	0.000706
841	858	0.003275
841	859	0.000015
841	865	0.001262
841	866	0.001320
841	867	0.007903
841	869	0.000387
841	870	0.000048
841	871	0.000575
841	872	0.000002
841	877	0.000001
841	880	0.000010
841	884	0.000024
841	887	0.000534
842	846	0.000032
842	847	0.000281
842	849	0.013857
842	851	0.000068
842	852	0.000011
842	853	0.000010
842	854	0.000038
842	855	0.000760
842	857	0.007904
842	860	0.000744
842	861	0.175958
842	862	0.079653
842	863	0.004891
842	864	0.002492
842	868	0.000356
842	873	0.000345
842	874	0.000011
842	875	0.000002
842	879	0.000012
842	883	0.000027
842	886	0.001797
843	848	0.014045
843	856	0.008215
843	858	0.004288
843	859	0.000778
843	865	0.036408
843	872	0.000358
843	876	0.000001
843	878	0.000012
843	882	0.000019
843	884	0.000014
843	885	0.001257
844	849	0.000011
844	857	0.004705
844	860	0.711250
844	862	0.000096
844	863	0.000165
844	864	0.021158
844	868	0.000024
844	873	0.000004
845	856	0.004565
845	858	0.001152
845	859	0.757301
845	865	0.000160
845	872	0.000004
845	881	0.000009
845	882	0.000289
845	884	0.000077
845	885	0.000263
846	856	0.000071
846	858	0.757071
846	859	0.003399
846	865	0.000056
846	880	0.000009
846	881	0.000291
846	882	0.000112
846	884	0.000193
846	885	0.020443
847	856	0.753348
847	858	0.003651
847	859	0.000142
847	865	0.001214
847	878	0.000003
847	880	0.000290
847	881	0.000107
847	882	0.000009
847	884	0.024498
847	885	0.000084
848	852	0.000253
848	853	0.001417
848	854	0.001981
848	855	0.725662
848	857	0.003065
848	860	0.000012
848	861	0.008446
848	862	0.001065
848	863	0.000124
848	864	0.001115
848	868	0.000009
848	879	0.000238
848	883	0.024052
848	886	0.014709
849	856	0.000639
849	858	0.002372
849	859	0.000006
849	865	0.000006
849	866	0.000002
849	867	0.000009
849	869	0.000002
849	876	0.000001
849	877	0.000003
849	878	0.000006
849	880	0.000092
849	882	0.003515
849	884	0.000161
849	885	0.013793
849	887	0.000307
850	857	0.005590
850	860	0.019701
850	862	0.000043
850	863	0.000006
850	864	0.000004
850	868	0.000001
850	873	0.000001
850	879	0.000122
851	856	0.005784
851	858	0.000274
851	859	0.021622
851	865	0.000004
851	872	0.000002
851	876	0.000007
851	878	0.000126
851	880	0.000029
851	881	0.001122
851	882	0.026599
851	884	0.006379
851	885	0.033114
852	856	0.000066
852	858	0.021502
852	859	0.001862
852	865	0.000005
852	876	0.000021
852	878	0.000007
852	880	0.001110
852	881	0.028269
852	882	0.017862
852	884	0.033423
852	885	0.000017
853	858	0.001920
853	859	0.000716
853	865	0.000003
853	876	0.000054
853	878	0.000212
853	880	0.028169
853	881	0.018942
853	882	0.034932
853	884	0.000015
853	885	0.000004
854	858	0.000717
854	859	0.000011
854	865	0.000006
854	876	0.000026
854	878	0.000760
854	880	0.019003
854	881	0.035001
854	882	0.000035
854	884	0.000003
854	885	0.000765
855	859	0.000003
855	865	0.000083
855	872	0.000003
855	876	0.000538
855	878	0.044420
855	880	0.034950
855	881	0.000035
855	882	0.000002
855	884	0.000781
856	861	0.000045
856	863	0.000006
856	864	0.000075
856	868	0.000014
856	874	0.000001
856	875	0.000357
856	879	0.029607
856	883	0.000783
856	886	0.000086
857	865	0.000002
857	866	0.000019
857	867	0.000015
857	869	0.000017
857	870	0.000003
857	871	0.000002
857	876	0.049658
857	877	0.002678
857	878	0.002311
857	880	0.000005
857	881	0.000004
857	882	0.000773
857	885	0.000085
858	862	0.000002
858	863	0.000002
858	864	0.000004
858	868	0.000019
858	873	0.000002
858	874	0.001065
858	875	0.083199
858	879	0.000050
859	863	0.000003
859	864	0.000018
859	868	0.000053
859	873	0.001037
859	874	0.086160
859	875	0.000242
859	879	0.000028
859	883	0.000086
860	865	0.000013
860	866	0.000893
860	867	0.000065
860	869	0.000016
860	870	0.000007
860	871	0.000010
860	872	0.000009
860	876	0.000001
860	877	0.000154
860	880	0.000002
860	882	0.000086
861	865	0.001604
861	872	0.114481
861	876	0.000164
861	878	0.002111
861	881	0.000083
862	866	0.000077
862	867	0.000125
862	869	0.000744
862	870	0.002073
862	871	0.118626
862	872	0.001991
862	876	0.000002
862	877	0.002159
862	878	0.000010
862	880	0.000078
863	867	0.000060
863	869	0.002539
863	870	0.114454
863	871	0.007080
863	872	0.000572
863	876	0.001772
863	877	0.000023
863	878	0.000012
864	869	0.090340
864	870	0.008401
864	871	0.002362
864	872	0.000029
864	876	0.000023
864	877	0.000018
864	878	0.000006
865	873	0.000010
865	874	0.007365
865	875	0.000013
866	873	0.006578
866	875	0.000075
867	873	0.000232
867	875	0.000028
867	879	0.000002
868	872	0.000263
868	876	0.000004
868	877	0.000002
868	878	0.000002
868	885	0.000002
868	887	0.000008
869	873	0.000024
869	875	0.000067
870	875	0.000122
871	875	0.000034
871	879	0.000002
872	883	0.001814
872	886	0.000250
873	877	0.000001
873	881	0.000004
873	882	0.001811
873	885	0.000157
873	887	0.000001
874	878	0.000001
874	880	0.000009
874	881	0.001809
874	882	0.000008
874	884	0.000152
874	885	0.000130
875	880	0.001584
875	881	0.000009
875	882	0.000018
875	884	0.000133
876	883	0.000175
876	886	0.000001
878	883	0.000005
878	886	0.000196
879	885	0.000194
879	887	0.000035
880	886	0.000057
881	886	0.000070
882	886	0.000007
