1	7	0.000018
1	8	0.000015
1	9	0.000003
1	12	0.000003
1	13	0.000002
1	15	0.000014
1	41	0.053185
1	67	0.000145
1	75	0.000220
1	76	0.000024
1	79	0.000003
1	112	0.011241
1	918	0.000012
1	919	0.000038
1	921	0.021266
1	925	0.679455
1	928	0.000038
1	937	0.000003
1	938	0.000005
1	939	0.000025
1	941	0.000003
1	942	0.000009
1	943	0.000024
1	944	0.000100
1	947	0.000083
1	948	0.000231
2	7	0.000052
2	8	0.000011
2	9	0.000002
2	11	0.000004
2	12	0.000003
2	14	0.000017
2	15	0.000005
2	30	0.000052
2	39	0.000044
2	40	0.070635
2	41	0.000419
2	42	0.001248
2	46	0.000122
2	50	0.000007
2	53	0.000002
2	62	0.000123
2	65	0.000011
2	66	0.000165
2	74	0.000290
2	75	0.000174
2	77	0.000011
2	107	0.000003
2	110	0.000050
2	111	0.014854
2	112	0.000270
2	113	0.000253
2	116	0.000002
2	117	0.000003
2	918	0.000043
2	919	0.000069
2	920	0.030620
2	921	0.008662
2	923	0.000305
2	924	0.769141
2	925	0.005119
2	928	0.000004
2	935	0.000198
2	937	0.000006
2	938	0.000025
2	939	0.000083
2	941	0.000007
2	942	0.000026
2	943	0.000176
2	944	0.000157
2	945	0.011968
2	947	0.000213
2	948	0.000035
2	950	0.002523
3	7	0.000012
3	8	0.000010
3	9	0.000004
3	11	0.000003
3	13	0.000017
3	14	0.000007
3	29	0.000053
3	39	0.070657
3	40	0.000519
3	41	0.001009
3	42	0.011799
3	46	0.000009
3	50	0.000002
3	52	0.000002
3	61	0.000125
3	64	0.000011
3	65	0.000164
3	74	0.000191
3	75	0.000003
3	76	0.000012
3	77	0.000010
3	110	0.014698
3	111	0.000328
3	112	0.000144
3	113	0.000637
3	116	0.000004
3	918	0.000044
3	919	0.028241
3	920	0.014023
3	921	0.000015
3	923	0.768060
3	924	0.005509
3	925	0.000016
3	928	0.000002
3	935	0.000068
3	937	0.000011
3	938	0.000097
3	939	0.000045
3	941	0.000009
3	942	0.000165
3	943	0.000207
3	944	0.011113
3	945	0.005015
3	947	0.000021
3	948	0.000177
3	950	0.003301
4	8	0.000033
4	9	0.000023
4	12	0.000016
4	13	0.000007
4	28	0.000053
4	41	0.011390
4	60	0.000127
4	75	0.000012
4	76	0.000009
4	79	0.000008
4	112	0.000551
4	918	0.022986
4	919	0.012178
4	921	0.002978
4	925	0.000011
4	928	0.000004
4	937	0.000083
4	938	0.000041
4	939	0.000007
4	941	0.000125
4	942	0.000158
4	943	0.009359
4	944	0.004297
4	947	0.000161
4	948	0.001298
5	10	0.000012
5	27	0.000053
5	48	0.000008
5	56	0.000002
5	59	0.000128
5	71	0.000128
5	72	0.000005
5	78	0.000008
5	80	0.000014
5	114	0.000036
5	916	0.000140
5	922	0.585085
5	949	0.005461
6	26	0.000053
6	41	0.000195
6	55	0.000002
6	58	0.000117
6	75	0.000004
6	79	0.000014
6	112	0.000002
6	918	0.002254
6	919	0.000386
6	921	0.474615
6	925	0.000006
6	928	0.000033
6	937	0.000018
6	938	0.000004
6	939	0.000015
6	941	0.000514
6	942	0.000149
6	943	0.000061
6	944	0.000017
6	947	0.000234
6	948	0.004425
7	25	0.000049
7	37	0.000042
7	38	0.003458
7	43	0.000084
7	44	0.000087
7	45	0.000040
7	47	0.000011
7	48	0.000006
7	49	0.000016
7	51	0.000004
7	54	0.000002
7	57	0.000108
7	70	0.000001
7	73	0.000007
7	78	0.000013
7	108	0.000026
7	109	0.000049
7	115	0.000006
7	916	0.000004
7	917	0.002625
7	922	0.000049
7	926	0.000002
7	927	0.000035
7	929	0.000002
7	930	0.000007
7	931	0.000010
7	932	0.000011
7	933	0.000012
7	934	0.000016
7	936	0.000018
7	940	0.000457
7	946	0.000245
7	949	0.000010
7	951	0.000031
7	952	0.000074
8	22	0.000025
8	37	0.002238
8	38	0.709526
8	43	0.000057
8	44	0.000034
8	45	0.000005
8	47	0.000005
8	48	0.000014
8	49	0.000002
8	56	0.000027
8	73	0.000003
8	108	0.000028
8	109	0.000004
8	114	0.000004
8	115	0.000002
8	916	0.000060
8	917	0.000530
8	922	0.000008
8	926	0.000018
8	927	0.000002
8	929	0.000004
8	930	0.000009
8	931	0.000011
8	932	0.000011
8	933	0.000015
8	934	0.000002
8	936	0.000001
8	940	0.000007
8	946	0.000122
8	949	0.000004
8	951	0.000031
8	952	0.000072
9	19	0.000003
9	21	0.000031
9	37	0.955259
9	38	0.000330
9	43	0.000011
9	44	0.000001
9	47	0.000003
9	108	0.000002
9	916	0.000007
9	917	0.000237
9	922	0.000001
9	929	0.000004
9	930	0.000006
9	931	0.000006
9	932	0.000008
9	933	0.000001
9	946	0.000002
9	951	0.000106
9	952	0.000004
10	18	0.000003
10	20	0.000031
10	23	0.000002
10	36	0.999620
10	42	0.000003
10	950	0.000109
11	16	0.000006
11	35	0.999693
11	949	0.000107
12	19	0.000002
12	31	0.000004
12	34	0.991635
12	35	0.000003
13	31	0.000122
13	34	0.000106
13	37	0.000001
13	49	0.000005
14	35	0.000004
14	48	0.000006
15	31	0.914114
15	34	0.000006
15	47	0.000006
15	946	0.000007
16	28	0.000021
16	29	0.077120
16	30	0.917130
16	32	0.000048
16	33	0.000003
16	46	0.000005
16	945	0.000007
17	26	0.000064
17	28	0.533658
17	29	0.462620
17	944	0.000004
18	25	0.000136
18	27	0.988323
19	24	0.000099
19	26	0.987375
19	28	0.010478
20	25	0.983859
20	27	0.010729
21	26	0.008118
21	28	0.000001
21	29	0.000003
22	26	0.000008
22	28	0.000017
23	27	0.000017
24	37	0.000001
25	36	0.000001
25	937	0.000001
26	35	0.000001
26	37	0.000003
26	936	0.000001
27	36	0.000003
27	935	0.000001
28	35	0.000003
28	934	0.000001
29	34	0.000002
29	81	0.000001
29	933	0.000001
30	80	0.000004
31	79	0.000004
32	78	0.000004
33	926	0.000006
33	951	0.000001
34	41	0.000001
34	75	0.000010
34	925	0.000007
35	40	0.000001
35	74	0.000011
35	923	0.000029
35	924	0.000004
35	950	0.000109
36	922	0.000033
36	949	0.000110
37	41	0.000003
37	75	0.000045
37	76	0.000026
37	919	0.000003
37	921	0.000029
37	948	0.000105
38	58	0.000320
38	60	0.000001
38	75	0.000245
38	76	0.000019
38	83	0.000009
38	918	0.000005
38	919	0.000004
38	921	0.000003
38	943	0.000001
38	947	0.000074
38	948	0.000002
39	48	0.001920
39	57	0.000394
39	59	0.000002
39	68	0.000001
39	69	0.000547
39	71	0.000139
39	72	0.668305
39	81	0.000173
39	82	0.000017
39	103	0.000001
39	114	0.000020
39	922	0.000007
39	949	0.000013
40	48	0.020025
40	56	0.000396
40	57	0.000001
40	68	0.000554
40	69	0.000117
40	71	0.674358
40	72	0.000076
40	80	0.000173
40	81	0.000033
40	82	0.000018
40	102	0.000001
40	114	0.000055
40	909	0.000002
40	922	0.000006
40	949	0.000012
41	45	0.000070
41	47	0.018556
41	48	0.000232
41	49	0.035236
41	51	0.000026
41	54	0.000001
41	57	0.000005
41	68	0.000083
41	69	0.003308
41	70	0.670680
41	71	0.000051
41	72	0.000028
41	73	0.000490
41	80	0.000009
41	81	0.000076
41	108	0.000002
41	109	0.000001
41	114	0.000001
41	115	0.000329
41	908	0.000002
41	917	0.000008
41	926	0.000038
41	927	0.000045
41	929	0.000006
41	930	0.000002
41	946	0.000003
41	949	0.000001
41	951	0.000062
41	952	0.000003
42	48	0.041352
42	56	0.000013
42	59	0.000002
42	68	0.016971
42	69	0.651251
42	71	0.000047
42	72	0.000578
42	78	0.000088
42	80	0.000128
42	81	0.000002
42	114	0.000401
42	907	0.000002
42	916	0.000008
42	922	0.000072
42	949	0.001354
43	55	0.000012
43	58	0.000002
43	61	0.000005
43	67	0.028297
43	75	0.000001
43	76	0.000007
43	79	0.000127
43	112	0.000007
43	906	0.000002
43	918	0.000003
43	919	0.000019
43	921	0.000063
43	925	0.001328
43	928	0.000007
43	938	0.000003
43	939	0.000023
43	942	0.000004
43	943	0.000031
43	944	0.000049
43	947	0.000004
43	948	0.001336
44	60	0.000002
44	61	0.000227
44	67	0.013211
44	75	0.000008
44	76	0.000039
44	112	0.000014
44	905	0.000002
44	918	0.000018
44	919	0.000018
44	921	0.000005
44	925	0.000223
44	928	0.000008
44	937	0.000003
44	938	0.000027
44	939	0.000007
44	941	0.000004
44	942	0.000034
44	943	0.000057
44	944	0.000021
44	947	0.001049
44	948	0.000050
45	58	0.000014
45	60	0.000313
45	61	0.000008
45	67	0.002266
45	75	0.000040
45	76	0.000012
45	79	0.000017
45	83	0.000001
45	112	0.000002
45	918	0.000015
45	919	0.000004
45	921	0.000003
45	925	0.000140
45	928	0.000011
45	937	0.000024
45	938	0.000007
45	939	0.000002
45	941	0.000026
45	942	0.000035
45	943	0.000020
45	944	0.000006
45	947	0.000043
45	948	0.000016
46	56	0.000140
46	57	0.000013
46	59	0.000319
46	68	0.095477
46	69	0.000002
46	71	0.000011
46	72	0.000045
46	78	0.000018
46	80	0.000003
46	81	0.000001
46	82	0.000002
46	84	0.000001
46	88	0.000005
46	114	0.000137
46	760	0.000009
46	915	0.000002
46	916	0.000001
46	922	0.113886
46	949	0.000878
47	55	0.000141
47	58	0.000292
47	60	0.000069
47	61	0.000439
47	67	0.095693
47	75	0.003454
47	76	0.000005
47	79	0.000002
47	87	0.000009
47	112	0.000416
47	759	0.000009
47	914	0.000002
47	918	0.000003
47	919	0.000008
47	921	0.115600
47	925	0.000442
47	939	0.000015
47	942	0.000002
47	943	0.000015
47	944	0.000068
47	947	0.000009
47	948	0.000800
48	52	0.000020
48	53	0.000090
48	55	0.000001
48	60	0.000281
48	61	0.438561
48	62	0.105013
48	64	0.001895
48	65	0.000748
48	66	0.084869
48	67	0.000001
48	74	0.003921
48	75	0.000008
48	76	0.000005
48	77	0.000011
48	86	0.000009
48	110	0.000027
48	111	0.000463
48	112	0.000003
48	113	0.000664
48	758	0.000009
48	913	0.000002
48	918	0.000005
48	919	0.000028
48	920	0.116111
48	921	0.000002
48	923	0.000052
48	924	0.000488
48	925	0.000002
48	935	0.000010
48	938	0.000017
48	939	0.000006
48	942	0.000017
48	943	0.000074
48	944	0.000023
48	945	0.000884
48	947	0.000336
48	948	0.000013
48	950	0.000397
49	55	0.000007
49	58	0.000256
49	60	0.609827
49	61	0.053090
49	75	0.000009
49	76	0.000011
49	83	0.000630
49	112	0.000570
49	756	0.000009
49	912	0.000001
49	918	0.000194
49	919	0.097940
49	921	0.000003
49	925	0.000001
49	937	0.000014
49	938	0.000006
49	941	0.000013
49	942	0.000053
49	943	0.000023
49	944	0.000755
49	947	0.000014
49	948	0.000006
50	56	0.000226
50	57	0.000274
50	59	0.667276
50	68	0.000031
50	69	0.000002
50	71	0.010303
50	72	0.004648
50	80	0.000225
50	81	0.000017
50	82	0.000880
50	84	0.000110
50	114	0.000084
50	755	0.000009
50	916	0.000031
50	922	0.000494
50	949	0.000593
51	55	0.000152
51	58	0.665474
51	60	0.000544
51	61	0.000008
51	67	0.000029
51	75	0.000002
51	79	0.000228
51	83	0.000116
51	112	0.000003
51	753	0.000005
51	754	0.000005
51	918	0.000717
51	919	0.000012
51	921	0.000390
51	941	0.000001
51	942	0.000016
51	943	0.000009
51	944	0.000004
51	947	0.000004
51	948	0.000465
52	56	0.000425
52	57	0.659040
52	59	0.000562
52	68	0.000020
52	69	0.038715
52	71	0.000009
52	72	0.000024
52	78	0.000224
52	80	0.000005
52	81	0.278051
52	82	0.000082
52	752	0.000010
52	916	0.001370
52	949	0.000002
53	57	0.000446
53	59	0.000113
53	68	0.041589
53	69	0.000050
53	71	0.000024
53	78	0.000002
53	80	0.279267
53	81	0.000046
53	114	0.000007
53	751	0.000010
53	915	0.001370
53	916	0.000001
53	949	0.000002
54	58	0.000079
54	60	0.000024
54	61	0.000015
54	67	0.040961
54	76	0.000025
54	79	0.279172
54	750	0.000010
54	914	0.001307
54	918	0.000006
54	937	0.000001
54	941	0.000005
54	947	0.000007
54	948	0.000001
55	59	0.000022
55	63	0.000070
55	68	0.000008
55	69	0.000005
55	78	0.278519
55	749	0.000010
55	917	0.000006
55	936	0.000001
55	940	0.000005
55	946	0.000008
56	62	0.000074
56	64	0.000011
56	65	0.045203
56	66	0.001706
56	67	0.000008
56	74	0.000007
56	75	0.004693
56	76	0.000009
56	77	0.275372
56	111	0.000030
56	748	0.000010
56	913	0.001362
56	924	0.000015
56	935	0.000001
56	938	0.000024
56	939	0.000003
56	945	0.000008
57	61	0.000031
57	62	0.000011
57	64	0.045299
57	65	0.001662
57	66	0.000010
57	74	0.009915
57	75	0.000169
57	76	0.196825
57	77	0.000024
57	110	0.000030
57	747	0.000010
57	912	0.001365
57	923	0.000015
57	937	0.000035
57	938	0.000002
57	944	0.000002
58	63	0.039681
58	72	0.000282
58	73	0.010233
58	108	0.000010
58	109	0.000020
58	746	0.000009
58	911	0.001366
58	922	0.000014
58	936	0.000038
59	64	0.000817
59	65	0.000004
59	66	0.000002
59	74	0.270122
59	75	0.000012
59	86	0.000006
59	107	0.000019
59	739	0.000009
59	910	0.001367
59	921	0.000002
59	935	0.000038
60	70	0.000570
60	71	0.010381
60	72	0.000008
60	73	0.269953
60	85	0.000003
60	106	0.000016
60	738	0.000010
60	909	0.001366
60	934	0.000037
61	68	0.000003
61	69	0.000668
61	70	0.010912
61	71	0.000011
61	72	0.268312
61	73	0.000344
61	81	0.000007
61	85	0.000415
61	737	0.000010
61	908	0.001365
61	933	0.000031
62	68	0.003213
62	69	0.010999
62	71	0.267617
62	72	0.000632
62	80	0.000026
62	84	0.002985
62	736	0.000010
62	907	0.001365
62	949	0.000002
63	67	0.002177
63	75	0.000002
63	79	0.000026
63	83	0.003117
63	735	0.000010
63	905	0.000003
63	906	0.001092
63	948	0.000002
64	68	0.007470
64	69	0.021305
64	71	0.000234
64	72	0.001015
64	78	0.000026
64	81	0.000173
64	82	0.003178
64	120	0.000001
64	122	0.000002
64	734	0.000009
64	901	0.000002
64	902	0.000187
64	949	0.000002
65	69	0.000940
65	71	0.001034
65	72	0.001526
65	80	0.000173
65	81	0.003294
65	120	0.000154
65	128	0.000002
65	733	0.000009
65	826	0.000005
65	900	0.000002
65	901	0.000187
65	902	0.000004
66	71	0.001537
66	72	0.000031
66	78	0.000007
66	80	0.003292
66	81	0.000002
66	119	0.000157
66	128	0.000974
66	732	0.000009
66	825	0.000005
66	900	0.000174
66	901	0.000003
67	71	0.000026
67	72	0.000002
67	73	0.000002
67	78	0.001807
67	80	0.000002
67	115	0.000078
67	118	0.000157
67	127	0.001013
67	130	0.000001
67	824	0.000005
67	899	0.000139
67	900	0.000001
67	922	0.000003
67	926	0.000012
67	929	0.000001
67	946	0.000016
67	951	0.000008
68	74	0.000050
68	75	0.000027
68	77	0.002057
68	79	0.000004
68	117	0.000157
68	129	0.000002
68	731	0.000009
68	823	0.000005
68	920	0.000003
68	921	0.000013
68	923	0.000042
68	924	0.000421
68	925	0.000010
68	928	0.000002
68	945	0.000021
68	950	0.000010
69	74	0.000036
69	75	0.000002
69	76	0.001949
69	77	0.001355
69	79	0.000001
69	113	0.000369
69	116	0.000157
69	125	0.001188
69	730	0.000009
69	822	0.000005
69	855	0.000002
69	864	0.000001
69	906	0.000003
69	919	0.000003
69	920	0.000019
69	923	0.000421
69	924	0.000010
69	944	0.000020
69	945	0.000013
70	75	0.001699
70	76	0.001318
70	79	0.000014
70	112	0.000386
70	124	0.001189
70	729	0.000010
70	821	0.000005
70	854	0.000002
70	863	0.000001
70	905	0.000007
70	918	0.000003
70	919	0.000019
70	921	0.000542
70	925	0.001009
70	943	0.000018
70	944	0.000013
70	948	0.000009
71	75	0.000614
71	76	0.000005
71	77	0.000027
71	111	0.000388
71	117	0.000004
71	123	0.001189
71	728	0.000010
71	820	0.000005
71	853	0.000002
71	862	0.000001
71	904	0.000007
71	918	0.000011
71	920	0.000593
71	921	0.000260
71	923	0.000001
71	924	0.001077
71	925	0.000005
71	942	0.000011
71	943	0.000012
71	945	0.000018
71	947	0.000006
71	950	0.000003
72	76	0.000013
72	77	0.000039
72	110	0.000382
72	113	0.000017
72	116	0.000007
72	727	0.000010
72	819	0.000005
72	852	0.000002
72	861	0.000001
72	903	0.000007
72	919	0.000549
72	920	0.000353
72	923	0.001073
72	924	0.000006
72	941	0.000003
72	942	0.000010
72	944	0.000017
72	945	0.000019
72	950	0.000003
73	79	0.000233
73	83	0.000005
73	112	0.000016
73	121	0.001181
73	726	0.000009
73	818	0.000005
73	851	0.000002
73	918	0.000454
73	919	0.000312
73	921	0.000019
73	941	0.000007
73	943	0.000015
73	944	0.000017
73	948	0.000003
74	78	0.000241
74	80	0.000202
74	81	0.001039
74	82	0.000007
74	114	0.000043
74	119	0.000007
74	120	0.001183
74	850	0.000002
74	900	0.000008
74	916	0.000003
74	922	0.000361
74	949	0.000014
75	80	0.000992
75	81	0.000010
75	108	0.000001
75	109	0.000007
75	114	0.000008
75	115	0.001341
75	118	0.000010
75	119	0.001157
75	899	0.000008
75	917	0.000031
75	922	0.000002
75	951	0.000002
75	952	0.000002
76	80	0.000006
76	81	0.000002
76	108	0.000010
76	114	0.000097
76	115	0.602725
76	118	0.000179
76	857	0.000001
76	898	0.000009
76	917	0.000003
77	81	0.000009
77	114	0.706940
77	815	0.000005
77	856	0.000001
77	897	0.000009
78	110	0.001093
78	111	0.000228
78	112	0.000049
78	113	0.706781
78	116	0.000068
78	720	0.000001
78	724	0.000008
78	814	0.000005
78	896	0.000009
78	923	0.000016
78	947	0.000006
78	950	0.000003
79	108	0.000006
79	109	0.001116
79	114	0.000070
79	115	0.000065
79	719	0.000001
79	723	0.000008
79	813	0.000005
79	895	0.000008
79	922	0.000016
79	926	0.000002
79	946	0.000007
79	949	0.000003
80	107	0.000004
80	110	0.003824
80	111	0.683786
80	112	0.013244
80	113	0.000154
80	718	0.000001
80	722	0.000008
80	812	0.000005
80	894	0.000008
80	920	0.000001
80	921	0.000016
80	924	0.000005
80	925	0.000002
80	945	0.000007
80	948	0.000001
81	107	0.000032
81	110	0.678394
81	111	0.014983
81	112	0.000075
81	113	0.000038
81	717	0.000001
81	721	0.000008
81	811	0.000005
81	893	0.000004
81	920	0.000017
81	923	0.000005
81	924	0.000002
81	944	0.000005
82	107	0.962048
82	110	0.013913
82	111	0.000042
82	112	0.000003
82	113	0.000004
82	720	0.000008
82	923	0.000002
83	106	0.979102
83	108	0.001564
83	109	0.010269
83	719	0.000007
83	922	0.000001
84	104	0.000004
84	105	0.992806
84	107	0.002168
84	718	0.000007
85	104	0.998186
85	105	0.000107
86	102	0.000001
86	103	0.999729
87	102	0.998265
88	101	0.999921
89	100	0.999987
90	99	0.999959
91	97	0.000081
91	98	0.999654
91	101	0.000001
91	924	0.000003
92	97	0.987340
92	98	0.000004
92	100	0.000001
92	923	0.000003
93	99	0.000001
93	922	0.000003
94	921	0.000003
95	920	0.000003
96	919	0.000003
98	114	0.000002
99	113	0.000002
102	107	0.000001
102	111	0.000202
103	110	0.000203
104	109	0.000174
104	115	0.000003
105	109	0.000001
105	114	0.000007
105	115	0.000003
106	112	0.000002
107	114	0.000145
107	922	0.000009
108	112	0.000089
108	918	0.000003
108	919	0.000011
108	921	0.000014
108	925	0.000017
108	948	0.000001
109	121	0.000004
109	918	0.000013
109	919	0.000006
109	921	0.000022
109	925	0.000009
109	947	0.000001
110	114	0.000789
110	120	0.000005
110	888	0.000002
110	916	0.000003
110	922	0.000628
110	949	0.000001
111	119	0.000005
111	128	0.000017
111	887	0.000002
111	915	0.000003
111	916	0.000004
111	922	0.001637
111	949	0.000001
112	118	0.000004
112	127	0.000017
112	886	0.000002
112	917	0.000213
112	922	0.000225
112	951	0.000001
113	126	0.000017
113	885	0.000002
113	916	0.000084
113	922	0.000392
113	949	0.000016
114	125	0.000017
114	884	0.000002
114	918	0.001930
114	919	0.016908
114	920	0.050023
114	921	0.000094
114	923	0.000004
114	924	0.000003
114	945	0.000042
114	948	0.000015
114	950	0.000006
115	124	0.000017
115	809	0.000005
115	918	0.023556
115	919	0.044315
115	921	0.000053
115	944	0.000036
115	947	0.000013
116	122	0.000001
116	808	0.000005
116	915	0.000022
116	916	0.989475
117	122	0.000008
117	807	0.000005
117	915	0.998481
117	916	0.000020
118	806	0.000005
118	879	0.000003
118	914	0.998120
119	805	0.000005
119	878	0.000003
119	913	0.998477
120	804	0.000005
120	877	0.000003
120	912	0.997295
120	913	0.000002
121	130	0.000125
121	876	0.000003
121	911	0.998104
122	129	0.000157
122	875	0.000003
122	910	0.998604
123	128	0.000156
123	909	0.998604
124	908	0.998319
125	907	0.998501
126	799	0.000002
126	801	0.000067
126	852	0.000003
126	854	0.000004
126	873	0.000031
126	903	0.000004
126	904	0.000122
126	905	0.000075
126	906	0.993986
127	622	0.000013
127	798	0.000002
127	800	0.000067
127	851	0.000002
127	853	0.000006
127	872	0.000031
127	905	0.989697
127	906	0.000075
128	622	0.000025
128	777	0.000009
128	795	0.000020
128	799	0.000065
128	801	0.000001
128	848	0.000006
128	849	0.000001
128	851	0.000024
128	852	0.000007
128	871	0.000031
128	903	0.117757
128	904	0.843051
128	905	0.000054
128	906	0.000001
129	623	0.002932
129	679	0.000005
129	680	0.000003
129	775	0.000107
129	794	0.000022
129	847	0.000005
129	850	0.000088
129	856	0.001630
129	870	0.000031
129	897	0.000023
129	900	0.000071
129	901	0.000413
129	902	0.227807
130	622	0.011731
130	772	0.000018
130	798	0.000007
130	800	0.000004
130	851	0.000002
130	853	0.000004
130	854	0.000006
130	855	0.001404
130	869	0.000028
130	896	0.000019
130	905	0.000006
131	619	0.000010
131	620	0.997766
131	622	0.000002
131	799	0.000001
131	852	0.000001
131	854	0.000004
131	868	0.000007
131	903	0.000049
131	904	0.000002
132	618	0.000006
132	619	0.999950
132	620	0.000018
132	903	0.000001
133	618	0.999976
133	619	0.000009
134	617	0.999933
135	614	0.000002
135	615	0.004694
135	616	0.993786
136	613	0.000002
136	614	0.004830
136	615	0.995142
137	613	0.004953
137	614	0.995009
138	611	0.006464
138	613	0.993477
139	609	0.000005
139	610	0.008902
139	612	0.989147
140	608	0.000014
140	611	0.974756
141	608	0.858975
142	607	0.999368
142	608	0.000132
143	606	0.999976
144	605	0.999511
145	604	0.999980
146	603	0.999991
147	602	0.999977
148	601	0.999512
149	600	0.999970
150	598	0.000001
150	599	0.999033
151	598	0.998869
152	597	0.999980
153	594	0.000003
153	596	0.999404
154	593	0.000008
155	592	0.000001
155	593	0.000706
156	592	0.000355
156	593	0.993424
157	592	0.998384
157	593	0.000026
158	591	0.999978
159	590	0.999977
160	589	0.999698
161	588	0.999936
162	585	0.000004
162	586	0.002076
162	587	0.997865
163	584	0.000005
163	585	0.004151
163	586	0.995814
163	587	0.000010
164	221	0.000010
164	583	0.000006
164	584	0.006224
164	585	0.993670
164	586	0.000020
165	175	0.000008
165	213	0.000004
165	220	0.000027
165	221	0.000095
165	224	0.000041
165	539	0.000002
165	582	0.000003
165	583	0.008207
165	584	0.981005
165	585	0.000029
166	174	0.000014
166	212	0.000005
166	215	0.000007
166	216	0.871937
166	217	0.001817
166	218	0.000082
166	219	0.000096
166	222	0.000006
166	223	0.000036
166	225	0.000003
167	173	0.000015
167	211	0.000006
167	212	0.000003
167	215	0.998856
167	218	0.000070
167	222	0.000025
168	172	0.000010
168	214	0.999232
169	213	0.999724
170	210	0.004098
170	211	0.000528
170	212	0.995065
171	175	0.000002
171	209	0.024285
172	206	0.000002
172	207	0.000021
172	208	0.024427
172	210	0.950366
172	211	0.000239
173	209	0.939838
175	204	0.001148
175	206	0.644866
175	210	0.000002
175	211	0.000003
176	203	0.000866
176	204	0.997056
176	206	0.000540
176	210	0.000001
177	202	0.000579
177	203	0.998950
177	204	0.000164
178	201	0.000292
178	202	0.999299
178	203	0.000111
179	201	0.999627
179	202	0.000058
180	200	0.999466
181	198	0.000001
181	199	0.998121
182	198	0.998841
183	197	0.999964
184	196	0.999509
185	193	0.000002
185	195	0.999972
186	192	0.000006
186	194	0.999917
187	191	0.000024
187	193	0.991644
187	195	0.000007
188	192	0.980165
188	194	0.000008
189	193	0.000009
206	221	0.000002
207	220	0.000002
209	218	0.000002
209	222	0.000015
210	221	0.000016
211	220	0.000015
211	221	0.000006
211	224	0.000008
212	220	0.000005
212	221	0.000001
212	224	0.000014
213	218	0.000005
213	222	0.000006
214	219	0.000002
214	222	0.000060
214	223	0.000001
214	225	0.000018
214	229	0.000004
215	221	0.000212
215	224	0.000044
215	228	0.000016
216	220	0.000210
216	226	0.000094
216	227	0.000464
216	540	0.000006
217	226	0.005895
217	227	0.000170
217	540	0.003259
218	224	0.026881
218	226	0.000357
218	227	0.007048
218	228	0.001778
218	230	0.000006
218	236	0.000961
218	434	0.000013
218	442	0.000006
218	539	0.003435
218	540	0.000011
218	582	0.000002
218	583	0.000282
218	584	0.000003
219	226	0.012320
219	227	0.002091
219	235	0.000963
219	433	0.000013
219	540	0.000026
220	225	0.010676
220	229	0.000002
220	234	0.000963
220	432	0.000013
220	441	0.000020
220	538	0.000003
221	231	0.000001
221	233	0.000960
221	431	0.000013
221	438	0.000007
221	440	0.000020
221	537	0.000002
221	538	0.000002
221	541	0.000013
222	226	0.000335
222	227	0.000184
222	228	0.000392
222	230	0.000011
222	232	0.000358
222	236	0.000009
222	437	0.000008
222	439	0.000010
222	442	0.000043
222	443	0.000002
222	539	0.000393
222	540	0.000026
222	582	0.000002
222	583	0.000329
222	584	0.000004
223	227	0.000356
223	232	0.000562
223	235	0.000009
223	439	0.000005
223	540	0.000021
224	231	0.000857
224	233	0.000010
224	428	0.000002
224	438	0.000006
224	440	0.000081
224	538	0.000005
224	541	0.000026
225	232	0.000010
225	439	0.000078
225	540	0.000034
226	231	0.000009
226	438	0.000067
226	440	0.000001
226	441	0.001532
227	234	0.000001
227	438	0.000003
227	440	0.000062
227	441	0.838886
228	233	0.000001
228	438	0.000010
228	440	0.994697
229	439	0.996839
230	438	0.996433
230	440	0.000005
231	436	0.497629
231	437	0.500265
232	435	0.993426
233	434	0.998936
233	436	0.000016
234	433	0.998424
235	429	0.000186
235	430	0.000002
235	431	0.000009
235	432	0.997887
236	428	0.000238
236	431	0.995874
237	409	0.573054
237	410	0.000251
238	407	0.000004
238	408	0.925849
238	427	0.000018
238	428	0.000065
238	429	0.002964
238	430	0.000542
239	406	0.000008
239	407	0.997592
239	428	0.001801
240	405	0.000007
240	406	0.998979
240	407	0.000982
241	404	0.000006
241	405	0.998983
241	406	0.000990
241	407	0.000003
242	404	0.998943
242	405	0.000994
242	406	0.000003
243	402	0.000014
243	403	0.990424
243	404	0.000947
243	405	0.000003
245	402	0.898375
246	399	0.000014
246	401	0.898376
247	399	0.991400
248	398	0.999931
248	399	0.000020
249	397	0.999975
249	398	0.000014
250	392	0.000013
250	396	0.999971
250	397	0.000007
251	391	0.000024
251	394	0.000005
251	395	0.999960
252	390	0.000037
252	391	0.001189
252	394	0.998739
253	390	0.004862
253	391	0.000084
253	393	0.992609
253	394	0.000001
254	387	0.000014
254	388	0.105312
254	389	0.016526
254	392	0.876084
255	384	0.000012
255	387	0.969639
255	388	0.011871
256	383	0.000013
256	386	0.998824
256	387	0.000294
256	388	0.000013
256	389	0.000320
257	382	0.000011
257	385	0.998931
257	390	0.000019
257	391	0.000001
258	383	0.000398
258	384	0.998433
258	386	0.000003
258	387	0.000065
258	389	0.000018
259	383	0.998922
259	384	0.000001
259	386	0.000067
259	388	0.000014
259	389	0.000001
260	381	0.999029
261	380	0.999934
262	379	0.999493
263	378	0.999486
264	377	0.999901
265	376	0.987414
266	374	0.146819
266	376	0.000045
267	376	0.000040
268	371	0.925034
268	372	0.010413
268	373	0.005395
268	375	0.000051
269	369	0.000109
269	370	0.999503
269	374	0.000014
270	368	0.000118
270	369	0.999800
270	370	0.000069
271	367	0.000125
271	368	0.999797
271	369	0.000064
272	367	0.999594
272	368	0.000058
273	363	0.000002
273	365	0.998903
274	362	0.000001
274	364	0.996494
275	364	0.000172
276	362	0.995678
276	364	0.000003
277	358	0.000002
277	360	0.000001
277	361	0.998089
277	363	0.000003
278	357	0.000003
278	360	0.998404
278	361	0.000234
278	363	0.000008
279	356	0.000002
279	359	0.976085
279	362	0.000007
280	355	0.000002
281	356	0.001274
281	359	0.011297
282	355	0.001003
283	355	0.000009
284	355	0.000012
284	356	0.997809
285	352	0.000045
285	355	0.998338
286	351	0.000032
286	353	0.000004
286	354	0.999216
287	350	0.000009
287	351	0.000003
287	353	0.998334
288	351	0.000597
288	353	0.000011
289	350	0.000024
289	351	0.725312
290	350	0.999294
290	351	0.000082
291	348	0.000001
291	349	0.998791
292	348	0.998873
292	349	0.000001
293	347	0.999974
294	346	0.999978
295	345	0.999571
296	344	0.999736
296	347	0.000002
297	302	0.000001
297	341	0.000020
297	344	0.000063
297	346	0.000002
298	340	0.000020
298	342	0.990608
298	343	0.000065
298	345	0.000003
299	339	0.000020
299	341	0.999459
299	344	0.000005
300	340	0.997871
300	343	0.000005
301	339	0.974904
302	306	0.000001
302	342	0.000002
302	343	0.000132
303	342	0.000131
303	343	0.000111
304	342	0.000111
304	343	0.000046
305	342	0.000046
306	338	0.997957
306	339	0.000016
306	341	0.000027
307	337	0.999448
307	340	0.000015
308	336	0.999974
308	339	0.000002
309	335	0.999958
309	338	0.000001
310	334	0.983005
312	331	0.000001
312	332	0.994313
312	333	0.000931
313	331	0.999385
314	330	0.999490
315	329	0.999963
316	328	0.999575
317	326	0.000011
317	327	0.999915
318	326	0.998639
318	327	0.000036
318	329	0.000002
319	328	0.000005
320	326	0.000214
320	327	0.000008
321	325	0.000664
321	326	0.000010
386	391	0.000003
387	391	0.000002
409	426	0.000151
409	427	0.309548
409	428	0.000362
409	429	0.000262
409	430	0.000105
410	426	0.898485
410	427	0.001419
410	428	0.000185
410	429	0.000073
410	430	0.000025
411	425	0.999765
412	424	0.999988
413	420	0.000001
413	423	0.999954
414	419	0.000006
414	422	0.999711
415	420	0.000569
415	421	0.990258
416	422	0.000017
417	421	0.000023
427	433	0.000002
427	540	0.000001
428	434	0.000112
428	436	0.000004
428	437	0.000032
428	539	0.000001
429	433	0.000085
429	439	0.000001
430	439	0.000005
430	540	0.000002
431	436	0.000008
431	437	0.000024
431	539	0.000002
432	439	0.000010
433	438	0.000009
433	441	0.000230
434	438	0.000001
434	440	0.000276
435	439	0.000182
436	440	0.000002
436	542	0.000002
437	541	0.000008
438	539	0.000012
438	540	0.000020
439	538	0.000001
440	539	0.001745
440	540	0.000110
441	540	0.005834
442	537	0.000023
442	538	0.990682
443	537	0.999726
443	538	0.000005
444	535	0.000010
444	536	0.999940
445	535	0.999765
446	533	0.999484
447	532	0.999559
448	531	0.999979
449	529	0.000002
449	530	0.999988
450	528	0.000002
450	529	0.999973
451	528	0.998402
452	527	0.998923
453	525	0.000806
453	526	0.979501
453	528	0.000014
454	523	0.000006
454	524	0.000962
454	527	0.000063
455	523	0.000324
455	524	0.021402
455	527	0.000003
456	523	0.014055
456	524	0.840136
457	523	0.968357
457	524	0.000074
458	522	0.997944
459	521	0.999972
460	520	0.999980
461	519	0.999427
462	517	0.000002
462	518	0.998340
463	517	0.998426
463	518	0.000002
464	514	0.000001
464	515	0.000143
464	516	0.998557
465	469	0.000002
465	472	0.000003
465	512	0.000009
466	472	0.000010
466	511	0.000003
466	512	0.000031
467	472	0.000001
467	473	0.000281
467	511	0.000014
467	512	0.000075
467	513	0.987575
467	518	0.000236
468	472	0.000216
468	510	0.000007
468	511	0.000176
468	512	0.981348
468	517	0.000474
469	474	0.000003
469	475	0.000027
469	509	0.000002
469	514	0.000011
469	515	0.001740
469	516	0.000579
470	474	0.000074
470	509	0.000032
470	514	0.001789
470	515	0.002198
470	516	0.000020
471	508	0.000020
471	510	0.000166
471	511	0.001007
471	512	0.000512
471	517	0.000005
472	509	0.000052
472	514	0.000012
472	515	0.004976
472	516	0.000006
473	509	0.000075
473	514	0.005284
473	515	0.000035
474	508	0.000034
474	510	0.000126
474	511	0.980186
474	512	0.000129
474	513	0.004929
475	507	0.000013
475	510	0.994218
475	511	0.000281
475	512	0.002717
476	509	0.999500
477	508	0.998102
478	507	0.999373
478	508	0.000002
479	506	0.999966
480	505	0.999698
481	504	0.999977
482	500	0.000002
482	503	0.999990
483	499	0.000003
483	502	0.999962
484	498	0.000007
484	499	0.001924
484	501	0.996372
485	497	0.000016
485	500	0.986551
486	494	0.000003
486	497	0.568131
487	495	0.000002
487	496	0.719872
487	498	0.000280
487	499	0.232311
488	495	0.728316
488	498	0.235997
488	499	0.000145
489	494	0.590911
489	497	0.213651
490	494	0.000774
490	497	0.001044
491	495	0.041065
491	498	0.000030
491	499	0.004916
492	498	0.004806
492	499	0.024356
493	498	0.024471
493	499	0.000063
494	498	0.000052
494	499	0.000006
537	583	0.000003
537	584	0.000007
538	582	0.000002
538	583	0.000140
538	584	0.000003
541	581	0.000027
541	582	0.989196
541	583	0.004182
541	584	0.000002
542	580	0.000017
542	581	0.997763
542	582	0.002136
542	583	0.000003
543	579	0.000019
543	580	0.998751
544	578	0.000011
544	579	0.998136
544	580	0.000003
544	581	0.000001
545	578	0.999966
546	576	0.000001
546	577	0.999979
547	576	0.998476
548	575	0.999859
549	574	0.999583
550	573	0.999980
551	572	0.999963
552	566	0.000002
552	569	0.000001
552	571	0.999933
553	570	0.999452
554	565	0.009091
554	566	0.001588
554	569	0.986671
555	563	0.000327
555	564	0.011576
556	560	0.000004
556	561	0.000018
556	562	0.000216
556	565	0.972478
556	566	0.002388
556	569	0.000002
557	563	0.009537
557	564	0.969137
558	562	0.009073
559	563	0.002908
559	564	0.000133
559	567	0.000005
559	568	0.000025
560	564	0.000140
562	567	0.000001
562	568	0.000030
563	569	0.000004
620	680	0.000009
620	856	0.000005
621	682	0.000031
621	772	0.000013
621	798	0.000024
621	800	0.000002
621	851	0.000025
621	853	0.000002
621	854	0.000003
621	855	0.000013
622	679	0.011039
622	680	0.000007
622	681	0.000018
622	684	0.000001
622	773	0.000009
622	774	0.000009
622	776	0.000005
622	796	0.000004
622	797	0.000026
622	802	0.000007
622	850	0.000026
622	856	0.000004
622	857	0.000023
622	858	0.000014
623	677	0.000004
623	678	0.994305
623	683	0.000001
623	801	0.000005
623	849	0.000005
624	677	0.999055
624	800	0.000002
625	676	0.999976
626	675	0.999978
627	674	0.998603
628	672	0.038301
628	673	0.961195
629	671	0.999093
630	670	0.999961
631	669	0.999963
632	668	0.999963
633	667	0.999980
634	666	0.999510
635	664	0.000002
635	665	0.999963
636	664	0.996561
636	665	0.000003
638	661	0.000002
638	662	0.972159
638	664	0.000003
640	661	0.999345
640	662	0.000094
641	660	0.999956
642	659	0.999957
643	658	0.999990
644	657	0.999985
645	656	0.999500
646	655	0.999191
647	653	0.000037
647	654	0.999889
648	653	0.990948
648	654	0.000013
677	773	0.000013
677	776	0.000007
677	857	0.000003
678	775	0.000017
678	850	0.000003
678	856	0.000005
679	683	0.000041
679	686	0.002297
679	767	0.000017
679	769	0.000008
679	770	0.000066
679	771	0.975013
679	772	0.000127
679	782	0.000001
679	800	0.000037
679	801	0.000007
679	849	0.000051
679	852	0.000001
679	853	0.000046
679	859	0.000002
679	860	0.000006
679	903	0.000002
679	904	0.000011
680	686	0.000340
680	766	0.000012
680	767	0.002496
680	769	0.000044
680	770	0.983627
680	771	0.000096
680	781	0.000001
680	799	0.000053
680	801	0.000004
680	848	0.000051
680	852	0.000059
680	859	0.000011
680	903	0.000012
681	709	0.000008
681	764	0.000003
681	766	0.002499
681	769	0.979104
681	780	0.000001
681	798	0.000052
681	800	0.000003
681	851	0.000058
682	708	0.000009
682	765	0.002212
682	768	0.881020
682	779	0.000001
682	797	0.000046
682	850	0.000049
682	857	0.000167
682	898	0.000005
683	707	0.000009
683	778	0.000001
683	850	0.000004
683	856	0.000190
683	897	0.000005
684	706	0.000006
684	764	0.001372
684	766	0.154278
684	769	0.000001
684	855	0.000177
684	896	0.000004
685	764	0.013516
685	766	0.001999
685	851	0.000008
685	854	0.000100
686	704	0.000009
686	850	0.000010
687	703	0.000009
687	763	0.993472
687	764	0.000095
687	766	0.000006
687	767	0.000006
688	702	0.000009
688	762	0.999079
688	765	0.000006
689	701	0.000009
689	761	0.999907
689	763	0.000041
689	764	0.000002
690	760	0.999415
690	762	0.000041
691	699	0.000008
691	759	0.998689
692	698	0.000008
692	756	0.000205
692	758	0.995868
692	761	0.000052
693	755	0.000655
693	760	0.000054
694	753	0.000007
694	754	0.000567
694	756	0.893179
694	759	0.000050
695	752	0.000004
695	755	0.923449
696	752	0.000002
696	755	0.000266
696	757	0.001124
697	752	0.000294
697	755	0.051039
698	751	0.000225
698	752	0.000995
698	755	0.001165
699	751	0.000175
699	752	0.000044
699	755	0.000005
699	757	0.000002
700	751	0.000097
700	752	0.997574
701	751	0.999438
701	752	0.000001
702	750	0.999143
703	749	0.999184
704	718	0.000001
704	721	0.000001
704	748	0.999960
705	717	0.000015
705	720	0.000002
705	747	0.999867
705	748	0.000001
706	710	0.000001
706	712	0.000008
706	713	0.000028
706	714	0.000010
706	715	0.000005
706	716	0.000017
706	719	0.000003
706	744	0.000021
706	745	0.000524
706	746	0.990153
707	711	0.000017
707	717	0.000041
707	718	0.000005
707	727	0.000002
707	731	0.000027
707	739	0.000033
707	740	0.000117
707	741	0.000117
707	742	0.000170
707	743	0.000110
707	747	0.000013
708	726	0.000002
708	730	0.000026
708	743	0.001885
709	713	0.000012
709	714	0.000044
709	715	0.000011
709	716	0.000031
709	737	0.000015
709	738	0.000002
709	744	0.176981
709	745	0.005205
709	746	0.000114
710	729	0.000002
710	743	0.175582
711	715	0.000004
711	716	0.000022
711	737	0.000050
711	738	0.000007
711	744	0.008425
711	745	0.000577
711	746	0.000017
712	743	0.011645
713	726	0.000043
713	730	0.000005
713	743	0.000956
714	725	0.000052
714	729	0.000006
714	743	0.005610
715	721	0.000001
715	722	0.000004
715	724	0.000053
715	727	0.000002
715	728	0.000006
715	731	0.000001
715	739	0.687446
715	740	0.045595
715	741	0.001534
715	742	0.006293
715	743	0.000006
716	726	0.000002
716	730	0.000001
716	735	0.000084
716	743	0.000023
717	733	0.000002
717	734	0.000083
717	736	0.001373
717	738	0.197815
718	732	0.000002
718	733	0.000081
718	734	0.000002
718	736	0.995547
718	738	0.000016
719	735	0.999151
720	732	0.000024
720	733	0.000014
720	734	0.999723
720	738	0.000009
721	732	0.000020
721	733	0.999705
721	734	0.000015
721	738	0.000004
722	732	0.998124
722	733	0.000029
722	736	0.000025
723	729	0.001727
723	730	0.037396
723	735	0.000025
724	732	0.000094
724	733	0.000002
724	734	0.000025
724	738	0.000002
725	732	0.000008
725	733	0.000023
725	737	0.000002
726	732	0.000018
726	733	0.000001
726	736	0.000002
727	732	0.000016
727	733	0.000003
727	734	0.000002
728	732	0.000005
728	733	0.000003
728	746	0.000017
729	745	0.000022
730	744	0.000020
732	741	0.000040
732	742	0.000062
732	743	0.000002
733	740	0.000040
733	741	0.000062
733	742	0.000003
734	739	0.000040
734	740	0.000062
734	741	0.000003
736	741	0.000002
736	742	0.000002
737	743	0.000605
738	742	0.000623
738	743	0.000016
738	747	0.000052
739	746	0.000077
740	746	0.000013
741	746	0.000016
742	746	0.000004
764	768	0.000006
764	773	0.000060
764	774	0.000002
764	856	0.000002
764	858	0.000016
764	892	0.000036
764	895	0.000046
764	897	0.000009
764	900	0.000002
765	769	0.000002
765	772	0.000062
765	855	0.000002
765	891	0.000041
765	893	0.000006
765	894	0.000051
765	896	0.000011
766	773	0.000003
766	774	0.000001
766	776	0.000198
766	857	0.001826
766	858	0.000008
766	890	0.000041
766	892	0.000007
766	895	0.000010
766	898	0.000016
767	775	0.000237
767	778	0.000001
767	794	0.000002
767	856	0.002088
767	889	0.000041
767	897	0.000018
768	772	0.000003
768	792	0.000025
768	855	0.002051
768	891	0.000180
768	896	0.000014
769	773	0.000005
769	774	0.000006
769	776	0.000204
769	791	0.000030
769	856	0.000003
769	857	0.003644
769	858	0.000081
769	887	0.000002
769	888	0.000029
769	890	0.000203
769	895	0.000005
769	902	0.000011
769	917	0.000001
770	775	0.000242
770	790	0.000030
770	856	0.004101
770	886	0.000003
770	887	0.000035
770	888	0.000001
770	889	0.000208
770	901	0.000049
770	902	0.000004
770	916	0.000001
771	775	0.000021
771	778	0.000002
771	789	0.000030
771	850	0.000001
771	856	0.007749
771	885	0.000003
771	886	0.000035
771	887	0.000001
771	888	0.000208
771	900	0.000049
771	901	0.000004
771	915	0.000001
772	776	0.000112
772	778	0.000002
772	796	0.000142
772	797	0.000187
772	802	0.004276
772	850	0.000003
772	856	0.023564
772	857	0.002002
772	858	0.000514
772	876	0.000009
772	885	0.000034
772	887	0.000164
772	895	0.000002
772	899	0.000043
772	900	0.000004
772	901	0.000002
772	902	0.000001
773	784	0.000001
773	787	0.000029
773	798	0.000329
773	800	0.000183
773	851	0.000002
773	853	0.000175
773	854	0.348824
773	855	0.017972
773	861	0.000009
773	875	0.000010
773	884	0.000027
773	894	0.000003
773	906	0.000006
774	783	0.000002
774	786	0.000033
774	798	0.000852
774	800	0.096951
774	851	0.000002
774	853	0.466257
774	854	0.009277
774	855	0.000077
774	860	0.000017
774	865	0.000007
774	874	0.000010
774	884	0.000002
774	893	0.000002
774	905	0.000010
774	906	0.000005
775	782	0.000002
775	785	0.000034
775	788	0.000002
775	793	0.000007
775	795	0.121021
775	798	0.000218
775	799	0.109503
775	800	0.000007
775	801	0.006635
775	848	0.000024
775	849	0.000050
775	851	0.000001
775	852	0.488917
775	853	0.000259
775	854	0.000047
775	855	0.000006
775	859	0.000019
775	864	0.000008
775	873	0.000009
775	883	0.000003
775	903	0.000040
775	904	0.000009
775	905	0.000005
775	906	0.000047
776	784	0.000031
776	787	0.000002
776	792	0.000005
776	798	0.107692
776	800	0.006599
776	851	0.488206
776	853	0.000039
776	854	0.000006
776	855	0.000002
776	863	0.000006
776	872	0.000007
776	905	0.000071
776	906	0.000040
777	789	0.000004
777	794	0.488542
777	850	0.484185
777	856	0.000001
778	782	0.000007
778	785	0.000005
778	786	0.000002
778	788	0.000005
778	792	0.000001
778	793	0.551142
778	795	0.000050
778	799	0.000005
778	801	0.000002
778	848	0.000058
778	849	0.431445
778	903	0.000004
778	904	0.014931
779	784	0.000005
779	785	0.000013
779	787	0.000005
779	788	0.000040
779	792	0.578410
779	793	0.002156
779	795	0.000183
779	798	0.000004
779	799	0.000003
779	801	0.000004
779	848	0.398767
779	849	0.000003
779	903	0.016221
780	789	0.000010
780	790	0.000096
780	791	0.846563
780	794	0.000134
780	796	0.000076
780	797	0.000008
780	802	0.000002
780	847	0.035223
780	902	0.016219
781	789	0.000269
781	790	0.906133
781	794	0.000791
781	846	0.022901
781	847	0.000422
781	901	0.016248
782	789	0.904985
782	790	0.000733
782	794	0.000200
782	845	0.021712
782	846	0.000236
782	847	0.000004
782	900	0.016248
783	789	0.000704
783	790	0.000021
783	791	0.000482
783	794	0.000007
783	796	0.000011
783	797	0.000030
783	802	0.000005
783	828	0.000004
783	841	0.000006
783	844	0.018160
783	845	0.000040
783	899	0.016227
784	789	0.000030
784	790	0.000552
784	791	0.004559
784	794	0.000001
784	796	0.000037
784	797	0.000003
784	802	0.000011
784	826	0.000002
784	827	0.000016
784	840	0.000014
784	841	0.010827
784	844	0.000039
784	898	0.016221
785	789	0.000604
785	790	0.005075
785	794	0.000079
785	824	0.000001
785	825	0.000002
785	826	0.000018
785	839	0.000014
785	840	0.011563
785	845	0.000001
785	897	0.016186
785	900	0.000002
786	790	0.000003
786	791	0.000005
786	794	0.000002
786	796	0.000055
786	797	0.000166
786	802	0.000116
786	824	0.000002
786	825	0.000017
786	839	0.011109
786	840	0.000002
786	841	0.001970
786	844	0.000003
786	858	0.000042
786	867	0.000003
786	889	0.000002
786	890	0.000036
786	892	0.000002
786	895	0.000201
786	899	0.000003
787	791	0.000002
787	794	0.000005
787	796	0.000216
787	797	0.000018
787	802	0.002039
787	824	0.000015
787	839	0.000007
787	840	0.002016
787	841	0.000048
787	844	0.000012
787	857	0.000059
787	866	0.000004
787	888	0.000002
787	889	0.000036
787	890	0.000011
787	895	0.001117
787	898	0.000008
788	794	0.000591
788	807	0.000003
788	813	0.000011
788	824	0.000001
788	837	0.011485
788	839	0.002011
788	840	0.000049
788	850	0.000161
788	856	0.000061
788	887	0.000002
788	888	0.000036
788	889	0.000013
788	897	0.000009
789	793	0.000552
789	795	0.000781
789	798	0.000015
789	799	0.000183
789	800	0.038186
789	801	0.005466
789	803	0.000126
789	804	0.000276
789	805	0.000490
789	806	0.000009
789	812	0.000015
789	817	0.000001
789	819	0.000008
789	820	0.000177
789	835	0.000022
789	836	0.011465
789	838	0.001758
789	842	0.000005
789	843	0.002860
789	849	0.000176
789	853	0.000061
789	855	0.000046
789	859	0.000002
789	860	0.000015
789	862	0.000003
789	863	0.000003
789	864	0.000037
789	865	0.000023
789	893	0.000489
789	894	0.000122
789	896	0.000009
790	795	0.000211
790	798	0.000100
790	799	0.049813
790	800	0.000216
790	801	0.002475
790	803	0.000277
790	804	0.000490
790	805	0.000012
790	811	0.000015
790	812	0.000002
790	816	0.000002
790	818	0.000010
790	819	0.000186
790	834	0.000037
790	835	0.011082
790	836	0.000192
790	838	0.000012
790	842	0.002856
790	843	0.000001
790	848	0.000174
790	852	0.000074
790	854	0.000042
790	859	0.000018
790	861	0.000005
790	862	0.000004
790	863	0.000037
790	864	0.000025
790	891	0.000022
790	893	0.000129
790	894	0.000836
791	798	0.048958
791	800	0.002497
791	809	0.000041
791	817	0.000013
791	818	0.000182
791	851	0.000073
791	853	0.000040
791	860	0.000005
791	861	0.000004
791	862	0.000036
791	863	0.000025
791	891	0.012224
791	893	0.000845
791	894	0.000006
791	896	0.000011
792	796	0.000206
792	797	0.041145
792	802	0.000144
792	808	0.000043
792	813	0.000002
792	833	0.000790
792	840	0.002172
792	841	0.000078
792	850	0.000043
792	857	0.000026
792	888	0.000009
792	889	0.000009
792	890	0.012688
792	892	0.000811
792	895	0.000010
793	807	0.000048
793	808	0.000008
793	810	0.000063
793	813	0.000021
793	815	0.000225
793	831	0.000002
793	837	0.000119
793	839	0.002809
793	840	0.000044
793	850	0.000061
793	856	0.000029
793	887	0.000010
793	888	0.000014
793	889	0.012698
794	798	0.000149
794	799	0.004434
794	800	0.000296
794	801	0.007342
794	803	0.000266
794	804	0.000005
794	805	0.000006
794	806	0.000029
794	809	0.000067
794	811	0.008676
794	812	0.000098
794	814	0.000256
794	816	0.000011
794	830	0.000001
794	832	0.001782
794	834	0.000002
794	836	0.000119
794	838	0.002847
794	848	0.000125
794	849	0.000077
794	851	0.000013
794	852	0.000006
794	854	0.000001
794	855	0.000028
794	859	0.000012
794	860	0.000001
794	871	0.000001
794	891	0.000004
794	893	0.000002
794	894	0.000002
794	903	0.000032
795	807	0.000031
795	808	0.000066
795	810	0.008741
795	813	0.000256
795	815	0.000011
795	831	0.001786
795	837	0.002818
795	847	0.000070
795	850	0.000026
795	856	0.129890
795	870	0.000001
795	885	0.000009
795	886	0.000003
795	887	0.009352
795	888	0.000516
795	889	0.000029
795	897	0.000038
795	900	0.000001
795	901	0.000006
795	902	0.000034
796	800	0.000376
796	806	0.000033
796	809	0.004854
796	830	0.001662
796	851	0.000046
796	853	0.000152
796	854	0.001170
796	855	0.130802
796	861	0.000009
796	869	0.000001
796	884	0.000008
796	891	0.000006
796	893	0.000007
796	894	0.000010
796	896	0.000038
797	806	0.000032
797	809	0.004050
797	830	0.000009
797	851	0.000738
797	853	0.001401
797	854	0.123676
797	855	0.000232
797	860	0.000015
797	884	0.000002
797	891	0.002039
797	893	0.000008
798	802	0.000227
798	807	0.000057
798	808	0.007796
798	810	0.000003
798	813	0.000001
798	826	0.000010
798	827	0.000970
798	828	0.000115
798	841	0.000004
798	850	0.000728
798	856	0.000003
798	857	0.000859
798	858	0.000092
798	885	0.000001
798	886	0.000010
798	887	0.000001
798	888	0.000161
798	889	0.000002
798	890	0.002188
798	892	0.000006
798	898	0.000007
798	899	0.000002
798	900	0.000001
798	901	0.000032
798	902	0.000004
799	807	0.007939
799	808	0.000371
799	810	0.000009
799	813	0.000002
799	825	0.000011
799	826	0.001042
799	840	0.000004
799	847	0.000004
799	850	0.002974
799	856	0.000979
799	885	0.000013
799	886	0.000008
799	887	0.000197
799	888	0.000009
799	889	0.002212
799	897	0.000007
799	900	0.000060
799	901	0.000018
799	902	0.000038
800	807	0.000262
800	808	0.000411
800	824	0.000010
800	825	0.001027
800	826	0.000008
800	827	0.000225
800	828	0.000036
800	839	0.000002
800	841	0.000015
800	847	0.000002
800	850	0.003731
800	856	0.000006
800	857	0.019567
800	858	0.000027
800	885	0.000004
800	886	0.000208
800	887	0.000008
800	888	0.002176
800	890	0.000009
800	898	0.000066
800	899	0.000034
800	900	0.000011
800	901	0.000042
800	902	0.000002
801	807	0.000571
801	808	0.000026
801	810	0.000477
801	824	0.001006
801	825	0.000016
801	826	0.000225
801	831	0.000002
801	839	0.000006
801	840	0.000019
801	847	0.000019
801	850	0.076914
801	856	0.022410
801	885	0.000212
801	886	0.000006
801	887	0.002068
801	888	0.000013
801	889	0.000010
801	897	0.000097
801	900	0.000045
801	901	0.000011
801	902	0.000003
802	806	0.000383
802	809	0.000489
802	821	0.000002
802	822	0.000055
802	830	0.000002
802	851	0.000256
802	853	0.000228
802	854	0.000099
802	855	0.021892
802	884	0.000167
802	896	0.000073
803	807	0.000005
803	808	0.000488
803	810	0.000001
803	824	0.000012
803	825	0.000243
803	826	0.000375
803	837	0.000041
803	839	0.000028
803	840	0.000645
803	846	0.000108
803	847	0.955613
803	850	0.000082
804	808	0.000001
804	824	0.000242
804	825	0.000382
804	826	0.000019
804	837	0.000029
804	839	0.000659
804	840	0.000164
804	845	0.000057
804	846	0.976590
804	847	0.000016
805	810	0.000003
805	824	0.000382
805	825	0.000019
805	837	0.000990
805	839	0.000166
805	840	0.000003
805	845	0.978133
805	846	0.000010
806	815	0.000001
806	824	0.000020
806	837	0.000111
806	839	0.000003
806	844	0.979572
806	845	0.000002
807	812	0.000005
807	814	0.000003
807	816	0.000002
807	817	0.000673
807	818	0.000003
807	819	0.000047
807	820	0.000907
807	821	0.000032
807	822	0.000001
807	823	0.000020
807	830	0.000001
807	835	0.005563
807	836	0.000174
807	838	0.000001
807	843	0.982440
808	814	0.000003
808	816	0.000703
808	817	0.000002
808	818	0.000035
808	819	0.000907
808	820	0.000033
808	822	0.000016
808	829	0.000002
808	834	0.005804
808	835	0.000127
808	836	0.000001
808	838	0.000004
808	842	0.982425
808	843	0.000004
809	813	0.000003
809	815	0.000702
809	827	0.000001
809	828	0.000002
809	833	0.005850
809	837	0.000004
809	839	0.000046
809	840	0.000005
809	841	0.975977
810	814	0.000637
810	816	0.000960
810	817	0.000018
810	819	0.000005
810	820	0.000003
810	832	0.005801
810	834	0.000073
810	835	0.000005
810	836	0.000006
810	838	0.000241
810	842	0.000010
811	815	0.000949
811	825	0.000005
811	826	0.000003
811	831	0.005559
811	837	0.000238
811	839	0.004949
811	840	0.975101
812	824	0.000005
812	825	0.000003
812	826	0.000009
812	831	0.000221
812	837	0.003899
812	839	0.977111
812	840	0.000004
813	823	0.000005
813	829	0.001743
813	830	0.000416
813	832	0.010971
813	834	0.000321
813	835	0.000025
813	836	0.003256
813	838	0.977119
814	824	0.000013
814	826	0.000007
814	831	0.011283
814	837	0.975273
814	839	0.000007
815	819	0.000042
815	820	0.000154
815	821	0.000008
815	822	0.000012
815	823	0.000079
815	829	0.007626
815	830	0.012221
815	832	0.477373
815	834	0.000406
815	835	0.001478
815	836	0.481621
815	838	0.000016
816	824	0.000028
816	825	0.000105
816	826	0.000298
816	831	0.568962
816	837	0.000017
817	824	0.000095
817	825	0.000271
817	826	0.000056
817	827	0.013864
817	828	0.716129
817	831	0.000893
817	833	0.002776
818	824	0.000197
818	825	0.000080
818	826	0.014516
818	827	0.920973
818	828	0.001321
818	831	0.000063
818	833	0.001136
818	841	0.000013
819	824	0.000115
819	825	0.014967
819	826	0.931638
819	831	0.000118
819	840	0.000020
820	824	0.014881
820	825	0.930142
820	826	0.000102
820	831	0.001410
820	839	0.000020
820	840	0.000010
821	825	0.000091
821	826	0.000003
821	827	0.000020
821	828	0.000041
821	831	0.000038
821	833	0.000181
821	839	0.000011
821	841	0.000004
822	826	0.000017
822	827	0.000037
822	828	0.000019
822	831	0.000045
822	833	0.000037
822	840	0.000004
823	831	0.002029
823	837	0.001307
823	839	0.000005
824	829	0.000722
824	830	0.002040
824	832	0.000021
824	834	0.000032
824	835	0.036112
824	836	0.007377
824	838	0.000005
824	843	0.000018
825	829	0.001958
825	830	0.000005
825	832	0.000114
825	834	0.036149
825	835	0.008745
825	836	0.000126
825	842	0.000018
825	843	0.000017
826	830	0.000007
826	832	0.001614
826	834	0.008711
826	835	0.000162
826	836	0.000001
826	842	0.000017
829	840	0.000148
830	839	0.000150
831	835	0.000433
831	836	0.000291
831	838	0.000180
832	837	0.000182
834	840	0.000009
835	839	0.000009
835	840	0.000001
843	907	0.000001
844	906	0.000003
845	905	0.000005
846	904	0.000030
847	851	0.000001
847	852	0.000012
847	853	0.000002
847	854	0.000003
847	855	0.000001
847	871	0.000001
847	903	0.000898
848	856	0.001651
848	870	0.000010
848	885	0.000001
848	886	0.000140
848	887	0.000006
848	888	0.000097
848	889	0.000242
848	900	0.000002
848	901	0.001669
848	902	0.001351
849	856	0.070443
849	870	0.000011
849	885	0.000141
849	886	0.000007
849	887	0.000097
849	888	0.000245
849	889	0.000007
849	897	0.000013
849	900	0.001670
849	901	0.001346
849	902	0.000020
850	854	0.000161
850	855	0.054271
850	859	0.005250
850	860	0.000002
850	861	0.000002
850	864	0.000004
850	868	0.000098
850	869	0.000008
850	873	0.000002
850	874	0.000002
850	877	0.000089
850	878	0.000014
850	879	0.000002
850	883	0.000073
850	884	0.000057
850	891	0.000374
850	896	0.000012
850	903	0.025824
850	904	0.000005
851	856	0.000163
851	857	0.011555
851	858	0.004742
851	867	0.000091
851	876	0.000095
851	880	0.000002
851	881	0.000002
851	882	0.000072
851	885	0.000003
851	886	0.000093
851	887	0.000010
851	889	0.000002
851	890	0.000402
851	895	0.000010
851	898	0.001221
851	899	0.000323
851	900	0.000005
851	901	0.000548
851	902	0.025763
852	856	0.013273
852	870	0.000003
852	885	0.000094
852	886	0.000013
852	887	0.000001
852	888	0.000005
852	889	0.000407
852	897	0.001416
852	900	0.001143
852	901	0.025953
852	902	0.000037
853	857	0.000160
853	858	0.000204
853	866	0.000009
853	867	0.000075
853	876	0.001941
853	880	0.000013
853	881	0.000005
853	882	0.000019
853	885	0.000012
853	887	0.000004
853	888	0.000356
853	890	0.000002
853	895	0.000011
853	897	0.000025
853	898	0.000024
853	899	0.001195
853	900	0.025292
853	901	0.000034
853	902	0.000002
854	858	0.000133
854	866	0.000078
854	867	0.000055
854	876	0.000096
854	880	0.000004
854	881	0.000023
854	882	0.000007
854	887	0.000133
854	888	0.000001
854	889	0.000002
854	892	0.000001
854	895	0.000059
854	897	0.000025
854	898	0.001195
854	899	0.023238
854	900	0.000031
854	901	0.000004
854	902	0.000004
855	866	0.000085
855	867	0.000002
855	876	0.000023
855	880	0.000023
855	881	0.000007
855	882	0.000006
855	886	0.000015
855	888	0.000001
855	892	0.000006
855	895	0.000436
855	897	0.001136
855	898	0.021199
855	899	0.000026
855	900	0.000003
855	901	0.000010
855	902	0.000013
856	860	0.000006
856	861	0.000009
856	862	0.000016
856	863	0.000029
856	864	0.001831
856	865	0.000045
856	868	0.000006
856	872	0.000001
856	873	0.029110
856	874	0.000001
856	875	0.000005
856	879	0.000002
856	891	0.000003
856	893	0.000009
856	894	0.000494
856	896	0.000330
856	903	0.019668
856	904	0.002308
856	905	0.000011
856	906	0.000015
857	861	0.000016
857	862	0.000033
857	863	0.001791
857	865	0.000003
857	872	0.029269
857	874	0.000004
857	884	0.000002
857	891	0.000002
857	893	0.000477
857	894	0.000362
857	896	0.008961
857	905	0.000020
857	906	0.000016
858	862	0.001043
858	863	0.000006
858	865	0.000007
858	869	0.000002
858	871	0.029369
858	891	0.000012
858	893	0.000440
858	894	0.000140
858	896	0.000039
858	905	0.000015
858	906	0.000001
859	870	0.029377
859	888	0.000003
859	889	0.000004
859	897	0.000016
859	900	0.030726
859	901	0.217324
859	902	0.636454
860	866	0.000048
860	867	0.000426
860	870	0.000003
860	887	0.000003
860	888	0.000004
860	889	0.000002
860	890	0.000509
860	892	0.000148
860	895	0.000025
860	897	0.000002
860	898	0.000027
860	899	0.030085
860	900	0.212391
860	901	0.670671
860	902	0.000042
861	866	0.000531
861	867	0.000429
861	870	0.000004
861	886	0.000003
861	887	0.000002
861	888	0.000002
861	889	0.000536
861	890	0.000778
861	892	0.001499
861	895	0.000012
861	897	0.000038
861	898	0.028637
861	899	0.206600
861	900	0.688497
861	901	0.000114
861	902	0.000004
862	866	0.000318
862	867	0.001068
862	870	0.000001
862	885	0.000002
862	886	0.000001
862	887	0.000002
862	888	0.000542
862	889	0.000791
862	890	0.001504
862	892	0.000058
862	895	0.000013
862	897	0.027480
862	898	0.201451
862	899	0.704852
862	900	0.000086
862	901	0.000006
862	902	0.000028
863	867	0.000020
863	886	0.000002
863	887	0.000549
863	888	0.000791
863	889	0.001552
863	890	0.008907
863	892	0.000005
863	895	0.000026
863	897	0.180760
863	898	0.717202
863	899	0.000059
863	900	0.000002
863	901	0.000110
863	902	0.000008
864	870	0.000035
864	885	0.000003
864	886	0.000558
864	887	0.000795
864	888	0.001567
864	889	0.009118
864	897	0.723184
864	900	0.000148
864	901	0.000032
864	902	0.000001
865	870	0.000002
865	876	0.000035
865	885	0.000550
865	886	0.000750
865	887	0.001480
865	888	0.008896
865	890	0.000001
865	892	0.000027
865	895	0.579318
865	897	0.000193
865	898	0.000008
865	899	0.000130
865	900	0.000029
865	901	0.000001
866	871	0.000002
866	872	0.000003
866	875	0.000046
866	884	0.000511
866	891	0.000024
866	893	0.000796
866	894	0.601228
866	896	0.002677
867	871	0.000003
867	872	0.000001
867	874	0.000036
867	875	0.000001
867	884	0.000016
867	891	0.000010
867	893	0.573886
867	894	0.033714
867	896	0.000265
868	885	0.006828
868	886	0.000925
868	887	0.000039
868	888	0.000009
868	889	0.000013
868	897	0.000040
868	900	0.000017
868	901	0.000020
868	902	0.000293
869	876	0.000026
869	880	0.000013
869	881	0.000027
869	882	0.000011
869	885	0.000821
869	886	0.000034
869	887	0.000008
869	888	0.000011
869	889	0.000009
869	890	0.000069
869	892	0.847593
869	895	0.000115
869	897	0.000006
869	899	0.000015
869	900	0.000018
869	901	0.000306
870	875	0.000030
870	877	0.000065
870	878	0.000007
870	879	0.000014
870	883	0.010866
870	884	0.000041
870	891	0.907767
870	893	0.002627
870	894	0.000125
870	896	0.000039
870	903	0.000062
871	876	0.000066
871	880	0.000041
871	881	0.000024
871	882	0.010906
871	885	0.000004
871	886	0.000002
871	887	0.000016
871	888	0.000110
871	889	0.001001
871	890	0.894044
871	892	0.002624
871	895	0.000040
871	899	0.000316
871	902	0.000062
872	876	0.000001
872	880	0.000028
872	881	0.010399
872	882	0.000006
872	885	0.000001
872	886	0.000019
872	887	0.000121
872	888	0.001440
872	889	0.874205
872	890	0.058944
872	892	0.000055
872	895	0.000001
872	898	0.000323
872	901	0.000063
873	885	0.000021
873	886	0.000128
873	887	0.001829
873	888	0.869009
873	889	0.077989
873	897	0.000322
873	900	0.000064
874	880	0.000230
874	881	0.000045
874	882	0.000013
874	885	0.000126
874	886	0.001866
874	887	0.674191
874	888	0.073743
874	889	0.000612
874	890	0.002054
874	892	0.000058
874	895	0.000012
874	898	0.000010
874	899	0.000059
875	880	0.000068
875	881	0.000026
875	882	0.000031
875	885	0.002098
875	886	0.029564
875	887	0.041535
875	888	0.000778
875	889	0.001130
875	890	0.000126
875	892	0.000165
875	895	0.000130
875	897	0.000015
875	898	0.000035
876	884	0.002169
876	891	0.000180
876	893	0.000004
876	894	0.000135
876	896	0.000017
877	885	0.003156
877	886	0.825833
877	887	0.104287
877	888	0.007441
877	889	0.000931
877	897	0.000004
877	901	0.000163
877	902	0.000018
878	885	0.837453
878	886	0.109940
878	887	0.007649
878	888	0.000936
878	889	0.000017
878	900	0.000164
878	901	0.000019
879	885	0.108004
879	886	0.007280
879	887	0.000901
879	888	0.000017
879	892	0.000002
879	895	0.000006
879	899	0.000155
879	900	0.000017
880	884	0.075657
880	891	0.000003
880	894	0.000007
881	893	0.000006
881	896	0.000002
882	896	0.000029
883	887	0.000001
883	888	0.000004
883	889	0.000005
883	897	0.000029
883	900	0.000004
883	901	0.000002
884	888	0.000004
884	890	0.000002
884	892	0.000005
884	895	0.000081
884	898	0.000001
884	899	0.000004
884	900	0.000002
885	891	0.000005
885	893	0.000005
885	894	0.000088
886	891	0.000003
886	893	0.000078
886	894	0.000007
886	896	0.000001
887	891	0.000002
887	893	0.000011
887	894	0.000031
887	896	0.000008
887	903	0.000002
887	904	0.000009
887	905	0.000007
888	893	0.000046
888	894	0.000027
888	896	0.000014
888	903	0.000014
888	904	0.000024
889	893	0.000016
889	894	0.000031
889	896	0.000008
889	903	0.000028
890	894	0.000010
890	896	0.000083
891	895	0.000070
891	897	0.000018
891	898	0.000013
891	899	0.000005
891	900	0.000009
891	901	0.000003
891	902	0.000002
892	896	0.000020
893	897	0.000003
893	898	0.000009
893	899	0.000031
893	900	0.000032
893	901	0.000018
893	902	0.000008
894	898	0.000027
894	899	0.000041
894	900	0.000028
894	901	0.000031
894	902	0.000001
896	900	0.000002
896	901	0.000022
896	902	0.000005
897	903	0.000019
897	904	0.000002
898	906	0.000001
899	905	0.000001
900	904	0.000002
900	925	0.000001
901	924	0.000002
902	923	0.000002
903	922	0.000002
907	920	0.000001
908	919	0.000001
909	918	0.000001
909	950	0.000002
910	949	0.000002
911	948	0.000002
914	946	0.000002
915	920	0.000001
915	924	0.000011
915	945	0.000002
916	920	0.000023
916	921	0.000004
916	923	0.000017
916	924	0.000003
916	944	0.000002
916	945	0.000002
916	950	0.000002
917	921	0.000253
917	925	0.000024
917	928	0.000363
917	937	0.000004
917	938	0.000002
917	939	0.000003
917	941	0.000008
917	942	0.000002
917	943	0.000004
917	944	0.000003
917	947	0.000011
917	948	0.000013
918	922	0.000059
918	926	0.000019
918	927	0.000390
918	929	0.000005
918	930	0.000016
918	931	0.000008
918	932	0.000014
918	933	0.000017
918	934	0.000006
918	936	0.000004
918	940	0.000008
918	946	0.000008
918	949	0.000025
918	951	0.000016
918	952	0.000051
919	926	0.000323
919	927	0.000004
919	929	0.000018
919	930	0.000010
919	931	0.000016
919	932	0.000020
919	933	0.000007
919	934	0.000001
919	936	0.000001
919	946	0.000004
919	949	0.000018
919	951	0.000041
919	952	0.000091
920	949	0.000138
921	926	0.000023
921	927	0.000075
921	929	0.000054
921	930	0.000114
921	931	0.000024
921	932	0.000018
921	933	0.000015
921	934	0.000008
921	936	0.000165
921	940	0.000005
921	946	0.003277
921	949	0.000009
921	951	0.055264
921	952	0.000032
922	928	0.000054
922	935	0.000214
922	939	0.000005
922	941	0.000001
922	942	0.000005
922	943	0.000022
922	944	0.000037
922	945	0.004529
922	947	0.000051
922	948	0.000022
922	950	0.078121
923	949	0.077066
924	949	0.001077
925	929	0.000020
925	930	0.000069
925	931	0.000057
925	932	0.000122
925	933	0.000034
925	934	0.000048
925	936	0.000008
925	940	0.001232
925	946	0.001038
925	949	0.015231
925	951	0.000036
925	952	0.000006
926	937	0.000019
926	938	0.001126
926	939	0.001787
926	941	0.000196
926	942	0.345982
926	943	0.002608
926	944	0.000977
926	947	0.001771
926	948	0.046275
927	937	0.001460
927	938	0.001782
927	939	0.000170
927	941	0.447684
927	942	0.002005
927	943	0.000827
927	944	0.000284
927	947	0.054509
927	948	0.000560
928	932	0.000049
928	933	0.000180
928	934	0.000113
928	936	0.001433
928	940	0.463737
928	946	0.051251
928	949	0.001312
928	951	0.000024
928	952	0.000007
929	937	0.000062
929	938	0.001048
929	939	0.463524
929	941	0.000210
929	942	0.000806
929	943	0.004621
929	944	0.034192
929	947	0.000069
929	948	0.001681
930	937	0.001288
930	938	0.452806
930	939	0.006896
930	941	0.000837
930	942	0.005014
930	943	0.038231
930	944	0.032974
930	947	0.001444
930	948	0.000253
931	937	0.378401
931	938	0.008637
931	939	0.002808
931	941	0.004337
931	942	0.038655
931	943	0.036942
931	944	0.015941
931	947	0.000215
931	948	0.000193
932	937	0.007117
932	938	0.003252
932	939	0.002788
932	941	0.036483
932	942	0.036294
932	943	0.019434
932	944	0.001453
932	947	0.000168
932	948	0.000190
933	937	0.002071
933	938	0.002522
933	939	0.002737
933	941	0.031112
933	942	0.020129
933	943	0.001681
933	944	0.000837
933	947	0.000170
933	948	0.000156
934	938	0.001825
934	939	0.001912
934	941	0.014915
934	942	0.001458
934	943	0.000906
934	944	0.000061
934	947	0.000134
934	948	0.000034
935	949	0.012413
936	941	0.000143
936	942	0.000420
936	943	0.000592
936	944	0.000230
936	947	0.000594
936	948	0.011931
937	946	0.000789
937	949	0.000048
937	951	0.000082
937	952	0.000087
938	946	0.000785
938	949	0.000089
938	951	0.000137
938	952	0.000061
939	946	0.000309
939	949	0.001328
939	951	0.000099
939	952	0.000012
940	944	0.000118
940	947	0.000515
940	948	0.001580
941	946	0.000495
941	949	0.000148
941	951	0.000046
941	952	0.000229
942	946	0.000101
942	949	0.000488
942	951	0.000410
942	952	0.000143
943	949	0.000492
943	951	0.000293
943	952	0.000512
944	949	0.000147
944	951	0.000785
944	952	0.000041
945	949	0.000438
947	951	0.000097
947	952	0.000096
948	952	0.000037
