1	7	0.000111
1	8	0.000095
1	9	0.000022
1	12	0.000027
1	13	0.000013
1	15	0.000115
1	29	0.000002
1	33	0.000005
1	41	0.282302
1	67	0.006419
1	672	0.037890
1	740	0.000008
1	754	0.000001
2	7	0.000326
2	8	0.000070
2	9	0.000013
2	11	0.000035
2	12	0.000026
2	14	0.000139
2	15	0.000045
2	28	0.000004
2	30	0.000431
2	32	0.000005
2	33	0.000001
2	39	0.000420
2	40	0.380641
2	41	0.002223
2	42	0.006559
2	46	0.002700
2	50	0.000121
2	53	0.000007
2	62	0.004125
2	64	0.000012
2	65	0.000433
2	66	0.007202
2	67	0.000023
2	593	0.000292
2	670	0.000041
2	671	0.050336
2	672	0.000569
2	673	0.000048
2	674	0.000790
2	676	0.000002
2	677	0.000162
2	678	0.000142
2	683	0.000001
2	694	0.000007
2	732	0.000074
2	733	0.000005
2	734	0.000482
2	736	0.000022
2	737	0.000238
2	738	0.000807
2	743	0.000024
2	744	0.000008
2	746	0.000001
2	753	0.000002
2	766	0.000023
2	774	0.000050
2	777	0.070103
3	7	0.000084
3	8	0.000070
3	9	0.000033
3	11	0.000028
3	13	0.000137
3	14	0.000059
3	29	0.000435
3	30	0.000004
3	32	0.000001
3	39	0.381263
3	40	0.002815
3	41	0.005312
3	42	0.069619
3	46	0.000214
3	50	0.000036
3	52	0.000007
3	61	0.004160
3	62	0.000026
3	64	0.000437
3	65	0.007145
3	66	0.000026
3	592	0.000045
3	593	0.001724
3	670	0.050196
3	671	0.000626
3	672	0.000020
3	673	0.000566
3	674	0.000329
3	676	0.000163
3	677	0.000142
3	683	0.000003
3	694	0.000003
3	731	0.000087
3	733	0.000451
3	734	0.000028
3	736	0.000242
3	737	0.000804
3	738	0.000009
3	742	0.000024
3	743	0.000008
3	745	0.000001
3	752	0.000002
3	765	0.000028
3	774	0.000041
3	777	0.063723
4	8	0.000054
4	9	0.000031
4	12	0.000131
4	13	0.000057
4	26	0.000006
4	28	0.000438
4	29	0.000002
4	41	0.066715
4	58	0.000001
4	60	0.004230
4	61	0.000014
4	592	0.001389
4	672	0.000265
4	682	0.000002
4	690	0.000001
4	730	0.000088
4	732	0.000221
4	740	0.000043
4	751	0.000002
4	764	0.000028
5	10	0.000093
5	16	0.000001
5	25	0.000006
5	27	0.000439
5	48	0.000038
5	56	0.000002
5	57	0.000001
5	59	0.004237
5	68	0.000056
5	69	0.000009
5	71	0.000470
5	590	0.000002
5	591	0.001198
5	594	0.000355
5	596	0.000002
5	669	0.021306
5	675	0.000114
5	689	0.000002
5	691	0.000002
5	729	0.000089
5	739	0.000045
5	750	0.000002
5	763	0.000028
5	771	0.000023
5	773	0.000002
5	775	0.002002
5	776	0.046394
6	15	0.000001
6	24	0.000006
6	26	0.000436
6	41	0.000384
6	55	0.000002
6	58	0.003892
6	61	0.000001
6	67	0.000046
6	672	0.000006
6	688	0.000001
6	690	0.000001
6	728	0.000070
6	730	0.000001
6	770	0.000023
7	22	0.000001
7	25	0.000406
7	37	0.000098
7	38	0.007982
7	43	0.000097
7	44	0.000102
7	45	0.000052
7	47	0.000022
7	48	0.000009
7	49	0.000024
7	51	0.000004
7	54	0.000002
7	56	0.000004
7	57	0.003585
7	63	0.000006
7	69	0.000002
7	70	0.000012
7	71	0.000010
7	590	0.000003
7	594	0.000005
7	595	0.000004
7	598	0.000001
7	669	0.000012
7	687	0.000001
7	727	0.000055
7	735	0.000001
7	769	0.000022
7	775	0.000021
7	776	0.000728
7	778	0.000451
8	17	0.000001
8	21	0.000003
8	22	0.000205
8	37	0.004400
8	38	0.794649
8	43	0.000067
8	44	0.000042
8	45	0.000006
8	47	0.000007
8	48	0.000021
8	49	0.000003
8	51	0.000001
8	54	0.000001
8	56	0.000912
8	57	0.000002
8	69	0.000002
8	70	0.000008
8	71	0.000006
8	594	0.000007
8	595	0.000001
8	669	0.000002
8	726	0.000005
8	768	0.000010
8	775	0.000016
8	776	0.000259
8	778	0.000118
9	16	0.000001
9	19	0.000021
9	21	0.000254
9	22	0.000006
9	31	0.000003
9	34	0.000001
9	37	0.966984
9	38	0.000289
9	43	0.000013
9	44	0.000002
9	47	0.000005
9	48	0.000001
9	54	0.000005
9	70	0.000004
9	594	0.000002
9	767	0.000001
9	775	0.000004
9	776	0.000044
9	778	0.000437
10	18	0.000025
10	20	0.000256
10	23	0.000015
10	30	0.000004
10	32	0.000002
10	33	0.000001
10	36	0.998213
10	42	0.000003
10	46	0.000001
10	52	0.000001
10	53	0.000004
10	777	0.000671
11	16	0.000047
11	35	0.998266
11	71	0.000003
11	776	0.000659
12	17	0.000002
12	19	0.000017
12	21	0.000004
12	22	0.000004
12	31	0.000005
12	34	0.990246
12	35	0.000005
12	37	0.000002
12	38	0.000004
12	51	0.000001
12	70	0.000003
12	71	0.000002
12	775	0.000086
13	17	0.000005
13	19	0.000002
13	21	0.000004
13	31	0.000122
13	34	0.000109
13	37	0.000005
13	49	0.000088
13	69	0.000003
13	70	0.000003
14	35	0.000021
14	48	0.000102
14	68	0.000003
14	69	0.000003
14	71	0.000001
14	773	0.000007
15	21	0.000003
15	31	0.913138
15	34	0.000022
15	47	0.000102
15	63	0.000003
15	68	0.000002
15	70	0.000001
15	772	0.000007
16	20	0.000003
16	28	0.000021
16	29	0.077416
16	30	0.916255
16	32	0.000049
16	33	0.000009
16	46	0.000096
16	61	0.000003
16	62	0.000003
17	26	0.000066
17	28	0.533625
17	29	0.462179
17	60	0.000005
17	61	0.000002
17	770	0.000006
18	25	0.000139
18	27	0.987864
18	59	0.000007
18	769	0.000006
19	24	0.000101
19	26	0.986916
19	28	0.010468
19	58	0.000007
20	25	0.983402
20	27	0.010719
20	57	0.000007
20	68	0.000001
20	767	0.000006
21	26	0.008111
21	28	0.000001
21	29	0.000003
21	67	0.000001
21	766	0.000006
22	26	0.000008
22	28	0.000017
22	764	0.000006
23	27	0.000017
23	48	0.000006
23	763	0.000006
24	37	0.000016
24	47	0.000006
24	762	0.000006
25	36	0.000017
25	39	0.000003
25	46	0.000006
25	52	0.000007
25	64	0.000005
26	35	0.000017
26	37	0.000038
26	38	0.000002
26	45	0.000005
26	51	0.000007
26	63	0.000005
26	760	0.000005
27	36	0.000042
27	39	0.000002
27	50	0.000007
27	62	0.000005
27	759	0.000006
27	774	0.000001
28	35	0.000041
28	38	0.000002
28	49	0.000006
28	758	0.000006
28	773	0.000001
29	34	0.000024
29	37	0.000002
29	48	0.000005
29	757	0.000006
29	772	0.000001
30	35	0.000005
30	48	0.000002
30	59	0.000010
30	756	0.000006
30	771	0.000002
31	58	0.000010
31	755	0.000005
31	770	0.000002
32	48	0.000006
32	57	0.000010
32	69	0.000003
32	71	0.000002
32	769	0.000002
33	47	0.000005
33	56	0.000010
33	68	0.000003
33	70	0.000002
33	768	0.000001
33	778	0.000003
34	41	0.000013
34	55	0.000010
34	61	0.000002
34	67	0.000003
34	753	0.000002
35	39	0.000002
35	40	0.000015
35	42	0.000005
35	46	0.000003
35	50	0.000002
35	60	0.000003
35	66	0.000003
35	752	0.000002
35	777	0.000967
36	48	0.000003
36	59	0.000003
36	776	0.000970
37	41	0.000002
37	58	0.000002
37	61	0.000001
38	58	0.000408
38	60	0.000003
38	592	0.000005
39	48	0.001468
39	56	0.000002
39	57	0.000640
39	59	0.000004
39	68	0.000014
39	69	0.010685
39	71	0.002986
39	72	0.035822
39	591	0.000007
39	594	0.000041
39	596	0.000002
39	597	0.059858
39	771	0.000008
39	772	0.000367
39	773	0.005805
39	775	0.015928
39	776	0.016875
40	48	0.015564
40	56	0.000657
40	57	0.000003
40	68	0.010761
40	69	0.002354
40	71	0.167203
40	72	0.000004
40	590	0.000008
40	594	0.000076
40	596	0.060460
40	597	0.000003
40	697	0.000005
40	769	0.000017
40	771	0.000367
40	772	0.005813
40	773	0.024322
40	775	0.014152
40	776	0.000941
41	45	0.000056
41	47	0.014462
41	48	0.000238
41	49	0.036123
41	51	0.000018
41	54	0.000003
41	56	0.000001
41	57	0.000014
41	68	0.001665
41	69	0.005314
41	70	0.167916
41	71	0.000014
41	72	0.000002
41	73	0.000005
41	589	0.000007
41	594	0.000003
41	595	0.060541
41	596	0.000002
41	598	0.000004
41	692	0.000002
41	696	0.000005
41	757	0.000024
41	768	0.000018
41	771	0.000798
41	772	0.025211
41	773	0.000186
41	775	0.000097
41	776	0.000374
41	778	0.000087
42	48	0.045347
42	56	0.000069
42	59	0.000010
42	68	0.012060
42	69	0.163314
42	71	0.000791
42	72	0.000018
42	588	0.000007
42	594	0.060643
42	596	0.000002
42	597	0.000004
42	691	0.000002
42	695	0.000005
42	756	0.000028
42	767	0.000016
42	769	0.000370
42	771	0.030817
42	772	0.000184
42	773	0.000106
42	775	0.000655
42	776	0.003378
43	55	0.000060
43	58	0.000010
43	61	0.000003
43	67	0.014394
43	672	0.000003
43	690	0.000002
43	755	0.000028
43	759	0.000002
43	766	0.000012
43	770	0.030433
44	55	0.000001
44	58	0.000002
44	60	0.000001
44	61	0.000263
44	67	0.003336
44	672	0.000003
44	754	0.000024
44	770	0.000016
45	55	0.000001
45	58	0.000012
45	60	0.000335
45	61	0.000006
45	67	0.000576
45	672	0.000002
45	740	0.000012
45	753	0.000009
45	764	0.000005
45	770	0.000056
46	56	0.000756
46	57	0.000012
46	59	0.000346
46	68	0.034622
46	69	0.000018
46	71	0.000740
46	72	0.000008
46	594	0.000144
46	691	0.000002
46	739	0.000013
46	756	0.000201
46	763	0.000005
46	767	0.032255
46	769	0.000033
46	775	0.000527
46	776	0.009868
47	55	0.000743
47	58	0.000317
47	60	0.000048
47	61	0.000218
47	67	0.034715
47	75	0.000003
47	672	0.000008
47	690	0.000002
47	732	0.000008
47	753	0.000017
47	755	0.000204
47	766	0.032480
48	52	0.000017
48	53	0.000222
48	55	0.000002
48	60	0.000144
48	61	0.146573
48	62	0.031978
48	64	0.000506
48	65	0.000233
48	66	0.030781
48	74	0.000004
48	593	0.000013
48	671	0.000007
48	672	0.000003
48	673	0.000020
48	674	0.000099
48	683	0.000002
48	694	0.000001
48	731	0.000010
48	734	0.000010
48	736	0.000002
48	737	0.000004
48	738	0.000002
48	752	0.000022
48	754	0.000205
48	765	0.032515
48	774	0.000002
48	777	0.025473
49	55	0.000006
49	58	0.000168
49	60	0.206002
49	61	0.016181
49	592	0.000010
49	672	0.000010
49	682	0.000001
49	688	0.000002
49	690	0.000021
49	730	0.000010
49	740	0.000006
49	751	0.000016
49	753	0.000202
49	764	0.032450
50	56	0.000404
50	57	0.000186
50	59	0.224276
50	68	0.000046
50	69	0.000039
50	71	0.243877
50	72	0.000192
50	591	0.000008
50	594	0.000097
50	669	0.000002
50	675	0.000001
50	687	0.000002
50	689	0.000022
50	729	0.000010
50	739	0.000006
50	750	0.000009
50	756	0.000002
50	763	0.032155
50	775	0.000480
50	776	0.012887
51	55	0.000267
51	58	0.223678
51	60	0.000161
51	61	0.000003
51	67	0.000042
51	672	0.000001
51	688	0.000022
51	728	0.000006
51	740	0.000002
51	751	0.008521
51	753	0.000002
51	754	0.000001
51	755	0.000002
51	759	0.000006
52	56	0.000158
52	57	0.221519
52	59	0.000167
52	68	0.000050
52	69	0.751737
52	71	0.000191
52	72	0.000002
52	687	0.000022
52	727	0.000002
52	739	0.000002
52	750	0.008807
52	775	0.000003
52	776	0.000070
53	57	0.000148
53	59	0.000039
53	68	0.758058
53	69	0.000369
53	71	0.000008
53	80	0.000001
53	749	0.008811
53	775	0.000034
53	776	0.000003
54	58	0.000027
54	60	0.000009
54	61	0.000005
54	67	0.746267
54	79	0.000001
54	740	0.000002
54	748	0.008806
54	759	0.000002
55	59	0.000008
55	63	0.000237
55	68	0.000009
55	69	0.000002
55	78	0.000002
55	684	0.000025
55	739	0.000003
55	747	0.008791
55	758	0.000002
55	762	0.000003
55	778	0.000021
56	62	0.000244
56	64	0.000111
56	65	0.730368
56	66	0.028511
56	67	0.000030
56	75	0.000002
56	77	0.000002
56	677	0.000016
56	683	0.000027
56	737	0.000023
56	738	0.000003
56	743	0.000023
56	744	0.000017
56	745	0.000061
56	746	0.008693
56	777	0.000032
57	61	0.000103
57	62	0.000067
57	64	0.731901
57	65	0.027737
57	66	0.000051
57	74	0.000003
57	76	0.000001
57	676	0.000017
57	682	0.000028
57	736	0.000025
57	737	0.000002
57	742	0.000025
57	743	0.000019
57	744	0.000119
57	745	0.008588
57	777	0.000023
58	63	0.641141
58	70	0.000001
58	71	0.000003
58	72	0.000004
58	73	0.000003
58	675	0.000017
58	681	0.000031
58	684	0.000001
58	695	0.000010
58	735	0.000029
58	739	0.000004
58	741	0.000030
58	760	0.000032
58	775	0.000024
58	776	0.000022
58	778	0.000020
59	64	0.013585
59	65	0.000015
59	66	0.000012
59	74	0.000022
59	674	0.000017
59	680	0.000032
59	683	0.000001
59	694	0.001331
59	734	0.000028
59	736	0.000001
59	738	0.000004
59	740	0.000019
59	742	0.001554
59	743	0.001519
59	744	0.001644
59	759	0.000034
59	774	0.000024
59	777	0.000039
60	68	0.000002
60	69	0.000002
60	70	0.000936
60	71	0.000642
60	73	0.000023
60	679	0.000027
60	693	0.001337
60	739	0.000001
60	741	0.001482
60	758	0.000034
60	773	0.000024
60	776	0.000032
61	68	0.000004
61	69	0.001349
61	70	0.001531
61	71	0.000003
61	72	0.000023
61	692	0.001340
61	739	0.000006
61	741	0.000262
61	757	0.000034
61	772	0.000024
61	776	0.000001
62	68	0.002892
62	69	0.001995
62	71	0.000519
62	72	0.000001
62	594	0.000001
62	691	0.001340
62	739	0.000474
62	756	0.000034
62	771	0.000024
62	775	0.000005
62	776	0.000021
63	67	0.001911
63	690	0.001324
63	740	0.001745
63	751	0.000015
63	755	0.000021
63	770	0.000024
64	68	0.000214
64	69	0.000159
64	71	0.000394
64	72	0.000052
64	597	0.000005
64	687	0.000001
64	689	0.001293
64	739	0.001825
64	750	0.000025
64	769	0.000024
64	773	0.000002
64	775	0.000002
64	776	0.000238
65	69	0.000098
65	71	0.000249
65	72	0.000124
65	594	0.000002
65	596	0.000005
65	597	0.000169
65	679	0.000002
65	687	0.000444
65	689	0.000004
65	739	0.000046
65	749	0.000025
65	750	0.000003
65	767	0.000002
65	772	0.000002
65	775	0.000198
65	776	0.000183
66	71	0.000371
66	72	0.000003
66	594	0.000005
66	596	0.000170
66	597	0.000017
66	679	0.000024
66	687	0.000322
66	739	0.000053
66	747	0.000003
66	749	0.000003
66	767	0.000012
66	771	0.000002
66	775	0.000166
66	776	0.000026
67	71	0.000009
67	594	0.000002
67	595	0.000147
67	596	0.000017
67	675	0.000004
67	679	0.000149
67	681	0.000015
67	684	0.000279
67	685	0.000051
67	687	0.000054
67	735	0.004103
67	739	0.000168
67	747	0.000023
67	767	0.000003
67	775	0.000005
67	776	0.000003
67	778	0.000256
68	593	0.000001
68	671	0.000001
68	674	0.000017
68	677	0.000084
68	678	0.000222
68	680	0.000016
68	683	0.000310
68	686	0.000093
68	734	0.004434
68	736	0.000005
68	737	0.000452
68	738	0.000430
68	743	0.000014
68	744	0.000040
68	745	0.000004
68	746	0.000025
68	755	0.000002
68	765	0.000003
68	766	0.000015
68	774	0.000001
68	777	0.000505
69	593	0.000098
69	670	0.000001
69	673	0.000016
69	674	0.000004
69	676	0.000085
69	677	0.000222
69	678	0.000004
69	680	0.000004
69	682	0.000242
69	683	0.000298
69	686	0.000005
69	733	0.004383
69	734	0.000015
69	736	0.000450
69	737	0.000429
69	738	0.000002
69	742	0.000014
69	743	0.000040
69	744	0.000004
69	745	0.000025
69	754	0.000008
69	755	0.000003
69	764	0.000002
69	765	0.000016
69	777	0.000286
70	592	0.000056
70	672	0.000014
70	682	0.000272
70	732	0.003924
70	753	0.000056
70	754	0.000028
70	755	0.000003
70	764	0.000014
71	593	0.001203
71	671	0.000010
71	673	0.000002
71	674	0.000115
71	676	0.000059
71	677	0.000017
71	678	0.000020
71	680	0.000276
71	683	0.000054
71	686	0.000002
71	694	0.000008
71	731	0.003218
71	733	0.000002
71	734	0.000158
71	736	0.000145
71	737	0.000001
71	738	0.000003
71	742	0.000016
71	743	0.000010
71	744	0.000007
71	752	0.000062
71	753	0.000038
71	754	0.000002
71	777	0.004051
72	592	0.000336
72	593	0.959978
72	670	0.000002
72	674	0.000001
72	676	0.000005
72	677	0.000007
72	730	0.000007
72	731	0.000001
72	733	0.000004
72	734	0.000005
72	737	0.000001
72	742	0.000004
72	743	0.000003
72	752	0.000038
72	777	0.000012
73	592	0.993677
73	730	0.000002
73	740	0.000001
73	751	0.000037
74	590	0.000227
74	591	0.998514
74	729	0.000002
74	739	0.000002
74	750	0.000037
75	589	0.000120
75	590	0.997468
75	749	0.000033
76	588	0.000008
76	589	0.998611
76	591	0.000002
77	588	0.999815
77	590	0.000022
77	747	0.000024
77	749	0.000001
78	586	0.000044
78	587	0.998207
78	746	0.000023
78	748	0.000002
79	588	0.000053
79	747	0.000009
80	584	0.000005
80	585	0.017455
80	586	0.981531
80	587	0.000557
80	745	0.000022
80	746	0.000011
81	583	0.000005
81	584	0.017532
81	585	0.981723
81	586	0.000674
81	587	0.000002
81	744	0.000022
81	745	0.000011
82	582	0.000005
82	583	0.017566
82	584	0.981681
82	585	0.000684
82	586	0.000002
82	743	0.000022
82	744	0.000011
83	581	0.000004
83	582	0.017582
83	583	0.981616
83	584	0.000692
83	585	0.000002
83	742	0.000021
83	743	0.000011
84	580	0.000002
84	581	0.013632
84	582	0.976932
84	583	0.000697
84	584	0.000002
84	742	0.000011
85	579	0.000003
85	580	0.007632
85	740	0.000003
86	91	0.000009
86	95	0.000003
86	552	0.000038
86	554	0.979034
86	556	0.000150
86	739	0.000004
87	94	0.000003
87	552	0.000072
87	553	0.984868
87	554	0.000074
87	555	0.000232
88	93	0.000003
88	551	0.000080
88	737	0.000003
89	549	0.000001
89	551	0.998217
89	736	0.000003
90	548	0.000001
90	550	0.994044
90	552	0.000899
90	554	0.000006
91	547	0.000002
91	549	0.493053
91	551	0.000884
91	734	0.000002
92	546	0.000002
92	549	0.496666
92	551	0.000068
93	545	0.000001
93	548	0.997744
93	550	0.000073
94	547	0.999272
94	549	0.000072
95	546	0.999342
95	547	0.000011
96	547	0.000068
97	544	0.000009
97	545	0.999768
98	544	0.999945
99	543	0.999963
100	542	0.999991
101	541	0.999928
102	539	0.000005
102	540	0.998475
103	539	0.999975
104	537	0.000135
104	538	0.999819
105	533	0.000002
105	534	0.000023
105	537	0.991094
105	538	0.000002
106	532	0.000005
106	536	0.859973
107	531	0.000005
107	533	0.071052
107	537	0.000213
108	532	0.035971
108	536	0.000254
109	532	0.951854
110	529	0.000023
110	530	0.000659
110	531	0.998960
110	533	0.000050
111	167	0.000001
111	169	0.000001
111	528	0.000022
111	529	0.000670
111	530	0.998966
111	531	0.000259
112	168	0.000002
112	528	0.000299
112	529	0.993550
112	530	0.000276
112	531	0.000001
113	163	0.000030
113	165	0.002498
113	167	0.000003
113	528	0.977873
113	529	0.002392
113	530	0.000002
114	164	0.027770
114	166	0.000008
114	524	0.000022
114	527	0.885472
115	166	0.000145
115	523	0.000026
116	161	0.000010
116	162	0.993604
116	163	0.002012
116	165	0.000051
117	161	0.998888
117	162	0.001057
118	160	0.999424
119	159	0.999977
120	158	0.999979
121	156	0.000001
121	157	0.999033
122	156	0.999289
122	157	0.000001
123	155	0.999964
124	154	0.999511
125	153	0.999977
126	152	0.999984
127	150	0.000001
127	151	0.998870
128	150	0.999033
129	149	0.999970
130	148	0.999511
131	147	0.999977
132	146	0.999990
133	145	0.999985
134	144	0.999698
135	142	0.000009
135	143	0.999960
136	141	0.000009
136	142	0.999261
136	143	0.000005
137	141	0.756354
138	142	0.000002
162	527	0.000008
163	170	0.004073
163	172	0.000002
163	524	0.000052
163	527	0.001893
164	169	0.005440
164	171	0.000002
164	528	0.017999
164	529	0.000005
165	170	0.000003
165	175	0.000017
165	523	0.000089
165	524	0.001177
165	527	0.061727
166	174	0.000017
166	522	0.000101
166	525	0.773127
166	526	0.034369
167	173	0.000017
167	523	0.000021
167	524	0.975436
167	527	0.000010
168	172	0.000013
168	523	0.930511
169	520	0.000001
169	523	0.001158
169	524	0.000417
169	527	0.000004
170	521	0.890787
170	522	0.001097
170	526	0.000003
171	520	0.999547
172	519	0.999704
173	518	0.999932
174	517	0.997033
175	516	0.751845
175	518	0.000006
176	515	0.506317
176	516	0.248017
177	514	0.260664
177	515	0.493613
178	514	0.739137
179	513	0.983946
180	510	0.000022
180	511	0.002283
180	512	0.983967
181	509	0.000003
181	513	0.000009
182	509	0.000010
182	513	0.000002
183	509	0.999569
184	508	0.999486
185	507	0.999980
186	506	0.999938
187	504	0.000003
187	505	0.998459
188	503	0.000002
188	504	0.999896
189	503	0.989627
190	501	0.000036
190	502	0.740932
191	502	0.170821
192	500	0.000090
192	503	0.000034
193	499	0.000032
193	501	0.903826
193	502	0.000025
194	500	0.999783
195	498	0.000004
195	499	0.999944
196	498	0.998464
197	497	0.999858
198	496	0.999741
199	495	0.999985
200	494	0.999957
201	493	0.999932
202	491	0.000001
202	492	0.999940
202	493	0.000024
203	491	0.999805
203	492	0.000048
204	488	0.000364
204	491	0.000072
205	487	0.000363
206	487	0.000022
206	488	0.991107
207	487	0.971029
208	487	0.001190
209	485	0.991913
210	483	0.000001
210	484	0.998179
211	483	0.999978
212	482	0.999991
213	479	0.000001
213	481	0.999975
214	478	0.000006
214	479	0.000002
214	480	0.999566
215	477	0.000008
215	479	0.997920
218	476	0.928328
220	474	0.000006
220	475	0.991153
220	477	0.000001
220	478	0.000005
221	474	0.999815
221	477	0.000004
222	473	0.999935
222	476	0.000001
223	472	0.999432
224	471	0.997579
225	469	0.000639
225	470	0.948951
226	466	0.000001
226	467	0.000019
226	468	0.000890
227	466	0.000019
227	467	0.000522
227	468	0.951221
228	467	0.989703
229	469	0.000002
230	465	0.981588
230	466	0.000952
231	464	0.999852
232	462	0.000001
232	463	0.999012
233	462	0.998626
233	463	0.000001
234	461	0.999322
235	460	0.998642
236	459	0.999851
236	460	0.000002
237	458	0.999162
238	456	0.000001
238	457	0.998121
239	456	0.999263
239	457	0.000001
240	455	0.999984
241	454	0.999970
242	453	0.999129
243	452	0.997045
243	454	0.000005
244	451	0.974474
244	453	0.000211
245	452	0.000412
246	448	0.000005
246	449	0.000045
246	450	0.997878
246	451	0.000054
247	449	0.997790
247	451	0.000046
248	448	0.979791
248	449	0.001272
248	450	0.000064
249	446	0.002001
249	448	0.003340
249	449	0.000015
250	446	0.966623
250	448	0.000003
251	444	0.000002
251	445	0.999979
252	444	0.999975
253	443	0.999510
254	442	0.999954
255	440	0.000022
255	441	0.999702
256	440	0.999600
257	438	0.998894
257	440	0.000001
258	437	0.999953
259	436	0.999980
260	435	0.999582
261	407	0.000002
261	434	0.999956
262	433	0.999095
263	403	0.000190
263	405	0.000850
263	406	0.000061
263	429	0.000152
263	430	0.000003
263	431	0.000024
263	432	0.996974
264	402	0.000375
264	404	0.005795
264	405	0.000396
264	406	0.000064
264	428	0.000194
264	431	0.990222
265	399	0.000001
265	401	0.000468
265	409	0.000006
265	410	0.000005
266	273	0.000042
266	278	0.000001
266	290	0.000005
266	399	0.000002
266	401	0.001019
266	407	0.001790
266	409	0.000014
266	410	0.000011
267	277	0.000001
267	289	0.000005
267	295	0.000012
267	376	0.000004
267	399	0.000009
267	401	0.911214
267	409	0.000021
268	274	0.000020
268	276	0.000001
268	291	0.000048
268	292	0.000002
268	293	0.000019
268	294	0.000015
268	375	0.000005
268	400	0.975019
268	402	0.000017
268	403	0.000018
268	404	0.000009
268	405	0.000006
268	406	0.000003
268	408	0.000024
268	427	0.000108
268	428	0.000008
268	429	0.000048
268	430	0.000013
269	273	0.000024
269	290	0.000058
269	374	0.000005
269	398	0.000161
269	399	0.995614
269	401	0.000003
269	407	0.000021
270	289	0.000055
270	290	0.000023
270	397	0.000155
270	398	0.998686
270	399	0.000001
271	288	0.000012
271	289	0.000018
271	290	0.000137
271	396	0.000148
271	397	0.998722
272	287	0.000005
272	288	0.000002
272	289	0.000134
272	290	0.000093
272	396	0.998724
273	394	0.000668
273	395	0.990774
274	288	0.000500
275	287	0.000548
275	393	0.982342
276	286	0.000553
276	392	0.998859
277	285	0.000553
277	391	0.998069
278	284	0.000553
278	390	0.999179
278	391	0.000002
279	389	0.999372
280	387	0.000021
280	388	0.997933
281	383	0.000003
281	384	0.000030
281	386	0.000032
281	387	0.992665
281	388	0.000131
281	389	0.000004
282	383	0.000037
282	384	0.000025
282	386	0.963103
282	387	0.000425
282	388	0.000005
283	383	0.000045
283	384	0.000535
283	386	0.000726
283	387	0.000011
284	380	0.000646
284	383	0.000305
284	384	0.937087
284	386	0.000005
285	379	0.000649
285	383	0.995185
285	384	0.000094
286	378	0.000643
286	381	0.000207
286	382	0.997104
287	377	0.000640
287	381	0.995807
288	373	0.000001
288	375	0.000004
288	377	0.000027
288	378	0.000906
288	381	0.000030
289	372	0.000001
289	375	0.000041
289	377	0.000613
289	378	0.982133
290	377	0.992786
291	376	0.956330
291	379	0.000006
292	376	0.003657
293	370	0.000042
293	374	0.554974
293	376	0.000037
293	380	0.000007
294	369	0.000043
294	374	0.042123
294	376	0.000017
294	379	0.000006
295	368	0.000042
295	371	0.923996
295	372	0.006514
295	373	0.021079
295	375	0.000013
295	378	0.000003
296	367	0.000037
296	370	0.999602
296	374	0.000003
297	367	0.000006
297	369	0.999928
297	370	0.000006
298	366	0.000011
298	368	0.999519
299	367	0.999547
300	365	0.479318
300	366	0.514315
301	364	0.963559
302	363	0.999933
302	365	0.000005
303	362	0.999986
303	363	0.000003
304	361	0.999988
304	362	0.000002
305	360	0.999956
305	361	0.000001
306	359	0.999917
307	358	0.999743
308	357	0.999939
309	356	0.999938
310	355	0.999499
311	354	0.999192
312	353	0.999964
313	352	0.999731
314	351	0.999948
315	329	0.000020
315	350	0.999712
316	328	0.000078
316	349	0.939191
316	352	0.000012
317	327	0.000106
317	343	0.026809
317	351	0.000029
318	326	0.000106
318	329	0.000047
318	342	0.026825
318	350	0.000035
319	328	0.000047
319	341	0.026720
319	349	0.000053
320	324	0.000002
320	325	0.000002
320	327	0.000046
320	337	0.000001
320	340	0.025608
320	343	0.000001
320	344	0.000292
320	345	0.835207
321	326	0.000028
321	335	0.000001
321	337	0.000136
321	340	0.000034
321	343	0.000169
321	344	0.954147
321	345	0.001984
322	330	0.000007
322	335	0.000001
322	337	0.000584
322	340	0.000005
322	342	0.000022
322	343	0.964528
322	344	0.002125
322	345	0.000001
323	329	0.000008
323	335	0.001532
323	342	0.968378
323	343	0.001805
323	350	0.000004
324	328	0.000005
324	334	0.000772
324	339	0.000006
324	341	0.942049
324	349	0.000011
325	334	0.023646
325	339	0.002514
325	341	0.000420
325	349	0.000890
326	332	0.000011
326	333	0.024751
326	334	0.000076
326	336	0.000001
326	338	0.002168
326	339	0.938833
326	341	0.000001
326	347	0.000289
326	348	0.001793
326	349	0.000004
327	331	0.000005
327	332	0.024617
327	333	0.000076
327	336	0.001646
327	338	0.970462
327	339	0.000007
327	346	0.000294
327	347	0.001788
327	348	0.000007
328	335	0.001594
328	337	0.970489
328	345	0.000273
329	333	0.000025
329	334	0.000619
329	336	0.965571
329	338	0.000003
329	346	0.001682
329	347	0.000002
329	348	0.000002
330	334	0.005337
331	335	0.006244
331	344	0.002174
331	345	0.000003
332	343	0.002254
333	342	0.002253
334	340	0.000018
335	339	0.000014
335	341	0.000001
336	342	0.000001
342	348	0.000011
343	347	0.000011
343	348	0.000003
344	349	0.000002
374	394	0.000003
376	394	0.000269
377	393	0.000552
378	392	0.000553
379	391	0.000553
380	390	0.000554
380	394	0.000002
381	389	0.000554
381	393	0.000002
382	387	0.000001
382	388	0.000541
382	392	0.000002
383	391	0.000002
384	390	0.000002
394	407	0.000002
394	409	0.000002
395	407	0.001103
396	406	0.001109
397	405	0.001110
398	404	0.001110
398	405	0.000004
399	403	0.000902
399	404	0.000008
399	405	0.000005
399	406	0.000004
399	408	0.000002
400	409	0.002719
400	410	0.000002
401	405	0.000025
401	406	0.000245
401	408	0.011036
401	428	0.000002
401	429	0.000003
401	430	0.000019
402	407	0.045685
402	409	0.000101
402	410	0.001185
402	415	0.000001
402	419	0.000016
402	422	0.000003
402	434	0.000004
403	409	0.001987
403	410	0.000745
403	415	0.000092
403	418	0.000016
403	433	0.000005
404	409	0.001311
404	410	0.000048
404	413	0.000009
404	417	0.000016
404	419	0.000023
404	433	0.000001
405	409	0.000106
405	410	0.000053
405	412	0.000009
405	413	0.000168
405	418	0.000023
405	433	0.000001
406	410	0.000015
406	412	0.000168
406	415	0.000015
406	417	0.000024
407	411	0.000166
407	414	0.000015
407	416	0.000024
407	428	0.183399
407	431	0.000226
408	415	0.000023
409	414	0.000020
409	426	0.000481
409	427	0.765402
409	428	0.000690
409	429	0.000504
409	430	0.000202
410	426	0.962647
410	427	0.000752
410	428	0.000209
410	429	0.000064
410	430	0.000008
411	425	0.999683
412	424	0.999774
413	420	0.000001
413	423	0.999739
414	419	0.000006
414	422	0.999502
414	425	0.000008
415	420	0.000569
415	421	0.990051
415	423	0.000002
415	424	0.000008
415	426	0.000021
416	422	0.000021
416	425	0.000036
417	421	0.000025
417	424	0.000035
417	430	0.000081
418	423	0.000020
418	429	0.000107
419	424	0.000001
419	428	0.000110
420	425	0.000002
422	428	0.000004
517	525	0.000008
518	524	0.000009
519	523	0.000007
527	537	0.000003
528	536	0.000003
529	535	0.000004
529	536	0.000003
530	535	0.000004
546	554	0.000001
547	553	0.000001
552	581	0.000002
553	580	0.000002
554	581	0.000019
554	582	0.000050
554	583	0.000003
555	579	0.000002
555	580	0.000025
556	579	0.000010
556	580	0.000083
556	581	0.979288
556	582	0.000011
557	579	0.000062
557	580	0.988758
558	579	0.996520
558	580	0.000006
559	577	0.000011
559	578	0.999191
560	576	0.000037
560	577	0.999938
561	576	0.999351
561	577	0.000002
562	574	0.987566
562	576	0.000002
563	573	0.999934
563	575	0.000004
564	572	0.999984
564	573	0.000002
565	571	0.999384
566	570	0.811091
566	571	0.000048
587	679	0.000024
588	678	0.000026
590	677	0.000111
590	678	0.000002
591	676	0.000112
591	677	0.000002
591	777	0.000003
592	675	0.000106
592	776	0.000003
593	597	0.000001
593	675	0.000017
593	775	0.000003
593	776	0.000014
594	671	0.000013
594	672	0.000235
594	673	0.788428
594	674	0.000250
594	676	0.000002
594	777	0.000256
595	672	0.920562
596	670	0.000021
596	671	0.937724
596	672	0.000092
596	674	0.000010
597	670	0.934714
597	671	0.000110
597	673	0.000011
598	672	0.000015
599	668	0.996092
599	670	0.000001
599	671	0.000003
600	667	0.999972
600	669	0.000001
601	666	0.999511
602	665	0.999977
603	664	0.999991
604	663	0.999991
605	662	0.999957
606	661	0.999964
607	660	0.999991
608	659	0.999957
609	657	0.000008
609	658	0.999947
610	656	0.000016
610	657	0.999966
610	658	0.000002
611	654	0.000005
611	656	0.998723
611	657	0.000003
612	616	0.000001
613	653	0.000636
614	652	0.000330
614	653	0.863852
615	652	0.865255
615	653	0.000004
616	651	0.864967
616	652	0.000003
616	655	0.131663
617	650	0.861832
617	654	0.134346
618	643	0.000001
618	648	0.004279
618	653	0.131230
619	642	0.000001
619	647	0.002164
619	648	0.858863
619	652	0.127264
619	653	0.003143
620	647	0.863075
620	652	0.006240
621	646	0.864516
622	639	0.000003
622	645	0.864182
622	651	0.116090
623	641	0.000001
623	644	0.864414
623	646	0.000002
623	650	0.134585
624	637	0.000247
624	640	0.000001
624	642	0.000013
624	643	0.748940
624	645	0.000004
624	648	0.000002
624	649	0.134693
625	636	0.000538
625	640	0.000045
625	642	0.262211
625	643	0.106717
625	647	0.000005
625	648	0.134725
626	635	0.000573
626	636	0.000003
626	638	0.001291
626	640	0.004033
626	642	0.088665
626	643	0.002778
626	647	0.134646
627	634	0.000572
627	635	0.000002
627	637	0.001305
627	638	0.000012
627	639	0.003953
627	640	0.000070
627	642	0.002969
627	643	0.000403
627	645	0.124748
628	633	0.000555
628	641	0.013289
628	644	0.130416
628	646	0.000003
629	635	0.001366
629	636	0.000936
629	638	0.002431
629	640	0.013149
629	642	0.577578
629	643	0.065416
630	641	0.979502
631	635	0.000141
631	636	0.001074
631	638	0.010738
631	640	0.980472
631	642	0.000001
632	636	0.000013
632	637	0.009247
632	638	0.000015
632	639	0.980353
633	638	0.977361
633	640	0.000001
669	676	0.000001
669	777	0.001646
670	675	0.000001
670	776	0.001422
671	775	0.001152
671	776	0.000002
672	773	0.000003
672	776	0.000005
672	778	0.000797
673	697	0.000004
673	750	0.000006
673	756	0.000001
673	772	0.000003
673	775	0.000015
673	776	0.203538
674	679	0.000036
674	687	0.000025
674	689	0.000033
674	691	0.003616
674	695	0.004166
674	697	0.000006
674	739	0.000004
674	749	0.000027
674	750	0.000002
674	756	0.000142
674	771	0.000003
674	775	0.928763
674	776	0.000374
675	680	0.000058
675	682	0.000001
675	683	0.000009
675	686	0.000027
675	688	0.000040
675	690	0.003714
675	694	0.006210
675	704	0.000006
675	734	0.000002
675	738	0.000004
675	740	0.000002
675	748	0.000027
675	751	0.007328
675	752	0.002132
675	753	0.000004
675	754	0.000004
675	755	0.000042
675	770	0.000003
675	774	0.963612
675	777	0.000792
676	687	0.000040
676	689	0.003693
676	691	0.000106
676	695	0.000010
676	703	0.000006
676	739	0.000003
676	747	0.000026
676	749	0.000006
676	750	0.008481
676	756	0.000005
676	769	0.000003
676	773	0.963718
676	776	0.000663
677	687	0.000026
677	689	0.000020
677	691	0.000186
677	695	0.000002
677	702	0.000006
677	703	0.000005
677	749	0.008422
677	750	0.003695
677	756	0.000001
677	772	0.963716
677	775	0.000527
677	776	0.000216
678	687	0.003720
678	689	0.000641
678	691	0.015471
678	695	0.000003
678	702	0.000006
678	747	0.008281
678	749	0.003784
678	771	0.963635
678	773	0.000024
678	775	0.000351
679	683	0.000019
679	686	0.003643
679	688	0.000842
679	690	0.015899
679	694	0.000005
679	701	0.000005
679	706	0.000004
679	743	0.000002
679	744	0.000006
679	745	0.000016
679	746	0.008167
679	748	0.003843
679	752	0.000002
679	770	0.961612
679	774	0.000480
679	777	0.000026
680	687	0.000859
680	689	0.015946
680	691	0.000040
680	747	0.003832
680	749	0.000004
680	767	0.000030
680	769	0.958396
680	771	0.000022
680	773	0.000406
680	776	0.000026
681	688	0.015430
681	690	0.000053
681	704	0.000008
681	740	0.000004
681	748	0.000019
681	751	0.000331
681	759	0.000018
681	764	0.000018
681	766	0.000048
681	770	0.000024
682	687	0.013500
682	689	0.000043
682	692	0.001692
682	693	0.000003
682	698	0.000007
682	703	0.000008
682	739	0.000002
682	741	0.000089
682	747	0.000019
682	750	0.000362
682	757	0.000138
682	758	0.000010
682	763	0.000014
682	767	0.002645
682	768	0.855111
682	769	0.000012
682	772	0.000011
683	687	0.000014
683	689	0.000049
683	691	0.001944
683	695	0.000001
683	697	0.000008
683	702	0.000009
683	739	0.000004
683	747	0.000007
683	749	0.000451
683	750	0.000002
683	756	0.000160
683	763	0.000052
683	767	0.860943
683	769	0.000005
683	771	0.000013
684	688	0.000035
684	690	0.001703
684	701	0.000009
684	740	0.000433
684	748	0.000420
684	754	0.000001
684	755	0.000146
684	764	0.000070
684	766	0.645680
684	770	0.000011
685	690	0.000029
685	700	0.000008
685	730	0.000001
685	740	0.789326
685	748	0.001552
685	751	0.000009
685	753	0.000002
685	754	0.000051
685	755	0.000001
685	759	0.000002
685	764	0.032694
685	766	0.000151
686	691	0.000562
686	695	0.014582
686	711	0.000008
686	729	0.000002
686	739	0.854289
686	747	0.001687
686	749	0.000004
686	750	0.000009
686	756	0.000006
686	763	0.033108
686	767	0.000005
687	694	0.068210
687	699	0.000009
687	709	0.000367
687	734	0.000025
687	736	0.002931
687	737	0.005168
687	738	0.853259
687	740	0.000017
687	742	0.001097
687	743	0.000030
687	744	0.000023
687	745	0.000007
687	746	0.001626
687	748	0.000002
687	752	0.000005
687	755	0.000002
687	759	0.000164
687	764	0.000023
687	765	0.000132
687	766	0.000003
688	692	0.000019
688	693	0.066996
688	695	0.000015
688	698	0.000009
688	708	0.000368
688	710	0.000357
688	735	0.003074
688	739	0.000073
688	741	0.001122
688	747	0.000002
688	757	0.000002
688	758	0.000165
688	760	0.005508
688	761	0.000406
688	762	0.000327
688	763	0.000009
689	694	0.000814
689	707	0.000340
689	709	0.000449
689	734	0.003157
689	736	0.858118
689	737	0.003785
689	738	0.000129
689	740	0.000973
689	742	0.000979
689	743	0.000026
689	744	0.000332
689	745	0.000090
689	746	0.000002
689	752	0.000004
689	753	0.000001
689	754	0.000002
689	759	0.006097
689	764	0.000002
689	765	0.000024
689	766	0.000001
690	696	0.000008
690	708	0.000434
690	735	0.864474
690	739	0.000863
690	741	0.000977
690	756	0.000220
690	757	0.000466
690	758	0.005797
690	760	0.000206
690	761	0.000034
690	762	0.000024
690	763	0.000001
691	706	0.001263
691	707	0.000012
691	718	0.000001
691	732	0.000001
691	733	0.000515
691	734	0.861582
691	736	0.001276
691	737	0.000224
691	738	0.000972
691	740	0.000895
691	742	0.000346
691	743	0.000037
691	744	0.000023
691	752	0.000057
691	753	0.000004
691	754	0.000058
691	755	0.000601
691	759	0.000163
691	765	0.000218
692	705	0.001329
692	717	0.000001
692	732	0.000554
692	740	0.000007
692	751	0.000030
692	753	0.000054
692	754	0.000625
692	755	0.000675
692	759	0.000031
692	764	0.000172
693	704	0.001342
693	716	0.000001
693	730	0.000011
693	732	0.001998
693	740	0.000610
693	748	0.000002
693	751	0.000013
693	753	0.000462
693	754	0.000517
693	755	0.000741
693	759	0.000003
693	764	0.000044
693	770	0.000001
694	702	0.000007
694	703	0.001342
694	715	0.000001
694	729	0.000012
694	739	0.000645
694	747	0.000002
694	750	0.000017
694	756	0.000407
694	763	0.000070
694	767	0.000008
694	769	0.000002
695	701	0.000008
695	706	0.000018
695	709	0.000005
695	728	0.000007
695	731	0.006421
695	732	0.000053
695	733	0.968094
695	734	0.000432
695	736	0.000003
695	737	0.000001
695	738	0.000204
695	752	0.000016
695	753	0.000001
695	754	0.000206
695	755	0.000027
695	766	0.000002
696	700	0.000007
696	701	0.000367
696	705	0.000018
696	707	0.000278
696	713	0.000002
696	730	0.007231
696	732	0.980954
696	751	0.000005
696	753	0.000233
696	754	0.000013
696	766	0.004375
697	704	0.000012
697	705	0.000017
697	706	0.000295
697	712	0.000002
697	728	0.000001
697	730	0.000007
697	731	0.983432
697	736	0.000002
697	737	0.000004
697	752	0.000241
697	765	0.005680
698	704	0.000033
698	705	0.000248
698	728	0.007880
698	730	0.983493
698	740	0.000002
698	751	0.000239
698	764	0.005686
699	703	0.000046
699	711	0.000003
699	727	0.007966
699	729	0.982550
699	739	0.000002
699	750	0.000236
699	763	0.005687
700	710	0.000002
700	711	0.000041
700	726	0.004010
700	727	0.838399
700	729	0.000007
700	749	0.000204
700	761	0.000006
700	762	0.005636
701	708	0.000001
701	710	0.000310
701	726	0.981517
701	727	0.000571
701	735	0.000072
701	739	0.000019
701	747	0.000054
701	760	0.000010
701	761	0.005274
702	707	0.000001
702	709	0.000360
702	725	0.991626
702	734	0.000182
702	737	0.000092
702	738	0.000022
702	743	0.000004
702	745	0.000004
702	746	0.000081
702	759	0.000008
703	709	0.000014
703	724	0.991664
703	733	0.000182
703	736	0.000095
703	737	0.000020
703	742	0.000004
703	744	0.000004
703	745	0.000080
703	759	0.004584
704	708	0.000012
704	722	0.000047
704	723	0.990632
704	735	0.000091
704	741	0.000004
704	758	0.005428
705	721	0.000092
705	722	0.990062
705	723	0.000007
705	735	0.000002
705	757	0.005470
706	714	0.000001
706	715	0.000013
706	720	0.000180
706	721	0.987704
706	729	0.000001
706	739	0.000001
706	756	0.005449
707	714	0.000032
707	715	0.000007
707	720	0.791841
707	721	0.000156
707	722	0.000028
707	729	0.000005
707	741	0.000059
707	756	0.000002
708	713	0.000064
708	716	0.059161
708	717	0.000992
708	719	0.627706
708	728	0.000002
708	730	0.003816
708	732	0.000015
708	740	0.000063
708	751	0.000002
708	753	0.000013
708	754	0.000066
708	755	0.000036
709	714	0.014281
709	715	0.078738
709	720	0.188422
709	721	0.000003
709	727	0.000001
709	729	0.004434
709	739	0.000062
709	750	0.000002
709	756	0.000002
710	716	0.012910
710	717	0.271969
710	719	0.229009
710	728	0.002905
710	730	0.000018
710	732	0.000010
710	751	0.000003
710	753	0.000025
710	754	0.000005
710	755	0.000003
711	716	0.152643
711	717	0.003008
711	718	0.240586
711	719	0.000148
711	728	0.004931
711	731	0.000008
711	737	0.000017
711	748	0.000002
711	751	0.000006
711	752	0.000021
712	720	0.000150
712	721	0.000005
712	727	0.008247
712	739	0.000001
712	747	0.000002
712	750	0.000006
713	720	0.000013
713	726	0.008273
713	735	0.000018
713	749	0.000006
714	718	0.000889
714	719	0.000069
714	725	0.008279
714	734	0.000018
714	737	0.000001
714	738	0.000002
714	743	0.000003
714	745	0.000001
714	746	0.000002
714	748	0.000002
715	719	0.000013
715	724	0.008279
715	733	0.000018
715	736	0.000001
715	737	0.000002
715	742	0.000003
715	744	0.000001
715	745	0.000002
716	722	0.000013
716	723	0.008055
716	729	0.000001
716	741	0.000003
717	721	0.000022
717	722	0.006094
717	723	0.000003
718	727	0.000018
718	739	0.000001
719	726	0.000018
719	735	0.000005
720	725	0.000018
720	734	0.000006
720	738	0.000001
720	743	0.000005
721	733	0.000006
721	737	0.000001
721	742	0.000005
722	732	0.000006
723	730	0.000004
723	740	0.000005
724	729	0.000004
724	739	0.000005
727	736	0.000028
727	759	0.000001
728	735	0.000031
728	758	0.000001
728	760	0.000003
729	733	0.000003
729	734	0.000067
729	736	0.000012
729	738	0.000004
729	742	0.000001
729	752	0.000053
729	753	0.000002
729	754	0.000024
729	755	0.000014
729	759	0.000008
729	765	0.000002
730	735	0.000010
730	741	0.000001
730	757	0.000096
730	758	0.000005
731	739	0.000001
731	756	0.000115
731	763	0.000002
732	757	0.000031
732	762	0.000002
733	739	0.000003
733	749	0.000001
733	750	0.007632
733	756	0.000044
733	776	0.000002
734	739	0.000167
734	747	0.000004
734	749	0.010989
734	750	0.000026
734	756	0.001257
734	763	0.000009
734	767	0.000005
734	775	0.000002
735	740	0.000005
735	748	0.010973
735	751	0.084274
735	753	0.000010
735	754	0.000011
735	755	0.000732
735	759	0.000003
735	764	0.000002
735	766	0.000002
736	747	0.010611
736	749	0.000285
736	750	0.097156
736	756	0.000048
736	763	0.000002
736	773	0.000004
736	776	0.000012
737	747	0.000077
737	749	0.097699
737	750	0.003030
737	756	0.000151
737	772	0.000004
737	775	0.000009
737	776	0.000913
738	747	0.099430
738	749	0.003146
738	750	0.000078
738	756	0.000737
738	763	0.000002
738	767	0.000002
738	771	0.000004
738	775	0.000955
739	743	0.000142
739	744	0.001907
739	745	0.000846
739	746	0.096244
739	748	0.002524
739	751	0.000002
739	752	0.003761
739	753	0.000214
739	754	0.000059
739	755	0.000681
739	759	0.000007
739	765	0.000004
739	766	0.000001
739	770	0.000003
739	774	0.000940
739	777	0.000444
740	747	0.000498
740	749	0.007009
740	750	0.000006
740	756	0.000016
740	757	0.000005
740	758	0.000009
740	760	0.000004
740	761	0.000002
740	762	0.000001
740	773	0.000137
740	775	0.000004
740	776	0.000417
740	778	0.000009
741	748	0.053274
741	751	0.353098
741	753	0.000204
741	754	0.000059
741	755	0.000028
741	759	0.000006
741	764	0.000246
741	766	0.000003
741	770	0.000005
742	747	0.057932
742	749	0.003792
742	750	0.411911
742	756	0.000055
742	763	0.000283
742	767	0.000041
742	769	0.000005
742	771	0.000001
742	772	0.000069
742	773	0.001176
742	775	0.000186
742	776	0.000830
743	747	0.001444
743	749	0.410968
743	750	0.061114
743	756	0.000081
743	763	0.000034
743	767	0.000146
743	769	0.000002
743	771	0.000068
743	772	0.001409
743	773	0.000742
743	775	0.000839
744	749	0.063560
744	750	0.023031
744	756	0.000052
744	763	0.000032
744	767	0.000283
744	769	0.000019
744	771	0.001406
744	772	0.000966
744	773	0.000907
745	749	0.023521
745	750	0.000391
745	756	0.000110
745	763	0.000114
745	767	0.000626
745	769	0.000046
745	771	0.000971
745	772	0.000929
745	776	0.000038
746	750	0.000107
746	756	0.001434
746	763	0.000318
746	767	0.004252
746	769	0.002588
746	771	0.000928
746	775	0.000039
747	751	0.000011
747	752	0.000995
747	753	0.000014
747	754	0.000111
747	755	0.001298
747	759	0.000272
747	764	0.000010
747	765	0.000225
747	766	0.002941
747	770	0.000787
747	774	0.000039
747	777	0.000005
748	756	0.000024
748	757	0.000325
748	758	0.000284
748	760	0.000291
748	761	0.000041
748	762	0.000026
748	763	0.000013
748	767	0.020958
748	768	0.000497
748	769	0.000062
748	773	0.000038
748	776	0.000005
749	753	0.000028
749	754	0.000027
749	755	0.000059
749	759	0.000308
749	764	0.000066
749	765	0.065494
749	766	0.168051
749	770	0.000002
750	754	0.000034
750	755	0.000270
750	759	0.000517
750	764	0.062724
750	765	0.262202
750	766	0.000101
750	770	0.000002
750	774	0.000005
751	756	0.000055
751	757	0.003922
751	758	0.000535
751	760	0.000070
751	761	0.000030
751	762	0.000066
751	763	0.000144
751	767	0.000007
751	768	0.000728
751	773	0.000005
752	756	0.005545
752	763	0.632641
752	767	0.001046
752	769	0.000442
752	772	0.000005
753	757	0.000149
753	758	0.000239
753	760	0.001439
753	761	0.004543
753	762	0.639328
753	763	0.015372
753	767	0.000037
753	768	0.002317
753	769	0.000003
753	771	0.000005
754	758	0.000123
754	760	0.005752
754	761	0.613144
754	762	0.026581
754	763	0.004236
754	767	0.002079
754	768	0.000295
754	769	0.000001
755	760	0.483254
755	761	0.029888
755	762	0.007805
755	763	0.000220
755	767	0.000294
755	768	0.000096
756	764	0.000071
756	765	0.074171
756	766	0.000073
757	764	0.066073
757	766	0.000207
758	764	0.001286
758	766	0.000038
759	763	0.001532
759	767	0.000032
759	768	0.000019
760	764	0.000055
760	766	0.000080
761	766	0.000097
762	766	0.000027
763	774	0.000174
763	777	0.000023
764	768	0.000012
764	773	0.000173
764	776	0.000015
765	771	0.000001
765	772	0.000173
765	775	0.000014
765	776	0.000012
766	771	0.000152
766	773	0.000002
766	775	0.000013
767	774	0.000017
769	777	0.000043
770	776	0.000043
770	778	0.000008
771	777	0.000012
772	777	0.000019
773	777	0.000002
