1	7	0.000054
1	8	0.000046
1	9	0.000011
1	12	0.000003
1	13	0.000002
1	15	0.000014
1	41	0.350927
1	112	0.000002
1	718	0.000003
1	856	0.000029
1	860	0.225381
1	863	0.000021
1	872	0.000005
1	873	0.000009
1	874	0.000038
1	876	0.000005
1	877	0.000015
1	878	0.000042
1	879	0.000144
1	882	0.000115
1	883	0.000323
2	7	0.000160
2	8	0.000034
2	9	0.000006
2	11	0.000004
2	12	0.000003
2	14	0.000017
2	15	0.000005
2	30	0.000051
2	39	0.000278
2	40	0.464109
2	41	0.002765
2	42	0.008315
2	46	0.000089
2	111	0.000002
2	690	0.000001
2	717	0.000005
2	855	0.000042
2	856	0.000012
2	858	0.000246
2	859	0.255109
2	860	0.002392
2	863	0.000007
2	870	0.000325
2	872	0.000009
2	873	0.000036
2	874	0.000105
2	876	0.000011
2	877	0.000040
2	878	0.000242
2	879	0.000214
2	880	0.016304
2	882	0.000289
2	883	0.000046
2	885	0.003175
3	7	0.000031
3	8	0.000023
3	9	0.000010
3	11	0.000003
3	13	0.000016
3	14	0.000007
3	29	0.000052
3	39	0.464212
3	40	0.003407
3	41	0.006720
3	42	0.076284
3	46	0.000006
3	110	0.000002
3	689	0.000002
3	716	0.000005
3	854	0.000038
3	855	0.000019
3	858	0.252828
3	859	0.002561
3	860	0.000018
3	863	0.000003
3	870	0.000086
3	872	0.000014
3	873	0.000120
3	874	0.000055
3	876	0.000011
3	877	0.000209
3	878	0.000271
3	879	0.014788
3	880	0.006683
3	882	0.000023
3	883	0.000192
3	885	0.003620
4	8	0.000048
4	9	0.000030
4	12	0.000016
4	13	0.000007
4	28	0.000052
4	41	0.073425
4	688	0.000002
4	715	0.000005
4	853	0.000031
4	854	0.000017
4	856	0.000008
4	860	0.000012
4	863	0.000005
4	872	0.000102
4	873	0.000050
4	874	0.000008
4	876	0.000155
4	877	0.000205
4	878	0.012448
4	879	0.005727
4	882	0.000175
4	883	0.001416
5	10	0.000012
5	27	0.000052
5	687	0.000002
5	714	0.000005
5	857	0.003286
5	884	0.005956
6	26	0.000052
6	41	0.000754
6	853	0.000003
6	856	0.001348
6	860	0.000008
6	863	0.000046
6	872	0.000022
6	873	0.000005
6	874	0.000019
6	876	0.000636
6	877	0.000193
6	878	0.000081
6	879	0.000023
6	882	0.000290
6	883	0.004821
7	25	0.000048
7	37	0.000114
7	38	0.008803
7	43	0.000212
7	44	0.000217
7	45	0.000100
7	852	0.000004
7	861	0.000003
7	862	0.000048
7	864	0.000003
7	865	0.000009
7	866	0.000013
7	867	0.000015
7	868	0.000015
7	869	0.000021
7	871	0.000022
7	875	0.000563
7	881	0.000312
7	884	0.000011
7	886	0.000020
7	887	0.000022
8	22	0.000025
8	37	0.004786
8	38	0.818141
8	43	0.000143
8	44	0.000084
8	45	0.000011
8	861	0.000025
8	862	0.000002
8	864	0.000005
8	865	0.000012
8	866	0.000014
8	867	0.000014
8	868	0.000019
8	869	0.000003
8	871	0.000002
8	875	0.000008
8	881	0.000156
8	884	0.000004
8	886	0.000020
8	887	0.000044
9	19	0.000003
9	21	0.000030
9	37	0.971716
9	38	0.000279
9	43	0.000027
9	44	0.000004
9	861	0.000001
9	864	0.000005
9	865	0.000008
9	866	0.000008
9	867	0.000011
9	868	0.000002
9	881	0.000003
9	886	0.000077
10	18	0.000003
10	20	0.000031
10	23	0.000002
10	36	0.999706
10	42	0.000007
10	885	0.000079
11	16	0.000006
11	35	0.999745
11	884	0.000078
12	19	0.000002
12	31	0.000004
12	34	0.991685
12	35	0.000003
12	38	0.000001
13	31	0.000121
13	34	0.000106
13	37	0.000001
14	35	0.000005
15	31	0.914145
15	34	0.000006
15	881	0.000004
16	28	0.000021
16	29	0.077107
16	30	0.917158
16	32	0.000048
16	33	0.000004
16	880	0.000005
17	26	0.000064
17	28	0.533652
17	29	0.462634
17	879	0.000003
18	25	0.000136
18	27	0.988330
19	24	0.000099
19	26	0.987382
19	28	0.010478
20	25	0.983866
20	27	0.010729
21	26	0.008118
21	28	0.000001
21	29	0.000003
22	26	0.000008
22	28	0.000017
23	27	0.000017
27	36	0.000001
28	35	0.000001
33	886	0.000001
34	41	0.000004
35	40	0.000004
35	42	0.000001
35	885	0.000104
36	884	0.000105
37	41	0.000005
37	883	0.000100
38	863	0.000006
38	878	0.000001
38	879	0.000001
38	882	0.000071
38	883	0.000002
39	48	0.000014
39	72	0.000109
39	81	0.000042
39	82	0.000004
39	857	0.000004
39	884	0.000040
40	48	0.000143
40	71	0.000110
40	80	0.000042
40	81	0.000004
40	82	0.000002
40	844	0.000001
40	857	0.000003
40	884	0.000040
41	45	0.000145
41	47	0.000135
41	48	0.000002
41	49	0.000276
41	70	0.000109
41	80	0.000003
41	81	0.000002
41	792	0.000002
41	843	0.000002
41	857	0.000001
41	861	0.000321
41	862	0.000387
41	864	0.000047
41	865	0.000014
41	866	0.000004
41	867	0.000001
41	868	0.000001
41	875	0.000002
41	881	0.000012
41	884	0.000005
41	886	0.000206
41	887	0.000005
42	48	0.000337
42	68	0.000003
42	69	0.000106
42	78	0.000045
42	80	0.000003
42	791	0.000002
42	842	0.000002
42	857	0.000029
42	884	0.004581
43	67	0.000005
43	77	0.000045
43	79	0.000002
43	790	0.000002
43	841	0.000002
43	856	0.000016
43	860	0.011366
43	863	0.000055
43	872	0.000001
43	873	0.000007
43	874	0.000124
43	876	0.000002
43	877	0.000015
43	878	0.000119
43	879	0.000218
43	882	0.000017
43	883	0.004495
44	67	0.000002
44	76	0.000043
44	789	0.000002
44	840	0.000001
44	856	0.000002
44	860	0.001894
44	863	0.000033
44	872	0.000007
44	873	0.000147
44	874	0.000034
44	876	0.000010
44	877	0.000128
44	878	0.000253
44	879	0.000095
44	882	0.003415
44	883	0.000171
45	75	0.000031
45	79	0.000006
45	856	0.000005
45	860	0.001186
45	863	0.000083
45	872	0.000144
45	873	0.000037
45	874	0.000008
45	876	0.000100
45	877	0.000156
45	878	0.000091
45	879	0.000025
45	882	0.000143
45	883	0.000031
46	68	0.000016
46	78	0.000007
46	88	0.000026
46	691	0.000004
46	850	0.000002
46	857	0.975450
46	884	0.000016
47	67	0.000016
47	75	0.000011
47	77	0.000007
47	87	0.000026
47	690	0.000004
47	788	0.000001
47	849	0.000002
47	854	0.000013
47	856	0.990373
47	860	0.000048
47	883	0.000009
48	61	0.000074
48	62	0.000018
48	66	0.000014
48	74	0.000014
48	76	0.000007
48	86	0.000026
48	689	0.000004
48	787	0.000002
48	848	0.000002
48	853	0.000017
48	854	0.000050
48	855	0.996060
48	858	0.000008
48	859	0.000053
48	880	0.000006
48	882	0.000002
48	885	0.000003
49	60	0.000103
49	61	0.000009
49	75	0.000006
49	688	0.000004
49	786	0.000002
49	847	0.000001
49	853	0.000398
49	854	0.978768
49	856	0.000001
49	879	0.000005
50	59	0.000112
50	71	0.000033
50	72	0.000012
50	80	0.000001
50	82	0.000003
50	84	0.000011
50	687	0.000004
50	785	0.000002
50	850	0.000006
50	851	0.000014
50	857	0.000080
50	884	0.000004
51	58	0.000112
51	79	0.000001
51	849	0.000006
51	853	0.014624
51	854	0.000013
51	856	0.000078
51	883	0.000003
52	57	0.000111
52	69	0.000068
52	81	0.000040
52	82	0.000001
52	89	0.000001
52	114	0.000004
52	850	0.000056
52	851	0.997332
53	68	0.000069
53	78	0.000001
53	80	0.000040
53	88	0.000001
53	113	0.000004
53	832	0.000006
53	850	0.998588
53	851	0.000740
54	67	0.000067
54	77	0.000002
54	79	0.000041
54	87	0.000001
54	112	0.000004
54	701	0.000002
54	831	0.000006
54	849	0.954753
55	78	0.000038
55	700	0.000003
55	830	0.000006
55	850	0.000004
56	65	0.000067
56	66	0.000003
56	75	0.000021
56	77	0.000018
56	111	0.000004
56	699	0.000003
56	829	0.000006
56	847	0.000138
56	848	0.995805
56	849	0.000054
57	64	0.000067
57	65	0.000003
57	74	0.000024
57	76	0.000015
57	110	0.000004
57	698	0.000003
57	828	0.000006
57	847	0.997949
57	848	0.000111
58	63	0.000059
58	73	0.000024
58	108	0.000001
58	109	0.000003
58	697	0.000003
58	827	0.000006
58	846	0.999205
59	64	0.000001
59	74	0.000020
59	83	0.000002
59	107	0.000002
59	696	0.000003
59	826	0.000006
59	845	0.999726
60	71	0.000023
60	73	0.000020
60	82	0.000002
60	106	0.000002
60	695	0.000003
60	825	0.000006
60	843	0.000003
60	844	0.998779
61	70	0.000024
61	72	0.000020
61	81	0.000002
61	824	0.000006
61	842	0.000003
61	843	0.998563
62	68	0.000002
62	69	0.000024
62	71	0.000020
62	80	0.000002
62	84	0.000001
62	823	0.000006
62	842	0.999479
63	67	0.000004
63	79	0.000002
63	105	0.000003
63	694	0.000003
63	699	0.000009
63	701	0.000001
63	727	0.000028
63	786	0.000002
63	840	0.003785
63	841	0.958283
64	68	0.000027
64	69	0.000023
64	71	0.000033
64	72	0.000962
64	78	0.000002
64	82	0.000002
64	104	0.000003
64	691	0.000014
64	695	0.000322
64	710	0.000023
64	724	0.000240
64	725	0.003255
64	729	0.000019
64	782	0.000009
64	785	0.000003
64	791	0.000003
64	822	0.000007
64	823	0.000014
64	824	0.000019
64	836	0.000248
64	837	0.936173
65	69	0.000014
65	71	0.000973
65	72	0.002169
65	81	0.000002
65	103	0.000003
65	691	0.000056
65	695	0.000553
65	710	0.000019
65	724	0.003279
65	725	0.006179
65	761	0.000016
65	781	0.000009
65	791	0.000011
65	821	0.000007
65	822	0.000014
65	823	0.000019
65	835	0.000241
65	836	0.937432
65	837	0.009018
66	71	0.002176
66	72	0.000046
66	80	0.000002
66	102	0.000003
66	691	0.000254
66	695	0.003332
66	710	0.000179
66	724	0.006221
66	725	0.000296
66	760	0.000017
66	780	0.000009
66	785	0.000001
66	791	0.000021
66	820	0.000007
66	821	0.000014
66	822	0.000018
66	832	0.000002
66	835	0.936414
66	836	0.008938
66	837	0.000113
66	844	0.000004
67	71	0.000038
67	72	0.000003
67	73	0.000003
67	684	0.000019
67	687	0.000008
67	691	0.004586
67	692	0.000065
67	695	0.004610
67	697	0.003011
67	700	0.000022
67	703	0.000018
67	708	0.000029
67	709	0.000166
67	710	0.000022
67	724	0.000301
67	725	0.000001
67	731	0.000001
67	737	0.000005
67	759	0.000017
67	779	0.000009
67	785	0.000025
67	791	0.000008
67	792	0.003061
67	793	0.000010
67	801	0.000030
67	820	0.000014
67	821	0.000004
67	827	0.000001
67	830	0.000014
67	832	0.000043
67	833	0.001939
67	834	0.855095
67	835	0.006053
67	836	0.000073
67	837	0.000009
67	843	0.000006
68	74	0.000250
68	75	0.000131
68	76	0.000004
68	77	0.000014
68	79	0.000002
68	101	0.000004
68	683	0.000026
68	686	0.000129
68	688	0.000002
68	689	0.000740
68	690	0.068939
68	693	0.668937
68	694	0.097088
68	696	0.010423
68	698	0.000122
68	699	0.000044
68	701	0.000002
68	702	0.000051
68	705	0.000003
68	706	0.004462
68	707	0.000018
68	719	0.000003
68	720	0.085064
68	721	0.001396
68	722	0.000018
68	723	0.000282
68	730	0.000002
68	734	0.000001
68	735	0.000011
68	736	0.000010
68	758	0.000017
68	778	0.000009
68	784	0.000152
68	787	0.000076
68	788	0.000130
68	790	0.000067
68	794	0.000023
68	795	0.000009
68	797	0.000025
68	798	0.000003
68	799	0.000015
68	800	0.000103
68	803	0.000005
68	809	0.000001
68	819	0.000011
68	828	0.000003
68	829	0.000019
68	831	0.000030
68	838	0.000016
68	839	0.000522
68	840	0.000096
69	74	0.000151
69	75	0.000005
69	76	0.000035
69	77	0.000009
69	100	0.000004
69	682	0.000025
69	683	0.000037
69	686	0.000317
69	688	0.000689
69	689	0.077606
69	690	0.000007
69	693	0.106973
69	694	0.000063
69	696	0.000106
69	698	0.000045
69	701	0.000030
69	702	0.000144
69	704	0.000001
69	705	0.004480
69	706	0.000017
69	707	0.000002
69	718	0.000001
69	719	0.086512
69	720	0.001547
69	721	0.000003
69	722	0.000164
69	723	0.000012
69	734	0.000016
69	735	0.000003
69	736	0.000277
69	757	0.000017
69	777	0.000009
69	783	0.000150
69	784	0.000001
69	786	0.000072
69	787	0.000152
69	789	0.000071
69	790	0.008940
69	794	0.000009
69	796	0.000044
69	797	0.000007
69	798	0.000014
69	799	0.000113
69	808	0.000001
69	810	0.000143
69	818	0.000011
69	828	0.000005
69	829	0.000016
69	831	0.000077
69	838	0.000515
69	839	0.000095
69	840	0.000002
69	841	0.000149
70	75	0.000032
70	76	0.000012
70	77	0.000006
70	79	0.000001
70	682	0.000037
70	688	0.077252
70	690	0.000742
70	694	0.008677
70	699	0.000037
70	701	0.000143
70	704	0.004299
70	707	0.000863
70	718	0.087652
70	719	0.000785
70	721	0.000099
70	722	0.000011
70	733	0.000014
70	735	0.000278
70	756	0.000017
70	786	0.000146
70	788	0.000068
70	789	0.009622
70	790	0.000007
70	795	0.000046
70	796	0.000008
70	797	0.000013
70	798	0.000110
70	800	0.000003
70	807	0.000001
70	809	0.000153
70	814	0.000005
70	828	0.000018
70	829	0.000109
70	831	0.000589
70	840	0.000385
71	75	0.000006
71	76	0.000007
71	98	0.000004
71	683	0.000104
71	686	0.001602
71	688	0.000004
71	689	0.000665
71	690	0.799790
71	693	0.007319
71	694	0.000008
71	696	0.000009
71	698	0.000038
71	699	0.000008
71	702	0.000096
71	705	0.000003
71	706	0.000921
71	717	0.088547
71	718	0.000025
71	720	0.000060
71	721	0.000008
71	734	0.000273
71	735	0.000002
71	755	0.000017
71	784	0.000155
71	787	0.000052
71	788	0.009894
71	789	0.000004
71	794	0.000046
71	795	0.000008
71	796	0.000007
71	797	0.000085
71	799	0.000004
71	800	0.000005
71	808	0.000154
71	813	0.000005
71	828	0.000030
71	829	0.000017
71	831	0.000064
71	838	0.000010
71	839	0.000389
71	840	0.000002
72	76	0.000001
72	77	0.000002
72	97	0.000004
72	682	0.000100
72	683	0.000775
72	686	0.070817
72	688	0.000495
72	689	0.812652
72	690	0.000005
72	693	0.000006
72	696	0.000003
72	698	0.000007
72	701	0.000020
72	702	0.000338
72	705	0.000918
72	716	0.088569
72	717	0.000016
72	719	0.000041
72	720	0.000008
72	733	0.000057
72	734	0.000004
72	736	0.000001
72	754	0.000017
72	783	0.000152
72	784	0.000067
72	786	0.000015
72	787	0.009967
72	794	0.000008
72	795	0.000002
72	796	0.000067
72	798	0.000003
72	799	0.000005
72	807	0.000153
72	812	0.000005
72	828	0.000003
72	829	0.000114
72	831	0.000003
72	838	0.000377
72	839	0.000002
73	77	0.000001
73	79	0.000012
73	682	0.000780
73	688	0.812554
73	694	0.000002
73	699	0.000001
73	701	0.000294
73	704	0.000775
73	715	0.088453
73	718	0.000034
73	719	0.000007
73	733	0.000004
73	735	0.000001
73	753	0.000015
73	786	0.009975
73	795	0.000058
73	797	0.000002
73	798	0.000004
73	806	0.000153
73	826	0.000001
73	828	0.000098
73	829	0.000005
73	831	0.000001
74	78	0.000013
74	81	0.000001
74	687	0.809354
74	691	0.000015
74	695	0.000013
74	710	0.000002
74	713	0.000007
74	714	0.087940
74	729	0.000004
74	785	0.009947
74	791	0.000003
74	805	0.000153
74	823	0.000001
74	824	0.000004
74	835	0.000033
74	836	0.000037
74	837	0.000056
75	80	0.000001
75	96	0.000003
75	681	0.000047
75	684	0.012489
75	685	0.245878
75	687	0.000019
75	692	0.000002
75	700	0.000005
75	703	0.000007
75	709	0.000002
75	710	0.000008
75	711	0.000041
75	713	0.009664
75	714	0.000013
75	732	0.000002
75	793	0.000014
75	823	0.000004
75	825	0.000002
75	827	0.000001
75	834	0.000033
75	835	0.000035
75	836	0.000045
75	865	0.000006
75	866	0.000051
75	867	0.000001
76	95	0.000004
76	681	0.000489
76	684	0.202635
76	685	0.073319
76	687	0.000010
76	691	0.000002
76	700	0.000004
76	703	0.000002
76	708	0.000002
76	709	0.000027
76	710	0.000092
76	711	0.000050
76	713	0.000020
76	714	0.000002
76	731	0.000002
76	732	0.000005
76	792	0.000014
76	802	0.000003
76	822	0.000001
76	824	0.000001
76	825	0.000007
76	833	0.000032
76	834	0.000030
76	835	0.000023
76	864	0.000007
76	865	0.000064
76	866	0.000001
77	94	0.000004
77	681	0.914530
77	684	0.026214
77	685	0.000105
77	697	0.000002
77	700	0.000009
77	703	0.000006
77	708	0.000028
77	709	0.000111
77	710	0.000047
77	711	0.000035
77	713	0.000003
77	731	0.000006
77	791	0.000007
77	801	0.000002
77	802	0.000002
77	824	0.000004
77	832	0.000025
77	833	0.000020
77	834	0.000011
77	864	0.000067
77	865	0.000001
77	886	0.000001
78	93	0.000004
78	680	0.988840
78	682	0.000043
78	683	0.009637
78	686	0.000002
78	696	0.000001
78	698	0.000036
78	699	0.000005
78	702	0.000006
78	707	0.000026
78	712	0.000013
78	730	0.000006
78	783	0.000005
78	790	0.000002
78	800	0.000001
78	803	0.000002
78	831	0.000016
78	863	0.000067
78	885	0.000001
79	92	0.000004
79	679	0.996931
79	681	0.000209
79	685	0.000002
79	695	0.000001
79	697	0.000033
79	700	0.000001
79	708	0.000065
79	709	0.000015
79	711	0.000012
79	729	0.000003
79	802	0.000002
79	830	0.000015
79	861	0.000057
79	862	0.000035
79	884	0.000001
80	111	0.000002
80	112	0.000001
80	678	0.999350
80	680	0.000059
80	706	0.000215
80	707	0.000072
80	788	0.000002
80	860	0.000099
81	90	0.000004
81	110	0.000002
81	111	0.000001
81	677	0.999473
81	678	0.000009
81	705	0.000215
81	706	0.000073
81	787	0.000002
81	859	0.000105
82	90	0.000037
82	105	0.000001
82	110	0.000001
82	676	0.999480
82	677	0.000005
82	704	0.000211
82	705	0.000072
82	786	0.000002
82	858	0.000105
82	885	0.000015
83	88	0.000004
83	89	0.000037
83	104	0.000001
83	675	0.999449
83	785	0.000002
83	857	0.000105
83	884	0.000015
84	105	0.000032
84	107	0.000066
84	674	0.996270
84	702	0.000281
84	784	0.000002
84	855	0.000003
84	856	0.000062
84	883	0.000014
85	105	0.000131
85	701	0.000278
85	854	0.000003
85	882	0.000014
86	95	0.000001
86	102	0.000002
86	103	0.002538
86	104	0.000093
86	119	0.000001
86	128	0.000001
86	673	0.996296
87	94	0.000001
87	102	0.002619
87	103	0.000046
87	118	0.000002
87	127	0.000001
87	672	0.996298
87	700	0.000002
87	881	0.000011
88	93	0.000001
88	101	0.002799
88	117	0.000002
88	124	0.000001
88	671	0.996781
88	698	0.000248
88	699	0.000001
88	880	0.000011
89	100	0.002858
89	116	0.000002
89	123	0.000001
89	129	0.000011
89	629	0.000011
89	668	0.000001
89	670	0.996672
89	696	0.000289
89	879	0.000006
89	885	0.000005
90	95	0.000005
90	99	0.006775
90	102	0.000608
90	122	0.000001
90	125	0.000010
90	128	0.000011
90	628	0.000011
90	667	0.000002
90	669	0.991217
90	695	0.000290
90	884	0.000006
91	97	0.002009
91	98	0.106628
91	100	0.000010
91	101	0.012728
91	110	0.000001
91	111	0.000090
91	116	0.000002
91	117	0.000614
91	124	0.000155
91	627	0.000011
91	631	0.000013
91	632	0.000174
91	665	0.000807
91	668	0.757312
91	671	0.000001
91	694	0.000289
91	859	0.000080
92	97	0.114146
92	98	0.010391
92	100	0.030618
92	101	0.000010
92	107	0.000007
92	110	0.000099
92	111	0.000002
92	116	0.000655
92	117	0.000518
92	121	0.000020
92	123	0.000982
92	129	0.000003
92	626	0.000012
92	629	0.002808
92	631	0.000203
92	633	0.000002
92	664	0.000996
92	665	0.000002
92	666	0.000004
92	668	0.103170
92	670	0.000002
92	693	0.000289
92	858	0.000081
93	99	0.042789
93	102	0.000009
93	113	0.000360
93	114	0.000011
93	119	0.000038
93	120	0.000022
93	122	0.000985
93	125	0.000551
93	128	0.000002
93	625	0.000012
93	628	0.002814
93	630	0.000202
93	663	0.000995
93	667	0.204170
93	669	0.000002
93	691	0.000290
93	857	0.000081
94	112	0.000365
94	121	0.000818
94	124	0.000640
94	627	0.002805
94	666	0.190004
94	690	0.000290
94	856	0.000081
95	100	0.000066
95	101	0.000009
95	105	0.000001
95	107	0.000209
95	110	0.000002
95	111	0.000361
95	116	0.000672
95	117	0.014369
95	121	0.000003
95	123	0.000650
95	626	0.002791
95	629	0.000002
95	632	0.000001
95	633	0.000022
95	662	0.000064
95	664	0.000301
95	665	0.180767
95	666	0.000009
95	668	0.000030
95	689	0.000290
95	855	0.000081
96	105	0.004418
96	121	0.001876
96	124	0.000002
96	688	0.000289
96	854	0.000069
97	102	0.000005
97	103	0.000017
97	104	0.004666
97	114	0.000552
97	119	0.000164
97	120	0.002125
97	122	0.000002
97	126	0.000001
97	623	0.000004
97	625	0.000486
97	635	0.000011
97	636	0.001290
97	638	0.000013
97	663	0.027668
97	667	0.000007
97	687	0.000268
98	102	0.000018
98	103	0.004665
98	104	0.000001
98	113	0.000543
98	114	0.000069
98	119	0.002132
98	122	0.000091
98	125	0.000001
98	128	0.000002
98	623	0.001560
98	625	0.000011
98	635	0.001303
98	636	0.000029
98	638	0.000060
98	663	0.021836
98	667	0.000012
98	687	0.000020
99	112	0.000284
99	116	0.214394
99	117	0.008555
99	121	0.000107
99	129	0.000165
99	622	0.000719
99	633	0.000040
99	661	0.000039
99	662	0.020044
99	664	0.000858
99	665	0.000001
99	666	0.000001
99	668	0.000030
99	686	0.000037
100	113	0.000043
100	114	0.955015
100	120	0.000110
100	126	0.000010
100	128	0.000166
100	635	0.000001
100	636	0.000036
100	660	0.000003
100	663	0.000540
101	113	0.977239
101	114	0.000093
101	119	0.000111
101	125	0.000010
101	126	0.000169
101	635	0.000036
101	663	0.000002
101	667	0.000006
102	107	0.000021
102	110	0.000003
102	111	0.003380
102	112	0.978136
102	116	0.000002
102	117	0.000860
102	124	0.000009
102	633	0.000079
102	662	0.000003
102	666	0.000009
102	668	0.000004
103	110	0.003413
103	111	0.980015
103	112	0.000036
103	116	0.000843
103	117	0.007883
103	123	0.000008
103	124	0.000177
103	129	0.000001
103	632	0.000084
103	661	0.000001
103	665	0.000009
104	110	0.979025
104	111	0.000043
104	116	0.007922
104	123	0.000238
104	129	0.000115
104	631	0.000084
104	664	0.000009
105	109	0.794570
105	113	0.000010
105	114	0.000026
105	115	0.005331
105	122	0.000234
105	125	0.000043
105	126	0.000005
105	127	0.000005
105	128	0.000111
105	630	0.000078
105	663	0.000009
106	112	0.000012
106	121	0.000074
106	124	0.000050
107	113	0.006688
107	114	0.001245
107	120	0.000024
107	122	0.000143
107	125	0.000222
107	126	0.000003
107	623	0.000003
107	628	0.000009
107	638	0.000033
107	663	0.000001
108	112	0.004426
108	121	0.000074
108	124	0.000201
108	622	0.000003
108	627	0.000007
109	121	0.002249
110	114	0.000003
110	120	0.002777
110	126	0.000005
110	132	0.000053
110	636	0.003552
111	119	0.002810
111	125	0.000005
111	126	0.000002
111	131	0.000099
111	635	0.003593
111	638	0.000004
111	673	0.000068
112	118	0.002922
112	125	0.000002
112	130	0.000291
112	634	0.003591
112	637	0.000004
112	672	0.000071
113	117	0.002872
113	123	0.000005
113	124	0.000002
113	129	0.000333
113	633	0.003583
113	668	0.000003
113	671	0.000072
113	855	0.000097
113	856	0.000009
114	123	0.000002
114	129	0.000001
114	632	0.001808
114	633	0.000013
114	668	0.000003
114	670	0.000071
114	854	0.000099
114	855	0.000012
115	121	0.000011
115	853	0.000100
115	854	0.000011
116	120	0.000011
116	126	0.002808
116	630	0.000012
116	635	0.010743
116	636	0.128391
116	638	0.000187
116	663	0.000003
116	667	0.000001
116	669	0.000021
116	851	0.000215
117	125	0.002838
117	628	0.000011
117	635	0.129880
117	636	0.001670
117	638	0.000029
117	663	0.000004
117	667	0.000071
117	669	0.000001
117	850	0.000216
118	124	0.002824
118	627	0.000011
118	666	0.000070
118	849	0.000216
119	123	0.002702
119	129	0.000002
119	626	0.000010
119	631	0.000019
119	632	0.974411
119	633	0.009691
119	665	0.000069
119	677	0.000002
119	683	0.000283
119	848	0.000216
120	129	0.000005
120	629	0.000002
120	631	0.983580
120	632	0.006894
120	633	0.000015
120	664	0.000069
120	676	0.000002
120	682	0.000286
120	847	0.000216
121	127	0.000002
121	128	0.000005
121	130	0.000366
121	624	0.000006
121	628	0.000002
121	630	0.985713
121	637	0.000060
121	663	0.000068
121	675	0.000002
121	681	0.000286
121	846	0.000216
122	129	0.001479
122	626	0.000032
122	629	0.987052
122	631	0.004380
122	632	0.000011
122	662	0.000061
122	674	0.000025
122	680	0.000287
122	845	0.000216
123	128	0.001477
123	131	0.000003
123	625	0.000035
123	628	0.973416
123	630	0.004292
123	635	0.000634
123	636	0.000002
123	673	0.000028
123	679	0.000275
123	844	0.000216
124	130	0.000015
124	621	0.000004
124	624	0.000036
124	625	0.000003
124	628	0.014308
124	630	0.000362
124	634	0.000642
124	672	0.000028
124	679	0.000012
124	843	0.000215
125	129	0.000016
125	620	0.000004
125	626	0.007901
125	627	0.844994
125	629	0.002625
125	632	0.000445
125	633	0.000640
125	671	0.000027
125	677	0.000017
125	678	0.000269
126	619	0.000004
126	622	0.000012
126	626	0.963501
126	627	0.000021
126	629	0.000058
126	631	0.000496
126	632	0.000636
126	670	0.000016
126	676	0.000017
126	677	0.000269
126	841	0.000213
127	622	0.000018
127	627	0.006795
127	840	0.000215
128	618	0.000004
128	622	0.000056
128	626	0.006950
128	629	0.001168
128	631	0.000021
128	668	0.000009
128	676	0.000263
128	839	0.000209
129	617	0.000004
129	623	0.979421
129	625	0.006698
129	628	0.001169
129	630	0.000021
129	667	0.000009
129	675	0.000261
129	837	0.000002
130	616	0.000004
130	622	0.968452
130	627	0.001151
130	666	0.000005
131	615	0.000004
131	619	0.000002
131	620	0.996151
131	622	0.000003
131	626	0.000283
131	665	0.000001
132	614	0.000004
132	619	0.999869
132	620	0.000051
132	664	0.000001
133	613	0.000004
133	618	0.999960
133	619	0.000026
134	617	0.999934
135	615	0.000141
135	616	0.998336
136	614	0.000144
136	615	0.999828
137	611	0.000003
137	613	0.000147
137	614	0.999838
138	611	0.000189
138	613	0.999783
139	609	0.000415
139	610	0.000255
139	612	0.998744
140	608	0.001940
140	611	0.995173
142	607	0.982147
142	608	0.014479
143	606	0.999947
143	609	0.000002
144	605	0.999509
145	604	0.999981
146	603	0.999991
147	602	0.999977
148	601	0.999511
149	600	0.999970
150	596	0.000003
150	598	0.000003
150	599	0.999028
151	595	0.000033
151	597	0.000003
151	598	0.998830
152	594	0.000038
152	596	0.000006
152	597	0.999911
153	593	0.000039
153	594	0.000008
153	596	0.997014
153	597	0.000012
154	592	0.000021
155	592	0.000016
156	592	0.000484
157	592	0.988913
158	591	0.999943
159	590	0.999976
160	589	0.999698
161	588	0.999933
162	583	0.000001
162	584	0.000069
162	585	0.000216
162	586	0.002081
162	587	0.997572
163	582	0.000002
163	583	0.000085
163	584	0.000272
163	585	0.004152
163	586	0.995446
163	587	0.000013
164	176	0.000008
164	214	0.000001
164	413	0.000001
164	521	0.000003
164	536	0.000007
164	581	0.000002
164	582	0.000101
164	583	0.000330
164	584	0.006213
164	585	0.992600
164	586	0.000025
165	175	0.000032
165	213	0.000003
165	412	0.000001
165	520	0.000003
165	527	0.000002
165	535	0.000009
165	536	0.000004
165	580	0.000002
165	581	0.000116
165	582	0.000389
165	583	0.008177
165	584	0.978619
165	585	0.000033
166	174	0.000036
166	212	0.000004
166	215	0.000007
166	216	0.872656
166	217	0.001833
166	234	0.000002
166	534	0.000004
167	173	0.000036
167	211	0.000004
167	212	0.000002
167	215	0.999187
167	233	0.000003
168	172	0.000024
168	214	0.999319
168	232	0.000002
168	579	0.000005
169	213	0.999756
169	232	0.000001
169	578	0.000005
170	210	0.004037
170	211	0.000528
170	212	0.995097
170	231	0.000003
170	576	0.000001
170	577	0.000004
171	175	0.000002
171	209	0.024227
171	230	0.000003
171	575	0.000003
172	206	0.000002
172	207	0.000021
172	208	0.024369
172	210	0.950396
172	211	0.000239
172	229	0.000003
172	574	0.000002
173	209	0.939869
173	228	0.000003
175	204	0.001148
175	206	0.644873
175	210	0.000002
175	211	0.000003
176	203	0.000866
176	204	0.997048
176	206	0.000540
176	210	0.000001
177	202	0.000579
177	203	0.998950
177	204	0.000165
178	201	0.000292
178	202	0.999299
178	203	0.000111
179	201	0.999627
179	202	0.000058
180	200	0.999466
181	198	0.000001
181	199	0.998121
182	198	0.998841
183	197	0.999964
184	196	0.999509
185	193	0.000002
185	195	0.999972
186	192	0.000006
186	194	0.999917
187	191	0.000024
187	193	0.991644
187	195	0.000007
188	192	0.980165
188	194	0.000008
189	193	0.000009
204	236	0.000004
205	235	0.000004
206	419	0.000021
207	418	0.000021
208	232	0.000007
208	417	0.000021
209	222	0.000002
209	231	0.000007
209	416	0.000021
209	537	0.000002
209	542	0.000005
210	221	0.000002
210	230	0.000007
210	415	0.000016
210	536	0.000002
210	583	0.000007
210	584	0.000004
211	220	0.000002
211	228	0.000008
211	413	0.000021
211	535	0.000002
211	536	0.000004
211	540	0.000010
211	582	0.000008
211	583	0.000005
212	227	0.000008
212	412	0.000021
212	535	0.000004
212	539	0.000010
212	581	0.000008
212	582	0.000005
213	411	0.000021
213	538	0.000010
214	225	0.000007
214	537	0.000010
215	221	0.000001
215	224	0.000008
215	239	0.000003
215	410	0.000005
215	536	0.000010
215	581	0.000005
216	220	0.000001
216	238	0.000198
216	409	0.000003
216	580	0.000009
217	226	0.000008
217	235	0.000005
217	238	0.000694
217	409	0.000001
217	540	0.000003
217	579	0.000008
217	580	0.000016
218	224	0.000046
218	227	0.001555
218	228	0.000005
218	230	0.000002
218	235	0.000009
218	236	0.991047
218	239	0.000028
218	434	0.000001
218	535	0.000001
218	536	0.000005
218	539	0.000003
218	578	0.000003
218	581	0.000012
218	582	0.000002
218	583	0.000002
219	226	0.001517
219	232	0.000005
219	235	0.992985
219	238	0.000036
219	422	0.000029
219	433	0.000001
219	580	0.000010
220	225	0.001233
220	229	0.000001
220	231	0.000002
220	233	0.000006
220	234	0.993096
220	237	0.000042
220	421	0.000031
220	429	0.000002
220	432	0.000001
220	534	0.000001
220	538	0.000003
220	577	0.000002
221	231	0.000373
221	233	0.990230
221	420	0.000031
221	428	0.000002
221	431	0.000001
221	533	0.000001
221	537	0.000079
221	576	0.000002
222	226	0.000004
222	227	0.000330
222	228	0.000470
222	230	0.000913
222	232	0.370262
222	235	0.000003
222	236	0.001790
222	418	0.000001
222	419	0.000033
222	425	0.000004
222	535	0.000070
222	536	0.000088
222	575	0.000002
222	581	0.000005
223	232	0.578718
223	235	0.001773
223	417	0.000004
223	418	0.000029
223	580	0.000004
224	231	0.883540
224	233	0.002342
224	416	0.000007
224	423	0.000015
224	533	0.000401
225	232	0.002793
225	235	0.000117
225	415	0.000007
225	417	0.000002
225	422	0.000015
225	532	0.000405
226	231	0.002645
226	234	0.000157
226	414	0.000005
226	421	0.000015
226	441	0.000028
226	531	0.000405
226	543	0.000002
227	231	0.000327
227	233	0.000160
227	414	0.000001
227	420	0.000015
227	440	0.000018
227	530	0.000406
227	542	0.000002
228	233	0.000030
228	416	0.000074
228	440	0.002563
228	529	0.000405
228	541	0.000002
229	415	0.000079
229	439	0.002592
229	540	0.000001
230	414	0.000080
230	438	0.002592
230	528	0.000388
230	537	0.000002
231	236	0.000034
231	412	0.000042
231	413	0.000047
231	436	0.001303
231	437	0.001301
231	527	0.000391
231	536	0.000002
232	411	0.000074
232	435	0.002592
232	525	0.000162
232	526	0.000237
233	410	0.000087
233	412	0.000011
233	434	0.002607
233	524	0.000309
233	581	0.000002
234	409	0.000073
234	433	0.002606
234	523	0.000301
234	580	0.000002
235	408	0.000022
235	411	0.000005
235	432	0.002604
235	522	0.000258
236	407	0.000008
236	411	0.000001
236	428	0.000001
236	431	0.002599
237	409	0.459241
237	580	0.000005
238	407	0.000005
238	408	0.908378
238	429	0.000003
239	406	0.000020
239	407	0.998175
239	428	0.000002
240	405	0.000021
240	406	0.999327
240	407	0.000309
241	404	0.000017
241	405	0.999637
241	406	0.000319
242	404	0.999599
242	405	0.000326
243	402	0.000014
243	403	0.991075
243	404	0.000315
245	402	0.898322
246	399	0.000014
246	401	0.898322
247	399	0.991400
248	398	0.999931
248	399	0.000020
249	397	0.999976
249	398	0.000014
250	396	0.999984
250	397	0.000007
251	395	0.999991
252	394	0.999977
253	393	0.999484
254	392	0.999545
255	385	0.000001
255	390	0.000016
255	391	0.139503
256	390	0.126732
256	391	0.860113
257	381	0.000002
257	390	0.870981
257	391	0.000005
258	380	0.000001
258	383	0.003693
258	384	0.115881
258	386	0.003915
258	387	0.015209
258	388	0.003286
258	389	0.840129
259	383	0.256803
259	384	0.001320
259	386	0.021439
259	387	0.005103
259	388	0.668693
259	389	0.000330
260	381	0.996116
261	380	0.999846
261	383	0.000003
261	384	0.000002
261	386	0.000065
262	379	0.999481
262	384	0.000002
263	378	0.999479
263	382	0.000003
264	377	0.999893
264	381	0.000003
265	376	0.987407
266	374	0.146818
266	376	0.000045
266	380	0.000007
267	376	0.000040
267	379	0.000006
268	371	0.925032
268	372	0.010413
268	373	0.005395
268	375	0.000051
268	378	0.000002
269	369	0.000109
269	370	0.999503
269	374	0.000014
270	368	0.000118
270	369	0.999800
270	370	0.000069
271	367	0.000125
271	368	0.999797
271	369	0.000064
272	367	0.999594
272	368	0.000058
273	363	0.000002
273	365	0.998903
274	362	0.000001
274	364	0.996494
275	364	0.000172
276	362	0.995677
276	364	0.000003
277	358	0.000002
277	360	0.000001
277	361	0.998089
277	363	0.000003
278	357	0.000003
278	360	0.998404
278	361	0.000234
278	363	0.000008
279	356	0.000003
279	359	0.976086
279	362	0.000007
280	288	0.000001
280	355	0.000002
281	287	0.000001
281	356	0.001401
281	359	0.011295
282	355	0.001129
283	355	0.000009
284	355	0.000012
284	356	0.997678
285	352	0.000168
285	355	0.998207
286	351	0.000153
286	353	0.000004
286	354	0.999081
287	350	0.000130
287	351	0.000010
287	353	0.998194
288	350	0.000010
288	351	0.000683
288	353	0.000013
289	350	0.000102
289	351	0.721085
289	354	0.000006
290	350	0.993170
290	351	0.000648
290	353	0.000007
291	349	0.970807
291	352	0.000007
292	349	0.004125
293	347	0.992218
293	348	0.004892
293	349	0.000674
294	346	0.996190
294	347	0.002477
294	348	0.000994
294	349	0.000003
295	345	0.997996
296	344	0.998184
296	346	0.000026
296	347	0.001300
296	348	0.000003
297	302	0.000001
297	304	0.000001
297	341	0.000020
297	344	0.000078
297	346	0.001508
297	347	0.000002
298	340	0.000020
298	342	0.989079
298	343	0.000073
298	345	0.001532
299	339	0.000020
299	341	0.997923
299	344	0.001533
299	346	0.000004
300	340	0.996338
300	343	0.001344
300	345	0.000003
301	339	0.973406
302	306	0.000001
302	342	0.000140
302	343	0.000213
303	342	0.000222
303	343	0.000176
304	342	0.000185
304	343	0.000065
305	342	0.000067
306	338	0.997937
306	339	0.000016
306	341	0.000040
307	337	0.999440
307	340	0.000022
308	336	0.999973
308	339	0.000002
309	335	0.999958
309	338	0.000002
310	334	0.983005
312	331	0.000001
312	332	0.994313
312	333	0.000931
313	331	0.999385
314	330	0.999490
315	329	0.999963
316	328	0.999575
317	326	0.000011
317	327	0.999915
318	326	0.998639
318	327	0.000036
318	329	0.000002
319	328	0.000005
320	326	0.000214
320	327	0.000008
321	325	0.000664
321	326	0.000010
381	386	0.000159
381	387	0.000006
381	388	0.000021
381	389	0.000068
382	387	0.000208
382	388	0.000133
383	390	0.000010
383	391	0.000001
384	390	0.000001
386	390	0.000005
386	391	0.000002
405	583	0.000002
406	536	0.000312
406	582	0.000003
407	535	0.000430
407	536	0.000613
407	581	0.000004
408	532	0.000001
408	580	0.000004
409	426	0.000019
409	427	0.000043
409	429	0.000069
409	432	0.000002
409	441	0.000002
409	531	0.000001
409	534	0.447988
409	537	0.000003
410	428	0.000126
410	431	0.000004
410	440	0.000005
410	528	0.000001
410	530	0.000003
410	531	0.000026
410	533	0.975376
410	537	0.000026
411	425	0.012745
411	439	0.000005
411	532	0.985397
411	535	0.000003
411	536	0.000020
411	578	0.000006
412	424	0.012773
412	438	0.000005
412	529	0.000103
412	530	0.000033
412	531	0.986847
412	577	0.000006
413	423	0.012772
413	528	0.000105
413	529	0.000052
413	530	0.986738
413	576	0.000006
414	419	0.000003
414	422	0.012709
414	436	0.000005
414	527	0.000100
414	575	0.000006
415	421	0.012645
415	435	0.000005
415	526	0.000088
415	528	0.977993
415	529	0.000018
415	574	0.000005
416	434	0.000005
416	527	0.986757
417	430	0.000003
417	525	0.000040
417	526	0.983467
418	429	0.000004
418	432	0.000004
418	525	0.957340
418	526	0.001065
419	428	0.000005
419	431	0.000004
420	523	0.000055
420	524	0.986115
421	523	0.986508
422	522	0.986351
423	520	0.000009
423	521	0.987085
424	520	0.985109
424	521	0.000006
425	431	0.007629
425	518	0.000596
426	433	0.000042
426	517	0.000263
427	433	0.000132
427	517	0.000006
427	523	0.000003
428	433	0.000016
428	434	0.000094
428	520	0.000085
428	521	0.000011
428	523	0.000002
428	524	0.007134
428	527	0.000032
428	581	0.000030
429	433	0.000085
429	523	0.006932
429	580	0.000030
430	523	0.000024
430	579	0.000027
431	520	0.001323
431	521	0.006830
431	523	0.000002
431	524	0.000423
431	536	0.000002
431	578	0.000021
431	581	0.000001
432	523	0.000420
432	532	0.000002
433	441	0.000003
433	518	0.000002
433	519	0.982414
433	522	0.000090
433	531	0.000002
433	534	0.000003
433	577	0.000004
434	440	0.000004
434	516	0.000001
434	518	0.996553
434	530	0.000002
434	533	0.000003
434	576	0.000004
435	439	0.000003
435	517	0.996631
435	532	0.000003
436	445	0.000002
436	515	0.000019
436	516	0.997299
436	529	0.000009
436	531	0.000003
436	542	0.000015
436	577	0.000012
437	444	0.000002
437	514	0.000034
437	515	0.996953
437	528	0.000009
437	530	0.000003
437	541	0.000015
437	576	0.000012
438	443	0.000002
438	527	0.000010
438	540	0.000013
438	575	0.000012
439	513	0.994385
439	514	0.000005
439	525	0.000003
439	526	0.000007
439	528	0.000003
439	574	0.000011
440	511	0.000069
440	512	0.997132
440	524	0.000006
440	527	0.000003
440	539	0.000019
440	573	0.000002
441	510	0.002206
441	511	0.963305
441	523	0.000006
441	540	0.000017
442	509	0.002215
442	537	0.000003
442	538	0.001159
443	509	0.984531
443	537	0.002428
444	507	0.000004
444	508	0.995458
444	521	0.000017
444	536	0.002638
445	453	0.000001
445	507	0.997310
445	520	0.000017
445	535	0.002638
446	452	0.000001
446	506	0.997267
446	518	0.000019
446	533	0.002640
447	505	0.977277
447	517	0.000019
447	532	0.002640
448	502	0.000018
448	516	0.000019
448	531	0.002641
449	502	0.000269
449	515	0.000019
449	530	0.002641
450	499	0.000013
450	502	0.994715
450	514	0.000019
450	529	0.002641
451	498	0.000013
451	501	0.996682
451	513	0.000019
451	528	0.002637
452	497	0.000014
452	500	0.997270
452	512	0.000019
452	527	0.002637
453	496	0.000014
453	498	0.001961
453	499	0.991673
453	501	0.000005
453	522	0.000002
453	525	0.000159
453	526	0.002185
454	497	0.003929
454	500	0.000006
454	521	0.000004
454	524	0.000315
455	497	0.913079
455	520	0.000004
455	523	0.000128
455	524	0.001835
456	523	0.001627
457	523	0.000004
458	495	0.987318
459	493	0.000014
459	494	0.999865
459	521	0.000014
460	492	0.000015
460	493	0.999944
460	494	0.000012
460	520	0.000014
460	521	0.000002
461	491	0.000013
461	492	0.999811
461	493	0.000012
461	520	0.000002
462	491	0.956905
463	487	0.000002
463	491	0.005332
463	517	0.000010
464	485	0.000001
464	516	0.000009
465	487	0.000003
465	491	0.000208
466	484	0.000008
466	487	0.000018
466	491	0.000067
467	483	0.000009
467	487	0.000051
467	488	0.995343
468	487	0.998874
469	478	0.000001
469	482	0.000004
469	485	0.000001
469	486	0.999415
469	519	0.000001
470	477	0.000002
470	481	0.000004
470	485	0.999848
470	518	0.000001
471	484	0.984541
471	487	0.000006
471	517	0.000001
472	477	0.000002
472	478	0.000226
472	479	0.000012
472	481	0.000059
472	482	0.871334
472	486	0.000012
472	516	0.000001
473	477	0.000224
473	479	0.000335
473	481	0.901309
473	482	0.090300
473	485	0.000013
474	480	0.887688
474	483	0.002138
474	484	0.000018
475	484	0.000002
476	481	0.001652
476	482	0.001617
477	483	0.000051
478	484	0.000004
478	508	0.000001
479	483	0.000008
479	507	0.000001
480	506	0.000001
481	504	0.000002
482	503	0.000002
483	502	0.000002
484	501	0.000002
485	500	0.000002
490	517	0.000002
491	516	0.000002
492	515	0.000009
492	516	0.000003
493	514	0.000009
493	515	0.000006
494	514	0.000006
495	511	0.000042
495	512	0.000014
495	524	0.000084
496	510	0.000185
496	511	0.000008
496	523	0.000094
497	509	0.000209
498	508	0.000209
498	511	0.000001
498	520	0.000005
498	521	0.002421
499	507	0.000210
499	510	0.000002
499	520	0.002425
500	506	0.000210
500	509	0.000002
500	518	0.002409
501	505	0.000138
501	508	0.000002
501	517	0.002402
502	507	0.000002
502	517	0.000039
503	515	0.002409
503	516	0.000040
504	514	0.002411
504	515	0.000039
505	513	0.002408
505	514	0.000037
506	512	0.002374
511	519	0.000002
512	518	0.000002
513	517	0.000002
514	521	0.000165
515	520	0.000165
515	521	0.000003
515	536	0.000001
516	520	0.000003
516	535	0.000002
517	534	0.000002
519	532	0.000014
520	528	0.000002
520	529	0.000415
520	530	0.000005
520	531	0.000018
520	542	0.000004
521	528	0.000427
521	529	0.000006
521	530	0.000018
521	533	0.000078
521	541	0.000004
522	532	0.000079
522	540	0.000003
523	531	0.000079
523	534	0.000002
524	530	0.000079
524	533	0.000003
524	541	0.000001
525	532	0.000002
525	540	0.000001
527	537	0.002220
527	538	0.000003
528	535	0.000001
528	536	0.002524
528	582	0.000012
528	583	0.003720
528	584	0.000894
528	585	0.000639
528	586	0.000003
529	535	0.002518
529	536	0.000448
529	581	0.000012
529	582	0.003734
529	583	0.001236
529	584	0.001181
529	585	0.000005
530	535	0.000456
530	536	0.000033
530	580	0.000011
530	581	0.003729
530	582	0.001240
530	583	0.001873
530	584	0.000012
531	535	0.000032
531	536	0.000004
531	579	0.000002
531	580	0.003615
531	581	0.001217
531	582	0.001880
531	583	0.000018
533	578	0.000011
533	579	0.000050
533	580	0.000170
533	581	0.004663
533	582	0.000122
533	583	0.000297
533	584	0.000001
534	579	0.000121
534	580	0.005701
535	541	0.000001
535	542	0.000375
535	577	0.000042
536	541	0.000379
536	542	0.000012
536	576	0.000042
537	573	0.000009
537	575	0.000036
537	578	0.000514
537	579	0.864610
537	580	0.001833
537	581	0.001574
537	582	0.001547
537	583	0.000785
537	584	0.000016
538	572	0.000009
538	578	0.995597
538	579	0.000051
538	580	0.000033
538	581	0.000753
538	582	0.000369
538	583	0.000019
539	571	0.000009
539	576	0.000020
539	577	0.998464
540	570	0.000009
540	574	0.000006
540	576	0.996357
540	577	0.000053
541	569	0.000009
541	573	0.000005
541	575	0.994365
541	578	0.000031
541	579	0.000008
541	581	0.000002
541	582	0.000678
541	583	0.000003
542	572	0.000004
542	573	0.000090
542	575	0.002359
542	578	0.000008
542	580	0.000002
542	581	0.000687
542	582	0.000002
543	579	0.000003
543	580	0.000687
544	566	0.000007
544	572	0.000120
544	573	0.997335
544	579	0.000649
545	565	0.000006
545	569	0.000004
545	572	0.999202
545	578	0.000649
546	564	0.000005
546	571	0.999317
546	577	0.000649
547	567	0.000181
547	568	0.000003
547	570	0.998644
547	576	0.000647
548	566	0.000363
548	569	0.998584
548	575	0.000646
549	567	0.045690
549	568	0.837245
549	574	0.000635
550	565	0.947990
550	566	0.045969
550	572	0.000006
550	573	0.000143
551	564	0.999323
551	571	0.000011
552	563	0.999460
552	565	0.000171
552	566	0.000010
553	562	0.999194
554	560	0.000010
554	561	0.998748
554	563	0.000471
555	559	0.000509
555	560	0.873516
555	562	0.000481
556	560	0.000117
556	561	0.000493
556	566	0.000004
557	561	0.000002
557	565	0.000004
564	572	0.000004
565	571	0.000004
566	571	0.000002
576	581	0.000005
576	582	0.000135
576	583	0.000299
576	584	0.000003
577	581	0.000132
577	582	0.000293
577	583	0.000004
619	636	0.000001
620	625	0.000002
620	635	0.000001
622	630	0.000001
622	634	0.000006
623	629	0.000006
623	632	0.000009
623	633	0.000008
623	676	0.000003
625	629	0.000001
625	631	0.000077
625	674	0.002752
626	630	0.000077
626	635	0.000006
626	638	0.000009
626	673	0.002949
627	634	0.000006
627	637	0.000009
627	672	0.002956
628	632	0.000001
628	633	0.000006
628	664	0.000002
628	668	0.000002
628	670	0.000122
628	671	0.002876
629	635	0.000009
629	663	0.000002
629	667	0.000002
629	669	0.000215
630	662	0.000002
630	668	0.000249
630	670	0.002902
631	636	0.000002
631	667	0.000198
631	669	0.002895
632	636	0.000001
632	638	0.000002
632	667	0.000029
632	669	0.000020
633	638	0.000992
633	640	0.000002
633	663	0.000014
633	667	0.778800
634	666	0.805156
635	658	0.000002
635	662	0.000140
635	664	0.000982
635	665	0.816183
635	666	0.000019
635	668	0.000030
636	657	0.000002
636	661	0.000065
636	662	0.000298
636	664	0.821192
636	665	0.000037
637	656	0.000002
637	666	0.000097
638	661	0.000008
638	662	0.870984
638	664	0.001715
638	665	0.000111
640	653	0.000002
640	661	0.998311
640	662	0.000571
640	664	0.000013
641	652	0.000002
641	660	0.999918
641	663	0.000011
642	651	0.000002
642	659	0.999951
642	662	0.000004
643	650	0.000002
643	658	0.999986
643	661	0.000002
644	657	0.999982
645	656	0.999497
646	655	0.999189
647	653	0.000037
647	654	0.999887
648	653	0.990946
648	654	0.000013
662	667	0.000001
663	668	0.000001
668	673	0.000001
675	838	0.000205
676	837	0.000205
677	836	0.000205
678	835	0.000204
679	686	0.000001
679	688	0.000001
679	696	0.000931
680	687	0.000001
680	695	0.000935
680	832	0.000002
681	688	0.000005
681	690	0.000001
681	694	0.000922
681	831	0.000002
682	687	0.000007
682	692	0.003287
682	697	0.000002
682	700	0.000001
682	703	0.000001
682	711	0.000091
682	792	0.000033
682	830	0.000002
682	833	0.000016
682	843	0.000003
683	691	0.003767
683	695	0.000037
683	710	0.000108
683	713	0.000008
683	714	0.000002
683	791	0.000038
683	832	0.000019
683	842	0.000005
684	688	0.000001
684	690	0.003413
684	694	0.000034
684	699	0.000003
684	701	0.000003
684	707	0.000001
684	715	0.000003
684	790	0.000037
684	829	0.000002
684	831	0.000016
684	841	0.000006
685	690	0.000010
685	694	0.000006
685	699	0.000012
685	701	0.000001
685	704	0.000001
685	707	0.000014
685	715	0.000003
685	786	0.000009
685	789	0.000024
685	828	0.000002
685	840	0.000007
686	691	0.000052
686	695	0.000138
686	710	0.000012
686	713	0.080188
686	714	0.000003
686	729	0.000016
686	750	0.000001
686	785	0.000011
686	791	0.000002
686	832	0.000001
687	693	0.000213
687	694	0.000082
687	696	0.000679
687	698	0.000851
687	699	0.000001
687	701	0.000006
687	702	0.000028
687	704	0.000004
687	705	0.000125
687	706	0.000426
687	707	0.000002
687	712	0.096986
687	727	0.000008
687	728	0.000014
687	736	0.000003
687	738	0.000003
687	749	0.000001
687	751	0.000001
687	784	0.000010
687	787	0.000008
687	790	0.000001
687	794	0.000003
687	803	0.000002
687	826	0.000010
687	831	0.000001
687	838	0.000048
688	692	0.000174
688	695	0.000542
688	697	0.000835
688	700	0.000007
688	703	0.000003
688	708	0.000003
688	709	0.000001
688	711	0.097241
688	726	0.000023
688	737	0.000004
688	750	0.000001
688	792	0.000005
688	793	0.000002
688	802	0.000002
688	825	0.000011
688	833	0.000003
688	837	0.000049
689	695	0.000670
689	710	0.097304
689	725	0.000023
689	785	0.000007
689	791	0.000006
689	824	0.000011
689	832	0.000003
689	836	0.000049
690	695	0.000026
690	697	0.001150
690	700	0.000027
690	703	0.006084
690	708	0.000458
690	709	0.093266
690	724	0.000023
690	731	0.000002
690	737	0.000035
690	750	0.000002
690	823	0.000008
690	830	0.000007
690	833	0.000003
690	835	0.000045
691	696	0.003334
691	698	0.001328
691	699	0.000058
691	701	0.000005
691	702	0.017709
691	704	0.000014
691	705	0.012925
691	706	0.003272
691	707	0.000594
691	712	0.000022
691	716	0.000030
691	723	0.000023
691	730	0.000002
691	734	0.000318
691	736	0.000065
691	747	0.000001
691	749	0.000005
691	783	0.000001
691	784	0.000003
691	787	0.002102
691	790	0.000002
691	794	0.000001
691	799	0.000008
691	803	0.000001
691	807	0.000012
691	808	0.000003
691	829	0.000016
691	831	0.000002
691	838	0.000007
691	839	0.000007
691	841	0.000001
692	699	0.000090
692	701	0.017089
692	704	0.012603
692	707	0.001428
692	715	0.000031
692	722	0.000022
692	733	0.000310
692	735	0.000062
692	786	0.002110
692	789	0.000002
692	795	0.000001
692	798	0.000007
692	806	0.000018
692	807	0.000002
692	828	0.000017
692	829	0.000001
692	831	0.000008
692	840	0.000002
692	841	0.000003
693	710	0.000336
693	714	0.000032
693	748	0.000010
693	785	0.002103
693	805	0.000019
693	823	0.000007
693	824	0.000003
693	832	0.000211
693	835	0.000683
693	836	0.000049
693	837	0.000009
694	700	0.001745
694	703	0.033501
694	708	0.000191
694	709	0.000377
694	710	0.000010
694	711	0.000016
694	713	0.000032
694	731	0.000905
694	732	0.000001
694	737	0.000029
694	785	0.000006
694	792	0.000006
694	793	0.000007
694	801	0.000016
694	802	0.000012
694	811	0.000001
694	822	0.000007
694	823	0.000003
694	824	0.000004
694	825	0.000011
694	827	0.000035
694	830	0.000801
694	832	0.000636
694	833	0.009068
694	834	0.001445
694	835	0.000057
694	836	0.000009
694	837	0.000001
694	886	0.000004
695	699	0.001392
695	701	0.000307
695	702	0.038472
695	704	0.001200
695	705	0.001139
695	706	0.001647
695	707	0.000176
695	712	0.000081
695	716	0.000001
695	717	0.000012
695	720	0.000002
695	728	0.000001
695	730	0.001017
695	734	0.000003
695	736	0.000037
695	746	0.000028
695	783	0.001121
695	784	0.000038
695	786	0.000054
695	787	0.000025
695	788	0.000001
695	790	0.000003
695	794	0.000023
695	795	0.000002
695	796	0.000003
695	797	0.000005
695	798	0.000004
695	799	0.000037
695	800	0.000016
695	803	0.000023
695	806	0.000044
695	808	0.000001
695	810	0.000001
695	826	0.000025
695	828	0.000042
695	829	0.000923
695	831	0.000849
695	838	0.002070
695	839	0.000049
695	885	0.000005
696	710	0.000168
696	729	0.000962
696	745	0.000029
696	782	0.000882
696	785	0.000063
696	791	0.000166
696	805	0.000049
696	820	0.000007
696	822	0.000005
696	823	0.000016
696	824	0.000017
696	832	0.335168
696	835	0.000007
696	836	0.000007
696	837	0.002080
696	884	0.000005
697	701	0.000962
697	704	0.000871
697	707	0.000025
697	715	0.000023
697	727	0.000008
697	744	0.000029
697	786	0.000055
697	790	0.000162
697	795	0.000015
697	796	0.000029
697	797	0.000014
697	798	0.000008
697	800	0.000008
697	804	0.000043
697	806	0.000005
697	819	0.000005
697	826	0.000006
697	828	0.000631
697	829	0.003092
697	831	0.329669
697	883	0.000004
698	710	0.001382
698	713	0.000001
698	714	0.000026
698	729	0.000002
698	743	0.000029
698	781	0.000001
698	785	0.000060
698	791	0.000006
698	805	0.000006
698	821	0.000004
698	822	0.000003
698	823	0.000035
698	824	0.000039
698	832	0.022797
698	835	0.000467
698	836	0.001721
698	837	0.000012
699	703	0.000100
699	708	0.001347
699	709	0.001266
699	710	0.000014
699	711	0.000008
699	713	0.000026
699	731	0.000004
699	732	0.000002
699	742	0.000028
699	791	0.000012
699	792	0.000007
699	793	0.000107
699	801	0.000013
699	802	0.000003
699	811	0.000002
699	820	0.000004
699	822	0.000028
699	823	0.000035
699	825	0.000002
699	827	0.084410
699	830	0.235118
699	832	0.015380
699	833	0.000179
699	834	0.000473
699	835	0.001668
699	836	0.000011
700	704	0.000036
700	707	0.001426
700	715	0.000005
700	727	0.000021
700	733	0.000001
700	741	0.000024
700	786	0.000001
700	789	0.000001
700	790	0.000016
700	795	0.000036
700	796	0.000135
700	797	0.000084
700	798	0.000013
700	800	0.000013
700	810	0.000002
700	819	0.000003
700	826	0.091886
700	828	0.155620
700	829	0.245703
700	831	0.018002
701	708	0.000088
701	709	0.000023
701	710	0.000013
701	711	0.003684
701	714	0.000005
701	726	0.000015
701	729	0.000015
701	731	0.000003
701	732	0.000001
701	785	0.000001
701	792	0.012007
701	793	0.000055
701	821	0.000003
701	823	0.000003
701	824	0.000017
701	825	0.092517
701	827	0.155883
701	830	0.017636
701	832	0.000007
701	833	0.024542
701	834	0.000005
702	710	0.004404
702	713	0.000015
702	725	0.000013
702	729	0.000042
702	785	0.000005
702	791	0.013729
702	805	0.000004
702	820	0.000004
702	822	0.000005
702	823	0.000043
702	824	0.092185
702	832	0.027826
702	835	0.000001
703	707	0.000047
703	727	0.000739
703	733	0.000003
703	735	0.000001
703	786	0.000002
703	789	0.000006
703	790	0.013498
703	795	0.000058
703	796	0.000036
703	797	0.000013
703	798	0.000003
703	804	0.000004
703	819	0.000003
703	826	0.581858
703	828	0.000239
703	829	0.000060
703	831	0.021867
704	708	0.000096
704	709	0.000112
704	710	0.000010
704	711	0.003621
704	726	0.000857
704	731	0.000002
704	732	0.000003
704	737	0.000010
704	785	0.000002
704	791	0.000018
704	792	0.022019
704	793	0.000495
704	821	0.000003
704	822	0.004064
704	823	0.064542
704	824	0.000766
704	825	0.627608
704	827	0.000068
704	830	0.008210
704	833	0.000189
704	837	0.000018
705	710	0.004324
705	713	0.000001
705	714	0.000011
705	725	0.000875
705	785	0.000003
705	791	0.024821
705	820	0.000004
705	821	0.006145
705	822	0.079548
705	823	0.002870
705	824	0.635708
705	832	0.000214
705	836	0.000034
705	837	0.000006
706	710	0.000206
706	713	0.000015
706	724	0.000874
706	785	0.000009
706	791	0.024263
706	820	0.006123
706	821	0.079168
706	822	0.002948
706	823	0.634580
706	824	0.000121
706	832	0.000028
706	835	0.000034
706	836	0.000006
707	711	0.000019
707	731	0.000040
707	732	0.000046
707	737	0.001093
707	785	0.000001
707	791	0.000815
707	792	0.000067
707	793	0.000017
707	801	0.000004
707	802	0.000002
707	811	0.000508
707	815	0.000018
707	816	0.000011
707	817	0.000011
707	820	0.076862
707	821	0.000981
707	822	0.500466
707	823	0.000132
707	824	0.000002
707	825	0.000004
707	827	0.000567
707	830	0.000170
707	832	0.000005
707	833	0.000002
707	834	0.000030
707	835	0.000005
708	719	0.000009
708	722	0.000780
708	733	0.000243
708	735	0.000143
708	786	0.000003
708	788	0.000233
708	789	0.391563
708	790	0.002981
708	796	0.000031
708	797	0.000002
708	798	0.000004
708	800	0.000003
708	809	0.000005
708	810	0.000782
708	814	0.000020
708	819	0.059973
708	826	0.000450
708	828	0.000011
708	829	0.000187
708	831	0.000005
708	841	0.000007
709	718	0.000011
709	721	0.000873
709	733	0.000724
709	735	0.085663
709	786	0.000003
709	788	0.526432
709	789	0.001775
709	790	0.000086
709	795	0.000041
709	796	0.000002
709	797	0.000006
709	798	0.000001
709	800	0.000096
709	804	0.000008
709	809	0.000843
709	810	0.000015
709	814	0.001234
709	819	0.004331
709	826	0.000003
709	828	0.000129
709	829	0.000004
709	840	0.000013
709	841	0.000005
710	717	0.000011
710	720	0.000876
710	723	0.000005
710	728	0.000003
710	730	0.107972
710	733	0.000185
710	734	0.096225
710	735	0.000007
710	736	0.006053
710	783	0.000023
710	784	0.000063
710	786	0.000002
710	787	0.545899
710	788	0.000052
710	789	0.000052
710	790	0.000006
710	794	0.000041
710	795	0.000001
710	796	0.000006
710	797	0.000002
710	799	0.000104
710	803	0.000008
710	807	0.000004
710	808	0.000801
710	809	0.000009
710	810	0.000013
710	812	0.000007
710	813	0.001239
710	814	0.000004
710	818	0.006571
710	819	0.000077
710	828	0.000001
710	829	0.000005
710	839	0.000010
710	840	0.000006
710	841	0.000052
711	718	0.000004
711	719	0.000812
711	722	0.000005
711	727	0.000002
711	733	0.094637
711	735	0.006021
711	786	0.544997
711	788	0.000043
711	789	0.000006
711	790	0.000002
711	795	0.000005
711	796	0.000002
711	798	0.000089
711	806	0.000028
711	807	0.000635
711	809	0.000012
711	810	0.000003
711	814	0.000027
711	819	0.000009
711	826	0.000002
711	828	0.000005
711	840	0.000099
711	841	0.000051
712	724	0.000003
712	729	0.347323
712	785	0.540508
712	805	0.000048
712	822	0.000001
712	823	0.000002
713	717	0.000176
713	718	0.000011
713	720	0.000008
713	721	0.000003
713	723	0.000004
713	727	0.000001
713	728	0.415067
713	730	0.000056
713	734	0.000005
713	736	0.000002
713	783	0.000065
713	784	0.481634
713	804	0.000021
713	813	0.000004
713	839	0.009780
714	718	0.000002
714	719	0.000008
714	720	0.000016
714	722	0.000005
714	723	0.000047
714	727	0.447565
714	728	0.002546
714	730	0.000211
714	733	0.000004
714	734	0.000004
714	736	0.000005
714	783	0.445154
714	784	0.000004
714	803	0.000020
714	812	0.000004
714	826	0.000009
714	838	0.010233
714	839	0.000001
715	724	0.000011
715	725	0.000107
715	726	0.747025
715	729	0.000154
715	731	0.000084
715	732	0.000009
715	737	0.000003
715	782	0.039321
715	802	0.000015
715	811	0.000002
715	825	0.000010
715	837	0.010231
716	724	0.000300
716	725	0.813518
716	729	0.000884
716	781	0.025565
716	782	0.000471
716	824	0.000010
716	836	0.010241
717	724	0.812655
717	725	0.000815
717	729	0.000223
717	780	0.024238
717	781	0.000264
717	782	0.000004
717	823	0.000010
717	835	0.010241
718	724	0.000778
718	725	0.000023
718	726	0.000540
718	729	0.000008
718	731	0.000012
718	732	0.000034
718	737	0.000006
718	763	0.000005
718	776	0.000007
718	779	0.020273
718	780	0.000045
718	793	0.000002
718	822	0.000009
718	825	0.000002
718	834	0.010228
719	724	0.000033
719	725	0.000618
719	726	0.005118
719	729	0.000001
719	731	0.000041
719	732	0.000003
719	737	0.000013
719	761	0.000002
719	762	0.000018
719	775	0.000015
719	776	0.012087
719	779	0.000043
719	792	0.000005
719	821	0.000006
719	824	0.000005
719	825	0.000002
719	833	0.010227
719	836	0.000002
720	724	0.000678
720	725	0.005721
720	729	0.000090
720	759	0.000001
720	760	0.000002
720	761	0.000020
720	774	0.000016
720	775	0.012908
720	780	0.000001
720	791	0.000007
720	820	0.000006
720	823	0.000012
720	824	0.000004
720	832	0.010207
720	835	0.000027
721	725	0.000011
721	726	0.000017
721	729	0.000006
721	731	0.000144
721	732	0.000360
721	737	0.000235
721	759	0.000002
721	760	0.000019
721	774	0.012401
721	775	0.000003
721	776	0.002199
721	779	0.000003
721	791	0.000011
721	792	0.000031
721	793	0.003508
721	801	0.000009
721	802	0.000060
721	822	0.000015
721	823	0.000004
721	824	0.000012
721	825	0.000132
721	827	0.000003
721	830	0.000130
721	832	0.000004
721	833	0.000016
721	834	0.000418
721	852	0.000003
722	726	0.000008
722	729	0.000016
722	731	0.000493
722	732	0.000039
722	737	0.004151
722	759	0.000017
722	774	0.000008
722	775	0.002250
722	776	0.000054
722	779	0.000014
722	791	0.000030
722	792	0.004850
722	793	0.000003
722	801	0.000076
722	802	0.000015
722	821	0.000016
722	822	0.000003
722	823	0.000016
722	824	0.000150
722	825	0.000104
722	830	0.000709
722	832	0.000012
722	833	0.001807
722	851	0.000004
723	729	0.001650
723	742	0.000003
723	748	0.000012
723	759	0.000001
723	772	0.012821
723	774	0.002245
723	775	0.000055
723	785	0.004115
723	791	0.004986
723	805	0.000008
723	820	0.000017
723	821	0.000002
723	822	0.000018
723	823	0.000157
723	824	0.000119
723	832	0.001952
723	850	0.000004
724	728	0.001552
724	730	0.002056
724	733	0.000031
724	734	0.000389
724	735	0.078994
724	736	0.011176
724	738	0.000147
724	739	0.000309
724	740	0.000547
724	741	0.000010
724	747	0.000017
724	752	0.000001
724	754	0.000009
724	755	0.000198
724	770	0.000025
724	771	0.012799
724	773	0.001963
724	777	0.000006
724	778	0.003193
724	783	0.000003
724	784	0.004486
724	787	0.000014
724	788	0.002074
724	789	0.000015
724	790	0.003788
724	794	0.000149
724	795	0.001058
724	796	0.000014
724	797	0.000173
724	798	0.000058
724	799	0.000708
724	800	0.000419
724	803	0.000003
724	804	0.000008
724	808	0.000005
724	809	0.000005
724	819	0.000015
724	828	0.000321
724	829	0.000096
724	831	0.001273
724	839	0.000061
724	840	0.000002
724	849	0.000004
724	855	0.000002
725	730	0.000509
725	733	0.000213
725	734	0.102308
725	735	0.000441
725	736	0.004640
725	738	0.000310
725	739	0.000547
725	740	0.000013
725	746	0.000017
725	747	0.000002
725	751	0.000002
725	753	0.000011
725	754	0.000207
725	769	0.000041
725	770	0.012371
725	771	0.000214
725	773	0.000013
725	777	0.003189
725	778	0.000002
725	783	0.004432
725	786	0.000008
725	787	0.002651
725	788	0.000008
725	789	0.003398
725	790	0.000013
725	794	0.001211
725	795	0.000014
725	796	0.000277
725	797	0.000133
725	798	0.000707
725	799	0.000473
725	803	0.000008
725	807	0.000005
725	808	0.000006
725	818	0.000015
725	826	0.000016
725	828	0.000109
725	829	0.001055
725	831	0.000003
725	838	0.000061
725	839	0.000002
725	848	0.000004
725	854	0.000002
726	733	0.100232
726	735	0.004632
726	744	0.000046
726	752	0.000014
726	753	0.000203
726	786	0.002634
726	788	0.003247
726	789	0.000022
726	790	0.000001
726	795	0.000272
726	796	0.000144
726	797	0.000690
726	798	0.000462
726	806	0.000005
726	807	0.000006
726	826	0.008210
726	828	0.001144
726	829	0.000059
726	831	0.000048
726	847	0.000004
726	853	0.000002
727	731	0.000282
727	732	0.084008
727	737	0.000165
727	743	0.000048
727	748	0.000002
727	768	0.000882
727	775	0.002425
727	776	0.000087
727	782	0.000002
727	785	0.001566
727	792	0.002341
727	793	0.000019
727	805	0.000004
727	823	0.000008
727	824	0.000007
727	825	0.008577
727	827	0.001105
727	830	0.000053
727	833	0.000975
727	837	0.000003
727	846	0.000004
727	852	0.000002
728	742	0.000054
728	743	0.000009
728	745	0.000070
728	748	0.000024
728	750	0.000252
728	766	0.000003
728	772	0.000133
728	774	0.003136
728	775	0.000050
728	785	0.003698
728	791	0.002525
728	805	0.000003
728	822	0.000009
728	823	0.000012
728	824	0.008593
728	832	0.001119
728	835	0.000002
728	836	0.000003
728	851	0.000002
729	733	0.000175
729	734	0.005152
729	735	0.000343
729	736	0.008503
729	738	0.000300
729	739	0.000005
729	740	0.000006
729	741	0.000033
729	744	0.000075
729	746	0.009686
729	747	0.000109
729	749	0.000287
729	751	0.000013
729	765	0.000001
729	767	0.001990
729	769	0.000002
729	771	0.000132
729	773	0.003178
729	783	0.001286
729	784	0.003673
729	786	0.000324
729	787	0.000057
729	788	0.000002
729	789	0.000005
729	790	0.002143
729	794	0.000155
729	795	0.000020
729	796	0.000002
729	799	0.000003
729	803	0.000002
729	804	0.000002
729	806	0.000007
729	826	0.000012
729	828	0.000022
729	829	0.000023
729	831	0.000968
729	838	0.000040
729	839	0.000002
729	845	0.000003
730	742	0.000035
730	743	0.000073
730	745	0.009758
730	748	0.000286
730	750	0.000013
730	766	0.001994
730	772	0.003146
730	782	0.000728
730	785	0.000356
730	791	0.016692
730	805	0.000011
730	820	0.000015
730	821	0.000003
730	822	0.006331
730	823	0.000353
730	824	0.000047
730	832	0.000608
730	837	0.000038
730	844	0.000003
730	850	0.000001
731	735	0.000421
731	741	0.000036
731	744	0.005419
731	765	0.001856
731	786	0.000081
731	788	0.000403
731	789	0.001770
731	790	0.018891
731	795	0.000001
731	796	0.000046
731	797	0.000007
731	798	0.000002
731	804	0.000010
731	809	0.000002
731	810	0.000014
731	819	0.000013
731	826	0.000035
731	828	0.000102
731	829	0.000480
731	831	0.000597
731	849	0.000001
732	741	0.000035
732	744	0.004521
732	765	0.000010
732	786	0.000995
732	788	0.001839
732	789	0.018265
732	790	0.000270
732	795	0.000056
732	796	0.000008
732	797	0.000003
732	806	0.000001
732	809	0.000012
732	810	0.000003
732	819	0.000001
732	826	0.017754
732	828	0.000388
732	829	0.000006
732	831	0.000003
732	847	0.000001
733	737	0.000249
733	742	0.000063
733	743	0.008703
733	745	0.000003
733	748	0.000001
733	761	0.000011
733	762	0.001083
733	763	0.000129
733	776	0.000005
733	782	0.000001
733	785	0.000956
733	792	0.000074
733	793	0.000008
733	811	0.000001
733	821	0.000008
733	822	0.000003
733	823	0.000219
733	824	0.000014
733	825	0.019416
733	827	0.000274
733	830	0.000002
733	833	0.000053
733	834	0.000002
733	836	0.000001
733	846	0.000001
734	742	0.008863
734	743	0.000414
734	745	0.000010
734	748	0.000002
734	760	0.000012
734	761	0.001163
734	775	0.000005
734	782	0.000006
734	785	0.002553
734	791	0.000085
734	820	0.000012
734	821	0.000016
734	822	0.000435
734	823	0.000035
734	824	0.019724
734	832	0.000060
734	835	0.000003
734	837	0.000001
734	844	0.000002
735	742	0.000292
735	743	0.000459
735	759	0.000011
735	760	0.001146
735	761	0.000009
735	762	0.000251
735	763	0.000040
735	774	0.000002
735	775	0.000001
735	776	0.000017
735	782	0.000002
735	785	0.003133
735	792	0.001782
735	793	0.000003
735	811	0.000001
735	820	0.000008
735	821	0.000456
735	822	0.000031
735	823	0.019398
735	824	0.000012
735	825	0.000292
735	833	0.000550
735	834	0.000002
735	836	0.000001
735	843	0.000003
736	742	0.000637
736	743	0.000029
736	745	0.000533
736	759	0.001124
736	760	0.000018
736	761	0.000251
736	766	0.000002
736	774	0.000007
736	775	0.000022
736	782	0.000022
736	785	0.021269
736	791	0.002131
736	805	0.000005
736	820	0.000477
736	821	0.000024
736	822	0.018438
736	823	0.000121
736	824	0.000314
736	832	0.000680
736	835	0.000002
736	842	0.000003
737	741	0.000428
737	744	0.000546
737	756	0.000003
737	757	0.000061
737	765	0.000002
737	786	0.000244
737	788	0.000058
737	789	0.000029
737	790	0.002101
737	804	0.000004
737	809	0.000002
737	810	0.000003
737	819	0.000375
737	829	0.000002
737	831	0.000514
737	841	0.000002
738	742	0.000005
738	743	0.000544
738	745	0.000001
738	759	0.000013
738	760	0.000272
738	761	0.000418
738	772	0.000046
738	774	0.000032
738	775	0.000723
738	781	0.000122
738	782	0.949877
738	785	0.000077
738	821	0.000002
738	823	0.000003
739	743	0.000001
739	759	0.000270
739	760	0.000427
739	761	0.000021
739	772	0.000033
739	774	0.000739
739	775	0.000184
739	780	0.000065
739	781	0.973827
739	782	0.000013
739	822	0.000002
740	745	0.000003
740	759	0.000426
740	760	0.000022
740	772	0.001108
740	774	0.000186
740	775	0.000004
740	780	0.975560
740	781	0.000008
740	821	0.000002
741	750	0.000002
741	759	0.000022
741	772	0.000124
741	774	0.000004
741	779	0.977222
741	780	0.000002
741	820	0.000002
742	747	0.000005
742	749	0.000003
742	751	0.000002
742	752	0.000752
742	753	0.000004
742	754	0.000052
742	755	0.001012
742	756	0.000036
742	757	0.000001
742	758	0.000023
742	765	0.000001
742	770	0.006215
742	771	0.000195
742	773	0.000001
742	778	0.980370
742	819	0.000002
743	749	0.000003
743	751	0.000785
743	752	0.000002
743	753	0.000039
743	754	0.001012
743	755	0.000037
743	757	0.000018
743	764	0.000003
743	769	0.006484
743	770	0.000142
743	771	0.000001
743	773	0.000004
743	777	0.980355
743	778	0.000005
743	818	0.000002
744	748	0.000003
744	750	0.000783
744	762	0.000001
744	763	0.000002
744	768	0.006535
744	772	0.000005
744	774	0.000046
744	775	0.000005
744	776	0.973921
744	817	0.000002
745	749	0.000711
745	751	0.001066
745	752	0.000020
745	754	0.000006
745	755	0.000004
745	767	0.006480
745	769	0.000081
745	770	0.000005
745	771	0.000006
745	773	0.000240
745	777	0.000010
746	750	0.001054
746	760	0.000005
746	761	0.000004
746	766	0.006210
746	772	0.000237
746	774	0.004939
746	775	0.973050
747	759	0.000006
747	760	0.000004
747	761	0.000011
747	766	0.000247
747	772	0.003891
747	774	0.975056
747	775	0.000004
748	758	0.000005
748	764	0.001947
748	765	0.000464
748	767	0.012057
748	769	0.000335
748	770	0.000025
748	771	0.003249
748	773	0.975064
748	783	0.000002
749	759	0.000014
749	761	0.000008
749	766	0.012372
749	772	0.973222
749	774	0.000007
749	782	0.000002
750	754	0.000042
750	755	0.000154
750	756	0.000008
750	757	0.000012
750	758	0.000080
750	764	0.007965
750	765	0.013239
750	767	0.476403
750	769	0.000405
750	770	0.001475
750	771	0.480608
750	773	0.000016
751	759	0.000029
751	760	0.000105
751	761	0.000307
751	766	0.567799
751	772	0.000017
751	780	0.000002
752	759	0.000096
752	760	0.000280
752	761	0.000056
752	762	0.013877
752	763	0.716320
752	766	0.000891
752	768	0.002770
752	779	0.000002
753	759	0.000203
753	760	0.000081
753	761	0.014528
753	762	0.920831
753	763	0.001318
753	766	0.000063
753	768	0.001133
753	776	0.000017
754	759	0.000116
754	760	0.014979
754	761	0.931479
754	766	0.000118
754	775	0.000024
755	759	0.014893
755	760	0.929983
755	761	0.000102
755	766	0.001407
755	774	0.000024
755	775	0.000010
756	760	0.000091
756	761	0.000003
756	762	0.000020
756	763	0.000041
756	766	0.000038
756	768	0.000181
756	774	0.000012
756	776	0.000004
757	761	0.000017
757	762	0.000037
757	763	0.000019
757	766	0.000045
757	768	0.000037
757	775	0.000005
758	766	0.002024
758	772	0.001324
758	774	0.000005
759	764	0.000721
759	765	0.002036
759	767	0.000021
759	769	0.000032
759	770	0.036036
759	771	0.007383
759	773	0.000005
759	778	0.000020
760	764	0.001954
760	765	0.000005
760	767	0.000114
760	769	0.036073
760	770	0.008749
760	771	0.000127
760	777	0.000020
760	778	0.000019
761	765	0.000007
761	767	0.001611
761	769	0.008715
761	770	0.000163
761	771	0.000001
761	777	0.000019
764	775	0.000170
765	774	0.000172
766	770	0.000432
766	771	0.000291
766	773	0.000203
767	772	0.000205
769	775	0.000009
769	782	0.000001
769	824	0.000005
770	774	0.000009
770	775	0.000002
770	781	0.000001
770	823	0.000005
771	780	0.000001
771	822	0.000005
773	785	0.000001
773	820	0.000005
774	784	0.000001
774	819	0.000005
775	783	0.000001
775	818	0.000005
777	821	0.000001
778	820	0.000001
778	842	0.000004
779	814	0.000004
779	819	0.000001
779	841	0.000009
780	813	0.000004
780	818	0.000001
780	840	0.000018
781	788	0.000001
781	812	0.000004
781	839	0.000054
782	786	0.000002
782	787	0.000019
782	788	0.000002
782	789	0.000004
782	790	0.000002
782	794	0.000001
782	806	0.000020
782	812	0.000001
782	818	0.000002
782	826	0.000001
782	838	0.000089
783	791	0.000219
783	805	0.000185
783	820	0.000030
783	821	0.002503
783	822	0.000128
783	823	0.000705
783	824	0.003353
783	832	0.000013
783	836	0.000018
783	837	0.000107
784	791	0.009342
784	805	0.000193
784	820	0.002518
784	821	0.000133
784	822	0.000714
784	823	0.003371
784	824	0.000093
784	832	0.000328
784	835	0.000018
784	836	0.000105
785	789	0.000121
785	790	0.008330
785	794	0.007422
785	795	0.000007
785	796	0.000013
785	797	0.000009
785	798	0.000004
785	799	0.000058
785	800	0.000001
785	803	0.001502
785	804	0.000140
785	806	0.000005
785	807	0.000003
785	808	0.000032
785	809	0.000031
785	810	0.000017
785	812	0.006840
785	813	0.001437
785	814	0.000201
785	818	0.001828
785	819	0.001024
785	826	0.004437
785	828	0.000006
785	829	0.000001
785	831	0.000286
785	838	0.001017
785	839	0.000007
786	791	0.000023
786	792	0.001941
786	793	0.006393
786	801	0.000002
786	802	0.001392
786	805	0.000006
786	811	0.006633
786	815	0.000074
786	816	0.000038
786	817	0.001774
786	820	0.000023
786	821	0.001267
786	822	0.000142
786	823	0.000005
786	824	0.000029
786	825	0.004812
786	827	0.000006
786	830	0.000248
786	833	0.000205
786	834	0.000025
786	836	0.000008
786	837	0.001018
787	791	0.002574
787	805	0.000060
787	820	0.001286
787	821	0.000185
787	822	0.000015
787	823	0.000052
787	824	0.004884
787	832	0.000237
787	835	0.000043
787	836	0.001016
787	837	0.000003
787	842	0.000001
787	844	0.000002
788	792	0.000037
788	793	0.000027
788	801	0.000127
788	802	0.000894
788	805	0.000005
788	811	0.037498
788	815	0.000324
788	816	0.000098
788	817	0.000370
788	820	0.000174
788	821	0.000005
788	822	0.000038
788	823	0.004269
788	824	0.000002
788	825	0.000011
788	827	0.000001
788	830	0.000002
788	832	0.000005
788	833	0.000016
788	834	0.000050
788	835	0.000990
788	836	0.000002
788	843	0.000002
789	793	0.000014
789	801	0.000938
789	802	0.000661
789	805	0.000002
789	811	0.002414
789	815	0.000079
789	816	0.000479
789	817	0.000107
789	820	0.000003
789	821	0.000009
789	822	0.001592
789	823	0.000011
789	824	0.000012
789	825	0.000008
789	827	0.000020
789	830	0.000010
789	832	0.000017
789	833	0.000065
789	834	0.000912
789	835	0.000002
789	842	0.000002
790	801	0.000996
790	802	0.000027
790	805	0.000002
790	811	0.000875
790	815	0.000486
790	816	0.000117
790	817	0.000080
790	820	0.000009
790	821	0.000181
790	822	0.000009
790	823	0.000009
790	824	0.000008
790	825	0.000004
790	827	0.000004
790	830	0.000098
790	832	0.000064
790	833	0.000839
790	834	0.000002
791	795	0.000012
791	796	0.000045
791	797	0.000150
791	798	0.000213
791	799	0.013568
791	800	0.000509
791	803	0.000047
791	804	0.000003
791	806	0.000002
791	807	0.000027
791	808	0.816634
791	809	0.000043
791	810	0.000187
791	812	0.000008
791	813	0.000022
791	814	0.000046
791	818	0.000002
791	826	0.000002
791	828	0.000002
791	829	0.000111
791	831	0.000019
791	838	0.000401
791	839	0.001633
791	840	0.000044
791	841	0.000038
792	796	0.000140
792	797	0.000290
792	798	0.013306
792	800	0.000034
792	804	0.000010
792	806	0.000023
792	807	0.820865
792	809	0.000135
792	810	0.000016
792	819	0.000026
792	826	0.000001
792	828	0.000108
792	829	0.000068
792	831	0.000358
792	840	0.000076
792	841	0.000071
793	797	0.007764
793	798	0.000058
793	800	0.000058
793	804	0.000026
793	806	0.822207
793	807	0.000007
793	809	0.000012
793	810	0.000003
793	826	0.000004
793	828	0.000077
793	829	0.000010
793	831	0.000004
793	840	0.000087
793	841	0.000008
794	805	0.822251
794	820	0.000002
794	821	0.000009
794	822	0.000003
794	823	0.000007
794	824	0.000005
794	832	0.000018
794	835	0.001323
794	836	0.004230
794	837	0.033121
795	801	0.001108
795	802	0.011125
795	805	0.000089
795	811	0.000004
795	816	0.000015
795	817	0.000012
795	820	0.000009
795	821	0.000003
795	822	0.000007
795	823	0.000004
795	824	0.000002
795	825	0.000211
795	827	0.000020
795	830	0.000004
795	832	0.000005
795	833	0.000243
795	834	0.001537
795	835	0.004193
795	836	0.033508
795	837	0.000002
796	801	0.013845
796	802	0.011845
796	805	0.000082
796	811	0.000003
796	815	0.000016
796	816	0.000015
796	817	0.000006
796	820	0.000003
796	821	0.000006
796	822	0.000002
796	823	0.000002
796	824	0.000236
796	825	0.000148
796	827	0.000086
796	830	0.000003
796	832	0.000259
796	833	0.002180
796	834	0.005357
796	835	0.034460
796	836	0.000003
797	801	0.008743
797	802	0.029837
797	805	0.000024
797	811	0.000003
797	815	0.000015
797	816	0.000008
797	817	0.000002
797	820	0.000005
797	821	0.000002
797	822	0.000003
797	823	0.000247
797	824	0.000159
797	825	0.000174
797	827	0.000006
797	830	0.000006
797	832	0.002175
797	833	0.008997
797	834	0.051352
797	835	0.000003
797	837	0.000001
798	802	0.000531
798	805	0.000012
798	811	0.000001
798	815	0.000007
798	816	0.000002
798	821	0.000007
798	822	0.000263
798	823	0.000164
798	824	0.000192
798	825	0.000658
798	830	0.000014
798	832	0.008491
798	833	0.102402
798	834	0.000014
798	836	0.000002
799	805	0.000525
799	820	0.000009
799	821	0.000335
799	822	0.000172
799	823	0.000201
799	824	0.000706
799	832	0.107872
799	835	0.000005
800	805	0.000020
800	811	0.000632
800	815	0.000027
800	816	0.000001
800	817	0.000001
800	820	0.000331
800	821	0.000163
800	822	0.000190
800	823	0.000689
800	827	0.000018
800	830	0.073886
800	832	0.000421
800	833	0.000072
800	834	0.000005
801	806	0.000013
801	807	0.000025
801	809	0.000006
801	810	0.000718
801	814	0.000029
801	819	0.000307
801	826	0.000017
801	828	0.000113
801	829	0.077682
801	831	0.000784
802	806	0.000021
802	807	0.000011
802	809	0.000558
802	810	0.000008
802	814	0.000003
802	819	0.000005
802	826	0.000005
802	828	0.074322
802	829	0.006126
802	831	0.000130
803	820	0.000708
803	821	0.000236
803	822	0.000009
803	823	0.000006
803	824	0.000007
803	832	0.000189
803	837	0.000012
804	811	0.000221
804	815	0.000023
804	816	0.000019
804	817	0.000006
804	820	0.000210
804	821	0.000008
804	822	0.000005
804	823	0.000007
804	824	0.000003
804	825	0.000016
804	827	0.134086
804	830	0.000155
804	832	0.000044
804	833	0.000005
804	836	0.000012
805	809	0.000004
805	810	0.000249
805	812	0.000483
805	813	0.000018
805	814	0.000023
805	818	0.002546
805	819	0.000011
805	826	0.146165
805	828	0.000681
805	829	0.000158
805	831	0.000097
805	838	0.000003
806	811	0.000490
806	815	0.000020
806	816	0.000009
806	817	0.002551
806	820	0.000002
806	821	0.000001
806	822	0.000005
806	823	0.000023
806	824	0.000152
806	825	0.144158
806	827	0.000697
806	830	0.000099
806	832	0.000001
806	833	0.000001
806	834	0.000021
806	837	0.000003
807	811	0.000006
807	815	0.000010
807	816	0.002435
807	817	0.000002
807	821	0.000017
807	822	0.000029
807	823	0.000237
807	824	0.141024
807	825	0.013429
807	827	0.000041
807	830	0.000003
807	832	0.000001
807	833	0.000064
807	836	0.000003
808	820	0.000025
808	821	0.000064
808	822	0.000330
808	823	0.140235
808	824	0.017288
808	832	0.000069
808	835	0.000003
809	815	0.000378
809	816	0.000799
809	817	0.000489
809	820	0.000074
809	821	0.000426
809	822	0.108829
809	823	0.016484
809	824	0.001774
809	825	0.008584
809	827	0.000247
809	830	0.000013
809	832	0.000005
809	833	0.000093
809	834	0.000003
810	815	0.000780
810	816	0.000621
810	817	0.000175
810	820	0.000508
810	821	0.004781
810	822	0.009016
810	823	0.000995
810	824	0.004670
810	825	0.000559
810	827	0.000716
810	830	0.000058
810	832	0.000102
810	833	0.000002
811	819	0.000519
811	826	0.000775
811	828	0.000006
811	829	0.000062
811	831	0.000099
812	820	0.000664
812	821	0.684845
812	822	0.160716
812	823	0.026273
812	824	0.004185
812	832	0.000002
813	820	0.689255
813	821	0.169236
813	822	0.026755
813	823	0.004201
813	824	0.000085
813	832	0.000004
814	820	0.166077
814	821	0.025397
814	822	0.004043
814	823	0.000084
814	827	0.000005
814	830	0.000007
815	819	0.115808
815	826	0.000006
815	829	0.000007
816	828	0.000006
818	822	0.000008
818	823	0.000011
818	824	0.000013
818	832	0.000005
819	823	0.000011
819	824	0.000001
819	825	0.000003
819	827	0.000004
819	830	0.000014
819	833	0.000001
820	826	0.000004
820	829	0.000016
821	826	0.000001
821	828	0.000015
821	829	0.000003
821	831	0.000001
821	840	0.000002
822	826	0.000006
822	828	0.000025
822	829	0.000141
822	831	0.000035
822	839	0.000008
822	840	0.000025
823	828	0.000219
823	829	0.000135
823	831	0.000064
823	838	0.000008
823	839	0.000038
824	828	0.000079
824	829	0.000156
824	831	0.000041
824	838	0.000038
825	829	0.000056
825	831	0.000460
826	830	0.000397
826	832	0.000155
826	833	0.000241
826	834	0.000007
826	835	0.000003
826	836	0.000001
826	837	0.000002
827	831	0.000240
828	832	0.000076
828	833	0.000377
828	834	0.000091
828	835	0.000007
828	836	0.000001
828	837	0.000001
829	833	0.000302
829	834	0.000071
829	835	0.000002
829	836	0.000002
832	838	0.000002
832	839	0.000009
833	840	0.000001
833	841	0.000016
834	840	0.000024
835	839	0.000024
835	840	0.000001
835	860	0.000007
836	859	0.000008
837	845	0.000001
837	858	0.000008
838	844	0.000001
838	851	0.000001
838	857	0.000008
839	850	0.000001
842	848	0.000001
842	855	0.000006
843	854	0.000006
844	853	0.000005
844	885	0.000002
845	851	0.000002
845	884	0.000002
846	883	0.000002
849	881	0.000002
850	859	0.000004
850	880	0.000002
851	858	0.000004
851	879	0.000002
852	863	0.000003
852	878	0.000002
853	862	0.000003
853	887	0.000002
854	861	0.000002
854	886	0.000002
854	887	0.000004
855	884	0.000005
856	862	0.000001
856	865	0.000002
856	871	0.000003
856	881	0.000143
856	886	0.004620
856	887	0.000003
857	863	0.000001
857	870	0.000008
857	878	0.000003
857	879	0.000006
857	880	0.000370
857	882	0.000009
857	883	0.000004
857	885	0.010182
858	884	0.011121
859	884	0.002508
860	864	0.000057
860	865	0.000203
860	866	0.000165
860	867	0.000266
860	868	0.000099
860	869	0.000138
860	871	0.000024
860	875	0.003665
860	881	0.000620
860	884	0.052405
860	886	0.000126
860	887	0.000021
861	872	0.000019
861	873	0.001163
861	874	0.004208
861	876	0.000188
861	877	0.323252
861	878	0.001971
861	879	0.000706
861	882	0.000480
861	883	0.072400
862	872	0.001526
862	873	0.004056
862	874	0.000177
862	876	0.426198
862	877	0.001601
862	878	0.000622
862	879	0.000178
862	882	0.076167
862	883	0.000472
863	867	0.000051
863	868	0.000190
863	869	0.000120
863	871	0.001512
863	875	0.442237
863	881	0.071182
863	884	0.001345
863	886	0.000024
863	887	0.000008
864	872	0.000076
864	873	0.001045
864	874	0.442209
864	876	0.000165
864	877	0.000477
864	878	0.001799
864	879	0.036438
864	882	0.000068
864	883	0.001685
865	872	0.001284
865	873	0.432018
865	874	0.006826
865	876	0.000524
865	877	0.002142
865	878	0.039998
865	879	0.042855
865	882	0.001448
865	883	0.000251
866	872	0.361038
866	873	0.008496
866	874	0.002674
866	876	0.001884
866	877	0.040324
866	878	0.047763
866	879	0.016957
866	882	0.000214
866	883	0.000193
867	872	0.006970
867	873	0.003071
867	874	0.002203
867	876	0.038033
867	877	0.046825
867	878	0.020664
867	879	0.001575
867	882	0.000169
867	883	0.000191
868	872	0.001957
868	873	0.002044
868	874	0.002027
868	876	0.040111
868	877	0.021433
868	878	0.001811
868	879	0.000856
868	882	0.000171
868	883	0.000157
869	873	0.001376
869	874	0.002089
869	876	0.015906
869	877	0.001569
869	878	0.000929
869	879	0.000062
869	882	0.000135
869	883	0.000035
870	884	0.012698
871	876	0.000152
871	877	0.000436
871	878	0.000609
871	879	0.000236
871	882	0.000607
871	883	0.012204
872	881	0.000806
872	884	0.000049
872	886	0.000084
872	887	0.000089
873	881	0.000803
873	884	0.000091
873	886	0.000140
873	887	0.000063
874	881	0.000316
874	884	0.001359
874	886	0.000101
874	887	0.000012
875	879	0.000121
875	882	0.000527
875	883	0.001613
876	881	0.000507
876	884	0.000152
876	886	0.000047
876	887	0.000236
877	881	0.000104
877	884	0.000502
877	886	0.000421
877	887	0.000147
878	884	0.000505
878	886	0.000301
878	887	0.000525
879	884	0.000151
879	886	0.000804
879	887	0.000042
880	884	0.000449
882	886	0.000099
882	887	0.000099
883	887	0.000038
