1	7	0.000065
1	8	0.000057
1	9	0.000014
1	12	0.000072
1	13	0.000036
1	15	0.000317
1	29	0.000005
1	33	0.000013
1	41	0.020312
1	67	0.000438
1	74	0.000003
1	75	0.000003
1	484	0.000010
1	781	0.000034
1	785	0.011695
1	788	0.000092
1	797	0.000058
1	798	0.000120
1	799	0.000587
1	801	0.000060
1	802	0.000186
1	803	0.000559
1	804	0.002668
1	807	0.002364
1	808	0.006141
2	7	0.000198
2	8	0.000044
2	9	0.000009
2	11	0.000097
2	12	0.000072
2	13	0.000001
2	14	0.000383
2	15	0.000124
2	28	0.000011
2	30	0.001189
2	32	0.000014
2	33	0.000003
2	39	0.000020
2	40	0.027216
2	41	0.000161
2	42	0.000445
2	46	0.000097
2	50	0.000003
2	53	0.000002
2	62	0.000632
2	64	0.000002
2	65	0.000051
2	66	0.000531
2	67	0.000002
2	74	0.000008
2	75	0.000005
2	76	0.000004
2	77	0.000003
2	483	0.000011
2	484	0.000011
2	488	0.000016
2	780	0.000049
2	781	0.000031
2	783	0.000008
2	784	0.013174
2	785	0.000257
2	788	0.000098
2	795	0.005016
2	797	0.000152
2	798	0.000651
2	799	0.002291
2	801	0.000175
2	802	0.000681
2	803	0.004860
2	804	0.004547
2	805	0.357748
2	807	0.006002
2	808	0.000832
2	810	0.057542
3	7	0.000061
3	8	0.000054
3	9	0.000027
3	11	0.000077
3	12	0.000002
3	13	0.000377
3	14	0.000161
3	29	0.001201
3	30	0.000011
3	32	0.000003
3	39	0.027236
3	40	0.000200
3	41	0.000360
3	42	0.004501
3	46	0.000008
3	52	0.000002
3	61	0.000637
3	62	0.000004
3	64	0.000051
3	65	0.000527
3	66	0.000002
3	74	0.000006
3	75	0.000020
3	76	0.000005
3	77	0.000003
3	483	0.000013
3	487	0.000010
3	488	0.000064
3	779	0.000023
3	780	0.000049
3	783	0.013071
3	784	0.000180
3	785	0.000106
3	788	0.000071
3	795	0.001938
3	797	0.000310
3	798	0.002704
3	799	0.001250
3	801	0.000247
3	802	0.004615
3	803	0.006085
3	804	0.335210
3	805	0.151512
3	807	0.000517
3	808	0.004351
3	810	0.080520
4	8	0.000047
4	9	0.000045
4	12	0.000359
4	13	0.000156
4	26	0.000015
4	28	0.001207
4	29	0.000007
4	41	0.004323
4	60	0.000643
4	61	0.000002
4	74	0.000022
4	75	0.000006
4	76	0.000003
4	487	0.000061
4	778	0.000009
4	779	0.000030
4	781	0.000029
4	785	0.000072
4	788	0.000115
4	797	0.002301
4	798	0.001121
4	799	0.000182
4	801	0.003423
4	802	0.004583
4	803	0.282204
4	804	0.129847
4	807	0.003967
4	808	0.032090
5	10	0.000256
5	16	0.000003
5	25	0.000016
5	27	0.001211
5	48	0.000002
5	59	0.000644
5	68	0.000004
5	71	0.000016
5	72	0.000012
5	479	0.000315
5	481	0.000013
5	482	0.000005
5	485	0.000066
5	782	0.006111
5	809	0.135186
6	12	0.000001
6	13	0.000001
6	15	0.000003
6	24	0.000016
6	26	0.001203
6	41	0.000048
6	58	0.000592
6	67	0.000003
6	74	0.000067
6	75	0.000003
6	484	0.000052
6	487	0.000006
6	781	0.004919
6	785	0.000049
6	788	0.001052
6	797	0.000505
6	798	0.000102
6	799	0.000422
6	801	0.014307
6	802	0.004314
6	803	0.001845
6	804	0.000512
6	807	0.006601
6	808	0.109453
7	21	0.000002
7	22	0.000003
7	25	0.001119
7	37	0.000034
7	38	0.002772
7	43	0.000014
7	44	0.000014
7	45	0.000007
7	47	0.000002
7	49	0.000002
7	57	0.000545
7	73	0.000073
7	478	0.000001
7	479	0.000005
7	480	0.000004
7	482	0.000002
7	486	0.000008
7	786	0.000078
7	787	0.001104
7	789	0.000065
7	790	0.000197
7	791	0.000312
7	792	0.000342
7	793	0.000348
7	794	0.000475
7	796	0.000496
7	800	0.012739
7	806	0.007088
7	809	0.000240
7	811	0.000404
7	812	0.000455
8	17	0.000003
8	19	0.000001
8	21	0.000009
8	22	0.000565
8	25	0.000002
8	37	0.001907
8	38	0.687140
8	43	0.000009
8	44	0.000006
8	48	0.000002
8	56	0.000139
8	72	0.000006
8	73	0.000006
8	479	0.000007
8	480	0.000001
8	485	0.000007
8	786	0.000576
8	787	0.000051
8	789	0.000126
8	790	0.000284
8	791	0.000333
8	792	0.000338
8	793	0.000436
8	794	0.000058
8	796	0.000038
8	800	0.000185
8	806	0.003588
8	809	0.000088
8	811	0.000416
8	812	0.000972
9	16	0.000003
9	19	0.000058
9	21	0.000699
9	22	0.000015
9	31	0.000009
9	34	0.000003
9	37	0.946337
9	38	0.000335
9	43	0.000002
9	73	0.000002
9	786	0.000030
9	787	0.000010
9	789	0.000130
9	790	0.000194
9	791	0.000196
9	792	0.000250
9	793	0.000042
9	794	0.000009
9	796	0.000022
9	800	0.000023
9	806	0.000071
9	809	0.000023
9	811	0.001697
9	812	0.000016
10	14	0.000001
10	18	0.000068
10	20	0.000704
10	23	0.000041
10	26	0.000002
10	30	0.000011
10	32	0.000004
10	33	0.000003
10	36	0.995299
10	483	0.000014
10	788	0.000001
10	795	0.000006
10	805	0.000008
10	810	0.001751
11	16	0.000131
11	25	0.000002
11	35	0.995416
11	482	0.000014
11	809	0.001725
12	16	0.000002
12	17	0.000005
12	19	0.000047
12	21	0.000010
12	22	0.000011
12	31	0.000008
12	34	0.987490
12	35	0.000009
12	37	0.000006
12	38	0.000011
12	73	0.000001
12	481	0.000014
12	806	0.000001
13	17	0.000014
13	19	0.000006
13	21	0.000010
13	22	0.000001
13	31	0.000124
13	34	0.000116
13	35	0.000002
13	37	0.000016
13	49	0.000009
13	72	0.000001
13	73	0.000010
13	480	0.000014
13	806	0.000007
14	35	0.000064
14	48	0.000011
14	71	0.000002
14	72	0.000012
14	479	0.000014
15	19	0.000001
15	21	0.000006
15	22	0.000001
15	31	0.911284
15	34	0.000063
15	37	0.000001
15	47	0.000011
15	70	0.000001
15	71	0.000011
15	478	0.000007
15	806	0.000100
16	20	0.000007
16	28	0.000022
16	29	0.078069
16	30	0.914625
16	32	0.000051
16	33	0.000024
16	36	0.000001
16	46	0.000010
16	61	0.000001
16	62	0.000001
16	804	0.000001
16	805	0.000113
17	26	0.000070
17	28	0.533627
17	29	0.461357
17	60	0.000002
17	804	0.000063
18	25	0.000144
18	27	0.987108
18	59	0.000003
18	68	0.000010
19	24	0.000105
19	26	0.986162
19	28	0.010452
19	58	0.000003
19	67	0.000009
19	802	0.000001
20	25	0.982651
20	27	0.010702
20	57	0.000003
20	68	0.000002
21	26	0.008098
21	28	0.000001
21	29	0.000003
21	67	0.000002
22	26	0.000008
22	28	0.000017
23	27	0.000017
23	35	0.000001
23	48	0.000002
24	34	0.000001
24	37	0.000014
24	47	0.000002
24	796	0.000001
25	36	0.000016
25	46	0.000002
25	52	0.000003
25	64	0.000015
25	795	0.000001
25	797	0.000012
26	35	0.000016
26	37	0.000014
26	45	0.000002
26	51	0.000003
26	63	0.000015
26	794	0.000001
26	796	0.000012
27	36	0.000020
27	50	0.000003
27	62	0.000015
27	795	0.000012
28	35	0.000020
28	49	0.000003
28	794	0.000012
29	34	0.000012
29	37	0.000001
29	48	0.000002
29	793	0.000010
30	35	0.000010
30	59	0.000017
31	58	0.000017
32	57	0.000017
33	37	0.000001
33	38	0.000002
33	56	0.000017
33	485	0.000002
33	811	0.000033
33	812	0.000017
34	41	0.000002
34	55	0.000016
34	75	0.000001
34	484	0.000002
35	40	0.000002
35	60	0.000001
35	74	0.000003
35	483	0.000003
35	810	0.002733
36	59	0.000002
36	72	0.000002
36	482	0.000002
36	809	0.002745
37	74	0.000963
37	75	0.000656
37	76	0.000006
37	484	0.000002
37	788	0.000001
37	798	0.000003
37	799	0.000005
37	802	0.000005
37	803	0.000011
37	804	0.000018
37	807	0.000005
37	808	0.002618
38	58	0.000083
38	74	0.004537
38	75	0.000078
38	76	0.000004
38	484	0.000006
38	785	0.000005
38	788	0.000008
38	797	0.000006
38	798	0.000008
38	799	0.000008
38	801	0.000008
38	802	0.000017
38	803	0.000039
38	804	0.000026
38	807	0.001825
38	808	0.000051
39	48	0.000199
39	57	0.000127
39	59	0.000001
39	68	0.000001
39	69	0.000786
39	71	0.000193
39	72	0.918956
39	479	0.000002
39	482	0.000634
39	809	0.000037
40	48	0.002076
40	56	0.000129
40	68	0.000795
40	69	0.000165
40	71	0.927342
40	72	0.000104
40	479	0.000019
40	481	0.000642
40	809	0.000026
41	45	0.000011
41	47	0.001928
41	48	0.000025
41	49	0.003793
41	51	0.000002
41	57	0.000003
41	68	0.000118
41	69	0.004570
41	70	0.922294
41	71	0.000070
41	72	0.000043
41	73	0.000871
41	478	0.000016
41	480	0.000642
41	486	0.000022
41	786	0.000008
41	787	0.000009
41	789	0.000002
41	790	0.000001
41	806	0.000006
41	809	0.000003
41	811	0.000127
41	812	0.000003
42	48	0.004620
42	56	0.000012
42	59	0.000002
42	68	0.023440
42	69	0.895578
42	71	0.000076
42	72	0.001040
42	477	0.000015
42	479	0.000647
42	485	0.000026
42	782	0.000001
42	809	0.002838
43	55	0.000010
43	58	0.000002
43	61	0.000007
43	67	0.039009
43	74	0.000002
43	75	0.000007
43	76	0.000005
43	484	0.000019
43	785	0.000243
43	788	0.000003
43	797	0.000001
43	798	0.000007
43	799	0.000035
43	801	0.000002
43	802	0.000011
43	803	0.000065
43	804	0.000099
43	807	0.000009
43	808	0.002809
44	60	0.000003
44	61	0.000294
44	67	0.018167
44	74	0.000010
44	75	0.000019
44	76	0.000006
44	487	0.000001
44	785	0.000042
44	788	0.000003
44	797	0.000006
44	798	0.000039
44	799	0.000013
44	801	0.000009
44	802	0.000071
44	803	0.000114
44	804	0.000042
44	807	0.002244
44	808	0.000105
45	58	0.000014
45	60	0.000403
45	61	0.000010
45	67	0.003117
45	74	0.000023
45	75	0.000020
45	76	0.000006
45	785	0.000026
45	788	0.000004
45	797	0.000029
45	798	0.000011
45	799	0.000002
45	801	0.000051
45	802	0.000067
45	803	0.000039
45	804	0.000011
45	807	0.000092
45	808	0.000042
46	56	0.000162
46	57	0.000013
46	59	0.000412
46	68	0.131869
46	69	0.000003
46	71	0.000026
46	72	0.000109
46	479	0.000006
46	481	0.000015
46	485	0.000042
46	782	0.020743
46	809	0.002601
47	55	0.000162
47	58	0.000376
47	60	0.000091
47	61	0.000600
47	67	0.132167
47	74	0.002890
47	75	0.000048
47	76	0.000022
47	484	0.000042
47	781	0.021060
47	785	0.000007
47	788	0.000002
47	797	0.000002
47	798	0.000003
47	799	0.000046
47	801	0.000002
47	802	0.000006
47	803	0.000047
47	804	0.000222
47	807	0.000029
47	808	0.002342
48	52	0.000024
48	53	0.000082
48	55	0.000001
48	58	0.000001
48	60	0.000383
48	61	0.601548
48	62	0.144655
48	64	0.002607
48	65	0.001030
48	66	0.117217
48	67	0.000002
48	74	0.000093
48	75	0.000125
48	76	0.000001
48	483	0.000041
48	488	0.000010
48	779	0.000001
48	780	0.021180
48	784	0.000006
48	785	0.000001
48	795	0.000032
48	797	0.000002
48	798	0.000052
48	799	0.000019
48	801	0.000002
48	802	0.000050
48	803	0.000239
48	804	0.000075
48	805	0.002878
48	807	0.000903
48	808	0.000034
48	810	0.000752
49	55	0.000008
49	58	0.000312
49	60	0.836878
49	61	0.073130
49	74	0.000167
49	75	0.000003
49	487	0.000009
49	778	0.000008
49	779	0.020619
49	788	0.000002
49	797	0.000043
49	798	0.000017
49	799	0.000002
49	801	0.000037
49	802	0.000166
49	803	0.000075
49	804	0.002451
49	807	0.000036
49	808	0.000015
50	56	0.000252
50	57	0.000333
50	59	0.915760
50	68	0.000044
50	69	0.000003
50	71	0.013372
50	72	0.003489
50	479	0.000003
50	481	0.000009
50	482	0.000009
50	485	0.000006
50	782	0.000006
50	809	0.000984
51	55	0.000168
51	58	0.913273
51	60	0.000747
51	61	0.000011
51	67	0.000040
51	74	0.000004
51	484	0.000002
51	778	0.000304
51	781	0.000005
51	799	0.000002
51	801	0.000002
51	802	0.000031
51	803	0.000018
51	804	0.000008
51	807	0.000006
51	808	0.000771
52	56	0.000579
52	57	0.904442
52	59	0.000771
52	68	0.000028
52	69	0.048053
52	71	0.000012
52	72	0.000028
52	775	0.000001
52	776	0.020717
52	809	0.000008
53	57	0.000612
53	59	0.000155
53	68	0.052021
53	69	0.000046
53	71	0.000028
53	775	0.020743
53	776	0.000015
53	809	0.000005
54	58	0.000108
54	60	0.000033
54	61	0.000020
54	67	0.051236
54	774	0.019833
54	797	0.000002
54	801	0.000008
54	807	0.000027
54	808	0.000003
55	59	0.000031
55	63	0.000094
55	68	0.000010
55	69	0.000006
55	796	0.000003
55	800	0.000009
55	806	0.000032
55	809	0.000001
55	811	0.000002
56	62	0.000101
56	64	0.000015
56	65	0.057218
56	66	0.002135
56	67	0.000011
56	75	0.000009
56	772	0.000003
56	773	0.020685
56	774	0.000001
56	795	0.000003
56	798	0.000041
56	799	0.000006
56	805	0.000033
56	808	0.000003
56	810	0.000002
57	61	0.000042
57	62	0.000015
57	64	0.057339
57	65	0.002080
57	66	0.000013
57	74	0.000046
57	772	0.020730
57	773	0.000002
57	797	0.000058
57	798	0.000003
57	804	0.000012
57	807	0.000005
57	810	0.000002
58	63	0.050227
58	72	0.000013
58	73	0.000052
58	771	0.020756
58	796	0.000063
58	806	0.000005
58	809	0.000002
58	811	0.000003
59	64	0.001023
59	65	0.000006
59	66	0.000002
59	74	0.000022
59	488	0.000002
59	770	0.020767
59	795	0.000064
59	805	0.000005
59	810	0.000004
60	70	0.000038
60	71	0.000067
60	73	0.000031
60	769	0.020747
60	794	0.000062
60	809	0.000004
61	68	0.000004
61	69	0.000063
61	70	0.000111
61	72	0.000040
61	73	0.000029
61	486	0.000009
61	768	0.020738
61	793	0.000048
61	811	0.000001
62	68	0.003352
62	69	0.000143
62	71	0.000067
62	72	0.000053
62	485	0.000014
62	498	0.000003
62	767	0.020748
62	809	0.000054
63	67	0.002214
63	74	0.000039
63	484	0.000014
63	497	0.000007
63	765	0.000034
63	766	0.016271
63	808	0.000051
64	68	0.000233
64	69	0.000017
64	71	0.000033
64	72	0.001049
64	482	0.000003
64	495	0.000001
64	498	0.000428
64	499	0.004534
64	762	0.000032
64	809	0.000101
65	69	0.000033
65	71	0.001053
65	72	0.002371
65	481	0.000003
65	482	0.000014
65	495	0.000033
65	498	0.004652
65	499	0.000026
65	761	0.000032
65	809	0.000034
66	71	0.002370
66	72	0.000052
66	481	0.000014
66	485	0.000001
66	495	0.020292
66	498	0.000022
66	760	0.000031
66	809	0.000019
67	71	0.000042
67	72	0.000003
67	73	0.000003
67	480	0.000009
67	485	0.000002
67	489	0.000064
67	494	0.020548
67	759	0.000028
67	796	0.000002
67	800	0.000002
67	806	0.000666
67	809	0.000004
67	811	0.000370
68	484	0.000005
68	487	0.000001
68	488	0.000098
68	493	0.020582
68	585	0.000002
68	784	0.000002
68	795	0.000003
68	799	0.000003
68	804	0.000001
68	805	0.000828
68	807	0.000009
68	808	0.000011
68	810	0.000454
69	75	0.000001
69	483	0.000006
69	487	0.000094
69	488	0.000010
69	492	0.020578
69	584	0.000002
69	783	0.000002
69	798	0.000003
69	799	0.000001
69	802	0.000001
69	803	0.000003
69	804	0.000802
69	805	0.001460
69	807	0.000014
69	808	0.000023
69	810	0.000009
70	74	0.000007
70	75	0.000007
70	76	0.000002
70	484	0.002607
70	487	0.000011
70	491	0.019611
70	785	0.000008
70	797	0.000003
70	798	0.000002
70	799	0.000003
70	801	0.000002
70	802	0.000004
70	803	0.000767
70	804	0.001506
70	807	0.000039
70	808	0.000400
71	75	0.000003
71	77	0.000001
71	483	0.003847
71	484	0.002360
71	487	0.000016
71	488	0.000045
71	491	0.000002
71	493	0.000006
71	583	0.000001
71	784	0.000008
71	795	0.000016
71	797	0.000001
71	798	0.000003
71	799	0.000029
71	801	0.000002
71	802	0.000470
71	803	0.001469
71	804	0.000012
71	805	0.000931
71	807	0.000294
71	808	0.000002
71	810	0.000132
72	77	0.000002
72	483	0.002405
72	484	0.000002
72	487	0.000021
72	488	0.014155
72	492	0.000006
72	582	0.000001
72	753	0.000001
72	754	0.000001
72	780	0.000001
72	783	0.000008
72	795	0.000011
72	797	0.000001
72	798	0.000044
72	799	0.000010
72	801	0.000138
72	802	0.001377
72	803	0.000021
72	804	0.000886
72	805	0.000976
72	807	0.000002
72	808	0.000073
72	810	0.000062
73	484	0.000027
73	487	0.014179
73	491	0.000006
73	752	0.000001
73	753	0.000001
73	785	0.000009
73	788	0.000113
73	797	0.000068
73	798	0.000015
73	799	0.000017
73	801	0.001296
73	802	0.000030
73	803	0.000787
73	804	0.000875
73	807	0.000180
73	808	0.000133
74	478	0.000017
74	479	0.000748
74	480	0.214185
74	481	0.000041
74	482	0.000016
74	485	0.000019
74	486	0.010592
74	490	0.000005
74	786	0.000006
74	787	0.000111
74	789	0.000004
74	790	0.000010
74	791	0.000013
74	792	0.000016
74	793	0.000014
74	794	0.000010
74	796	0.000059
74	800	0.001017
74	806	0.000163
74	809	0.000011
74	811	0.000018
74	812	0.000019
75	477	0.000003
75	478	0.000827
75	479	0.759517
75	480	0.000237
75	481	0.000020
75	482	0.000009
75	485	0.007919
75	486	0.000004
75	489	0.000003
75	786	0.000056
75	787	0.000002
75	789	0.000006
75	790	0.000011
75	791	0.000013
75	792	0.000012
75	793	0.000010
75	794	0.000002
75	796	0.000002
75	800	0.000002
75	806	0.000009
75	809	0.000004
75	811	0.000017
75	812	0.000003
76	477	0.000028
76	478	0.975845
76	479	0.000181
76	480	0.000019
76	481	0.000004
76	482	0.000005
76	485	0.000002
76	789	0.000003
76	790	0.000004
76	791	0.000004
76	792	0.000003
76	811	0.000002
77	477	0.999402
77	479	0.000018
77	481	0.000002
78	476	0.999914
79	475	0.999743
80	474	0.999939
81	473	0.999737
82	470	0.000001
82	472	0.998669
82	473	0.000001
83	471	0.999465
84	469	0.000010
84	470	0.999758
85	469	0.984329
86	463	0.000004
86	465	0.000053
86	466	0.204778
86	467	0.006085
86	468	0.733684
87	462	0.000008
87	463	0.000022
87	465	0.522812
87	466	0.007050
87	467	0.430397
87	468	0.000044
88	461	0.000002
88	464	0.722844
89	461	0.000003
89	464	0.046227
90	460	0.000002
90	467	0.000019
91	461	0.998508
91	464	0.000026
92	460	0.999984
93	459	0.999960
94	458	0.994419
95	458	0.000023
96	458	0.000003
97	454	0.000009
97	455	0.998664
98	454	0.999891
98	455	0.000001
99	453	0.999203
100	452	0.999972
101	451	0.999511
102	450	0.999976
103	449	0.999989
104	448	0.999928
105	109	0.000001
105	446	0.000014
105	447	0.982504
106	168	0.001500
107	113	0.000011
107	114	0.000002
107	167	0.001746
107	444	0.000073
107	445	0.000453
107	446	0.002653
108	112	0.000008
108	166	0.000893
108	168	0.000004
109	166	0.002658
109	168	0.000006
110	164	0.000101
110	165	0.003610
110	167	0.000006
110	444	0.000011
110	445	0.000628
110	446	0.992342
111	163	0.000102
111	164	0.003609
111	165	0.000007
111	167	0.000001
111	444	0.000621
111	445	0.995347
111	446	0.000033
112	162	0.000006
112	163	0.003509
112	164	0.000006
112	444	0.993920
112	445	0.000028
113	442	0.000049
113	443	0.995759
114	221	0.000029
114	224	0.000002
114	442	0.986828
114	443	0.000047
115	166	0.000147
115	168	0.000004
115	214	0.000004
115	220	0.000030
115	226	0.000008
115	227	0.000001
115	439	0.000013
116	161	0.000014
116	162	0.992571
116	163	0.001653
116	164	0.000035
116	165	0.000095
116	167	0.000001
116	438	0.000007
116	440	0.000014
117	161	0.998869
117	162	0.000871
117	163	0.000027
117	164	0.000072
118	160	0.999399
119	159	0.999977
120	158	0.999979
121	156	0.000001
121	157	0.999033
122	156	0.999289
122	157	0.000001
123	155	0.999964
124	154	0.999511
125	153	0.999977
126	152	0.999984
127	150	0.000001
127	151	0.998859
128	150	0.998775
129	149	0.998652
130	148	0.911101
131	146	0.000002
131	147	0.649753
131	148	0.085284
132	146	0.387791
132	147	0.350045
133	139	0.000003
133	143	0.006217
133	146	0.611800
134	138	0.000003
134	140	0.000002
134	142	0.006271
134	145	0.866866
135	139	0.000002
135	143	0.007765
135	147	0.000026
136	143	0.976668
136	146	0.000034
137	142	0.986965
137	145	0.000042
138	143	0.000033
160	180	0.000024
160	216	0.000002
161	179	0.000085
161	214	0.000003
161	224	0.000003
162	170	0.000005
162	178	0.000110
162	179	0.000238
162	213	0.000088
162	214	0.001093
162	220	0.000001
162	221	0.000035
162	224	0.000018
162	230	0.000005
162	439	0.000002
163	168	0.000127
163	169	0.000038
163	170	0.000791
163	172	0.000002
163	176	0.000001
163	177	0.000198
163	178	0.000389
163	179	0.000241
163	212	0.000191
163	213	0.041885
163	214	0.564528
163	220	0.000092
163	221	0.002563
163	224	0.000516
163	226	0.000040
163	227	0.000040
163	228	0.004591
163	230	0.000005
163	437	0.000012
163	439	0.000003
163	442	0.000001
163	443	0.000008
164	168	0.000029
164	169	0.000808
164	170	0.000100
164	175	0.000002
164	176	0.000215
164	177	0.000391
164	178	0.000241
164	212	0.041658
164	213	0.650463
164	214	0.112045
164	220	0.002110
164	221	0.028623
164	224	0.000159
164	226	0.000086
164	227	0.012154
164	228	0.000011
164	230	0.000001
164	436	0.000009
164	437	0.000309
164	442	0.000008
164	443	0.000009
165	169	0.000100
165	170	0.000003
165	175	0.000229
165	176	0.000392
165	177	0.000240
165	212	0.647278
165	213	0.129248
165	214	0.001583
165	220	0.028857
165	221	0.000093
165	224	0.000995
165	226	0.035441
165	227	0.000013
165	230	0.000004
165	436	0.000310
165	442	0.000010
166	174	0.000227
166	210	0.000791
166	211	0.070954
166	215	0.000264
166	216	0.000199
166	217	0.000152
166	218	0.000121
166	219	0.028761
166	222	0.000059
166	223	0.000959
166	225	0.037576
166	229	0.000004
166	435	0.000308
166	441	0.000008
167	175	0.000834
167	176	0.000001
167	209	0.000842
167	212	0.151063
167	213	0.045548
167	214	0.000227
167	220	0.000082
167	221	0.000110
167	224	0.038232
167	226	0.000007
167	228	0.000003
167	433	0.000004
167	434	0.000288
168	174	0.000838
168	207	0.000063
168	208	0.000743
168	210	0.000016
168	211	0.003882
168	215	0.000170
168	216	0.000489
168	217	0.021008
168	218	0.000077
168	219	0.000111
168	222	0.000093
168	223	0.037532
168	225	0.000008
168	432	0.000049
168	446	0.000001
169	173	0.000827
169	206	0.000117
169	210	0.002280
169	211	0.904811
169	215	0.000223
169	218	0.000040
169	222	0.014964
169	431	0.000041
169	445	0.000003
170	206	0.000286
170	210	0.993314
170	211	0.000044
170	215	0.000007
170	218	0.000005
170	222	0.000014
170	444	0.000003
171	175	0.000005
171	209	0.996348
171	212	0.000043
171	213	0.000002
171	214	0.000003
171	220	0.000055
171	221	0.000023
171	224	0.000005
171	226	0.000006
171	230	0.000001
171	443	0.000003
172	204	0.000003
172	205	0.000100
172	206	0.000117
172	207	0.000785
172	208	0.985620
172	210	0.000024
172	211	0.000041
172	219	0.000057
172	222	0.000002
172	223	0.000004
172	225	0.000006
172	229	0.000001
173	209	0.000032
173	212	0.000002
173	221	0.000016
173	224	0.000006
173	228	0.000001
174	220	0.000015
174	227	0.000001
175	203	0.000068
175	204	0.010208
175	206	0.239383
175	210	0.000002
175	211	0.000002
175	215	0.000003
175	218	0.000004
176	202	0.000068
176	203	0.009514
176	204	0.986249
176	206	0.000027
177	201	0.000068
177	202	0.008784
177	203	0.989232
177	204	0.000334
178	199	0.000003
178	201	0.008033
178	202	0.990032
178	203	0.000331
179	199	0.000692
179	201	0.990442
179	202	0.000326
181	198	0.000147
181	199	0.973512
182	197	0.000004
182	198	0.997947
182	199	0.000004
183	197	0.999954
184	196	0.999508
185	193	0.000002
185	195	0.999972
186	192	0.000006
186	194	0.999917
187	191	0.000024
187	193	0.991643
187	195	0.000007
188	192	0.980165
188	194	0.000008
189	193	0.000009
199	212	0.000029
200	210	0.000001
200	211	0.000029
200	215	0.000706
201	209	0.000001
201	213	0.000001
201	214	0.000723
202	209	0.000029
202	212	0.000001
202	213	0.000729
202	214	0.000003
203	209	0.000002
203	212	0.000729
203	213	0.000010
203	224	0.000038
204	209	0.000002
204	212	0.000010
204	213	0.000001
204	221	0.000002
205	214	0.000178
205	220	0.000002
205	226	0.000005
206	212	0.000006
206	213	0.000188
206	221	0.000300
206	224	0.000014
207	214	0.000001
207	220	0.000293
207	226	0.000001
208	226	0.000001
208	439	0.000003
209	215	0.000012
209	218	0.000323
209	222	0.000386
209	438	0.000004
209	444	0.000002
210	214	0.000005
210	221	0.000497
210	224	0.000019
210	226	0.000001
210	437	0.000004
210	443	0.000002
211	220	0.000463
211	221	0.000079
211	224	0.000036
211	232	0.000004
211	436	0.000003
211	442	0.000002
212	218	0.000658
212	222	0.000168
212	231	0.000011
212	445	0.000036
212	446	0.002022
213	218	0.001462
213	222	0.002817
213	231	0.000004
213	428	0.000001
213	431	0.000002
213	444	0.000036
213	445	0.002042
213	446	0.000003
214	218	0.000098
214	219	0.001298
214	222	0.053760
214	223	0.001330
214	225	0.020686
214	229	0.001956
214	427	0.000001
214	430	0.000001
214	435	0.000003
214	444	0.002022
214	445	0.000003
215	220	0.000249
215	221	0.198959
215	224	0.045336
215	226	0.000064
215	227	0.000462
215	228	0.009057
215	230	0.000008
215	239	0.000001
215	434	0.000005
215	437	0.000002
215	442	0.000029
215	443	0.001943
216	220	0.150881
216	226	0.000933
216	227	0.011372
216	238	0.000002
216	433	0.000004
217	226	0.014896
217	227	0.000112
218	224	0.019178
218	226	0.000240
218	227	0.004606
218	228	0.000721
218	230	0.000003
218	236	0.000833
218	434	0.000008
218	442	0.000125
218	443	0.000001
219	226	0.008178
219	227	0.000935
219	235	0.000835
219	433	0.000008
220	225	0.007098
220	234	0.000835
220	432	0.000008
220	441	0.000016
220	445	0.000108
220	446	0.000009
220	447	0.000011
221	231	0.000001
221	233	0.000833
221	431	0.000008
221	438	0.000006
221	440	0.000016
221	444	0.000245
221	445	0.000025
221	446	0.000048
222	226	0.000287
222	227	0.000152
222	228	0.000202
222	230	0.000006
222	232	0.000311
222	236	0.000006
222	437	0.000006
222	439	0.000007
222	442	0.000090
222	443	0.000246
223	227	0.000205
223	232	0.000487
223	235	0.000006
223	439	0.000003
224	231	0.000744
224	233	0.000007
224	428	0.000001
224	438	0.000004
224	440	0.000072
224	444	0.000224
224	445	0.000058
224	446	0.000013
225	232	0.000008
225	439	0.000069
226	231	0.000007
226	438	0.000060
226	440	0.000001
226	441	0.001486
226	444	0.000003
227	438	0.000002
227	440	0.000059
227	441	0.827685
228	233	0.000001
228	438	0.000007
228	440	0.983186
229	439	0.991358
230	438	0.991897
230	440	0.000034
231	436	0.499949
231	437	0.498006
231	439	0.000002
232	435	0.993552
233	434	0.999054
233	436	0.000016
234	433	0.998543
235	429	0.000186
235	430	0.000002
235	431	0.000009
235	432	0.998005
236	428	0.000239
236	431	0.995993
237	409	0.573052
237	410	0.000251
238	407	0.000004
238	408	0.925847
238	427	0.000018
238	428	0.000065
238	429	0.002964
238	430	0.000542
239	406	0.000008
239	407	0.997590
239	428	0.001801
240	405	0.000007
240	406	0.998979
240	407	0.000982
241	404	0.000006
241	405	0.998982
241	406	0.000991
241	407	0.000003
242	404	0.998942
242	405	0.000995
242	406	0.000003
243	402	0.000014
243	403	0.990423
243	404	0.000948
243	405	0.000003
245	402	0.898375
246	399	0.000014
246	401	0.898376
247	399	0.991400
248	398	0.999931
248	399	0.000020
249	397	0.999975
249	398	0.000014
250	392	0.000013
250	396	0.999971
250	397	0.000007
251	391	0.000024
251	394	0.000005
251	395	0.999960
252	390	0.000037
252	391	0.001189
252	394	0.998739
253	390	0.004862
253	391	0.000084
253	393	0.992609
253	394	0.000001
254	387	0.000014
254	388	0.105312
254	389	0.016526
254	392	0.876084
255	384	0.000012
255	387	0.969639
255	388	0.011871
256	383	0.000013
256	386	0.998824
256	387	0.000294
256	388	0.000013
256	389	0.000320
257	382	0.000011
257	385	0.998931
257	390	0.000019
257	391	0.000001
258	383	0.000398
258	384	0.998433
258	386	0.000003
258	387	0.000065
258	389	0.000018
259	383	0.998922
259	384	0.000001
259	386	0.000067
259	388	0.000014
259	389	0.000001
260	381	0.999029
261	380	0.999934
262	379	0.999493
263	378	0.999486
264	377	0.999901
265	376	0.987414
266	374	0.146819
266	376	0.000045
267	376	0.000040
268	371	0.925034
268	372	0.010413
268	373	0.005395
268	375	0.000051
269	369	0.000109
269	370	0.999503
269	374	0.000014
270	368	0.000118
270	369	0.999800
270	370	0.000069
271	367	0.000125
271	368	0.999797
271	369	0.000064
272	367	0.999594
272	368	0.000058
273	363	0.000002
273	365	0.998903
274	362	0.000001
274	364	0.996494
275	364	0.000172
276	362	0.995678
276	364	0.000003
277	358	0.000002
277	360	0.000001
277	361	0.998089
277	363	0.000003
278	357	0.000003
278	360	0.998404
278	361	0.000234
278	363	0.000008
279	356	0.000002
279	359	0.976085
279	362	0.000007
280	355	0.000002
281	356	0.001274
281	359	0.011297
282	355	0.001003
283	355	0.000009
284	355	0.000012
284	356	0.997809
285	352	0.000045
285	355	0.998338
286	351	0.000032
286	353	0.000004
286	354	0.999216
287	350	0.000009
287	351	0.000003
287	353	0.998334
288	351	0.000597
288	353	0.000011
289	350	0.000024
289	351	0.725312
290	350	0.999294
290	351	0.000082
291	348	0.000001
291	349	0.998791
292	348	0.998873
292	349	0.000001
293	347	0.999974
294	346	0.999978
295	345	0.999571
296	344	0.999736
296	347	0.000002
297	302	0.000001
297	341	0.000020
297	344	0.000063
297	346	0.000002
298	340	0.000020
298	342	0.990608
298	343	0.000065
298	345	0.000003
299	339	0.000020
299	341	0.999459
299	344	0.000005
300	340	0.997871
300	343	0.000005
301	339	0.974904
302	306	0.000001
302	342	0.000002
302	343	0.000132
303	342	0.000131
303	343	0.000111
304	342	0.000111
304	343	0.000046
305	342	0.000046
306	338	0.997957
306	339	0.000016
306	341	0.000027
307	337	0.999448
307	340	0.000015
308	336	0.999974
308	339	0.000002
309	335	0.999958
309	338	0.000001
310	334	0.983005
312	331	0.000001
312	332	0.994313
312	333	0.000931
313	331	0.999385
314	330	0.999490
315	329	0.999963
316	328	0.999575
317	326	0.000011
317	327	0.999915
318	326	0.998639
318	327	0.000036
318	329	0.000002
319	328	0.000005
320	326	0.000214
320	327	0.000008
321	325	0.000664
321	326	0.000010
386	391	0.000003
387	391	0.000002
409	426	0.000151
409	427	0.309549
409	428	0.000362
409	429	0.000262
409	430	0.000105
410	426	0.898485
410	427	0.001419
410	428	0.000186
410	429	0.000073
410	430	0.000025
411	425	0.999765
412	424	0.999988
413	420	0.000001
413	423	0.999954
414	419	0.000006
414	422	0.999711
415	420	0.000569
415	421	0.990258
416	422	0.000017
417	421	0.000023
427	433	0.000002
428	434	0.000060
428	436	0.000002
428	437	0.000013
429	433	0.000045
430	439	0.000002
431	436	0.000003
431	437	0.000010
432	439	0.000004
433	438	0.000004
433	441	0.000157
433	447	0.000004
434	440	0.000188
434	446	0.000016
435	439	0.000124
436	440	0.000001
436	445	0.000087
436	446	0.000003
437	444	0.000100
437	445	0.000003
437	446	0.000002
438	443	0.000094
442	446	0.000002
477	488	0.000001
477	788	0.000001
477	805	0.000008
478	484	0.000007
478	487	0.000001
478	785	0.000004
478	788	0.000100
478	799	0.000001
478	804	0.000009
479	483	0.000010
479	484	0.000001
479	488	0.000700
479	766	0.000002
479	780	0.000002
479	784	0.000002
479	785	0.000382
479	788	0.000133
479	795	0.000042
479	797	0.000002
479	798	0.000003
479	799	0.000003
479	801	0.000001
479	802	0.000003
479	803	0.000011
479	804	0.000004
479	805	0.000162
479	807	0.000001
479	808	0.000002
479	810	0.000054
480	484	0.000002
480	487	0.000686
480	765	0.000008
480	779	0.000002
480	781	0.000011
480	785	0.723959
480	788	0.000019
480	797	0.000002
480	798	0.000001
480	802	0.000002
480	803	0.000002
480	804	0.000063
480	808	0.000001
481	487	0.000013
481	488	0.000730
481	493	0.000003
481	566	0.000015
481	764	0.000012
481	780	0.000019
481	781	0.000012
481	783	0.000004
481	784	0.968459
481	785	0.000078
481	803	0.000001
482	487	0.000339
482	488	0.000041
482	492	0.000003
482	500	0.000014
482	565	0.000015
482	763	0.000012
482	779	0.000010
482	780	0.000017
482	783	0.969777
482	784	0.000050
482	810	0.000023
483	495	0.000034
483	499	0.000016
483	564	0.000015
483	699	0.000001
483	762	0.000012
483	782	0.965852
483	809	0.000023
484	489	0.000005
484	490	0.000009
484	494	0.000035
484	498	0.000014
484	499	0.000004
484	563	0.000013
484	698	0.000001
484	761	0.000012
484	782	0.000128
484	806	0.000014
485	492	0.000002
485	493	0.000034
485	497	0.000002
485	560	0.000007
485	562	0.000004
485	697	0.000002
485	778	0.000009
485	779	0.001075
485	780	0.786000
485	781	0.005192
485	783	0.000040
485	784	0.000007
485	785	0.000001
485	805	0.000017
485	808	0.000002
486	491	0.000003
486	497	0.000057
486	559	0.000007
486	696	0.000002
486	778	0.000895
486	779	0.660867
486	781	0.001325
486	804	0.000015
486	807	0.000002
487	496	0.000063
487	558	0.000007
487	695	0.000002
487	758	0.000012
487	777	0.000313
487	782	0.000005
487	806	0.000001
488	495	0.000063
488	498	0.000001
488	557	0.000007
488	694	0.000002
488	757	0.000012
488	776	0.000109
488	782	0.000069
489	497	0.000001
489	753	0.000001
489	756	0.000010
489	778	0.002917
489	779	0.281405
489	781	0.000090
490	559	0.000010
490	752	0.000004
490	778	0.946552
490	779	0.000059
490	781	0.000002
491	553	0.000003
491	558	0.000011
491	751	0.000004
491	777	0.975169
492	499	0.000014
492	552	0.000003
492	557	0.000012
492	751	0.000002
492	776	0.979098
493	498	0.000016
493	550	0.000001
493	556	0.000012
493	748	0.000015
493	775	0.979208
494	747	0.000015
494	774	0.978753
495	551	0.000002
495	555	0.000002
495	746	0.000015
495	773	0.979196
496	549	0.000001
496	744	0.000007
496	745	0.000008
496	772	0.978596
497	550	0.000001
497	552	0.000068
497	553	0.000011
497	743	0.000014
497	767	0.000001
497	768	0.000003
497	769	0.000001
497	771	0.977290
498	549	0.000035
498	551	0.000207
498	707	0.000015
498	742	0.000015
498	764	0.000003
498	765	0.000006
498	766	0.000007
498	770	0.969792
499	549	0.743741
499	551	0.000474
499	707	0.000085
499	738	0.000006
499	741	0.000015
499	764	0.000017
499	765	0.000046
499	766	0.000085
499	770	0.003120
500	548	0.988826
500	550	0.000421
500	737	0.000003
500	740	0.000012
500	767	0.001246
500	769	0.005247
501	547	0.997862
501	549	0.000195
501	765	0.000002
501	766	0.000453
502	546	0.999968
502	765	0.000003
503	545	0.999991
504	544	0.999977
505	543	0.999689
506	541	0.000001
506	542	0.998774
507	541	0.994912
507	542	0.001195
508	539	0.000399
508	541	0.002351
508	542	0.000002
509	540	0.102419
510	537	0.000010
510	538	0.000046
510	539	0.062935
510	541	0.000008
511	537	0.000035
511	538	0.009181
511	539	0.900936
512	537	0.008228
512	538	0.987894
513	537	0.985999
513	538	0.002263
514	536	0.662463
515	535	0.338624
515	536	0.337077
516	535	0.661202
517	531	0.000005
517	533	0.000007
517	534	0.984822
518	530	0.000006
518	531	0.000011
518	533	0.999794
519	532	0.999413
520	529	0.000245
520	530	0.001016
520	531	0.998706
521	528	0.000320
521	529	0.001923
521	530	0.997114
521	531	0.000004
521	533	0.000001
522	532	0.000002
523	528	0.014278
523	529	0.015090
523	530	0.000030
523	531	0.000003
524	528	0.010786
524	529	0.001097
524	530	0.000022
547	706	0.000006
547	708	0.000004
548	555	0.000005
548	707	0.004477
548	736	0.000001
549	553	0.000001
549	554	0.000005
549	556	0.000002
549	705	0.203760
549	706	0.002537
549	710	0.000005
549	731	0.000017
549	735	0.000001
549	768	0.000002
549	769	0.000001
550	555	0.000067
550	561	0.000004
550	565	0.000104
550	582	0.000001
550	583	0.000003
550	584	0.000040
550	585	0.000143
550	586	0.000002
550	688	0.000042
550	690	0.000025
550	704	0.957966
550	707	0.000421
550	709	0.000626
550	711	0.000003
550	732	0.000002
550	734	0.000002
550	738	0.000916
550	763	0.000002
550	770	0.000035
551	556	0.000036
551	557	0.000005
551	564	0.000110
551	588	0.000002
551	687	0.000050
551	689	0.000029
551	698	0.000001
551	703	0.959552
551	708	0.000690
551	710	0.000004
551	729	0.000365
551	731	0.000001
551	733	0.000002
551	737	0.000918
551	762	0.000002
551	767	0.000398
551	769	0.000047
552	560	0.000017
552	566	0.000009
552	581	0.000004
552	582	0.000005
552	583	0.000197
552	584	0.000484
552	585	0.000424
552	586	0.000002
552	587	0.000002
552	683	0.000009
552	686	0.000048
552	688	0.000029
552	697	0.000001
552	702	0.959048
552	704	0.000003
552	707	0.001215
552	709	0.000002
552	728	0.000377
552	736	0.000799
552	764	0.000004
552	766	0.000389
553	559	0.000017
553	562	0.000112
553	580	0.000004
553	682	0.000008
553	696	0.000001
553	701	0.826025
553	712	0.000001
553	727	0.000383
553	734	0.000011
553	765	0.000358
553	766	0.000002
554	561	0.000112
554	565	0.000237
554	566	0.000001
554	569	0.000001
554	579	0.000003
554	582	0.000680
554	583	0.001088
554	584	0.000362
554	585	0.000036
554	686	0.000046
554	688	0.000006
554	701	0.000282
554	704	0.034382
554	707	0.000017
554	709	0.000002
554	711	0.000003
554	726	0.000383
554	734	0.000404
554	738	0.000045
554	763	0.000013
554	764	0.000080
554	766	0.000001
554	770	0.000003
555	563	0.000192
555	564	0.000256
555	578	0.000003
555	687	0.000008
555	698	0.005898
555	699	0.796788
555	703	0.034368
555	708	0.000002
555	710	0.000003
555	733	0.000415
555	737	0.000045
555	762	0.000022
555	767	0.000002
555	769	0.000003
556	560	0.000015
556	561	0.000008
556	562	0.000195
556	565	0.000002
556	566	0.000045
556	575	0.000002
556	581	0.002546
556	582	0.001806
556	583	0.000030
556	584	0.000009
556	585	0.000004
556	686	0.000007
556	697	0.003621
556	702	0.020137
556	704	0.000265
556	707	0.000004
556	724	0.000385
556	732	0.000002
556	736	0.000012
556	763	0.000001
556	764	0.000003
557	561	0.000189
557	562	0.000070
557	565	0.000046
557	566	0.000004
557	573	0.000005
557	580	0.002596
557	581	0.001812
557	582	0.000026
557	583	0.000009
557	584	0.000004
557	683	0.000087
557	696	0.001087
557	697	0.952484
557	701	0.005698
557	702	0.015685
557	723	0.000385
557	763	0.000003
558	572	0.000004
558	579	0.003148
558	580	0.001261
558	682	0.000088
558	696	0.956051
558	701	0.030014
558	722	0.000382
559	564	0.000002
559	578	0.003663
559	681	0.000088
559	694	0.000028
559	695	0.956165
559	699	0.000005
559	700	0.035950
559	720	0.000193
559	721	0.000190
559	762	0.000003
559	768	0.000017
560	564	0.000003
560	571	0.000001
560	576	0.000001
560	577	0.003734
560	578	0.000725
560	680	0.000087
560	694	0.950120
560	698	0.000005
560	699	0.035497
560	719	0.000385
560	761	0.000003
560	767	0.000020
561	571	0.123121
561	576	0.003739
561	577	0.000729
561	679	0.000086
561	689	0.000002
561	691	0.000010
561	694	0.002575
561	698	0.034906
561	699	0.000803
561	718	0.000385
561	760	0.000003
562	567	0.000486
562	568	0.001780
562	570	0.565739
562	571	0.000006
562	574	0.005248
562	576	0.000672
562	692	0.000504
562	694	0.000021
562	695	0.000011
562	698	0.001300
562	700	0.000001
562	703	0.000008
562	717	0.000385
562	759	0.000003
563	569	0.639575
563	573	0.005791
563	575	0.000625
563	693	0.000081
563	696	0.001944
563	697	0.018881
563	701	0.000001
563	702	0.000016
563	716	0.000385
563	764	0.000029
564	569	0.007825
564	572	0.005863
564	573	0.000155
564	579	0.000002
564	688	0.000004
564	690	0.000530
564	693	0.000051
564	696	0.015964
564	697	0.000659
564	701	0.000017
564	715	0.000384
564	763	0.000029
565	571	0.005874
565	578	0.000002
565	687	0.000004
565	689	0.000515
565	691	0.000006
565	694	0.004095
565	698	0.000008
565	699	0.000331
565	762	0.000029
566	571	0.000191
566	577	0.000002
566	687	0.000202
566	689	0.000018
566	691	0.000017
566	694	0.005680
566	698	0.000377
566	699	0.000033
566	761	0.000029
566	767	0.000001
567	572	0.000003
567	580	0.000002
567	688	0.000020
567	690	0.000013
567	696	0.000223
567	712	0.000338
567	753	0.000002
567	766	0.000001
568	579	0.000002
568	688	0.000121
568	690	0.000017
568	696	0.000717
568	711	0.000359
568	752	0.000002
568	765	0.000001
569	578	0.000002
569	687	0.000143
569	689	0.000022
569	691	0.000005
569	694	0.001814
569	710	0.000360
569	751	0.000002
569	757	0.000003
570	688	0.000019
570	690	0.000005
570	696	0.000005
570	709	0.000176
570	756	0.000003
571	575	0.000005
571	682	0.000017
571	683	0.000004
571	686	0.000088
571	690	0.000001
571	693	0.866292
571	707	0.000006
571	714	0.000001
572	589	0.000002
572	681	0.000018
572	684	0.000001
572	685	0.000079
572	691	0.000004
572	692	0.969293
572	706	0.000005
572	713	0.000001
572	768	0.000001
573	588	0.000002
573	680	0.000015
573	689	0.000282
573	691	0.989763
573	767	0.000002
574	688	0.000300
574	690	0.989453
574	711	0.000001
574	766	0.000001
575	588	0.000257
575	687	0.000307
575	689	0.989635
575	710	0.000001
576	581	0.000001
576	582	0.000036
576	583	0.000287
576	584	0.007558
576	585	0.027061
576	586	0.000177
576	587	0.000346
576	686	0.000111
576	688	0.950981
576	765	0.000001
577	581	0.000035
577	582	0.000289
577	583	0.007649
577	584	0.027318
577	585	0.000408
577	586	0.000348
577	683	0.000038
577	686	0.000142
577	688	0.000019
577	764	0.000001
578	582	0.007420
578	583	0.026910
578	584	0.000407
578	585	0.000347
578	682	0.000039
578	683	0.000005
578	686	0.958046
578	763	0.000001
579	681	0.000040
579	684	0.000133
579	685	0.947923
579	687	0.000006
580	680	0.000003
580	681	0.000575
580	684	0.812432
580	685	0.000891
580	687	0.000001
581	588	0.000001
581	679	0.000001
581	680	0.000533
581	687	0.000002
582	679	0.000449
582	680	0.000501
582	699	0.000003
582	761	0.000002
582	762	0.000023
583	588	0.000003
583	679	0.000419
583	680	0.000731
583	698	0.000003
583	699	0.000006
583	760	0.000002
583	761	0.000024
583	762	0.000046
584	588	0.000001
584	679	0.000622
584	680	0.003876
584	698	0.000006
584	699	0.000009
584	760	0.000024
584	761	0.000048
585	679	0.003269
585	680	0.017752
585	687	0.000003
585	698	0.000009
585	699	0.000003
585	760	0.000048
586	679	0.010811
586	680	0.972237
586	698	0.000003
586	699	0.000002
587	679	0.983664
587	680	0.000154
587	698	0.000002
588	677	0.000005
588	678	0.993254
588	683	0.000004
588	697	0.000002
589	682	0.000004
589	696	0.000002
590	676	0.000016
590	677	0.999692
590	678	0.000017
591	676	0.999960
591	677	0.000009
592	675	0.999201
593	674	0.999928
594	673	0.999985
595	672	0.999698
596	670	0.000001
596	671	0.999965
597	670	0.996596
597	671	0.000002
599	668	0.996004
600	667	0.999975
601	666	0.999511
602	665	0.999977
603	664	0.999991
604	663	0.999991
605	662	0.999957
606	661	0.999964
607	660	0.999991
608	659	0.999957
609	657	0.000008
609	658	0.999947
610	656	0.000016
610	657	0.999966
610	658	0.000002
611	654	0.000005
611	656	0.998723
611	657	0.000003
612	616	0.000001
613	653	0.000636
614	652	0.000330
614	653	0.863852
615	652	0.865255
615	653	0.000004
616	651	0.864967
616	652	0.000003
616	655	0.131663
617	650	0.861832
617	654	0.134346
618	643	0.000001
618	648	0.004279
618	653	0.131230
619	642	0.000001
619	647	0.002164
619	648	0.858863
619	652	0.127264
619	653	0.003143
620	647	0.863075
620	652	0.006240
621	646	0.864516
622	639	0.000003
622	645	0.864182
622	651	0.116090
623	641	0.000001
623	644	0.864414
623	646	0.000002
623	650	0.134585
624	637	0.000247
624	640	0.000001
624	642	0.000013
624	643	0.748940
624	645	0.000004
624	648	0.000002
624	649	0.134693
625	636	0.000538
625	640	0.000045
625	642	0.262211
625	643	0.106717
625	647	0.000005
625	648	0.134725
626	635	0.000573
626	636	0.000003
626	638	0.001291
626	640	0.004033
626	642	0.088665
626	643	0.002778
626	647	0.134646
627	634	0.000572
627	635	0.000002
627	637	0.001305
627	638	0.000012
627	639	0.003953
627	640	0.000070
627	642	0.002969
627	643	0.000403
627	645	0.124748
628	633	0.000555
628	641	0.013289
628	644	0.130416
628	646	0.000003
629	635	0.001366
629	636	0.000936
629	638	0.002431
629	640	0.013149
629	642	0.577578
629	643	0.065416
630	641	0.979502
631	635	0.000141
631	636	0.001074
631	638	0.010738
631	640	0.980472
631	642	0.000001
632	636	0.000013
632	637	0.009247
632	638	0.000015
632	639	0.980353
633	638	0.977361
633	640	0.000001
678	687	0.000195
678	689	0.000002
678	691	0.000018
678	694	0.000002
678	699	0.000008
679	686	0.000210
679	688	0.000002
679	690	0.000018
679	693	0.000003
679	764	0.000001
680	686	0.000010
680	693	0.000022
680	697	0.000168
680	702	0.000007
680	763	0.000001
681	688	0.000640
681	690	0.000039
681	696	0.000216
681	701	0.000021
681	711	0.000015
681	712	0.000020
682	687	0.000582
682	689	0.000032
682	692	0.001964
682	695	0.000223
682	699	0.000002
682	700	0.000034
682	710	0.000010
682	758	0.000004
682	761	0.000010
682	762	0.000003
682	768	0.000286
683	687	0.000008
683	689	0.000077
683	691	0.002350
683	694	0.000222
683	698	0.000007
683	699	0.000037
683	710	0.000139
683	757	0.000004
683	760	0.000020
683	761	0.000006
683	767	0.000326
684	688	0.000066
684	690	0.002055
684	696	0.000006
684	709	0.000074
684	711	0.000003
684	712	0.000067
684	756	0.000003
684	766	0.000313
685	690	0.000006
685	696	0.000008
685	709	0.001687
685	711	0.000093
685	765	0.000234
686	691	0.000183
686	694	0.000208
686	698	0.000054
686	699	0.000002
686	703	0.000004
686	708	0.001937
686	710	0.000096
686	757	0.000162
686	760	0.000001
686	761	0.000002
686	762	0.000001
687	693	0.000427
687	696	0.000005
687	697	0.000055
687	701	0.000012
687	702	0.000004
687	704	0.000009
687	707	0.002696
687	709	0.000086
687	756	0.000166
687	763	0.000076
687	764	0.000004
688	692	0.000347
688	694	0.000002
688	695	0.000014
688	698	0.000001
688	700	0.000023
688	703	0.000009
688	705	0.001973
688	706	0.001492
688	708	0.000086
688	755	0.000165
688	757	0.000003
688	759	0.000002
688	762	0.000075
689	693	0.000015
689	696	0.000022
689	697	0.000003
689	702	0.000008
689	704	0.003378
689	707	0.000283
689	754	0.000130
689	756	0.000018
689	763	0.000002
690	695	0.000025
690	698	0.000031
690	703	0.003379
690	705	0.000322
690	706	0.000255
690	755	0.000018
690	760	0.000047
690	762	0.000002
691	697	0.000039
691	702	0.003382
691	704	0.000411
691	753	0.000236
691	754	0.000013
692	696	0.000030
692	701	0.003323
692	752	0.000270
692	753	0.000006
693	698	0.000053
693	699	0.002294
693	703	0.000699
693	751	0.000280
694	702	0.000769
694	707	0.000001
694	750	0.000291
695	701	0.000749
695	709	0.000002
696	700	0.000589
696	749	0.000308
696	768	0.000001
697	703	0.000006
697	708	0.000099
697	748	0.000314
697	767	0.000001
698	702	0.000006
698	704	0.000010
698	707	0.000119
698	747	0.000314
698	766	0.000001
699	704	0.000003
699	707	0.000001
699	746	0.000314
700	744	0.000002
700	745	0.000297
701	743	0.000002
702	708	0.000003
702	743	0.000298
703	707	0.000009
703	711	0.000009
703	738	0.000002
703	741	0.000027
703	742	0.000278
703	744	0.000002
703	770	0.000001
704	710	0.000010
704	737	0.000002
704	740	0.000046
704	743	0.000003
704	767	0.000028
704	769	0.000002
705	709	0.000007
705	765	0.000011
705	766	0.000080
706	711	0.000001
706	734	0.000007
706	765	0.000068
706	766	0.000018
707	733	0.000007
707	737	0.026860
707	739	0.121255
707	767	0.000291
707	769	0.000246
708	732	0.000001
708	736	0.027947
708	738	0.965063
708	766	0.000001
709	735	0.027447
709	737	0.965857
710	734	0.010827
710	736	0.968821
710	738	0.000236
711	733	0.003077
711	735	0.928465
711	737	0.000234
712	733	0.911364
712	735	0.000083
713	732	0.995985
713	734	0.000067
714	730	0.000001
714	731	0.999554
714	733	0.000022
715	729	0.000001
715	730	0.999599
715	731	0.000004
716	729	0.999584
716	730	0.000003
717	727	0.003328
717	728	0.994292
718	723	0.000022
718	724	0.001143
718	726	0.006675
718	727	0.988942
718	728	0.000004
719	723	0.001124
719	724	0.001314
719	726	0.980088
719	727	0.000013
719	728	0.000007
720	727	0.000017
721	727	0.000003
729	736	0.000001
729	738	0.000003
730	736	0.000032
730	738	0.000013
730	773	0.000002
731	736	0.000008
731	738	0.000064
731	772	0.000007
732	737	0.000059
732	769	0.000001
732	771	0.000010
733	738	0.000007
733	770	0.000026
734	767	0.000004
734	768	0.000022
734	769	0.000036
735	766	0.000005
736	767	0.000784
736	769	0.000016
737	765	0.000033
737	766	0.000894
737	770	0.000022
738	767	0.000298
738	769	0.000078
739	763	0.000009
739	764	0.876447
739	765	0.000064
739	766	0.000010
740	763	0.998736
740	764	0.000287
741	761	0.000028
741	762	0.999601
742	751	0.000001
742	760	0.000045
742	761	0.999249
743	750	0.000002
743	763	0.000022
744	749	0.000002
744	758	0.000040
744	759	0.984731
744	760	0.000021
744	762	0.000022
744	769	0.000001
745	757	0.000051
745	758	0.998423
745	759	0.000015
745	761	0.000023
745	768	0.000001
746	751	0.000008
746	757	0.998396
746	760	0.000050
746	767	0.000001
747	751	0.000039
747	755	0.218066
747	757	0.000027
747	758	0.000012
747	759	0.000050
747	760	0.000001
748	752	0.000048
748	753	0.001792
748	754	0.231135
748	756	0.000788
749	753	0.168384
749	754	0.094919
749	756	0.000748
750	757	0.000093
750	760	0.000001
751	756	0.000183
751	763	0.000002
752	757	0.000002
752	762	0.000002
753	761	0.000002
753	768	0.000001
754	760	0.000002
754	767	0.000001
755	766	0.000001
756	768	0.000002
757	764	0.000001
758	766	0.000009
759	765	0.000010
760	764	0.000009
762	770	0.000002
763	767	0.000004
763	769	0.000010
764	769	0.000914
765	769	0.000401
766	771	0.000001
780	809	0.000001
781	790	0.000001
781	796	0.000002
781	806	0.000036
781	811	0.000580
782	795	0.000002
782	805	0.000049
782	810	0.000808
783	809	0.000819
784	809	0.000060
785	789	0.000038
785	790	0.000128
785	791	0.000102
785	792	0.000161
785	793	0.000060
785	794	0.000083
785	796	0.000014
785	800	0.001979
785	806	0.000115
785	809	0.005990
785	811	0.000012
785	812	0.000002
786	797	0.000033
786	798	0.001956
786	799	0.002960
786	801	0.000288
786	802	0.477274
786	803	0.001917
786	804	0.000460
786	807	0.000132
786	808	0.011964
787	797	0.002554
787	798	0.002963
787	799	0.000299
787	801	0.635101
787	802	0.001750
787	803	0.000456
787	804	0.000109
787	807	0.013904
787	808	0.000158
788	792	0.000092
788	793	0.000334
788	794	0.000208
788	796	0.002507
788	800	0.659776
788	806	0.013178
788	809	0.000404
788	811	0.000006
788	812	0.000002
789	797	0.000107
789	798	0.001655
789	799	0.660152
789	801	0.000186
789	802	0.000496
789	803	0.000995
789	804	0.010843
789	807	0.000038
789	808	0.000523
790	797	0.002014
790	798	0.645030
790	799	0.011030
790	801	0.000574
790	802	0.001389
790	803	0.013663
790	804	0.010705
790	807	0.000466
790	808	0.000087
791	797	0.539068
791	798	0.013572
791	799	0.004252
791	801	0.001262
791	802	0.014446
791	803	0.012638
791	804	0.009300
791	807	0.000080
791	808	0.000067
792	797	0.011033
792	798	0.004817
792	799	0.002960
792	801	0.013774
792	802	0.012732
792	803	0.012289
792	804	0.000877
792	807	0.000063
792	808	0.000067
793	797	0.003042
793	798	0.002641
793	799	0.001548
793	801	0.010981
793	802	0.013182
793	803	0.001111
793	804	0.000472
793	807	0.000064
793	808	0.000055
794	798	0.001038
794	799	0.000907
794	801	0.009813
794	802	0.001001
794	803	0.000561
794	804	0.000039
794	807	0.000051
794	808	0.000012
795	809	0.003920
796	801	0.000149
796	802	0.000558
796	803	0.000588
796	804	0.000158
796	807	0.000327
796	808	0.003775
797	806	0.000408
797	809	0.000016
797	811	0.000022
797	812	0.000023
798	806	0.000264
798	809	0.000030
798	811	0.000036
798	812	0.000016
799	806	0.000155
799	809	0.000441
799	811	0.000026
799	812	0.000003
800	804	0.000053
800	807	0.000311
800	808	0.000544
801	806	0.000305
801	809	0.000051
801	811	0.000013
801	812	0.000064
802	806	0.000071
802	809	0.000191
802	811	0.000113
802	812	0.000039
803	809	0.000215
803	811	0.000078
803	812	0.000134
804	809	0.000063
804	811	0.000208
804	812	0.000011
805	809	0.000178
807	811	0.000084
807	812	0.000084
808	812	0.000032
