1	7	0.000107
1	8	0.000091
1	9	0.000022
1	12	0.000037
1	13	0.000018
1	15	0.000161
1	29	0.000003
1	33	0.000007
1	41	0.175521
1	55	0.000004
1	61	0.000003
1	67	0.040246
1	75	0.001266
1	76	0.000868
1	77	0.000113
1	105	0.000037
1	112	0.001449
1	722	0.000004
1	727	0.000002
1	733	0.000290
1	734	0.002682
1	736	0.011221
1	740	0.000503
1	742	0.001310
1	743	0.006510
1	745	0.014557
1	748	0.001024
1	755	0.044363
1	757	0.000142
1	759	0.000003
1	761	0.000003
1	764	0.000024
1	828	0.000141
1	829	0.000002
2	7	0.000315
2	8	0.000067
2	9	0.000013
2	11	0.000049
2	12	0.000036
2	14	0.000194
2	15	0.000063
2	28	0.000005
2	30	0.000594
2	32	0.000007
2	33	0.000002
2	39	0.000177
2	40	0.233743
2	41	0.001382
2	42	0.004108
2	46	0.001503
2	50	0.000033
2	52	0.000007
2	53	0.000696
2	60	0.000006
2	61	0.000003
2	62	0.051990
2	64	0.000148
2	65	0.005199
2	66	0.049725
2	67	0.000141
2	74	0.001670
2	75	0.001728
2	76	0.000132
2	77	0.000112
2	104	0.000041
2	105	0.000051
2	107	0.000020
2	110	0.000013
2	111	0.002663
2	112	0.000010
2	116	0.000004
2	117	0.000010
2	721	0.000005
2	724	0.000348
2	727	0.000002
2	731	0.000002
2	732	0.000379
2	733	0.005358
2	734	0.000015
2	735	0.012564
2	736	0.005127
2	739	0.000657
2	740	0.000480
2	741	0.001720
2	742	0.012996
2	743	0.000035
2	744	0.016278
2	745	0.010691
2	747	0.001237
2	748	0.000257
2	750	0.000202
2	751	0.154897
2	753	0.000332
2	754	0.058933
2	755	0.001016
2	756	0.000175
2	757	0.000176
2	759	0.000001
2	761	0.000201
2	763	0.000040
2	764	0.000026
2	765	0.000003
2	827	0.000284
2	828	0.000001
2	840	0.000065
2	848	0.000449
2	851	0.003650
3	7	0.000062
3	8	0.000045
3	9	0.000020
3	11	0.000039
3	13	0.000191
3	14	0.000082
3	29	0.000600
3	30	0.000006
3	32	0.000002
3	39	0.233877
3	40	0.001710
3	41	0.003322
3	42	0.038558
3	46	0.000105
3	50	0.000009
3	52	0.000691
3	53	0.000004
3	60	0.000001
3	61	0.052389
3	62	0.000320
3	64	0.005206
3	65	0.049352
3	66	0.000186
3	67	0.000002
3	74	0.001820
3	75	0.000097
3	76	0.000168
3	77	0.000078
3	104	0.000055
3	107	0.000008
3	110	0.002644
3	111	0.000021
3	116	0.000010
3	720	0.000005
3	721	0.000001
3	723	0.000348
3	727	0.000002
3	731	0.000161
3	732	0.005725
3	733	0.000012
3	734	0.012032
3	735	0.005525
3	736	0.000006
3	739	0.000636
3	740	0.001049
3	741	0.013884
3	742	0.000025
3	743	0.014917
3	744	0.011526
3	745	0.000015
3	747	0.000323
3	748	0.000030
3	750	0.154971
3	751	0.000755
3	753	0.058433
3	754	0.001147
3	755	0.000100
3	756	0.000241
3	757	0.000002
3	759	0.000003
3	761	0.000006
3	763	0.000034
3	764	0.000001
3	765	0.000002
3	826	0.000303
3	839	0.000077
3	848	0.000288
3	851	0.002776
4	8	0.000047
4	9	0.000036
4	12	0.000182
4	13	0.000079
4	26	0.000008
4	28	0.000603
4	29	0.000003
4	41	0.037038
4	58	0.000010
4	60	0.052983
4	61	0.000164
4	67	0.000002
4	75	0.000148
4	76	0.000073
4	77	0.000017
4	79	0.000099
4	105	0.000001
4	722	0.000296
4	727	0.000003
4	731	0.004814
4	733	0.010900
4	734	0.004752
4	736	0.000006
4	740	0.011915
4	742	0.012589
4	743	0.009873
4	745	0.000023
4	748	0.000698
4	755	0.000202
4	757	0.000002
4	759	0.000739
4	761	0.001262
4	764	0.000001
4	825	0.000303
4	838	0.000077
4	844	0.000009
5	10	0.000130
5	16	0.000002
5	25	0.000008
5	27	0.000605
5	48	0.000027
5	56	0.000018
5	57	0.000009
5	59	0.053060
5	68	0.000060
5	69	0.000001
5	71	0.000730
5	72	0.000032
5	78	0.000126
5	80	0.000018
5	82	0.000002
5	113	0.000009
5	114	0.000002
5	749	0.131463
5	758	0.000807
5	760	0.001364
5	824	0.000302
5	837	0.000077
5	843	0.000009
5	845	0.000212
5	846	0.000012
5	847	0.000017
5	849	0.001374
5	850	0.000956
6	15	0.000002
6	24	0.000008
6	26	0.000602
6	41	0.000326
6	55	0.000022
6	58	0.048739
6	60	0.000003
6	61	0.000011
6	67	0.000050
6	75	0.000009
6	76	0.000008
6	77	0.000112
6	79	0.000018
6	105	0.000001
6	112	0.000007
6	727	0.000130
6	731	0.005413
6	733	0.000053
6	734	0.000004
6	736	0.000024
6	740	0.000708
6	742	0.000115
6	743	0.000012
6	745	0.000012
6	748	0.106788
6	755	0.000005
6	757	0.000417
6	759	0.001268
6	761	0.000002
6	844	0.000202
7	22	0.000002
7	25	0.000559
7	37	0.000071
7	38	0.005536
7	43	0.000094
7	44	0.000098
7	45	0.000046
7	47	0.000041
7	48	0.000022
7	49	0.000019
7	51	0.000003
7	54	0.000023
7	56	0.000048
7	57	0.044887
7	59	0.000002
7	63	0.000043
7	69	0.000002
7	70	0.000008
7	73	0.000012
7	78	0.000016
7	106	0.000004
7	108	0.000003
7	109	0.000004
7	726	0.000123
7	728	0.000074
7	729	0.000062
7	730	0.005673
7	737	0.000076
7	738	0.000103
7	746	0.000124
7	749	0.000096
7	752	0.000030
7	758	0.001063
7	760	0.000001
7	835	0.000002
7	836	0.000002
7	843	0.000184
7	847	0.000003
7	849	0.000014
7	850	0.000021
7	852	0.000047
8	17	0.000001
8	21	0.000005
8	22	0.000283
8	25	0.000001
8	37	0.003219
8	38	0.745066
8	43	0.000066
8	44	0.000041
8	45	0.000007
8	47	0.000015
8	48	0.000017
8	49	0.000003
8	51	0.000003
8	54	0.000015
8	56	0.011415
8	57	0.000021
8	63	0.000002
8	69	0.000001
8	73	0.000003
8	108	0.000002
8	725	0.000019
8	726	0.000010
8	728	0.000038
8	729	0.003973
8	730	0.000051
8	737	0.000042
8	738	0.000053
8	746	0.000116
8	749	0.000011
8	752	0.000005
8	834	0.000001
8	835	0.000001
8	842	0.000038
8	849	0.000011
8	850	0.000008
8	852	0.000012
9	16	0.000001
9	19	0.000030
9	21	0.000350
9	22	0.000008
9	31	0.000005
9	34	0.000002
9	37	0.959215
9	38	0.000321
9	43	0.000013
9	44	0.000002
9	47	0.000004
9	48	0.000001
9	51	0.000004
9	54	0.000056
9	56	0.000005
9	73	0.000001
9	725	0.000001
9	726	0.000006
9	728	0.001693
9	729	0.000031
9	730	0.000003
9	737	0.000017
9	738	0.000004
9	746	0.000002
9	841	0.000006
9	849	0.000005
9	852	0.000094
10	18	0.000034
10	20	0.000353
10	23	0.000021
10	30	0.000006
10	32	0.000002
10	33	0.000002
10	36	0.998219
10	42	0.000003
10	50	0.000003
10	52	0.000014
10	53	0.000048
10	727	0.000020
10	848	0.000004
10	851	0.000148
11	16	0.000066
11	25	0.000001
11	35	0.998300
11	847	0.000003
11	850	0.000147
12	16	0.000001
12	17	0.000002
12	19	0.000024
12	21	0.000005
12	22	0.000006
12	31	0.000005
12	34	0.990266
12	35	0.000003
12	51	0.000010
12	846	0.000003
12	849	0.000129
13	17	0.000007
13	19	0.000003
13	21	0.000005
13	31	0.000122
13	34	0.000107
13	49	0.000080
14	35	0.000004
14	48	0.000084
14	847	0.000048
15	21	0.000003
15	31	0.913041
15	34	0.000006
15	47	0.000084
15	63	0.000006
15	846	0.000047
16	20	0.000004
16	28	0.000021
16	29	0.077345
16	30	0.916141
16	32	0.000048
16	33	0.000004
16	46	0.000079
16	61	0.000008
16	62	0.000008
17	26	0.000066
17	28	0.533473
17	29	0.462121
17	60	0.000013
17	61	0.000004
17	761	0.000004
17	844	0.000044
18	25	0.000138
18	27	0.987654
18	59	0.000016
18	760	0.000005
18	843	0.000044
19	24	0.000101
19	26	0.986707
19	28	0.010467
19	58	0.000016
19	759	0.000005
20	25	0.983193
20	27	0.010718
20	57	0.000016
20	758	0.000005
20	841	0.000033
21	26	0.008110
21	28	0.000001
21	29	0.000003
21	757	0.000002
21	840	0.000032
22	26	0.000008
22	28	0.000017
22	55	0.000001
22	838	0.000033
23	27	0.000017
23	48	0.000002
23	837	0.000034
24	37	0.000013
24	47	0.000002
24	836	0.000032
25	36	0.000014
25	39	0.000002
25	46	0.000002
25	52	0.000017
25	64	0.000024
26	35	0.000014
26	37	0.000031
26	38	0.000001
26	45	0.000002
26	51	0.000017
26	63	0.000025
26	834	0.000026
27	36	0.000034
27	50	0.000017
27	62	0.000025
27	833	0.000033
27	848	0.000002
28	35	0.000033
28	49	0.000016
28	832	0.000033
28	847	0.000002
29	34	0.000019
29	48	0.000013
29	49	0.000001
29	831	0.000033
29	846	0.000002
30	35	0.000002
30	48	0.000002
30	59	0.000032
30	80	0.000003
30	830	0.000033
30	845	0.000002
31	58	0.000033
31	79	0.000003
31	829	0.000030
31	844	0.000002
32	57	0.000033
32	78	0.000003
32	843	0.000002
33	56	0.000033
33	842	0.000002
33	852	0.000004
34	41	0.000007
34	55	0.000032
34	61	0.000008
34	75	0.000004
34	827	0.000013
35	40	0.000007
35	42	0.000003
35	53	0.000001
35	60	0.000012
35	74	0.000005
35	79	0.000002
35	750	0.000005
35	825	0.000009
35	826	0.000013
35	848	0.000003
35	851	0.001338
36	59	0.000012
36	78	0.000003
36	749	0.000005
36	824	0.000014
36	847	0.000003
36	850	0.001344
37	41	0.000003
37	58	0.000007
37	61	0.000010
37	75	0.000024
37	76	0.000082
37	77	0.000048
37	87	0.000001
37	748	0.000005
38	55	0.000002
38	58	0.004089
38	60	0.000028
38	75	0.000176
38	76	0.000104
38	77	0.000057
38	87	0.000001
38	748	0.000003
38	759	0.000005
38	761	0.000010
38	825	0.000006
38	844	0.000002
39	48	0.000768
39	56	0.000031
39	57	0.006775
39	59	0.000035
39	68	0.000015
39	69	0.001521
39	71	0.000074
39	72	0.345916
39	80	0.000006
39	81	0.006298
39	82	0.002418
39	84	0.000101
39	114	0.000001
39	749	0.000003
39	758	0.000007
39	760	0.000012
39	824	0.000007
39	843	0.000001
39	845	0.000076
39	846	0.000773
39	847	0.010848
39	849	0.029006
39	850	0.017381
40	48	0.008027
40	56	0.006981
40	57	0.000034
40	59	0.000004
40	68	0.001620
40	69	0.000240
40	71	0.349123
40	72	0.000039
40	80	0.006351
40	81	0.002440
40	82	0.002412
40	84	0.027421
40	113	0.000001
40	749	0.000002
40	758	0.000005
40	760	0.000005
40	823	0.000006
40	843	0.000154
40	845	0.000771
40	846	0.010863
40	847	0.044538
40	849	0.017171
40	850	0.000176
41	45	0.000074
41	47	0.007565
41	48	0.000111
41	49	0.012234
41	51	0.000009
41	54	0.000029
41	56	0.000015
41	57	0.000151
41	63	0.000008
41	68	0.000182
41	69	0.002051
41	70	0.347280
41	71	0.000026
41	72	0.000019
41	73	0.000326
41	80	0.001929
41	81	0.002428
41	82	0.000018
41	83	0.027719
41	85	0.000001
41	738	0.000001
41	746	0.000001
41	760	0.000002
41	762	0.000014
41	831	0.000120
41	842	0.000165
41	843	0.000001
41	845	0.001604
41	846	0.046165
41	847	0.000450
41	849	0.000139
41	850	0.000354
41	852	0.000006
42	48	0.015913
42	56	0.000828
42	57	0.000005
42	59	0.000063
42	68	0.012054
42	69	0.337251
42	71	0.000036
42	72	0.000420
42	78	0.008000
42	80	0.002782
42	81	0.000034
42	82	0.027873
42	84	0.000002
42	749	0.000041
42	758	0.000033
42	760	0.000069
42	830	0.000143
42	841	0.000164
42	843	0.000729
42	845	0.056426
42	846	0.000453
42	847	0.000924
42	849	0.000952
42	850	0.000128
43	55	0.000717
43	58	0.000061
43	60	0.000002
43	61	0.000020
43	67	0.017781
43	75	0.000001
43	76	0.000020
43	77	0.008317
43	79	0.002397
43	740	0.000003
43	742	0.000003
43	743	0.000014
43	745	0.000005
43	748	0.000039
43	755	0.000002
43	757	0.000019
43	759	0.000036
43	761	0.000164
43	829	0.000142
43	840	0.000147
43	844	0.055597
44	55	0.000019
44	58	0.000013
44	60	0.000010
44	61	0.001983
44	67	0.006911
44	75	0.000018
44	76	0.007902
44	77	0.000675
44	79	0.000017
44	736	0.000003
44	740	0.000003
44	742	0.000015
44	743	0.000021
44	745	0.000012
44	748	0.000009
44	755	0.000002
44	757	0.000002
44	759	0.000066
44	761	0.000044
44	828	0.000120
44	829	0.000001
44	844	0.000031
45	55	0.000016
45	58	0.000085
45	60	0.002449
45	61	0.000036
45	67	0.001210
45	75	0.005823
45	76	0.000695
45	77	0.000664
45	79	0.029455
45	740	0.000002
45	742	0.000020
45	743	0.000005
45	745	0.000005
45	748	0.000004
45	755	0.000002
45	757	0.000001
45	759	0.030527
45	761	0.000312
45	764	0.000001
45	825	0.000002
45	827	0.000034
45	828	0.000002
45	838	0.000098
45	844	0.000689
46	56	0.009109
46	57	0.000090
46	59	0.002506
46	68	0.059679
46	69	0.000003
46	71	0.000014
46	72	0.000093
46	78	0.030050
46	80	0.000003
46	82	0.000001
46	84	0.000001
46	88	0.000002
46	113	0.000003
46	749	0.001088
46	758	0.035101
46	760	0.000335
46	824	0.000002
46	830	0.000003
46	837	0.000102
46	841	0.058666
46	843	0.000656
46	845	0.000010
46	846	0.000008
46	847	0.000005
46	849	0.000735
46	850	0.000356
47	55	0.008971
47	58	0.002290
47	60	0.000223
47	61	0.000641
47	67	0.060029
47	75	0.008015
47	76	0.000055
47	77	0.029693
47	79	0.000003
47	87	0.000004
47	112	0.000004
47	733	0.000083
47	736	0.000128
47	740	0.000046
47	742	0.000241
47	743	0.000004
47	745	0.000332
47	748	0.001114
47	755	0.000070
47	757	0.034980
47	759	0.000272
47	761	0.000083
47	764	0.000901
47	775	0.000001
47	827	0.000104
47	829	0.000003
47	840	0.059072
47	844	0.000006
48	52	0.000129
48	53	0.003186
48	55	0.000019
48	58	0.000005
48	60	0.000444
48	61	0.443531
48	62	0.097007
48	64	0.001208
48	65	0.000513
48	66	0.053275
48	67	0.000002
48	74	0.009480
48	75	0.000051
48	76	0.028681
48	77	0.000012
48	86	0.000004
48	111	0.000005
48	732	0.000095
48	735	0.000141
48	739	0.000048
48	741	0.000273
48	742	0.000002
48	743	0.000002
48	744	0.000362
48	747	0.001030
48	750	0.000006
48	751	0.000014
48	753	0.000006
48	754	0.000078
48	755	0.000002
48	756	0.034819
48	761	0.000072
48	763	0.001106
48	765	0.000012
48	770	0.000001
48	774	0.000001
48	826	0.000138
48	828	0.000002
48	839	0.059124
48	848	0.000096
48	851	0.000613
49	55	0.000059
49	58	0.000832
49	60	0.592396
49	61	0.048909
49	75	0.025817
49	76	0.000019
49	77	0.000003
49	79	0.000011
49	731	0.000079
49	734	0.000119
49	740	0.000200
49	742	0.000002
49	743	0.000267
49	745	0.000007
49	755	0.030570
49	757	0.000028
49	759	0.000368
49	761	0.026669
49	764	0.000008
49	825	0.000137
49	827	0.000002
49	838	0.058434
50	56	0.004114
50	57	0.000980
50	59	0.648252
50	68	0.000052
50	69	0.000006
50	71	0.020966
50	72	0.018654
50	78	0.000013
50	80	0.000255
50	81	0.000006
50	82	0.000202
50	84	0.000018
50	749	0.000037
50	758	0.000411
50	760	0.028630
50	824	0.000137
50	837	0.058104
50	845	0.000021
50	847	0.000036
50	849	0.000095
50	850	0.000067
51	55	0.002737
51	58	0.647087
51	60	0.000473
51	61	0.000007
51	67	0.000050
51	75	0.000005
51	76	0.000002
51	77	0.000013
51	79	0.000259
51	742	0.000002
51	748	0.000030
51	755	0.000019
51	757	0.000372
51	759	0.028869
51	761	0.000645
51	769	0.000030
51	775	0.000013
51	777	0.000001
51	778	0.000003
51	779	0.000001
51	825	0.000095
51	833	0.000011
51	838	0.000003
51	844	0.000021
52	56	0.000667
52	57	0.640918
52	59	0.000494
52	68	0.000072
52	69	0.120572
52	71	0.000092
52	72	0.000838
52	78	0.000190
52	80	0.000017
52	81	0.001696
52	82	0.000004
52	114	0.000001
52	749	0.000002
52	758	0.028278
52	760	0.000708
52	824	0.000098
52	837	0.000006
52	843	0.000021
52	846	0.000158
52	847	0.000037
52	849	0.000018
52	850	0.001271
53	57	0.000448
53	59	0.000131
53	68	0.131170
53	69	0.000234
53	71	0.000819
53	78	0.000280
53	80	0.001713
53	81	0.000003
53	113	0.000001
53	749	0.000019
53	758	0.001489
53	760	0.000165
53	823	0.000087
53	830	0.000016
53	837	0.000004
53	841	0.000003
53	845	0.000159
53	846	0.000037
53	849	0.001272
53	850	0.000004
54	58	0.000092
54	60	0.000018
54	61	0.000013
54	67	0.129573
54	76	0.000018
54	77	0.000438
54	79	0.001708
54	742	0.000001
54	748	0.000014
54	755	0.000450
54	757	0.001924
54	759	0.000170
54	764	0.000001
54	769	0.000364
54	775	0.000005
54	777	0.002423
54	778	0.000003
54	829	0.000014
54	833	0.000163
54	840	0.000003
54	844	0.000148
55	59	0.000017
55	63	0.000215
55	68	0.000136
55	69	0.000175
55	70	0.000015
55	78	0.001613
55	746	0.000011
55	749	0.000580
55	752	0.003785
55	758	0.000164
55	766	0.018140
55	767	0.000273
55	768	0.000383
55	771	0.004098
55	772	0.000011
55	773	0.000001
55	776	0.002833
55	781	0.000003
55	831	0.000002
55	832	0.000135
55	834	0.000011
55	835	0.000005
55	836	0.000026
55	837	0.000003
55	843	0.000118
55	852	0.009469
56	61	0.000001
56	62	0.000266
56	64	0.000053
56	65	0.139761
56	66	0.006833
56	67	0.000167
56	74	0.000004
56	75	0.002054
56	76	0.000005
56	77	0.000769
56	111	0.000002
56	740	0.000012
56	741	0.000006
56	742	0.000038
56	744	0.000001
56	745	0.000013
56	747	0.000005
56	748	0.001474
56	751	0.004318
56	754	0.075762
56	755	0.000018
56	756	0.000004
56	757	0.000033
56	763	0.000014
56	764	0.002577
56	765	0.022393
56	769	0.000006
56	770	0.005063
56	774	0.000007
56	775	0.002949
56	778	0.000001
56	780	0.000004
56	826	0.000001
56	827	0.000004
56	833	0.000007
56	851	0.014421
57	61	0.000112
57	62	0.000063
57	64	0.140165
57	65	0.006654
57	66	0.000185
57	67	0.000019
57	74	0.002445
57	75	0.000004
57	76	0.000621
57	110	0.000002
57	739	0.000015
57	740	0.000004
57	741	0.000043
57	743	0.000001
57	744	0.000013
57	747	0.001603
57	750	0.004318
57	753	0.075923
57	754	0.000019
57	755	0.000003
57	756	0.000033
57	763	0.005197
57	764	0.018060
57	765	0.005241
57	769	0.004904
57	770	0.000007
57	774	0.002965
57	777	0.000003
57	779	0.000002
57	826	0.000005
57	833	0.000004
57	848	0.000001
57	851	0.000142
58	63	0.122815
58	72	0.000019
58	73	0.002432
58	109	0.000002
58	738	0.000014
58	746	0.001585
58	749	0.004010
58	752	0.075851
58	762	0.005162
58	766	0.000436
58	767	0.000028
58	768	0.004633
58	771	0.000016
58	772	0.000008
58	773	0.002872
58	776	0.000003
58	832	0.000004
58	834	0.000188
58	849	0.014456
58	850	0.000075
58	852	0.000109
59	64	0.003322
59	65	0.000058
59	66	0.000046
59	74	0.001227
59	739	0.000082
59	741	0.000002
59	743	0.000002
59	744	0.000110
59	745	0.001311
59	747	0.002993
59	748	0.000464
59	750	0.000738
59	751	0.074620
59	753	0.000028
59	754	0.000012
59	761	0.003931
59	763	0.033911
59	764	0.000013
59	765	0.000638
59	769	0.000047
59	770	0.000030
59	774	0.000015
59	833	0.000200
59	848	0.014778
59	851	0.000213
60	70	0.000097
60	71	0.002391
60	73	0.001236
60	738	0.000083
60	746	0.002912
60	749	0.001306
60	752	0.000027
60	760	0.000028
60	762	0.029778
60	766	0.000020
60	767	0.000021
60	768	0.000052
60	771	0.000006
60	772	0.000014
60	773	0.000015
60	832	0.000201
60	847	0.014742
60	850	0.000142
61	68	0.000003
61	69	0.000141
61	70	0.002485
61	72	0.001233
61	73	0.000013
61	81	0.000003
61	85	0.000007
61	737	0.000038
61	738	0.000002
61	746	0.000047
61	749	0.001079
61	752	0.000005
61	760	0.000003
61	762	0.000228
61	766	0.000026
61	767	0.000049
61	768	0.000006
61	771	0.000018
61	772	0.000015
61	831	0.000202
61	846	0.014669
61	849	0.000054
61	850	0.000612
61	852	0.000002
62	68	0.002159
62	69	0.002519
62	71	0.001239
62	72	0.000022
62	80	0.000012
62	84	0.000012
62	749	0.060487
62	758	0.000105
62	760	0.049865
62	830	0.000202
62	845	0.014751
62	846	0.000001
62	849	0.003670
62	850	0.000102
63	67	0.001452
63	75	0.000001
63	79	0.000013
63	740	0.000070
63	742	0.000078
63	743	0.000134
63	745	0.000006
63	748	0.059576
63	755	0.000002
63	757	0.000058
63	759	0.051137
63	761	0.002089
63	764	0.000004
63	825	0.000005
63	829	0.000150
63	844	0.014640
64	68	0.000288
64	69	0.000112
64	71	0.000012
64	72	0.000357
64	78	0.000013
64	81	0.000003
64	82	0.000118
64	84	0.000001
64	749	0.004537
64	758	0.050591
64	760	0.002269
64	824	0.000008
64	843	0.014501
64	846	0.000020
64	847	0.004935
64	849	0.000132
64	850	0.007669
65	69	0.000021
65	71	0.000358
65	72	0.000809
65	80	0.000003
65	81	0.000119
65	82	0.000046
65	114	0.000002
65	120	0.000003
65	749	0.000347
65	758	0.000980
65	760	0.002815
65	823	0.000007
65	824	0.000003
65	841	0.000183
65	843	0.000027
65	845	0.000020
65	846	0.004948
65	847	0.000099
65	849	0.007675
65	850	0.006395
66	71	0.000809
66	72	0.000018
66	78	0.000001
66	80	0.000119
66	81	0.000046
66	113	0.000002
66	119	0.000008
66	749	0.000155
66	758	0.003498
66	760	0.001822
66	823	0.000002
66	837	0.000004
66	841	0.000460
66	843	0.000017
66	845	0.004887
66	846	0.000100
66	847	0.000048
66	849	0.006517
66	850	0.000208
67	71	0.000015
67	73	0.000001
67	78	0.000019
67	80	0.000046
67	118	0.000014
67	725	0.000199
67	737	0.076699
67	738	0.000130
67	746	0.128300
67	749	0.000014
67	752	0.000208
67	758	0.025331
67	760	0.000026
67	762	0.000006
67	766	0.000006
67	771	0.000001
67	831	0.000008
67	836	0.000004
67	841	0.000002
67	842	0.000019
67	843	0.000055
67	845	0.000070
67	846	0.000039
67	849	0.000194
67	850	0.000003
67	852	0.000052
68	74	0.000035
68	75	0.000019
68	76	0.000001
68	77	0.000038
68	79	0.000046
68	111	0.000003
68	117	0.000015
68	724	0.000238
68	735	0.000112
68	736	0.090250
68	739	0.000025
68	740	0.000002
68	741	0.000006
68	742	0.000294
68	744	0.000384
68	745	0.149778
68	747	0.000070
68	748	0.000100
68	750	0.000008
68	751	0.000278
68	753	0.000034
68	754	0.012351
68	755	0.000047
68	756	0.000147
68	757	0.208672
68	759	0.000005
68	761	0.000002
68	763	0.000001
68	765	0.000006
68	770	0.000001
68	839	0.000024
68	840	0.000002
68	844	0.000029
68	848	0.000039
68	851	0.000100
69	74	0.000023
69	75	0.000001
69	76	0.000042
69	77	0.000046
69	110	0.000003
69	116	0.000015
69	723	0.000239
69	734	0.000111
69	735	0.092817
69	739	0.000001
69	741	0.000317
69	743	0.000377
69	744	0.153188
69	747	0.000128
69	750	0.000276
69	751	0.000001
69	753	0.012367
69	754	0.000059
69	755	0.000037
69	756	0.255783
69	757	0.000003
69	765	0.000014
69	829	0.000029
69	839	0.000001
69	840	0.000002
69	844	0.000002
69	851	0.000007
70	75	0.000044
70	76	0.000056
70	77	0.000112
70	79	0.000001
70	112	0.001055
70	722	0.000238
70	733	0.000122
70	734	0.092923
70	736	0.000095
70	740	0.000317
70	742	0.000398
70	743	0.153241
70	745	0.001218
70	748	0.000146
70	755	0.294365
70	757	0.000022
70	764	0.000017
70	775	0.000002
70	828	0.000247
70	829	0.000002
70	840	0.000008
71	75	0.000028
71	76	0.000081
71	77	0.000008
71	110	0.000001
71	111	0.001447
71	112	0.000006
71	116	0.000002
71	117	0.000024
71	721	0.000235
71	732	0.000125
71	733	0.092941
71	735	0.000101
71	736	0.000046
71	739	0.000305
71	740	0.000002
71	741	0.000402
71	742	0.153204
71	744	0.001301
71	745	0.001102
71	747	0.000141
71	748	0.000027
71	750	0.000029
71	751	0.026854
71	753	0.000076
71	754	0.301197
71	755	0.000062
71	756	0.000023
71	757	0.000011
71	761	0.000008
71	763	0.000017
71	764	0.000001
71	765	0.000001
71	774	0.000002
71	827	0.000335
71	828	0.000001
71	839	0.000005
71	840	0.001740
71	851	0.000002
72	76	0.000007
72	77	0.000016
72	110	0.001450
72	111	0.000021
72	116	0.000025
72	720	0.000213
72	731	0.000086
72	732	0.093137
72	734	0.000098
72	735	0.000076
72	739	0.000012
72	740	0.000322
72	741	0.153472
72	743	0.001278
72	744	0.001278
72	745	0.000001
72	747	0.000026
72	748	0.000003
72	750	0.026932
72	751	0.000136
72	753	0.300224
72	754	0.000084
72	755	0.000015
72	756	0.000016
72	763	0.000001
72	765	0.000001
72	770	0.000002
72	826	0.000348
72	838	0.000001
72	839	0.001774
72	851	0.000002
73	77	0.000208
73	79	0.000192
73	112	0.000085
73	731	0.091068
73	733	0.000091
73	734	0.000073
73	736	0.000002
73	740	0.147975
73	742	0.001189
73	743	0.001241
73	745	0.000010
73	748	0.000237
73	755	0.000018
73	759	0.000026
73	761	0.000007
73	764	0.000001
73	769	0.000002
73	825	0.000348
73	838	0.001778
74	78	0.000229
74	80	0.000160
74	81	0.000365
74	82	0.000071
74	84	0.000076
74	113	0.000010
74	114	0.000041
74	119	0.000002
74	749	0.016296
74	758	0.000028
74	760	0.000010
74	824	0.000346
74	837	0.001780
74	849	0.000002
74	850	0.000004
75	80	0.000351
75	81	0.000069
75	82	0.000002
75	83	0.000077
75	84	0.000006
75	85	0.000006
75	108	0.000001
75	109	0.000088
75	113	0.000040
75	115	0.000002
75	118	0.000002
75	726	0.000002
75	728	0.000012
75	729	0.001626
75	730	0.082036
75	737	0.000054
75	738	0.014641
75	746	0.000001
75	749	0.001380
75	752	0.000203
75	768	0.000001
75	823	0.000037
75	836	0.001772
75	849	0.000003
75	852	0.000001
76	80	0.000038
76	81	0.000002
76	82	0.000074
76	83	0.000010
76	84	0.000007
76	85	0.000001
76	108	0.000060
76	109	0.019785
76	114	0.000002
76	115	0.000002
76	726	0.000046
76	728	0.001333
76	729	0.085704
76	730	0.000077
76	737	0.007627
76	738	0.002149
76	746	0.000002
76	749	0.015988
76	752	0.000023
76	767	0.000001
76	835	0.001730
76	852	0.000001
77	81	0.000041
77	82	0.000012
77	83	0.000007
77	84	0.000002
77	108	0.027279
77	109	0.000014
77	113	0.000002
77	114	0.000002
77	115	0.000009
77	725	0.000048
77	726	0.000014
77	728	0.086280
77	729	0.000077
77	730	0.000003
77	737	0.001461
77	738	0.004153
77	746	0.000040
77	749	0.000867
77	752	0.000051
77	766	0.000001
77	834	0.001571
77	835	0.000001
77	852	0.000004
78	86	0.000004
78	107	0.028687
78	110	0.001773
78	111	0.000056
78	112	0.000003
78	116	0.000002
78	723	0.000001
78	724	0.000046
78	727	0.085971
78	732	0.000002
78	734	0.000002
78	735	0.000846
78	736	0.000628
78	739	0.032033
78	740	0.000011
78	741	0.000049
78	742	0.000001
78	744	0.000021
78	745	0.000038
78	747	0.668637
78	748	0.000048
78	750	0.000054
78	751	0.000030
78	753	0.003614
78	754	0.000015
78	833	0.000952
78	851	0.000003
79	85	0.000004
79	106	0.028636
79	108	0.000388
79	109	0.001659
79	113	0.000013
79	115	0.000001
79	725	0.001236
79	726	0.078953
79	728	0.000003
79	730	0.000001
79	737	0.125525
79	738	0.017151
79	746	0.670956
79	749	0.000052
79	752	0.003752
79	831	0.000209
79	832	0.000697
80	86	0.000003
80	87	0.000017
80	104	0.000006
80	105	0.027437
80	107	0.000723
80	110	0.000123
80	111	0.004930
80	112	0.001124
80	117	0.000001
80	721	0.000024
80	722	0.000013
80	723	0.000036
80	724	0.001590
80	727	0.000002
80	732	0.000030
80	733	0.000835
80	734	0.000417
80	735	0.000118
80	736	0.153496
80	739	0.000033
80	740	0.000002
80	741	0.000020
80	742	0.000004
80	743	0.000127
80	744	0.000032
80	745	0.671752
80	747	0.000002
80	748	0.000035
80	751	0.003801
80	754	0.000002
80	755	0.000002
80	765	0.000001
80	828	0.000001
81	86	0.000020
81	104	0.026883
81	105	0.000144
81	107	0.001953
81	110	0.004924
81	111	0.001991
81	112	0.000003
81	116	0.000001
81	720	0.000024
81	721	0.000015
81	722	0.000037
81	723	0.001373
81	724	0.077872
81	731	0.000011
81	732	0.000868
81	733	0.000532
81	734	0.000075
81	735	0.156754
81	736	0.000384
81	739	0.000002
81	740	0.000020
81	741	0.000005
81	742	0.000278
81	743	0.000017
81	744	0.672377
81	745	0.000019
81	747	0.000035
81	748	0.000003
81	750	0.003795
81	751	0.000004
81	753	0.000002
81	754	0.000002
81	764	0.000001
81	827	0.000001
81	829	0.000673
82	86	0.000001
82	104	0.000259
82	105	0.000033
82	107	0.003820
82	110	0.002007
82	111	0.000014
82	719	0.000023
82	720	0.000014
82	721	0.000159
82	722	0.000676
82	723	0.078629
82	731	0.000306
82	732	0.000553
82	733	0.000031
82	734	0.156611
82	735	0.000456
82	739	0.000022
82	740	0.000003
82	741	0.000713
82	742	0.000003
82	743	0.670790
82	744	0.000037
82	747	0.000011
82	748	0.000001
82	750	0.000004
82	753	0.000002
82	756	0.000002
82	763	0.000001
82	765	0.000002
82	826	0.000001
82	828	0.000800
82	829	0.000004
83	105	0.023359
83	112	0.000001
83	722	0.078595
83	731	0.000319
83	733	0.156747
83	734	0.000316
83	736	0.000081
83	740	0.000725
83	742	0.670806
83	743	0.000030
83	745	0.000045
83	748	0.003524
83	755	0.000002
83	764	0.000002
83	827	0.000814
83	828	0.000002
84	104	0.026426
84	105	0.000282
84	107	0.002676
84	110	0.000001
84	111	0.000002
84	720	0.000011
84	721	0.078034
84	732	0.156698
84	733	0.000139
84	735	0.000093
84	739	0.000722
84	740	0.000004
84	741	0.670242
84	742	0.000013
84	744	0.000061
84	747	0.003478
84	754	0.000002
84	763	0.000002
84	826	0.000817
85	105	0.006768
85	112	0.000005
85	727	0.000006
85	731	0.130330
85	733	0.000004
85	734	0.000084
85	736	0.000016
85	740	0.571685
85	742	0.000002
85	743	0.000054
85	745	0.000079
85	825	0.000806
86	95	0.000002
86	102	0.000715
86	103	0.907712
86	113	0.000001
86	114	0.000003
86	119	0.000002
86	824	0.000751
87	94	0.000002
87	102	0.917539
87	103	0.000015
87	106	0.000820
87	108	0.000005
87	113	0.000003
87	118	0.000004
87	726	0.000005
87	728	0.000029
87	729	0.000839
87	730	0.000226
87	737	0.000125
87	738	0.003159
87	752	0.000014
87	823	0.000092
88	93	0.000002
88	101	0.997419
88	104	0.001167
88	105	0.001008
88	107	0.000004
88	111	0.000004
88	117	0.000003
88	735	0.000007
88	736	0.000024
88	739	0.000006
88	751	0.000019
88	754	0.000021
89	100	0.997653
89	101	0.000001
89	104	0.001033
89	110	0.000004
89	116	0.000003
89	734	0.000002
89	735	0.000021
89	750	0.000019
89	753	0.000021
90	99	0.997630
90	102	0.001752
90	103	0.000519
90	749	0.000018
91	97	0.000081
91	98	0.997326
91	101	0.002289
91	748	0.000015
91	751	0.000021
92	97	0.985041
92	98	0.000004
92	100	0.002293
92	747	0.000015
92	750	0.000021
93	99	0.002290
93	749	0.000021
94	745	0.000014
94	748	0.000021
95	744	0.000015
95	747	0.000021
96	743	0.000013
97	103	0.000003
98	102	0.000003
100	114	0.000005
101	113	0.000006
102	107	0.001866
102	110	0.000506
102	111	0.048126
102	112	0.000045
102	116	0.000051
102	117	0.020727
102	732	0.000019
102	733	0.000032
102	734	0.000002
102	735	0.000200
102	736	0.000074
102	739	0.000003
102	751	0.000062
103	107	0.000110
103	110	0.048101
103	111	0.000115
103	112	0.000004
103	116	0.020851
103	117	0.000021
103	731	0.000016
103	732	0.000045
103	733	0.000004
103	734	0.000169
103	735	0.000095
103	736	0.000001
103	739	0.000001
103	750	0.000063
104	113	0.004156
104	114	0.039880
104	119	0.000007
104	749	0.000063
105	109	0.000616
105	113	0.039717
105	114	0.000201
105	115	0.000184
105	118	0.000017
105	725	0.000006
105	726	0.000078
105	728	0.000529
105	729	0.000092
105	730	0.000152
105	737	0.000064
105	738	0.000003
105	762	0.000002
106	112	0.034928
106	727	0.000531
106	731	0.000497
106	733	0.000054
106	734	0.000018
106	736	0.000064
106	761	0.000002
107	113	0.005551
107	114	0.001108
107	119	0.000002
107	760	0.000002
108	112	0.003731
108	121	0.000002
108	727	0.001297
108	731	0.000121
108	733	0.000013
108	734	0.000047
108	736	0.000004
108	759	0.000001
109	121	0.001098
109	727	0.001856
109	731	0.000074
109	733	0.000049
109	734	0.000005
109	736	0.000006
110	114	0.000104
110	119	0.000008
110	120	0.001951
110	850	0.000003
111	119	0.002937
111	849	0.000003
112	118	0.004217
112	119	0.000001
112	725	0.779960
112	726	0.001181
112	728	0.000083
112	729	0.000033
112	730	0.000014
112	737	0.000048
112	738	0.000001
113	117	0.004293
113	721	0.000008
113	722	0.000020
113	723	0.000007
113	724	0.916373
113	727	0.000023
113	733	0.000005
113	735	0.000002
113	736	0.000052
114	720	0.000004
114	721	0.000028
114	722	0.000005
114	723	0.916719
114	724	0.000029
114	732	0.000006
114	734	0.000002
114	735	0.000053
115	722	0.902306
115	731	0.000006
115	733	0.000002
115	734	0.000050
118	722	0.001256
118	731	0.000005
119	719	0.000007
119	720	0.993487
119	721	0.002096
120	719	0.996945
120	720	0.001055
121	717	0.000001
121	718	0.998492
122	716	0.000006
122	717	0.999973
123	715	0.000009
123	716	0.999966
124	715	0.998691
125	714	0.999736
125	715	0.000003
126	713	0.999939
127	712	0.999699
128	711	0.999980
129	710	0.999980
130	709	0.999366
131	707	0.012193
131	708	0.987777
132	706	0.024247
132	707	0.975723
133	705	0.036289
133	706	0.963480
134	704	0.998439
135	702	0.000001
135	703	0.998389
136	702	0.999977
136	703	0.000001
137	701	0.999938
138	700	0.998459
139	699	0.999678
140	697	0.000003
140	698	0.999960
141	697	0.998692
142	696	0.999852
142	697	0.000005
143	695	0.999349
143	696	0.000002
144	693	0.000002
144	694	0.997743
145	693	0.997983
145	694	0.000002
146	156	0.000023
146	689	0.000006
146	692	0.999282
147	155	0.000214
147	687	0.000014
147	689	0.000405
147	691	0.997058
148	154	0.000480
148	155	0.000036
148	156	0.000006
148	157	0.000001
148	684	0.000005
148	685	0.000001
148	687	0.115171
148	689	0.007970
148	691	0.000283
148	692	0.000004
149	153	0.000508
149	683	0.000003
149	686	0.126744
149	688	0.004734
149	690	0.014610
149	693	0.000011
150	154	0.000004
150	155	0.000006
150	156	0.000004
150	157	0.000001
150	684	0.000056
150	685	0.126035
150	687	0.001286
150	689	0.051811
150	691	0.000009
150	692	0.000014
151	155	0.000008
151	156	0.000002
151	681	0.000001
151	684	0.121576
151	685	0.000075
151	687	0.021825
151	689	0.002355
151	691	0.000015
151	692	0.000023
152	680	0.000002
152	687	0.238760
152	689	0.001256
152	691	0.000033
153	679	0.000002
153	687	0.007568
153	689	0.001297
153	691	0.000003
154	682	0.000028
154	683	0.000636
154	688	0.001181
154	690	0.000008
155	682	0.000241
155	683	0.005468
155	686	0.005465
155	688	0.000022
155	690	0.000002
156	682	0.002926
156	683	0.945381
156	688	0.000009
157	682	0.989104
157	683	0.000077
158	680	0.000002
158	681	0.999117
159	679	0.000003
159	680	0.999956
160	679	0.998473
161	678	0.999928
162	677	0.999990
163	676	0.999991
164	675	0.999964
165	674	0.999946
166	672	0.000001
166	673	0.999026
167	672	0.997797
167	673	0.000001
168	671	0.999350
169	521	0.000027
169	524	0.000001
169	670	0.999919
170	669	0.997622
171	520	0.988759
171	521	0.004003
171	523	0.000009
171	524	0.000071
171	668	0.000420
172	519	0.998395
172	522	0.000004
173	518	0.999784
174	517	0.996892
175	516	0.751739
175	518	0.000036
176	515	0.506246
176	516	0.248121
177	514	0.260627
177	515	0.493684
178	514	0.739173
179	513	0.983948
180	510	0.000022
180	511	0.002283
180	512	0.983969
181	509	0.000003
181	513	0.000009
182	509	0.000010
182	513	0.000002
183	509	0.999569
184	508	0.999486
185	507	0.999980
186	506	0.999938
187	504	0.000003
187	505	0.998459
188	503	0.000002
188	504	0.999896
189	503	0.989627
190	501	0.000036
190	502	0.740932
191	502	0.170821
192	500	0.000090
192	503	0.000034
193	499	0.000032
193	501	0.903826
193	502	0.000025
194	500	0.999783
195	498	0.000004
195	499	0.999944
196	498	0.998464
197	497	0.999858
198	496	0.999741
199	495	0.999985
200	494	0.999957
201	493	0.999932
202	491	0.000001
202	492	0.999940
202	493	0.000024
203	491	0.999805
203	492	0.000048
204	488	0.000364
204	491	0.000072
205	487	0.000363
206	487	0.000022
206	488	0.991107
207	487	0.971029
208	487	0.001190
209	485	0.991913
210	483	0.000001
210	484	0.998179
211	483	0.999978
212	482	0.999991
213	479	0.000001
213	481	0.999975
214	478	0.000006
214	479	0.000002
214	480	0.999566
215	477	0.000008
215	479	0.997920
218	476	0.928328
220	474	0.000006
220	475	0.991153
220	477	0.000001
220	478	0.000005
221	474	0.999815
221	477	0.000004
222	473	0.999935
222	476	0.000001
223	472	0.999432
224	471	0.997579
225	469	0.000639
225	470	0.948951
226	466	0.000001
226	467	0.000019
226	468	0.000890
227	466	0.000019
227	467	0.000522
227	468	0.951221
228	467	0.989703
229	469	0.000002
230	465	0.981588
230	466	0.000952
231	464	0.999852
232	462	0.000001
232	463	0.999012
233	462	0.998626
233	463	0.000001
234	461	0.999322
235	460	0.998642
236	459	0.999851
236	460	0.000002
237	458	0.999162
238	456	0.000001
238	457	0.998121
239	456	0.999263
239	457	0.000001
240	455	0.999984
241	454	0.999970
242	453	0.999129
243	452	0.997045
243	454	0.000005
244	451	0.974474
244	453	0.000211
245	452	0.000412
246	448	0.000005
246	449	0.000045
246	450	0.997878
246	451	0.000054
247	449	0.997790
247	451	0.000046
248	448	0.979791
248	449	0.001272
248	450	0.000064
249	446	0.002001
249	448	0.003340
249	449	0.000015
250	446	0.966623
250	448	0.000003
251	444	0.000002
251	445	0.999979
252	444	0.999975
253	443	0.999510
254	442	0.999954
255	440	0.000022
255	441	0.999702
256	440	0.999600
257	438	0.998894
257	440	0.000001
258	437	0.999953
259	436	0.999980
260	435	0.999583
261	434	0.999964
262	433	0.999403
263	431	0.000008
263	432	0.998938
264	269	0.000002
264	344	0.000001
264	431	0.996229
265	300	0.000059
265	302	0.000125
265	307	0.000004
265	347	0.000074
265	349	0.000001
266	299	0.000061
266	300	0.000009
266	302	0.001161
266	303	0.294816
266	304	0.000025
266	305	0.000002
266	346	0.000183
266	347	0.000001
266	348	0.000002
267	298	0.000051
267	300	0.000022
267	302	0.626468
267	347	0.000002
268	297	0.000042
268	301	0.912389
268	429	0.000017
268	430	0.000049
269	299	0.000050
269	300	0.990565
269	302	0.000001
269	346	0.000004
270	295	0.000015
270	298	0.000025
270	299	0.999416
270	300	0.000104
270	329	0.000009
271	295	0.000028
271	298	0.999109
271	299	0.000111
271	328	0.000009
272	293	0.000002
272	294	0.000040
272	297	0.999932
272	327	0.000010
273	293	0.000040
273	296	0.999887
273	326	0.000009
274	295	0.987452
275	287	0.000003
275	290	0.000002
275	295	0.000060
275	323	0.000002
276	286	0.000003
276	289	0.000002
276	295	0.000021
276	322	0.000001
277	285	0.000004
277	291	0.000014
277	292	0.970528
277	293	0.000259
277	294	0.000046
278	284	0.000003
278	291	0.996880
278	292	0.000153
278	293	0.000043
279	287	0.000002
279	288	0.000004
279	289	0.000031
279	290	0.999738
280	286	0.000007
280	287	0.000012
280	288	0.000717
280	289	0.996696
281	286	0.000032
281	287	0.001333
281	288	0.950755
281	289	0.000318
281	290	0.000148
282	286	0.001461
282	287	0.815106
282	288	0.001003
282	289	0.000166
283	287	0.001075
283	288	0.000210
283	289	0.000003
284	288	0.000013
293	318	0.000010
294	317	0.000010
295	316	0.000010
296	315	0.000010
297	314	0.000010
298	313	0.000010
299	312	0.000010
301	311	0.000010
301	347	0.000073
302	310	0.000011
302	344	0.000003
302	345	0.310490
303	309	0.000012
303	343	0.000024
303	344	0.703167
304	308	0.000013
304	309	0.000003
304	327	0.000004
304	335	0.000028
304	342	0.000032
304	343	0.985773
304	344	0.002491
305	326	0.000004
305	335	0.000794
305	342	0.987665
305	343	0.001903
305	344	0.000012
306	317	0.000023
306	320	0.000010
306	334	0.000789
306	336	0.007901
306	338	0.001373
306	339	0.000003
306	341	0.983720
306	346	0.000018
307	316	0.000023
307	319	0.000010
307	324	0.000002
307	335	0.008415
307	337	0.001955
307	340	0.968302
307	342	0.000012
307	345	0.000017
308	315	0.000023
308	318	0.000010
308	323	0.000002
308	332	0.000010
308	333	0.959830
308	334	0.000633
308	336	0.000659
308	338	0.001264
308	339	0.036572
308	341	0.000001
309	314	0.000023
309	317	0.000010
309	322	0.000002
309	331	0.000003
309	332	0.985156
309	333	0.000420
309	334	0.000002
309	336	0.000021
309	338	0.014189
310	321	0.000002
310	331	0.998890
310	334	0.000027
311	319	0.000002
311	324	0.000003
311	330	0.999038
311	335	0.000002
311	337	0.000033
312	318	0.000002
312	323	0.000004
312	329	0.999857
312	332	0.000021
312	333	0.000001
312	336	0.000028
313	322	0.000004
313	328	0.999522
313	331	0.000022
314	326	0.000004
314	327	0.999569
314	335	0.000005
315	326	0.997840
315	327	0.000018
316	321	0.000672
316	322	0.001095
316	328	0.000149
317	326	0.000125
317	327	0.000309
318	326	0.000368
318	327	0.000002
319	328	0.000015
320	326	0.000065
320	327	0.000018
321	325	0.000209
321	326	0.000016
323	335	0.000002
324	334	0.000001
325	334	0.000013
326	333	0.000015
327	332	0.000015
331	345	0.000080
332	344	0.000142
333	342	0.000001
333	343	0.000179
333	344	0.000006
334	340	0.000055
334	342	0.000260
334	343	0.000016
334	344	0.000134
334	345	0.000124
335	339	0.000124
335	341	0.000317
335	346	0.001627
336	342	0.000220
336	343	0.000230
336	344	0.000437
338	342	0.000062
338	343	0.004565
338	344	0.000291
339	343	0.000239
339	344	0.000013
339	345	0.000006
342	346	0.000030
346	428	0.000037
346	431	0.000877
347	427	0.000027
347	428	0.000004
347	429	0.903519
347	430	0.002336
348	428	0.999142
349	426	0.000002
349	427	0.998676
349	428	0.000002
350	426	0.998849
350	427	0.000002
351	425	0.999969
352	424	0.999319
353	423	0.999854
353	424	0.000002
354	422	0.999187
355	420	0.000003
355	421	0.999491
356	420	0.999888
357	417	0.000002
357	418	0.016223
357	419	0.982959
358	415	0.000006
358	417	0.505012
358	418	0.491614
359	414	0.000015
359	416	0.996183
360	413	0.000012
360	415	0.989015
360	417	0.000003
361	412	0.000011
361	413	0.000041
361	415	0.000553
362	410	0.000002
362	412	0.000022
362	413	0.999830
363	409	0.000002
363	410	0.000007
363	412	0.999953
364	408	0.000002
364	411	0.999184
365	409	0.000002
365	410	0.999751
366	409	0.993280
367	406	0.000008
367	407	0.997202
368	405	0.000007
368	406	0.997692
368	407	0.002280
369	404	0.000007
369	405	0.997711
369	406	0.002269
370	404	0.997566
370	405	0.002251
371	402	0.000695
371	403	0.880420
371	404	0.002102
372	401	0.000913
373	401	0.805345
374	400	0.994008
374	402	0.000015
375	399	0.998396
375	401	0.000016
376	394	0.000001
376	398	0.998883
376	400	0.000015
377	393	0.000002
377	396	0.001627
377	397	0.996591
377	399	0.000013
378	392	0.000003
379	391	0.000003
379	394	0.000010
379	395	0.874879
380	390	0.000003
380	394	0.999305
380	395	0.000027
381	389	0.000003
381	393	0.999933
382	388	0.000003
382	392	0.999693
383	390	0.000663
383	391	0.999178
384	390	0.979381
384	391	0.000015
385	389	0.678739
385	392	0.000008
386	390	0.000109
386	391	0.000019
517	525	0.000055
518	524	0.000069
519	523	0.000052
520	529	0.000010
521	528	0.000054
521	533	0.000001
521	667	0.000004
521	669	0.000007
522	532	0.000001
522	666	0.000002
522	668	0.000036
523	531	0.000001
523	667	0.000012
523	669	0.000002
524	530	0.000001
524	667	0.000019
524	669	0.000219
525	666	0.000009
525	668	0.001323
526	668	0.936603
527	667	0.997571
528	665	0.000005
528	666	0.997499
528	668	0.000002
529	664	0.000004
529	665	0.998818
529	666	0.000714
530	664	0.998056
530	665	0.001150
531	664	0.001526
532	662	0.994877
532	663	0.001817
533	661	0.997322
535	659	0.000009
535	660	0.999768
536	659	0.999945
537	658	0.999957
538	657	0.999990
539	656	0.999980
540	655	0.999584
541	654	0.999977
542	653	0.999991
543	652	0.999963
544	650	0.000009
544	651	0.999945
545	650	0.999768
546	647	0.000026
546	648	0.998902
547	647	0.991469
547	648	0.000042
547	649	0.000019
548	646	0.991894
549	645	0.999389
550	644	0.999956
551	642	0.000557
551	643	0.997333
551	647	0.000001
552	641	0.000844
552	644	0.000001
552	646	0.000001
554	641	0.992441
554	644	0.000002
555	638	0.000683
555	640	0.993098
555	642	0.003432
555	643	0.000002
556	641	0.003442
557	641	0.000003
559	636	0.000003
559	637	0.992280
559	638	0.000025
559	639	0.000003
560	635	0.000002
560	636	0.999959
560	638	0.000001
561	635	0.999973
562	634	0.999118
563	632	0.032657
563	633	0.967284
564	631	0.064939
564	632	0.932524
564	633	0.000008
565	630	0.092225
566	628	0.000036
566	630	0.603732
567	627	0.000018
567	629	0.303668
568	629	0.678047
569	628	0.999499
570	627	0.999464
571	626	0.999978
572	625	0.999778
573	623	0.999360
574	622	0.999136
575	621	0.999194
576	615	0.000003
576	619	0.000002
576	620	0.999971
577	614	0.000004
577	618	0.000003
577	619	0.999982
578	613	0.000005
578	618	0.999929
579	612	0.000007
579	617	0.985021
580	612	0.000936
580	617	0.000347
581	611	0.000724
581	617	0.000050
582	610	0.000607
582	611	0.000081
582	617	0.000012
583	609	0.000491
583	610	0.000069
583	611	0.002789
583	617	0.000011
584	609	0.000057
584	610	0.001871
584	611	0.992948
585	609	0.000939
585	610	0.997383
585	611	0.000046
586	606	0.000002
586	609	0.998442
586	610	0.000024
587	605	0.000002
587	607	0.000005
587	608	0.999924
588	604	0.000002
588	607	0.996579
588	608	0.000003
590	600	0.000001
590	605	0.995301
591	604	0.999977
591	605	0.000003
592	598	0.000003
592	602	0.000005
592	603	0.999029
593	597	0.000004
593	599	0.000157
593	602	0.998882
593	603	0.000249
594	600	0.014524
596	600	0.004680
612	616	0.000009
613	617	0.000004
681	690	0.000002
682	689	0.000002
683	689	0.000002
684	688	0.000004
684	690	0.000007
685	690	0.000009
686	691	0.000008
722	726	0.000001
722	728	0.000002
722	729	0.000005
722	730	0.000001
725	731	0.000087
725	733	0.000071
725	734	0.000727
725	736	0.000057
725	740	0.000004
725	743	0.000002
726	731	0.000584
726	733	0.001632
726	734	0.001724
726	736	0.000529
726	740	0.000024
726	742	0.000006
726	743	0.000010
726	745	0.000005
726	748	0.000001
727	737	0.005837
727	738	0.000279
727	746	0.000025
727	749	0.000002
728	733	0.000806
728	734	0.001715
728	736	0.006228
728	740	0.000030
728	742	0.000004
728	743	0.000019
728	745	0.000027
728	748	0.000003
728	779	0.000002
729	733	0.001310
729	734	0.001171
729	736	0.002466
729	740	0.000055
729	742	0.000023
729	743	0.000023
729	745	0.000005
729	748	0.000002
729	778	0.000003
730	734	0.000446
730	736	0.001059
730	740	0.000043
730	742	0.000024
730	743	0.000020
730	745	0.000004
730	748	0.000001
730	777	0.000003
731	737	0.000470
731	738	0.000772
731	746	0.000001
731	776	0.000002
732	749	0.000015
733	737	0.000473
733	738	0.000648
733	746	0.000009
733	749	0.000002
734	738	0.000289
734	746	0.000004
735	749	0.000022
736	746	0.000133
736	749	0.000009
736	752	0.000001
737	742	0.000041
737	743	0.000068
737	745	0.000153
737	748	0.000013
738	742	0.000067
738	743	0.000052
738	745	0.000106
738	748	0.000012
738	759	0.000008
738	761	0.000011
738	844	0.000006
739	749	0.000282
739	758	0.000008
739	760	0.000012
739	843	0.000006
739	850	0.000002
740	746	0.000030
740	749	0.000009
740	752	0.000002
740	842	0.000006
740	849	0.000001
740	850	0.000004
741	749	0.000206
741	758	0.000008
741	841	0.000006
741	849	0.000007
742	746	0.000026
742	749	0.000048
742	752	0.000003
742	767	0.000006
742	768	0.000010
742	852	0.000001
743	749	0.000007
743	752	0.000007
743	762	0.000003
743	766	0.000007
743	767	0.000012
743	831	0.000001
743	847	0.000009
743	852	0.000010
744	749	0.000413
744	760	0.000002
744	830	0.000001
744	846	0.000011
744	849	0.000001
744	850	0.000002
745	749	0.000005
745	752	0.000011
745	760	0.000066
745	762	0.000095
745	766	0.000003
745	845	0.000011
745	849	0.000002
745	852	0.000165
746	755	0.000003
746	759	0.000087
746	761	0.000111
746	764	0.000021
746	838	0.000001
746	844	0.000011
747	758	0.000090
747	760	0.000111
747	837	0.000001
747	843	0.000011
747	849	0.000045
747	850	0.023650
748	752	0.000022
748	760	0.000009
748	762	0.001196
748	766	0.000040
748	771	0.000003
748	781	0.000002
748	836	0.000001
748	842	0.000007
748	849	0.024202
748	852	0.177077
749	753	0.000029
749	754	0.000113
749	755	0.000006
749	756	0.000030
749	757	0.000001
749	759	0.000057
749	761	0.001476
749	763	0.000043
749	764	0.000002
749	765	0.000047
749	770	0.000003
749	780	0.000002
749	848	0.024631
749	851	0.306596
750	758	0.000058
750	760	0.001207
750	824	0.000001
750	846	0.000729
750	847	0.023945
750	849	0.000001
750	850	0.306617
751	758	0.000946
751	760	0.001975
751	845	0.001404
751	846	0.023127
751	847	0.000005
751	849	0.305306
751	850	0.000008
752	757	0.000742
752	759	0.002675
752	761	0.000436
752	844	0.002069
753	758	0.002692
753	760	0.000491
753	843	0.001581
753	845	0.007465
753	846	0.004542
753	847	0.248971
753	849	0.000023
753	850	0.002077
754	758	0.000074
754	760	0.000275
754	786	0.000001
754	841	0.000052
754	843	0.018977
754	845	0.004671
754	846	0.248650
754	847	0.000594
754	849	0.002060
754	850	0.000229
755	760	0.000012
755	762	0.000006
755	766	0.000002
755	767	0.000012
755	768	0.000039
755	771	0.000002
755	772	0.000004
755	773	0.000004
755	785	0.000001
755	841	0.000002
755	842	0.019514
755	843	0.000013
755	845	0.179663
755	846	0.000671
755	847	0.000166
755	849	0.000133
755	850	0.000607
755	852	0.005564
756	760	0.000058
756	784	0.000001
756	786	0.000002
756	792	0.000002
756	800	0.000022
756	837	0.000026
756	841	0.019368
756	843	0.030395
756	845	0.011246
756	846	0.000232
756	847	0.000099
756	849	0.001225
756	850	0.314035
757	762	0.000018
757	766	0.006792
757	767	0.000100
757	768	0.000191
757	771	0.000921
757	772	0.000020
757	773	0.000020
757	776	0.000026
757	781	0.000059
757	784	0.000001
757	785	0.000001
757	791	0.000002
757	799	0.000031
757	834	0.000011
757	835	0.000001
757	836	0.000030
757	837	0.000007
757	841	0.000047
757	842	0.028262
757	843	0.002112
757	845	0.000256
757	846	0.000099
757	849	0.342962
757	850	0.000038
757	852	0.001488
758	763	0.000434
758	764	0.000014
758	765	0.008721
758	769	0.000574
758	770	0.001129
758	774	0.001102
758	775	0.000020
758	777	0.000043
758	779	0.000002
758	780	0.000072
758	783	0.000026
758	798	0.000032
758	833	0.000012
758	838	0.000031
758	839	0.004990
758	840	0.000511
758	844	0.000124
758	848	0.495227
758	851	0.006735
759	766	0.007846
759	767	0.000130
759	768	0.000924
759	771	0.000763
759	772	0.000017
759	773	0.001077
759	776	0.000048
759	781	0.000046
759	782	0.000024
759	784	0.000001
759	797	0.000032
759	799	0.000004
759	832	0.000012
759	834	0.000123
759	835	0.000024
759	836	0.000242
759	837	0.000213
759	841	0.001418
759	842	0.000079
759	843	0.000108
759	845	0.000090
759	846	0.000008
759	847	0.494858
759	849	0.000461
759	850	0.006423
759	852	0.034600
760	764	0.000015
760	765	0.009618
760	769	0.000330
760	770	0.000952
760	774	0.000408
760	775	0.000023
760	777	0.000092
760	778	0.000007
760	780	0.000058
760	783	0.000010
760	788	0.000009
760	795	0.000005
760	796	0.000025
760	798	0.000004
760	833	0.000136
760	838	0.000014
760	839	0.026236
760	840	0.001925
760	844	0.000082
760	848	0.001198
760	851	0.081669
761	766	0.000046
761	767	0.000177
761	768	0.000436
761	771	0.000019
761	772	0.000008
761	773	0.000389
761	776	0.000104
761	782	0.000010
761	787	0.000009
761	797	0.000004
761	832	0.000124
761	834	0.002052
761	835	0.000024
761	836	0.000075
761	837	0.000010
761	841	0.000014
761	842	0.000005
761	843	0.000008
761	845	0.545749
761	846	0.000006
761	847	0.000586
761	849	0.001500
761	850	0.080830
761	852	0.000002
762	769	0.000064
762	775	0.000097
762	778	0.000002
762	779	0.000001
762	793	0.000019
762	794	0.000003
762	796	0.000004
762	825	0.000001
762	833	0.002070
762	838	0.040446
762	840	0.000008
762	844	0.693089
763	786	0.000014
763	792	0.000019
763	824	0.000001
763	830	0.000001
763	837	0.041725
763	841	0.000001
763	843	0.695645
763	845	0.000121
763	846	0.000680
763	847	0.138332
763	849	0.000282
763	850	0.000058
764	768	0.000025
764	771	0.000036
764	772	0.000016
764	773	0.000041
764	776	0.000003
764	781	0.000036
764	782	0.000002
764	785	0.000015
764	791	0.000002
764	792	0.000010
764	831	0.003578
764	832	0.000010
764	834	0.000007
764	835	0.000053
764	836	0.039286
764	837	0.000001
764	842	0.688720
764	843	0.000009
764	845	0.000220
764	846	0.139456
764	847	0.000449
764	849	0.000049
764	850	0.000002
765	784	0.000015
765	791	0.000029
765	830	0.003841
765	837	0.000007
765	841	0.684572
765	843	0.000105
765	845	0.142886
765	846	0.000972
765	847	0.000133
765	849	0.000004
766	775	0.000086
766	777	0.000011
766	778	0.000036
766	779	0.002005
766	790	0.000029
766	828	0.000003
766	829	0.003813
766	833	0.000099
766	838	0.000058
766	840	0.627609
766	844	0.133920
767	775	0.000216
767	777	0.000080
767	778	0.005093
767	779	0.000564
767	789	0.000026
767	794	0.000003
767	827	0.000006
767	828	0.003665
767	829	0.000011
767	833	0.013620
767	838	0.005230
767	840	0.003170
767	844	0.002491
768	775	0.000416
768	777	0.006083
768	778	0.000676
768	779	0.000106
768	793	0.000004
768	825	0.000033
768	827	0.003040
768	828	0.000015
768	829	0.000002
768	833	0.000787
768	838	0.244891
768	840	0.000416
768	844	0.000552
769	773	0.000085
769	776	0.005365
769	781	0.000103
769	782	0.000040
769	785	0.000003
769	787	0.000026
769	792	0.000004
769	824	0.000045
769	831	0.049516
769	832	0.000461
769	834	0.000024
769	835	0.000249
769	836	0.002472
769	837	0.216098
769	841	0.000012
769	842	0.190214
769	843	0.000172
769	850	0.000001
770	784	0.000004
770	786	0.000027
770	791	0.000004
770	823	0.000018
770	824	0.000257
770	830	0.053040
770	837	0.033083
770	841	0.200321
770	843	0.000002
770	845	0.000001
770	849	0.000003
770	850	0.000002
771	775	0.000148
771	777	0.000148
771	778	0.000714
771	779	0.001297
771	790	0.000004
771	825	0.000004
771	827	0.000014
771	828	0.000049
771	829	0.052765
771	833	0.000518
771	838	0.004734
771	840	0.200520
771	844	0.000001
772	777	0.000705
772	778	0.001616
772	779	0.000666
772	789	0.000003
772	794	0.000063
772	825	0.000009
772	827	0.000085
772	828	0.050575
772	829	0.000060
772	833	0.001145
772	838	0.003957
772	840	0.000798
773	777	0.001023
773	778	0.000563
773	779	0.000090
773	793	0.000077
773	825	0.003256
773	827	0.041244
773	828	0.000089
773	829	0.000005
773	833	0.004828
773	838	0.372975
773	840	0.000013
773	844	0.000018
774	784	0.000002
774	786	0.000001
774	792	0.000079
774	823	0.000008
774	824	0.004156
774	830	0.000827
774	837	0.397389
774	843	0.000019
774	846	0.000021
775	781	0.000204
775	782	0.000280
775	785	0.000001
775	791	0.000079
775	823	0.000889
775	824	0.000161
775	830	0.003231
775	831	0.004087
775	832	0.000631
775	834	0.139555
775	835	0.009467
775	836	0.345612
775	837	0.000074
775	842	0.000017
775	845	0.000022
776	790	0.000078
776	825	0.004399
776	827	0.000132
776	828	0.000354
776	829	0.003653
776	833	0.160991
776	838	0.000234
776	844	0.000022
777	781	0.000067
777	782	0.000107
777	787	0.000001
777	823	0.000037
777	824	0.004590
777	830	0.000561
777	831	0.001081
777	832	0.124276
777	834	0.052135
777	835	0.004921
777	836	0.000491
777	837	0.000256
777	843	0.000017
778	782	0.000057
778	786	0.000001
778	823	0.000206
778	824	0.000541
778	830	0.001222
778	831	0.084982
778	832	0.529815
778	834	0.002448
778	835	0.000368
778	836	0.000135
778	837	0.000004
778	842	0.000012
778	843	0.000011
779	785	0.000002
779	787	0.000076
779	823	0.000028
779	824	0.000501
779	830	0.043109
779	831	0.630581
779	832	0.000833
779	834	0.000080
779	835	0.000033
779	836	0.000002
779	841	0.000006
779	842	0.000027
780	784	0.000001
780	786	0.000077
780	823	0.000199
780	824	0.001860
780	830	0.674118
780	837	0.000002
780	841	0.000034
781	825	0.005414
781	827	0.000667
781	828	0.012250
781	829	0.661470
781	840	0.000028
782	825	0.022612
782	827	0.014754
782	828	0.613058
782	829	0.000209
783	792	0.000001
783	823	0.975071
783	824	0.014183
783	830	0.000001
784	820	0.000045
784	822	0.998853
784	826	0.000104
784	827	0.000001
784	828	0.000371
785	819	0.000046
785	821	0.998818
785	825	0.000064
785	827	0.000586
785	840	0.000001
786	820	0.999167
786	826	0.000610
786	839	0.000002
787	817	0.000115
787	819	0.998827
787	825	0.000610
787	838	0.000002
788	816	0.000209
788	818	0.997817
788	824	0.000609
788	837	0.000002
789	800	0.000034
789	815	0.000155
789	816	0.851131
789	818	0.000007
789	823	0.000560
789	836	0.000002
790	799	0.000253
790	815	0.992407
790	816	0.000580
790	823	0.000025
790	835	0.000002
791	798	0.000290
791	814	0.998664
791	820	0.000007
791	821	0.000482
791	822	0.000050
792	798	0.000011
792	813	0.998700
792	819	0.000003
792	820	0.000503
792	821	0.000036
792	822	0.000007
792	833	0.000002
793	797	0.000009
793	811	0.000047
793	812	0.997660
793	818	0.000003
793	832	0.000002
794	810	0.000093
794	811	0.997086
794	812	0.000007
794	818	0.000004
794	831	0.000002
795	803	0.000001
795	804	0.000013
795	809	0.000182
795	810	0.994712
795	818	0.000024
795	830	0.000002
796	803	0.000032
796	804	0.000007
796	809	0.797459
796	810	0.000157
796	811	0.000028
796	818	0.000002
797	802	0.000064
797	805	0.059581
797	806	0.000999
797	808	0.632159
797	819	0.000471
798	803	0.014383
798	804	0.079296
798	809	0.189759
798	810	0.000003
798	818	0.000487
799	805	0.013002
799	806	0.273899
799	808	0.230634
799	817	0.000319
800	805	0.153726
800	806	0.003029
800	807	0.242293
800	808	0.000149
800	817	0.000862
801	809	0.000151
801	810	0.000005
801	816	0.001272
802	809	0.000013
802	815	0.001275
803	807	0.000895
803	808	0.000070
803	814	0.001276
804	808	0.000013
804	813	0.001276
805	811	0.000002
805	812	0.001241
806	810	0.000003
806	811	0.000939
818	844	0.000004
820	843	0.000131
821	831	0.000001
821	842	0.000174
822	830	0.000001
822	841	0.000193
823	829	0.000002
823	833	0.000001
823	839	0.001108
823	840	0.001959
824	828	0.000019
824	829	0.000097
824	833	0.000471
824	838	0.001805
824	839	0.062563
824	840	0.000037
824	844	0.000007
824	848	0.000011
824	851	0.000002
825	830	0.000013
825	831	0.000924
825	832	0.000432
825	834	0.000016
825	835	0.000007
825	836	0.000010
825	837	0.000012
825	842	0.000008
825	847	0.000011
825	850	0.000002
826	830	0.001070
826	837	0.079159
826	841	0.000009
826	843	0.000119
826	846	0.000010
826	849	0.000001
827	831	0.000013
827	832	0.000019
827	834	0.000115
827	835	0.000379
827	836	0.079595
827	837	0.000793
827	842	0.000125
827	845	0.000010
828	832	0.000011
828	834	0.000498
828	835	0.076241
828	836	0.001714
828	837	0.000209
828	841	0.000103
828	842	0.000003
828	843	0.000001
829	834	0.060073
829	835	0.002048
829	836	0.000490
829	837	0.000011
829	841	0.000003
829	842	0.000002
829	852	0.000004
830	838	0.000003
830	839	0.003521
830	840	0.000002
830	851	0.000007
831	838	0.003140
831	840	0.000009
832	838	0.000150
832	840	0.000006
833	837	0.000168
833	841	0.000001
833	852	0.000002
834	838	0.000019
834	840	0.000017
835	840	0.000040
836	840	0.000011
837	848	0.000455
837	851	0.000058
838	846	0.000001
838	847	0.000455
838	850	0.000036
839	845	0.000008
839	846	0.000455
839	847	0.000002
839	849	0.000035
839	850	0.000032
840	845	0.000398
840	846	0.000002
840	847	0.000004
840	849	0.000033
841	848	0.000043
843	848	0.000004
843	851	0.000150
844	850	0.000148
844	852	0.000030
845	851	0.000056
846	851	0.000089
847	851	0.000007
