1	7	0.000055
1	8	0.000047
1	9	0.000011
1	12	0.000003
1	13	0.000002
1	15	0.000014
1	41	0.354903
1	67	0.000005
1	690	0.000030
1	747	0.000026
1	752	0.000001
1	759	0.000138
1	763	0.000001
1	764	0.000021
1	766	0.000414
1	770	0.213308
1	773	0.000020
1	782	0.000005
1	783	0.000009
1	784	0.000038
1	786	0.000005
1	787	0.000015
1	788	0.000042
1	789	0.000145
1	792	0.000115
1	793	0.000323
2	7	0.000162
2	8	0.000034
2	9	0.000006
2	11	0.000004
2	12	0.000003
2	14	0.000017
2	15	0.000006
2	30	0.000053
2	39	0.000282
2	40	0.469405
2	41	0.002796
2	42	0.008407
2	46	0.000084
2	62	0.000013
2	66	0.000006
2	536	0.000005
2	583	0.000008
2	584	0.000020
2	585	0.000020
2	586	0.000002
2	587	0.000005
2	683	0.000002
2	686	0.000001
2	689	0.000023
2	690	0.003240
2	746	0.000029
2	750	0.000002
2	755	0.000022
2	758	0.000154
2	759	0.000269
2	763	0.000040
2	764	0.000003
2	765	0.000597
2	766	0.000142
2	768	0.000228
2	769	0.241442
2	770	0.002334
2	773	0.000007
2	780	0.000330
2	782	0.000009
2	783	0.000037
2	784	0.000106
2	786	0.000011
2	787	0.000041
2	788	0.000244
2	789	0.000215
2	790	0.016301
2	792	0.000289
2	793	0.000046
2	795	0.003188
3	7	0.000032
3	8	0.000023
3	9	0.000010
3	11	0.000003
3	13	0.000017
3	14	0.000007
3	29	0.000053
3	39	0.469509
3	40	0.003445
3	41	0.006794
3	42	0.077115
3	46	0.000006
3	61	0.000014
3	65	0.000006
3	535	0.000005
3	582	0.000007
3	583	0.000020
3	584	0.000020
3	585	0.000002
3	586	0.000005
3	683	0.000006
3	688	0.000009
3	689	0.003820
3	745	0.000029
3	750	0.000001
3	755	0.000019
3	757	0.000054
3	758	0.000319
3	763	0.000002
3	764	0.000548
3	765	0.000230
3	768	0.239255
3	769	0.002499
3	770	0.000018
3	773	0.000003
3	780	0.000087
3	782	0.000014
3	783	0.000121
3	784	0.000056
3	786	0.000011
3	787	0.000211
3	788	0.000272
3	789	0.014784
3	790	0.006680
3	792	0.000023
3	793	0.000193
3	795	0.003635
4	8	0.000045
4	9	0.000029
4	12	0.000016
4	13	0.000007
4	28	0.000053
4	41	0.074193
4	60	0.000014
4	682	0.000005
4	688	0.003831
4	744	0.000030
4	752	0.000013
4	757	0.000269
4	763	0.000462
4	764	0.000203
4	766	0.000049
4	770	0.000012
4	773	0.000005
4	782	0.000103
4	783	0.000050
4	784	0.000008
4	786	0.000157
4	787	0.000206
4	788	0.012445
4	789	0.005724
4	792	0.000176
4	793	0.001422
5	10	0.000012
5	27	0.000054
5	59	0.000014
5	687	0.003825
5	691	0.000002
5	743	0.000029
5	751	0.000014
5	754	0.000037
5	760	0.000224
5	761	0.000144
5	767	0.010696
5	794	0.005981
6	26	0.000053
6	41	0.000730
6	58	0.000013
6	682	0.000004
6	690	0.000002
6	757	0.000002
6	759	0.000194
6	763	0.000083
6	764	0.000006
6	766	0.007424
6	770	0.000008
6	773	0.000045
6	782	0.000023
6	783	0.000005
6	784	0.000019
6	786	0.000644
6	787	0.000194
6	788	0.000081
6	789	0.000023
6	792	0.000291
6	793	0.004841
7	25	0.000050
7	37	0.000115
7	38	0.008870
7	43	0.000207
7	44	0.000212
7	45	0.000098
7	57	0.000012
7	681	0.000004
7	684	0.000003
7	685	0.000136
7	753	0.000006
7	754	0.000006
7	756	0.000003
7	760	0.000009
7	761	0.000005
7	762	0.000106
7	767	0.000001
7	771	0.000003
7	772	0.000048
7	774	0.000003
7	775	0.000009
7	776	0.000014
7	777	0.000015
7	778	0.000015
7	779	0.000021
7	781	0.000022
7	785	0.000571
7	791	0.000312
7	794	0.000011
7	796	0.000031
7	797	0.000035
8	22	0.000025
8	37	0.004818
8	38	0.819353
8	43	0.000140
8	44	0.000082
8	45	0.000010
8	56	0.000003
8	684	0.000075
8	685	0.000002
8	753	0.000004
8	760	0.000002
8	761	0.000078
8	762	0.000012
8	771	0.000025
8	772	0.000002
8	774	0.000006
8	775	0.000012
8	776	0.000014
8	777	0.000015
8	778	0.000019
8	779	0.000003
8	781	0.000002
8	785	0.000008
8	791	0.000156
8	794	0.000004
8	796	0.000032
8	797	0.000048
9	19	0.000003
9	21	0.000031
9	37	0.971811
9	38	0.000278
9	43	0.000026
9	44	0.000003
9	684	0.000001
9	756	0.000062
9	760	0.000019
9	761	0.000007
9	762	0.000003
9	771	0.000001
9	774	0.000006
9	775	0.000008
9	776	0.000008
9	777	0.000011
9	778	0.000002
9	791	0.000003
9	796	0.000080
9	797	0.000001
10	18	0.000003
10	20	0.000031
10	23	0.000002
10	36	0.999639
10	42	0.000006
10	755	0.000063
10	795	0.000081
11	16	0.000006
11	35	0.999678
11	754	0.000062
11	794	0.000079
12	19	0.000002
12	31	0.000004
12	34	0.991619
12	35	0.000003
12	38	0.000001
12	753	0.000053
13	31	0.000122
13	34	0.000106
13	37	0.000002
14	35	0.000006
15	31	0.914109
15	34	0.000008
15	791	0.000005
16	28	0.000021
16	29	0.077128
16	30	0.917128
16	32	0.000048
16	33	0.000004
16	790	0.000005
17	26	0.000064
17	28	0.533664
17	29	0.462619
17	789	0.000003
18	25	0.000136
18	27	0.988328
19	24	0.000099
19	26	0.987379
19	28	0.010478
20	25	0.983864
20	27	0.010729
21	26	0.008118
21	28	0.000001
21	29	0.000003
22	26	0.000008
22	28	0.000017
23	27	0.000017
27	36	0.000001
28	35	0.000001
33	796	0.000001
34	41	0.000006
35	40	0.000007
35	42	0.000002
35	768	0.000001
35	795	0.000106
36	767	0.000001
36	794	0.000107
37	41	0.000005
37	764	0.000002
37	766	0.000001
37	793	0.000102
38	58	0.000037
38	592	0.000021
38	763	0.000004
38	773	0.000005
38	788	0.000002
38	789	0.000001
38	792	0.000072
38	793	0.000002
39	48	0.000044
39	57	0.000045
39	59	0.000001
39	69	0.000091
39	71	0.000020
39	72	0.000318
39	591	0.000030
39	751	0.000001
39	754	0.000002
39	760	0.000003
39	761	0.000472
39	767	0.000008
39	794	0.000041
40	48	0.000456
40	56	0.000045
40	68	0.000096
40	69	0.000019
40	71	0.001202
40	590	0.000039
40	754	0.000008
40	760	0.000474
40	761	0.000044
40	767	0.000006
40	794	0.000041
41	45	0.000141
41	47	0.000428
41	48	0.000005
41	49	0.000708
41	57	0.000001
41	68	0.000013
41	69	0.000033
41	70	0.001204
41	589	0.000040
41	692	0.000011
41	695	0.000044
41	753	0.000009
41	760	0.000019
41	761	0.000135
41	762	0.000090
41	767	0.000001
41	771	0.000291
41	772	0.000351
41	774	0.000043
41	775	0.000013
41	776	0.000004
41	777	0.000002
41	778	0.000001
41	785	0.000002
41	791	0.000012
41	794	0.000005
41	796	0.000216
41	797	0.000007
42	48	0.000859
42	56	0.000002
42	59	0.000001
42	68	0.000108
42	69	0.001170
42	71	0.000002
42	588	0.000040
42	691	0.000055
42	694	0.000055
42	748	0.000001
42	754	0.000005
42	760	0.000261
42	761	0.000110
42	767	0.000037
42	794	0.004672
43	55	0.000002
43	67	0.000124
43	690	0.000045
43	757	0.000015
43	759	0.000226
43	763	0.000128
43	764	0.000037
43	766	0.000024
43	770	0.010307
43	773	0.000050
43	782	0.000001
43	783	0.000008
43	784	0.000122
43	786	0.000002
43	787	0.000016
43	788	0.000120
43	789	0.000220
43	792	0.000017
43	793	0.004586
44	61	0.000029
44	67	0.000025
44	757	0.000003
44	759	0.000004
44	763	0.000041
44	764	0.000007
44	766	0.000002
44	770	0.001719
44	773	0.000031
44	782	0.000008
44	783	0.000143
44	784	0.000034
44	786	0.000012
44	787	0.000129
44	788	0.000255
44	789	0.000095
44	792	0.003484
44	793	0.000172
45	60	0.000035
45	67	0.000005
45	688	0.000037
45	752	0.000001
45	757	0.000006
45	759	0.000001
45	763	0.000007
45	764	0.000001
45	766	0.000005
45	770	0.001076
45	773	0.000076
45	782	0.000138
45	783	0.000036
45	784	0.000008
45	786	0.000098
45	787	0.000156
45	788	0.000091
45	789	0.000025
45	792	0.000144
45	793	0.000031
46	56	0.000007
46	59	0.000036
46	68	0.000315
46	71	0.000001
46	687	0.000039
46	691	0.082349
46	748	0.000004
46	754	0.000002
46	760	0.001972
46	761	0.000003
46	767	0.884496
46	794	0.000050
47	55	0.000007
47	58	0.000033
47	60	0.000003
47	61	0.000008
47	67	0.000319
47	690	0.083072
47	747	0.000004
47	759	0.001982
47	763	0.000001
47	764	0.000012
47	766	0.898027
47	770	0.000047
47	789	0.000002
47	793	0.000040
48	53	0.000004
48	60	0.000005
48	61	0.004196
48	62	0.000696
48	64	0.000005
48	65	0.000002
48	66	0.000283
48	683	0.000006
48	686	0.000001
48	689	0.083198
48	746	0.000004
48	758	0.001976
48	763	0.000015
48	764	0.000045
48	765	0.903180
48	768	0.000007
48	769	0.000052
48	788	0.000002
48	790	0.000023
48	792	0.000009
48	795	0.000008
49	58	0.000009
49	60	0.005539
49	61	0.000351
49	682	0.000005
49	688	0.083090
49	745	0.000003
49	757	0.001555
49	763	0.000361
49	764	0.887350
49	766	0.000001
49	787	0.000001
49	789	0.000019
50	56	0.000020
50	57	0.000010
50	59	0.006094
50	68	0.000002
50	71	0.001453
50	72	0.000002
50	687	0.082762
50	754	0.000021
50	760	0.000017
50	761	0.000019
50	767	0.000075
50	794	0.000010
51	55	0.000015
51	58	0.006119
51	60	0.000035
51	67	0.000002
51	682	0.000011
51	688	0.000001
51	759	0.000014
51	763	0.013249
51	764	0.000012
51	766	0.000073
51	793	0.000008
52	56	0.000007
52	57	0.006064
52	59	0.000039
52	68	0.000033
52	69	0.079645
52	71	0.000023
52	687	0.000003
52	754	0.000010
52	760	0.000052
52	761	0.903414
53	57	0.000009
53	59	0.000021
53	68	0.084445
53	69	0.000052
53	71	0.000001
53	760	0.904550
53	761	0.000669
54	58	0.000014
54	60	0.000001
54	61	0.000002
54	67	0.083280
54	682	0.000018
54	744	0.000001
54	757	0.000022
54	759	0.864619
55	59	0.000001
55	63	0.000084
55	68	0.000004
55	681	0.000019
55	684	0.000502
55	743	0.000001
55	756	0.000075
55	760	0.000004
56	62	0.000110
56	64	0.000025
56	65	0.084250
56	66	0.003652
56	67	0.000033
56	536	0.000018
56	583	0.000002
56	584	0.000007
56	585	0.000009
56	683	0.000536
56	686	0.000002
56	689	0.000004
56	690	0.000002
56	742	0.000001
56	755	0.000077
56	757	0.000132
56	758	0.900654
56	759	0.000050
56	769	0.000003
56	783	0.000003
57	61	0.000047
57	62	0.000032
57	64	0.084470
57	65	0.003554
57	66	0.000039
57	535	0.000018
57	582	0.000002
57	583	0.000007
57	584	0.000009
57	682	0.000517
57	686	0.000004
57	688	0.000004
57	689	0.000002
57	741	0.000001
57	755	0.000019
57	757	0.902539
57	758	0.000102
57	765	0.000001
57	768	0.000003
57	782	0.000005
58	63	0.074003
58	534	0.000017
58	681	0.000498
58	684	0.000002
58	685	0.000003
58	687	0.000007
58	740	0.000001
58	753	0.000045
58	754	0.000017
58	756	0.903624
58	767	0.000003
58	781	0.000005
59	64	0.001757
59	65	0.000012
59	66	0.000013
59	533	0.000006
59	582	0.000002
59	583	0.000003
59	683	0.000003
59	686	0.000023
59	752	0.000015
59	755	0.903433
59	763	0.000004
59	780	0.000005
60	68	0.000003
60	69	0.000001
60	70	0.000662
60	71	0.000364
60	543	0.000290
60	685	0.000023
60	753	0.000279
60	754	0.867671
60	762	0.000005
60	779	0.000005
61	68	0.000027
61	69	0.001799
61	70	0.002811
61	71	0.000006
61	72	0.000002
61	541	0.000007
61	542	0.001793
61	543	0.000021
61	589	0.000116
61	681	0.000010
61	684	0.000021
61	685	0.000002
61	687	0.000001
61	691	0.000003
61	692	0.000154
61	695	0.000008
61	749	0.000122
61	751	0.000013
61	753	0.574812
61	754	0.000655
61	761	0.000005
61	778	0.000004
62	68	0.009131
62	69	0.003477
62	71	0.000579
62	72	0.000002
62	537	0.000003
62	539	0.000005
62	541	0.228385
62	542	0.000031
62	588	0.000149
62	680	0.000008
62	687	0.000064
62	691	0.001252
62	694	0.000011
62	748	0.000137
62	751	0.011952
62	754	0.000330
62	760	0.000006
63	67	0.006138
63	540	0.395225
63	592	0.000003
63	682	0.000004
63	688	0.000413
63	690	0.000960
63	744	0.000002
63	747	0.000102
63	752	0.026163
63	759	0.000004
64	68	0.000602
64	69	0.000177
64	71	0.000353
64	72	0.000062
64	537	0.000011
64	538	0.000045
64	539	0.402095
64	541	0.001382
64	588	0.000007
64	591	0.000004
64	680	0.000004
64	687	0.000486
64	691	0.000032
64	694	0.000001
64	743	0.000002
64	748	0.000004
64	751	0.025637
64	754	0.000027
64	761	0.000006
65	69	0.000102
65	71	0.000239
65	72	0.000147
65	537	0.000063
65	538	0.391930
65	539	0.200057
65	541	0.000002
65	588	0.000011
65	590	0.000004
65	591	0.000002
65	679	0.000004
65	680	0.000013
65	687	0.000046
65	691	0.000045
65	694	0.000003
65	743	0.000001
65	748	0.000032
65	751	0.000230
65	754	0.000009
65	760	0.000006
65	761	0.000024
66	71	0.000356
66	72	0.000003
66	537	0.381140
66	538	0.214963
66	539	0.000141
66	588	0.000024
66	590	0.000004
66	679	0.000013
66	680	0.000005
66	687	0.000234
66	691	0.000111
66	694	0.000005
66	743	0.000001
66	748	0.000036
66	751	0.000037
66	754	0.000052
66	760	0.000024
66	761	0.000017
67	71	0.000008
67	534	0.000004
67	537	0.228338
67	538	0.000143
67	588	0.000109
67	589	0.000007
67	679	0.000004
67	681	0.000007
67	684	0.000241
67	685	0.000013
67	687	0.000049
67	691	0.000106
67	694	0.000003
67	743	0.000023
67	748	0.000112
67	749	0.000018
67	751	0.000009
67	753	0.000065
67	760	0.000017
67	791	0.000003
67	796	0.000001
68	533	0.000002
68	535	0.001195
68	536	0.837778
68	586	0.000002
68	587	0.000174
68	678	0.000004
68	683	0.000263
68	686	0.000080
68	689	0.000073
68	690	0.000245
68	693	0.000005
68	742	0.000027
68	746	0.000031
68	747	0.000249
68	750	0.000038
68	752	0.000008
68	758	0.000003
68	759	0.000020
68	769	0.000001
68	790	0.000004
68	795	0.000001
69	533	0.000004
69	535	0.838101
69	536	0.057692
69	586	0.000164
69	587	0.000003
69	677	0.000001
69	682	0.000025
69	683	0.000042
69	686	0.000003
69	688	0.000050
69	689	0.000263
69	741	0.000026
69	745	0.000023
69	746	0.000260
69	750	0.000001
69	758	0.000021
69	768	0.000001
69	789	0.000004
70	532	0.000002
70	682	0.000038
70	688	0.000237
70	690	0.000024
70	744	0.000021
70	745	0.000248
70	747	0.000002
70	757	0.000019
70	759	0.000002
70	766	0.000002
70	788	0.000004
71	533	0.003669
71	535	0.019823
71	536	0.002455
71	683	0.000058
71	686	0.000161
71	689	0.000025
71	742	0.000008
71	744	0.000143
71	746	0.000002
71	755	0.000004
71	758	0.000002
71	765	0.000003
71	787	0.000002
72	532	0.001014
72	533	0.993219
72	535	0.001682
72	536	0.000005
72	686	0.000014
72	741	0.000002
72	742	0.000002
73	532	0.998369
74	531	0.999951
75	530	0.999351
76	529	0.998398
76	530	0.000005
77	528	0.999730
77	529	0.000005
78	527	0.999913
79	525	0.000002
79	526	0.999040
80	522	0.000139
80	525	0.998723
80	526	0.000001
81	521	0.000186
81	524	0.999652
82	520	0.000201
82	521	0.000001
82	523	0.998369
82	524	0.000004
83	519	0.000198
83	522	0.998594
83	525	0.000001
84	518	0.000194
84	520	0.001425
84	521	0.991077
84	524	0.000002
85	517	0.000182
85	523	0.000002
86	516	0.000169
87	519	0.938459
88	515	0.000003
88	517	0.000010
88	518	0.998100
88	520	0.000018
89	515	0.000165
89	517	0.998992
89	518	0.000075
90	514	0.000169
90	516	0.999759
91	513	0.000166
91	515	0.999784
92	514	0.997585
93	514	0.000910
94	511	0.000042
94	512	0.926875
95	510	0.000026
95	511	0.993885
95	512	0.000082
95	513	0.000040
96	510	0.999139
96	511	0.000045
96	512	0.000022
97	509	0.999952
98	508	0.999510
99	507	0.999981
100	506	0.999980
101	505	0.999511
102	504	0.999977
103	503	0.999991
104	502	0.999980
105	501	0.999373
106	500	0.998992
107	498	0.001523
107	499	0.985119
108	497	0.001461
109	497	0.757256
110	496	0.997049
111	495	0.999948
112	494	0.999509
113	492	0.000003
113	493	0.999967
114	491	0.000002
114	492	0.999087
114	493	0.000002
115	487	0.000002
115	491	0.834075
116	161	0.000045
116	162	0.981490
116	163	0.000051
116	202	0.000020
116	204	0.000003
117	161	0.999586
117	162	0.000036
117	201	0.000018
118	160	0.999467
118	200	0.000004
119	159	0.999977
120	158	0.999979
121	156	0.000001
121	157	0.999033
122	156	0.999289
122	157	0.000001
123	155	0.999964
124	154	0.999511
125	153	0.999977
126	152	0.999984
127	150	0.000001
127	151	0.998870
128	150	0.999033
129	149	0.999970
130	148	0.999511
131	147	0.999977
132	146	0.999990
133	145	0.999985
134	144	0.999698
135	142	0.000009
135	143	0.999960
136	141	0.000009
136	142	0.999261
136	143	0.000005
137	141	0.756354
138	142	0.000002
160	180	0.000013
161	179	0.000215
162	177	0.000027
162	178	0.014443
162	179	0.000001
162	203	0.000003
163	176	0.000071
163	177	0.988023
163	178	0.000107
163	203	0.000003
164	175	0.000039
164	176	0.999735
164	177	0.000091
165	175	0.999892
165	176	0.000046
166	173	0.000004
166	174	0.999698
167	171	0.000006
167	173	0.999409
168	172	0.656421
176	204	0.000034
176	206	0.000001
177	202	0.000020
177	204	0.007094
177	206	0.000006
178	201	0.000045
178	202	0.968452
178	204	0.000188
178	206	0.000003
179	201	0.999508
179	202	0.000035
179	204	0.000003
180	200	0.999415
181	198	0.000001
181	199	0.998096
182	198	0.998839
183	197	0.999964
184	196	0.999509
185	193	0.000002
185	195	0.999972
186	192	0.000006
186	194	0.999917
187	191	0.000024
187	193	0.991644
187	195	0.000007
188	192	0.980165
188	194	0.000008
189	193	0.000009
202	209	0.000003
202	488	0.000003
202	491	0.000003
203	210	0.000272
203	485	0.000004
204	209	0.000323
204	484	0.000001
204	487	0.000009
204	488	0.048540
204	491	0.000265
204	492	0.000109
205	487	0.047843
205	491	0.000200
206	487	0.000139
206	488	0.881747
206	491	0.000002
207	484	0.000001
207	487	0.865416
207	491	0.000002
208	484	0.000045
208	487	0.002080
208	491	0.000002
209	485	0.988676
210	483	0.000004
210	484	0.997598
210	488	0.000001
211	483	0.999972
212	482	0.999991
213	479	0.000001
213	481	0.999975
214	478	0.000006
214	479	0.000002
214	480	0.999566
215	477	0.000008
215	479	0.997920
218	476	0.928328
220	474	0.000006
220	475	0.991153
220	477	0.000001
220	478	0.000005
221	474	0.999815
221	477	0.000004
222	473	0.999935
222	476	0.000001
223	472	0.999432
224	471	0.997579
225	469	0.000639
225	470	0.948951
226	466	0.000001
226	467	0.000019
226	468	0.000890
227	466	0.000019
227	467	0.000522
227	468	0.951221
228	467	0.989703
229	469	0.000002
230	465	0.981588
230	466	0.000952
231	464	0.999852
232	462	0.000001
232	463	0.999012
233	462	0.998626
233	463	0.000001
234	461	0.999322
235	460	0.998642
236	459	0.999851
236	460	0.000002
237	458	0.999162
238	456	0.000001
238	457	0.998121
239	456	0.999263
239	457	0.000001
240	455	0.999984
241	454	0.999970
242	453	0.999129
243	452	0.997045
243	454	0.000005
244	451	0.974474
244	453	0.000211
245	452	0.000412
246	448	0.000005
246	449	0.000045
246	450	0.997878
246	451	0.000054
247	449	0.997790
247	451	0.000046
248	448	0.979791
248	449	0.001272
248	450	0.000064
249	446	0.002001
249	448	0.003340
249	449	0.000015
250	446	0.966623
250	448	0.000003
251	444	0.000002
251	445	0.999979
252	444	0.999975
253	443	0.999510
254	442	0.999954
255	440	0.000022
255	441	0.999702
256	440	0.999600
257	438	0.998894
257	440	0.000001
258	437	0.999953
259	436	0.999980
260	435	0.999583
261	434	0.999964
262	433	0.999401
263	431	0.000008
263	432	0.998927
264	342	0.000003
264	431	0.996153
265	302	0.000005
265	339	0.000002
265	347	0.000003
266	302	0.000047
266	303	0.979410
266	304	0.004516
266	341	0.000002
266	344	0.000008
266	346	0.000004
267	302	0.996738
268	301	0.997760
269	299	0.000002
269	300	0.998925
269	304	0.000002
270	298	0.000001
270	299	0.999848
270	300	0.000003
270	303	0.000002
271	298	0.999316
271	299	0.000005
272	297	0.999986
273	296	0.999940
274	295	0.987504
275	287	0.000003
275	290	0.000002
275	295	0.000060
276	286	0.000003
276	289	0.000002
276	295	0.000021
277	285	0.000003
277	291	0.000014
277	292	0.970533
277	293	0.000259
277	294	0.000046
278	284	0.000003
278	291	0.996882
278	292	0.000153
278	293	0.000043
279	287	0.000002
279	288	0.000004
279	289	0.000031
279	290	0.999739
280	286	0.000007
280	287	0.000012
280	288	0.000717
280	289	0.996698
281	286	0.000032
281	287	0.001333
281	288	0.950757
281	289	0.000318
281	290	0.000148
282	286	0.001461
282	287	0.815107
282	288	0.001003
282	289	0.000165
283	287	0.001075
283	288	0.000209
283	289	0.000003
284	288	0.000013
302	340	0.000002
302	342	0.000007
302	343	0.000060
302	345	0.000077
303	342	0.000381
303	343	0.009199
304	342	0.042160
304	343	0.004154
304	431	0.000002
305	339	0.903581
305	347	0.000001
306	338	0.998888
306	339	0.000024
306	341	0.000036
306	344	0.000006
306	346	0.000003
307	337	0.999316
307	340	0.000020
307	343	0.000004
307	345	0.000002
308	336	0.999973
308	339	0.000002
309	335	0.999958
309	338	0.000002
310	334	0.983005
312	331	0.000001
312	332	0.994313
312	333	0.000931
313	331	0.999385
314	330	0.999490
315	329	0.999963
316	328	0.999575
317	326	0.000011
317	327	0.999915
318	326	0.998639
318	327	0.000036
318	329	0.000002
319	328	0.000005
320	326	0.000214
320	327	0.000008
321	325	0.000664
321	326	0.000010
338	342	0.000007
338	343	0.000209
339	343	0.000037
339	345	0.000083
339	430	0.000009
340	347	0.000087
341	431	0.000002
342	346	0.006187
342	347	0.000115
342	348	0.000058
342	349	0.000006
343	347	0.000063
343	348	0.000010
344	428	0.000003
344	431	0.000076
346	428	0.000037
346	431	0.000873
347	427	0.000027
347	428	0.000004
347	429	0.903393
347	430	0.002333
348	428	0.999072
349	426	0.000002
349	427	0.998657
349	428	0.000002
350	426	0.998846
350	427	0.000002
351	425	0.999969
352	424	0.999319
353	423	0.999854
353	424	0.000002
354	422	0.999187
355	420	0.000003
355	421	0.999491
356	420	0.999888
357	417	0.000002
357	418	0.016223
357	419	0.982959
358	415	0.000006
358	417	0.505012
358	418	0.491614
359	414	0.000015
359	416	0.996183
360	413	0.000012
360	415	0.989015
360	417	0.000003
361	412	0.000011
361	413	0.000041
361	415	0.000553
362	410	0.000002
362	412	0.000022
362	413	0.999830
363	409	0.000002
363	410	0.000007
363	412	0.999953
364	408	0.000002
364	411	0.999184
365	409	0.000002
365	410	0.999750
366	409	0.993280
367	406	0.000008
367	407	0.997202
368	405	0.000007
368	406	0.997692
368	407	0.002280
369	404	0.000007
369	405	0.997711
369	406	0.002269
370	404	0.997566
370	405	0.002251
371	402	0.000695
371	403	0.880420
371	404	0.002102
372	401	0.000913
373	401	0.805345
374	400	0.994008
374	402	0.000015
375	399	0.998396
375	401	0.000016
376	394	0.000001
376	398	0.998883
376	400	0.000015
377	393	0.000002
377	396	0.001627
377	397	0.996591
377	399	0.000013
378	392	0.000003
379	391	0.000003
379	394	0.000010
379	395	0.874879
380	390	0.000003
380	394	0.999305
380	395	0.000027
381	389	0.000003
381	393	0.999933
382	388	0.000003
382	392	0.999693
383	390	0.000663
383	391	0.999178
384	390	0.979381
384	391	0.000015
385	389	0.678739
385	392	0.000008
386	390	0.000109
386	391	0.000019
484	490	0.000004
486	491	0.000009
533	588	0.000002
534	688	0.000009
535	588	0.000268
535	590	0.000025
535	680	0.000003
535	687	0.000010
535	761	0.000030
536	588	0.004845
536	679	0.000002
536	687	0.000004
536	691	0.000005
536	760	0.000031
537	584	0.000098
537	585	0.363608
537	586	0.016455
537	587	0.006536
537	683	0.000001
537	686	0.000003
537	759	0.000006
538	583	0.000095
538	584	0.366936
538	585	0.019419
538	586	0.006351
538	587	0.000024
538	758	0.000005
539	582	0.000053
539	583	0.368258
539	584	0.020685
539	585	0.006216
539	586	0.000028
539	587	0.000001
539	686	0.000009
539	757	0.000005
540	588	0.000004
540	589	0.000002
540	681	0.000004
540	684	0.000005
540	685	0.000010
540	687	0.000002
540	691	0.000002
540	756	0.000005
541	581	0.000029
541	582	0.765294
541	583	0.002071
541	584	0.000103
541	585	0.000031
541	586	0.000001
541	587	0.000003
541	683	0.000004
541	686	0.000002
541	755	0.000002
542	580	0.000037
542	581	0.994572
542	582	0.001546
542	583	0.000113
542	584	0.000035
542	585	0.000007
542	586	0.000002
542	683	0.000002
542	689	0.000001
543	579	0.000040
543	580	0.997386
543	682	0.000001
544	578	0.000022
544	579	0.997963
544	580	0.000005
544	581	0.000004
544	582	0.000003
544	583	0.000001
545	578	0.999951
545	581	0.000001
546	576	0.000001
546	577	0.999978
547	576	0.998475
548	575	0.999859
549	574	0.999583
550	573	0.999980
551	572	0.999963
552	566	0.000002
552	569	0.000001
552	571	0.999933
553	570	0.999452
554	565	0.009091
554	566	0.001588
554	569	0.986671
555	563	0.000327
555	564	0.011576
556	560	0.000004
556	561	0.000018
556	562	0.000216
556	565	0.972478
556	566	0.002388
556	569	0.000002
557	563	0.009537
557	564	0.969137
558	562	0.009073
559	563	0.002908
559	564	0.000133
559	567	0.000005
559	568	0.000025
560	564	0.000140
562	567	0.000001
562	568	0.000030
563	569	0.000004
580	589	0.000030
581	588	0.000039
581	687	0.000001
582	588	0.000375
582	590	0.000002
582	591	0.000002
582	680	0.000018
582	687	0.000064
582	691	0.000014
582	761	0.000004
583	588	0.001124
583	590	0.000009
583	591	0.000003
583	679	0.000016
583	680	0.000099
583	687	0.000073
583	691	0.000040
583	694	0.000003
583	751	0.000002
583	754	0.000001
583	760	0.000004
583	761	0.000010
584	588	0.000263
584	590	0.000007
584	591	0.000004
584	679	0.000084
584	680	0.000209
584	687	0.000040
584	691	0.000041
584	694	0.000003
584	751	0.000002
584	754	0.000001
584	760	0.000010
584	761	0.000010
585	590	0.000008
585	679	0.000178
585	680	0.002992
585	687	0.000128
585	691	0.000116
585	694	0.000003
585	751	0.000002
585	754	0.000001
585	760	0.000010
585	761	0.000002
586	590	0.000003
586	679	0.001835
586	680	0.912112
586	691	0.000003
586	699	0.000004
586	760	0.000002
586	761	0.000006
587	679	0.924074
587	680	0.000513
587	691	0.000003
587	694	0.000013
587	698	0.000004
587	751	0.000002
587	760	0.000006
588	677	0.000005
588	678	0.925864
588	683	0.000013
588	689	0.000006
588	693	0.000013
588	697	0.000004
588	750	0.000002
588	758	0.000004
588	759	0.000003
589	682	0.000013
589	688	0.000005
589	696	0.000003
589	757	0.000003
590	676	0.000016
590	677	0.999221
590	678	0.000018
591	676	0.999911
591	677	0.000010
592	675	0.999165
593	674	0.999927
594	673	0.999985
595	672	0.999698
596	670	0.000001
596	671	0.999965
597	670	0.996596
597	671	0.000002
599	668	0.996004
600	667	0.999975
601	666	0.999511
602	665	0.999977
603	664	0.999991
604	663	0.999991
605	662	0.999957
606	661	0.999964
607	660	0.999991
608	659	0.999957
609	657	0.000008
609	658	0.999947
610	656	0.000016
610	657	0.999966
610	658	0.000002
611	654	0.000005
611	656	0.998723
611	657	0.000003
612	616	0.000001
613	653	0.000636
614	652	0.000330
614	653	0.863852
615	652	0.865255
615	653	0.000004
616	651	0.864967
616	652	0.000003
616	655	0.131663
617	650	0.861832
617	654	0.134346
618	643	0.000001
618	648	0.004279
618	653	0.131230
619	642	0.000001
619	647	0.002164
619	648	0.858863
619	652	0.127264
619	653	0.003143
620	647	0.863075
620	652	0.006240
621	646	0.864516
622	639	0.000003
622	645	0.864182
622	651	0.116090
623	641	0.000001
623	644	0.864414
623	646	0.000002
623	650	0.134585
624	637	0.000247
624	640	0.000001
624	642	0.000013
624	643	0.748940
624	645	0.000004
624	648	0.000002
624	649	0.134693
625	636	0.000538
625	640	0.000045
625	642	0.262211
625	643	0.106717
625	647	0.000005
625	648	0.134725
626	635	0.000573
626	636	0.000003
626	638	0.001291
626	640	0.004033
626	642	0.088665
626	643	0.002778
626	647	0.134646
627	634	0.000572
627	635	0.000002
627	637	0.001305
627	638	0.000012
627	639	0.003953
627	640	0.000070
627	642	0.002969
627	643	0.000403
627	645	0.124748
628	633	0.000555
628	641	0.013289
628	644	0.130416
628	646	0.000003
629	635	0.001366
629	636	0.000936
629	638	0.002431
629	640	0.013149
629	642	0.577578
629	643	0.065416
630	641	0.979502
631	635	0.000141
631	636	0.001074
631	638	0.010738
631	640	0.980472
631	642	0.000001
632	636	0.000013
632	637	0.009247
632	638	0.000015
632	639	0.980353
633	638	0.977361
633	640	0.000001
677	761	0.000105
678	687	0.000675
678	691	0.069188
678	694	0.000006
678	760	0.000159
678	767	0.000027
679	683	0.000002
679	686	0.000767
679	689	0.000009
679	690	0.071031
679	693	0.000006
679	759	0.000160
679	765	0.000568
679	766	0.000027
680	686	0.000131
680	688	0.000008
680	689	0.075929
680	690	0.000002
680	693	0.000087
680	697	0.000113
680	702	0.000037
680	758	0.000166
680	764	0.000671
680	765	0.000037
681	688	0.078678
681	690	0.001382
681	696	0.001349
681	701	0.000050
681	752	0.000008
681	757	0.000169
681	763	0.002717
681	764	0.000026
682	687	0.069151
682	691	0.000200
682	692	0.065049
682	694	0.000001
682	695	0.002385
682	700	0.000052
682	705	0.000005
682	706	0.000003
682	749	0.000048
682	751	0.000003
682	753	0.000037
682	754	0.000002
682	756	0.000164
682	761	0.000185
682	762	0.003022
683	687	0.000176
683	691	0.232565
683	694	0.002563
683	698	0.000001
683	699	0.000052
683	703	0.000010
683	710	0.000003
683	748	0.000057
683	751	0.000002
683	754	0.000280
683	760	0.000461
683	761	0.003048
683	767	0.000017
684	688	0.000186
684	690	0.211246
684	696	0.000096
684	709	0.000002
684	745	0.000026
684	747	0.000045
684	752	0.000071
684	757	0.000002
684	759	0.000451
684	766	0.000017
685	690	0.001171
685	696	0.000061
685	709	0.000028
685	744	0.000050
685	752	0.045027
685	757	0.000066
685	759	0.000265
686	691	0.017201
686	694	0.020013
686	698	0.000041
686	703	0.001305
686	708	0.000032
686	743	0.000053
686	751	0.048462
686	754	0.000014
686	760	0.000042
686	761	0.000004
687	693	0.021217
687	696	0.002339
687	697	0.000045
687	701	0.001968
687	702	0.001362
687	704	0.000004
687	707	0.000033
687	741	0.000001
687	742	0.000039
687	750	0.048816
687	752	0.000005
687	755	0.002734
687	757	0.001734
687	758	0.000151
687	759	0.000027
687	763	0.000123
688	692	0.017233
688	694	0.000004
688	695	0.003861
688	700	0.003528
688	703	0.000002
688	706	0.000032
688	740	0.000002
688	749	0.047531
688	753	0.000113
688	754	0.000596
688	756	0.001864
688	761	0.000001
688	762	0.000135
689	694	0.004159
689	699	0.003614
689	740	0.000004
689	748	0.046338
689	751	0.000002
689	754	0.015950
689	760	0.000002
689	761	0.000137
690	694	0.000006
690	695	0.000072
690	698	0.003673
690	703	0.000006
690	705	0.000828
690	706	0.000010
690	743	0.000003
690	748	0.000023
690	749	0.000004
690	751	0.000029
690	753	0.020185
690	754	0.000439
690	756	0.000115
690	760	0.000122
690	791	0.000002
690	796	0.000001
691	696	0.000001
691	697	0.004134
691	702	0.000023
691	704	0.000963
691	742	0.000003
691	744	0.000003
691	745	0.008403
691	746	0.015048
691	747	0.000560
691	750	0.000087
691	752	0.011032
691	755	0.000150
691	757	0.000001
691	758	0.000034
691	759	0.000074
691	790	0.000004
691	795	0.000003
692	696	0.003131
692	701	0.000022
692	744	0.010645
692	745	0.011279
692	747	0.001638
692	752	0.779719
692	757	0.000020
692	789	0.000001
693	698	0.000021
693	699	0.000032
693	703	0.001929
693	743	0.012517
693	748	0.000025
693	751	0.890271
693	754	0.000012
693	794	0.000004
694	702	0.002312
694	704	0.000002
694	741	0.000004
694	742	0.011876
694	744	0.000285
694	745	0.001823
694	746	0.012942
694	747	0.000018
694	750	0.899684
694	752	0.000020
694	758	0.000004
694	764	0.000004
694	765	0.000005
694	790	0.000003
694	793	0.000004
695	701	0.002284
695	744	0.003518
695	745	0.012566
695	747	0.000010
695	752	0.000084
695	757	0.000004
695	763	0.000005
695	764	0.000004
695	789	0.000003
695	792	0.000004
696	700	0.001798
696	703	0.000004
696	705	0.000034
696	706	0.000012
696	740	0.000507
696	743	0.000197
696	748	0.000021
696	749	0.931413
696	751	0.000027
696	761	0.000006
696	762	0.000005
696	791	0.000002
697	703	0.000354
697	708	0.000002
697	739	0.000439
697	740	0.000072
697	743	0.026202
697	748	0.948579
697	751	0.000002
697	760	0.000013
697	761	0.000003
698	702	0.000389
698	704	0.000697
698	707	0.000071
698	738	0.000302
698	741	0.000013
698	742	0.026909
698	744	0.000003
698	746	0.001894
698	747	0.951027
698	750	0.000002
698	759	0.000015
698	765	0.000001
699	704	0.000168
699	707	0.000005
699	736	0.000002
699	738	0.000002
699	741	0.026644
699	742	0.000013
699	744	0.000002
699	745	0.001994
699	746	0.952562
699	758	0.000015
699	764	0.000001
700	744	0.005376
700	745	0.901797
700	757	0.000015
700	763	0.000001
701	705	0.000004
701	706	0.000006
701	735	0.000001
701	739	0.000005
701	740	0.024669
701	743	0.006991
701	749	0.000003
701	756	0.000015
701	762	0.000001
702	708	0.000003
702	737	0.000002
702	739	0.024615
702	740	0.000193
702	743	0.904174
702	748	0.000008
702	751	0.000001
702	761	0.000001
703	707	0.000006
703	711	0.000003
703	734	0.000003
703	736	0.000001
703	738	0.024353
703	741	0.092090
703	742	0.842579
703	744	0.007404
703	746	0.000001
703	747	0.000004
703	750	0.000002
703	755	0.000014
704	710	0.000003
704	733	0.000003
704	737	0.021470
704	739	0.000022
704	740	0.151217
704	743	0.007880
704	748	0.000002
704	754	0.000014
705	709	0.000004
705	732	0.000002
705	734	0.000004
705	745	0.000005
705	747	0.000002
706	734	0.000255
706	744	0.000007
706	752	0.000001
707	733	0.000256
707	737	0.042033
707	739	0.928237
707	740	0.000416
707	743	0.000006
708	732	0.000055
708	734	0.000029
708	736	0.056015
708	738	0.936143
708	742	0.000003
709	733	0.000006
709	735	0.055045
709	737	0.935574
709	739	0.000002
710	734	0.021713
710	736	0.941355
710	738	0.000003
711	733	0.006154
711	735	0.902135
711	737	0.000003
712	733	0.905280
712	735	0.000079
713	732	0.995917
713	734	0.000065
714	730	0.000002
714	731	0.999938
714	733	0.000021
715	729	0.000002
715	730	0.999982
715	731	0.000004
716	729	0.999967
716	730	0.000002
717	727	0.003329
717	728	0.994674
718	723	0.000022
718	724	0.001144
718	726	0.006678
718	727	0.989321
718	728	0.000004
719	723	0.001125
719	724	0.001315
719	726	0.980465
719	727	0.000013
719	728	0.000007
720	727	0.000017
720	764	0.000001
721	727	0.000003
721	763	0.000001
722	762	0.000001
723	761	0.000001
724	760	0.000001
730	758	0.000001
731	757	0.000001
732	756	0.000001
733	755	0.000001
734	753	0.000020
735	752	0.000028
736	751	0.000028
737	750	0.000029
737	752	0.000004
738	748	0.000030
738	751	0.000004
739	746	0.000004
739	747	0.000031
739	750	0.000005
739	769	0.000002
740	744	0.000001
740	745	0.000004
740	746	0.000038
740	747	0.000002
740	750	0.000032
740	752	0.000155
740	755	0.000012
740	768	0.000002
741	748	0.000017
741	751	0.000091
741	754	0.000012
741	767	0.000002
742	748	0.000084
742	751	0.001778
743	747	0.000033
743	750	0.002067
743	763	0.000003
744	748	0.000003
744	749	0.001767
744	762	0.000003
745	749	0.000002
745	761	0.000003
746	751	0.000006
746	754	0.000002
746	760	0.000003
747	753	0.000003
748	752	0.000002
748	758	0.000003
749	757	0.000003
749	770	0.000001
750	754	0.000002
750	760	0.000003
750	761	0.000003
751	755	0.000002
751	758	0.000008
751	759	0.000002
751	765	0.000002
751	768	0.000156
751	795	0.000007
752	760	0.000080
752	761	0.000001
752	767	0.000175
752	771	0.000041
752	774	0.000001
752	794	0.000008
752	796	0.000040
752	797	0.000034
753	757	0.000003
753	759	0.000395
753	763	0.000011
753	764	0.000021
753	766	0.000301
753	770	0.000173
753	773	0.000003
753	793	0.000008
754	758	0.000412
754	759	0.000006
754	763	0.000029
754	764	0.000002
754	765	0.000334
754	768	0.003401
754	769	0.000101
754	773	0.000001
754	790	0.000002
754	792	0.000006
754	795	0.067125
755	760	0.000364
755	761	0.000232
755	767	0.003549
755	794	0.067262
756	763	0.000233
756	764	0.000068
756	766	0.003048
756	770	0.000002
756	773	0.000472
756	784	0.000002
756	788	0.000002
756	792	0.000108
756	793	0.065237
757	761	0.000005
757	762	0.000222
757	771	0.000018
757	772	0.000573
757	774	0.000003
757	775	0.000001
757	791	0.000127
758	767	0.000088
758	794	0.000002
759	767	0.000032
759	771	0.000345
759	772	0.000003
759	774	0.000002
759	776	0.000002
759	781	0.000035
759	785	0.000022
759	791	0.058225
759	796	0.000226
760	764	0.000012
760	765	0.000468
760	766	0.000137
760	768	0.000030
760	769	0.006157
760	770	0.000386
760	773	0.000001
760	780	0.000040
760	784	0.000025
760	786	0.000001
760	787	0.000005
760	788	0.001121
760	789	0.000352
760	790	0.060216
760	792	0.000009
760	795	0.000266
761	765	0.000172
761	766	0.000007
761	768	0.006158
761	769	0.000400
761	770	0.000004
761	780	0.000002
761	783	0.000029
761	784	0.000008
761	786	0.000003
761	787	0.001284
761	788	0.000516
761	789	0.059335
761	790	0.001257
761	792	0.000003
761	793	0.000014
761	795	0.000026
762	766	0.000046
762	770	0.000002
762	773	0.000035
762	782	0.000030
762	783	0.000009
762	784	0.000004
762	786	0.001332
762	787	0.000530
762	788	0.057711
762	789	0.001231
762	792	0.000022
762	793	0.000203
763	767	0.000049
763	771	0.000008
763	772	0.000053
763	774	0.000003
763	775	0.000013
763	776	0.000008
763	777	0.000030
763	778	0.000025
763	779	0.000013
763	781	0.000027
763	785	0.001315
763	791	0.000016
763	794	0.000007
763	796	0.000003
763	797	0.000009
764	771	0.000046
764	772	0.000001
764	774	0.000012
764	775	0.000008
764	776	0.000028
764	777	0.000023
764	778	0.000012
764	779	0.000001
764	781	0.000002
764	785	0.000116
764	791	0.000011
764	794	0.000003
764	796	0.000007
764	797	0.000016
765	794	0.000021
766	771	0.000006
766	772	0.000026
766	774	0.000025
766	775	0.000050
766	776	0.000011
766	777	0.000007
766	778	0.000012
766	779	0.000010
766	781	0.001100
766	785	0.000197
766	791	0.000522
766	794	0.000001
766	796	0.009199
766	797	0.000005
767	773	0.000025
767	780	0.001198
767	782	0.000065
767	783	0.000188
767	784	0.000207
767	786	0.000011
767	787	0.000050
767	788	0.000039
767	789	0.000015
767	790	0.000799
767	792	0.000015
767	793	0.000005
767	795	0.015322
768	794	0.016080
769	794	0.002338
770	774	0.000055
770	775	0.000197
770	776	0.000170
770	777	0.000471
770	778	0.000140
770	779	0.000328
770	781	0.000057
770	785	0.003601
770	791	0.000640
770	794	0.047971
770	796	0.000115
770	797	0.000019
771	782	0.000031
771	783	0.001410
771	784	0.004127
771	786	0.000183
771	787	0.342393
771	788	0.001932
771	789	0.000684
771	792	0.000563
771	793	0.067530
772	782	0.001768
772	783	0.003976
772	784	0.000169
772	786	0.440348
772	787	0.001581
772	788	0.000602
772	789	0.000176
772	792	0.071426
772	793	0.000445
773	777	0.000098
773	778	0.000272
773	779	0.000149
773	781	0.001739
773	785	0.455875
773	791	0.066765
773	794	0.001242
773	796	0.000022
773	797	0.000007
774	782	0.000076
774	783	0.001061
774	784	0.455658
774	786	0.000161
774	787	0.000500
774	788	0.001950
774	789	0.034644
774	792	0.000064
774	793	0.001560
775	782	0.001298
775	783	0.445122
775	784	0.006623
775	786	0.000540
775	787	0.002290
775	788	0.038062
775	789	0.040242
775	792	0.001341
775	793	0.000233
776	782	0.371981
776	783	0.008315
776	784	0.002567
776	786	0.002007
776	787	0.038396
776	788	0.044859
776	789	0.015900
776	792	0.000198
776	793	0.000179
777	782	0.006868
777	783	0.002961
777	784	0.002156
777	786	0.036216
777	787	0.043989
777	788	0.019388
777	789	0.001473
777	792	0.000157
777	793	0.000177
778	782	0.001893
778	783	0.001998
778	784	0.001995
778	786	0.037683
778	787	0.020128
778	788	0.001695
778	789	0.000797
778	792	0.000158
778	793	0.000145
779	783	0.001352
779	784	0.001982
779	786	0.014939
779	787	0.001470
779	788	0.000866
779	789	0.000058
779	792	0.000125
779	793	0.000032
780	794	0.011732
781	786	0.000143
781	787	0.000417
781	788	0.000571
781	789	0.000220
781	792	0.000565
781	793	0.011276
782	791	0.000749
782	794	0.000046
782	796	0.000077
782	797	0.000082
783	791	0.000743
783	794	0.000084
783	796	0.000129
783	797	0.000058
784	791	0.000294
784	794	0.001256
784	796	0.000094
784	797	0.000011
785	789	0.000112
785	792	0.000491
785	793	0.001492
786	791	0.000472
786	794	0.000140
786	796	0.000044
786	797	0.000218
787	791	0.000098
787	794	0.000464
787	796	0.000389
787	797	0.000136
788	794	0.000467
788	796	0.000278
788	797	0.000484
789	794	0.000139
789	796	0.000742
789	797	0.000039
790	794	0.000415
792	796	0.000092
792	797	0.000092
793	797	0.000035
