1	7	0.000218
1	8	0.000187
1	9	0.000048
1	12	0.000330
1	13	0.000165
1	15	0.001449
1	29	0.000025
1	33	0.000060
1	41	0.157789
1	55	0.000028
1	67	0.002535
1	707	0.000190
1	789	0.000279
1	790	0.000003
1	800	0.000002
1	809	0.000667
1	810	0.000017
1	814	0.000111
1	817	0.001143
1	822	0.004350
1	823	0.000065
1	826	0.071428
1	834	0.000144
1	848	0.000012
1	860	0.000011
1	864	0.000001
2	7	0.000642
2	8	0.000141
2	9	0.000028
2	11	0.000441
2	12	0.000328
2	13	0.000006
2	14	0.001749
2	15	0.000568
2	28	0.000048
2	30	0.005405
2	32	0.000063
2	33	0.000015
2	39	0.000401
2	40	0.214723
2	41	0.001243
2	42	0.003628
2	46	0.001473
2	50	0.000105
2	52	0.000037
2	53	0.003793
2	55	0.000001
2	62	0.001547
2	64	0.000005
2	65	0.000169
2	66	0.002842
2	67	0.000009
2	706	0.000213
2	735	0.000002
2	784	0.000008
2	788	0.000560
2	789	0.000002
2	799	0.000002
2	800	0.000001
2	808	0.000885
2	809	0.000018
2	813	0.000147
2	814	0.000003
2	815	0.000001
2	816	0.001510
2	817	0.000002
2	818	0.000004
2	819	0.001503
2	820	0.000252
2	821	0.005755
2	822	0.000110
2	823	0.000001
2	824	0.000101
2	825	0.081158
2	826	0.000036
2	828	0.000033
2	830	0.000125
2	831	0.000158
2	832	0.001073
2	834	0.000006
2	836	0.000040
2	837	0.000992
2	838	0.000325
2	839	0.000031
2	840	0.000049
2	847	0.000024
2	859	0.000009
2	860	0.001169
2	868	0.000949
2	871	0.002722
3	7	0.000120
3	8	0.000087
3	9	0.000042
3	11	0.000350
3	12	0.000008
3	13	0.001722
3	14	0.000736
3	29	0.005460
3	30	0.000051
3	32	0.000016
3	39	0.215298
3	40	0.001544
3	41	0.002933
3	42	0.033023
3	46	0.000100
3	50	0.000031
3	52	0.003765
3	53	0.000023
3	61	0.001559
3	62	0.000010
3	64	0.000170
3	65	0.002819
3	66	0.000010
3	705	0.000213
3	734	0.000002
3	736	0.000001
3	783	0.000008
3	787	0.000602
3	798	0.000002
3	799	0.000001
3	807	0.000889
3	808	0.000018
3	812	0.000146
3	813	0.000003
3	815	0.001511
3	816	0.000003
3	817	0.000002
3	818	0.001512
3	819	0.000242
3	820	0.005720
3	821	0.000116
3	822	0.000001
3	823	0.000095
3	824	0.081123
3	825	0.000043
3	828	0.000046
3	830	0.000160
3	831	0.000868
3	832	0.000350
3	834	0.000007
3	836	0.001006
3	837	0.000323
3	838	0.000032
3	839	0.000048
3	846	0.000026
3	858	0.000003
3	859	0.001373
3	868	0.000735
3	871	0.002615
4	8	0.000055
4	9	0.000131
4	12	0.001638
4	13	0.000712
4	26	0.000076
4	28	0.005489
4	29	0.000030
4	41	0.031688
4	60	0.001592
4	61	0.000005
4	690	0.000001
4	704	0.000178
4	733	0.000002
4	786	0.000603
4	797	0.000001
4	798	0.000001
4	806	0.000899
4	807	0.000010
4	810	0.000003
4	814	0.001295
4	817	0.001296
4	822	0.000223
4	823	0.069398
4	826	0.000015
4	834	0.001799
4	845	0.000025
4	858	0.001378
4	864	0.000013
5	10	0.001157
5	16	0.000013
5	25	0.000080
5	27	0.005507
5	48	0.000111
5	56	0.000089
5	59	0.001599
5	68	0.000003
5	689	0.000002
5	785	0.000602
5	805	0.000908
5	827	0.000250
5	833	0.001879
5	844	0.000024
5	857	0.001375
5	863	0.000014
5	865	0.000473
5	866	0.000012
5	867	0.000040
5	869	0.001443
5	870	0.001483
6	12	0.000006
6	13	0.000005
6	15	0.000013
6	24	0.000079
6	26	0.005472
6	41	0.000307
6	55	0.000098
6	58	0.001468
6	67	0.000003
6	688	0.000002
6	701	0.000003
6	804	0.000741
6	809	0.000002
6	810	0.000004
6	814	0.000001
6	817	0.000008
6	822	0.000742
6	823	0.000008
6	826	0.000203
6	834	0.000030
6	842	0.000001
6	853	0.000007
6	864	0.000465
7	17	0.000001
7	21	0.000007
7	22	0.000015
7	25	0.005088
7	37	0.000068
7	38	0.005264
7	43	0.000082
7	44	0.000095
7	45	0.000056
7	47	0.000151
7	48	0.000107
7	49	0.000081
7	51	0.000011
7	54	0.000093
7	56	0.000001
7	57	0.001352
7	63	0.000003
7	687	0.000001
7	700	0.000003
7	802	0.000014
7	811	0.000020
7	833	0.000028
7	835	0.000002
7	841	0.000001
7	852	0.000007
7	855	0.000044
7	856	0.000033
7	863	0.000436
7	867	0.000005
7	869	0.000015
7	870	0.000029
7	872	0.000019
8	16	0.000002
8	17	0.000013
8	19	0.000007
8	21	0.000041
8	22	0.002577
8	25	0.000009
8	34	0.000002
8	37	0.003087
8	38	0.740573
8	43	0.000061
8	44	0.000044
8	45	0.000010
8	47	0.000053
8	48	0.000063
8	49	0.000004
8	51	0.000002
8	56	0.000344
8	801	0.000007
8	802	0.000014
8	851	0.000004
8	854	0.000023
8	855	0.000024
8	862	0.000218
8	869	0.000012
8	870	0.000015
8	872	0.000005
9	16	0.000013
9	17	0.000001
9	19	0.000266
9	21	0.003186
9	22	0.000070
9	31	0.000040
9	34	0.000012
9	37	0.949392
9	38	0.000308
9	43	0.000014
9	44	0.000003
9	47	0.000013
9	48	0.000002
9	54	0.000002
9	801	0.000007
9	854	0.000010
9	861	0.000041
9	869	0.000011
9	870	0.000001
9	872	0.000152
10	14	0.000006
10	15	0.000004
10	18	0.000310
10	20	0.003210
10	23	0.000187
10	24	0.000004
10	26	0.000007
10	30	0.000050
10	32	0.000018
10	33	0.000012
10	36	0.987013
10	42	0.000003
10	46	0.000003
10	53	0.000002
10	868	0.000011
10	871	0.000244
11	16	0.000595
11	25	0.000010
11	35	0.987101
11	867	0.000010
11	870	0.000244
12	16	0.000009
12	17	0.000021
12	19	0.000216
12	21	0.000044
12	22	0.000052
12	31	0.000013
12	34	0.979303
12	35	0.000003
12	866	0.000009
12	869	0.000219
13	17	0.000066
13	19	0.000029
13	21	0.000047
13	22	0.000005
13	31	0.000126
13	34	0.000114
13	49	0.000006
13	865	0.000001
13	867	0.000001
14	25	0.000001
14	35	0.000004
14	48	0.000007
14	866	0.000001
14	867	0.000158
15	19	0.000005
15	21	0.000027
15	22	0.000006
15	31	0.904685
15	34	0.000010
15	47	0.000007
15	866	0.000154
16	20	0.000029
16	23	0.000003
16	28	0.000022
16	29	0.079410
16	30	0.908539
16	32	0.000054
16	33	0.000005
16	46	0.000006
17	26	0.000082
17	28	0.532220
17	29	0.458287
17	864	0.000138
18	25	0.000158
18	27	0.982695
18	59	0.000001
18	863	0.000138
19	24	0.000116
19	26	0.981752
19	28	0.010383
19	58	0.000001
20	25	0.978257
20	27	0.010631
20	57	0.000001
20	861	0.000128
21	26	0.008044
21	28	0.000001
21	29	0.000003
21	860	0.000125
22	26	0.000007
22	28	0.000017
22	858	0.000132
23	27	0.000017
23	857	0.000136
23	870	0.000001
24	37	0.000002
24	856	0.000128
24	869	0.000001
24	872	0.000012
25	36	0.000003
25	52	0.000001
25	64	0.000002
25	871	0.000020
26	35	0.000003
26	37	0.000005
26	51	0.000001
26	63	0.000002
26	854	0.000106
26	869	0.000016
26	870	0.000010
27	36	0.000006
27	50	0.000001
27	62	0.000002
27	853	0.000133
27	868	0.000050
28	35	0.000006
28	49	0.000001
28	852	0.000134
28	867	0.000050
29	34	0.000003
29	48	0.000001
29	851	0.000134
29	866	0.000053
30	59	0.000003
30	850	0.000132
30	865	0.000081
31	58	0.000003
31	849	0.000122
31	864	0.000081
32	57	0.000003
32	863	0.000081
32	870	0.000002
33	56	0.000003
33	861	0.000012
33	862	0.000067
33	869	0.000002
33	872	0.000035
34	41	0.000003
34	55	0.000003
34	847	0.000083
34	848	0.000001
34	860	0.000030
35	40	0.000003
35	42	0.000001
35	60	0.000001
35	828	0.000001
35	845	0.000001
35	846	0.000084
35	847	0.000001
35	848	0.000001
35	858	0.000002
35	859	0.000032
35	868	0.000012
35	871	0.012450
36	59	0.000001
36	827	0.000001
36	844	0.000002
36	857	0.000007
36	861	0.000012
36	867	0.000012
36	869	0.000005
36	870	0.012501
37	41	0.000002
37	61	0.000006
37	76	0.000001
37	826	0.000001
37	845	0.000003
37	858	0.000004
37	860	0.000012
38	55	0.000001
38	58	0.000771
38	60	0.000017
38	67	0.000001
38	75	0.000003
38	795	0.000002
38	834	0.000021
38	845	0.000064
38	858	0.000044
38	864	0.000006
39	48	0.000569
39	56	0.000003
39	57	0.000995
39	59	0.000021
39	68	0.000002
39	69	0.000048
39	71	0.000001
39	72	0.005278
39	833	0.000026
39	841	0.000001
39	844	0.000075
39	857	0.000049
39	863	0.000004
39	865	0.000234
39	866	0.006411
39	867	0.101212
39	869	0.275214
39	870	0.023841
40	48	0.005954
40	56	0.001013
40	57	0.000006
40	59	0.000003
40	68	0.000061
40	69	0.000007
40	71	0.005338
40	833	0.000005
40	843	0.000075
40	857	0.000024
40	863	0.000471
40	865	0.006405
40	866	0.101343
40	867	0.424021
40	869	0.021017
40	870	0.000080
41	45	0.000052
41	47	0.005610
41	48	0.000094
41	49	0.011895
41	51	0.000008
41	54	0.000007
41	56	0.000003
41	57	0.000027
41	63	0.000004
41	68	0.000006
41	69	0.000034
41	70	0.005310
41	73	0.000004
41	792	0.000362
41	835	0.000002
41	851	0.001135
41	852	0.000003
41	854	0.000010
41	855	0.000023
41	856	0.000028
41	862	0.000503
41	863	0.000008
41	865	0.013909
41	866	0.439519
41	867	0.003239
41	869	0.000059
41	870	0.000053
41	872	0.000002
42	48	0.016047
42	56	0.000157
42	59	0.000020
42	68	0.000262
42	69	0.005156
42	72	0.000004
42	791	0.000405
42	827	0.000017
42	833	0.000008
42	841	0.000024
42	843	0.000003
42	850	0.001354
42	861	0.000478
42	863	0.006453
42	865	0.537264
42	866	0.003203
42	867	0.001867
42	869	0.000139
42	870	0.000030
43	55	0.000148
43	58	0.000019
43	61	0.000006
43	67	0.000420
43	790	0.000406
43	822	0.000001
43	823	0.000002
43	826	0.000015
43	834	0.000005
43	842	0.000003
43	849	0.001336
43	853	0.000109
43	860	0.000402
43	864	0.530561
44	55	0.000032
44	58	0.000002
44	60	0.000003
44	61	0.000570
44	67	0.000162
44	789	0.000340
44	790	0.000026
44	807	0.000047
44	822	0.000004
44	823	0.000002
44	834	0.000009
44	848	0.001128
44	849	0.000012
44	853	0.000040
44	858	0.000003
44	860	0.000001
44	864	0.000281
45	55	0.000033
45	58	0.000012
45	60	0.000697
45	61	0.000010
45	67	0.000049
45	788	0.000078
45	789	0.000030
45	790	0.000027
45	806	0.000058
45	822	0.000003
45	834	0.000509
45	842	0.000014
45	847	0.000399
45	848	0.000017
45	849	0.000006
45	853	0.000021
45	858	0.000169
45	860	0.000003
45	864	0.000973
46	56	0.001909
46	57	0.000012
46	59	0.000713
46	68	0.001127
46	88	0.000001
46	695	0.000004
46	785	0.000001
46	805	0.000059
46	827	0.000780
46	833	0.000543
46	841	0.000014
46	843	0.000003
46	850	0.011602
46	857	0.000121
46	861	0.562269
46	863	0.000573
46	865	0.000001
46	869	0.000092
46	870	0.000090
47	55	0.002042
47	58	0.000651
47	60	0.000056
47	61	0.000126
47	67	0.001348
47	75	0.000023
47	87	0.000001
47	694	0.000004
47	707	0.000002
47	735	0.000001
47	788	0.000607
47	804	0.000059
47	822	0.000028
47	826	0.000780
47	834	0.000015
47	842	0.000003
47	845	0.000005
47	847	0.000885
47	848	0.000003
47	849	0.011757
47	860	0.566194
47	864	0.000001
48	52	0.000219
48	53	0.004143
48	55	0.000027
48	58	0.000001
48	60	0.000090
48	61	0.067864
48	62	0.014172
48	64	0.000090
48	65	0.000045
48	66	0.001215
48	74	0.000026
48	77	0.000003
48	86	0.000001
48	693	0.000004
48	705	0.000002
48	706	0.000002
48	734	0.000001
48	787	0.000755
48	803	0.000058
48	818	0.000002
48	820	0.000004
48	821	0.000030
48	824	0.000007
48	825	0.000739
48	828	0.000003
48	831	0.000004
48	832	0.000417
48	834	0.000025
48	836	0.000122
48	837	0.000159
48	838	0.000022
48	839	0.000008
48	840	0.000004
48	846	0.001166
48	847	0.000004
48	848	0.011784
48	849	0.000003
48	859	0.566814
48	868	0.000062
48	871	0.000620
49	55	0.000087
49	58	0.000150
49	60	0.086720
49	61	0.007116
49	76	0.000003
49	690	0.000001
49	704	0.000002
49	733	0.000001
49	786	0.000755
49	806	0.000001
49	817	0.000001
49	823	0.000007
49	834	0.002342
49	842	0.000001
49	845	0.000855
49	847	0.011637
49	848	0.000004
49	849	0.000002
49	858	0.566207
50	56	0.000799
50	57	0.000175
50	59	0.095523
50	68	0.000002
50	71	0.000060
50	72	0.000026
50	689	0.000001
50	691	0.000003
50	785	0.000753
50	805	0.000002
50	827	0.000004
50	833	0.002471
50	841	0.000001
50	843	0.000096
50	844	0.000411
50	850	0.000062
50	857	0.563361
50	865	0.000006
50	867	0.000008
50	869	0.000118
50	870	0.000159
51	55	0.000581
51	58	0.095293
51	60	0.000055
51	67	0.000004
51	688	0.000001
51	690	0.000003
51	704	0.000001
51	804	0.000001
51	822	0.000001
51	826	0.000004
51	834	0.052170
51	842	0.000163
51	845	0.491532
51	847	0.000085
51	848	0.000052
51	849	0.000061
51	853	0.000068
51	858	0.000003
51	864	0.000006
52	56	0.000096
52	57	0.094378
52	59	0.000058
52	68	0.000003
52	69	0.002102
52	81	0.000151
52	687	0.000001
52	689	0.000002
52	772	0.000001
52	775	0.000009
52	781	0.000002
52	782	0.000010
52	833	0.057409
52	841	0.000165
52	843	0.000038
52	844	0.508006
52	850	0.000004
52	857	0.000007
52	863	0.000006
52	866	0.000031
52	867	0.000007
52	869	0.000045
52	870	0.005683
53	57	0.000063
53	59	0.000017
53	68	0.002510
53	69	0.000001
53	80	0.000317
53	689	0.000001
53	774	0.000009
53	780	0.000002
53	781	0.000010
53	827	0.000005
53	833	0.004779
53	841	0.000030
53	843	0.508252
53	850	0.000107
53	857	0.000005
53	861	0.000004
53	865	0.000031
53	866	0.000006
53	867	0.000002
53	869	0.005702
53	870	0.000032
54	58	0.000012
54	60	0.000001
54	61	0.000001
54	67	0.002738
54	79	0.000319
54	688	0.000002
54	701	0.000061
54	826	0.000004
54	834	0.040431
54	842	0.505144
54	849	0.000086
54	853	0.000847
54	860	0.000002
54	864	0.000029
55	59	0.000001
55	63	0.000050
55	78	0.000318
55	94	0.000033
55	687	0.000002
55	700	0.000071
55	772	0.000007
55	779	0.000011
55	833	0.043980
55	835	0.000180
55	841	0.493304
55	850	0.000005
55	851	0.000032
55	852	0.000866
55	854	0.000013
55	855	0.000009
55	856	0.000033
55	857	0.000003
55	863	0.000023
55	867	0.000004
55	870	0.000002
55	872	0.000159
56	62	0.000066
56	64	0.000011
56	65	0.006891
56	66	0.000774
56	67	0.000041
56	75	0.000022
56	77	0.000319
56	93	0.000092
56	686	0.000002
56	699	0.000074
56	770	0.000663
56	771	0.000014
56	778	0.000012
56	813	0.000004
56	820	0.000001
56	821	0.000027
56	825	0.000010
56	828	0.000001
56	830	0.000017
56	831	0.680678
56	832	0.034795
56	834	0.000008
56	836	0.000017
56	837	0.000318
56	838	0.000166
56	839	0.000559
56	840	0.163775
56	871	0.000233
57	61	0.000028
57	62	0.000028
57	64	0.006977
57	65	0.000758
57	66	0.000051
57	74	0.000033
57	76	0.000228
57	92	0.000092
57	698	0.000075
57	730	0.000006
57	769	0.000685
57	770	0.000008
57	777	0.000012
57	812	0.000004
57	819	0.000001
57	820	0.000027
57	824	0.000010
57	825	0.000001
57	828	0.000007
57	830	0.742378
57	831	0.018158
57	832	0.000015
57	834	0.000001
57	836	0.000332
57	837	0.000152
57	838	0.000922
57	839	0.128746
57	840	0.000001
57	871	0.000002
58	63	0.006138
58	72	0.000002
58	73	0.000034
58	91	0.000092
58	697	0.000075
58	729	0.000006
58	731	0.000002
58	768	0.000698
58	776	0.000012
58	811	0.000004
58	827	0.000011
58	829	0.848197
58	833	0.000115
58	835	0.000342
58	854	0.000185
58	869	0.000184
59	64	0.000561
59	65	0.000139
59	66	0.000402
59	67	0.000011
59	74	0.000348
59	90	0.000092
59	696	0.000075
59	728	0.000007
59	730	0.000003
59	764	0.000003
59	767	0.000700
59	769	0.000002
59	794	0.000006
59	810	0.000003
59	819	0.000001
59	820	0.000007
59	821	0.000005
59	823	0.000001
59	824	0.000032
59	825	0.000046
59	826	0.000006
59	828	0.850578
59	830	0.002118
59	831	0.000012
59	832	0.000084
59	834	0.000144
59	836	0.005720
59	837	0.007418
59	838	0.008049
59	853	0.000196
59	868	0.000188
59	871	0.000002
60	70	0.000005
60	71	0.000034
60	73	0.000348
60	89	0.000090
60	695	0.000071
60	729	0.000003
60	763	0.000003
60	766	0.000688
60	768	0.000002
60	793	0.000006
60	827	0.835325
60	829	0.002078
60	833	0.000024
60	835	0.005263
60	852	0.000198
60	867	0.000187
60	870	0.000001
61	69	0.000009
61	70	0.000037
61	72	0.000346
61	85	0.000080
61	88	0.000009
61	692	0.000069
61	726	0.000006
61	762	0.000004
61	792	0.000006
61	827	0.000323
61	829	0.000053
61	833	0.000051
61	835	0.000664
61	851	0.000199
61	866	0.000187
61	870	0.000004
62	68	0.000139
62	69	0.000039
62	71	0.000345
62	72	0.000001
62	84	0.000090
62	88	0.000002
62	691	0.000074
62	725	0.000007
62	761	0.000002
62	766	0.000004
62	791	0.000006
62	805	0.000001
62	827	0.002893
62	833	0.001536
62	850	0.000199
62	865	0.000188
62	869	0.000026
63	67	0.000150
63	87	0.000001
63	690	0.000074
63	765	0.000004
63	790	0.000005
63	806	0.000002
63	817	0.000004
63	822	0.000445
63	823	0.001203
63	826	0.002903
63	834	0.003869
63	845	0.000003
63	849	0.000154
63	864	0.000187
64	68	0.000019
64	69	0.000028
64	72	0.000006
64	82	0.000093
64	689	0.000073
64	724	0.000003
64	725	0.000006
64	761	0.000030
64	805	0.000002
64	827	0.000022
64	833	0.004064
64	844	0.000005
64	863	0.000185
64	867	0.000036
64	870	0.000044
65	69	0.000002
65	71	0.000006
65	72	0.000023
65	81	0.000093
65	687	0.000011
65	724	0.000006
65	725	0.000007
65	760	0.000029
65	761	0.000718
65	827	0.000047
65	833	0.000099
65	843	0.000005
65	861	0.000028
65	866	0.000036
65	869	0.000044
65	870	0.000037
66	71	0.000023
66	80	0.000092
66	687	0.000016
66	710	0.000004
66	724	0.000008
66	759	0.000028
66	760	0.000722
66	827	0.000221
66	833	0.000017
66	841	0.000001
66	857	0.000003
66	861	0.000068
66	865	0.000036
66	869	0.000038
66	870	0.000001
67	78	0.000047
67	684	0.000003
67	685	0.000001
67	687	0.000012
67	709	0.000004
67	759	0.000721
67	785	0.000001
67	792	0.000006
67	801	0.000027
67	827	0.000028
67	829	0.008634
67	833	0.000005
67	841	0.000003
67	856	0.000003
67	869	0.000001
68	74	0.000001
68	77	0.000063
68	683	0.000003
68	686	0.000021
68	706	0.000010
68	720	0.000033
68	721	0.000001
68	758	0.000751
68	784	0.000002
68	787	0.000001
68	788	0.000001
68	800	0.000031
68	813	0.000003
68	816	0.022762
68	817	0.000003
68	818	0.000007
68	819	0.950181
68	820	0.002061
68	821	0.000344
68	822	0.000009
68	824	0.000125
68	825	0.000886
68	826	0.000001
68	828	0.009260
68	830	0.000003
68	831	0.000031
68	832	0.000010
68	840	0.000003
69	76	0.000060
69	77	0.000052
69	682	0.000001
69	683	0.000005
69	686	0.000012
69	705	0.000010
69	719	0.000034
69	720	0.000001
69	736	0.000003
69	757	0.000751
69	783	0.000002
69	786	0.000001
69	787	0.000002
69	790	0.000107
69	799	0.000032
69	810	0.000008
69	812	0.000003
69	815	0.022900
69	816	0.000002
69	817	0.000001
69	818	0.956182
69	819	0.001046
69	820	0.000304
69	821	0.000009
69	823	0.000131
69	824	0.000888
69	828	0.000028
69	830	0.000031
69	831	0.000009
69	839	0.000003
70	75	0.000052
70	76	0.000051
70	682	0.000004
70	688	0.000002
70	704	0.000009
70	707	0.001009
70	718	0.000039
70	735	0.000004
70	756	0.000751
70	786	0.000002
70	788	0.000001
70	789	0.000348
70	790	0.000002
70	798	0.000032
70	800	0.000002
70	809	0.000021
70	814	0.022916
70	817	0.957246
70	822	0.000261
70	823	0.000776
70	826	0.009375
70	848	0.000007
71	75	0.000024
71	77	0.000019
71	683	0.000009
71	686	0.000008
71	702	0.000001
71	706	0.001077
71	717	0.000040
71	734	0.000004
71	735	0.000002
71	755	0.000752
71	784	0.000016
71	788	0.000450
71	789	0.000001
71	797	0.000032
71	799	0.000002
71	808	0.000023
71	809	0.000001
71	813	0.022926
71	814	0.000002
71	815	0.000006
71	816	0.957540
71	817	0.000002
71	818	0.000001
71	819	0.000280
71	820	0.000014
71	821	0.000369
71	822	0.000626
71	825	0.009441
71	837	0.000002
71	838	0.000001
71	847	0.000010
71	860	0.000015
72	76	0.000008
72	77	0.000089
72	682	0.000008
72	683	0.000071
72	686	0.000026
72	702	0.000011
72	705	0.001078
72	706	0.000001
72	716	0.000040
72	733	0.000002
72	734	0.000003
72	736	0.000002
72	754	0.000751
72	783	0.000016
72	784	0.000001
72	787	0.000601
72	796	0.000032
72	798	0.000002
72	807	0.000024
72	808	0.000001
72	810	0.000002
72	812	0.022654
72	813	0.000010
72	814	0.000006
72	815	0.956703
72	816	0.000003
72	818	0.000281
72	819	0.000015
72	820	0.000367
72	821	0.000620
72	824	0.009433
72	836	0.000002
72	837	0.000001
72	846	0.000010
72	859	0.000016
73	79	0.000074
73	682	0.000085
73	688	0.000412
73	690	0.000004
73	699	0.000003
73	701	0.000011
73	704	0.000899
73	707	0.000003
73	715	0.000040
73	733	0.000003
73	735	0.000002
73	752	0.000001
73	753	0.000640
73	786	0.000735
73	790	0.000003
73	795	0.000032
73	797	0.000002
73	806	0.000060
73	807	0.000002
73	809	0.000035
73	810	0.000522
73	814	0.820115
73	817	0.000241
73	822	0.000017
73	823	0.008057
73	834	0.000001
73	845	0.000010
73	858	0.000016
74	78	0.000103
74	80	0.000004
74	679	0.000001
74	687	0.000549
74	689	0.000006
74	695	0.000001
74	710	0.000638
74	714	0.000040
74	729	0.000003
74	785	0.000829
74	791	0.000002
74	805	0.000085
74	833	0.000001
74	844	0.000010
74	857	0.000016
75	681	0.000657
75	684	0.000913
75	685	0.004292
75	687	0.000002
75	700	0.000010
75	703	0.000020
75	708	0.000006
75	709	0.000636
75	710	0.000007
75	711	0.000012
75	713	0.000036
75	731	0.000004
75	732	0.000015
75	737	0.000003
75	785	0.000003
75	793	0.000094
75	802	0.000002
75	811	0.001345
75	843	0.000009
75	856	0.000015
76	681	0.008708
76	684	0.005510
76	685	0.000093
76	692	0.000005
76	700	0.000010
76	703	0.000011
76	708	0.000484
76	709	0.000010
76	710	0.000012
76	711	0.000428
76	731	0.000016
76	732	0.000003
76	737	0.000003
76	785	0.000002
76	792	0.000122
76	801	0.000001
76	811	0.010569
76	855	0.000012
77	679	0.000006
77	687	0.000049
77	691	0.000006
77	710	0.000496
77	729	0.000002
77	748	0.000001
77	750	0.000029
77	782	0.000002
77	785	0.000069
77	791	0.000126
77	805	0.000030
77	841	0.000008
78	678	0.000002
78	680	0.991391
78	682	0.000022
78	683	0.000049
78	686	0.000059
78	698	0.000017
78	702	0.000001
78	704	0.000001
78	706	0.000005
78	747	0.000001
78	749	0.000030
78	784	0.000011
78	790	0.000001
78	808	0.000002
78	809	0.000023
78	810	0.000007
78	812	0.000147
78	813	0.000030
78	818	0.000001
78	840	0.000004
78	853	0.000001
79	679	0.992496
79	681	0.000018
79	685	0.000045
79	697	0.000016
79	703	0.000001
79	748	0.000028
79	811	0.000130
79	852	0.000001
80	678	0.999454
80	680	0.000005
80	696	0.000004
80	747	0.000004
80	810	0.000003
80	839	0.000002
81	93	0.000176
81	677	0.999561
81	678	0.000001
81	838	0.000002
82	90	0.000038
82	92	0.000286
82	129	0.000001
82	676	0.999563
82	751	0.000001
82	837	0.000002
83	89	0.000038
83	91	0.000287
83	128	0.000001
83	675	0.999531
83	750	0.000001
84	90	0.000283
84	129	0.000011
84	674	0.997556
84	749	0.000001
85	834	0.000002
86	103	0.000005
86	125	0.000002
86	126	0.000549
86	128	0.000003
86	131	0.000007
86	673	0.997873
86	833	0.000002
87	102	0.000006
87	125	0.000552
87	127	0.000003
87	130	0.000024
87	672	0.997877
88	101	0.000008
88	124	0.000566
88	129	0.000014
88	671	0.998369
88	747	0.000001
88	831	0.000002
89	100	0.000008
89	123	0.000598
89	129	0.000932
89	670	0.997996
89	746	0.000001
89	830	0.000002
90	95	0.000003
90	99	0.000016
90	122	0.000599
90	128	0.000949
90	669	0.997926
90	745	0.000001
91	97	0.000116
91	98	0.000204
91	100	0.000237
91	116	0.000300
91	117	0.000018
91	121	0.000609
91	123	0.000002
91	129	0.000005
91	631	0.000008
91	668	0.987032
91	744	0.000001
91	828	0.000002
92	99	0.003859
92	103	0.000006
92	104	0.000002
92	114	0.021375
92	119	0.000004
92	120	0.000634
92	122	0.000003
92	126	0.019161
92	128	0.000003
92	630	0.000009
92	636	0.000001
92	667	0.678359
92	743	0.000001
92	850	0.000002
93	99	0.008567
93	102	0.000020
93	103	0.000002
93	113	0.021906
93	114	0.000004
93	119	0.000690
93	120	0.000003
93	122	0.000004
93	125	0.020057
93	126	0.000002
93	628	0.000012
93	635	0.000002
93	636	0.000001
93	638	0.000004
93	663	0.000105
93	667	0.057196
93	742	0.000001
93	850	0.000011
94	112	0.021885
94	121	0.000004
94	124	0.020152
94	627	0.000012
94	666	0.106279
94	741	0.000001
94	826	0.000001
94	847	0.000329
94	849	0.000005
95	100	0.000089
95	101	0.000015
95	105	0.000002
95	107	0.000392
95	110	0.000089
95	111	0.021623
95	116	0.000859
95	117	0.018897
95	123	0.020077
95	626	0.000012
95	632	0.000001
95	633	0.000402
95	662	0.000277
95	664	0.002846
95	665	0.101716
95	666	0.000201
95	668	0.000017
95	740	0.000001
95	825	0.000001
95	846	0.000418
96	105	0.024327
96	121	0.020566
96	124	0.000002
96	666	0.000061
96	845	0.000418
97	102	0.000006
97	103	0.000019
97	104	0.024722
97	114	0.000640
97	119	0.000177
97	120	0.020774
97	122	0.000038
97	625	0.000002
97	635	0.000007
97	636	0.000818
97	638	0.000008
97	663	0.016349
97	667	0.000004
97	844	0.000419
98	102	0.000022
98	103	0.024707
98	104	0.000003
98	113	0.000629
98	114	0.000079
98	119	0.020596
98	120	0.000008
98	122	0.000380
98	623	0.000007
98	635	0.000826
98	636	0.000018
98	638	0.000037
98	663	0.012948
98	667	0.000006
98	843	0.000418
99	105	0.000008
99	107	0.000011
99	110	0.000003
99	112	0.000328
99	116	0.240020
99	117	0.011434
99	121	0.000445
99	129	0.000003
99	622	0.000003
99	633	0.000101
99	661	0.000023
99	662	0.011890
99	664	0.000495
99	665	0.000002
99	666	0.000007
99	668	0.000002
99	842	0.000418
100	104	0.000008
100	113	0.000044
100	114	0.967550
100	120	0.000448
100	128	0.000003
100	636	0.000022
100	660	0.000002
100	663	0.000311
100	841	0.000411
101	113	0.972992
101	114	0.000026
101	119	0.000445
101	126	0.000003
101	635	0.000023
101	663	0.000001
101	667	0.000001
101	833	0.000001
101	841	0.000006
102	107	0.000012
102	110	0.000003
102	111	0.001535
102	112	0.970833
102	117	0.000030
102	633	0.000054
102	662	0.000002
102	666	0.000012
102	832	0.000002
102	838	0.000362
102	839	0.000044
102	840	0.000011
103	110	0.001569
103	111	0.972324
103	112	0.000011
103	116	0.000029
103	117	0.000610
103	124	0.000003
103	632	0.000054
103	665	0.000012
103	831	0.000002
103	837	0.000377
103	838	0.000030
103	839	0.000011
104	110	0.971319
104	111	0.000014
104	116	0.000617
104	123	0.000003
104	631	0.000054
104	664	0.000012
104	830	0.000002
104	836	0.000391
104	837	0.000016
104	838	0.000010
105	109	0.788315
105	114	0.000001
105	115	0.000415
105	122	0.000003
105	630	0.000050
105	663	0.000011
105	829	0.000002
105	835	0.000406
106	121	0.000001
106	834	0.000405
107	113	0.000538
107	114	0.000105
107	122	0.000019
107	628	0.000006
107	638	0.000020
107	827	0.000001
107	833	0.000397
108	112	0.000356
108	121	0.000010
108	627	0.000004
108	826	0.000001
109	121	0.000324
109	834	0.000001
110	114	0.000002
110	120	0.000368
110	636	0.002329
110	827	0.000003
110	833	0.000002
111	119	0.000386
111	635	0.002356
111	638	0.000002
111	827	0.000031
111	833	0.000003
112	118	0.000411
112	130	0.000001
112	634	0.002356
112	637	0.000002
112	827	0.000001
112	829	0.000006
112	833	0.000002
113	117	0.000403
113	129	0.000001
113	633	0.002352
113	819	0.000004
113	825	0.000116
113	828	0.000006
113	830	0.000001
113	831	0.000125
113	832	0.000029
113	837	0.000009
114	632	0.001187
114	633	0.000026
114	818	0.000005
114	824	0.000116
114	830	0.000126
114	831	0.000027
114	832	0.000002
114	836	0.000009
115	121	0.000003
115	666	0.000001
115	817	0.000004
115	823	0.000108
115	826	0.000002
115	834	0.000005
116	120	0.000004
116	126	0.000074
116	630	0.000008
116	635	0.006671
116	636	0.079734
116	638	0.000114
116	663	0.000002
116	833	0.000005
117	125	0.000075
117	628	0.000007
117	635	0.080660
117	636	0.001037
117	638	0.000018
117	663	0.000002
117	667	0.000017
117	827	0.000157
117	833	0.000005
118	124	0.000075
118	627	0.000007
118	666	0.000056
118	814	0.000005
118	822	0.000105
118	826	0.000158
119	123	0.000072
119	626	0.000006
119	631	0.000016
119	632	0.955702
119	633	0.015522
119	665	0.000059
119	683	0.000004
119	813	0.000005
119	820	0.000001
119	821	0.000117
119	825	0.000158
119	831	0.000090
120	629	0.000001
120	631	0.966028
120	632	0.011010
120	633	0.000025
120	664	0.000059
120	682	0.000004
120	812	0.000005
120	819	0.000001
120	820	0.000117
120	824	0.000158
120	830	0.000099
121	130	0.000005
121	624	0.000004
121	628	0.000001
121	630	0.969884
121	637	0.000038
121	663	0.000058
121	681	0.000004
121	811	0.000005
121	829	0.000105
122	129	0.000015
122	626	0.000014
122	629	0.971065
122	631	0.006837
122	632	0.000014
122	633	0.000003
122	662	0.000053
122	680	0.000005
122	810	0.000004
122	818	0.000012
122	819	0.000096
122	820	0.000002
122	821	0.000006
122	822	0.000014
122	828	0.000131
123	128	0.000015
123	625	0.000015
123	628	0.957650
123	630	0.006699
123	635	0.000416
123	636	0.000001
123	679	0.000004
123	827	0.000130
124	130	0.000002
124	621	0.000002
124	624	0.000016
124	625	0.000003
124	628	0.015154
124	630	0.000212
124	634	0.000430
125	129	0.000002
125	620	0.000002
125	626	0.007773
125	627	0.832499
125	629	0.003308
125	632	0.000106
125	633	0.000459
125	678	0.000004
125	809	0.000005
125	816	0.000137
125	819	0.000143
125	824	0.000003
125	825	0.000126
125	831	0.000002
126	619	0.000002
126	622	0.000006
126	626	0.949177
126	627	0.000022
126	629	0.000083
126	631	0.000175
126	632	0.000461
126	633	0.000003
126	677	0.000004
126	808	0.000006
126	815	0.000137
126	818	0.000143
126	823	0.000003
126	824	0.000127
126	830	0.000002
127	622	0.000021
127	627	0.014436
127	807	0.000006
127	814	0.000136
127	817	0.000143
127	822	0.000007
127	823	0.000118
128	618	0.000002
128	622	0.000057
128	626	0.014965
128	627	0.000001
128	629	0.004809
128	631	0.000045
128	632	0.000001
128	668	0.000002
128	676	0.000005
128	696	0.000006
128	806	0.000006
128	813	0.000132
128	816	0.000139
128	821	0.000010
128	822	0.000068
128	828	0.000002
129	617	0.000002
129	623	0.968098
129	625	0.014418
129	628	0.004816
129	630	0.000043
129	667	0.000002
129	675	0.000005
129	695	0.000006
129	805	0.000006
129	827	0.000002
130	616	0.000002
130	622	0.958258
130	627	0.004740
130	666	0.000001
130	694	0.000005
130	804	0.000005
130	814	0.000011
130	826	0.000002
131	615	0.000002
131	619	0.000002
131	620	0.995358
131	622	0.000007
131	626	0.001165
131	693	0.000001
131	803	0.000001
131	813	0.000005
131	825	0.000001
132	614	0.000002
132	618	0.000001
132	619	0.999910
132	620	0.000059
132	812	0.000002
133	613	0.000002
133	618	0.999957
133	619	0.000030
134	617	0.999934
135	615	0.000141
135	616	0.998335
136	614	0.000144
136	615	0.999828
137	611	0.000002
137	613	0.000147
137	614	0.999837
138	611	0.000189
138	613	0.999783
139	609	0.000414
139	610	0.000255
139	612	0.998744
140	608	0.001939
140	611	0.995173
142	607	0.982147
142	608	0.014479
143	606	0.999947
143	609	0.000002
144	605	0.999509
145	604	0.999981
146	603	0.999991
147	602	0.999977
148	601	0.999511
149	600	0.999970
150	596	0.000003
150	598	0.000003
150	599	0.999028
151	595	0.000033
151	597	0.000003
151	598	0.998830
152	594	0.000038
152	596	0.000006
152	597	0.999911
153	593	0.000039
153	594	0.000008
153	596	0.997014
153	597	0.000012
154	592	0.000021
155	592	0.000016
156	592	0.000484
157	592	0.988913
158	591	0.999943
159	590	0.999976
160	589	0.999698
161	588	0.999939
162	586	0.000326
162	587	0.999619
163	214	0.000001
163	585	0.000651
163	586	0.999313
163	587	0.000011
164	213	0.000043
164	214	0.000055
164	221	0.000014
164	227	0.000004
164	443	0.000017
164	584	0.000975
164	585	0.998776
164	586	0.000023
165	175	0.000001
165	212	0.000087
165	213	0.001802
165	214	0.000160
165	220	0.000040
165	221	0.000008
165	224	0.000098
165	226	0.002379
165	442	0.000023
165	443	0.000006
165	583	0.001176
165	584	0.983693
165	585	0.000034
166	174	0.000002
166	210	0.000001
166	211	0.000011
166	215	0.002279
166	216	0.001358
166	217	0.000519
166	218	0.000194
166	219	0.000257
166	222	0.000197
166	223	0.000124
166	225	0.021824
166	441	0.000020
167	175	0.001105
167	209	0.000002
167	212	0.257313
167	213	0.384501
167	214	0.001573
167	220	0.000247
167	221	0.000299
167	224	0.028049
167	226	0.000068
167	230	0.000003
167	437	0.000002
167	442	0.000106
167	443	0.000092
167	582	0.000098
167	583	0.019397
167	584	0.000019
168	174	0.001116
168	208	0.000002
168	211	0.006449
168	215	0.000310
168	216	0.000249
168	217	0.000268
168	218	0.000044
168	219	0.000326
168	222	0.000080
168	223	0.027552
168	225	0.000074
168	229	0.000002
168	441	0.000072
169	173	0.001100
169	210	0.003276
169	211	0.971727
169	215	0.000101
169	218	0.000116
169	222	0.010985
169	440	0.000025
170	206	0.000001
170	210	0.994471
170	211	0.000035
170	215	0.000003
170	218	0.000004
170	222	0.000011
170	438	0.000009
171	175	0.000002
171	209	0.997849
171	212	0.000026
171	214	0.000002
171	220	0.000040
171	221	0.000017
171	224	0.000003
171	226	0.000003
171	230	0.000001
171	436	0.000004
171	437	0.000006
172	205	0.000003
172	206	0.000015
172	207	0.000503
172	208	0.987296
172	210	0.000010
172	211	0.000025
172	219	0.000042
172	223	0.000002
172	225	0.000003
172	229	0.000001
172	435	0.000007
173	209	0.000016
173	212	0.000001
173	221	0.000011
173	224	0.000003
173	228	0.000001
173	434	0.000007
174	220	0.000010
174	433	0.000006
175	204	0.002909
175	206	0.241228
175	210	0.000001
175	211	0.000001
175	215	0.000002
175	218	0.000003
175	431	0.000001
176	203	0.002192
176	204	0.994790
176	206	0.000006
177	202	0.001466
177	203	0.997770
177	204	0.000019
178	201	0.000739
178	202	0.998511
178	203	0.000013
179	199	0.000001
179	201	0.999231
179	202	0.000007
180	200	0.999463
181	198	0.000001
181	199	0.998119
182	198	0.998841
183	197	0.999964
184	196	0.999509
185	193	0.000002
185	195	0.999972
186	192	0.000006
186	194	0.999917
187	191	0.000024
187	193	0.991644
187	195	0.000007
188	192	0.980165
188	194	0.000008
189	193	0.000009
205	214	0.000211
205	226	0.000010
206	212	0.000007
206	213	0.000224
206	221	0.000332
206	224	0.000029
206	227	0.000001
206	228	0.000002
206	236	0.000001
207	214	0.000002
207	220	0.000326
207	226	0.000003
207	227	0.000002
208	226	0.000003
208	439	0.000007
209	215	0.000013
209	218	0.000357
209	222	0.000694
209	438	0.000008
209	444	0.000007
210	214	0.000005
210	221	0.000785
210	224	0.000020
210	226	0.000001
210	437	0.000008
210	443	0.000046
211	220	0.000717
211	221	0.000078
211	224	0.000229
211	226	0.000004
211	230	0.000003
211	232	0.000002
211	436	0.000007
211	442	0.000047
211	443	0.000002
212	218	0.003046
212	222	0.001379
212	231	0.000013
212	440	0.000002
212	445	0.000002
212	446	0.000015
213	218	0.008468
213	222	0.024259
213	231	0.000007
213	428	0.000001
213	438	0.000002
213	440	0.000004
213	444	0.000004
213	445	0.000016
214	218	0.000338
214	219	0.004564
214	222	0.200661
214	223	0.005056
214	225	0.078904
214	229	0.007539
214	435	0.000006
214	438	0.000002
214	441	0.000002
214	444	0.000017
215	220	0.000337
215	221	0.315765
215	224	0.097040
215	226	0.000048
215	227	0.000343
215	228	0.012870
215	230	0.000006
215	434	0.000008
215	437	0.000004
215	442	0.000148
215	443	0.000153
215	583	0.000016
215	584	0.000001
216	220	0.239256
216	226	0.000692
216	227	0.014570
216	238	0.000001
216	433	0.000007
217	226	0.017093
217	227	0.000084
218	224	0.014480
218	226	0.000179
218	227	0.003424
218	228	0.000543
218	230	0.000002
218	236	0.000551
218	434	0.000007
218	442	0.000339
218	443	0.000185
218	583	0.000021
218	584	0.000002
219	226	0.006140
219	227	0.000705
219	235	0.000553
219	433	0.000007
220	225	0.005338
220	234	0.000553
220	432	0.000007
220	441	0.000026
220	445	0.000006
220	447	0.000001
221	233	0.000551
221	431	0.000007
221	438	0.000003
221	440	0.000024
221	444	0.000590
221	445	0.000001
221	446	0.000002
222	226	0.000210
222	227	0.000111
222	228	0.000150
222	230	0.000005
222	232	0.000206
222	236	0.000005
222	437	0.000003
222	439	0.000011
222	442	0.002914
222	443	0.003630
222	583	0.000030
222	584	0.000003
223	227	0.000163
223	232	0.000323
223	235	0.000005
223	439	0.000004
224	231	0.000493
224	233	0.000006
224	428	0.000001
224	438	0.000005
224	440	0.000084
224	444	0.000920
224	445	0.000003
225	232	0.000006
225	439	0.000081
226	231	0.000005
226	438	0.000070
226	440	0.000002
226	441	0.001617
226	444	0.000007
227	438	0.000003
227	440	0.000064
227	441	0.837556
228	438	0.000007
228	440	0.984527
229	439	0.988530
230	438	0.989552
230	440	0.000048
231	436	0.501396
231	437	0.496839
231	439	0.000003
232	435	0.993850
233	434	0.999342
233	436	0.000016
234	433	0.998830
235	429	0.000186
235	430	0.000002
235	431	0.000009
235	432	0.998293
236	428	0.000239
236	431	0.996280
237	409	0.573052
237	410	0.000251
238	407	0.000004
238	408	0.925846
238	427	0.000018
238	428	0.000065
238	429	0.002965
238	430	0.000542
239	406	0.000008
239	407	0.997590
239	428	0.001802
240	405	0.000007
240	406	0.998978
240	407	0.000982
241	404	0.000006
241	405	0.998982
241	406	0.000991
241	407	0.000003
242	404	0.998942
242	405	0.000995
242	406	0.000003
243	402	0.000014
243	403	0.990423
243	404	0.000948
243	405	0.000003
245	402	0.898375
246	399	0.000014
246	401	0.898376
247	399	0.991400
248	398	0.999931
248	399	0.000020
249	397	0.999975
249	398	0.000014
250	392	0.000013
250	396	0.999971
250	397	0.000007
251	391	0.000024
251	394	0.000005
251	395	0.999960
252	390	0.000037
252	391	0.001189
252	394	0.998739
253	390	0.004862
253	391	0.000084
253	393	0.992609
253	394	0.000001
254	387	0.000014
254	388	0.105312
254	389	0.016526
254	392	0.876084
255	384	0.000012
255	387	0.969639
255	388	0.011871
256	383	0.000013
256	386	0.998824
256	387	0.000294
256	388	0.000013
256	389	0.000320
257	382	0.000011
257	385	0.998931
257	390	0.000019
257	391	0.000001
258	383	0.000398
258	384	0.998433
258	386	0.000003
258	387	0.000065
258	389	0.000018
259	383	0.998922
259	384	0.000001
259	386	0.000067
259	388	0.000014
259	389	0.000001
260	381	0.999029
261	380	0.999934
262	379	0.999493
263	378	0.999486
264	377	0.999901
265	376	0.987414
266	374	0.146819
266	376	0.000045
267	376	0.000040
268	371	0.925034
268	372	0.010413
268	373	0.005395
268	375	0.000051
269	369	0.000109
269	370	0.999503
269	374	0.000014
270	368	0.000118
270	369	0.999800
270	370	0.000069
271	367	0.000125
271	368	0.999797
271	369	0.000064
272	367	0.999594
272	368	0.000058
273	363	0.000002
273	365	0.998903
274	362	0.000001
274	364	0.996494
275	364	0.000172
276	362	0.995677
276	364	0.000003
277	358	0.000002
277	360	0.000001
277	361	0.998089
277	363	0.000003
278	357	0.000003
278	360	0.998404
278	361	0.000234
278	363	0.000008
279	356	0.000003
279	359	0.976086
279	362	0.000007
280	288	0.000001
280	355	0.000002
281	287	0.000001
281	356	0.001401
281	359	0.011295
282	355	0.001129
283	355	0.000009
284	355	0.000012
284	356	0.997678
285	352	0.000168
285	355	0.998207
286	351	0.000153
286	353	0.000004
286	354	0.999081
287	350	0.000130
287	351	0.000010
287	353	0.998194
288	350	0.000010
288	351	0.000683
288	353	0.000013
289	350	0.000102
289	351	0.721085
289	354	0.000006
290	350	0.993170
290	351	0.000648
290	353	0.000007
291	349	0.970807
291	352	0.000007
292	349	0.004125
293	347	0.992218
293	348	0.004892
293	349	0.000674
294	346	0.996190
294	347	0.002477
294	348	0.000994
294	349	0.000003
295	345	0.997996
296	344	0.998184
296	346	0.000026
296	347	0.001300
296	348	0.000003
297	302	0.000001
297	304	0.000001
297	341	0.000020
297	344	0.000078
297	346	0.001508
297	347	0.000002
298	340	0.000020
298	342	0.989079
298	343	0.000073
298	345	0.001532
299	339	0.000020
299	341	0.997923
299	344	0.001533
299	346	0.000004
300	340	0.996338
300	343	0.001344
300	345	0.000003
301	339	0.973406
302	306	0.000001
302	342	0.000140
302	343	0.000213
303	342	0.000222
303	343	0.000176
304	342	0.000185
304	343	0.000065
305	342	0.000067
306	338	0.997937
306	339	0.000016
306	341	0.000040
307	337	0.999440
307	340	0.000022
308	336	0.999973
308	339	0.000002
309	335	0.999958
309	338	0.000002
310	334	0.983005
312	331	0.000001
312	332	0.994313
312	333	0.000931
313	331	0.999385
314	330	0.999490
315	329	0.999963
316	328	0.999575
317	326	0.000011
317	327	0.999915
318	326	0.998639
318	327	0.000036
318	329	0.000002
319	328	0.000005
320	326	0.000214
320	327	0.000008
321	325	0.000664
321	326	0.000010
386	391	0.000003
387	391	0.000002
409	426	0.000151
409	427	0.309550
409	428	0.000362
409	429	0.000262
409	430	0.000105
410	426	0.898486
410	427	0.001419
410	428	0.000186
410	429	0.000073
410	430	0.000025
411	425	0.999765
412	424	0.999988
413	420	0.000001
413	423	0.999954
414	419	0.000006
414	422	0.999711
415	420	0.000569
415	421	0.990258
416	422	0.000017
417	421	0.000023
428	434	0.000038
428	436	0.000001
428	437	0.000010
428	442	0.000001
428	443	0.000003
429	433	0.000029
430	439	0.000002
431	436	0.000002
431	437	0.000008
431	442	0.000039
431	443	0.000144
432	439	0.000004
433	438	0.000003
433	441	0.000296
434	440	0.000324
435	439	0.000213
436	440	0.000001
436	445	0.000005
437	444	0.000062
438	442	0.000034
438	443	0.000295
438	583	0.000002
440	583	0.000007
444	581	0.000005
444	582	0.156485
444	583	0.837152
444	584	0.000129
445	580	0.000003
445	581	0.157684
445	582	0.842053
445	583	0.000138
446	579	0.000001
446	580	0.157747
446	581	0.841812
446	582	0.000100
447	579	0.189749
447	580	0.784895
448	577	0.000001
448	578	0.216130
449	576	0.000001
449	577	0.210390
449	578	0.781964
450	576	0.204423
450	577	0.789578
451	574	0.000047
451	576	0.794145
452	572	0.000018
452	573	0.000045
452	575	0.999363
453	570	0.000005
453	571	0.000019
453	574	0.999487
454	569	0.000006
454	572	0.000056
454	573	0.999870
455	569	0.000035
455	572	0.999050
455	573	0.000001
458	567	0.934803
458	568	0.001432
458	570	0.002964
458	571	0.000030
459	566	0.996045
459	569	0.002448
460	565	0.996392
460	566	0.000106
460	569	0.000011
461	563	0.000083
461	564	0.987613
462	562	0.000131
463	561	0.000034
463	562	0.000237
464	563	0.971781
464	564	0.000009
465	561	0.000019
465	562	0.993697
466	561	0.998506
466	562	0.000002
467	560	0.999952
468	559	0.999412
469	556	0.000033
469	557	0.004507
469	558	0.994020
470	554	0.000409
470	556	0.016215
470	557	0.975349
472	552	0.000050
472	553	0.943563
472	554	0.002837
472	556	0.000397
472	557	0.000010
473	550	0.000093
473	552	0.996333
473	554	0.000267
473	556	0.000183
474	549	0.000036
474	551	0.988214
474	555	0.000189
475	549	0.993086
476	548	0.999542
476	550	0.000123
476	552	0.000001
477	547	0.998059
477	549	0.000041
478	546	0.999378
478	547	0.000004
479	545	0.999980
480	544	0.999962
481	539	0.000368
481	543	0.999587
482	538	0.000438
482	541	0.000543
482	542	0.998780
483	537	0.000518
483	538	0.130823
483	541	0.866457
483	542	0.000022
484	489	0.000003
484	533	0.000001
484	534	0.000004
484	537	0.535426
484	538	0.008342
484	541	0.000038
485	535	0.007814
485	536	0.565374
485	539	0.195678
485	540	0.000529
486	532	0.000002
486	540	0.000195
487	533	0.000031
487	534	0.694855
487	537	0.012089
487	538	0.011827
488	533	0.725146
488	537	0.011019
488	538	0.000113
489	532	0.363845
489	540	0.000002
490	532	0.624414
491	529	0.000010
491	530	0.013106
491	531	0.986521
491	533	0.000029
492	528	0.000010
492	529	0.013164
492	530	0.986692
492	531	0.000089
493	528	0.013169
493	529	0.986666
493	530	0.000093
494	528	0.985468
494	529	0.000096
495	523	0.000011
495	524	0.684751
495	527	0.313298
496	523	0.983755
497	522	0.997187
497	525	0.000725
497	526	0.000066
498	508	0.000001
498	520	0.000011
498	521	0.999454
498	524	0.000494
499	507	0.000001
499	520	0.999333
499	521	0.000004
499	523	0.000392
500	506	0.000001
500	518	0.983558
501	517	0.980814
502	517	0.015899
503	515	0.983316
503	516	0.016271
504	514	0.984066
504	515	0.015901
505	513	0.983207
505	514	0.015348
506	510	0.000026
506	511	0.000263
506	512	0.969274
507	514	0.000062
508	513	0.000068
508	514	0.000001
514	521	0.000001
515	520	0.000001
527	537	0.000017
527	538	0.000002
528	536	0.000017
529	535	0.000017
529	536	0.000003
530	535	0.000003
531	539	0.000003
532	538	0.000004
533	539	0.000043
533	540	0.000004
534	540	0.000005
536	541	0.000003
550	555	0.000003
551	556	0.000005
609	619	0.000001
610	618	0.000001
611	617	0.000001
620	625	0.000007
621	627	0.000003
621	704	0.000014
622	628	0.000002
622	630	0.000055
622	634	0.000029
622	684	0.000001
622	703	0.000017
622	737	0.000001
623	627	0.000001
623	629	0.000118
623	631	0.000015
623	632	0.000420
623	633	0.000096
623	676	0.000025
623	677	0.000003
623	678	0.000001
623	683	0.000002
623	702	0.000017
623	736	0.000002
624	682	0.000002
624	701	0.000015
624	735	0.000001
625	629	0.000028
625	631	0.003351
625	632	0.000042
625	633	0.000001
625	668	0.000002
625	674	0.001498
625	680	0.000001
626	630	0.003322
626	635	0.000008
626	638	0.000010
626	667	0.000001
626	673	0.001595
626	679	0.000001
627	634	0.000011
627	637	0.000010
627	672	0.001596
628	632	0.000027
628	633	0.000021
628	664	0.000004
628	668	0.000025
628	670	0.000345
628	671	0.001551
628	676	0.000001
629	635	0.000010
629	663	0.000004
629	667	0.000022
629	669	0.000398
629	675	0.000001
630	662	0.000004
630	666	0.000005
630	668	0.000513
630	670	0.001597
630	674	0.000001
631	636	0.000002
631	667	0.000411
631	669	0.001593
631	673	0.000001
632	638	0.000001
632	667	0.000053
632	669	0.000006
633	638	0.000609
633	640	0.000001
633	663	0.000009
633	667	0.258775
634	666	0.822320
635	658	0.000001
635	662	0.000086
635	664	0.000600
635	665	0.885257
635	666	0.000387
635	668	0.000002
636	657	0.000001
636	661	0.000040
636	662	0.000184
636	664	0.886999
636	665	0.000479
636	666	0.000003
637	656	0.000001
637	666	0.001432
638	661	0.000006
638	662	0.908537
638	664	0.001094
638	665	0.001506
639	666	0.000003
640	653	0.000002
640	661	0.998679
640	662	0.000413
640	664	0.000013
641	652	0.000002
641	660	0.999929
641	663	0.000011
642	651	0.000002
642	659	0.999952
642	662	0.000004
643	650	0.000002
643	658	0.999986
643	661	0.000002
644	657	0.999983
645	656	0.999498
646	655	0.999190
647	653	0.000037
647	654	0.999888
648	653	0.990947
648	654	0.000013
675	693	0.000002
675	696	0.000259
676	695	0.000259
677	691	0.000003
678	687	0.000003
678	689	0.000008
678	691	0.000335
679	683	0.000014
679	686	0.000085
679	688	0.000107
679	690	0.000470
679	693	0.000005
679	696	0.003957
679	702	0.000002
679	705	0.000010
679	706	0.000028
679	730	0.000003
679	746	0.000033
679	786	0.000002
679	806	0.000001
680	687	0.000120
680	689	0.000497
680	691	0.000023
680	695	0.003973
680	729	0.000003
680	745	0.000033
680	785	0.000003
680	805	0.000001
681	688	0.001227
681	690	0.000073
681	694	0.003926
681	699	0.000097
681	701	0.000603
681	704	0.005935
681	707	0.000077
681	727	0.000001
681	733	0.000015
681	735	0.000003
681	744	0.000033
681	786	0.000026
681	788	0.000008
681	789	0.000010
681	790	0.000041
681	795	0.000001
681	804	0.000002
681	806	0.000003
681	807	0.000004
681	809	0.000010
681	810	0.000044
681	814	0.000001
682	687	0.001125
682	689	0.000063
682	691	0.000002
682	692	0.006382
682	697	0.000004
682	700	0.000621
682	703	0.006268
682	708	0.000013
682	709	0.000009
682	710	0.000003
682	711	0.001551
682	726	0.000001
682	731	0.000003
682	732	0.000016
682	737	0.000003
682	743	0.000033
682	785	0.000024
682	792	0.000576
682	793	0.000001
682	805	0.000002
682	811	0.000007
682	851	0.000001
683	687	0.000018
683	689	0.000269
683	691	0.006924
683	695	0.000054
683	710	0.001849
683	725	0.000001
683	729	0.000001
683	742	0.000033
683	785	0.000060
683	791	0.000697
683	805	0.000038
683	850	0.000001
684	688	0.000213
684	690	0.006054
684	694	0.000049
684	699	0.000755
684	701	0.004409
684	704	0.000173
684	707	0.000080
684	733	0.000003
684	735	0.000005
684	741	0.000032
684	753	0.000003
684	786	0.000008
684	788	0.000023
684	789	0.000024
684	790	0.000694
684	796	0.000002
684	797	0.000002
684	798	0.000002
684	804	0.000033
684	807	0.000384
684	809	0.000013
684	810	0.000060
684	814	0.000002
684	849	0.000001
685	690	0.000020
685	694	0.000008
685	699	0.012493
685	701	0.001009
685	704	0.000112
685	707	0.000565
685	733	0.000002
685	735	0.000003
685	752	0.000009
685	753	0.000002
685	786	0.002650
685	788	0.000018
685	789	0.000388
685	790	0.000017
685	795	0.000002
685	796	0.000003
685	797	0.000001
685	804	0.000001
685	806	0.000482
685	809	0.000052
685	810	0.000014
685	814	0.000003
685	834	0.000003
686	691	0.000070
686	695	0.000189
686	710	0.000101
686	713	0.000013
686	729	0.000004
686	750	0.000010
686	782	0.000002
686	785	0.002981
686	791	0.000006
686	805	0.000493
686	833	0.000003
687	693	0.000261
687	694	0.000113
687	696	0.001815
687	698	0.867592
687	699	0.000844
687	701	0.005514
687	702	0.002370
687	704	0.001356
687	705	0.002785
687	706	0.024278
687	707	0.000103
687	712	0.000029
687	720	0.000002
687	730	0.000010
687	733	0.000006
687	734	0.000007
687	736	0.000010
687	738	0.000738
687	749	0.000011
687	751	0.000668
687	783	0.000012
687	784	0.001931
687	787	0.000014
687	789	0.000001
687	790	0.000005
687	794	0.000014
687	803	0.000064
687	804	0.000073
687	812	0.000265
687	813	0.000183
687	814	0.000001
687	832	0.000003
687	836	0.000004
688	692	0.000214
688	695	0.001751
688	697	0.870414
688	700	0.006254
688	703	0.001551
688	708	0.000079
688	709	0.000011
688	710	0.000002
688	711	0.000030
688	729	0.000005
688	731	0.000098
688	732	0.000005
688	737	0.001193
688	748	0.000011
688	750	0.000669
688	782	0.000002
688	785	0.000004
688	793	0.000014
688	802	0.000063
688	811	0.000254
688	835	0.000004
689	693	0.000031
689	694	0.000539
689	696	0.871191
689	698	0.061380
689	699	0.000335
689	701	0.000080
689	702	0.001469
689	704	0.042315
689	705	0.001094
689	706	0.000261
689	707	0.000073
689	712	0.000002
689	717	0.000004
689	728	0.000002
689	730	0.000122
689	736	0.001337
689	738	0.000026
689	747	0.000010
689	749	0.000670
689	751	0.000039
689	783	0.000073
689	784	0.000004
689	788	0.000009
689	789	0.000018
689	790	0.000005
689	803	0.000037
689	808	0.000001
689	809	0.000001
689	810	0.000130
689	812	0.000306
689	813	0.000002
689	830	0.000003
689	834	0.000004
690	695	0.800969
690	697	0.061981
690	700	0.000250
690	703	0.047179
690	708	0.000003
690	709	0.000014
690	711	0.000002
690	729	0.000121
690	731	0.000002
690	737	0.000053
690	748	0.000669
690	750	0.000039
690	782	0.000006
690	785	0.000001
690	802	0.000036
690	811	0.000306
690	829	0.000003
690	833	0.000003
691	696	0.061559
691	698	0.000186
691	699	0.000225
691	701	0.000002
691	702	0.048026
691	705	0.000499
691	706	0.000062
691	707	0.000002
691	716	0.000012
691	728	0.000120
691	730	0.000002
691	734	0.001414
691	736	0.000062
691	747	0.000661
691	749	0.000039
691	783	0.000001
691	784	0.000002
691	787	0.000959
691	799	0.000030
691	807	0.000058
691	808	0.000056
691	810	0.000295
691	828	0.000003
691	832	0.000004
692	699	0.000444
692	701	0.046269
692	704	0.000487
692	707	0.000002
692	715	0.000012
692	727	0.000105
692	733	0.001382
692	735	0.000060
692	786	0.000963
692	798	0.000028
692	806	0.000078
692	807	0.000039
692	809	0.000257
693	710	0.000077
693	714	0.000012
693	725	0.000052
693	748	0.000037
693	785	0.000961
693	805	0.000094
694	700	0.001854
694	703	0.000860
694	708	0.000006
694	709	0.000079
694	713	0.000012
694	724	0.000052
694	731	0.001473
694	732	0.000001
694	737	0.000003
694	785	0.000001
694	829	0.000005
695	699	0.001338
695	701	0.000010
695	702	0.000946
695	704	0.000004
695	705	0.000008
695	706	0.000017
695	707	0.000006
695	712	0.000012
695	723	0.000051
695	730	0.001514
695	736	0.000004
695	746	0.000721
695	783	0.000507
695	784	0.000015
695	786	0.000006
695	787	0.000003
695	794	0.000001
695	797	0.000001
695	799	0.000002
695	803	0.000023
695	806	0.000151
695	828	0.000006
696	710	0.000011
696	729	0.001431
696	745	0.000722
696	782	0.000399
696	785	0.000007
696	791	0.000002
696	805	0.000154
696	827	0.000006
697	701	0.000025
697	704	0.000019
697	707	0.000004
697	715	0.000005
697	721	0.000004
697	722	0.000005
697	727	0.000011
697	744	0.000721
697	786	0.000011
697	790	0.000002
697	800	0.000001
697	804	0.000134
697	806	0.000002
697	826	0.000005
698	710	0.000219
698	714	0.000007
698	743	0.000721
698	785	0.000012
698	805	0.000002
699	703	0.000424
699	708	0.010157
699	709	0.000378
699	710	0.000072
699	711	0.000043
699	713	0.000008
699	729	0.000006
699	731	0.000028
699	732	0.000013
699	737	0.000003
699	742	0.000708
699	785	0.000004
699	791	0.000007
699	792	0.000003
699	793	0.000038
699	801	0.000032
699	802	0.000010
699	805	0.000002
699	811	0.000086
700	704	0.000257
700	707	0.010714
700	715	0.000006
700	718	0.000002
700	719	0.000002
700	727	0.000031
700	733	0.000014
700	735	0.000002
700	741	0.000606
700	786	0.000020
700	788	0.000003
700	789	0.000012
700	790	0.000082
700	795	0.000016
700	796	0.000065
700	797	0.000054
700	798	0.000021
700	800	0.000032
700	804	0.000003
700	806	0.000002
700	807	0.000003
700	809	0.000007
700	810	0.000088
700	814	0.000001
701	708	0.000524
701	709	0.000153
701	710	0.000067
701	711	0.019365
701	714	0.000008
701	726	0.000023
701	729	0.000096
701	731	0.000027
701	732	0.000014
701	737	0.000009
701	785	0.000018
701	792	0.004885
701	793	0.000020
701	805	0.000001
701	811	0.000005
702	710	0.023206
702	713	0.000024
702	725	0.000020
702	729	0.000255
702	742	0.000003
702	785	0.000053
702	791	0.005899
702	805	0.000034
703	707	0.000435
703	715	0.000004
703	727	0.002809
703	733	0.000027
703	735	0.000014
703	741	0.000004
703	786	0.000022
703	788	0.000005
703	789	0.000036
703	790	0.006156
703	795	0.000028
703	796	0.000019
703	797	0.000011
703	798	0.000005
703	800	0.000001
703	804	0.000032
703	806	0.000002
703	809	0.000008
703	810	0.000011
703	814	0.000002
704	708	0.000562
704	709	0.000614
704	710	0.000048
704	711	0.016443
704	714	0.000003
704	726	0.003266
704	731	0.000012
704	732	0.000028
704	737	0.000104
704	785	0.000021
704	791	0.000009
704	792	0.008054
704	793	0.000167
704	805	0.000002
704	811	0.000005
705	710	0.019620
705	713	0.000004
705	714	0.000077
705	725	0.003340
705	785	0.000028
705	791	0.009591
705	805	0.000002
706	710	0.000917
706	713	0.000082
706	724	0.003334
706	729	0.000001
706	785	0.000072
706	791	0.012624
706	805	0.000003
707	711	0.000051
707	731	0.000135
707	732	0.000177
707	737	0.004371
707	785	0.000004
707	791	0.000388
707	792	0.000023
707	793	0.000006
707	801	0.000006
707	802	0.000003
707	805	0.000001
707	811	0.002123
708	719	0.000016
708	722	0.002964
708	733	0.000318
708	735	0.000188
708	786	0.000004
708	788	0.000225
708	789	0.423892
708	790	0.003107
708	796	0.000011
708	798	0.000003
708	800	0.000004
708	804	0.000001
708	809	0.000005
708	810	0.002418
708	814	0.000001
708	823	0.000002
709	718	0.000020
709	721	0.003319
709	733	0.000830
709	735	0.101327
709	786	0.000003
709	788	0.562004
709	789	0.001851
709	790	0.000092
709	795	0.000014
709	797	0.000003
709	800	0.000075
709	804	0.000008
709	809	0.002417
709	810	0.000012
709	814	0.000045
709	817	0.000005
709	822	0.000006
710	717	0.000020
710	720	0.003327
710	722	0.000001
710	723	0.000014
710	728	0.000004
710	730	0.117156
710	733	0.000213
710	734	0.113520
710	735	0.000008
710	736	0.006975
710	783	0.000026
710	784	0.000069
710	786	0.000002
710	787	0.582601
710	788	0.000054
710	789	0.000055
710	790	0.000006
710	794	0.000014
710	796	0.000003
710	797	0.000001
710	799	0.000081
710	803	0.000008
710	807	0.000006
710	808	0.002288
710	809	0.000008
710	810	0.000015
710	812	0.000016
710	813	0.000079
710	815	0.000004
710	816	0.000005
710	818	0.000004
710	821	0.000007
711	718	0.000014
711	719	0.003085
711	721	0.000001
711	722	0.000014
711	727	0.000003
711	733	0.111644
711	735	0.006938
711	786	0.581637
711	788	0.000046
711	789	0.000006
711	790	0.000002
711	795	0.000003
711	798	0.000070
711	806	0.000071
711	807	0.001813
711	809	0.000014
711	810	0.000002
711	814	0.000004
711	817	0.000003
712	724	0.000003
712	729	0.410736
712	785	0.576849
712	805	0.000130
713	717	0.000668
713	718	0.000043
713	719	0.000001
713	720	0.000017
713	721	0.000005
713	723	0.000005
713	727	0.000002
713	728	0.481145
713	730	0.000059
713	734	0.000005
713	736	0.000002
713	783	0.000070
713	784	0.514016
713	804	0.000057
713	813	0.000001
714	718	0.000005
714	719	0.000016
714	720	0.000018
714	722	0.000006
714	723	0.000047
714	727	0.513805
714	728	0.002566
714	730	0.000215
714	733	0.000004
714	734	0.000004
714	735	0.000001
714	736	0.000005
714	783	0.475084
714	784	0.000004
714	803	0.000055
714	812	0.000001
715	724	0.000012
715	725	0.000114
715	726	0.833133
715	729	0.000158
715	731	0.000090
715	732	0.000010
715	737	0.000003
715	782	0.041964
715	802	0.000040
716	724	0.000320
716	725	0.904078
716	729	0.000942
716	781	0.027284
716	782	0.000503
717	724	0.903082
717	725	0.000869
717	729	0.000238
717	780	0.025867
717	781	0.000281
717	782	0.000005
718	724	0.000831
718	725	0.000024
718	726	0.000575
718	729	0.000009
718	731	0.000013
718	732	0.000036
718	737	0.000006
718	763	0.000005
718	776	0.000007
718	779	0.021636
718	780	0.000048
719	724	0.000035
719	725	0.000657
719	726	0.005432
719	729	0.000001
719	731	0.000044
719	732	0.000003
719	737	0.000013
719	761	0.000002
719	762	0.000019
719	775	0.000016
719	776	0.012900
719	779	0.000046
720	724	0.000719
720	725	0.006047
720	729	0.000094
720	759	0.000001
720	760	0.000002
720	761	0.000021
720	774	0.000017
720	775	0.013775
720	780	0.000001
721	725	0.000004
721	726	0.000006
721	729	0.000003
721	731	0.000062
721	732	0.000191
721	737	0.000133
721	759	0.000002
721	760	0.000020
721	774	0.013235
721	775	0.000003
721	776	0.002347
721	779	0.000003
721	793	0.000005
722	726	0.000003
722	729	0.000006
722	731	0.000246
722	732	0.000021
722	737	0.002350
722	743	0.000001
722	759	0.000018
722	774	0.000008
722	775	0.002402
722	776	0.000057
722	779	0.000015
722	792	0.000006
723	729	0.000660
723	742	0.000004
723	748	0.000013
723	759	0.000001
723	772	0.013683
723	774	0.002396
723	775	0.000059
723	785	0.000004
723	791	0.000006
723	833	0.000002
724	728	0.000616
724	730	0.000869
724	733	0.000017
724	734	0.000210
724	735	0.043869
724	736	0.006284
724	738	0.000150
724	739	0.000329
724	740	0.000584
724	741	0.000011
724	747	0.000018
724	752	0.000001
724	754	0.000009
724	755	0.000211
724	770	0.000026
724	771	0.013660
724	773	0.002095
724	777	0.000006
724	778	0.003407
724	784	0.000004
724	788	0.000002
724	790	0.000004
724	795	0.000005
724	832	0.000002
725	730	0.000238
725	733	0.000115
725	734	0.057273
725	735	0.000248
725	736	0.002867
725	738	0.000330
725	739	0.000584
725	740	0.000014
725	746	0.000018
725	747	0.000002
725	751	0.000002
725	753	0.000012
725	754	0.000221
725	769	0.000044
725	770	0.013203
725	771	0.000229
725	773	0.000014
725	777	0.003403
725	778	0.000002
725	783	0.000004
725	787	0.000003
725	789	0.000004
725	794	0.000005
725	831	0.000002
726	733	0.056306
726	735	0.002894
726	744	0.000049
726	752	0.000015
726	753	0.000217
726	786	0.000003
726	788	0.000004
727	731	0.000243
727	732	0.047331
727	737	0.000171
727	743	0.000051
727	748	0.000002
727	768	0.000942
727	775	0.002588
727	776	0.000093
727	785	0.000002
727	792	0.000008
728	742	0.000057
728	743	0.000010
728	745	0.000075
728	748	0.000025
728	750	0.000268
728	766	0.000003
728	772	0.000142
728	774	0.003347
728	775	0.000053
728	785	0.000012
728	791	0.000010
729	733	0.000177
729	734	0.005277
729	735	0.000353
729	736	0.008746
729	738	0.000316
729	739	0.000005
729	740	0.000007
729	741	0.000035
729	744	0.000080
729	746	0.010337
729	747	0.000116
729	749	0.000306
729	751	0.000013
729	765	0.000001
729	767	0.002124
729	769	0.000002
729	771	0.000141
729	773	0.003391
729	783	0.000114
729	784	0.000032
729	786	0.000013
729	787	0.000007
729	789	0.000001
729	790	0.000012
729	794	0.000002
729	806	0.000003
729	812	0.000002
729	813	0.000001
729	828	0.000004
730	742	0.000037
730	743	0.000078
730	745	0.010414
730	748	0.000304
730	750	0.000013
730	766	0.002128
730	772	0.003357
730	774	0.000001
730	782	0.000063
730	785	0.000035
730	791	0.003960
730	805	0.000009
730	827	0.000004
731	735	0.000449
731	741	0.000039
731	744	0.005783
731	765	0.001980
731	786	0.000070
731	788	0.000208
731	789	0.001367
731	790	0.006530
731	796	0.000013
731	797	0.000002
731	798	0.000001
731	804	0.000008
731	807	0.000001
731	809	0.000003
731	810	0.000017
731	826	0.000004
732	741	0.000038
732	744	0.004825
732	765	0.000011
732	786	0.001045
732	788	0.001497
732	789	0.006639
732	790	0.000300
732	795	0.000016
732	796	0.000003
732	797	0.000001
732	806	0.000001
732	809	0.000015
732	810	0.000004
733	737	0.000271
733	742	0.000068
733	743	0.009288
733	745	0.000003
733	748	0.000001
733	761	0.000012
733	762	0.001156
733	763	0.000137
733	776	0.000005
733	785	0.001001
733	792	0.000015
733	793	0.000002
733	805	0.000001
733	811	0.000001
734	742	0.009458
734	743	0.000442
734	745	0.000011
734	748	0.000002
734	760	0.000013
734	761	0.001241
734	775	0.000005
734	782	0.000004
734	785	0.002135
734	791	0.000018
735	742	0.000312
735	743	0.000490
735	759	0.000012
735	760	0.001223
735	761	0.000010
735	762	0.000268
735	763	0.000043
735	774	0.000003
735	775	0.000001
735	776	0.000018
735	782	0.000002
735	785	0.003200
735	792	0.000350
735	811	0.000002
736	742	0.000680
736	743	0.000031
736	745	0.000569
736	759	0.001199
736	760	0.000020
736	761	0.000268
736	766	0.000002
736	774	0.000007
736	775	0.000023
736	782	0.000022
736	785	0.014567
736	791	0.000412
736	805	0.000005
737	741	0.000456
737	744	0.000583
737	756	0.000003
737	757	0.000065
737	765	0.000002
737	786	0.000221
737	788	0.000042
737	789	0.000021
737	790	0.000421
737	804	0.000004
737	809	0.000003
737	810	0.000003
738	742	0.000006
738	743	0.000581
738	745	0.000001
738	759	0.000014
738	760	0.000290
738	761	0.000446
738	772	0.000049
738	774	0.000034
738	775	0.000768
738	781	0.000121
738	782	0.946747
738	785	0.000070
739	743	0.000001
739	759	0.000288
739	760	0.000455
739	761	0.000023
739	772	0.000035
739	774	0.000785
739	775	0.000195
739	780	0.000064
739	781	0.971401
739	782	0.000014
740	745	0.000004
740	759	0.000455
740	760	0.000023
740	772	0.001179
740	774	0.000198
740	775	0.000004
740	780	0.973208
740	781	0.000008
741	750	0.000002
741	759	0.000023
741	772	0.000132
741	774	0.000004
741	779	0.975007
741	780	0.000002
742	747	0.000006
742	749	0.000003
742	751	0.000003
742	752	0.000802
742	753	0.000004
742	754	0.000056
742	755	0.001080
742	756	0.000038
742	757	0.000002
742	758	0.000024
742	765	0.000001
742	770	0.006628
742	771	0.000207
742	773	0.000001
742	778	0.978334
743	749	0.000003
743	751	0.000838
743	752	0.000003
743	753	0.000042
743	754	0.001080
743	755	0.000039
743	757	0.000019
743	764	0.000003
743	769	0.006915
743	770	0.000152
743	771	0.000001
743	773	0.000005
743	777	0.978320
743	778	0.000005
744	748	0.000003
744	750	0.000836
744	762	0.000001
744	763	0.000002
744	768	0.006970
744	772	0.000005
744	774	0.000046
744	775	0.000005
744	776	0.971900
745	749	0.000759
745	751	0.001135
745	752	0.000021
745	754	0.000006
745	755	0.000004
745	767	0.006911
745	769	0.000087
745	770	0.000005
745	771	0.000007
745	773	0.000240
745	777	0.000010
746	750	0.001122
746	760	0.000006
746	761	0.000004
746	766	0.006623
746	772	0.000237
746	774	0.004928
746	775	0.971031
747	759	0.000006
747	760	0.000004
747	761	0.000011
747	766	0.000264
747	772	0.003883
747	774	0.973033
747	775	0.000004
748	758	0.000006
748	764	0.002076
748	765	0.000495
748	767	0.012745
748	769	0.000344
748	770	0.000025
748	771	0.003242
748	773	0.973041
749	759	0.000015
749	761	0.000009
749	766	0.013062
749	772	0.971203
749	774	0.000007
750	754	0.000042
750	755	0.000154
750	756	0.000008
750	757	0.000012
750	758	0.000081
750	764	0.008176
750	765	0.013883
750	767	0.475436
750	769	0.000405
750	770	0.001472
750	771	0.479611
750	773	0.000016
751	759	0.000029
751	760	0.000106
751	761	0.000313
751	766	0.566643
751	772	0.000017
752	759	0.000096
752	760	0.000285
752	761	0.000056
752	762	0.013875
752	763	0.715924
752	766	0.000889
752	768	0.002765
753	759	0.000207
753	760	0.000081
753	761	0.014525
753	762	0.920073
753	763	0.001315
753	766	0.000062
753	768	0.001131
753	776	0.000015
754	759	0.000116
754	760	0.014976
754	761	0.930702
754	766	0.000117
754	775	0.000023
755	759	0.014890
755	760	0.929208
755	761	0.000102
755	766	0.001404
755	774	0.000023
755	775	0.000011
756	760	0.000091
756	761	0.000003
756	762	0.000020
756	763	0.000041
756	766	0.000038
756	768	0.000180
756	774	0.000013
756	776	0.000004
757	761	0.000017
757	762	0.000037
757	763	0.000019
757	766	0.000045
757	768	0.000037
757	775	0.000005
758	766	0.002020
758	772	0.001329
758	774	0.000006
759	764	0.000719
759	765	0.002032
759	767	0.000021
759	769	0.000032
759	770	0.035961
759	771	0.007377
759	773	0.000006
759	778	0.000022
760	764	0.001950
760	765	0.000005
760	767	0.000113
760	769	0.035999
760	770	0.008740
760	771	0.000127
760	777	0.000022
760	778	0.000020
761	765	0.000007
761	767	0.001608
761	769	0.008706
761	770	0.000163
761	771	0.000001
761	777	0.000020
764	774	0.000001
764	775	0.000183
765	774	0.000186
765	829	0.000003
765	835	0.000003
766	770	0.000431
766	771	0.000290
766	773	0.000223
766	828	0.000004
766	834	0.000004
766	871	0.000001
767	772	0.000225
767	827	0.000004
767	833	0.000004
768	826	0.000004
769	775	0.000009
769	867	0.000001
770	774	0.000009
770	775	0.000002
770	866	0.000001
771	827	0.000002
771	843	0.000002
771	850	0.000034
771	865	0.000001
772	786	0.000002
772	826	0.000003
772	828	0.000624
772	834	0.000002
772	842	0.000002
772	849	0.000033
773	785	0.000003
773	827	0.000625
773	833	0.000002
773	841	0.000002
774	784	0.000003
774	819	0.000002
774	825	0.000395
774	826	0.000263
774	832	0.000002
774	840	0.000002
774	847	0.000043
775	783	0.000003
775	818	0.000002
775	824	0.000406
775	825	0.000251
775	831	0.000002
775	839	0.000002
775	846	0.000046
776	817	0.000002
776	823	0.000391
776	845	0.000046
777	844	0.000046
778	827	0.000003
778	843	0.000046
779	814	0.000002
779	817	0.000002
779	822	0.000477
779	823	0.000002
779	826	0.000003
779	842	0.000043
780	813	0.000002
780	816	0.000002
780	817	0.000002
780	818	0.000001
780	819	0.000009
780	820	0.000148
780	821	0.000527
780	822	0.000001
780	825	0.000002
780	838	0.000001
780	839	0.000002
780	840	0.000019
781	812	0.000002
781	813	0.000002
781	815	0.000002
781	816	0.000004
781	818	0.000009
781	819	0.000152
781	820	0.000524
781	821	0.000001
781	824	0.000002
781	837	0.000001
781	838	0.000002
781	839	0.000019
781	840	0.000020
782	786	0.000002
782	787	0.000021
782	788	0.000003
782	789	0.000004
782	790	0.000002
782	806	0.000021
782	812	0.000004
782	813	0.000006
782	814	0.000002
782	815	0.000004
782	816	0.000002
782	817	0.000007
782	818	0.000156
782	819	0.000519
782	820	0.000001
782	823	0.000002
782	836	0.000001
782	837	0.000002
782	838	0.000019
782	839	0.000020
782	871	0.000088
783	791	0.000035
783	805	0.000165
783	870	0.000113
784	791	0.001506
784	805	0.000169
784	869	0.000113
785	789	0.000104
785	790	0.002305
785	794	0.001052
785	796	0.000002
785	797	0.000002
785	798	0.000001
785	799	0.000023
785	803	0.000817
785	804	0.000122
785	806	0.000005
785	807	0.000003
785	808	0.000032
785	809	0.000032
785	810	0.000017
785	812	0.041713
785	813	0.009677
785	814	0.000152
785	815	0.000293
785	816	0.000133
785	817	0.000001
785	818	0.000007
785	836	0.000010
785	868	0.000112
785	871	0.000001
786	791	0.000004
786	792	0.000236
786	793	0.000905
786	801	0.000001
786	802	0.000757
786	805	0.000005
786	811	0.039289
786	835	0.000008
786	867	0.000097
786	870	0.000001
787	791	0.000330
787	805	0.000054
787	833	0.000002
787	866	0.000092
787	869	0.000001
788	792	0.000005
788	793	0.000003
788	801	0.000066
788	802	0.000440
788	805	0.000004
788	811	0.040511
788	865	0.000076
789	793	0.000002
789	801	0.000470
789	802	0.000355
789	805	0.000001
789	811	0.002569
789	862	0.000003
789	863	0.000002
790	801	0.000560
790	802	0.000018
790	805	0.000002
790	811	0.000954
790	861	0.000004
790	862	0.000003
790	863	0.000002
791	795	0.000002
791	796	0.000011
791	797	0.000049
791	798	0.000102
791	799	0.006932
791	800	0.000287
791	803	0.000029
791	804	0.000003
791	806	0.000002
791	807	0.000031
791	808	0.942987
791	809	0.000049
791	810	0.000205
791	812	0.000020
791	813	0.000032
791	815	0.000002
791	818	0.000001
791	859	0.000003
791	860	0.000002
792	796	0.000045
792	797	0.000126
792	798	0.006814
792	800	0.000029
792	804	0.000016
792	806	0.000029
792	807	0.952220
792	809	0.000152
792	810	0.000032
792	814	0.000002
792	858	0.000001
792	860	0.000002
793	797	0.003971
793	798	0.000042
793	800	0.000063
793	804	0.000054
793	806	0.955709
793	807	0.000015
793	809	0.000027
793	810	0.000008
793	858	0.000009
793	864	0.000022
794	805	0.955997
794	857	0.000010
794	863	0.000022
795	801	0.001277
795	802	0.012930
795	805	0.000114
795	811	0.000011
795	856	0.000010
795	862	0.000021
796	801	0.016081
796	802	0.013767
796	805	0.000126
796	811	0.000010
796	855	0.000010
796	861	0.000019
797	801	0.010160
797	802	0.034689
797	805	0.000042
797	811	0.000010
797	854	0.000005
797	863	0.000001
798	802	0.000617
798	805	0.000022
798	811	0.000003
798	851	0.000001
798	862	0.000003
799	805	0.000981
799	850	0.000001
799	857	0.000008
799	861	0.000003
800	805	0.000035
800	811	0.001495
800	856	0.000008
801	806	0.000022
801	807	0.000057
801	809	0.000015
801	810	0.001703
801	814	0.000004
802	806	0.000045
802	807	0.000025
802	809	0.001323
802	810	0.000020
802	814	0.000004
802	858	0.000006
803	857	0.000007
803	870	0.000002
804	811	0.000498
804	829	0.000003
804	854	0.000022
804	856	0.000005
804	869	0.000002
805	809	0.000008
805	810	0.000566
805	812	0.007433
805	813	0.000269
805	814	0.000004
805	815	0.000003
805	816	0.000002
805	818	0.000002
805	828	0.000004
805	853	0.000031
805	868	0.000002
806	811	0.007149
806	827	0.000004
806	852	0.000032
806	867	0.000001
807	811	0.000023
807	851	0.000032
807	866	0.000001
808	850	0.000032
808	865	0.000001
810	835	0.000006
810	865	0.000003
811	817	0.000008
811	822	0.000002
811	834	0.000007
811	845	0.000010
811	847	0.000003
811	864	0.000004
812	833	0.000007
812	844	0.000011
812	863	0.000003
812	865	0.000003
812	866	0.000002
812	867	0.000010
812	869	0.000001
812	870	0.000011
813	827	0.000003
813	843	0.000011
813	861	0.000002
813	863	0.000022
813	865	0.000002
813	866	0.000010
813	867	0.000002
813	869	0.000011
814	862	0.000024
814	865	0.000009
814	866	0.000002
814	872	0.000009
815	841	0.000003
815	844	0.000012
815	861	0.000024
815	865	0.000003
815	867	0.000005
815	870	0.000426
816	827	0.000005
816	843	0.000012
816	857	0.000007
816	863	0.000020
816	866	0.000005
816	869	0.000436
816	870	0.000006
817	829	0.000002
817	851	0.000001
817	856	0.000008
817	862	0.000021
817	865	0.000004
817	867	0.000001
817	869	0.000005
817	870	0.000004
818	827	0.000014
818	833	0.000001
818	841	0.000004
818	844	0.000002
818	850	0.000001
818	857	0.000003
818	861	0.000020
818	866	0.000002
818	867	0.000441
818	869	0.000007
818	870	0.000005
819	827	0.000009
819	833	0.000003
819	843	0.000002
819	844	0.000001
819	857	0.000002
819	863	0.000002
819	865	0.000002
819	866	0.000442
819	867	0.000019
819	869	0.000005
819	870	0.000006
820	827	0.000132
820	833	0.000023
820	841	0.000002
820	843	0.000001
820	844	0.000003
820	850	0.000002
820	857	0.000002
820	865	0.000441
820	866	0.000019
820	867	0.000003
820	869	0.000007
820	870	0.000030
821	827	0.000673
821	833	0.000041
821	841	0.000001
821	843	0.000003
821	850	0.000014
821	857	0.000018
821	861	0.000001
821	863	0.000244
821	865	0.000019
821	866	0.000003
821	869	0.000030
821	870	0.000010
822	827	0.000051
822	829	0.000018
822	833	0.000002
822	835	0.000013
822	850	0.000003
822	851	0.000030
822	852	0.001407
822	854	0.000002
822	855	0.000002
822	856	0.000018
822	862	0.000225
822	863	0.000180
822	865	0.000002
822	869	0.000010
823	827	0.000008
823	829	0.000012
823	833	0.000002
823	835	0.000014
823	850	0.000031
823	851	0.001877
823	852	0.000003
823	854	0.000002
823	855	0.000011
823	861	0.000183
823	862	0.000215
823	867	0.000004
823	872	0.000003
824	833	0.000105
824	844	0.000003
824	850	0.001916
824	861	0.000227
824	863	0.000001
824	866	0.000004
824	867	0.000027
824	870	0.000022
825	833	0.000136
825	843	0.000003
825	844	0.000007
825	850	0.000071
825	857	0.000076
825	861	0.000002
825	863	0.000002
825	865	0.000004
825	866	0.000027
825	869	0.000022
825	870	0.000079
826	833	0.000234
826	835	0.018427
826	843	0.000007
826	850	0.000002
826	851	0.000002
826	852	0.000002
826	856	0.000074
826	862	0.000002
826	865	0.000027
826	869	0.000082
826	872	0.001933
827	831	0.000056
827	832	0.000507
827	834	0.023940
827	836	0.000099
827	837	0.000010
827	838	0.000006
827	842	0.000009
827	845	0.000004
827	846	0.000866
827	847	0.000280
827	848	0.000016
827	849	0.000006
827	858	0.000171
827	859	0.000010
827	864	0.000028
827	868	0.000091
827	871	0.007096
828	833	0.024266
828	841	0.000009
828	843	0.000023
828	844	0.000005
828	850	0.000021
828	857	0.000180
828	863	0.000028
828	867	0.000066
828	869	0.000057
828	870	0.004961
829	834	0.000018
829	842	0.000024
829	845	0.003836
829	849	0.000012
829	853	0.000003
830	841	0.000023
830	843	0.000008
830	844	0.004127
830	850	0.000002
830	866	0.000030
830	867	0.001142
830	869	0.000304
830	870	0.001070
831	843	0.004136
831	844	0.000130
831	850	0.000012
831	865	0.000030
831	866	0.001146
831	867	0.000441
831	869	0.000788
831	870	0.085128
832	841	0.010281
832	843	0.000303
832	844	0.000313
832	850	0.005489
832	863	0.000009
832	865	0.001144
832	866	0.000424
832	867	0.000038
832	869	0.105421
832	870	0.000436
833	837	0.000468
833	838	0.001664
833	839	0.001112
833	840	0.012333
833	842	0.000246
833	845	0.000006
833	846	0.016755
833	847	0.000848
833	848	0.000182
833	849	0.005024
833	853	0.000040
833	864	0.000938
833	868	0.103563
833	871	0.076724
834	841	0.000055
834	843	0.001737
834	844	0.000006
834	850	0.000027
834	851	0.000009
834	852	0.000043
834	854	0.000007
834	855	0.000002
834	856	0.000002
834	861	0.000005
834	862	0.000012
834	863	0.000025
834	865	0.000362
834	867	0.015136
834	869	0.000824
834	870	0.071949
834	872	0.001602
835	842	0.002561
835	845	0.048102
835	847	0.000182
835	848	0.000022
835	849	0.000015
835	853	0.000005
835	860	0.000002
835	864	0.000479
836	841	0.002703
836	843	0.000522
836	844	0.053427
836	850	0.000016
836	861	0.000025
836	863	0.000494
836	865	0.000126
836	866	0.004834
836	867	0.125859
836	869	0.033328
836	870	0.173604
837	841	0.000090
837	843	0.053128
837	844	0.005725
837	850	0.000019
837	861	0.000083
837	863	0.000029
837	865	0.004781
837	866	0.133054
837	867	0.086172
837	869	0.175219
837	870	0.000088
838	843	0.005857
838	844	0.002399
838	850	0.000013
838	861	0.000209
838	863	0.000905
838	865	0.132568
838	866	0.090952
838	867	0.182689
838	869	0.000079
838	870	0.000022
839	843	0.002392
839	844	0.000035
839	850	0.000026
839	861	0.000104
839	863	0.003504
839	865	0.091237
839	866	0.182998
839	867	0.000184
839	869	0.000014
839	870	0.004024
840	844	0.000009
840	850	0.000339
840	857	0.000003
840	861	0.002387
840	863	0.210250
840	865	0.182729
840	866	0.000181
840	867	0.000010
840	869	0.004109
841	845	0.000001
841	846	0.000170
841	847	0.000003
841	848	0.000023
841	849	0.000305
841	853	0.000056
841	859	0.000003
841	860	0.001570
841	864	0.154790
841	868	0.004119
841	871	0.000451
842	850	0.000007
842	851	0.000075
842	852	0.000060
842	854	0.000069
842	855	0.000010
842	856	0.000008
842	861	0.240403
842	862	0.013822
842	863	0.012080
842	865	0.000024
842	866	0.000021
842	867	0.004070
842	870	0.000450
843	847	0.000007
843	848	0.000006
843	849	0.000015
843	853	0.000076
843	858	0.000007
843	859	0.003793
843	860	0.392230
843	864	0.000258
844	848	0.000009
844	849	0.000064
844	853	0.000159
844	858	0.003599
844	859	0.400499
844	860	0.001227
844	864	0.000140
844	868	0.000455
845	850	0.000039
845	851	0.002701
845	852	0.000197
845	854	0.000048
845	855	0.000021
845	856	0.000033
845	857	0.000027
845	861	0.000007
845	862	0.000762
845	863	0.000002
845	865	0.000009
845	866	0.000003
845	867	0.000453
846	850	0.004993
846	857	0.409899
846	861	0.000767
846	863	0.007449
846	865	0.000004
846	866	0.000440
847	851	0.000214
847	852	0.000350
847	854	0.002094
847	855	0.006116
847	856	0.422673
847	857	0.000625
847	861	0.000001
847	862	0.007467
847	863	0.000019
847	865	0.000410
848	852	0.000168
848	854	0.007481
848	855	0.407099
848	856	0.016374
848	857	0.000232
848	861	0.006109
848	862	0.000047
848	863	0.000053
849	854	0.321172
849	855	0.020432
849	856	0.005770
849	857	0.000008
849	861	0.000047
849	862	0.000076
849	863	0.000032
849	872	0.000003
850	858	0.000003
850	859	0.007858
850	860	0.000009
850	871	0.000005
851	858	0.006991
851	860	0.000078
852	858	0.000065
852	860	0.000019
852	864	0.000002
853	857	0.000097
853	861	0.000005
853	862	0.000003
853	863	0.000002
853	869	0.000003
853	870	0.000008
853	872	0.000041
854	858	0.000002
854	860	0.000006
855	860	0.000003
857	868	0.009499
857	871	0.001314
858	866	0.000023
858	867	0.009483
858	870	0.000826
858	872	0.000005
859	865	0.000043
859	866	0.009476
859	867	0.000043
859	869	0.000798
859	870	0.000684
860	865	0.008295
860	866	0.000048
860	867	0.000096
860	869	0.000701
860	872	0.000002
861	868	0.000921
861	871	0.000007
863	868	0.000027
863	871	0.001032
864	869	0.000002
864	870	0.001022
864	872	0.000185
865	871	0.000300
866	871	0.000369
867	871	0.000035
