1	7	0.000002
1	8	0.000002
1	12	0.000008
1	13	0.000004
1	15	0.000036
1	33	0.000001
1	41	0.002977
1	67	0.000087
1	75	0.000041
1	76	0.000028
1	707	0.000003
1	736	0.785132
1	739	0.000051
1	748	0.000007
1	749	0.000014
1	750	0.000069
1	752	0.000007
1	753	0.000022
1	754	0.000067
1	755	0.000311
1	758	0.000271
1	759	0.000707
2	7	0.000008
2	8	0.000002
2	11	0.000011
2	12	0.000008
2	14	0.000044
2	15	0.000014
2	28	0.000001
2	30	0.000135
2	32	0.000002
2	39	0.000003
2	40	0.004005
2	41	0.000024
2	42	0.000064
2	46	0.000024
2	50	0.000001
2	53	0.000001
2	62	0.000084
2	65	0.000008
2	66	0.000102
2	74	0.000054
2	75	0.000056
2	76	0.000001
2	77	0.000018
2	690	0.000001
2	694	0.000267
2	706	0.000003
2	732	0.000438
2	733	0.000031
2	734	0.003099
2	735	0.888713
2	736	0.006080
2	739	0.000012
2	746	0.000576
2	748	0.000017
2	749	0.000075
2	750	0.000261
2	752	0.000020
2	753	0.000079
2	754	0.000564
2	755	0.000523
2	756	0.040849
2	758	0.000686
2	759	0.000095
2	761	0.006831
3	7	0.000006
3	8	0.000007
3	9	0.000003
3	11	0.000009
3	13	0.000043
3	14	0.000018
3	29	0.000137
3	30	0.000001
3	39	0.004008
3	40	0.000030
3	41	0.000052
3	42	0.000717
3	46	0.000002
3	52	0.000001
3	61	0.000085
3	64	0.000009
3	65	0.000101
3	74	0.000061
3	75	0.000001
3	76	0.000020
3	77	0.000019
3	694	0.000163
3	705	0.000003
3	731	0.000518
3	732	0.000003
3	733	0.002653
3	734	0.884941
3	735	0.006526
3	736	0.000047
3	739	0.000008
3	746	0.000221
3	748	0.000035
3	749	0.000308
3	750	0.000143
3	752	0.000029
3	753	0.000537
3	754	0.000699
3	755	0.038257
3	756	0.017290
3	758	0.000059
3	759	0.000497
3	761	0.009363
4	8	0.000119
4	9	0.000088
4	12	0.000041
4	13	0.000018
4	26	0.000002
4	28	0.000137
4	41	0.000714
4	60	0.000087
4	75	0.000026
4	76	0.000026
4	79	0.000001
4	688	0.000008
4	690	0.000003
4	704	0.000003
4	730	0.000525
4	732	0.001867
4	736	0.000032
4	739	0.000013
4	748	0.000262
4	749	0.000128
4	750	0.000021
4	752	0.000400
4	753	0.000528
4	754	0.032209
4	755	0.014818
4	758	0.000453
4	759	0.003663
5	10	0.000033
5	25	0.000002
5	27	0.000138
5	48	0.000003
5	56	0.000008
5	59	0.000088
5	68	0.000002
5	71	0.000034
5	72	0.000009
5	78	0.000002
5	675	0.000035
5	687	0.000009
5	689	0.000003
5	691	0.000015
5	695	0.000003
5	703	0.000003
5	729	0.000526
5	760	0.015426
6	24	0.000002
6	26	0.000137
6	41	0.000041
6	55	0.000008
6	58	0.000081
6	67	0.000002
6	75	0.000010
6	76	0.000010
6	686	0.000008
6	688	0.000003
6	690	0.000006
6	728	0.000401
6	730	0.000004
6	732	0.000003
6	736	0.000022
6	739	0.000119
6	748	0.000058
6	749	0.000012
6	750	0.000048
6	752	0.001639
6	753	0.000497
6	754	0.000210
6	755	0.000058
6	758	0.000753
6	759	0.012490
7	25	0.000127
7	37	0.000030
7	38	0.002546
7	43	0.000011
7	44	0.000012
7	45	0.000005
7	47	0.000002
7	49	0.000002
7	54	0.000008
7	57	0.000074
7	73	0.000010
7	685	0.000008
7	687	0.000002
7	689	0.000001
7	692	0.000016
7	693	0.000027
7	727	0.000309
7	729	0.000003
7	737	0.000009
7	738	0.000124
7	740	0.000007
7	741	0.000022
7	742	0.000035
7	743	0.000038
7	744	0.000039
7	745	0.000053
7	747	0.000057
7	751	0.001453
7	757	0.000808
7	760	0.000027
7	762	0.000050
7	763	0.000056
8	21	0.000001
8	22	0.000065
8	37	0.001804
8	38	0.690654
8	43	0.000008
8	44	0.000005
8	48	0.000002
8	56	0.000019
8	73	0.000003
8	684	0.000004
8	692	0.000022
8	693	0.000010
8	726	0.000030
8	737	0.000065
8	738	0.000006
8	740	0.000014
8	741	0.000032
8	742	0.000037
8	743	0.000037
8	744	0.000048
8	745	0.000006
8	747	0.000004
8	751	0.000021
8	757	0.000405
8	760	0.000010
8	762	0.000051
8	763	0.000122
9	19	0.000007
9	21	0.000080
9	22	0.000002
9	31	0.000001
9	37	0.952082
9	38	0.000338
9	43	0.000001
9	73	0.000001
9	692	0.000008
9	693	0.000001
9	737	0.000003
9	738	0.000001
9	740	0.000014
9	741	0.000021
9	742	0.000022
9	743	0.000027
9	744	0.000005
9	747	0.000002
9	751	0.000003
9	757	0.000008
9	760	0.000003
9	762	0.000212
9	763	0.000002
10	18	0.000008
10	20	0.000081
10	23	0.000005
10	30	0.000002
10	36	0.999308
10	761	0.000220
11	16	0.000015
11	35	0.999389
11	760	0.000216
12	19	0.000005
12	21	0.000001
12	22	0.000001
12	31	0.000005
12	34	0.991340
12	35	0.000003
12	38	0.000002
13	17	0.000002
13	21	0.000001
13	31	0.000122
13	34	0.000107
13	37	0.000002
13	49	0.000002
13	73	0.000001
14	35	0.000009
14	48	0.000002
14	72	0.000001
15	31	0.913914
15	34	0.000010
15	47	0.000002
15	71	0.000001
15	757	0.000013
16	28	0.000021
16	29	0.077187
16	30	0.916954
16	32	0.000048
16	33	0.000005
16	46	0.000002
16	756	0.000014
17	26	0.000064
17	28	0.533655
17	29	0.462531
17	755	0.000008
18	25	0.000136
18	27	0.988237
18	68	0.000001
19	24	0.000100
19	26	0.987289
19	28	0.010476
19	67	0.000001
20	25	0.983774
20	27	0.010727
21	26	0.008117
21	28	0.000001
21	29	0.000003
22	26	0.000008
22	28	0.000017
23	27	0.000017
24	37	0.000002
25	36	0.000002
25	64	0.000002
25	748	0.000002
26	35	0.000002
26	37	0.000002
26	63	0.000002
26	747	0.000002
27	36	0.000003
27	62	0.000002
27	746	0.000002
28	35	0.000003
28	745	0.000002
29	34	0.000002
29	744	0.000001
30	35	0.000001
30	59	0.000002
31	58	0.000002
32	57	0.000002
33	56	0.000002
33	762	0.000004
33	763	0.000002
34	55	0.000002
34	75	0.000022
34	736	0.000001
35	74	0.000026
35	735	0.000001
35	761	0.000312
36	760	0.000313
37	75	0.000064
37	76	0.000235
37	754	0.000001
37	755	0.000002
37	759	0.000299
38	58	0.000638
38	75	0.000494
38	76	0.000172
38	736	0.000002
38	753	0.000002
38	754	0.000004
38	755	0.000003
38	758	0.000209
38	759	0.000006
39	48	0.000246
39	57	0.000778
39	68	0.000001
39	69	0.000846
39	71	0.000200
39	72	0.951695
39	760	0.000006
40	48	0.002569
40	56	0.000780
40	57	0.000002
40	68	0.000853
40	69	0.000176
40	71	0.960361
40	72	0.000108
40	697	0.000010
40	760	0.000005
41	45	0.000010
41	47	0.002384
41	48	0.000030
41	49	0.004562
41	51	0.000002
41	54	0.000003
41	57	0.000007
41	68	0.000125
41	69	0.004725
41	70	0.955123
41	71	0.000072
41	72	0.000040
41	73	0.000684
41	692	0.000004
41	696	0.000010
41	757	0.000001
41	762	0.000024
42	48	0.005465
42	56	0.000019
42	59	0.000001
42	68	0.024175
42	69	0.927455
42	71	0.000064
42	72	0.000798
42	691	0.000004
42	695	0.000010
42	760	0.000534
43	55	0.000017
43	58	0.000002
43	61	0.000007
43	67	0.040304
43	75	0.000002
43	76	0.000021
43	690	0.000002
43	749	0.000001
43	750	0.000006
43	753	0.000002
43	754	0.000012
43	755	0.000019
43	758	0.000002
43	759	0.000529
44	55	0.000001
44	58	0.000002
44	60	0.000003
44	61	0.000290
44	67	0.018814
44	75	0.000018
44	76	0.000072
44	736	0.000001
44	739	0.000001
44	748	0.000001
44	749	0.000007
44	750	0.000002
44	752	0.000002
44	753	0.000013
44	754	0.000021
44	755	0.000008
44	758	0.000423
44	759	0.000020
45	55	0.000001
45	58	0.000022
45	60	0.000400
45	61	0.000011
45	67	0.003228
45	75	0.000065
45	76	0.000070
45	79	0.000002
45	748	0.000005
45	749	0.000002
45	752	0.000010
45	753	0.000012
45	754	0.000007
45	755	0.000002
45	758	0.000017
45	759	0.000008
46	56	0.000201
46	57	0.000021
46	59	0.000408
46	68	0.135916
46	69	0.000003
46	71	0.000014
46	72	0.000059
46	78	0.000002
46	691	0.000004
46	760	0.000493
47	55	0.000203
47	58	0.000373
47	60	0.000093
47	61	0.000618
47	67	0.136224
47	75	0.004333
47	76	0.000031
47	690	0.000004
47	707	0.000003
47	732	0.000020
47	736	0.000068
47	750	0.000009
47	753	0.000001
47	754	0.000009
47	755	0.000043
47	758	0.000006
47	759	0.000443
48	52	0.000027
48	53	0.000130
48	55	0.000002
48	58	0.000001
48	60	0.000394
48	61	0.620875
48	62	0.149385
48	64	0.002698
48	65	0.001064
48	66	0.120816
48	67	0.000002
48	74	0.004939
48	75	0.000023
48	76	0.000032
48	77	0.000057
48	694	0.000006
48	706	0.000003
48	731	0.000023
48	734	0.000008
48	735	0.000074
48	746	0.000006
48	749	0.000010
48	750	0.000004
48	753	0.000010
48	754	0.000047
48	755	0.000014
48	756	0.000562
48	758	0.000176
48	759	0.000006
48	761	0.000174
49	55	0.000009
49	58	0.000368
49	60	0.863539
49	61	0.075521
49	75	0.000033
49	76	0.000057
49	688	0.000003
49	690	0.000007
49	705	0.000003
49	730	0.000023
49	748	0.000008
49	749	0.000003
49	752	0.000007
49	753	0.000033
49	754	0.000015
49	755	0.000481
49	758	0.000007
49	759	0.000003
50	56	0.000264
50	57	0.000391
50	59	0.944957
50	68	0.000044
50	69	0.000002
50	71	0.008343
50	72	0.004377
50	687	0.000003
50	689	0.000008
50	691	0.000004
50	729	0.000023
50	760	0.000245
51	55	0.000177
51	58	0.942402
51	60	0.000772
51	61	0.000012
51	67	0.000040
51	75	0.000002
51	76	0.000001
51	686	0.000003
51	688	0.000008
51	690	0.000004
51	704	0.000003
51	728	0.000021
51	753	0.000009
51	754	0.000005
51	755	0.000002
51	758	0.000002
51	759	0.000193
52	56	0.000600
52	57	0.933291
52	59	0.000797
52	68	0.000027
52	69	0.037701
52	71	0.000008
52	72	0.000019
52	687	0.000007
52	689	0.000004
52	703	0.000004
52	727	0.000019
52	760	0.000011
53	57	0.000632
53	59	0.000160
53	68	0.041614
53	69	0.000047
53	71	0.000019
53	687	0.000005
53	702	0.000004
53	760	0.000009
54	58	0.000111
54	60	0.000034
54	61	0.000021
54	67	0.040991
54	76	0.000008
54	79	0.000001
54	686	0.000005
54	701	0.000003
54	748	0.000003
54	752	0.000007
54	758	0.000036
54	759	0.000006
55	59	0.000032
55	63	0.000093
55	68	0.000009
55	69	0.000004
55	78	0.000001
55	684	0.000011
55	685	0.000003
55	726	0.000013
55	747	0.000004
55	751	0.000008
55	757	0.000043
55	762	0.000002
56	62	0.000099
56	64	0.000013
56	65	0.047415
56	66	0.001749
56	67	0.000009
56	74	0.000003
56	75	0.001002
56	76	0.000003
56	77	0.000025
56	683	0.000014
56	699	0.000001
56	725	0.000015
56	735	0.000005
56	746	0.000004
56	749	0.000035
56	750	0.000005
56	756	0.000043
56	761	0.000003
57	61	0.000042
57	62	0.000014
57	64	0.047515
57	65	0.001704
57	66	0.000011
57	74	0.001323
57	75	0.000003
57	76	0.000021
57	77	0.000002
57	682	0.000014
57	694	0.000001
57	699	0.000001
57	724	0.000015
57	734	0.000005
57	748	0.000050
57	749	0.000003
57	755	0.000013
57	761	0.000002
58	63	0.041621
58	72	0.000015
58	73	0.001318
58	681	0.000014
58	693	0.000001
58	695	0.000004
58	723	0.000014
58	747	0.000054
58	760	0.000002
59	64	0.000839
59	65	0.000005
59	66	0.000002
59	74	0.000627
59	680	0.000014
59	694	0.000425
59	746	0.000055
60	70	0.000045
60	71	0.001297
60	73	0.000633
60	679	0.000012
60	693	0.000428
60	722	0.000008
60	745	0.000054
61	68	0.000004
61	69	0.000068
61	70	0.001355
61	72	0.000637
61	73	0.000020
61	692	0.000434
61	721	0.000010
61	744	0.000046
62	68	0.003459
62	69	0.001378
62	71	0.000656
62	72	0.000040
62	689	0.000002
62	691	0.000438
62	720	0.000010
62	760	0.000006
63	67	0.002288
63	75	0.000002
63	76	0.000002
63	688	0.000002
63	690	0.000436
63	716	0.000009
63	719	0.000005
63	759	0.000006
64	68	0.000308
64	69	0.000061
64	71	0.000024
64	72	0.000770
64	687	0.000002
64	689	0.000434
64	715	0.000013
64	760	0.000011
65	69	0.000027
65	71	0.000773
65	72	0.001737
65	687	0.000238
65	714	0.000013
65	760	0.000002
66	71	0.001736
66	72	0.000038
66	687	0.000094
66	711	0.000016
66	760	0.000001
67	71	0.000031
67	72	0.000002
67	73	0.000002
67	684	0.000075
67	685	0.000040
67	710	0.000016
67	737	0.000011
67	738	0.000002
67	740	0.000007
67	757	0.000080
67	762	0.000039
68	74	0.000051
68	75	0.000027
68	77	0.000043
68	683	0.000083
68	709	0.000016
68	734	0.000003
68	735	0.000026
68	736	0.000013
68	739	0.000008
68	756	0.000100
68	759	0.000001
68	761	0.000047
69	74	0.000037
69	75	0.000002
69	76	0.000051
69	77	0.000079
69	682	0.000077
69	683	0.000332
69	733	0.000003
69	734	0.000026
69	735	0.000013
69	736	0.000001
69	755	0.000096
69	756	0.000062
69	758	0.000001
69	759	0.000002
69	761	0.000001
70	75	0.000064
70	76	0.000108
70	682	0.000316
70	707	0.000013
70	732	0.000003
70	736	0.004908
70	754	0.000088
70	755	0.000063
70	758	0.000004
70	759	0.000041
71	75	0.000055
71	76	0.000021
71	77	0.000103
71	676	0.000001
71	678	0.000001
71	680	0.000076
71	694	0.000010
71	706	0.000020
71	731	0.000002
71	732	0.000002
71	734	0.000020
71	735	0.005242
71	736	0.000020
71	746	0.000002
71	753	0.000053
71	754	0.000058
71	755	0.000001
71	756	0.000093
71	758	0.000030
71	761	0.000014
72	76	0.000055
72	77	0.000206
72	676	0.000004
72	678	0.000006
72	680	0.000178
72	683	0.000001
72	694	0.000013
72	705	0.000020
72	731	0.000003
72	733	0.000017
72	734	0.005220
72	735	0.000023
72	746	0.000001
72	749	0.000001
72	752	0.000016
72	753	0.000046
72	754	0.000002
72	755	0.000088
72	756	0.000096
72	759	0.000002
72	761	0.000010
73	79	0.000014
73	682	0.000001
73	704	0.000020
73	730	0.000004
73	732	0.000012
73	736	0.000003
73	739	0.000001
73	748	0.000001
73	749	0.000001
73	750	0.000002
73	752	0.000033
73	753	0.000003
73	754	0.000076
73	755	0.000084
73	758	0.000004
73	759	0.000013
74	78	0.000017
74	675	0.000269
74	679	0.000045
74	691	0.000002
74	695	0.000002
74	697	0.000005
74	703	0.000020
74	729	0.000004
74	760	0.000056
75	675	0.000054
75	677	0.000501
75	692	0.000017
75	693	0.000085
75	696	0.000005
75	697	0.000002
75	702	0.000016
75	737	0.000001
75	738	0.000003
75	741	0.000004
75	742	0.000005
75	743	0.000005
75	744	0.000005
75	745	0.000003
75	751	0.000001
75	757	0.000003
75	760	0.000002
75	762	0.000004
75	763	0.000005
76	675	0.000230
76	677	0.000343
76	692	0.000103
76	693	0.000010
76	695	0.000005
76	696	0.000005
76	737	0.000004
76	740	0.000004
76	741	0.000005
76	742	0.000005
76	743	0.000005
76	744	0.000003
76	751	0.000002
76	757	0.000003
76	760	0.000002
76	762	0.000008
76	763	0.000001
77	673	0.000001
77	675	0.902501
77	691	0.000045
77	695	0.000006
77	760	0.000004
78	674	0.999228
78	676	0.000001
78	694	0.000005
79	672	0.000002
79	673	0.998593
79	675	0.000001
79	693	0.000004
80	672	0.998126
80	692	0.000003
81	671	0.999975
82	670	0.999991
83	669	0.999956
84	668	0.996863
85	666	0.001651
86	667	0.915261
87	667	0.000338
88	664	0.000006
88	665	0.994145
88	666	0.000043
89	664	0.999956
89	665	0.000024
90	663	0.999963
91	662	0.999957
92	661	0.999991
93	660	0.999980
94	659	0.999388
95	656	0.000013
95	657	0.000229
95	658	0.997776
98	655	0.982843
99	654	0.999938
100	653	0.999991
101	652	0.999957
102	651	0.999956
103	650	0.999949
104	648	0.000322
104	649	0.987533
105	645	0.000001
105	647	0.000848
105	648	0.821023
105	649	0.001145
106	646	0.001372
107	644	0.000002
107	647	0.880796
107	648	0.000243
108	646	0.881457
109	646	0.002428
110	643	0.000470
110	644	0.997612
111	642	0.000457
111	643	0.999496
111	644	0.000002
112	642	0.998020
113	641	0.999926
114	640	0.999978
115	639	0.994406
116	635	0.000839
116	636	0.056438
116	638	0.941045
117	635	0.075942
117	636	0.792640
117	638	0.000123
119	631	0.000002
119	632	0.949020
119	633	0.045508
120	631	0.965922
120	632	0.032220
120	633	0.001294
121	630	0.978546
121	634	0.000005
121	637	0.000331
122	626	0.000005
122	629	0.979477
122	631	0.019821
122	632	0.000041
122	633	0.000004
123	625	0.000005
123	628	0.965945
123	630	0.019413
123	635	0.000414
124	130	0.000002
124	624	0.000006
124	625	0.000003
124	628	0.020980
124	630	0.000497
124	634	0.000414
125	129	0.000002
125	626	0.007842
125	627	0.846443
125	629	0.009223
125	632	0.000008
125	633	0.000409
126	622	0.000003
126	626	0.964002
126	627	0.000026
126	629	0.000010
126	631	0.000014
126	632	0.000402
127	622	0.000014
127	627	0.013184
128	622	0.000055
128	626	0.013372
128	629	0.000392
128	631	0.000013
129	623	0.978769
129	625	0.012883
129	628	0.000392
129	630	0.000013
130	622	0.968550
130	627	0.000385
131	619	0.000002
131	620	0.996431
131	622	0.000006
131	626	0.000095
132	619	0.999927
132	620	0.000051
133	618	0.999965
133	619	0.000026
134	617	0.999938
135	615	0.000141
135	616	0.998339
136	614	0.000144
136	615	0.999831
137	613	0.000147
137	614	0.999841
138	611	0.000189
138	613	0.999787
139	609	0.000412
139	610	0.000255
139	612	0.998747
140	608	0.001937
140	611	0.995176
142	607	0.982147
142	608	0.014479
143	606	0.999947
143	609	0.000002
144	605	0.999509
145	604	0.999981
146	603	0.999991
147	602	0.999977
148	601	0.999511
149	600	0.999970
150	596	0.000003
150	598	0.000003
150	599	0.999028
151	595	0.000033
151	597	0.000003
151	598	0.998830
152	594	0.000038
152	596	0.000006
152	597	0.999911
153	593	0.000039
153	594	0.000008
153	596	0.997014
153	597	0.000012
154	592	0.000021
155	592	0.000016
156	592	0.000484
157	592	0.988913
158	591	0.999943
159	590	0.999976
160	589	0.999698
161	588	0.999937
162	585	0.000003
162	586	0.001469
162	587	0.998471
163	584	0.000003
163	585	0.002938
163	586	0.997023
163	587	0.000013
164	215	0.000001
164	583	0.000004
164	584	0.004405
164	585	0.995505
164	586	0.000025
165	214	0.000004
165	215	0.000390
165	480	0.000001
165	582	0.000002
165	583	0.005806
165	584	0.986202
165	585	0.000037
166	211	0.000001
166	216	0.000044
166	217	0.000013
166	218	0.000007
166	479	0.000001
167	175	0.000095
167	213	0.030117
167	215	0.000023
167	480	0.000001
167	540	0.000009
167	582	0.001658
167	583	0.293083
167	584	0.000042
168	174	0.000096
168	211	0.000032
168	212	0.032260
169	173	0.000095
169	210	0.000026
169	211	0.995147
169	212	0.000002
170	210	0.999686
170	211	0.000014
171	209	0.999619
172	205	0.000002
172	206	0.000015
172	207	0.000497
172	208	0.989037
172	210	0.000001
173	209	0.000003
175	204	0.002909
175	206	0.241540
176	203	0.002192
176	204	0.994795
176	206	0.000006
177	202	0.001466
177	203	0.997770
177	204	0.000019
178	201	0.000739
178	202	0.998511
178	203	0.000013
179	199	0.000001
179	201	0.999231
179	202	0.000007
180	200	0.999463
181	198	0.000001
181	199	0.998119
182	198	0.998841
183	197	0.999964
184	196	0.999509
185	193	0.000002
185	195	0.999972
186	192	0.000006
186	194	0.999917
187	191	0.000024
187	193	0.991644
187	195	0.000007
188	192	0.980165
188	194	0.000008
189	193	0.000009
211	480	0.000010
211	583	0.000001
212	480	0.965865
213	218	0.000004
213	479	0.969605
214	218	0.000015
214	219	0.000002
214	477	0.000012
214	478	0.975236
214	479	0.000030
215	477	0.975512
215	479	0.000252
216	476	0.664867
216	540	0.000001
217	476	0.002862
218	473	0.000006
218	476	0.001989
218	480	0.000172
218	583	0.000007
219	472	0.000006
219	476	0.314445
220	471	0.000004
220	474	0.000013
220	475	0.990240
221	474	0.999758
222	470	0.000002
222	473	0.999930
223	469	0.000002
223	472	0.999427
224	468	0.000001
224	471	0.997575
225	469	0.000639
225	470	0.948947
226	466	0.000002
226	467	0.000019
226	468	0.000890
227	466	0.000019
227	467	0.000522
227	468	0.951220
228	467	0.989702
229	469	0.000002
230	465	0.981588
230	466	0.000952
231	464	0.999852
232	462	0.000001
232	463	0.999012
233	462	0.998626
233	463	0.000001
234	461	0.999322
235	460	0.998642
236	459	0.999851
236	460	0.000002
237	458	0.999162
238	456	0.000001
238	457	0.998121
239	456	0.999263
239	457	0.000001
240	455	0.999984
241	454	0.999970
242	453	0.999129
243	452	0.997045
243	454	0.000005
244	451	0.974474
244	453	0.000211
245	452	0.000412
246	448	0.000005
246	449	0.000045
246	450	0.997878
246	451	0.000054
247	449	0.997790
247	451	0.000046
248	448	0.979791
248	449	0.001272
248	450	0.000064
249	446	0.002002
249	448	0.003340
249	449	0.000015
250	446	0.966623
250	448	0.000003
251	444	0.000002
251	445	0.999979
252	444	0.999975
253	443	0.999355
254	442	0.997734
255	439	0.000044
256	439	0.998128
257	438	0.999917
258	437	0.999957
259	436	0.999980
260	435	0.999583
261	434	0.999964
262	433	0.999418
263	429	0.000184
263	430	0.000002
263	431	0.000009
263	432	0.998850
264	269	0.000180
264	394	0.000004
264	428	0.000237
264	431	0.996678
265	409	0.000003
265	410	0.000001
266	393	0.000010
266	396	0.000025
266	397	0.000001
266	407	0.000002
266	409	0.000002
266	410	0.000026
267	409	0.000054
267	410	0.000001
268	394	0.005232
268	395	0.002610
268	408	0.000064
268	426	0.000031
268	427	0.003972
268	428	0.000409
268	429	0.002064
268	430	0.000565
268	431	0.000001
269	393	0.007017
269	398	0.000002
269	407	0.000021
269	409	0.000002
269	425	0.000009
270	392	0.003518
270	393	0.991180
270	397	0.000002
271	392	0.996451
271	393	0.000010
271	396	0.000002
271	425	0.000001
272	390	0.000005
272	391	0.999976
272	395	0.000002
272	424	0.000001
273	390	0.999932
273	394	0.000002
273	423	0.000001
274	288	0.000155
274	384	0.000008
274	387	0.000052
274	388	0.000157
274	389	0.993301
275	287	0.000304
275	380	0.000019
275	383	0.000016
275	384	0.000004
275	386	0.000110
275	387	0.000259
275	388	0.960285
275	389	0.002218
276	286	0.000307
276	379	0.000019
276	384	0.000011
276	387	0.827097
276	388	0.005725
276	389	0.000047
277	285	0.000310
277	378	0.000020
277	382	0.002066
277	385	0.006439
278	284	0.000311
278	377	0.000020
278	381	0.002088
279	287	0.000005
279	289	0.000014
279	290	0.000010
279	376	0.000005
279	380	0.001876
279	383	0.000941
279	384	0.007713
279	386	0.116740
279	387	0.000070
279	388	0.000470
279	389	0.000001
280	286	0.000005
280	288	0.000030
280	289	0.000009
280	379	0.001725
280	384	0.922569
280	387	0.000621
280	388	0.000001
281	287	0.000044
281	288	0.000006
281	290	0.000255
281	374	0.000002
281	380	0.000023
281	383	0.957170
281	384	0.000140
281	386	0.000706
282	286	0.000033
282	288	0.000001
282	289	0.000250
282	376	0.000002
282	379	0.000022
282	384	0.000075
283	288	0.000189
283	376	0.000298
283	384	0.000248
284	290	0.000023
284	374	0.000022
284	376	0.000023
284	379	0.000001
284	380	0.997224
284	383	0.000237
285	289	0.000017
285	376	0.000300
285	379	0.997030
286	372	0.000013
286	373	0.000020
286	375	0.000284
286	377	0.000020
286	378	0.996749
286	381	0.000006
286	382	0.000197
287	377	0.994840
287	381	0.000199
288	372	0.000205
288	373	0.004282
288	375	0.034502
288	377	0.000047
288	378	0.000005
289	372	0.003706
289	373	0.002862
289	375	0.058289
289	377	0.000004
289	378	0.001025
290	377	0.001168
290	390	0.000001
291	371	0.001142
291	376	0.001333
291	389	0.000003
292	371	0.919898
292	376	0.000005
292	388	0.000003
293	369	0.000007
293	370	0.989933
293	371	0.008199
293	374	0.000005
293	387	0.000004
294	368	0.000004
294	369	0.989953
294	370	0.008775
294	371	0.000007
294	374	0.000013
294	386	0.000004
295	373	0.000013
295	385	0.000004
296	367	0.000011
296	368	0.999640
296	369	0.000061
296	384	0.000004
297	367	0.999924
297	368	0.000038
297	383	0.000004
298	365	0.000002
298	366	0.999353
298	382	0.000004
299	365	0.972444
299	381	0.000004
300	365	0.026725
301	364	0.963351
302	362	0.000070
302	363	0.999863
303	361	0.000069
303	362	0.999918
304	360	0.000068
304	361	0.999906
305	360	0.998409
306	359	0.999858
307	358	0.999741
308	357	0.999939
309	356	0.999938
310	355	0.999499
311	354	0.999192
312	353	0.999964
313	352	0.999668
314	350	0.000006
314	351	0.999765
315	329	0.001460
315	350	0.997678
315	351	0.000005
316	321	0.000145
316	322	0.000123
316	328	0.006726
316	331	0.000065
316	349	0.539395
316	352	0.000069
317	326	0.004759
317	327	0.012140
317	329	0.000176
317	342	0.000001
317	343	0.000196
317	344	0.000718
317	350	0.000033
317	351	0.000167
318	326	0.016171
318	327	0.000091
318	329	0.121882
318	342	0.000196
318	343	0.000715
318	344	0.000008
318	350	0.000203
319	328	0.122898
319	339	0.000002
319	349	0.000158
319	352	0.000002
320	326	0.018458
320	327	0.122932
320	329	0.000044
320	342	0.000127
320	343	0.000114
320	344	0.000764
320	350	0.000013
320	351	0.000004
321	325	0.015274
321	326	0.105287
321	327	0.000007
321	329	0.000001
321	330	0.000005
321	337	0.000005
321	340	0.000051
321	342	0.000105
321	343	0.000657
321	344	0.002163
321	345	0.001268
321	347	0.000001
321	350	0.000006
322	326	0.000184
322	327	0.000002
322	329	0.000005
322	330	0.000460
322	337	0.000014
322	340	0.000026
322	342	0.000417
322	343	0.002941
322	344	0.001349
322	345	0.000120
322	350	0.000004
322	351	0.000004
323	327	0.000004
323	329	0.000527
323	335	0.000043
323	342	0.003198
323	343	0.001349
323	344	0.000126
323	350	0.000069
323	351	0.000003
324	328	0.000346
324	334	0.000021
324	339	0.000002
324	349	0.000125
325	334	0.000685
325	339	0.000070
325	349	0.002166
326	333	0.000721
326	334	0.000002
326	338	0.000063
326	339	0.005719
326	341	0.000027
326	346	0.000002
326	348	0.002332
326	349	0.408732
327	332	0.000717
327	333	0.000002
327	336	0.000055
327	338	0.006132
327	341	0.000002
327	346	0.000045
327	348	0.853259
327	349	0.000009
328	335	0.000053
328	337	0.006144
328	340	0.000002
328	345	0.000020
328	347	0.858933
329	334	0.000020
329	336	0.006114
329	338	0.000001
329	339	0.000002
329	346	0.861840
329	348	0.000247
329	349	0.000011
330	334	0.000034
330	349	0.000077
331	335	0.000040
331	343	0.000001
331	344	0.001119
331	345	0.964203
331	347	0.000011
332	342	0.000001
332	343	0.001579
332	344	0.991166
333	342	0.001594
333	343	0.991252
333	344	0.000021
334	340	0.000052
334	342	0.988808
334	343	0.000022
334	344	0.000001
334	345	0.000001
334	347	0.000093
335	339	0.000065
335	341	0.973502
335	346	0.000127
336	342	0.000072
336	343	0.000003
336	344	0.000012
338	342	0.000003
338	343	0.000140
338	344	0.000001
339	343	0.000001
341	350	0.000017
342	348	0.000008
342	349	0.000028
343	348	0.000034
344	348	0.000002
345	349	0.000005
346	350	0.000013
370	377	0.000001
372	376	0.000006
374	381	0.000008
376	382	0.000001
376	385	0.000002
377	383	0.000003
377	384	0.000002
377	386	0.000005
377	388	0.000001
377	389	0.000001
378	387	0.000002
378	388	0.000001
381	386	0.000022
381	388	0.000003
381	389	0.000002
382	387	0.000002
382	388	0.000002
390	413	0.000001
391	412	0.000001
392	411	0.000001
393	428	0.000001
394	407	0.002747
394	409	0.002091
394	410	0.000031
395	407	0.991518
395	409	0.000001
395	425	0.000001
396	405	0.000329
396	406	0.999497
396	424	0.000001
397	404	0.000329
397	405	0.999525
397	406	0.000090
397	423	0.000001
398	402	0.000029
398	404	0.998940
398	405	0.000123
399	403	0.810735
399	404	0.000141
402	419	0.000001
403	418	0.000001
407	428	0.001102
409	426	0.000357
409	427	0.721279
409	428	0.000845
409	429	0.000612
409	430	0.000246
410	426	0.957706
410	427	0.000908
410	428	0.000254
410	429	0.000078
410	430	0.000010
411	425	0.999879
412	424	0.999988
413	420	0.000001
413	423	0.999953
414	419	0.000006
414	422	0.999710
415	420	0.000569
415	421	0.990257
416	422	0.000017
417	421	0.000023
477	540	0.000010
477	583	0.000005
478	540	0.000059
479	539	0.000024
479	540	0.000193
479	583	0.000002
480	538	0.000014
480	541	0.000024
481	539	0.997404
481	540	0.000083
482	537	0.000001
482	538	0.999954
483	537	0.999973
483	538	0.000001
484	536	0.999430
484	537	0.000002
485	535	0.998684
487	533	0.000221
487	534	0.974524
488	533	0.978636
489	532	0.490916
490	532	0.498898
491	529	0.000013
491	530	0.017555
491	531	0.982059
492	528	0.000013
492	529	0.017622
492	530	0.982275
492	531	0.000062
493	528	0.017619
493	529	0.982252
493	530	0.000066
494	528	0.981062
494	529	0.000069
495	523	0.000011
495	524	0.686153
495	527	0.311899
496	523	0.983826
497	522	0.997197
497	525	0.000722
497	526	0.000066
498	520	0.000011
498	521	0.999457
498	524	0.000492
499	520	0.999336
499	521	0.000004
499	523	0.000390
500	518	0.983559
501	517	0.980814
502	517	0.015899
503	515	0.983316
503	516	0.016271
504	514	0.984067
504	515	0.015901
505	513	0.983207
505	514	0.015348
506	510	0.000026
506	511	0.000263
506	512	0.969275
507	514	0.000062
508	513	0.000068
508	514	0.000001
514	521	0.000001
515	520	0.000001
541	581	0.000033
541	582	0.988802
541	583	0.002951
541	584	0.000002
542	580	0.000021
542	581	0.998371
542	582	0.001512
542	583	0.000002
543	579	0.000022
543	580	0.998763
544	578	0.000013
544	579	0.998134
544	580	0.000002
545	578	0.999965
546	576	0.000001
546	577	0.999979
547	576	0.998476
548	575	0.999859
549	574	0.999582
550	573	0.999955
551	567	0.000001
551	572	0.999581
552	566	0.000003
552	571	0.999961
553	570	0.999453
554	565	0.009091
554	566	0.001588
554	569	0.986672
555	563	0.000327
555	564	0.011576
556	560	0.000004
556	561	0.000018
556	562	0.000216
556	565	0.972478
556	566	0.002388
556	569	0.000002
557	563	0.009537
557	564	0.969137
558	562	0.009073
559	563	0.002908
559	564	0.000133
559	567	0.000005
559	568	0.000025
560	564	0.000140
562	567	0.000001
562	568	0.000030
563	569	0.000004
623	629	0.000002
633	638	0.000002
673	694	0.000203
673	761	0.000003
674	689	0.000001
674	691	0.000181
674	695	0.000001
674	760	0.000003
675	688	0.000003
675	690	0.001294
675	694	0.001515
675	734	0.000001
675	735	0.000002
675	756	0.000001
675	759	0.000002
675	761	0.000034
676	687	0.000004
676	689	0.002032
676	691	0.984459
676	695	0.000001
676	760	0.000033
677	686	0.000004
677	688	0.002038
677	690	0.990603
677	759	0.000020
678	687	0.002039
678	689	0.991648
678	691	0.005408
679	683	0.000001
679	686	0.001102
679	688	0.990928
679	690	0.005559
679	694	0.000002
679	761	0.000007
680	687	0.991237
680	689	0.005575
680	691	0.000021
680	760	0.000007
681	686	0.686331
681	688	0.005364
681	690	0.000021
681	759	0.000007
682	687	0.004555
682	689	0.000017
682	692	0.000021
683	687	0.000052
683	689	0.000003
683	691	0.000024
683	760	0.000001
684	688	0.000002
684	690	0.000021
684	749	0.000001
684	759	0.000002
685	748	0.000001
685	758	0.000002
686	710	0.000004
686	747	0.000001
686	757	0.000002
686	762	0.000003
687	694	0.000025
687	709	0.000005
687	746	0.000001
687	756	0.000002
687	761	0.000004
688	693	0.000025
688	708	0.000005
688	745	0.000001
688	760	0.000004
689	694	0.000002
689	707	0.000004
689	709	0.000002
689	739	0.000002
689	758	0.000008
689	759	0.000002
690	708	0.000002
690	738	0.000002
690	757	0.000014
691	706	0.000056
691	718	0.000001
691	733	0.000002
691	734	0.000003
691	735	0.000025
691	736	0.000002
691	756	0.000022
692	701	0.000002
692	705	0.000078
692	717	0.000002
692	732	0.000004
692	736	0.001325
692	739	0.000007
692	749	0.000001
692	754	0.000002
692	755	0.000023
692	759	0.000002
693	700	0.000002
693	704	0.000083
693	716	0.000003
693	732	0.000023
693	736	0.000273
693	739	0.000002
693	748	0.000001
693	753	0.000001
693	754	0.000017
693	758	0.000002
694	702	0.000004
694	703	0.000083
694	715	0.000003
694	721	0.000002
694	729	0.000001
694	760	0.000006
695	699	0.000003
695	701	0.000004
695	706	0.000006
695	709	0.000004
695	731	0.003984
695	732	0.000009
695	733	0.988928
695	734	0.000230
695	735	0.000017
696	700	0.000003
696	701	0.000023
696	705	0.000006
696	707	0.000016
696	713	0.000003
696	719	0.000002
696	730	0.003980
696	732	0.994063
697	704	0.000004
697	706	0.000017
697	712	0.000003
697	718	0.000002
697	731	0.995347
698	704	0.000002
698	705	0.000014
698	717	0.000002
698	728	0.004077
698	730	0.995011
699	703	0.000003
699	711	0.000003
699	727	0.004161
699	729	0.994006
700	710	0.000002
700	711	0.000036
700	715	0.000002
700	726	0.002120
700	727	0.847977
700	729	0.000007
701	710	0.000259
701	714	0.000002
701	726	0.990918
701	727	0.000578
702	709	0.000298
702	713	0.000003
702	725	0.999214
703	709	0.000011
703	712	0.000003
703	724	0.999251
704	708	0.000009
704	711	0.000003
704	722	0.000047
704	723	0.998211
705	710	0.000002
705	721	0.000093
705	722	0.997636
705	723	0.000007
706	714	0.000001
706	715	0.000013
706	720	0.000182
706	721	0.995260
707	714	0.000033
707	715	0.000007
707	720	0.797899
707	721	0.000158
707	722	0.000028
708	713	0.000064
708	716	0.059614
708	717	0.001000
708	719	0.632508
708	730	0.000023
709	714	0.014390
709	715	0.079340
709	720	0.189863
709	721	0.000003
709	729	0.000027
710	716	0.013009
710	717	0.274050
710	719	0.230761
710	728	0.000018
711	716	0.153811
711	717	0.003031
711	718	0.242426
711	719	0.000149
711	728	0.000591
712	720	0.000151
712	721	0.000005
712	727	0.000701
713	720	0.000013
713	726	0.000705
714	718	0.000896
714	719	0.000070
714	725	0.000707
715	719	0.000013
715	724	0.000707
716	722	0.000001
716	723	0.000688
717	721	0.000002
717	722	0.000521
729	761	0.000001
730	760	0.000001
734	760	0.000011
735	760	0.000061
736	740	0.000023
736	741	0.000079
736	742	0.000063
736	743	0.000100
736	744	0.000037
736	745	0.000052
736	747	0.000009
736	751	0.001281
736	757	0.000105
736	760	0.009012
736	762	0.000020
736	763	0.000003
737	748	0.000021
737	749	0.001264
737	750	0.001918
737	752	0.000204
737	753	0.346767
737	754	0.001961
737	755	0.000667
737	758	0.000202
737	759	0.026041
738	748	0.001647
738	749	0.001919
738	750	0.000194
738	752	0.458873
738	753	0.001624
738	754	0.000599
738	755	0.000157
738	758	0.029288
738	759	0.000457
739	743	0.000056
739	744	0.000207
739	745	0.000130
739	747	0.001616
739	751	0.476254
739	757	0.027647
739	760	0.001361
739	762	0.000025
739	763	0.000008
740	748	0.000069
740	749	0.001119
740	750	0.476248
740	752	0.000159
740	753	0.000399
740	754	0.001066
740	755	0.018926
740	758	0.000068
740	759	0.001701
741	748	0.001373
741	749	0.465279
741	750	0.007423
741	752	0.000456
741	753	0.001367
741	754	0.021957
741	755	0.020036
741	758	0.001462
741	759	0.000254
742	748	0.388833
742	749	0.009218
742	750	0.002852
742	752	0.001221
742	753	0.022426
742	754	0.022749
742	755	0.014573
742	758	0.000216
742	759	0.000195
743	748	0.007549
743	749	0.003252
743	750	0.002095
743	752	0.021212
743	753	0.022467
743	754	0.017926
743	755	0.001379
743	758	0.000171
743	759	0.000194
744	748	0.002065
744	749	0.001903
744	750	0.001430
744	752	0.019282
744	753	0.018579
744	754	0.001619
744	755	0.000866
744	758	0.000173
744	759	0.000159
745	749	0.000963
745	750	0.001200
745	752	0.013735
745	753	0.001409
745	754	0.000941
745	755	0.000064
745	758	0.000138
745	759	0.000035
746	760	0.012895
747	752	0.000145
747	753	0.000459
747	754	0.000638
747	755	0.000243
747	758	0.000624
747	759	0.012392
748	757	0.000827
748	760	0.000050
748	762	0.000085
748	763	0.000090
749	757	0.000816
749	760	0.000093
749	762	0.000142
749	763	0.000063
750	757	0.000323
750	760	0.001381
750	762	0.000103
750	763	0.000012
751	755	0.000123
751	758	0.000544
751	759	0.001640
752	757	0.000522
752	760	0.000154
752	762	0.000047
752	763	0.000237
753	757	0.000107
753	760	0.000509
753	762	0.000424
753	763	0.000148
754	760	0.000516
754	762	0.000303
754	763	0.000530
755	760	0.000153
755	762	0.000812
755	763	0.000042
756	760	0.000457
758	762	0.000104
758	763	0.000104
759	763	0.000040
