1	7	0.000013
1	8	0.000011
1	9	0.000003
1	12	0.000003
1	13	0.000001
1	15	0.000012
1	41	0.069893
1	759	0.000069
1	764	0.000576
1	766	0.000001
1	769	0.000001
1	772	0.061815
1	783	0.001388
1	784	0.000003
1	800	0.000017
1	806	0.000138
1	851	0.000021
1	853	0.000345
1	854	0.131178
1	855	0.001461
1	860	0.000527
1	861	0.000193
1	862	0.000013
1	863	0.000016
1	865	0.001793
1	869	0.000032
1	874	0.093718
1	875	0.002330
1	882	0.000004
1	884	0.000989
1	888	0.000014
1	889	0.000139
1	891	0.008318
1	895	0.272717
1	898	0.000022
1	907	0.000005
1	908	0.000008
1	909	0.000034
1	911	0.000005
1	912	0.000014
1	913	0.000035
1	914	0.000112
1	917	0.000084
1	918	0.000246
2	7	0.000037
2	8	0.000008
2	9	0.000002
2	11	0.000004
2	12	0.000003
2	14	0.000014
2	15	0.000005
2	30	0.000044
2	39	0.000061
2	40	0.094684
2	41	0.000552
2	42	0.001594
2	46	0.000089
2	758	0.000096
2	759	0.000020
2	761	0.000088
2	763	0.000642
2	764	0.000217
2	766	0.000001
2	767	0.000145
2	769	0.000001
2	770	0.000020
2	771	0.069503
2	772	0.000080
2	777	0.000004
2	782	0.001837
2	793	0.000005
2	795	0.000006
2	799	0.000023
2	800	0.000123
2	801	0.000038
2	804	0.000009
2	805	0.000155
2	812	0.000007
2	835	0.000024
2	836	0.000092
2	848	0.000017
2	849	0.003943
2	852	0.000321
2	853	0.263848
2	854	0.001001
2	855	0.000024
2	859	0.000695
2	860	0.000377
2	861	0.000018
2	862	0.000048
2	863	0.000015
2	864	0.002007
2	865	0.001342
2	868	0.000039
2	869	0.000007
2	872	0.000003
2	873	0.124485
2	874	0.002474
2	875	0.000023
2	877	0.000225
2	880	0.000167
2	882	0.000003
2	883	0.001104
2	884	0.001883
2	888	0.000243
2	889	0.000041
2	890	0.011965
2	891	0.003428
2	893	0.000141
2	894	0.308699
2	895	0.002234
2	898	0.000005
2	905	0.000270
2	907	0.000007
2	908	0.000031
2	909	0.000086
2	911	0.000009
2	912	0.000031
2	913	0.000183
2	914	0.000153
2	915	0.011080
2	917	0.000204
2	918	0.000036
2	920	0.002478
3	7	0.000009
3	8	0.000007
3	9	0.000003
3	11	0.000003
3	13	0.000014
3	14	0.000006
3	29	0.000045
3	39	0.094728
3	40	0.000693
3	41	0.001291
3	42	0.016644
3	46	0.000006
3	758	0.000030
3	761	0.000140
3	763	0.000230
3	764	0.000003
3	766	0.000049
3	767	0.000366
3	769	0.000007
3	770	0.069478
3	771	0.000085
3	777	0.000002
3	781	0.001839
3	793	0.000008
3	795	0.000003
3	798	0.000007
3	799	0.000154
3	800	0.000013
3	801	0.000057
3	803	0.000009
3	804	0.000154
3	811	0.000007
3	834	0.000024
3	835	0.000091
3	836	0.000001
3	848	0.003915
3	849	0.000046
3	851	0.000119
3	852	0.282418
3	853	0.000019
3	854	0.000013
3	855	0.000007
3	859	0.000394
3	860	0.000013
3	861	0.000058
3	862	0.000031
3	863	0.001817
3	864	0.001446
3	865	0.000002
3	868	0.000009
3	871	0.000001
3	872	0.125035
3	873	0.002533
3	874	0.000014
3	875	0.000035
3	877	0.000050
3	880	0.000089
3	882	0.000355
3	883	0.002231
3	884	0.000003
3	888	0.000025
3	889	0.010603
3	890	0.005547
3	891	0.000006
3	893	0.307897
3	894	0.002395
3	895	0.000012
3	898	0.000002
3	905	0.000069
3	907	0.000011
3	908	0.000098
3	909	0.000046
3	911	0.000009
3	912	0.000164
3	913	0.000195
3	914	0.010017
3	915	0.004512
3	917	0.000018
3	918	0.000148
3	920	0.002774
4	8	0.000017
4	9	0.000012
4	12	0.000013
4	13	0.000006
4	28	0.000045
4	41	0.016069
4	756	0.000111
4	764	0.000006
4	766	0.000313
4	769	0.058126
4	772	0.000001
4	780	0.001826
4	792	0.000004
4	798	0.000129
4	800	0.000051
4	851	0.282464
4	853	0.000011
4	854	0.000005
4	855	0.000003
4	860	0.000051
4	861	0.000032
4	862	0.001536
4	863	0.001248
4	865	0.000001
4	871	0.126268
4	872	0.001421
4	874	0.000032
4	875	0.000006
4	882	0.001870
4	884	0.000006
4	888	0.008484
4	889	0.004829
4	891	0.001195
4	895	0.000008
4	898	0.000003
4	907	0.000084
4	908	0.000041
4	909	0.000007
4	911	0.000124
4	912	0.000152
4	913	0.008440
4	914	0.003862
4	917	0.000135
4	918	0.001087
5	10	0.000010
5	27	0.000045
5	755	0.000144
5	760	0.000078
5	775	0.000006
5	778	0.000004
5	779	0.001797
5	810	0.000002
5	847	0.000022
5	850	0.281747
5	856	0.000493
5	870	0.127305
5	879	0.000025
5	885	0.001297
5	886	0.001430
5	892	0.234546
5	919	0.004566
6	26	0.000045
6	41	0.000957
6	754	0.000116
6	759	0.000054
6	764	0.000045
6	766	0.000902
6	769	0.000057
6	772	0.000004
6	798	0.000045
6	800	0.000003
6	809	0.000002
6	851	0.000008
6	854	0.000001
6	855	0.000401
6	860	0.000088
6	861	0.000083
6	862	0.000016
6	863	0.000002
6	865	0.000005
6	869	0.103952
6	871	0.000023
6	874	0.000003
6	875	0.000003
6	882	0.000018
6	884	0.001078
6	888	0.000877
6	889	0.000148
6	891	0.189803
6	895	0.000005
6	898	0.000029
6	907	0.000018
6	908	0.000004
6	909	0.000015
6	911	0.000517
6	912	0.000142
6	913	0.000054
6	914	0.000015
6	917	0.000205
6	918	0.003699
7	25	0.000042
7	37	0.000047
7	38	0.003819
7	43	0.000404
7	44	0.000414
7	45	0.000190
7	762	0.000010
7	765	0.000835
7	768	0.000181
7	773	0.000003
7	774	0.000006
7	775	0.000004
7	776	0.000040
7	778	0.000011
7	796	0.000003
7	797	0.000049
7	802	0.000003
7	808	0.000002
7	847	0.000002
7	850	0.000010
7	857	0.000010
7	858	0.000026
7	866	0.000136
7	867	0.001999
7	870	0.000021
7	876	0.000001
7	878	0.000004
7	879	0.000004
7	881	0.000025
7	885	0.000061
7	886	0.000048
7	887	0.001054
7	892	0.000020
7	896	0.000002
7	897	0.000030
7	899	0.000002
7	900	0.000007
7	901	0.000011
7	902	0.000012
7	903	0.000012
7	904	0.000016
7	906	0.000018
7	910	0.000460
7	916	0.000217
7	919	0.000008
7	921	0.000029
7	922	0.000049
8	22	0.000021
8	37	0.002408
8	38	0.714045
8	43	0.000273
8	44	0.000160
8	45	0.000020
8	762	0.000006
8	765	0.000165
8	768	0.000021
8	773	0.000004
8	774	0.000005
8	775	0.000034
8	776	0.000009
8	796	0.000027
8	797	0.000003
8	847	0.000001
8	856	0.000004
8	857	0.000016
8	858	0.000009
8	866	0.001014
8	867	0.001998
8	878	0.000002
8	881	0.000004
8	885	0.000014
8	886	0.000734
8	887	0.000134
8	892	0.000003
8	896	0.000015
8	897	0.000001
8	899	0.000004
8	900	0.000010
8	901	0.000011
8	902	0.000012
8	903	0.000015
8	904	0.000002
8	906	0.000001
8	910	0.000007
8	916	0.000109
8	919	0.000003
8	921	0.000030
8	922	0.000055
9	19	0.000002
9	21	0.000026
9	37	0.955071
9	38	0.000331
9	43	0.000051
9	44	0.000007
9	762	0.000003
9	765	0.000013
9	768	0.000003
9	773	0.000002
9	774	0.000015
9	775	0.000004
9	796	0.000003
9	856	0.000005
9	857	0.000004
9	858	0.000001
9	866	0.000929
9	867	0.000018
9	881	0.000061
9	885	0.000137
9	886	0.000069
9	887	0.000031
9	899	0.000004
9	900	0.000006
9	901	0.000007
9	902	0.000008
9	903	0.000001
9	916	0.000002
9	921	0.000086
9	922	0.000002
10	18	0.000003
10	20	0.000026
10	23	0.000002
10	36	0.999571
10	42	0.000012
10	761	0.000002
10	795	0.000002
10	865	0.000011
10	880	0.000058
10	890	0.000001
10	920	0.000087
11	16	0.000005
11	35	0.999662
11	794	0.000001
11	879	0.000056
11	919	0.000086
12	19	0.000002
12	31	0.000004
12	34	0.991604
12	35	0.000003
12	38	0.000002
12	878	0.000048
13	31	0.000122
13	34	0.000106
13	37	0.000002
13	887	0.000001
14	35	0.000007
14	886	0.000001
15	31	0.914105
15	34	0.000008
15	885	0.000001
15	916	0.000005
16	28	0.000021
16	29	0.077134
16	30	0.917126
16	32	0.000048
16	33	0.000004
16	915	0.000006
17	26	0.000064
17	28	0.533671
17	29	0.462618
17	914	0.000003
18	25	0.000136
18	27	0.988335
19	24	0.000099
19	26	0.987387
19	28	0.010478
20	25	0.983871
20	27	0.010729
21	26	0.008118
21	28	0.000001
21	29	0.000003
22	26	0.000008
22	28	0.000017
23	27	0.000017
25	907	0.000001
26	906	0.000001
27	36	0.000001
27	905	0.000001
28	35	0.000001
28	904	0.000001
29	857	0.000001
30	856	0.000001
32	775	0.000002
32	886	0.000002
33	773	0.000021
33	774	0.000001
33	866	0.000002
33	885	0.000002
33	896	0.000003
33	921	0.000001
34	41	0.000006
34	772	0.000025
34	865	0.000003
34	884	0.000002
34	895	0.000004
35	40	0.000006
35	42	0.000002
35	761	0.000002
35	771	0.000025
35	864	0.000003
35	883	0.000002
35	893	0.000016
35	894	0.000002
35	920	0.000095
36	760	0.000002
36	892	0.000018
36	919	0.000095
37	41	0.000013
37	759	0.000001
37	766	0.000001
37	769	0.000013
37	860	0.000001
37	861	0.000053
37	862	0.000006
37	863	0.000002
37	888	0.000005
37	889	0.000012
37	891	0.000016
37	918	0.000091
38	764	0.000012
38	766	0.000032
38	769	0.000041
38	772	0.000002
38	780	0.000001
38	851	0.000028
38	860	0.000140
38	861	0.000013
38	862	0.000005
38	863	0.000001
38	871	0.000001
38	888	0.000032
38	889	0.000005
38	891	0.000001
38	913	0.000001
38	917	0.000064
38	918	0.000002
39	48	0.000115
39	760	0.000012
39	775	0.000006
39	778	0.000001
39	779	0.000002
39	794	0.000002
39	847	0.000001
39	850	0.000039
39	856	0.000007
39	870	0.000002
39	879	0.000002
39	885	0.000019
39	886	0.003420
39	892	0.000017
39	919	0.000036
40	48	0.001201
40	760	0.000023
40	775	0.000144
40	778	0.000003
40	794	0.000001
40	850	0.000016
40	856	0.000029
40	879	0.000006
40	885	0.003430
40	886	0.000310
40	892	0.000018
40	919	0.000035
41	45	0.000343
41	47	0.001114
41	48	0.000015
41	49	0.000537
41	757	0.000002
41	760	0.000005
41	762	0.000146
41	765	0.001737
41	768	0.000059
41	773	0.000003
41	774	0.000134
41	776	0.000095
41	796	0.000004
41	797	0.000003
41	802	0.000003
41	856	0.000001
41	857	0.025395
41	858	0.000037
41	866	0.000003
41	867	0.000002
41	876	0.000001
41	878	0.000007
41	881	0.000003
41	885	0.000131
41	886	0.000947
41	887	0.000660
41	892	0.000001
41	896	0.000002
41	897	0.000002
41	899	0.000001
41	900	0.000002
41	901	0.000002
41	902	0.000001
41	903	0.000001
41	910	0.000002
41	916	0.000009
41	919	0.000004
41	921	0.000184
41	922	0.000011
42	48	0.000979
42	755	0.000015
42	760	0.000224
42	775	0.000110
42	794	0.000001
42	850	0.000016
42	856	0.028628
42	870	0.000009
42	879	0.000004
42	885	0.001837
42	886	0.000813
42	892	0.000202
42	919	0.003928
43	754	0.000015
43	759	0.000203
43	764	0.001174
43	766	0.000129
43	769	0.000005
43	772	0.000013
43	798	0.000003
43	800	0.000004
43	853	0.000002
43	854	0.000023
43	855	0.028057
43	860	0.000006
43	861	0.000029
43	862	0.000088
43	863	0.000049
43	865	0.000005
43	869	0.000008
43	872	0.000001
43	874	0.000005
43	875	0.000023
43	882	0.000105
43	884	0.001592
43	888	0.000153
43	889	0.000096
43	891	0.000181
43	895	0.000030
43	898	0.000003
43	907	0.000002
43	908	0.000013
43	909	0.000065
43	911	0.000003
43	912	0.000020
43	913	0.000082
43	914	0.000154
43	917	0.000015
43	918	0.003857
44	753	0.000003
44	756	0.000009
44	759	0.000024
44	764	0.002607
44	766	0.000054
44	769	0.000007
44	772	0.000006
44	798	0.000003
44	800	0.000004
44	851	0.000002
44	853	0.000029
44	854	0.024146
44	855	0.000103
44	860	0.000030
44	861	0.000106
44	862	0.000069
44	863	0.000014
44	865	0.000006
44	871	0.000001
44	872	0.000267
44	874	0.000022
44	875	0.000021
44	882	0.000024
44	884	0.000028
44	888	0.000094
44	889	0.000061
44	891	0.000012
44	895	0.000014
44	898	0.000004
44	907	0.000013
44	908	0.000072
44	909	0.000022
44	911	0.000017
44	912	0.000087
44	913	0.000177
44	914	0.000064
44	917	0.002925
44	918	0.000132
45	754	0.000001
45	756	0.003716
45	759	0.000032
45	764	0.000868
45	766	0.000132
45	769	0.000030
45	772	0.000032
45	798	0.000002
45	800	0.000003
45	851	0.000056
45	853	0.013743
45	854	0.000131
45	855	0.000049
45	860	0.000081
45	861	0.000054
45	862	0.000014
45	863	0.000002
45	865	0.000004
45	871	0.000335
45	874	0.000017
45	875	0.000003
45	882	0.000043
45	884	0.000008
45	888	0.000048
45	889	0.000017
45	891	0.000007
45	895	0.000009
45	898	0.000003
45	907	0.000052
45	908	0.000018
45	909	0.000004
45	911	0.000054
45	912	0.000103
45	913	0.000058
45	914	0.000016
45	917	0.000106
45	918	0.000024
46	755	0.004001
46	760	0.948814
46	850	0.000062
46	856	0.000014
46	870	0.000344
46	885	0.002225
46	886	0.000005
46	892	0.001945
46	919	0.000127
47	754	0.003918
47	756	0.000067
47	759	0.961860
47	764	0.000032
47	772	0.000005
47	800	0.000009
47	851	0.000008
47	853	0.004761
47	854	0.000002
47	855	0.000009
47	860	0.000004
47	865	0.000009
47	869	0.000342
47	884	0.002235
47	891	0.001974
47	895	0.000022
47	909	0.000001
47	913	0.000001
47	914	0.000005
47	918	0.000104
48	61	0.000001
48	753	0.000557
48	754	0.000015
48	756	0.000060
48	758	0.960489
48	759	0.000007
48	761	0.000028
48	763	0.000035
48	767	0.000011
48	770	0.000002
48	771	0.000006
48	799	0.000010
48	801	0.000004
48	848	0.000009
48	849	0.000028
48	852	0.006314
48	854	0.000004
48	859	0.000004
48	864	0.000010
48	868	0.000337
48	880	0.000001
48	883	0.002230
48	890	0.001981
48	894	0.000024
48	905	0.000002
48	908	0.000001
48	912	0.000001
48	913	0.000005
48	914	0.000001
48	915	0.000041
48	917	0.000043
48	920	0.000016
49	60	0.000003
49	753	0.000013
49	754	0.000157
49	756	0.971634
49	759	0.000001
49	766	0.000008
49	769	0.000002
49	798	0.000006
49	800	0.000002
49	851	0.006305
49	853	0.000002
49	863	0.000006
49	882	0.001221
49	888	0.000002
49	889	0.001516
49	912	0.000002
49	914	0.000021
50	59	0.000004
50	752	0.000005
50	755	0.978914
50	760	0.000006
50	850	0.006283
50	879	0.000005
50	885	0.000003
50	886	0.000005
50	919	0.000004
51	58	0.000004
51	753	0.504482
51	754	0.487041
51	756	0.000002
51	759	0.000003
51	888	0.000013
51	918	0.000001
52	57	0.000004
52	752	0.998786
52	886	0.000883
53	751	0.999062
53	752	0.000011
53	885	0.000884
54	750	0.998298
54	882	0.000008
54	884	0.000833
55	744	0.000004
55	749	0.998284
55	881	0.000027
56	741	0.000197
56	742	0.000236
56	743	0.000003
56	747	0.000004
56	748	0.998663
56	880	0.000029
56	883	0.000830
57	711	0.000063
57	717	0.000003
57	740	0.000255
57	741	0.000304
57	742	0.000012
57	743	0.000002
57	747	0.998398
57	882	0.000831
58	710	0.000174
58	712	0.000356
58	713	0.000006
58	714	0.000002
58	716	0.000003
58	744	0.000313
58	745	0.002450
58	746	0.985314
58	878	0.000029
58	881	0.000832
59	709	0.000465
59	711	0.001067
59	717	0.000044
59	739	0.981230
59	740	0.004050
59	741	0.000523
59	742	0.000415
59	743	0.000107
59	877	0.000029
59	880	0.000829
60	708	0.000247
60	710	0.001038
60	712	0.000008
60	713	0.000005
60	714	0.000005
60	716	0.000043
60	737	0.000002
60	738	0.985810
60	744	0.000485
60	745	0.000106
60	746	0.000002
60	876	0.000025
60	879	0.000548
61	707	0.000007
61	708	0.009836
61	712	0.000001
61	715	0.000012
61	737	0.987267
61	738	0.000003
61	744	0.000042
61	745	0.000004
61	878	0.000112
62	707	0.011553
62	736	0.988390
63	706	0.011562
63	735	0.987754
64	705	0.011557
64	733	0.000001
64	734	0.962805
64	736	0.000002
65	704	0.011522
65	705	0.000012
65	732	0.000002
65	733	0.937466
65	734	0.025592
66	704	0.000023
66	732	0.911158
66	733	0.050933
67	702	0.016517
67	732	0.076161
68	701	0.017877
68	728	0.000355
68	729	0.000020
68	730	0.000299
68	731	0.974638
69	113	0.000057
69	700	0.017880
69	727	0.000355
69	728	0.000019
69	729	0.000072
69	730	0.978991
69	731	0.000354
70	112	0.000058
70	699	0.017875
70	725	0.000002
70	726	0.000351
70	729	0.980676
70	730	0.000260
71	111	0.000059
71	698	0.017879
71	724	0.000003
71	725	0.000337
71	727	0.000055
71	728	0.981464
71	729	0.000154
71	731	0.000002
72	110	0.000059
72	113	0.000087
72	697	0.017819
72	724	0.000240
72	726	0.000087
72	727	0.981069
72	728	0.000154
72	730	0.000002
73	77	0.000010
73	79	0.000007
73	112	0.000118
73	688	0.000002
73	690	0.000002
73	696	0.015980
73	725	0.003519
73	726	0.856734
73	729	0.000002
74	78	0.000011
74	80	0.000027
74	81	0.000107
74	82	0.000027
74	687	0.000004
74	689	0.000005
74	691	0.000010
74	705	0.000001
74	715	0.000080
75	80	0.000102
75	81	0.000026
75	109	0.000045
75	692	0.000016
75	694	0.000099
75	704	0.000001
75	714	0.000080
75	723	0.000237
76	80	0.000014
76	85	0.000021
76	108	0.000031
76	109	0.010634
76	115	0.000021
76	691	0.000013
76	692	0.000009
76	694	0.000013
76	705	0.000001
76	713	0.000079
76	723	0.000516
77	84	0.000026
77	108	0.014919
77	109	0.000006
77	114	0.000026
77	681	0.000005
77	687	0.000002
77	691	0.000008
77	692	0.000017
77	694	0.004300
77	702	0.000028
77	704	0.000005
77	712	0.000078
77	723	0.000308
78	83	0.000029
78	86	0.000004
78	104	0.000089
78	107	0.015689
78	110	0.000058
78	111	0.000002
78	112	0.000002
78	113	0.000464
78	686	0.000004
78	690	0.000001
78	693	0.004426
78	695	0.001195
78	700	0.000002
78	701	0.000034
78	703	0.000545
78	711	0.000075
78	720	0.007165
78	721	0.000069
78	722	0.000308
78	724	0.961074
78	725	0.000418
78	726	0.000001
79	85	0.000004
79	103	0.000089
79	106	0.015646
79	108	0.000021
79	109	0.000050
79	679	0.000011
79	685	0.000004
79	691	0.000450
79	692	0.003992
79	694	0.001195
79	702	0.000608
79	710	0.000073
79	719	0.007283
79	723	0.967860
80	86	0.000001
80	87	0.000006
80	104	0.000003
80	105	0.015360
80	107	0.000030
80	110	0.000002
80	111	0.000810
80	112	0.000101
80	113	0.000045
80	678	0.000029
80	690	0.002133
80	693	0.001184
80	697	0.000002
80	698	0.000008
80	699	0.000019
80	700	0.000016
80	701	0.000629
80	709	0.000049
80	718	0.007282
80	720	0.000019
80	721	0.000263
80	722	0.968717
81	86	0.000009
81	101	0.000098
81	104	0.014899
81	105	0.000378
81	107	0.000139
81	110	0.000813
81	111	0.000160
81	112	0.000031
81	677	0.000029
81	690	0.000948
81	693	0.000003
81	696	0.000002
81	697	0.000008
81	698	0.000024
81	699	0.000016
81	700	0.000628
81	701	0.000009
81	717	0.007212
81	718	0.000057
81	720	0.000277
81	721	0.968532
81	722	0.000009
82	86	0.000002
82	90	0.000003
82	100	0.000099
82	104	0.000827
82	105	0.000086
82	107	0.000476
82	110	0.000169
82	111	0.000036
82	113	0.000004
82	116	0.000002
82	676	0.000029
82	686	0.000003
82	688	0.003721
82	690	0.000315
82	693	0.000002
82	695	0.000005
82	696	0.000004
82	697	0.000024
82	698	0.000072
82	699	0.000482
82	700	0.000010
82	701	0.000005
82	706	0.000042
82	717	0.000072
82	718	0.000014
82	720	0.959921
82	721	0.000015
83	88	0.000003
83	89	0.000006
83	99	0.000099
83	102	0.002202
83	103	0.000905
83	114	0.003023
83	675	0.000029
83	679	0.000029
83	680	0.000002
83	687	0.004150
83	689	0.000395
83	691	0.000085
83	704	0.000001
83	705	0.000055
83	707	0.000033
83	715	0.002279
84	97	0.000002
84	98	0.000095
84	101	0.000422
84	104	0.295087
84	105	0.007289
84	107	0.009301
84	110	0.000056
84	111	0.000056
84	112	0.000002
84	113	0.005730
84	117	0.000020
84	674	0.000002
84	678	0.000029
84	686	0.003912
84	688	0.000134
84	690	0.000022
84	693	0.000072
84	695	0.000072
84	696	0.000004
84	697	0.001052
84	698	0.000175
84	699	0.000004
84	700	0.000614
84	701	0.000177
84	706	0.000013
84	717	0.001945
84	718	0.277315
84	720	0.000023
85	105	0.013982
85	112	0.005652
85	116	0.000020
85	688	0.000036
85	690	0.000009
85	696	0.000905
85	699	0.000529
85	703	0.000002
85	706	0.000016
85	709	0.000005
85	711	0.000013
86	95	0.000098
86	99	0.000002
86	102	0.000729
86	103	0.959922
86	673	0.000001
86	687	0.000043
86	689	0.000009
86	705	0.000015
86	715	0.002329
87	94	0.000099
87	99	0.000004
87	102	0.968972
87	103	0.000011
87	106	0.000326
87	108	0.000003
87	672	0.000001
87	685	0.000002
87	694	0.000001
87	702	0.000003
87	704	0.000003
87	712	0.000001
87	713	0.000009
87	714	0.002151
87	715	0.000029
87	716	0.000025
87	719	0.000035
88	93	0.000099
88	98	0.000007
88	100	0.000002
88	101	0.997954
88	104	0.000875
88	105	0.000412
88	107	0.000002
88	111	0.000002
88	671	0.000001
88	701	0.000003
88	718	0.000033
89	97	0.000007
89	100	0.998490
89	104	0.000430
89	110	0.000002
89	670	0.000001
89	700	0.000003
89	717	0.000032
90	95	0.000006
90	99	0.998466
90	102	0.001159
90	103	0.000216
90	669	0.000001
90	715	0.000003
91	97	0.000081
91	98	0.998161
91	101	0.001387
92	97	0.985866
92	98	0.000004
92	100	0.001389
93	99	0.001387
101	114	0.000002
101	125	0.000001
102	107	0.000690
102	110	0.000178
102	111	0.016793
102	112	0.000058
102	113	0.000236
102	117	0.000002
102	124	0.000001
102	677	0.000007
102	693	0.000358
102	695	0.000499
102	696	0.000140
102	697	0.000026
102	698	0.000364
102	699	0.000002
102	700	0.000002
102	701	0.000080
102	717	0.000002
102	718	0.000180
103	107	0.000040
103	110	0.016785
103	111	0.000090
103	112	0.000205
103	113	0.000022
103	116	0.000002
103	123	0.000001
103	676	0.000007
103	690	0.000016
103	693	0.002747
103	695	0.000210
103	696	0.000013
103	697	0.000363
103	698	0.000003
103	699	0.000001
103	700	0.000080
103	706	0.000006
103	709	0.000002
103	717	0.000185
104	114	0.000167
104	119	0.000002
104	122	0.000001
104	675	0.000007
104	680	0.000006
104	687	0.000003
104	689	0.000069
104	691	0.013075
104	704	0.000002
104	705	0.000023
104	707	0.000083
104	715	0.000827
105	109	0.000264
105	114	0.000039
105	115	0.000030
105	118	0.000005
105	679	0.000005
105	684	0.000016
105	685	0.000003
105	689	0.000973
105	691	0.398980
105	692	0.001537
105	694	0.000088
105	702	0.000004
105	704	0.000011
105	705	0.000002
105	707	0.001353
105	708	0.000022
105	710	0.000685
105	712	0.000056
105	713	0.000009
105	714	0.000741
105	715	0.000008
105	716	0.000008
105	719	0.000002
106	112	0.000236
106	116	0.000010
106	688	0.001269
106	690	0.483511
106	696	0.000004
106	699	0.000001
106	703	0.000007
106	706	0.001609
106	709	0.000756
106	711	0.000055
107	114	0.000899
107	122	0.000003
107	679	0.000001
107	680	0.000004
107	687	0.001307
107	689	0.491379
107	691	0.010941
107	704	0.000007
107	705	0.001628
107	707	0.000642
107	715	0.000075
108	112	0.000146
108	116	0.000008
108	121	0.000002
108	688	0.371623
108	690	0.009536
108	696	0.000002
108	699	0.000002
108	703	0.000005
108	706	0.000377
108	709	0.000008
108	711	0.000008
109	116	0.000015
109	121	0.000143
109	688	0.141931
109	690	0.004045
109	696	0.000001
109	699	0.000001
109	706	0.002318
109	709	0.000007
109	711	0.000017
110	114	0.000080
110	119	0.000001
110	120	0.000157
110	679	0.000002
110	680	0.000260
110	687	0.256814
110	689	0.004688
110	691	0.000088
110	704	0.000002
110	705	0.002645
110	707	0.000022
110	715	0.000032
111	119	0.000163
111	679	0.000251
111	680	0.000710
111	687	0.007582
111	689	0.000300
111	691	0.000057
111	704	0.002309
111	705	0.000022
111	707	0.000105
111	715	0.000532
112	118	0.000158
112	679	0.000045
112	680	0.003496
112	681	0.000096
112	684	0.031290
112	685	0.104348
112	687	0.000619
112	689	0.000003
112	692	0.000081
112	702	0.000012
112	704	0.000003
112	705	0.000006
112	707	0.000001
112	708	0.000440
112	710	0.000001
112	712	0.000002
112	713	0.000005
112	714	0.000476
112	715	0.000003
112	716	0.000656
112	719	0.000002
113	119	0.000007
113	679	0.005753
113	680	0.000222
113	687	0.000890
113	689	0.000055
113	691	0.000094
113	704	0.000007
113	705	0.000095
113	707	0.000496
113	715	0.000764
114	678	0.005827
114	682	0.000050
114	683	0.965176
114	686	0.000304
114	688	0.000002
114	690	0.000004
114	700	0.000005
114	701	0.000004
114	706	0.000002
114	717	0.000010
114	718	0.000012
115	682	0.969892
115	699	0.000004
115	706	0.000002
115	709	0.000009
115	711	0.000017
116	679	0.000012
116	680	0.006461
116	681	0.969120
116	692	0.000002
116	705	0.000002
116	708	0.000010
116	710	0.000014
116	712	0.000001
116	716	0.000035
117	679	0.017773
117	680	0.965780
117	691	0.000002
117	704	0.000002
117	707	0.000010
117	715	0.000039
118	690	0.000002
118	703	0.000002
118	706	0.000008
119	676	0.000002
119	677	0.987329
119	678	0.011472
120	676	0.993730
120	677	0.006072
120	678	0.000001
121	675	0.995158
122	674	0.995841
122	676	0.000032
123	673	0.999931
123	675	0.000026
124	672	0.999505
125	670	0.000001
125	671	0.999964
126	670	0.996594
126	671	0.000002
128	668	0.995995
129	667	0.999961
130	666	0.997712
131	662	0.000015
131	664	0.040016
131	665	0.947836
131	666	0.000009
132	661	0.000010
132	662	0.501650
132	664	0.493314
132	665	0.000026
133	661	0.956185
133	662	0.039575
133	664	0.000040
134	660	0.999779
134	663	0.000051
135	659	0.999939
135	662	0.000017
136	658	0.999980
136	661	0.000009
137	657	0.999988
137	659	0.000001
138	656	0.999978
138	658	0.000001
139	655	0.999563
140	654	0.999604
140	656	0.000002
141	652	0.000014
141	653	0.253512
141	655	0.000002
142	652	0.240186
142	653	0.745928
143	652	0.754073
143	653	0.000028
145	650	0.996331
145	651	0.000611
146	648	0.000005
146	649	0.999624
147	647	0.000008
147	648	0.999932
148	647	0.992034
149	646	0.991502
150	644	0.000001
150	645	0.998305
151	644	0.999295
151	645	0.000002
152	643	0.999983
153	640	0.000001
153	642	0.999931
154	641	0.987363
155	641	0.000216
156	641	0.000005
157	641	0.000007
158	635	0.000014
158	636	0.996987
158	638	0.000042
158	640	0.000004
159	635	0.999908
159	636	0.000030
160	634	0.999502
160	635	0.000007
161	633	0.999977
162	632	0.999990
163	631	0.999991
164	630	0.999964
165	629	0.999935
166	628	0.995582
167	625	0.000319
167	626	0.000058
167	627	0.988900
168	624	0.000235
168	626	0.996490
168	627	0.000024
169	624	0.022166
169	625	0.976990
169	626	0.000002
169	629	0.000001
170	210	0.000007
170	495	0.000004
170	623	0.998207
170	628	0.000001
171	175	0.000002
171	209	0.000012
171	491	0.000002
171	494	0.000005
171	497	0.000004
171	613	0.000003
171	620	0.000003
171	622	0.997808
171	624	0.000003
171	627	0.000001
172	208	0.000013
172	489	0.000002
172	490	0.000002
172	495	0.000001
172	496	0.000003
172	612	0.000003
172	621	0.998572
172	623	0.000001
173	488	0.000004
173	492	0.000003
173	493	0.000003
173	494	0.000005
173	497	0.000002
173	611	0.000003
173	618	0.000003
173	619	0.000437
173	620	0.993901
173	625	0.000019
174	487	0.000004
174	616	0.000005
174	624	0.000028
175	203	0.000002
175	204	0.004261
175	206	0.023866
175	495	0.000171
175	609	0.000001
175	610	0.000001
175	617	0.000121
175	623	0.000028
176	202	0.000001
176	203	0.003231
176	204	0.990378
176	206	0.000007
176	495	0.000002
176	617	0.000006
177	201	0.000001
177	202	0.002160
177	203	0.996298
177	204	0.000032
178	201	0.001089
178	202	0.997507
178	203	0.000022
179	199	0.000002
179	201	0.998743
179	202	0.000011
180	200	0.999412
181	198	0.000001
181	199	0.998087
182	198	0.998838
183	197	0.999964
184	196	0.999509
185	193	0.000002
185	195	0.999972
186	192	0.000006
186	194	0.999917
187	191	0.000024
187	193	0.991644
187	195	0.000007
188	192	0.980165
188	194	0.000008
189	193	0.000009
199	497	0.000018
200	495	0.000018
200	496	0.000014
201	493	0.000013
201	494	0.000112
202	492	0.000027
202	493	0.000146
202	494	0.000126
203	491	0.000041
203	492	0.000180
203	493	0.000170
203	494	0.000012
204	488	0.000195
204	491	0.000214
204	492	0.000215
204	493	0.000017
204	494	0.000004
205	487	0.000320
205	616	0.000009
206	487	0.000125
206	488	0.871659
206	491	0.000150
206	492	0.000040
206	493	0.000015
206	494	0.000020
206	497	0.000018
206	615	0.000008
206	619	0.000006
207	487	0.856185
208	484	0.000002
208	487	0.002437
209	485	0.988349
209	495	0.000010
210	483	0.000003
210	484	0.997740
210	488	0.000002
210	494	0.000009
211	483	0.999969
211	493	0.000004
212	482	0.999972
213	479	0.000002
213	481	0.999895
213	482	0.000019
214	477	0.000002
214	478	0.000006
214	479	0.000935
214	480	0.986580
214	481	0.000037
215	476	0.000003
216	476	0.000019
217	476	0.000328
218	476	0.010383
219	476	0.968590
220	475	0.998502
221	474	0.999922
222	473	0.999937
223	472	0.999433
224	471	0.997575
225	469	0.000695
225	470	0.948901
226	466	0.000002
226	467	0.000021
226	468	0.000998
227	465	0.000001
227	466	0.000022
227	467	0.000625
227	468	0.950904
228	467	0.989367
229	469	0.000003
230	462	0.000036
230	463	0.000036
230	465	0.974642
230	466	0.001066
230	468	0.000001
231	461	0.000040
231	464	0.992590
232	460	0.000034
232	462	0.134298
232	463	0.856581
232	465	0.000226
232	466	0.000001
233	461	0.263620
233	464	0.000234
235	459	0.000035
235	460	0.902615
235	462	0.000019
236	459	0.998998
236	460	0.000103
237	458	0.999047
238	456	0.000001
238	457	0.998105
239	456	0.999262
239	457	0.000001
240	455	0.999984
241	454	0.999970
242	453	0.999129
243	452	0.997045
243	454	0.000005
244	451	0.974474
244	453	0.000211
245	452	0.000412
246	448	0.000005
246	449	0.000045
246	450	0.997878
246	451	0.000054
247	449	0.997790
247	451	0.000046
248	448	0.979791
248	449	0.001272
248	450	0.000064
249	446	0.002002
249	448	0.003340
249	449	0.000015
250	446	0.966623
250	448	0.000003
251	444	0.000002
251	445	0.999979
252	444	0.999975
253	443	0.999355
254	442	0.997734
255	439	0.000044
256	439	0.998128
257	438	0.999917
258	437	0.999957
259	436	0.999980
260	435	0.999583
261	434	0.999964
262	433	0.999418
263	429	0.000185
263	430	0.000002
263	431	0.000009
263	432	0.998851
264	269	0.000181
264	428	0.000237
264	431	0.996681
265	409	0.000003
265	410	0.000001
266	393	0.000010
266	407	0.000001
266	409	0.000002
266	410	0.000025
267	409	0.000053
267	410	0.000001
268	394	0.000014
268	408	0.000062
268	426	0.000031
268	427	0.003982
268	428	0.000413
268	429	0.002080
268	430	0.000569
268	431	0.000001
269	393	0.003567
269	395	0.000004
269	407	0.000018
269	409	0.000002
269	425	0.000009
270	392	0.001790
270	393	0.994617
271	392	0.998177
271	393	0.000010
271	425	0.000004
272	390	0.000003
272	391	0.999979
272	424	0.000004
273	390	0.999924
273	423	0.000004
274	288	0.001568
274	384	0.000033
274	387	0.000072
274	388	0.000160
274	389	0.991634
275	287	0.003109
275	380	0.000030
275	383	0.000066
275	384	0.000018
275	386	0.000155
275	387	0.000257
275	388	0.954320
275	389	0.002195
276	286	0.003141
276	295	0.000004
276	379	0.000031
276	384	0.000037
276	387	0.821835
276	388	0.005654
276	389	0.000049
277	285	0.003181
277	294	0.000008
277	378	0.000032
277	382	0.008392
277	385	0.006366
278	284	0.003190
278	293	0.000011
278	377	0.000032
278	381	0.008482
279	287	0.000035
279	289	0.000034
279	290	0.000014
279	376	0.000010
279	380	0.008259
279	383	0.000935
279	384	0.007600
279	386	0.115132
279	387	0.000074
279	388	0.003928
279	389	0.000002
280	286	0.000035
280	288	0.000187
280	289	0.000012
280	379	0.007894
280	384	0.908527
280	387	0.005246
280	388	0.000002
281	287	0.000317
281	288	0.000010
281	289	0.000003
281	290	0.000352
281	374	0.000005
281	379	0.000004
281	380	0.000055
281	383	0.942599
281	384	0.000139
281	386	0.006014
281	387	0.000002
281	388	0.000001
281	389	0.000005
282	286	0.000241
282	288	0.000004
282	289	0.000347
282	376	0.000004
282	379	0.000054
282	384	0.000098
282	387	0.000001
282	388	0.000014
283	288	0.000264
283	376	0.000286
283	379	0.000002
283	384	0.005653
283	387	0.000020
284	288	0.000001
284	290	0.000030
284	374	0.000036
284	376	0.000009
284	379	0.000003
284	380	0.981686
284	383	0.005810
284	384	0.000007
284	386	0.000023
285	289	0.000023
285	295	0.000082
285	376	0.000048
285	379	0.981353
285	384	0.000006
286	294	0.000100
286	372	0.000005
286	373	0.000006
286	375	0.000045
286	377	0.000003
286	378	0.970534
286	381	0.000144
286	382	0.005086
287	293	0.000123
287	294	0.000013
287	377	0.965494
287	381	0.005122
288	292	0.000110
288	293	0.000029
288	294	0.000023
288	371	0.000002
288	372	0.000049
288	373	0.000547
288	375	0.004820
288	377	0.000326
288	378	0.000175
288	381	0.000005
288	382	0.000002
289	293	0.000020
289	294	0.000009
289	371	0.000016
289	372	0.000577
289	373	0.000118
289	375	0.060144
289	377	0.000156
289	378	0.026331
289	382	0.000002
290	294	0.000025
290	377	0.030005
290	381	0.000002
290	390	0.000003
291	295	0.000002
291	376	0.033497
291	389	0.000008
292	376	0.003115
292	388	0.000010
293	370	0.004175
293	374	0.060769
293	376	0.000106
293	380	0.000002
293	384	0.000002
293	387	0.000010
294	369	0.004187
294	370	0.000042
294	374	0.010503
294	376	0.000061
294	379	0.000002
294	383	0.000002
294	386	0.000010
295	368	0.004142
295	371	0.965404
295	372	0.001451
295	373	0.005244
295	375	0.000031
295	378	0.000001
295	382	0.000001
295	385	0.000006
296	367	0.003617
296	369	0.000007
296	370	0.995598
296	374	0.000008
297	367	0.000541
297	369	0.995775
297	370	0.000001
298	365	0.000022
298	366	0.001025
298	368	0.995371
299	364	0.000008
299	367	0.995406
300	365	0.480690
300	366	0.512188
301	364	0.963662
302	363	0.999933
302	365	0.000005
303	362	0.999986
303	363	0.000003
304	361	0.999988
304	362	0.000002
305	360	0.999956
305	361	0.000001
306	359	0.999917
307	358	0.999743
308	357	0.999939
309	356	0.999938
310	355	0.999499
311	354	0.999192
312	353	0.999964
313	352	0.999736
314	351	0.999956
315	329	0.000137
315	350	0.999548
315	351	0.000001
316	321	0.000005
316	322	0.000004
316	328	0.000539
316	331	0.000005
316	349	0.923063
316	352	0.000007
317	326	0.000003
317	327	0.000732
317	329	0.000017
317	342	0.000003
317	343	0.008651
317	350	0.000001
317	351	0.000017
318	326	0.000734
318	327	0.000004
318	329	0.011509
318	342	0.008650
318	343	0.000005
318	350	0.000021
319	328	0.011588
319	339	0.000003
319	341	0.008053
319	349	0.000028
320	326	0.000032
320	327	0.011580
320	329	0.000004
320	335	0.000002
320	342	0.000015
320	343	0.000208
321	325	0.000038
321	326	0.009900
321	337	0.000163
321	340	0.000227
321	342	0.000160
321	343	0.000084
321	344	0.855819
321	345	0.014119
322	326	0.000010
322	330	0.000045
322	335	0.000001
322	337	0.000148
322	340	0.000037
322	342	0.000015
322	343	0.930358
322	344	0.015038
322	345	0.000008
322	351	0.000002
323	329	0.000051
323	335	0.000522
323	342	0.948641
323	343	0.012703
323	350	0.000026
324	328	0.000034
324	334	0.000263
324	339	0.000004
324	341	0.924978
324	349	0.000080
325	334	0.008575
325	339	0.002496
325	341	0.001130
325	349	0.006327
326	332	0.000004
326	333	0.008965
326	334	0.000026
326	338	0.002158
326	339	0.928914
326	341	0.000007
326	347	0.002051
326	348	0.012752
326	349	0.000026
327	331	0.000002
327	332	0.008916
327	333	0.000026
327	336	0.001636
327	338	0.961265
327	339	0.000009
327	346	0.002093
327	347	0.012719
327	348	0.000054
328	335	0.001584
328	337	0.961303
328	340	0.000001
328	345	0.001938
329	333	0.000024
329	334	0.000615
329	336	0.956433
329	338	0.000004
329	346	0.011979
329	347	0.000012
329	348	0.000017
330	334	0.005286
330	349	0.000003
331	335	0.006185
331	340	0.000001
331	343	0.000001
331	344	0.025236
331	345	0.000033
332	342	0.000002
332	343	0.027212
333	342	0.027216
333	343	0.000010
334	340	0.000218
334	342	0.000010
334	344	0.000012
335	339	0.000164
335	341	0.000020
336	342	0.000023
336	343	0.000003
337	341	0.000016
342	347	0.000002
342	348	0.000112
342	349	0.000007
343	347	0.000110
343	348	0.000020
344	349	0.000003
345	349	0.000004
346	350	0.000001
371	376	0.000003
372	376	0.000009
374	381	0.000009
376	382	0.000001
376	385	0.000003
377	383	0.000005
377	384	0.000003
377	386	0.000007
377	388	0.000002
377	389	0.000002
378	384	0.000001
378	387	0.000002
378	388	0.000002
378	389	0.000001
379	385	0.000002
379	421	0.000003
380	390	0.000003
380	420	0.000004
381	386	0.000101
381	387	0.000003
381	388	0.000025
381	389	0.000017
381	419	0.000004
382	387	0.000022
382	388	0.000018
382	389	0.000005
382	418	0.000004
383	390	0.000001
384	416	0.000002
385	389	0.000001
385	415	0.000003
385	417	0.000001
386	414	0.000002
386	416	0.000001
389	414	0.000001
390	413	0.000004
391	412	0.000004
392	411	0.000004
393	428	0.000001
394	407	0.997326
395	405	0.000004
395	406	0.999927
396	404	0.000006
396	405	0.999933
396	406	0.000031
397	402	0.000014
397	404	0.999319
397	405	0.000049
398	402	0.000798
398	403	0.854357
398	404	0.000064
399	403	0.000835
399	404	0.000001
407	428	0.000512
409	426	0.000358
409	427	0.722645
409	428	0.000847
409	429	0.000614
409	430	0.000247
410	426	0.957926
410	427	0.000907
410	428	0.000254
410	429	0.000078
410	430	0.000010
411	425	0.999877
412	424	0.999986
413	420	0.000001
413	423	0.999950
414	419	0.000006
414	422	0.999708
415	420	0.000569
415	421	0.990255
416	422	0.000017
417	421	0.000023
484	490	0.000002
484	495	0.000033
485	491	0.000022
485	492	0.000068
485	493	0.000026
485	494	0.000212
485	497	0.000636
487	495	0.000017
487	496	0.035934
488	495	0.043182
488	498	0.000003
488	617	0.000038
489	616	0.000045
490	616	0.000049
491	495	0.003806
491	498	0.000087
491	499	0.000024
491	609	0.000003
491	610	0.000040
491	617	0.000052
492	498	0.000069
492	499	0.000015
492	609	0.000037
492	610	0.000040
492	617	0.000013
493	498	0.000068
493	499	0.000003
493	609	0.000042
493	610	0.000091
493	617	0.000007
494	498	0.000016
494	609	0.000099
494	610	0.000029
494	617	0.000006
495	608	0.000039
495	611	0.004019
495	613	0.000116
495	614	0.000011
495	615	0.000007
495	616	0.000002
495	618	0.000001
495	619	0.000064
495	620	0.000004
495	625	0.000004
496	616	0.000001
496	624	0.000005
497	609	0.200914
497	610	0.000021
497	623	0.000005
498	607	0.000004
498	608	0.998012
499	607	0.999925
499	608	0.000010
500	606	0.999980
501	605	0.999511
502	604	0.999981
503	603	0.999991
504	602	0.999977
505	601	0.999511
506	600	0.999980
507	599	0.999980
508	598	0.999698
509	596	0.000004
509	597	0.999957
510	595	0.000004
510	596	0.998153
511	519	0.000001
511	595	0.998833
512	518	0.000002
512	594	0.999802
513	518	0.000007
513	593	0.999648
514	520	0.000007
514	521	0.000012
514	524	0.000001
514	592	0.989757
515	528	0.000013
515	588	0.000009
515	590	0.000544
515	591	0.986063
515	593	0.000002
516	520	0.000584
516	521	0.004060
516	523	0.001424
516	524	0.005475
516	527	0.028467
516	535	0.000036
516	587	0.000025
516	592	0.000006
517	522	0.001518
517	525	0.135513
517	526	0.025742
517	528	0.000002
517	534	0.000035
517	588	0.001354
517	589	0.640870
517	590	0.001356
517	591	0.000004
517	594	0.000001
518	523	0.000176
518	524	0.238597
518	527	0.000987
518	586	0.000003
518	587	0.003060
518	592	0.000055
519	523	0.180804
519	532	0.000036
519	592	0.008248
520	528	0.000002
520	529	0.000012
520	531	0.000036
520	588	0.000402
520	590	0.000403
520	591	0.010643
520	594	0.000180
521	528	0.000021
521	530	0.000036
521	588	0.000233
521	590	0.011990
521	591	0.000026
521	593	0.000268
522	592	0.000538
523	588	0.000103
523	589	0.009492
523	590	0.000632
523	591	0.000636
524	588	0.009616
524	590	0.003629
524	591	0.001095
526	592	0.000002
527	588	0.926216
527	590	0.000157
527	591	0.000001
528	584	0.000006
528	585	0.000262
528	586	0.039928
528	587	0.959394
529	583	0.000006
529	584	0.000264
529	585	0.042098
529	586	0.957512
529	587	0.000056
530	582	0.000006
530	583	0.000265
530	584	0.044146
530	585	0.955471
530	586	0.000059
531	581	0.000006
531	582	0.000261
531	583	0.046174
531	584	0.951635
531	585	0.000060
533	580	0.000057
533	581	0.000682
533	582	0.859366
533	583	0.113235
533	584	0.000005
534	579	0.000024
534	580	0.000690
534	581	0.849097
536	579	0.006450
536	580	0.891909
536	581	0.000132
537	578	0.003441
537	579	0.985353
537	580	0.000229
537	581	0.000001
537	582	0.000001
538	578	0.996510
538	579	0.000005
539	576	0.000122
539	577	0.999828
540	574	0.000002
540	576	0.997705
540	577	0.000015
541	573	0.000002
541	575	0.995754
542	572	0.000002
542	573	0.000090
542	575	0.002287
544	572	0.000120
544	573	0.998001
545	569	0.000001
545	572	0.999863
546	571	0.999978
547	567	0.000177
547	568	0.000003
547	570	0.999304
548	566	0.000358
548	569	0.999243
549	567	0.045719
549	568	0.837798
550	565	0.948114
550	566	0.045997
551	564	0.999344
552	563	0.999469
552	565	0.000170
552	566	0.000010
553	562	0.999202
554	560	0.000010
554	561	0.998757
554	563	0.000467
555	559	0.000509
555	560	0.873523
555	562	0.000477
556	560	0.000117
556	561	0.000489
557	561	0.000002
580	590	0.000005
581	589	0.000011
582	588	0.000011
583	588	0.000001
583	590	0.000001
586	590	0.000002
609	614	0.000006
609	615	0.000266
609	616	0.000015
609	618	0.000030
609	619	0.794994
609	620	0.000040
610	614	0.000295
610	615	0.000098
610	616	0.000010
610	618	0.982675
610	619	0.000514
611	617	0.983554
612	616	0.646006
613	617	0.000063
675	690	0.000005
675	706	0.000001
676	689	0.000005
676	705	0.000002
676	715	0.000003
677	689	0.000001
677	704	0.000002
677	715	0.000002
678	687	0.000204
678	689	0.000001
678	691	0.000013
678	715	0.000250
679	686	0.000239
679	688	0.000001
679	690	0.000013
679	695	0.000058
679	696	0.000001
679	697	0.000001
679	698	0.000729
679	701	0.000588
679	709	0.000001
679	711	0.000178
679	717	0.000002
679	718	0.000967
679	722	0.000001
680	686	0.000006
680	693	0.000010
680	695	0.000002
680	697	0.000733
680	700	0.000590
680	709	0.000042
680	711	0.000216
680	717	0.000978
680	718	0.000012
680	721	0.000001
681	688	0.000014
681	696	0.000720
681	699	0.000566
681	706	0.000002
681	709	0.023029
681	711	0.000012
682	687	0.000012
682	692	0.000667
682	694	0.000001
682	705	0.000002
682	708	0.025578
682	710	0.000003
682	716	0.000500
683	689	0.000008
683	691	0.000704
683	704	0.000002
683	707	0.027124
683	715	0.000528
684	688	0.000027
684	690	0.000646
684	696	0.000101
684	699	0.000068
684	703	0.000013
684	706	0.021028
684	709	0.000011
684	711	0.000009
685	690	0.000044
685	696	0.001027
685	699	0.000177
685	703	0.000035
685	706	0.002821
685	709	0.000017
685	711	0.000030
685	725	0.000002
686	691	0.000797
686	704	0.131183
686	705	0.001883
686	707	0.000035
686	715	0.004269
687	693	0.002752
687	695	0.121584
687	696	0.000040
687	697	0.001547
687	698	0.000554
687	699	0.000030
687	700	0.001376
687	701	0.001427
687	703	0.176563
687	706	0.000015
687	709	0.000028
687	711	0.063442
687	717	0.003099
687	718	0.000074
687	720	0.000016
687	722	0.000001
687	724	0.000106
688	692	0.002242
688	694	0.121786
688	702	0.190215
688	704	0.000226
688	705	0.000002
688	708	0.000029
688	710	0.068334
688	712	0.022605
688	713	0.000127
688	714	0.000056
688	715	0.000024
688	716	0.002991
688	719	0.000023
688	723	0.000106
689	693	0.118139
689	695	0.003823
689	696	0.000053
689	697	0.000663
689	698	0.003153
689	699	0.000166
689	700	0.002072
689	701	0.196078
689	703	0.004996
689	709	0.070262
689	711	0.028788
689	717	0.000141
689	718	0.000023
689	720	0.000009
689	722	0.000104
689	724	0.000075
690	694	0.003122
690	702	0.006609
690	707	0.000007
690	708	0.069737
690	710	0.029175
690	712	0.000288
690	713	0.000063
690	714	0.002195
690	715	0.000009
690	716	0.000140
690	719	0.000014
690	723	0.000075
691	695	0.000497
691	696	0.000136
691	697	0.011327
691	698	0.010510
691	699	0.000686
691	700	0.195824
691	701	0.007385
691	703	0.000002
691	706	0.000009
691	709	0.025850
691	711	0.000397
691	717	0.000012
691	718	0.000018
691	720	0.000017
691	721	0.000006
691	722	0.000075
692	696	0.008774
692	699	0.172287
692	703	0.000035
692	706	0.067087
692	709	0.004412
692	711	0.000429
693	704	0.001247
693	705	0.066278
693	707	0.154375
693	715	0.000030
694	699	0.000314
694	703	0.001594
694	706	0.154591
694	709	0.000975
694	711	0.000051
695	704	0.059644
695	705	0.148395
695	707	0.038200
695	715	0.000257
696	702	0.000891
696	704	0.118882
696	705	0.000419
696	707	0.000391
696	708	0.002398
696	710	0.000018
696	712	0.000009
696	713	0.000006
696	714	0.000249
696	715	0.000004
696	716	0.000178
696	719	0.000006
697	704	0.017577
697	705	0.069201
697	707	0.002631
697	715	0.000178
698	704	0.072185
698	705	0.002397
698	707	0.000614
698	715	0.001885
699	704	0.001941
699	705	0.000357
699	707	0.000002
699	708	0.000598
699	710	0.000002
699	712	0.000008
699	713	0.000014
699	714	0.001880
699	715	0.000002
699	716	0.000327
699	719	0.000018
699	723	0.000002
700	704	0.000464
700	705	0.000166
700	707	0.000670
700	715	0.000380
700	752	0.000001
701	705	0.000088
701	707	0.000426
701	715	0.000050
701	751	0.000001
702	706	0.000286
702	709	0.000199
702	711	0.002277
702	725	0.000006
702	750	0.000001
703	708	0.000218
703	710	0.002361
703	712	0.000293
703	713	0.000020
703	714	0.000010
703	715	0.000002
703	716	0.000004
703	719	0.377300
703	723	0.000348
703	749	0.000001
704	709	0.002196
704	711	0.000309
704	717	0.000072
704	718	0.543080
704	721	0.007563
704	722	0.000341
704	725	0.000123
704	728	0.000004
704	748	0.000001
705	709	0.000063
705	711	0.000708
705	717	0.564223
705	718	0.000266
705	720	0.010472
705	721	0.000186
705	724	0.000430
705	727	0.000003
705	728	0.000001
705	747	0.000001
706	710	0.000643
706	712	0.000379
706	713	0.001416
706	714	0.000597
706	715	0.003366
706	716	0.554980
706	719	0.012361
706	723	0.000433
706	746	0.000001
707	711	0.000377
707	717	0.000502
707	718	0.012910
707	720	0.000012
707	721	0.000002
707	722	0.000431
707	727	0.000002
707	731	0.000005
708	726	0.000002
708	730	0.000005
709	713	0.015209
709	714	0.006593
709	715	0.001025
709	716	0.002417
709	719	0.000024
709	744	0.000040
709	745	0.000008
709	857	0.000006
709	858	0.000011
710	743	0.000042
711	715	0.000149
711	716	0.000475
711	719	0.000050
711	744	0.000120
711	745	0.000003
711	856	0.000160
711	857	0.000001
712	743	0.000128
712	855	0.000675
713	726	0.000040
713	730	0.000003
713	743	0.000018
713	854	0.000776
714	725	0.000078
714	729	0.000003
714	743	0.000344
714	853	0.000801
715	720	0.000023
715	721	0.000009
715	722	0.000024
715	724	0.000083
715	727	0.000001
715	728	0.000003
715	739	0.003431
715	740	0.000503
715	741	0.000037
715	742	0.000364
715	852	0.000806
716	726	0.000001
716	851	0.000805
717	736	0.000006
717	738	0.002407
717	850	0.000800
718	736	0.011417
719	735	0.011457
720	734	0.011465
720	738	0.000001
720	847	0.000046
721	733	0.011465
721	752	0.000001
721	846	0.000047
722	732	0.011447
722	736	0.000006
722	751	0.000001
722	845	0.000046
723	729	0.000024
723	730	0.000435
723	735	0.000007
723	750	0.000001
724	732	0.000002
724	734	0.000006
725	733	0.000006
726	732	0.000004
726	841	0.000038
727	732	0.000001
727	840	0.000040
728	746	0.000012
728	775	0.000012
728	839	0.000040
729	745	0.000014
729	774	0.000012
730	744	0.000012
730	773	0.000011
731	837	0.000039
732	741	0.000011
732	742	0.000024
732	771	0.000014
732	805	0.000007
732	836	0.000040
733	740	0.000011
733	741	0.000024
733	770	0.000014
733	804	0.000007
733	835	0.000040
734	739	0.000011
734	740	0.000024
734	769	0.000014
734	803	0.000007
734	834	0.000040
735	768	0.000014
735	802	0.000007
735	833	0.000040
736	748	0.000003
736	767	0.000014
736	801	0.000007
736	832	0.000040
737	743	0.000270
737	754	0.000026
737	766	0.000012
737	800	0.000007
737	830	0.000033
738	742	0.000276
738	743	0.000008
738	747	0.000551
738	748	0.000004
738	753	0.000033
738	756	0.000006
738	761	0.000018
738	799	0.000006
738	829	0.000033
739	746	0.000569
739	752	0.000034
739	755	0.000006
739	760	0.000018
739	826	0.000003
740	746	0.000046
740	751	0.000033
740	752	0.000001
740	825	0.000003
740	826	0.000026
741	746	0.000054
741	751	0.000001
741	752	0.000027
741	775	0.000001
741	824	0.000003
741	825	0.000026
741	826	0.000010
742	746	0.000015
742	751	0.000028
742	752	0.000001
742	775	0.000070
742	824	0.000026
742	825	0.000010
743	751	0.000001
743	755	0.000001
743	773	0.000004
743	774	0.000068
743	824	0.000009
744	750	0.000001
744	754	0.000001
744	772	0.000004
744	822	0.000021
745	753	0.000001
745	754	0.000016
745	759	0.000001
745	772	0.000094
745	821	0.000023
745	822	0.000003
746	753	0.000017
746	758	0.000001
746	761	0.000006
746	767	0.000003
746	770	0.000005
746	771	0.000098
746	820	0.000018
746	821	0.000003
746	823	0.000002
747	751	0.000001
747	752	0.000017
747	760	0.000005
748	755	0.000004
748	760	0.000001
748	775	0.000002
749	754	0.000004
749	759	0.000001
749	766	0.000247
749	769	0.000315
750	757	0.000001
750	765	0.000291
750	768	0.000366
750	773	0.000002
751	756	0.000001
751	758	0.000003
751	759	0.000004
751	763	0.000001
751	764	0.000303
751	767	0.000381
751	770	0.000004
751	771	0.000052
751	772	0.000001
751	799	0.000004
751	817	0.000015
751	820	0.000021
752	758	0.000004
752	761	0.000013
752	763	0.000307
752	766	0.000377
752	769	0.000004
752	770	0.000052
752	771	0.000001
752	798	0.000004
752	816	0.000016
752	819	0.000022
752	880	0.000007
753	757	0.000004
753	760	0.000014
753	762	0.000186
753	765	0.000355
753	768	0.000007
753	774	0.000003
753	797	0.000005
753	815	0.000008
753	879	0.000009
753	900	0.000011
753	922	0.000021
754	760	0.000006
754	762	0.003346
754	765	0.000041
754	768	0.000379
754	773	0.000012
754	774	0.000003
754	775	0.000001
754	776	0.000001
754	778	0.000002
754	796	0.000009
754	802	0.000013
754	815	0.000008
754	878	0.000022
754	881	0.000004
754	899	0.000042
754	906	0.000002
754	921	0.000165
755	759	0.000003
755	761	0.004341
755	763	0.000935
755	764	0.000036
755	766	0.000302
755	767	0.000454
755	769	0.000006
755	770	0.000014
755	771	0.000013
755	772	0.000012
755	777	0.000035
755	795	0.000010
755	799	0.000002
755	801	0.000016
755	814	0.000017
755	816	0.000025
755	849	0.000001
755	859	0.000004
755	868	0.000002
755	877	0.000024
755	880	0.000005
755	894	0.000001
755	898	0.000046
755	905	0.000003
755	920	0.000190
756	760	0.003801
756	762	0.000886
756	765	0.000491
756	768	0.000007
756	773	0.000009
756	776	0.000037
756	794	0.000005
756	813	0.000016
756	815	0.000024
756	858	0.000004
756	867	0.000002
756	876	0.000023
756	879	0.000003
756	896	0.000006
756	897	0.000043
756	899	0.000001
756	904	0.000002
756	919	0.000188
757	764	0.000462
757	766	0.000024
757	769	0.000009
757	772	0.000011
757	780	0.000001
757	798	0.000004
757	851	0.000004
757	875	0.000020
757	895	0.000013
757	898	0.000002
757	918	0.000162
758	775	0.000278
758	779	0.000002
758	813	0.000024
758	850	0.000005
758	879	0.000031
758	885	0.000001
758	886	0.000002
758	919	0.000001
759	765	0.000051
759	768	0.000844
759	773	0.000013
759	774	0.000280
759	775	0.000001
759	776	0.000002
759	778	0.000002
759	796	0.000114
759	802	0.000008
759	866	0.000004
759	867	0.000003
759	878	0.000033
759	881	0.000168
759	885	0.000002
759	887	0.000003
759	896	0.000005
759	897	0.000002
759	916	0.000074
759	921	0.010441
759	922	0.000005
760	764	0.000045
760	766	0.000010
760	767	0.001151
760	769	0.000010
760	770	0.000019
760	771	0.000038
760	772	0.000014
760	777	0.000004
760	795	0.000140
760	801	0.000012
760	811	0.000342
760	812	0.000002
760	848	0.000008
760	849	0.000002
760	851	0.000006
760	852	0.000003
760	859	0.000003
760	864	0.000010
760	865	0.000004
760	868	0.000003
760	871	0.000004
760	877	0.000033
760	880	0.000223
760	890	0.000003
760	893	0.005384
760	894	0.000023
760	905	0.000001
760	915	0.000071
760	920	0.014228
761	775	0.000895
761	778	0.000010
761	794	0.000135
761	810	0.000459
761	847	0.000007
761	850	0.000034
761	856	0.000605
761	870	0.000009
761	879	0.000222
761	885	0.000194
761	886	0.000060
761	892	0.009745
761	919	0.014689
762	766	0.000301
762	769	0.000525
762	772	0.000140
762	780	0.000059
762	792	0.000001
762	798	0.000006
762	800	0.000002
762	809	0.000460
762	851	0.000164
762	854	0.000002
762	855	0.000592
762	860	0.000068
762	861	0.000136
762	862	0.000062
762	863	0.000043
762	865	0.000092
762	869	0.000008
762	871	0.000005
762	875	0.000002
762	884	0.000155
762	888	0.000016
762	889	0.000044
762	891	0.009500
762	895	0.000013
762	898	0.000001
762	912	0.000001
762	913	0.000007
762	914	0.000006
762	917	0.000022
762	918	0.011587
763	775	0.008215
763	778	0.000025
763	779	0.000079
763	794	0.000010
763	808	0.000460
763	850	0.000188
763	856	0.000020
763	870	0.000005
763	879	0.000017
763	885	0.000047
763	886	0.000681
763	892	0.001511
763	919	0.000071
764	768	0.000351
764	773	0.008982
764	774	0.007554
764	775	0.000083
764	776	0.000049
764	778	0.000091
764	794	0.000006
764	796	0.000031
764	797	0.000014
764	802	0.000003
764	807	0.000452
764	810	0.000013
764	850	0.000001
764	856	0.000046
764	857	0.000025
764	858	0.000404
764	866	0.000120
764	867	0.000004
764	876	0.000020
764	878	0.000017
764	881	0.000002
764	885	0.000669
764	886	0.000004
764	887	0.000013
764	892	0.002209
764	896	0.000024
764	897	0.000001
764	899	0.000053
764	900	0.000002
764	901	0.000002
764	902	0.000001
764	903	0.000001
764	910	0.000008
764	916	0.000534
764	919	0.000019
764	921	0.000014
764	922	0.000010
765	769	0.000178
765	772	0.009399
765	780	0.000014
765	792	0.000005
765	798	0.000015
765	800	0.000002
765	806	0.000387
765	809	0.000017
765	851	0.000006
765	853	0.000001
765	854	0.000004
765	855	0.000061
765	860	0.000167
765	861	0.000648
765	862	0.000493
765	863	0.000106
765	865	0.000120
765	875	0.000019
765	882	0.000011
765	884	0.000560
765	888	0.009290
765	889	0.000312
765	891	0.003023
765	895	0.000025
765	898	0.000057
765	907	0.000002
765	909	0.000008
765	911	0.000005
765	912	0.000004
765	913	0.000019
765	914	0.000029
765	917	0.000148
765	918	0.000021
766	773	0.000576
766	774	0.000160
766	775	0.000076
766	776	0.022044
766	779	0.000018
766	791	0.000004
766	794	0.000108
766	796	0.000029
766	797	0.000015
766	802	0.000010
766	808	0.000017
766	850	0.000006
766	856	0.000001
766	857	0.046028
766	858	0.000210
766	866	0.000002
766	867	0.000002
766	881	0.000011
766	886	0.000208
766	887	0.009539
766	892	0.000060
766	897	0.000051
766	906	0.000002
766	910	0.000005
766	916	0.000146
766	919	0.000002
766	921	0.000018
766	922	0.000007
767	775	0.026355
767	778	0.000237
767	790	0.000004
767	794	0.000286
767	807	0.000020
767	810	0.000001
767	850	0.000021
767	856	0.052629
767	870	0.000005
767	879	0.000004
767	885	0.000499
767	886	0.009467
767	892	0.000429
767	919	0.000175
768	772	0.000266
768	780	0.000002
768	792	0.003687
768	798	0.000028
768	800	0.000015
768	806	0.000019
768	809	0.000001
768	851	0.000007
768	853	0.000001
768	854	0.000022
768	855	0.051730
768	860	0.000270
768	861	0.000173
768	862	0.000074
768	863	0.000017
768	865	0.000007
768	869	0.000005
768	875	0.000001
768	882	0.000033
768	884	0.000462
768	888	0.122179
768	889	0.000294
768	891	0.000313
768	895	0.000004
768	898	0.000004
768	907	0.000002
768	911	0.000009
768	912	0.000010
768	913	0.000010
768	914	0.000014
768	917	0.000022
768	918	0.000142
769	773	0.000570
769	774	0.000668
769	775	0.000054
769	776	0.018746
769	779	0.000002
769	791	0.004263
769	796	0.000013
769	797	0.000029
769	802	0.000108
769	850	0.000006
769	856	0.000062
769	857	0.076037
769	858	0.001722
769	866	0.000002
769	867	0.000001
769	878	0.000001
769	881	0.000032
769	885	0.000032
769	886	0.000011
769	887	0.143063
769	897	0.000003
769	906	0.000002
769	910	0.000008
769	916	0.000020
769	919	0.000001
769	921	0.000007
769	922	0.000005
770	775	0.022235
770	778	0.000020
770	779	0.000067
770	790	0.004377
770	850	0.000010
770	856	0.085516
770	879	0.000005
770	885	0.000044
770	886	0.147030
770	892	0.000003
770	919	0.000008
771	775	0.001006
771	778	0.000143
771	779	0.000002
771	789	0.004368
771	790	0.000001
771	794	0.000001
771	850	0.000032
771	856	0.081518
771	879	0.000042
771	885	0.145778
771	886	0.001214
771	892	0.000007
771	919	0.000021
772	776	0.000064
772	778	0.000003
772	789	0.000001
772	796	0.000151
772	797	0.000198
772	802	0.005001
772	850	0.000003
772	856	0.003684
772	857	0.000311
772	858	0.000080
772	866	0.000062
772	867	0.000026
772	876	0.000408
772	878	0.000040
772	879	0.000004
772	881	0.000071
772	885	0.001243
772	886	0.000012
772	887	0.000004
772	892	0.000006
772	896	0.000008
772	897	0.000001
772	899	0.000004
772	910	0.000024
772	916	0.000003
772	919	0.000051
772	921	0.000010
772	922	0.000005
773	784	0.000015
773	787	0.003879
773	798	0.000361
773	800	0.000214
773	851	0.000004
773	853	0.000304
773	854	0.342952
773	855	0.003683
773	860	0.000003
773	861	0.000179
773	862	0.000013
773	863	0.000030
773	865	0.000046
773	874	0.000001
773	875	0.000489
773	882	0.000515
773	884	0.003004
773	888	0.000002
773	889	0.000009
773	891	0.000007
773	895	0.000009
773	898	0.000005
773	907	0.000002
773	908	0.000004
773	909	0.000030
773	912	0.000004
773	913	0.000011
773	914	0.000036
773	917	0.000010
773	918	0.000085
774	783	0.000019
774	786	0.004344
774	792	0.000001
774	798	0.000947
774	800	0.115914
774	851	0.000002
774	853	0.431380
774	854	0.001993
774	855	0.000036
774	860	0.000234
774	861	0.000014
774	862	0.000042
774	863	0.000010
774	865	0.000883
774	869	0.000007
774	874	0.000495
774	875	0.000003
774	882	0.003463
774	884	0.031640
774	888	0.000008
774	889	0.000004
774	891	0.000808
774	895	0.000083
774	898	0.000001
774	907	0.000004
774	908	0.000024
774	909	0.000009
774	911	0.000003
774	912	0.000009
774	913	0.000042
774	914	0.000017
774	917	0.000075
774	918	0.000010
775	781	0.000001
775	782	0.000019
775	785	0.004355
775	787	0.000002
775	788	0.000019
775	793	0.000011
775	795	0.135741
775	798	0.000245
775	799	0.130018
775	800	0.000009
775	801	0.008181
775	848	0.000039
775	849	0.000106
775	852	0.442619
775	853	0.000056
775	854	0.000022
775	855	0.000003
775	859	0.000237
775	860	0.000009
775	861	0.000043
775	862	0.000014
775	863	0.000005
775	864	0.000962
775	865	0.000001
775	868	0.000009
775	872	0.000001
775	873	0.000469
775	874	0.000002
775	875	0.000005
775	877	0.000010
775	880	0.001354
775	882	0.000026
775	883	0.037893
775	884	0.000018
775	888	0.000002
775	889	0.000007
775	890	0.000978
775	893	0.000004
775	894	0.000088
775	895	0.000001
775	905	0.000009
775	907	0.000008
775	908	0.000010
775	909	0.000003
775	911	0.000002
775	912	0.000032
775	913	0.000019
775	914	0.000009
775	915	0.000488
775	917	0.000003
775	918	0.000007
775	920	0.000069
776	783	0.000019
776	784	0.004038
776	786	0.000002
776	787	0.000019
776	792	0.000008
776	798	0.127876
776	800	0.008139
776	851	0.441867
776	853	0.000019
776	854	0.000003
776	860	0.000037
776	861	0.000013
776	862	0.000007
776	863	0.000821
776	871	0.000015
776	872	0.000371
776	874	0.000004
776	882	0.031642
776	884	0.000006
776	888	0.000008
776	889	0.000829
776	895	0.000003
776	907	0.000008
776	908	0.000003
776	911	0.000024
776	912	0.000014
776	913	0.000010
776	914	0.000414
776	917	0.000007
776	918	0.000003
777	789	0.000007
777	794	0.532506
777	850	0.438226
777	870	0.000027
777	879	0.000033
777	885	0.000002
777	886	0.000001
777	892	0.000008
777	919	0.000005
778	782	0.000875
778	783	0.000056
778	784	0.000001
778	785	0.000023
778	786	0.000005
778	788	0.000008
778	792	0.000002
778	793	0.601695
778	795	0.000050
778	799	0.000005
778	801	0.000002
778	848	0.000053
778	849	0.390493
778	869	0.000012
778	880	0.000017
778	889	0.000002
778	891	0.000007
778	894	0.000110
779	783	0.000007
779	784	0.000021
779	785	0.000016
779	787	0.000008
779	788	0.000036
779	792	0.626438
779	793	0.001968
779	795	0.000171
779	798	0.000004
779	799	0.000003
779	801	0.000004
779	848	0.360917
779	849	0.000003
779	868	0.000011
779	888	0.000006
779	890	0.000007
779	893	0.000110
780	789	0.000009
780	790	0.000087
780	791	0.869314
780	794	0.000125
780	796	0.000068
780	797	0.000008
780	802	0.000002
780	847	0.031880
780	867	0.000008
780	887	0.000007
780	892	0.000097
781	789	0.000244
781	790	0.923290
781	794	0.000717
781	846	0.020727
781	847	0.000382
781	886	0.000007
781	892	0.000009
782	789	0.922034
782	790	0.000666
782	794	0.000181
782	845	0.019651
782	846	0.000214
782	847	0.000004
782	885	0.000007
783	789	0.000642
783	790	0.000019
783	791	0.000438
783	794	0.000007
783	796	0.000010
783	797	0.000027
783	802	0.000005
783	828	0.000004
783	841	0.000006
783	844	0.016436
783	845	0.000036
784	789	0.000027
784	790	0.000501
784	791	0.004146
784	794	0.000001
784	796	0.000033
784	797	0.000002
784	802	0.000010
784	826	0.000001
784	827	0.000015
784	840	0.000013
784	841	0.009800
784	844	0.000035
784	857	0.000001
784	887	0.000019
785	789	0.000549
785	790	0.004616
785	794	0.000071
785	825	0.000002
785	826	0.000016
785	839	0.000013
785	840	0.010465
785	845	0.000001
785	856	0.000001
785	886	0.000021
786	790	0.000003
786	791	0.000004
786	794	0.000002
786	796	0.000047
786	797	0.000145
786	802	0.000101
786	824	0.000002
786	825	0.000015
786	839	0.010054
786	840	0.000002
786	841	0.001783
786	844	0.000003
786	858	0.000002
786	885	0.000008
786	887	0.001489
787	791	0.000002
787	794	0.000004
787	796	0.000187
787	797	0.000016
787	802	0.001785
787	824	0.000014
787	839	0.000006
787	840	0.001824
787	841	0.000044
787	844	0.000011
787	857	0.000003
787	886	0.001730
787	887	0.000004
788	794	0.000501
788	807	0.000003
788	813	0.000010
788	837	0.010395
788	839	0.001820
788	840	0.000045
788	850	0.000003
788	856	0.000003
788	885	0.001855
788	886	0.000003
788	892	0.000003
789	793	0.000468
789	795	0.000660
789	798	0.000013
789	799	0.000159
789	800	0.033326
789	801	0.004774
789	803	0.000114
789	804	0.000250
789	805	0.000443
789	806	0.000008
789	812	0.000014
789	819	0.000007
789	820	0.000160
789	835	0.000020
789	836	0.010377
789	838	0.001591
789	842	0.000005
789	843	0.002588
789	849	0.000004
789	853	0.000001
789	855	0.000002
789	860	0.000001
789	884	0.001868
789	890	0.000069
789	891	0.000003
789	894	0.000001
790	795	0.000181
790	798	0.000087
790	799	0.043509
790	800	0.000189
790	801	0.002178
790	803	0.000250
790	804	0.000444
790	805	0.000011
790	811	0.000014
790	812	0.000002
790	816	0.000001
790	818	0.000009
790	819	0.000168
790	834	0.000033
790	835	0.010030
790	836	0.000174
790	838	0.000011
790	842	0.002585
790	843	0.000001
790	848	0.000004
790	852	0.000002
790	854	0.000002
790	859	0.000002
790	883	0.001872
790	889	0.000070
790	890	0.000003
790	893	0.000001
791	798	0.042774
791	800	0.002199
791	809	0.000037
791	817	0.000012
791	818	0.000165
791	851	0.000002
791	853	0.000002
791	882	0.001867
791	888	0.000071
791	889	0.000002
792	796	0.000185
792	797	0.035956
792	802	0.000130
792	808	0.000039
792	813	0.000002
792	833	0.000715
792	840	0.001966
792	841	0.000071
792	850	0.000001
792	857	0.000012
792	881	0.001814
792	887	0.000072
792	921	0.000003
792	922	0.000003
793	807	0.000044
793	808	0.000008
793	810	0.000057
793	813	0.000019
793	815	0.000204
793	831	0.000002
793	837	0.000108
793	839	0.002542
793	840	0.000040
793	850	0.000004
793	856	0.000020
793	879	0.000011
793	886	0.000073
793	892	0.000007
794	798	0.000136
794	799	0.004053
794	800	0.000271
794	801	0.006717
794	803	0.000242
794	804	0.000004
794	805	0.000005
794	806	0.000026
794	809	0.000061
794	811	0.007858
794	812	0.000088
794	814	0.000232
794	816	0.000010
794	830	0.000001
794	832	0.001613
794	834	0.000002
794	836	0.000107
794	838	0.002576
794	848	0.000090
794	849	0.000021
794	851	0.000005
794	852	0.000003
794	855	0.000019
794	859	0.000024
794	864	0.000003
794	877	0.000001
794	880	0.001795
794	890	0.000113
794	891	0.000010
794	893	0.000464
794	894	0.000002
794	920	0.011802
795	807	0.000029
795	808	0.000059
795	810	0.007917
795	813	0.000231
795	815	0.000010
795	831	0.001617
795	837	0.002551
795	847	0.000050
795	850	0.000016
795	856	0.039839
795	870	0.000001
795	879	0.001768
795	885	0.000065
795	886	0.000006
795	892	0.000561
795	919	0.012389
796	800	0.000389
796	806	0.000030
796	809	0.004397
796	830	0.001504
796	851	0.000029
796	853	0.000085
796	854	0.000569
796	855	0.040491
796	860	0.000005
796	861	0.000205
796	862	0.000034
796	863	0.000015
796	869	0.000001
796	875	0.000005
796	884	0.000057
796	888	0.000003
796	889	0.005010
796	891	0.000431
796	908	0.000002
796	912	0.000002
796	913	0.000001
796	914	0.000002
796	917	0.000002
796	918	0.012240
797	806	0.000030
797	809	0.003670
797	830	0.000008
797	851	0.000461
797	853	0.000669
797	854	0.038359
797	855	0.000115
797	860	0.000250
797	861	0.000039
797	862	0.000018
797	863	0.000002
797	874	0.000004
797	875	0.000002
797	882	0.000008
797	884	0.000001
797	888	0.006643
797	889	0.000011
797	907	0.000002
797	911	0.000002
797	913	0.000002
797	917	0.011428
797	918	0.000002
798	802	0.000254
798	807	0.000051
798	808	0.007064
798	810	0.000002
798	813	0.000001
798	826	0.000009
798	827	0.000878
798	828	0.000104
798	841	0.000004
798	850	0.000449
798	857	0.000208
798	858	0.000024
798	876	0.000006
798	878	0.000001
798	881	0.000008
798	886	0.000004
798	887	0.006904
798	906	0.000002
798	910	0.000002
798	916	0.009659
798	921	0.000001
798	922	0.000001
799	807	0.007194
799	808	0.000336
799	810	0.000008
799	813	0.000002
799	825	0.000010
799	826	0.000943
799	840	0.000004
799	847	0.000004
799	850	0.001433
799	856	0.000238
799	879	0.000009
799	885	0.000011
799	886	0.006916
799	892	0.000001
799	919	0.000003
800	807	0.000237
800	808	0.000373
800	824	0.000009
800	825	0.000929
800	826	0.000008
800	827	0.000203
800	828	0.000033
800	839	0.000002
800	840	0.000001
800	841	0.000015
800	847	0.000002
800	850	0.001944
800	856	0.000001
800	857	0.005132
800	858	0.000009
800	878	0.000009
800	881	0.000001
800	885	0.003294
800	886	0.000108
800	887	0.000121
800	916	0.000005
800	921	0.000004
801	807	0.000520
801	808	0.000024
801	810	0.000446
801	824	0.000911
801	825	0.000015
801	826	0.000204
801	831	0.000002
801	839	0.000006
801	840	0.000020
801	847	0.000021
801	850	0.026318
801	856	0.005785
801	870	0.000001
801	879	0.000007
801	885	0.002620
801	886	0.000139
801	892	0.000012
801	919	0.000033
802	806	0.000349
802	809	0.000458
802	821	0.000002
802	822	0.000049
802	830	0.000002
802	851	0.000125
802	853	0.000065
802	854	0.000029
802	855	0.005655
802	860	0.000001
802	861	0.000001
802	865	0.000001
802	882	0.000011
802	884	0.002104
802	891	0.000009
802	911	0.000004
802	912	0.000021
802	913	0.000017
802	914	0.000026
802	918	0.000027
803	807	0.000005
803	808	0.000456
803	810	0.000001
803	824	0.000011
803	825	0.000220
803	826	0.000339
803	837	0.000038
803	839	0.000028
803	840	0.000635
803	846	0.000114
803	847	0.954049
803	850	0.000040
804	824	0.000219
804	825	0.000346
804	826	0.000017
804	837	0.000028
804	839	0.000649
804	840	0.000162
804	845	0.000060
804	846	0.976542
804	847	0.000013
805	810	0.000003
805	824	0.000346
805	825	0.000018
805	837	0.000952
805	839	0.000163
805	840	0.000003
805	845	0.977959
805	846	0.000008
806	815	0.000001
806	824	0.000018
806	837	0.000107
806	839	0.000003
806	844	0.979234
806	845	0.000002
807	812	0.000004
807	814	0.000003
807	816	0.000002
807	817	0.000610
807	818	0.000003
807	819	0.000043
807	820	0.000821
807	821	0.000029
807	822	0.000001
807	823	0.000019
807	830	0.000001
807	835	0.006696
807	836	0.000202
807	838	0.000001
807	843	0.981873
808	814	0.000003
808	816	0.000637
808	817	0.000002
808	818	0.000032
808	819	0.000821
808	820	0.000030
808	822	0.000014
808	829	0.000002
808	834	0.006941
808	835	0.000147
808	836	0.000001
808	838	0.000004
808	842	0.981857
808	843	0.000004
809	813	0.000002
809	815	0.000635
809	828	0.000002
809	833	0.006993
809	837	0.000004
809	839	0.000046
809	840	0.000005
809	841	0.975413
809	921	0.000002
810	814	0.000577
810	816	0.000874
810	817	0.000016
810	819	0.000005
810	820	0.000003
810	832	0.006934
810	834	0.000083
810	835	0.000005
810	836	0.000006
810	838	0.000241
810	842	0.000010
810	920	0.000003
811	815	0.000863
811	825	0.000005
811	826	0.000003
811	831	0.006645
811	837	0.000238
811	839	0.004946
811	840	0.974552
811	919	0.000003
812	824	0.000005
812	825	0.000003
812	826	0.000011
812	831	0.000264
812	837	0.003897
812	839	0.976561
812	840	0.000004
813	823	0.000005
813	829	0.002083
813	830	0.000496
813	832	0.010556
813	834	0.000315
813	835	0.000025
813	836	0.003254
813	838	0.976569
813	920	0.000002
814	824	0.000014
814	826	0.000009
814	831	0.010870
814	837	0.974724
814	839	0.000007
814	919	0.000002
815	819	0.000042
815	820	0.000154
815	821	0.000008
815	822	0.000012
815	823	0.000080
815	829	0.008163
815	830	0.011869
815	832	0.477092
815	834	0.000406
815	835	0.001477
815	836	0.481349
815	838	0.000016
816	824	0.000029
816	825	0.000106
816	826	0.000314
816	831	0.568629
816	837	0.000017
817	824	0.000096
817	825	0.000286
817	826	0.000056
817	827	0.013918
817	828	0.716317
817	831	0.000892
817	833	0.002775
818	824	0.000208
818	825	0.000081
818	826	0.014569
818	827	0.921075
818	828	0.001320
818	831	0.000063
818	833	0.001135
818	841	0.000014
819	824	0.000117
819	825	0.015022
819	826	0.931737
819	831	0.000118
819	840	0.000021
820	824	0.014935
820	825	0.930241
820	826	0.000102
820	831	0.001409
820	839	0.000021
820	840	0.000009
821	825	0.000091
821	826	0.000003
821	827	0.000020
821	828	0.000041
821	831	0.000038
821	833	0.000181
821	839	0.000011
821	841	0.000003
822	826	0.000017
822	827	0.000037
822	828	0.000019
822	831	0.000045
822	833	0.000037
822	840	0.000004
823	831	0.002027
823	837	0.001296
823	839	0.000004
824	829	0.000722
824	830	0.002039
824	832	0.000021
824	834	0.000032
824	835	0.036092
824	836	0.007363
824	838	0.000004
824	843	0.000016
825	829	0.001957
825	830	0.000005
825	832	0.000114
825	834	0.036129
825	835	0.008730
825	836	0.000126
825	842	0.000016
825	843	0.000015
826	830	0.000007
826	832	0.001614
826	834	0.008697
826	835	0.000162
826	842	0.000015
829	840	0.000139
830	839	0.000141
830	921	0.000002
831	835	0.000433
831	836	0.000291
831	838	0.000171
831	920	0.000002
832	837	0.000173
832	919	0.000002
833	918	0.000001
834	840	0.000009
835	839	0.000009
835	840	0.000002
837	893	0.002047
837	894	0.000007
838	892	0.002080
839	890	0.000037
839	891	0.002059
840	889	0.000038
840	890	0.002061
841	888	0.000099
841	889	0.001816
842	886	0.002179
843	885	0.002194
844	884	0.002193
845	883	0.002193
845	895	0.000002
846	859	0.000001
846	882	0.001786
846	894	0.000020
847	852	0.000007
847	854	0.000001
847	859	0.000003
847	871	0.000002
847	880	0.004952
847	883	0.000003
847	893	0.000039
847	920	0.000007
848	856	0.000363
848	870	0.000022
848	879	0.005716
848	885	0.000016
848	886	0.002948
848	892	0.000061
848	919	0.000009
849	856	0.015470
849	870	0.000024
849	879	0.000557
849	885	0.002965
849	886	0.000020
849	892	0.000017
849	919	0.000005
850	854	0.000057
850	855	0.012149
850	859	0.017070
850	860	0.000016
850	861	0.000030
850	862	0.000024
850	863	0.000016
850	864	0.000289
850	865	0.000009
850	868	0.002053
850	869	0.000020
850	873	0.000003
850	874	0.000003
850	875	0.000002
850	877	0.010226
850	880	0.010767
850	882	0.000489
850	883	0.000320
850	884	0.001339
850	888	0.001898
850	889	0.000004
850	890	0.000032
850	891	0.000013
850	893	0.000078
850	894	0.000042
850	895	0.000002
850	898	0.000004
850	905	0.000055
850	907	0.000001
850	915	0.000006
850	917	0.000003
850	918	0.000003
850	920	0.001184
851	856	0.000037
851	857	0.003529
851	858	0.014684
851	866	0.000009
851	867	0.001921
851	876	0.009589
851	878	0.000328
851	879	0.008800
851	881	0.000716
851	886	0.000007
851	887	0.002117
851	892	0.000056
851	896	0.000001
851	897	0.000004
851	899	0.000001
851	900	0.000003
851	904	0.000052
851	906	0.000001
851	916	0.000003
851	919	0.000333
851	921	0.000025
852	856	0.004847
852	870	0.000008
852	879	0.003434
852	885	0.000012
852	886	0.002157
852	892	0.000062
852	919	0.001187
853	857	0.000074
853	858	0.000048
853	866	0.000411
853	867	0.005190
853	876	0.007004
853	878	0.003258
853	879	0.000023
853	881	0.000015
853	885	0.001835
853	886	0.000002
853	887	0.000013
853	892	0.000023
853	896	0.000008
853	897	0.000025
853	899	0.000001
853	900	0.000002
853	901	0.000013
853	902	0.000034
853	903	0.000011
853	904	0.000004
853	919	0.000006
853	921	0.000002
853	922	0.000003
854	858	0.000032
854	866	0.005364
854	867	0.004305
854	876	0.001222
854	878	0.000036
854	879	0.000081
854	881	0.000005
854	885	0.000011
854	886	0.000015
854	887	0.000014
854	892	0.000318
854	896	0.000057
854	897	0.000136
854	899	0.000003
854	900	0.000023
854	901	0.000043
854	902	0.000017
854	903	0.000010
854	904	0.000004
854	916	0.000031
854	919	0.000011
854	921	0.000015
854	922	0.000286
855	866	0.006776
855	867	0.000195
855	876	0.000423
855	878	0.000226
855	879	0.000012
855	881	0.000531
855	885	0.000010
855	886	0.000017
855	887	0.000005
855	892	0.000084
855	896	0.000234
855	897	0.000013
855	899	0.000027
855	900	0.000041
855	901	0.000018
855	902	0.000012
855	903	0.000006
855	904	0.000001
855	906	0.000049
855	910	0.000121
855	916	0.011627
855	919	0.000013
855	921	0.000764
855	922	0.000016
856	860	0.000040
856	861	0.000149
856	862	0.000490
856	863	0.001072
856	864	0.078359
856	865	0.003476
856	868	0.000101
856	869	0.000002
856	872	0.000008
856	873	0.242285
856	874	0.000016
856	875	0.000085
856	877	0.000129
856	880	0.000585
856	882	0.000003
856	883	0.000639
856	884	0.000002
856	888	0.000014
856	889	0.000389
856	890	0.100269
856	891	0.000025
856	893	0.000544
856	894	0.000545
856	895	0.000206
856	898	0.000016
856	905	0.000060
856	908	0.000005
856	909	0.000143
856	912	0.000003
856	913	0.000013
856	914	0.000026
856	915	0.014079
856	918	0.000024
856	920	0.000809
857	861	0.000473
857	862	0.001409
857	863	0.076920
857	865	0.000279
857	869	0.000012
857	871	0.000007
857	872	0.243614
857	874	0.000061
857	875	0.000014
857	882	0.000609
857	884	0.000005
857	888	0.000512
857	889	0.100443
857	891	0.000110
857	895	0.000017
857	898	0.000001
857	907	0.000006
857	908	0.000143
857	909	0.000004
857	911	0.000002
857	912	0.000014
857	913	0.000046
857	914	0.013646
857	917	0.000023
857	918	0.000076
858	862	0.044845
858	863	0.000395
858	865	0.000538
858	869	0.000041
858	871	0.244070
858	872	0.000002
858	874	0.000010
858	875	0.000003
858	882	0.000004
858	884	0.000002
858	888	0.096237
858	889	0.000326
858	891	0.000452
858	895	0.000010
858	898	0.000001
858	907	0.000120
858	908	0.000004
858	911	0.000010
858	912	0.000036
858	913	0.009939
858	914	0.000006
858	917	0.000056
858	918	0.000018
859	870	0.244090
859	879	0.000025
859	885	0.000270
859	886	0.022606
859	892	0.004266
859	919	0.000042
860	866	0.001396
860	867	0.006959
860	870	0.000027
860	876	0.000002
860	878	0.000020
860	879	0.000002
860	881	0.000006
860	885	0.021846
860	886	0.003387
860	887	0.026475
860	892	0.000138
860	896	0.000002
860	897	0.000003
860	899	0.000001
860	900	0.000004
860	901	0.000030
860	902	0.000059
860	903	0.000086
860	904	0.000073
860	906	0.000002
860	910	0.000008
860	916	0.000006
860	919	0.000001
860	921	0.000004
860	922	0.000006
861	866	0.008681
861	867	0.004197
861	870	0.000027
861	876	0.000002
861	878	0.000002
861	879	0.000001
861	881	0.000008
861	885	0.003546
861	886	0.027365
861	887	0.002070
861	892	0.000010
861	896	0.000003
861	897	0.000006
861	899	0.000004
861	900	0.000036
861	901	0.000072
861	902	0.000100
861	903	0.000092
861	904	0.000040
861	910	0.000167
861	916	0.000005
861	919	0.000001
861	921	0.000007
861	922	0.000009
862	866	0.003248
862	867	0.009105
862	870	0.000009
862	876	0.000005
862	878	0.000001
862	879	0.000006
862	881	0.000028
862	885	0.024929
862	886	0.002199
862	887	0.023164
862	892	0.000020
862	896	0.000008
862	897	0.000003
862	899	0.000034
862	900	0.000072
862	901	0.000100
862	902	0.000093
862	903	0.000043
862	904	0.000003
862	906	0.000002
862	910	0.000008
862	916	0.000007
862	919	0.000001
862	921	0.000010
862	922	0.000009
863	867	0.000268
863	870	0.000005
863	878	0.000012
863	881	0.000097
863	885	0.001705
863	886	0.025437
863	887	0.229823
863	896	0.000002
863	899	0.000048
863	900	0.000074
863	901	0.000072
863	902	0.000033
863	903	0.000003
863	906	0.000002
863	910	0.000004
863	916	0.000002
863	921	0.000012
863	922	0.000001
864	870	0.000173
864	879	0.000027
864	885	0.026790
864	886	0.257250
864	892	0.000003
864	919	0.000015
865	870	0.000005
865	876	0.000189
865	878	0.000020
865	879	0.000004
865	881	0.001104
865	885	0.255728
865	886	0.000021
865	887	0.000005
865	892	0.000003
865	896	0.000021
865	897	0.000005
865	899	0.000034
865	900	0.000004
865	901	0.000002
865	903	0.000001
865	904	0.000001
865	906	0.000005
865	910	0.000224
865	916	0.000002
865	919	0.000037
865	921	0.000003
865	922	0.000002
866	871	0.000004
866	872	0.000009
866	874	0.000002
866	875	0.000214
866	882	0.001522
866	884	0.233031
866	888	0.000001
866	889	0.000012
866	891	0.000004
866	895	0.000021
866	898	0.000032
866	907	0.000004
866	908	0.000014
866	909	0.000254
866	912	0.000004
866	913	0.000005
866	914	0.000005
866	917	0.000002
866	918	0.000044
867	871	0.000007
867	872	0.000003
867	874	0.000167
867	875	0.000002
867	882	0.011779
867	884	0.000638
867	888	0.000015
867	889	0.000005
867	891	0.000008
867	895	0.000002
867	907	0.000014
867	908	0.000230
867	909	0.000001
867	911	0.000003
867	912	0.000004
867	913	0.000005
867	914	0.000001
867	917	0.000032
867	918	0.000003
868	879	0.468624
868	885	0.000028
868	886	0.000018
868	892	0.000019
868	919	0.000001
869	876	0.000067
869	878	0.479463
869	879	0.000006
869	881	0.132269
869	885	0.000013
869	899	0.000018
869	902	0.000002
869	906	0.000340
869	916	0.000001
869	921	0.000026
870	874	0.000001
870	875	0.000076
870	877	0.481202
870	880	0.135809
870	882	0.000107
870	883	0.000022
870	884	0.000003
870	888	0.000450
870	889	0.000023
870	890	0.000061
870	891	0.000001
870	893	0.000078
870	894	0.000002
870	898	0.000021
870	905	0.000366
870	915	0.000001
870	920	0.000030
871	876	0.456497
871	878	0.000096
871	879	0.134177
871	881	0.000110
871	887	0.000507
871	892	0.000078
871	897	0.000021
871	900	0.000021
871	901	0.000003
871	902	0.000001
871	903	0.000006
871	904	0.000357
871	919	0.000027
872	876	0.000194
872	878	0.105418
872	879	0.000164
872	881	0.000011
872	886	0.000517
872	887	0.000350
872	896	0.000018
872	899	0.000021
872	900	0.000004
872	901	0.000002
872	902	0.000009
872	903	0.000303
873	879	0.000330
873	885	0.000514
873	886	0.000406
873	892	0.000002
874	878	0.000369
874	879	0.000030
874	881	0.000037
874	885	0.000327
874	886	0.000089
874	887	0.001286
874	892	0.000003
874	896	0.000012
874	897	0.000328
874	899	0.000015
874	900	0.000188
874	901	0.000075
874	902	0.000015
874	903	0.000006
874	904	0.000006
874	921	0.000038
874	922	0.000085
875	879	0.000014
875	881	0.000034
875	885	0.000088
875	886	0.001266
875	887	0.000914
875	892	0.000007
875	896	0.000490
875	897	0.000017
875	899	0.000233
875	900	0.000069
875	901	0.000014
875	902	0.000007
875	903	0.000008
875	904	0.000004
875	910	0.000001
875	919	0.000003
875	921	0.000198
875	922	0.000093
876	882	0.000034
876	884	0.000095
876	888	0.000023
876	889	0.000013
876	891	0.000009
876	895	0.000467
876	898	0.000223
876	909	0.000001
876	918	0.000003
877	885	0.062338
877	886	0.000274
877	892	0.008170
877	919	0.000212
878	882	0.000015
878	884	0.063106
878	888	0.000014
878	889	0.000028
878	891	0.008290
878	895	0.000364
878	898	0.000009
878	912	0.000001
878	918	0.000204
879	883	0.060486
879	884	0.000026
879	888	0.000038
879	889	0.000003
879	890	0.008274
879	893	0.008962
879	894	0.000219
879	895	0.000003
879	898	0.000004
879	905	0.000002
879	911	0.000001
879	915	0.000007
879	917	0.000143
879	920	0.231521
880	885	0.003372
880	886	0.001889
880	892	0.009734
880	919	0.232891
881	888	0.005025
881	889	0.001383
881	891	0.008363
881	895	0.000029
881	898	0.005995
881	907	0.000003
881	908	0.000002
881	909	0.000023
881	911	0.000005
881	912	0.000002
881	913	0.000012
881	914	0.000002
881	917	0.000382
881	918	0.225886
882	886	0.000035
882	887	0.004561
882	892	0.000006
882	896	0.000168
882	897	0.006841
882	899	0.000023
882	900	0.000009
882	901	0.000003
882	902	0.000001
882	903	0.000002
882	906	0.000002
882	910	0.000006
882	916	0.000446
882	919	0.000003
882	921	0.000003
882	922	0.000008
883	892	0.000671
883	919	0.000018
884	892	0.000262
884	896	0.003454
884	897	0.000025
884	899	0.000016
884	900	0.000007
884	901	0.000024
884	902	0.000004
884	903	0.000003
884	904	0.000002
884	906	0.000309
884	910	0.000157
884	916	0.202986
884	919	0.000002
884	921	0.002190
884	922	0.000006
885	889	0.000045
885	890	0.002673
885	891	0.001021
885	893	0.000280
885	894	0.058802
885	895	0.003817
885	898	0.000010
885	905	0.000370
885	909	0.000184
885	911	0.000004
885	912	0.000018
885	913	0.003902
885	914	0.001222
885	915	0.210236
885	917	0.000033
885	918	0.000004
885	920	0.002575
886	890	0.001318
886	891	0.000066
886	893	0.058809
886	894	0.003952
886	895	0.000036
886	898	0.000002
886	905	0.000020
886	908	0.000206
886	909	0.000040
886	911	0.000012
886	912	0.004490
886	913	0.001799
886	914	0.207167
886	915	0.004520
886	917	0.000011
886	918	0.000127
886	920	0.000317
887	891	0.000442
887	895	0.000018
887	898	0.000305
887	907	0.000210
887	908	0.000046
887	909	0.000015
887	911	0.004663
887	912	0.001849
887	913	0.201498
887	914	0.004421
887	917	0.000169
887	918	0.001964
888	892	0.000472
888	896	0.000049
888	897	0.000398
888	899	0.000018
888	900	0.000063
888	901	0.000040
888	902	0.000205
888	903	0.000117
888	904	0.000054
888	906	0.000185
888	910	0.004602
888	916	0.000125
888	919	0.000114
888	921	0.000058
888	922	0.000190
889	896	0.000348
889	897	0.000009
889	899	0.000063
889	900	0.000040
889	901	0.000192
889	902	0.000116
889	903	0.000053
889	904	0.000008
889	906	0.000009
889	910	0.000407
889	916	0.000110
889	919	0.000073
889	921	0.000169
889	922	0.000429
890	919	0.000543
891	896	0.000051
891	897	0.000196
891	899	0.000199
891	900	0.000361
891	901	0.000076
891	902	0.000054
891	903	0.000082
891	904	0.000049
891	906	0.004083
891	910	0.000697
891	916	0.010492
891	919	0.000035
891	921	0.227539
891	922	0.000132
892	898	0.000194
892	905	0.004474
892	907	0.000227
892	908	0.000659
892	909	0.000732
892	911	0.000040
892	912	0.000182
892	913	0.000190
892	914	0.000110
892	915	0.012917
892	917	0.000122
892	918	0.000049
892	920	0.271474
893	919	0.267294
894	919	0.002642
895	899	0.000027
895	900	0.000105
895	901	0.000118
895	902	0.000925
895	903	0.000201
895	904	0.000751
895	906	0.000130
895	910	0.002089
895	916	0.003224
895	919	0.010557
895	921	0.000022
895	922	0.000004
896	907	0.000056
896	908	0.001857
896	909	0.002471
896	911	0.000175
896	912	0.441141
896	913	0.003903
896	914	0.001551
896	917	0.005556
896	918	0.068641
897	907	0.002123
897	908	0.002394
897	909	0.000113
897	911	0.513614
897	912	0.002818
897	913	0.001238
897	914	0.000553
897	917	0.088205
897	918	0.000625
898	902	0.000204
898	903	0.000437
898	904	0.000196
898	906	0.002053
898	910	0.526753
898	916	0.082861
898	919	0.000601
898	921	0.000011
898	922	0.000003
899	907	0.000060
899	908	0.001080
899	909	0.525557
899	911	0.000321
899	912	0.001827
899	913	0.013105
899	914	0.059522
899	917	0.000052
899	918	0.000907
900	907	0.001313
900	908	0.513218
900	909	0.005966
900	911	0.001782
900	912	0.013722
900	913	0.065304
900	914	0.049509
900	917	0.000781
900	918	0.000149
901	907	0.428852
901	908	0.007848
901	909	0.002715
901	911	0.011770
901	912	0.065752
901	913	0.054992
901	914	0.014254
901	917	0.000126
901	918	0.000107
902	907	0.006700
902	908	0.003290
902	909	0.004414
902	911	0.061990
902	912	0.053889
902	913	0.017244
902	914	0.001164
902	917	0.000094
902	918	0.000104
903	907	0.002125
903	908	0.003949
903	909	0.005580
903	911	0.046168
903	912	0.017994
903	913	0.001318
903	914	0.000487
903	917	0.000093
903	918	0.000084
904	908	0.003687
904	909	0.003030
904	911	0.013414
904	912	0.001145
904	913	0.000533
904	914	0.000036
904	917	0.000072
904	918	0.000018
905	919	0.005764
906	911	0.000109
906	912	0.000302
906	913	0.000357
906	914	0.000132
906	917	0.000314
906	918	0.005549
907	916	0.000410
907	919	0.000022
907	921	0.000038
907	922	0.000040
908	916	0.000370
908	919	0.000042
908	921	0.000063
908	922	0.000028
909	916	0.000160
909	919	0.000619
909	921	0.000046
909	922	0.000006
910	914	0.000059
910	917	0.000275
910	918	0.000752
911	916	0.000266
911	919	0.000069
911	921	0.000021
911	922	0.000106
912	916	0.000056
912	919	0.000228
912	921	0.000190
912	922	0.000066
913	919	0.000229
913	921	0.000135
913	922	0.000234
914	919	0.000068
914	921	0.000359
914	922	0.000019
915	919	0.000203
917	921	0.000048
917	922	0.000047
918	922	0.000018
