1	7	0.000316
1	8	0.000278
1	9	0.000073
1	12	0.000394
1	13	0.000197
1	15	0.001730
1	29	0.000029
1	33	0.000071
1	41	0.028300
1	67	0.000252
1	75	0.001923
1	76	0.001320
1	79	0.000014
1	836	0.000003
1	858	0.000001
1	859	0.000004
1	863	0.000002
1	870	0.000061
1	874	0.000008
2	7	0.000937
2	8	0.000211
2	9	0.000043
2	11	0.000528
2	12	0.000392
2	13	0.000007
2	14	0.002088
2	15	0.000678
2	28	0.000058
2	30	0.006470
2	32	0.000075
2	33	0.000018
2	39	0.000349
2	40	0.041378
2	41	0.000223
2	42	0.000557
2	46	0.000206
2	50	0.000010
2	53	0.000022
2	62	0.000392
2	65	0.000017
2	66	0.000282
2	74	0.002535
2	75	0.002621
2	76	0.000055
2	77	0.008347
2	83	0.000001
2	93	0.000010
2	835	0.000003
2	857	0.000001
2	858	0.000004
2	859	0.000003
2	863	0.000004
2	869	0.000047
2	870	0.006710
2	878	0.002901
2	881	0.002094
3	7	0.000177
3	8	0.000129
3	9	0.000063
3	11	0.000419
3	12	0.000010
3	13	0.002056
3	14	0.000879
3	29	0.006536
3	30	0.000061
3	32	0.000019
3	39	0.042017
3	40	0.000281
3	41	0.000451
3	42	0.005050
3	46	0.000014
3	50	0.000003
3	52	0.000022
3	61	0.000396
3	62	0.000002
3	64	0.000017
3	65	0.000280
3	66	0.000001
3	74	0.002755
3	75	0.000055
3	76	0.007845
3	77	0.005664
3	93	0.000004
3	834	0.000003
3	856	0.000001
3	858	0.000004
3	859	0.000006
3	868	0.000018
3	869	0.007883
3	878	0.000934
3	881	0.002502
4	8	0.000075
4	9	0.000158
4	12	0.001956
4	13	0.000850
4	26	0.000087
4	28	0.006570
4	29	0.000036
4	41	0.004842
4	60	0.000399
4	61	0.000001
4	75	0.006576
4	76	0.004881
4	79	0.000016
4	833	0.000003
4	857	0.000001
4	858	0.000005
4	859	0.000001
4	863	0.000001
4	868	0.007910
4	874	0.000068
5	10	0.001381
5	16	0.000014
5	25	0.000091
5	27	0.006592
5	48	0.000003
5	56	0.000002
5	59	0.000400
5	68	0.000002
5	71	0.001109
5	72	0.000057
5	78	0.000017
5	80	0.000064
5	82	0.000002
5	860	0.000101
5	867	0.007897
5	871	0.000014
5	873	0.000072
5	875	0.003151
5	876	0.000043
5	877	0.000087
5	879	0.001887
5	880	0.001700
6	12	0.000008
6	13	0.000007
6	15	0.000015
6	24	0.000090
6	26	0.006550
6	41	0.000030
6	55	0.000002
6	58	0.000367
6	67	0.000001
6	75	0.000065
6	76	0.000011
6	79	0.000062
6	859	0.000081
6	863	0.000069
6	868	0.000001
6	870	0.000010
6	874	0.003093
7	17	0.000001
7	21	0.000009
7	22	0.000018
7	25	0.006090
7	37	0.000036
7	38	0.002905
7	43	0.000007
7	44	0.000007
7	45	0.000004
7	47	0.000002
7	48	0.000001
7	49	0.000002
7	54	0.000002
7	57	0.000338
7	69	0.000003
7	70	0.000012
7	71	0.000003
7	72	0.000003
7	73	0.000152
7	78	0.000056
7	861	0.000003
7	862	0.000070
7	864	0.000005
7	865	0.000235
7	866	0.000181
7	867	0.000001
7	871	0.000002
7	872	0.000006
7	873	0.002911
7	876	0.000002
7	877	0.000014
7	879	0.000019
7	880	0.000035
7	882	0.000034
8	16	0.000003
8	17	0.000016
8	19	0.000008
8	21	0.000049
8	22	0.003081
8	25	0.000011
8	34	0.000002
8	37	0.001956
8	38	0.683861
8	43	0.000005
8	44	0.000003
8	48	0.000001
8	56	0.000086
8	69	0.000002
8	70	0.000002
8	71	0.000001
8	72	0.000011
8	73	0.000012
8	860	0.000002
8	861	0.000054
8	862	0.000004
8	864	0.000124
8	865	0.000130
8	866	0.000004
8	871	0.000004
8	872	0.001815
8	873	0.000002
8	876	0.000005
8	879	0.000015
8	880	0.000027
8	882	0.000021
9	16	0.000015
9	17	0.000001
9	19	0.000318
9	21	0.003810
9	22	0.000084
9	31	0.000047
9	34	0.000015
9	37	0.930055
9	38	0.000326
9	71	0.000001
9	73	0.000002
9	860	0.000031
9	861	0.000003
9	862	0.000001
9	864	0.000057
9	865	0.000003
9	871	0.000945
9	872	0.000001
9	875	0.000003
9	879	0.000030
9	880	0.000002
9	882	0.005817
10	14	0.000007
10	15	0.000005
10	18	0.000370
10	20	0.003838
10	23	0.000224
10	24	0.000005
10	26	0.000008
10	30	0.000060
10	32	0.000022
10	33	0.000014
10	36	0.975335
10	863	0.000003
10	868	0.000002
10	870	0.000001
10	874	0.000002
10	878	0.000032
10	881	0.009418
11	16	0.000710
11	25	0.000012
11	35	0.975442
11	867	0.000003
11	873	0.000002
11	877	0.000032
11	880	0.009424
12	16	0.000011
12	17	0.000025
12	19	0.000258
12	21	0.000053
12	22	0.000062
12	31	0.000015
12	34	0.967770
12	35	0.000003
12	862	0.000003
12	866	0.000002
12	872	0.000002
12	876	0.000028
12	879	0.009047
13	17	0.000079
13	19	0.000035
13	21	0.000057
13	22	0.000007
13	31	0.000126
13	34	0.000114
13	49	0.000002
13	861	0.000003
13	865	0.000002
13	871	0.000002
13	872	0.000001
13	875	0.000014
13	876	0.000001
13	877	0.000023
13	879	0.000004
14	25	0.000002
14	35	0.000005
14	48	0.000003
14	860	0.000003
14	871	0.000002
14	873	0.000008
14	875	0.000002
14	876	0.000026
14	877	0.009241
15	19	0.000006
15	21	0.000032
15	22	0.000007
15	31	0.894466
15	34	0.000011
15	47	0.000003
15	872	0.000008
15	875	0.000023
15	876	0.009199
15	877	0.000002
16	20	0.000034
16	23	0.000004
16	28	0.000022
16	29	0.079186
16	30	0.898467
16	32	0.000055
16	33	0.000006
16	46	0.000002
16	869	0.000003
16	874	0.000006
17	26	0.000082
17	28	0.527095
17	29	0.453207
17	868	0.000003
17	870	0.000002
17	874	0.009209
18	25	0.000157
18	27	0.972590
18	867	0.000003
18	871	0.000005
18	873	0.009191
18	875	0.000013
19	24	0.000115
19	26	0.971669
19	28	0.010269
19	870	0.000007
19	874	0.000013
20	25	0.968211
20	27	0.010515
20	871	0.008593
20	873	0.000012
21	26	0.007956
21	28	0.000001
21	29	0.000003
21	868	0.000001
21	870	0.008385
22	26	0.000007
22	28	0.000017
22	868	0.008841
22	870	0.000001
23	27	0.000017
23	48	0.000017
23	88	0.000003
23	89	0.000002
23	867	0.009075
24	31	0.000001
24	37	0.000008
24	47	0.000017
24	88	0.000002
24	94	0.000001
24	865	0.000004
24	866	0.008562
24	867	0.000002
24	882	0.000008
25	30	0.000001
25	32	0.000001
25	36	0.000011
25	39	0.000004
25	46	0.000017
25	86	0.000010
25	93	0.000004
25	881	0.000013
26	31	0.000001
26	35	0.000010
26	37	0.000014
26	38	0.000002
26	45	0.000016
26	51	0.000001
26	84	0.000009
26	85	0.000007
26	92	0.000004
26	864	0.007210
26	865	0.000004
26	879	0.000011
26	880	0.000007
27	36	0.000019
27	39	0.000004
27	50	0.000001
27	83	0.000120
27	863	0.009036
27	878	0.000032
28	35	0.000019
28	38	0.000004
28	82	0.000120
28	90	0.000004
28	862	0.009094
28	877	0.000033
29	34	0.000011
29	37	0.000004
29	81	0.000120
29	89	0.000004
29	861	0.009106
29	876	0.000034
30	35	0.000004
30	59	0.000001
30	80	0.000133
30	88	0.000004
30	860	0.009106
30	875	0.000053
31	58	0.000001
31	79	0.000133
31	87	0.000003
31	858	0.000014
31	859	0.006976
31	874	0.000053
32	48	0.000001
32	57	0.000001
32	78	0.000132
32	89	0.000132
32	91	0.000001
32	873	0.000053
32	880	0.000009
33	37	0.000006
33	38	0.000014
33	43	0.000003
33	44	0.000001
33	47	0.000001
33	56	0.000001
33	88	0.000134
33	90	0.000001
33	871	0.000006
33	872	0.000045
33	879	0.000007
33	882	0.000042
34	41	0.000052
34	55	0.000001
34	61	0.000002
34	75	0.000096
34	76	0.000012
34	87	0.000134
34	857	0.000014
34	858	0.000031
34	859	0.000002
34	870	0.000015
35	39	0.000030
35	40	0.000063
35	42	0.000018
35	60	0.000006
35	74	0.000099
35	75	0.000009
35	77	0.000002
35	83	0.000006
35	86	0.000134
35	93	0.000019
35	856	0.000003
35	857	0.000007
35	858	0.000009
35	868	0.000003
35	869	0.000016
35	878	0.000063
35	881	0.014865
36	59	0.000006
36	72	0.000002
36	82	0.000006
36	84	0.000050
36	91	0.000001
36	867	0.000013
36	871	0.000003
36	877	0.000062
36	879	0.000006
36	880	0.014925
37	41	0.000001
37	58	0.000003
37	75	0.000016
37	76	0.000056
37	858	0.000004
37	859	0.000001
37	870	0.000002
38	58	0.000067
38	75	0.000118
38	76	0.000040
38	857	0.000001
38	858	0.000002
38	868	0.000004
38	874	0.000049
39	48	0.000063
39	57	0.000097
39	69	0.000247
39	71	0.000051
39	72	0.240339
39	81	0.000022
39	82	0.000060
39	84	0.000020
39	89	0.000020
39	91	0.000028
39	860	0.000002
39	867	0.000004
39	873	0.000032
39	875	0.002103
39	876	0.008156
39	877	0.120815
39	879	0.327160
39	880	0.029095
40	48	0.000663
40	56	0.000098
40	68	0.000249
40	69	0.000049
40	71	0.242573
40	72	0.000027
40	80	0.000022
40	81	0.000060
40	82	0.000097
40	88	0.000019
40	89	0.000012
40	91	0.017575
40	860	0.000002
40	871	0.000002
40	873	0.004275
40	875	0.008108
40	876	0.120962
40	877	0.504024
40	879	0.025748
40	880	0.000086
41	45	0.000005
41	47	0.000618
41	48	0.000013
41	49	0.001906
41	51	0.000001
41	57	0.000002
41	68	0.000035
41	69	0.001220
41	70	0.241265
41	71	0.000018
41	72	0.000017
41	73	0.000288
41	80	0.000016
41	81	0.000101
41	85	0.000002
41	88	0.000003
41	89	0.000029
41	90	0.017726
41	91	0.000004
41	92	0.001303
41	94	0.000001
41	861	0.000852
41	862	0.000001
41	872	0.004578
41	873	0.000012
41	875	0.016929
41	876	0.522445
41	877	0.003961
41	879	0.000068
41	880	0.000045
42	48	0.002471
42	56	0.000009
42	68	0.006185
42	69	0.234280
42	71	0.000035
42	72	0.000397
42	78	0.000012
42	80	0.000200
42	84	0.000002
42	88	0.000059
42	89	0.017708
42	91	0.001604
42	860	0.001019
42	871	0.004598
42	873	0.007932
42	875	0.638626
42	876	0.003923
42	877	0.003807
42	879	0.000121
42	880	0.000014
43	55	0.000008
43	61	0.000002
43	67	0.010254
43	75	0.000002
43	76	0.000022
43	79	0.000197
43	87	0.000068
43	859	0.000987
43	870	0.003304
43	874	0.630357
44	61	0.000084
44	67	0.004753
44	75	0.000019
44	76	0.000079
44	87	0.000074
44	858	0.000840
44	859	0.000002
44	868	0.000002
44	870	0.000010
44	874	0.000340
45	58	0.000006
45	60	0.000115
45	61	0.000003
45	67	0.000815
45	75	0.000071
45	76	0.000072
45	79	0.000012
45	87	0.000023
45	857	0.000217
45	858	0.000002
45	868	0.000107
45	870	0.000007
45	874	0.002514
46	56	0.000115
46	57	0.000005
46	59	0.000118
46	68	0.034714
46	69	0.000001
46	71	0.000014
46	72	0.000061
46	78	0.000013
46	80	0.000006
46	82	0.000006
46	84	0.000076
46	88	0.026019
46	89	0.000012
46	860	0.000004
46	867	0.000105
46	871	0.666968
46	873	0.002058
46	875	0.000170
46	876	0.000007
46	877	0.000013
46	879	0.000063
46	880	0.000029
47	55	0.000114
47	58	0.000108
47	60	0.000025
47	61	0.000159
47	67	0.034792
47	75	0.004642
47	76	0.000032
47	79	0.000005
47	87	0.026139
47	857	0.000002
47	859	0.000004
47	870	0.671413
47	874	0.000165
48	52	0.000009
48	53	0.000058
48	60	0.000102
48	61	0.158336
48	62	0.037979
48	64	0.000682
48	65	0.000270
48	66	0.030857
48	74	0.005276
48	75	0.000024
48	76	0.000033
48	77	0.000595
48	83	0.003127
48	86	0.026036
48	93	0.000002
48	856	0.000002
48	858	0.000003
48	869	0.670953
48	870	0.000020
48	878	0.000023
48	881	0.000076
49	55	0.000003
49	58	0.000094
49	60	0.220452
49	61	0.019201
49	75	0.000036
49	76	0.000582
49	855	0.000002
49	857	0.000002
49	868	0.669528
49	870	0.000058
49	874	0.000024
50	56	0.000100
50	57	0.000101
50	59	0.241253
50	68	0.000012
50	69	0.000001
50	71	0.006810
50	72	0.004171
50	80	0.000229
50	81	0.000002
50	82	0.008012
50	84	0.010529
50	88	0.000023
50	91	0.000040
50	854	0.000002
50	860	0.000017
50	867	0.666591
50	871	0.000241
50	873	0.000025
50	875	0.000014
50	876	0.000003
50	877	0.000015
50	879	0.000075
50	880	0.000041
51	55	0.000074
51	58	0.240865
51	60	0.000310
51	61	0.000004
51	67	0.000011
51	75	0.000005
51	76	0.000001
51	79	0.000234
51	87	0.000050
51	855	0.000016
51	857	0.000003
51	858	0.000012
51	859	0.000028
51	863	0.000148
51	868	0.000002
51	870	0.000188
51	874	0.000011
52	56	0.000277
52	57	0.238569
52	59	0.000331
52	68	0.000009
52	69	0.050255
52	71	0.000016
52	72	0.000041
52	78	0.000230
52	80	0.000012
52	81	0.631866
52	82	0.001685
52	84	0.000006
52	88	0.000026
52	89	0.045909
52	91	0.000404
52	854	0.000016
52	860	0.000002
52	867	0.000003
52	873	0.000006
52	876	0.000009
52	879	0.000002
52	880	0.000005
53	57	0.000183
53	59	0.000112
53	68	0.051582
53	69	0.000059
53	71	0.000040
53	78	0.000003
53	80	0.636534
53	81	0.000900
53	88	0.046297
53	89	0.001059
53	91	0.000273
53	853	0.000016
53	860	0.000037
53	867	0.000002
53	871	0.000002
53	875	0.000009
53	879	0.000004
54	58	0.000077
54	60	0.000013
54	61	0.000006
54	67	0.050789
54	76	0.000029
54	79	0.637014
54	87	0.040555
54	852	0.000016
54	859	0.000030
54	863	0.000250
54	868	0.000002
54	870	0.000002
54	874	0.000008
55	59	0.000012
55	63	0.000052
55	68	0.000008
55	69	0.000009
55	78	0.635577
55	84	0.000003
55	85	0.000106
55	88	0.000951
55	89	0.000084
55	90	0.000028
55	91	0.000005
55	92	0.000002
55	94	0.000046
55	851	0.000016
55	860	0.000003
55	861	0.000011
55	862	0.000255
55	864	0.000016
55	865	0.000006
55	866	0.000043
55	867	0.000005
55	873	0.000007
55	882	0.000284
56	62	0.000060
56	64	0.000010
56	65	0.051505
56	66	0.002017
56	67	0.000009
56	74	0.000007
56	75	0.008194
56	76	0.000020
56	77	0.628550
56	83	0.000003
56	86	0.033404
56	87	0.005311
56	93	0.000082
56	841	0.000007
56	850	0.000012
56	857	0.000001
56	858	0.000002
56	859	0.000004
56	863	0.000013
56	881	0.000433
57	61	0.000025
57	62	0.000012
57	64	0.051616
57	65	0.001963
57	66	0.000010
57	74	0.019497
57	75	0.000383
57	76	0.449262
57	77	0.000066
57	83	0.000054
57	86	0.008873
57	87	0.000094
57	93	0.011606
57	840	0.000008
57	849	0.000011
57	859	0.000002
57	863	0.000005
57	881	0.000004
58	63	0.045215
58	72	0.000613
58	73	0.020237
58	82	0.000036
58	84	0.020846
58	85	0.005778
58	88	0.000029
58	89	0.000004
58	90	0.000008
58	91	0.000002
58	92	0.011603
58	94	0.000018
58	839	0.000009
58	860	0.000002
58	861	0.000001
58	862	0.000005
58	864	0.000379
58	879	0.000434
58	880	0.000002
58	882	0.000006
59	64	0.000963
59	65	0.000003
59	66	0.000001
59	74	0.615623
59	75	0.000026
59	83	0.044379
59	86	0.003798
59	87	0.000071
59	93	0.000053
59	170	0.000005
59	838	0.000009
59	848	0.000001
59	863	0.000403
59	878	0.000443
59	881	0.000011
60	70	0.001208
60	71	0.020625
60	72	0.000018
60	73	0.615223
60	80	0.000001
60	82	0.044259
60	84	0.000011
60	85	0.002243
60	88	0.000009
60	89	0.000004
60	90	0.011656
60	91	0.000003
60	92	0.000051
60	169	0.000005
60	837	0.000009
60	862	0.000406
60	877	0.000442
60	880	0.000007
61	68	0.000002
61	69	0.001397
61	70	0.021729
61	71	0.000024
61	72	0.611470
61	73	0.000752
61	81	0.044049
61	82	0.000001
61	84	0.000640
61	85	0.004993
61	89	0.011523
61	90	0.000003
61	91	0.000018
61	168	0.000005
61	861	0.000407
61	872	0.000002
61	876	0.000438
61	879	0.000002
61	880	0.000039
62	68	0.002609
62	69	0.021909
62	71	0.609858
62	72	0.001382
62	80	0.044316
62	81	0.000001
62	82	0.000010
62	84	0.007338
62	88	0.011484
62	89	0.000003
62	91	0.000001
62	167	0.000005
62	860	0.000406
62	871	0.000002
62	875	0.000440
62	879	0.000233
62	880	0.000005
63	67	0.001840
63	75	0.000001
63	79	0.044272
63	87	0.011228
63	166	0.000005
63	859	0.000310
63	870	0.000002
63	874	0.000397
64	68	0.016573
64	69	0.048539
64	71	0.000501
64	72	0.001353
64	78	0.043599
64	81	0.000252
64	82	0.020776
64	84	0.000198
64	89	0.000002
64	91	0.000003
64	165	0.000005
64	873	0.000303
64	876	0.000001
64	877	0.000322
64	879	0.000003
64	880	0.000001
65	69	0.002110
65	71	0.001406
65	72	0.007652
65	78	0.000097
65	80	0.000253
65	81	0.020946
65	82	0.000325
65	84	0.000006
65	88	0.000002
65	89	0.000026
65	91	0.000001
65	114	0.000004
65	164	0.000005
65	871	0.000015
65	875	0.000001
65	876	0.000323
65	877	0.000006
65	879	0.000001
66	71	0.007641
66	72	0.000093
66	78	0.000034
66	80	0.020930
66	81	0.000327
66	82	0.000015
66	88	0.000026
66	89	0.000018
66	113	0.000004
66	163	0.000005
66	871	0.000037
66	873	0.000001
66	875	0.000323
66	876	0.000006
67	71	0.000077
67	72	0.000015
67	73	0.000069
67	78	0.011041
67	80	0.000311
67	81	0.000015
67	88	0.000017
67	871	0.000002
67	872	0.000002
67	873	0.000011
67	875	0.000006
68	74	0.019979
68	75	0.005652
68	76	0.000183
68	77	0.018486
68	79	0.000156
68	86	0.000026
68	87	0.000020
68	111	0.000009
68	829	0.000010
68	869	0.000002
68	870	0.000008
68	874	0.000006
69	74	0.005874
69	75	0.000151
69	76	0.017559
69	77	0.011094
69	79	0.000021
69	86	0.000020
69	110	0.000009
69	828	0.000010
69	859	0.000003
69	868	0.000001
69	869	0.000009
70	75	0.015084
70	76	0.010747
70	79	0.000042
70	87	0.000067
70	827	0.000010
70	858	0.000024
70	859	0.000003
70	868	0.000008
70	870	0.000003
71	75	0.004949
71	76	0.000012
71	77	0.000352
71	83	0.000053
71	86	0.000071
71	87	0.000016
71	93	0.004301
71	826	0.000010
71	857	0.000032
71	858	0.000003
71	869	0.000002
71	870	0.000388
72	76	0.000150
72	77	0.000364
72	83	0.000043
72	86	0.000019
72	93	0.005908
72	107	0.000008
72	825	0.000010
72	856	0.000033
72	859	0.000002
72	869	0.000395
73	79	0.000023
73	87	0.000002
73	105	0.000018
73	824	0.000003
73	855	0.000033
73	858	0.000001
73	868	0.000396
73	874	0.000008
74	78	0.000024
74	80	0.000081
74	81	0.000113
74	82	0.000040
74	84	0.000003
74	88	0.000062
74	89	0.000099
74	91	0.025493
74	104	0.000021
74	854	0.000033
74	867	0.000395
74	873	0.000008
74	876	0.000021
74	877	0.000003
74	880	0.000007
75	80	0.000109
75	81	0.000038
75	85	0.000002
75	88	0.000091
75	89	0.000005
75	90	0.025684
75	91	0.000546
75	92	0.000009
75	103	0.000021
75	853	0.000030
75	862	0.000010
75	866	0.000370
75	872	0.000008
75	875	0.000020
75	876	0.000003
75	879	0.000006
75	882	0.000054
76	80	0.000021
76	82	0.000003
76	85	0.000627
76	88	0.000008
76	89	0.025600
76	90	0.000848
76	91	0.000009
76	92	0.000209
76	102	0.000021
76	861	0.000019
76	865	0.000248
76	871	0.000006
76	872	0.000003
76	875	0.000002
76	876	0.000001
76	880	0.000159
76	882	0.000847
77	81	0.000003
77	82	0.000007
77	84	0.000738
77	88	0.025436
77	89	0.000933
77	91	0.000260
77	101	0.000022
77	851	0.000032
77	860	0.000021
77	871	0.000004
77	873	0.000022
77	875	0.000001
77	879	0.000276
77	880	0.000003
78	83	0.000707
78	86	0.008806
78	87	0.012809
78	93	0.000041
78	100	0.000023
78	850	0.000031
78	859	0.000011
78	863	0.000069
78	870	0.000002
78	874	0.000001
78	878	0.000272
78	881	0.265879
79	84	0.000016
79	85	0.009201
79	88	0.000456
79	89	0.000162
79	92	0.000040
79	94	0.000002
79	99	0.000023
79	861	0.000002
79	862	0.000069
79	864	0.000053
79	871	0.000022
79	877	0.000266
79	879	0.000008
79	880	0.265451
79	882	0.000017
80	86	0.008473
80	87	0.003047
80	93	0.000006
80	98	0.000022
80	848	0.000006
80	849	0.000017
80	857	0.000006
80	863	0.000062
80	870	0.000040
80	878	0.000011
80	881	0.000028
81	86	0.004295
81	87	0.000242
81	93	0.000091
81	97	0.000022
81	847	0.000006
81	848	0.000017
81	856	0.000006
81	859	0.000003
81	869	0.000043
81	874	0.000002
81	878	0.268135
81	881	0.000081
82	86	0.001719
82	87	0.000364
82	93	0.012782
82	97	0.000002
82	100	0.000055
82	846	0.000006
82	847	0.000016
82	855	0.000003
82	856	0.000002
82	857	0.000002
82	858	0.000017
82	859	0.000006
82	863	0.000035
82	868	0.000146
82	870	0.000032
82	874	0.000049
82	878	0.011508
82	881	0.002640
83	88	0.014135
83	89	0.043279
83	91	0.031899
83	95	0.000011
83	99	0.000056
83	854	0.000003
83	860	0.010207
83	867	0.000199
83	871	0.000282
83	873	0.000055
83	875	0.000089
83	876	0.277435
83	877	0.008320
83	879	0.000507
83	880	0.002510
84	93	0.009679
84	97	0.000011
84	98	0.000054
84	846	0.000006
84	856	0.000025
84	857	0.000002
84	858	0.000035
84	859	0.010221
84	863	0.000072
84	868	0.000002
84	869	0.008952
84	870	0.000009
84	874	0.000038
84	878	0.000629
84	881	0.000002
85	844	0.000019
85	855	0.000009
85	857	0.000020
85	858	0.009919
85	859	0.000016
85	863	0.000868
85	868	0.009462
85	874	0.283983
86	91	0.005231
86	95	0.026816
86	843	0.000019
86	860	0.000499
86	867	0.009820
86	871	0.000001
86	873	0.285688
86	875	0.000138
86	876	0.000372
86	877	0.002344
86	880	0.000003
87	91	0.000169
87	92	0.001757
87	94	0.079971
87	860	0.000858
87	861	0.012255
87	862	0.001823
87	864	0.031582
87	865	0.001466
87	866	0.010534
87	871	0.000217
87	872	0.278732
87	873	0.000129
87	875	0.000360
87	876	0.002319
87	879	0.000003
88	93	0.147575
88	841	0.000017
88	842	0.000002
88	857	0.000012
88	858	0.000108
88	859	0.001753
88	863	0.035392
88	869	0.000005
88	870	0.001426
88	874	0.000135
88	878	0.000003
89	93	0.001484
89	840	0.000017
89	841	0.000002
89	856	0.000008
89	857	0.000026
89	858	0.002142
89	859	0.014769
89	863	0.000638
89	868	0.000005
89	869	0.001582
89	870	0.083807
89	874	0.000983
89	881	0.000003
90	855	0.000005
90	857	0.001450
90	858	0.014940
90	859	0.008220
90	863	0.007011
90	868	0.001538
90	870	0.201386
91	838	0.000016
91	856	0.000986
91	857	0.002457
91	858	0.007616
91	859	0.026808
91	863	0.000168
91	868	0.000015
91	869	0.291943
91	881	0.000006
92	855	0.000687
92	857	0.002799
92	858	0.029328
92	859	0.045993
92	863	0.000091
92	868	0.291980
92	874	0.000003
93	837	0.000019
93	854	0.000283
93	860	0.020023
93	867	0.291407
93	871	0.000003
93	873	0.000003
93	879	0.000014
93	880	0.000006
94	836	0.000019
94	852	0.000001
94	857	0.824278
94	858	0.001854
94	859	0.009515
94	863	0.000051
94	870	0.000002
95	835	0.000019
95	852	0.000003
95	855	0.000005
95	856	0.970780
95	857	0.000043
95	858	0.000356
95	863	0.000001
95	869	0.000001
96	852	0.000034
96	855	0.995637
96	857	0.000118
96	858	0.000002
96	859	0.000002
97	114	0.000002
97	851	0.000021
97	853	0.000012
97	854	0.999545
98	113	0.000002
98	114	0.000004
98	851	0.000114
98	853	0.999684
99	112	0.000001
99	844	0.000001
99	850	0.000146
99	852	0.998897
100	113	0.000013
100	114	0.000003
100	843	0.000002
100	851	0.999394
101	112	0.000014
101	831	0.000002
101	842	0.000002
101	849	0.198776
101	850	0.800931
102	111	0.000015
102	112	0.000003
102	830	0.000002
102	841	0.000002
102	848	0.397262
102	849	0.602633
103	110	0.000015
103	111	0.000006
103	829	0.000002
103	840	0.000002
103	847	0.595587
103	848	0.404305
104	110	0.000008
104	116	0.000001
104	828	0.000002
104	838	0.000002
104	840	0.000001
104	846	0.793902
104	847	0.205878
105	109	0.000008
105	113	0.000015
105	114	0.000009
105	115	0.000011
105	837	0.000002
105	839	0.000002
105	843	0.000016
105	845	0.991716
106	112	0.000017
106	836	0.000002
106	844	0.993393
107	113	0.000898
107	114	0.000190
107	167	0.000007
107	169	0.000002
107	837	0.000034
107	843	0.988575
108	112	0.000889
108	122	0.000003
108	166	0.000019
108	832	0.000003
108	833	0.000013
108	836	0.000063
108	844	0.000017
109	121	0.000012
109	166	0.011415
109	832	0.000011
109	836	0.000013
109	844	0.000426
110	114	0.002340
110	120	0.000016
110	162	0.000009
110	163	0.000006
110	164	0.000329
110	165	0.014925
110	837	0.008608
110	843	0.000478
111	119	0.000019
111	161	0.000007
111	162	0.000008
111	163	0.000335
111	164	0.014948
111	165	0.000049
111	167	0.000003
111	169	0.000003
111	837	0.097565
111	843	0.000157
112	118	0.000023
112	161	0.000001
112	162	0.000021
112	163	0.014536
112	164	0.000045
112	165	0.000006
112	168	0.000003
112	771	0.000003
112	776	0.000004
112	781	0.000027
112	837	0.004503
112	839	0.009998
112	843	0.000743
113	117	0.000030
113	166	0.000002
113	770	0.000004
113	775	0.000004
113	780	0.000032
113	826	0.000091
113	829	0.000067
113	830	0.000014
113	831	0.000065
113	832	0.000018
113	833	0.000002
113	834	0.000564
113	835	0.365215
113	836	0.003890
113	838	0.010007
113	840	0.000122
113	841	0.003559
113	842	0.012901
113	846	0.000004
113	847	0.000002
114	166	0.000002
114	769	0.000002
114	770	0.000002
114	774	0.000004
114	779	0.000029
114	780	0.000002
114	825	0.000092
114	828	0.000067
114	829	0.000014
114	830	0.000064
114	831	0.000019
114	832	0.000003
114	833	0.000546
114	834	0.366079
114	835	0.004038
114	836	0.000172
114	838	0.000294
114	840	0.003552
114	841	0.012834
114	842	0.000031
114	846	0.000003
115	769	0.000002
115	778	0.000024
115	779	0.000002
115	824	0.000078
115	827	0.000057
115	832	0.001085
115	833	0.312965
115	836	0.005657
116	161	0.000184
116	162	0.915456
116	163	0.000044
116	164	0.000001
116	837	0.000059
117	161	0.989037
117	162	0.000031
117	163	0.000001
117	837	0.000063
118	160	0.998449
118	832	0.000003
118	836	0.000034
119	159	0.999935
119	835	0.000018
120	158	0.999956
120	834	0.000007
121	156	0.000001
121	157	0.999018
122	156	0.999285
122	157	0.000001
123	155	0.999963
124	154	0.999511
125	153	0.999977
126	152	0.999984
127	150	0.000001
127	151	0.998870
128	150	0.999033
129	149	0.999970
130	148	0.999511
131	147	0.999977
132	146	0.999990
133	145	0.999985
134	144	0.999698
135	142	0.000009
135	143	0.999960
136	141	0.000009
136	142	0.999261
136	143	0.000005
137	141	0.756354
138	142	0.000002
161	826	0.000005
161	827	0.000006
161	828	0.000005
161	829	0.000108
161	830	0.001324
161	831	0.007149
161	832	0.001696
161	833	0.000022
161	834	0.000003
161	835	0.000006
161	842	0.000001
162	178	0.000003
162	825	0.000008
162	826	0.000205
162	827	0.000035
162	828	0.000244
162	829	0.002994
162	830	0.011844
162	831	0.056389
162	832	0.008824
162	833	0.000030
162	834	0.000009
162	835	0.000006
162	836	0.000004
162	841	0.000002
162	842	0.000181
163	170	0.000004
163	177	0.000007
163	527	0.000018
163	770	0.000006
163	774	0.000014
163	775	0.000031
163	779	0.000002
163	780	0.000018
163	783	0.000008
163	823	0.000006
163	824	0.000026
163	825	0.000438
163	826	0.000946
163	827	0.001038
163	828	0.004955
163	829	0.017368
163	830	0.120755
163	831	0.274040
163	832	0.008741
163	833	0.000013
163	834	0.000010
163	835	0.000121
163	836	0.000137
163	838	0.000002
163	840	0.000002
163	841	0.000254
163	842	0.546083
164	170	0.000002
164	176	0.000007
164	524	0.000029
164	527	0.000054
164	769	0.000003
164	770	0.000021
164	774	0.000033
164	775	0.000052
164	778	0.000003
164	779	0.000015
164	780	0.000007
164	783	0.000016
164	822	0.000005
164	823	0.000030
164	824	0.000439
164	825	0.000948
164	826	0.001249
164	827	0.004896
164	828	0.017391
164	829	0.121169
164	830	0.275188
164	831	0.009793
164	832	0.000015
164	833	0.000004
164	834	0.000120
164	835	0.000153
164	836	0.000002
164	840	0.000247
164	841	0.547069
164	842	0.000052
165	175	0.000007
165	523	0.000029
165	524	0.000009
165	527	0.000076
165	769	0.000018
165	770	0.000001
165	774	0.000057
165	777	0.000003
165	778	0.000008
165	779	0.000004
165	780	0.000002
165	783	0.000027
165	821	0.000002
165	822	0.000010
165	823	0.000500
165	824	0.000540
165	825	0.001234
165	826	0.006561
165	827	0.013525
165	828	0.120535
165	829	0.274673
165	830	0.009746
165	831	0.000016
165	832	0.000003
165	833	0.000065
165	834	0.000151
165	835	0.000003
165	838	0.000122
165	840	0.547002
165	841	0.000046
166	174	0.000007
166	522	0.000029
166	525	0.073467
166	526	0.000169
166	768	0.000015
166	771	0.000049
166	773	0.000044
166	776	0.000003
166	781	0.000138
166	782	0.000018
166	837	0.000101
166	839	0.537821
167	173	0.000007
167	523	0.000003
167	524	0.116529
167	770	0.000069
167	775	0.000001
167	779	0.000001
167	780	0.000216
167	783	0.000001
167	822	0.000005
167	823	0.000107
167	824	0.000006
167	825	0.111557
167	826	0.005651
167	827	0.000064
167	828	0.240546
167	829	0.000053
167	830	0.000004
167	831	0.000008
167	832	0.000001
167	833	0.000226
167	834	0.000382
167	835	0.000033
167	836	0.000013
167	838	0.516441
167	840	0.000006
167	842	0.000002
168	172	0.000006
168	523	0.102770
168	527	0.000009
168	769	0.000063
168	775	0.000531
168	777	0.000003
168	778	0.000010
168	779	0.000216
168	821	0.000005
168	824	0.114041
168	827	0.240486
168	832	0.001903
168	833	0.000566
168	836	0.259789
169	520	0.000004
169	523	0.004556
169	524	0.003401
169	527	0.000005
169	769	0.000002
169	770	0.000029
169	774	0.000560
169	775	0.000004
169	777	0.000008
169	778	0.000132
169	779	0.000002
169	780	0.000033
169	783	0.000072
169	820	0.000004
169	822	0.000002
169	823	0.111381
169	824	0.000066
169	825	0.000640
169	826	0.234419
169	827	0.000006
169	828	0.000015
169	829	0.000019
169	830	0.000028
169	831	0.001902
169	832	0.000347
169	833	0.000033
169	834	0.001792
169	835	0.255066
169	836	0.007221
169	838	0.001630
170	521	0.891796
170	837	0.001984
171	520	0.999391
171	523	0.000001
171	823	0.000008
171	824	0.000007
171	825	0.000044
171	830	0.000001
171	831	0.000004
171	832	0.000003
171	833	0.000006
171	834	0.000053
171	835	0.000002
171	836	0.000010
172	519	0.999641
172	522	0.000002
173	518	0.999933
173	521	0.000001
174	517	0.997035
175	516	0.751846
175	518	0.000008
176	515	0.506318
176	516	0.248008
177	514	0.260664
177	515	0.493605
178	514	0.739131
179	513	0.983945
180	510	0.000022
180	511	0.002283
180	512	0.983966
181	509	0.000003
181	513	0.000009
182	509	0.000010
182	513	0.000002
183	509	0.999569
184	508	0.999486
185	507	0.999980
186	506	0.999938
187	504	0.000003
187	505	0.998459
188	503	0.000002
188	504	0.999896
189	503	0.989627
190	501	0.000036
190	502	0.740932
191	502	0.170821
192	500	0.000090
192	503	0.000034
193	499	0.000032
193	501	0.903826
193	502	0.000025
194	500	0.999783
195	498	0.000004
195	499	0.999944
196	498	0.998464
197	497	0.999858
198	496	0.999741
199	495	0.999985
200	494	0.999957
201	493	0.999932
202	491	0.000001
202	492	0.999940
202	493	0.000024
203	491	0.999805
203	492	0.000048
204	488	0.000364
204	491	0.000072
205	487	0.000363
206	487	0.000022
206	488	0.991107
207	487	0.971029
208	487	0.001190
209	485	0.991913
210	483	0.000001
210	484	0.998179
211	483	0.999978
212	482	0.999991
213	479	0.000001
213	481	0.999975
214	478	0.000006
214	479	0.000002
214	480	0.999566
215	477	0.000008
215	479	0.997920
218	476	0.928328
220	474	0.000006
220	475	0.991153
220	477	0.000001
220	478	0.000005
221	474	0.999815
221	477	0.000004
222	473	0.999935
222	476	0.000001
223	472	0.999432
224	471	0.997579
225	469	0.000639
225	470	0.948951
226	466	0.000001
226	467	0.000019
226	468	0.000890
227	466	0.000019
227	467	0.000522
227	468	0.951221
228	467	0.989703
229	469	0.000002
230	465	0.981588
230	466	0.000952
231	464	0.999852
232	462	0.000001
232	463	0.999012
233	462	0.998626
233	463	0.000001
234	461	0.999322
235	460	0.998642
236	459	0.999851
236	460	0.000002
237	458	0.999162
238	456	0.000001
238	457	0.998121
239	456	0.999263
239	457	0.000001
240	455	0.999984
241	454	0.999970
242	453	0.999129
243	452	0.997045
243	454	0.000005
244	451	0.974474
244	453	0.000211
245	452	0.000412
246	448	0.000005
246	449	0.000045
246	450	0.997878
246	451	0.000054
247	449	0.997789
247	451	0.000046
248	448	0.979791
248	449	0.001272
248	450	0.000064
249	446	0.002002
249	448	0.003340
249	449	0.000015
250	446	0.966621
250	448	0.000003
251	444	0.000003
251	445	0.999977
252	444	0.999968
253	416	0.000003
253	443	0.998335
254	415	0.000001
254	417	0.000411
254	418	0.000588
254	419	0.000085
254	442	0.988239
255	415	0.003612
255	417	0.008259
255	418	0.003812
255	419	0.000727
256	415	0.898451
256	417	0.001398
256	418	0.000121
256	419	0.000004
256	440	0.000005
256	442	0.000017
257	414	0.995270
257	416	0.001037
258	413	0.999917
258	415	0.000021
259	412	0.999990
260	411	0.999963
261	410	0.999935
262	409	0.999412
263	403	0.000090
263	404	0.000001
263	405	0.002061
263	406	0.000299
263	407	0.002479
263	408	0.994151
264	402	0.000115
264	404	0.004577
264	405	0.000690
264	406	0.008959
264	407	0.984411
265	401	0.000106
266	401	0.000085
267	401	0.975931
268	400	0.994366
268	402	0.000109
268	403	0.000781
268	404	0.000111
268	405	0.000007
268	406	0.000001
269	398	0.000035
269	399	0.998713
269	401	0.000010
270	397	0.000034
270	398	0.999937
271	396	0.000033
271	397	0.999955
272	396	0.999949
273	394	0.000506
273	395	0.991983
274	288	0.000126
275	287	0.000145
275	393	0.982735
276	286	0.000145
276	392	0.999271
277	285	0.000145
277	391	0.998481
278	284	0.000145
278	390	0.999591
278	391	0.000002
279	389	0.999783
280	387	0.000021
280	388	0.998344
281	383	0.000003
281	384	0.000030
281	386	0.000032
281	387	0.993074
281	388	0.000131
281	389	0.000004
282	383	0.000037
282	384	0.000025
282	386	0.963500
282	387	0.000425
282	388	0.000005
283	383	0.000045
283	384	0.000535
283	386	0.000726
283	387	0.000011
284	380	0.000646
284	383	0.000305
284	384	0.937473
284	386	0.000005
285	379	0.000649
285	383	0.995595
285	384	0.000094
286	378	0.000643
286	381	0.000207
286	382	0.997514
287	377	0.000640
287	381	0.996217
288	375	0.000004
288	377	0.000027
288	378	0.000907
288	381	0.000030
289	372	0.000001
289	375	0.000041
289	377	0.000613
289	378	0.982535
290	377	0.993193
291	376	0.956721
291	379	0.000006
292	376	0.003656
293	370	0.000040
293	374	0.555124
293	376	0.000037
293	380	0.000007
294	369	0.000040
294	374	0.042124
294	376	0.000017
294	379	0.000006
295	368	0.000040
295	371	0.924054
295	372	0.006516
295	373	0.021079
295	375	0.000013
295	378	0.000003
296	367	0.000035
296	370	0.999605
296	374	0.000003
297	367	0.000006
297	369	0.999930
297	370	0.000006
298	366	0.000011
298	368	0.999522
299	367	0.999550
300	365	0.479317
300	366	0.514317
301	364	0.963559
302	363	0.999933
302	365	0.000005
303	362	0.999986
303	363	0.000003
304	361	0.999988
304	362	0.000002
305	360	0.999956
305	361	0.000001
306	359	0.999917
307	358	0.999743
308	357	0.999939
309	356	0.999938
310	355	0.999499
311	354	0.999192
312	353	0.999964
313	352	0.999731
314	351	0.999948
315	329	0.000020
315	350	0.999712
316	328	0.000078
316	349	0.939191
316	352	0.000012
317	327	0.000106
317	343	0.026809
317	351	0.000029
318	326	0.000106
318	329	0.000047
318	342	0.026825
318	350	0.000035
319	328	0.000047
319	341	0.026720
319	349	0.000053
320	324	0.000002
320	325	0.000002
320	327	0.000046
320	337	0.000001
320	340	0.025608
320	343	0.000001
320	344	0.000292
320	345	0.835207
321	326	0.000028
321	335	0.000001
321	337	0.000136
321	340	0.000034
321	343	0.000169
321	344	0.954147
321	345	0.001984
322	330	0.000007
322	335	0.000001
322	337	0.000584
322	340	0.000005
322	342	0.000022
322	343	0.964528
322	344	0.002125
322	345	0.000001
323	329	0.000008
323	335	0.001532
323	342	0.968378
323	343	0.001805
323	350	0.000004
324	328	0.000005
324	334	0.000772
324	339	0.000006
324	341	0.942049
324	349	0.000011
325	334	0.023646
325	339	0.002514
325	341	0.000420
325	349	0.000890
326	332	0.000011
326	333	0.024751
326	334	0.000076
326	336	0.000001
326	338	0.002168
326	339	0.938833
326	341	0.000001
326	347	0.000289
326	348	0.001793
326	349	0.000004
327	331	0.000005
327	332	0.024617
327	333	0.000076
327	336	0.001646
327	338	0.970462
327	339	0.000007
327	346	0.000294
327	347	0.001788
327	348	0.000007
328	335	0.001594
328	337	0.970489
328	345	0.000273
329	333	0.000025
329	334	0.000619
329	336	0.965571
329	338	0.000003
329	346	0.001682
329	347	0.000002
329	348	0.000002
330	334	0.005337
331	335	0.006244
331	344	0.002174
331	345	0.000003
332	343	0.002254
333	342	0.002253
334	340	0.000018
335	339	0.000014
335	341	0.000001
336	342	0.000001
342	348	0.000011
343	347	0.000011
343	348	0.000003
344	349	0.000002
376	394	0.000070
377	393	0.000143
378	392	0.000144
379	391	0.000144
380	390	0.000144
380	394	0.000001
381	389	0.000144
381	393	0.000001
382	388	0.000141
382	392	0.000001
383	391	0.000001
401	406	0.000004
414	418	0.000001
414	419	0.000003
415	441	0.000005
415	443	0.000028
416	440	0.000008
416	442	0.000739
417	441	0.000471
417	443	0.000040
418	441	0.001648
418	443	0.000012
419	441	0.782754
420	439	0.000001
420	440	0.999356
421	439	0.999673
422	438	0.999914
423	437	0.999957
424	436	0.999979
425	432	0.000001
425	435	0.999264
426	433	0.000183
426	434	0.995862
427	433	0.953339
427	434	0.000397
428	433	0.000308
428	434	0.000073
429	433	0.000108
429	434	0.000011
430	434	0.000002
514	842	0.000005
515	841	0.000006
516	840	0.000006
517	839	0.000006
518	524	0.000001
518	838	0.000006
520	837	0.000003
521	527	0.000003
521	533	0.000002
521	769	0.000003
521	770	0.083126
521	774	0.000087
521	775	0.000002
521	778	0.000009
521	779	0.000003
521	780	0.000144
521	783	0.000004
521	823	0.000010
521	825	0.000051
521	826	0.000007
521	828	0.000036
521	829	0.000005
521	830	0.000004
521	831	0.000007
521	833	0.000001
521	834	0.000045
521	835	0.000005
521	836	0.000001
522	527	0.000352
522	532	0.000008
522	769	0.090278
522	775	0.000039
522	777	0.000053
522	778	0.000015
522	779	0.000150
522	824	0.000052
522	827	0.000037
522	832	0.000008
522	833	0.000047
522	836	0.000026
523	528	0.000025
523	529	0.000008
523	530	0.000005
523	531	0.000009
523	766	0.000029
523	767	0.000700
523	768	0.087684
523	771	0.000952
523	772	0.000418
523	773	0.000067
523	776	0.000052
523	781	0.000015
523	782	0.000006
523	837	0.000007
524	528	0.000344
524	529	0.000050
524	530	0.000012
524	784	0.000001
524	837	0.000404
525	769	0.001485
525	775	0.000016
525	777	0.000007
525	778	0.000706
525	779	0.000126
525	824	0.000010
525	827	0.000007
525	832	0.000016
525	833	0.000566
525	836	0.000371
526	769	0.003757
526	775	0.000093
526	777	0.000907
526	778	0.000153
526	779	0.000030
526	824	0.000009
526	827	0.000010
526	832	0.000658
526	833	0.000479
526	836	0.000009
526	844	0.000006
527	766	0.756840
527	767	0.002682
527	768	0.002653
527	771	0.000811
527	772	0.000010
527	773	0.000005
527	776	0.000763
527	781	0.000084
527	782	0.000002
527	837	0.000009
527	839	0.000003
527	843	0.000007
528	763	0.000003
528	764	0.000028
528	765	0.930841
528	769	0.000012
528	770	0.000982
528	774	0.000023
528	775	0.000682
528	780	0.000101
528	783	0.000013
528	823	0.000019
528	824	0.000002
528	825	0.000017
528	826	0.000191
528	827	0.000029
528	828	0.000046
528	829	0.000098
528	830	0.000791
528	831	0.009424
528	832	0.000289
528	833	0.000005
528	834	0.000008
528	835	0.000039
528	836	0.000025
528	838	0.000004
528	841	0.000001
528	842	0.000075
529	763	0.000048
529	764	0.931040
529	765	0.053988
529	769	0.000179
529	770	0.000005
529	774	0.000518
529	779	0.000022
529	823	0.000002
529	824	0.000007
529	825	0.000178
529	826	0.000034
529	827	0.000039
529	828	0.000093
529	829	0.000790
529	830	0.009440
529	831	0.000335
529	832	0.000006
529	833	0.000001
529	834	0.000033
529	835	0.000027
529	841	0.000074
529	842	0.000031
530	763	0.932105
530	764	0.055746
530	765	0.000172
530	769	0.000001
530	770	0.000005
530	775	0.000002
530	778	0.000010
530	823	0.000009
530	824	0.000120
530	825	0.000033
530	826	0.000049
530	827	0.000057
530	828	0.000760
530	829	0.009386
530	830	0.000334
530	831	0.000007
530	833	0.000006
530	834	0.000026
530	840	0.000071
530	841	0.000031
531	761	0.000274
531	763	0.058216
531	764	0.000012
531	765	0.000002
531	769	0.000005
531	774	0.000003
531	777	0.000008
531	783	0.000002
531	823	0.000110
531	824	0.000006
531	825	0.000044
531	826	0.000070
531	827	0.000144
531	828	0.008394
531	829	0.000312
531	830	0.000006
531	832	0.000001
531	833	0.000004
531	838	0.000016
531	840	0.000031
532	760	0.000003
532	762	0.057830
532	766	0.000003
532	767	0.000001
532	768	0.000005
532	771	0.000006
532	773	0.000004
532	776	0.000008
532	782	0.000002
532	837	0.000014
532	839	0.000027
533	760	0.999545
533	837	0.000001
534	759	0.999543
534	761	0.000002
535	758	0.999948
535	760	0.000002
536	755	0.000002
536	757	0.998915
536	759	0.000001
537	754	0.000003
537	755	0.012714
537	756	0.986685
538	753	0.000002
538	754	0.984702
538	755	0.015032
539	753	0.992407
539	754	0.007560
540	752	0.999505
541	751	0.999974
541	754	0.000001
542	750	0.999989
542	753	0.000001
543	749	0.999919
544	592	0.000012
544	677	0.000003
544	703	0.000003
544	712	0.000070
544	713	0.000011
544	724	0.000015
544	732	0.000002
544	733	0.000002
544	735	0.000003
544	736	0.000004
544	739	0.000003
544	740	0.000019
544	741	0.000008
544	742	0.000012
544	743	0.000002
544	744	0.000039
544	745	0.000087
544	747	0.000782
544	748	0.990906
544	751	0.000002
545	551	0.000005
545	592	0.000001
545	676	0.000002
545	688	0.000004
545	690	0.000003
545	702	0.000003
545	711	0.000111
545	723	0.000015
545	731	0.000001
545	732	0.000003
545	734	0.000002
545	735	0.000005
545	739	0.000026
545	740	0.000005
545	741	0.000016
545	742	0.000003
545	743	0.000027
545	744	0.000115
545	745	0.000021
545	747	0.979987
545	748	0.000016
545	750	0.000002
546	550	0.000005
546	554	0.000003
546	588	0.000021
546	590	0.229740
546	591	0.000004
546	675	0.000001
546	679	0.000095
546	680	0.000025
546	687	0.000017
546	689	0.000012
546	691	0.000001
546	696	0.000046
546	701	0.000003
546	710	0.000118
546	714	0.000004
546	715	0.000002
546	749	0.000002
547	553	0.000003
547	587	0.000011
547	588	0.000003
547	589	0.926373
547	590	0.000002
547	678	0.000038
547	679	0.000011
547	695	0.000017
547	718	0.000001
547	746	0.000884
548	552	0.000003
548	588	0.999237
548	717	0.000001
549	587	0.999237
549	588	0.000004
549	716	0.000001
549	746	0.000002
550	585	0.000002
550	586	0.999246
550	742	0.000001
550	744	0.000002
550	745	0.000002
551	588	0.000002
551	714	0.000001
552	583	0.000026
552	584	0.000038
552	585	0.999473
552	586	0.000002
552	713	0.000001
552	741	0.000004
552	743	0.000004
553	584	0.999478
553	712	0.000001
553	740	0.000004
553	742	0.000004
554	582	0.001604
554	583	0.995425
554	585	0.000007
554	711	0.000001
554	739	0.000004
554	741	0.000004
555	584	0.000006
555	740	0.000004
556	580	0.000002
556	581	0.994965
556	582	0.001534
556	583	0.000003
556	739	0.000001
557	579	0.000002
557	580	0.999129
558	579	0.998092
558	580	0.000002
559	577	0.000009
559	578	0.999451
560	576	0.000031
560	577	0.999949
561	576	0.999361
561	577	0.000002
562	574	0.987567
562	576	0.000002
563	573	0.999935
563	575	0.000004
564	572	0.999984
564	573	0.000002
565	571	0.999384
566	570	0.811091
566	571	0.000048
582	680	0.000001
583	679	0.000001
584	678	0.000001
584	681	0.000007
585	680	0.000009
586	679	0.000010
587	733	0.000002
587	736	0.000005
587	742	0.000005
587	745	0.000005
588	683	0.000002
588	732	0.000004
588	735	0.000006
588	741	0.000008
588	744	0.000007
589	682	0.000003
589	727	0.000001
589	731	0.000004
589	733	0.000001
589	734	0.000007
589	736	0.000003
589	740	0.000009
589	742	0.000002
589	743	0.000007
589	745	0.000003
590	676	0.000005
590	677	0.768285
590	735	0.000001
590	739	0.000003
590	744	0.000001
591	676	0.996918
591	677	0.000784
591	727	0.000003
591	739	0.000003
592	675	0.997967
592	725	0.000040
592	726	0.000002
592	738	0.000003
592	746	0.000001
593	674	0.999872
593	724	0.000051
593	745	0.000001
594	673	0.999933
594	723	0.000051
594	744	0.000001
595	672	0.999646
595	722	0.000051
595	743	0.000001
596	670	0.000001
596	671	0.999913
596	721	0.000051
596	742	0.000001
597	670	0.996544
597	671	0.000002
597	720	0.000050
597	741	0.000001
599	668	0.996004
600	667	0.999975
601	666	0.999511
602	665	0.999977
603	664	0.999991
604	663	0.999991
605	662	0.999957
606	661	0.999964
607	660	0.999991
608	659	0.999957
609	657	0.000008
609	658	0.999947
610	656	0.000016
610	657	0.999966
610	658	0.000002
611	654	0.000005
611	656	0.998723
611	657	0.000003
612	616	0.000001
613	653	0.000636
614	652	0.000330
614	653	0.863852
615	652	0.865255
615	653	0.000004
616	651	0.864967
616	652	0.000003
616	655	0.131663
617	650	0.861832
617	654	0.134346
618	643	0.000001
618	648	0.004279
618	653	0.131230
619	642	0.000001
619	647	0.002164
619	648	0.858863
619	652	0.127264
619	653	0.003143
620	647	0.863075
620	652	0.006240
621	646	0.864516
622	639	0.000003
622	645	0.864182
622	651	0.116090
623	641	0.000001
623	644	0.864414
623	646	0.000002
623	650	0.134585
624	637	0.000247
624	640	0.000001
624	642	0.000013
624	643	0.748940
624	645	0.000004
624	648	0.000002
624	649	0.134693
625	636	0.000538
625	640	0.000045
625	642	0.262211
625	643	0.106717
625	647	0.000005
625	648	0.134725
626	635	0.000573
626	636	0.000003
626	638	0.001291
626	640	0.004033
626	642	0.088665
626	643	0.002778
626	647	0.134646
627	634	0.000572
627	635	0.000002
627	637	0.001305
627	638	0.000012
627	639	0.003953
627	640	0.000070
627	642	0.002969
627	643	0.000403
627	645	0.124748
628	633	0.000555
628	641	0.013289
628	644	0.130416
628	646	0.000003
629	635	0.001366
629	636	0.000936
629	638	0.002431
629	640	0.013149
629	642	0.577578
629	643	0.065416
630	641	0.979502
631	635	0.000141
631	636	0.001074
631	638	0.010738
631	640	0.980472
631	642	0.000001
632	636	0.000013
632	637	0.009247
632	638	0.000015
632	639	0.980353
633	638	0.977361
633	640	0.000001
669	702	0.000046
670	701	0.000046
671	717	0.000002
672	681	0.000001
672	699	0.000044
672	716	0.000002
673	680	0.000002
673	698	0.000045
673	715	0.000003
674	679	0.000002
674	697	0.000044
674	714	0.000003
675	688	0.000003
675	690	0.000039
675	700	0.000002
675	702	0.000002
675	711	0.000008
675	713	0.000003
675	723	0.000009
675	724	0.000026
675	739	0.000001
676	687	0.000004
676	689	0.000039
676	691	0.000016
676	696	0.000017
676	697	0.000096
676	698	0.000157
676	701	0.000002
676	710	0.000005
676	715	0.000002
677	687	0.000223
677	689	0.030241
677	691	0.000477
677	696	0.005395
677	697	0.000333
677	698	0.000025
677	701	0.000001
677	704	0.000777
677	710	0.000378
677	714	0.000006
677	715	0.000001
678	682	0.000017
678	688	0.031557
678	690	0.000576
678	693	0.000011
678	694	0.000073
678	700	0.000001
678	703	0.004306
678	709	0.000411
678	712	0.000100
678	722	0.367068
678	727	0.000075
678	731	0.000009
678	733	0.000595
678	734	0.007566
678	736	0.003665
678	740	0.000734
678	742	0.001307
678	743	0.012979
678	745	0.042381
678	748	0.000020
679	683	0.000364
679	686	0.020596
679	688	0.000144
679	690	0.000672
679	693	0.000051
679	694	0.000525
679	702	0.004668
679	703	0.000029
679	707	0.000029
679	708	0.000408
679	711	0.000113
679	712	0.000031
679	713	0.000053
679	719	0.000011
679	720	0.027122
679	721	0.419243
679	722	0.000126
679	723	0.000076
679	724	0.085069
679	727	0.000004
679	731	0.000002
679	732	0.000666
679	733	0.010908
679	734	0.000014
679	735	0.004022
679	736	0.002368
679	739	0.000830
679	740	0.000144
679	741	0.001477
679	742	0.018713
679	743	0.000032
679	744	0.046650
679	745	0.037984
679	747	0.000025
679	748	0.000001
680	686	0.029394
680	688	0.000378
680	690	0.000022
680	693	0.000247
680	694	0.203562
680	702	0.000034
680	706	0.000034
680	707	0.000402
680	711	0.000036
680	712	0.000020
680	713	0.000035
680	719	0.027684
680	720	0.418046
680	721	0.000142
680	722	0.000058
680	723	0.085224
680	724	0.000016
680	731	0.000103
680	732	0.011382
680	733	0.000005
680	734	0.003195
680	735	0.002553
680	736	0.000003
680	739	0.000217
680	740	0.000737
680	741	0.019519
680	742	0.000022
680	743	0.044955
680	744	0.040861
680	745	0.000009
680	747	0.000002
681	688	0.001471
681	690	0.000895
681	693	0.229504
681	694	0.000059
681	700	0.004669
681	703	0.000002
681	705	0.000039
681	712	0.000024
681	722	0.082583
681	727	0.000005
681	731	0.010957
681	733	0.002770
681	734	0.002281
681	736	0.000004
681	740	0.018424
681	742	0.041206
681	743	0.039876
681	745	0.000013
682	687	0.001322
682	689	0.000749
682	691	0.000004
682	692	0.235231
682	697	0.000001
682	698	0.000001
682	699	0.004722
682	704	0.000008
682	715	0.000002
682	716	0.000028
682	717	0.000195
682	718	0.475844
682	725	0.000001
682	726	0.000006
682	728	0.000004
682	729	0.000027
682	730	0.009422
682	737	0.000034
682	738	0.000198
682	746	0.000003
683	687	0.000017
683	689	0.002446
683	691	0.236601
683	696	0.000023
683	697	0.000004
683	698	0.004687
683	701	0.000017
683	704	0.000428
683	710	0.000004
683	714	0.000004
683	715	0.000039
683	716	0.000229
683	717	0.489951
684	688	0.001652
684	690	0.206779
684	693	0.000011
684	694	0.000026
684	700	0.000017
684	703	0.000423
684	709	0.000002
684	722	0.000003
684	727	0.000028
684	731	0.000084
684	733	0.000012
684	734	0.000065
684	736	0.000063
684	740	0.002361
684	742	0.000291
684	743	0.000066
684	745	0.000003
685	690	0.000445
685	693	0.000028
685	694	0.000014
685	703	0.000015
685	705	0.000001
685	722	0.000001
685	727	0.000180
685	731	0.000034
685	733	0.000082
685	734	0.000016
685	736	0.000397
685	740	0.000981
685	742	0.000114
685	743	0.000024
685	745	0.000008
686	691	0.000204
686	696	0.001488
686	697	0.001884
686	698	0.000008
686	701	0.000578
686	704	0.000002
686	714	0.477649
686	715	0.001039
686	716	0.003924
686	717	0.007412
687	693	0.000086
687	694	0.000221
687	700	0.000586
687	702	0.000559
687	711	0.000059
687	712	0.000012
687	713	0.469055
687	719	0.000415
687	720	0.000013
687	721	0.000017
687	723	0.000004
687	724	0.000011
687	727	0.000209
687	731	0.000119
687	732	0.000201
687	733	0.000059
687	734	0.000256
687	735	0.004055
687	736	0.001136
687	739	0.020630
687	740	0.000019
687	741	0.001105
687	742	0.000010
687	743	0.000012
687	744	0.000210
687	745	0.000014
687	747	0.000107
688	692	0.000081
688	695	0.002576
688	696	0.000010
688	697	0.000010
688	699	0.000587
688	701	0.000558
688	710	0.000057
688	714	0.003788
688	715	0.002264
688	716	0.036122
688	717	0.000070
688	718	0.000365
688	725	0.000827
688	726	0.000210
688	728	0.001010
688	729	0.000028
688	730	0.000130
688	737	0.002002
688	738	0.020291
688	746	0.000126
689	693	0.000025
689	694	0.002432
689	700	0.000556
689	702	0.000008
689	709	0.000003
689	711	0.438192
689	712	0.000743
689	713	0.003884
689	719	0.000011
689	720	0.000001
689	721	0.000002
689	723	0.000012
689	724	0.000819
689	727	0.001062
689	731	0.000338
689	732	0.000988
689	733	0.002679
689	734	0.003013
689	735	0.012726
689	736	0.001793
689	739	0.001838
689	740	0.000004
689	741	0.000256
689	742	0.000059
689	743	0.000040
689	744	0.000130
689	745	0.000108
689	747	0.000010
690	695	0.000012
690	696	0.000010
690	697	0.000533
690	698	0.000001
690	699	0.000560
690	701	0.000007
690	710	0.367318
690	714	0.058696
690	715	0.000042
690	716	0.000126
690	718	0.000009
690	725	0.000547
690	726	0.001000
690	728	0.000046
690	729	0.000100
690	730	0.000397
690	737	0.000053
690	738	0.001772
690	746	0.000013
691	700	0.000003
691	702	0.000001
691	706	0.000040
691	707	0.000001
691	708	0.000007
691	709	0.015952
691	711	0.010092
691	712	0.000352
691	713	0.131082
691	721	0.000001
691	722	0.000002
691	723	0.000651
691	724	0.000589
691	727	0.000038
691	731	0.000106
691	732	0.121294
691	733	0.000070
691	734	0.000062
691	735	0.007900
691	736	0.000008
691	739	0.000515
691	740	0.000033
691	741	0.002413
691	742	0.000004
691	743	0.000011
691	744	0.000219
691	745	0.000002
692	700	0.000006
692	705	0.000040
692	709	0.000609
692	712	0.132261
692	722	0.000412
692	727	0.000687
692	731	0.121419
692	733	0.000089
692	734	0.007617
692	736	0.000015
692	740	0.002389
692	742	0.000012
692	743	0.000216
692	745	0.000001
693	699	0.000006
693	704	0.000023
693	710	0.001037
693	714	0.000001
693	725	0.000014
693	726	0.000781
693	728	0.000485
693	729	0.017085
693	730	0.110018
693	737	0.000009
693	738	0.003952
694	698	0.000005
694	701	0.000005
694	704	0.000036
694	710	0.239009
694	725	0.000693
694	726	0.000349
694	728	0.028413
694	729	0.088609
694	730	0.000052
694	737	0.005456
694	738	0.000009
694	746	0.000080
695	700	0.000012
695	703	0.000892
695	705	0.000001
695	709	0.642690
695	712	0.000003
695	722	0.007774
695	727	0.038416
695	731	0.000093
695	733	0.000613
695	734	0.000045
695	736	0.006776
695	740	0.000179
695	742	0.000276
695	743	0.000012
695	745	0.000215
696	702	0.000977
696	703	0.000621
696	707	0.000017
696	708	0.669805
696	709	0.000046
696	720	0.000007
696	721	0.009128
696	722	0.004238
696	723	0.000833
696	724	0.009385
696	727	0.003383
696	731	0.000012
696	732	0.000687
696	733	0.000066
696	734	0.001424
696	735	0.006853
696	736	0.000113
696	739	0.000196
696	740	0.000006
696	741	0.000322
696	742	0.000016
696	743	0.000030
696	744	0.000227
696	745	0.000042
697	702	0.000730
697	703	0.000045
697	706	0.000017
697	707	0.669874
697	708	0.000047
697	719	0.000006
697	720	0.009121
697	721	0.005119
697	722	0.000591
697	723	0.008988
697	724	0.285175
697	727	0.000052
697	731	0.000098
697	732	0.000050
697	733	0.004805
697	734	0.002787
697	735	0.000116
697	736	0.000119
697	739	0.000006
697	740	0.000225
697	741	0.000013
697	742	0.000061
697	743	0.000038
697	744	0.000044
697	745	0.000041
698	702	0.000051
698	703	0.000004
698	705	0.000012
698	706	0.669846
698	707	0.000045
698	713	0.000012
698	719	0.006790
698	720	0.005141
698	721	0.000900
698	722	0.006815
698	723	0.286256
698	724	0.000700
698	727	0.000024
698	731	0.000035
698	732	0.007651
698	733	0.000089
698	734	0.000102
698	735	0.000130
698	739	0.000221
698	740	0.000007
698	741	0.000082
698	742	0.000010
698	743	0.000042
698	744	0.000044
699	703	0.000011
699	705	0.658202
699	712	0.000012
699	722	0.277996
699	727	0.000090
699	731	0.007674
699	733	0.000096
699	734	0.000126
699	736	0.000002
699	740	0.000079
699	742	0.000039
699	743	0.000042
700	704	0.563779
700	716	0.000001
700	717	0.000297
700	718	0.000059
700	725	0.000747
700	726	0.000092
700	728	0.000019
700	729	0.000027
700	730	0.007065
700	737	0.000052
700	738	0.000021
701	705	0.000006
701	711	0.000019
701	719	0.000061
701	720	0.091496
701	721	0.091908
701	722	0.000285
701	723	0.000303
701	724	0.000960
701	727	0.000029
701	731	0.000004
701	732	0.000053
701	735	0.000007
701	736	0.000044
701	739	0.000020
701	740	0.000001
701	741	0.000016
702	710	0.000020
702	715	0.000430
702	716	0.000009
702	717	0.000013
703	714	0.000430
703	715	0.000006
703	716	0.000003
703	718	0.000088
703	725	0.000184
703	726	0.000146
703	728	0.000158
703	729	0.000025
703	730	0.000017
703	737	0.000005
703	738	0.000004
704	711	0.000002
704	713	0.000430
704	719	0.317805
704	720	0.000227
704	721	0.000034
704	723	0.000004
704	724	0.000091
704	727	0.000016
705	710	0.000002
705	716	0.000042
705	717	0.000582
705	718	0.327952
705	726	0.000005
706	710	0.000003
706	715	0.000049
706	716	0.000767
706	717	0.328241
707	714	0.000049
707	715	0.000874
707	716	0.328133
707	717	0.000012
708	714	0.000974
708	715	0.327856
708	716	0.000022
709	714	0.286922
709	715	0.000031
709	725	0.000026
709	726	0.000001
709	728	0.000041
709	729	0.000030
709	730	0.000011
710	719	0.000003
710	720	0.000001
710	723	0.000009
710	724	0.000070
710	727	0.000095
710	731	0.000004
710	732	0.000027
710	735	0.000004
710	736	0.000002
710	739	0.000100
710	740	0.000001
710	741	0.000013
710	744	0.000012
710	745	0.000002
711	715	0.000022
711	716	0.000003
711	717	0.000010
712	716	0.000009
712	718	0.000006
712	725	0.000660
712	726	0.000993
712	728	0.000111
712	729	0.000023
712	730	0.000007
712	737	0.000135
712	738	0.000008
712	746	0.000030
713	717	0.000007
714	719	0.000039
714	720	0.000187
714	721	0.002374
714	722	0.000934
714	723	0.002022
714	724	0.097359
714	727	0.000057
714	732	0.000033
714	733	0.000033
714	734	0.000015
714	735	0.005994
714	736	0.000105
714	739	0.000016
714	740	0.000017
714	741	0.000816
714	742	0.000320
714	743	0.000014
714	744	0.002656
714	745	0.000047
715	719	0.000183
715	720	0.002369
715	721	0.001287
715	722	0.002025
715	723	0.097689
715	724	0.011864
715	727	0.000015
715	731	0.000028
715	732	0.000041
715	733	0.000030
715	734	0.006082
715	735	0.000122
715	736	0.000193
715	739	0.000023
715	740	0.000828
715	741	0.000398
715	742	0.000025
715	743	0.002692
715	744	0.000055
715	745	0.000086
716	720	0.001251
716	721	0.002991
716	722	0.095461
716	723	0.011868
716	724	0.011501
716	731	0.000023
716	732	0.000032
716	733	0.006179
716	734	0.000072
716	735	0.000206
716	736	0.000105
716	739	0.000827
716	740	0.000388
716	741	0.000028
716	742	0.002734
716	743	0.000033
716	744	0.000091
716	745	0.000041
717	721	0.091572
717	722	0.007244
717	723	0.011577
717	724	0.000045
717	731	0.000015
717	732	0.006240
717	733	0.000029
717	734	0.000195
717	735	0.000130
717	739	0.000387
717	740	0.000019
717	741	0.002760
717	742	0.000013
717	743	0.000086
717	744	0.000046
718	722	0.008782
718	727	0.000004
718	731	0.005482
718	733	0.000168
718	734	0.000116
718	736	0.000003
718	740	0.002441
718	742	0.000074
718	743	0.000040
722	726	0.000069
722	728	0.000126
722	729	0.000334
722	730	0.000077
722	737	0.000049
722	738	0.000028
722	746	0.000005
725	731	0.000642
725	733	0.000579
725	734	0.005806
725	736	0.000437
725	740	0.000156
725	742	0.000108
725	743	0.000540
725	745	0.000128
725	748	0.000001
726	731	0.000652
726	733	0.005791
726	734	0.002007
726	736	0.000600
726	740	0.000146
726	742	0.000566
726	743	0.000439
726	745	0.000220
727	737	0.006616
727	738	0.000335
727	746	0.001186
728	733	0.000991
728	734	0.001961
728	736	0.007058
728	740	0.000236
728	742	0.000150
728	743	0.000824
728	745	0.001290
729	733	0.001497
729	734	0.001339
729	736	0.002802
729	740	0.000379
729	742	0.000926
729	743	0.000978
729	745	0.000243
729	748	0.000001
730	734	0.000509
730	736	0.001207
730	740	0.000281
730	742	0.000972
730	743	0.000867
730	745	0.000167
730	748	0.000001
731	737	0.000547
731	738	0.000964
731	746	0.000055
733	737	0.000561
733	738	0.000782
733	746	0.000428
734	738	0.000351
734	746	0.000183
736	746	0.005735
737	742	0.000966
737	743	0.001953
737	745	0.006254
737	748	0.000002
738	742	0.001497
738	743	0.000864
738	745	0.001802
738	748	0.000003
740	746	0.000493
742	746	0.000359
759	766	0.000005
759	771	0.000001
760	765	0.000017
760	769	0.000002
760	770	0.000005
760	774	0.000008
760	777	0.000002
760	780	0.000001
760	783	0.000009
761	766	0.000010
761	767	0.000012
761	768	0.000016
761	771	0.000003
761	772	0.000003
761	773	0.000010
761	776	0.000014
761	781	0.000001
761	782	0.000010
762	769	0.000007
762	775	0.000015
763	786	0.000001
764	768	0.000005
764	771	0.000017
764	772	0.000008
764	773	0.000014
764	776	0.000002
764	781	0.000098
764	782	0.000007
764	785	0.000002
765	784	0.000002
766	775	0.000407
766	777	0.000055
766	778	0.000292
766	779	0.020388
766	833	0.000001
767	775	0.001064
767	777	0.000495
767	778	0.043201
767	779	0.004906
767	794	0.000011
767	824	0.000003
767	827	0.000002
767	832	0.000002
767	833	0.000006
767	836	0.000005
768	775	0.002039
768	777	0.047966
768	778	0.005678
768	779	0.000908
768	793	0.000013
768	796	0.000001
768	824	0.000003
768	827	0.000002
768	832	0.000006
768	833	0.000003
768	836	0.000015
769	773	0.000325
769	776	0.041894
769	781	0.000867
769	782	0.000332
769	785	0.000031
769	792	0.000014
769	797	0.000004
769	837	0.000040
769	839	0.000006
770	784	0.000070
770	791	0.000014
770	837	0.001178
771	775	0.000883
771	777	0.000733
771	778	0.005263
771	779	0.011386
771	790	0.000014
771	794	0.000001
771	796	0.000003
771	824	0.000004
771	827	0.000002
771	832	0.000008
771	833	0.000114
771	836	0.001110
772	777	0.004649
772	778	0.013561
772	779	0.005712
772	789	0.000012
772	794	0.000309
772	824	0.000006
772	827	0.000003
772	832	0.000121
772	833	0.000423
772	836	0.000019
773	777	0.008270
773	778	0.004601
773	779	0.000717
773	793	0.000380
773	824	0.000007
773	827	0.000003
773	832	0.000438
773	833	0.000185
773	836	0.000009
774	784	0.000039
774	786	0.000005
774	792	0.000390
774	837	0.000021
775	781	0.001366
775	782	0.001842
775	784	0.000010
775	785	0.000005
775	791	0.000389
775	837	0.000004
776	790	0.000385
776	824	0.000008
776	827	0.000027
776	832	0.000034
776	833	0.000028
776	836	0.000005
777	781	0.000445
777	782	0.000698
777	784	0.000003
777	785	0.000005
777	786	0.000001
777	787	0.000007
777	837	0.000002
778	782	0.000368
778	784	0.000010
778	785	0.000008
778	786	0.000008
778	787	0.000002
778	837	0.000002
779	784	0.000013
779	785	0.000013
779	786	0.000001
779	787	0.000376
779	792	0.000001
779	837	0.000001
780	784	0.000015
780	786	0.000379
780	791	0.000002
780	837	0.000101
781	790	0.000002
781	794	0.000003
781	821	0.000001
781	824	0.001286
781	827	0.000251
781	832	0.000005
781	833	0.000024
781	836	0.000098
782	789	0.000002
782	793	0.000004
782	821	0.000020
782	824	0.028112
782	827	0.000102
782	832	0.000025
782	833	0.000005
782	836	0.000003
783	792	0.000004
783	837	0.000048
784	795	0.000001
784	820	0.002199
784	821	0.000008
784	822	0.988686
784	823	0.002946
784	824	0.000008
784	825	0.000171
784	826	0.000027
784	828	0.000049
784	829	0.000004
784	830	0.000005
784	831	0.000004
784	833	0.000022
784	834	0.000011
784	835	0.000001
784	836	0.000002
785	790	0.000001
785	794	0.000001
785	796	0.000003
785	819	0.002197
785	821	0.996184
785	824	0.000127
785	827	0.000045
785	832	0.000025
785	833	0.000009
786	795	0.000003
786	820	0.997171
786	822	0.000001
786	823	0.000055
786	825	0.000001
786	826	0.000038
786	828	0.000006
786	831	0.000026
786	832	0.000004
787	794	0.000002
787	817	0.002267
787	819	0.996881
787	821	0.000001
787	824	0.000002
787	827	0.000006
788	816	0.002351
788	818	0.995876
789	800	0.000034
789	815	0.001219
789	816	0.849497
789	818	0.000007
790	799	0.000251
790	815	0.991538
790	816	0.000579
791	798	0.000288
791	814	0.998861
791	823	0.000041
791	826	0.000046
792	798	0.000011
792	813	0.998898
792	822	0.000041
792	825	0.000046
793	797	0.000009
793	811	0.000047
793	812	0.997857
794	810	0.000093
794	811	0.997283
794	812	0.000007
795	803	0.000001
795	804	0.000013
795	809	0.000182
795	810	0.994908
796	803	0.000033
796	804	0.000007
796	809	0.797617
796	810	0.000157
796	811	0.000028
797	802	0.000064
797	805	0.059592
797	806	0.000999
797	808	0.632284
797	819	0.000279
797	821	0.000001
798	803	0.014385
798	804	0.079312
798	809	0.189796
798	810	0.000003
798	818	0.000320
799	805	0.013004
799	806	0.273953
799	808	0.230679
799	817	0.000210
800	805	0.153757
800	806	0.003030
800	807	0.242340
800	808	0.000149
800	817	0.000790
801	809	0.000151
801	810	0.000005
801	816	0.001076
802	809	0.000013
802	815	0.001078
803	807	0.000895
803	808	0.000070
803	814	0.001079
804	808	0.000013
804	813	0.001079
805	811	0.000002
805	812	0.001050
806	810	0.000003
806	811	0.000794
818	823	0.000002
818	825	0.000004
823	837	0.001628
824	837	0.000028
824	839	0.000018
825	837	0.000206
826	837	0.002770
827	837	0.000048
827	839	0.000018
828	837	0.001236
829	837	0.000761
830	837	0.002014
831	837	0.010584
832	837	0.000927
832	839	0.000081
833	837	0.000134
833	839	0.000051
834	843	0.000005
835	843	0.000007
836	843	0.000016
836	845	0.000776
837	841	0.000184
837	842	0.001301
837	844	0.000977
837	846	0.000004
838	843	0.000999
841	880	0.000003
842	879	0.000003
843	878	0.000003
846	877	0.000003
846	880	0.000002
847	876	0.000003
847	877	0.000002
847	879	0.000002
848	875	0.000003
848	876	0.000002
848	877	0.000002
849	875	0.000002
849	876	0.000002
850	860	0.000004
850	873	0.000005
850	875	0.000002
851	856	0.000002
851	859	0.000004
851	874	0.000002
852	871	0.000005
853	870	0.000007
854	863	0.000002
854	869	0.000007
855	860	0.000002
855	861	0.000141
855	862	0.000005
855	864	0.000003
855	865	0.000001
855	866	0.000002
856	860	0.000317
856	867	0.000213
856	873	0.000002
857	861	0.000091
857	862	0.000148
857	864	0.000881
857	865	0.002436
857	866	0.006148
857	867	0.000068
857	872	0.000010
858	862	0.000293
858	864	0.004736
858	865	0.011722
858	866	0.027934
858	867	0.000094
858	871	0.000018
858	872	0.000010
858	873	0.000002
858	880	0.000001
859	864	0.010309
859	865	0.033885
859	866	0.010535
859	867	0.000005
859	871	0.000011
859	872	0.000005
859	879	0.000002
859	882	0.000057
860	869	0.000432
860	870	0.000002
860	878	0.000002
860	881	0.000096
861	868	0.000386
861	870	0.000006
862	868	0.000012
863	867	0.000014
863	871	0.000002
863	875	0.000001
863	879	0.000003
863	880	0.000005
863	882	0.000021
864	870	0.000003
864	874	0.000001
865	870	0.000002
867	878	0.006079
867	881	0.000687
868	876	0.000016
868	877	0.006070
868	880	0.000432
868	882	0.000003
869	875	0.000029
869	876	0.006066
869	877	0.000027
869	879	0.000418
869	880	0.000367
870	875	0.005311
870	876	0.000032
870	877	0.000052
870	879	0.000413
870	882	0.000008
871	878	0.000620
871	881	0.000034
873	878	0.000073
873	881	0.003128
874	879	0.000006
874	880	0.003100
874	882	0.000630
875	881	0.001029
876	881	0.000798
877	881	0.000063
