1	7	0.000121
1	8	0.000103
1	9	0.000024
1	12	0.000016
1	13	0.000008
1	15	0.000068
1	29	0.000001
1	33	0.000003
1	41	0.049264
1	67	0.002030
1	74	0.000002
1	75	0.000004
1	76	0.000004
1	77	0.000050
1	79	0.000009
1	105	0.000033
1	112	0.049463
1	772	0.000005
1	854	0.000005
1	874	0.000002
1	904	0.000002
1	906	0.001092
1	910	0.293643
1	913	0.000020
1	922	0.000053
1	923	0.000109
1	924	0.000548
1	926	0.000050
1	927	0.000118
1	928	0.000234
1	929	0.001413
1	932	0.000513
1	933	0.001283
2	7	0.000358
2	8	0.000076
2	9	0.000015
2	11	0.000021
2	12	0.000016
2	14	0.000083
2	15	0.000027
2	28	0.000002
2	30	0.000254
2	32	0.000003
2	39	0.000049
2	40	0.066347
2	41	0.000388
2	42	0.001082
2	46	0.000380
2	50	0.000021
2	53	0.000004
2	62	0.002192
2	64	0.000006
2	65	0.000203
2	66	0.002399
2	67	0.000007
2	74	0.000008
2	75	0.000009
2	76	0.000072
2	77	0.000016
2	83	0.000010
2	104	0.000037
2	105	0.000046
2	107	0.000024
2	110	0.000068
2	111	0.055574
2	112	0.000324
2	116	0.000019
2	771	0.000005
2	853	0.000010
2	873	0.000003
2	903	0.000002
2	904	0.000004
2	905	0.001565
2	906	0.000456
2	908	0.000125
2	909	0.332405
2	910	0.002275
2	913	0.000006
2	920	0.004421
2	922	0.000133
2	923	0.000605
2	924	0.002091
2	926	0.000137
2	927	0.000369
2	928	0.002708
2	929	0.001592
2	930	0.080969
2	932	0.001243
2	933	0.000170
2	935	0.011861
3	7	0.000072
3	8	0.000055
3	9	0.000025
3	11	0.000017
3	13	0.000081
3	14	0.000035
3	29	0.000257
3	30	0.000002
3	39	0.066382
3	40	0.000480
3	41	0.000875
3	42	0.010132
3	46	0.000027
3	50	0.000005
3	52	0.000004
3	61	0.002208
3	62	0.000013
3	64	0.000204
3	65	0.002380
3	66	0.000009
3	74	0.000007
3	75	0.000086
3	76	0.000027
3	77	0.000022
3	79	0.000002
3	83	0.000006
3	104	0.000049
3	107	0.000009
3	110	0.055100
3	111	0.000378
3	112	0.000004
3	770	0.000005
3	852	0.000011
3	872	0.000003
3	903	0.000002
3	904	0.001423
3	905	0.000733
3	906	0.000006
3	908	0.331886
3	909	0.002448
3	910	0.000008
3	913	0.000004
3	920	0.001708
3	922	0.000282
3	923	0.002467
3	924	0.001162
3	926	0.000185
3	927	0.003055
3	928	0.002255
3	929	0.076415
3	930	0.031258
3	932	0.000104
3	933	0.000874
3	935	0.016250
4	8	0.000053
4	9	0.000032
4	12	0.000077
4	13	0.000034
4	26	0.000007
4	28	0.000258
4	29	0.000001
4	41	0.009735
4	60	0.002236
4	61	0.000007
4	74	0.000075
4	75	0.000026
4	76	0.000021
4	77	0.000003
4	79	0.000839
4	105	0.000004
4	112	0.000006
4	769	0.000004
4	851	0.000011
4	871	0.000003
4	903	0.001152
4	904	0.000626
4	906	0.001105
4	910	0.000006
4	913	0.000007
4	922	0.002089
4	923	0.001047
4	924	0.000167
4	926	0.002562
4	927	0.002051
4	928	0.065579
4	929	0.026960
4	932	0.000796
4	933	0.006442
5	10	0.000056
5	25	0.000007
5	27	0.000259
5	48	0.000007
5	56	0.000001
5	59	0.002240
5	68	0.000017
5	69	0.000002
5	71	0.000019
5	72	0.000015
5	78	0.001017
5	80	0.000089
5	82	0.000008
5	84	0.000006
5	113	0.000172
5	114	0.000011
5	850	0.000011
5	870	0.000003
5	901	0.000007
5	907	0.239734
5	934	0.027010
6	24	0.000007
6	26	0.000257
6	41	0.000106
6	55	0.000001
6	58	0.002057
6	67	0.000014
6	74	0.000050
6	75	0.000004
6	76	0.000004
6	77	0.000825
6	79	0.000088
6	105	0.000005
6	112	0.000136
6	869	0.000003
6	903	0.000113
6	904	0.000020
6	906	0.186891
6	910	0.000003
6	913	0.000044
6	922	0.000474
6	923	0.000095
6	924	0.000384
6	926	0.011626
6	927	0.001913
6	928	0.000373
6	929	0.000103
6	932	0.001307
6	933	0.021961
7	25	0.000239
7	37	0.000041
7	38	0.003308
7	43	0.000042
7	44	0.000043
7	45	0.000020
7	47	0.000007
7	48	0.000003
7	49	0.000009
7	51	0.000002
7	54	0.000001
7	56	0.000002
7	57	0.001895
7	63	0.000002
7	70	0.000002
7	73	0.000061
7	78	0.000078
7	106	0.000018
7	108	0.000018
7	109	0.000023
7	115	0.000002
7	902	0.000131
7	907	0.000023
7	911	0.000002
7	912	0.000045
7	914	0.000004
7	915	0.000013
7	916	0.000027
7	917	0.000057
7	918	0.000139
7	919	0.000318
7	921	0.000466
7	925	0.010572
7	931	0.001401
7	934	0.000047
7	936	0.000091
7	937	0.000119
8	21	0.000002
8	22	0.000124
8	37	0.002165
8	38	0.704581
8	43	0.000028
8	44	0.000017
8	45	0.000002
8	47	0.000003
8	48	0.000008
8	49	0.000001
8	56	0.000482
8	72	0.000005
8	73	0.000007
8	85	0.000004
8	106	0.000002
8	108	0.000009
8	109	0.000004
8	114	0.000002
8	901	0.000003
8	902	0.000027
8	907	0.000004
8	911	0.000014
8	912	0.000002
8	914	0.000007
8	915	0.000019
8	916	0.000034
8	917	0.000080
8	918	0.000259
8	919	0.000051
8	921	0.000036
8	925	0.000153
8	931	0.000705
8	934	0.000017
8	936	0.000094
8	937	0.000265
9	19	0.000013
9	21	0.000153
9	22	0.000003
9	31	0.000002
9	37	0.952591
9	38	0.000330
9	43	0.000005
9	47	0.000002
9	54	0.000002
9	73	0.000003
9	84	0.000004
9	108	0.000002
9	902	0.000012
9	914	0.000008
9	915	0.000015
9	916	0.000027
9	917	0.000090
9	918	0.000036
9	919	0.000008
9	921	0.000020
9	925	0.000019
9	931	0.000014
9	934	0.000004
9	936	0.000460
9	937	0.000005
10	18	0.000015
10	20	0.000154
10	23	0.000009
10	30	0.000003
10	32	0.000001
10	36	0.998753
10	42	0.000001
10	53	0.000002
10	83	0.000005
10	920	0.000005
10	930	0.000002
10	935	0.000479
11	16	0.000029
11	35	0.998840
11	72	0.000001
11	82	0.000005
11	934	0.000473
12	19	0.000010
12	21	0.000002
12	22	0.000002
12	31	0.000005
12	34	0.990807
12	35	0.000004
12	37	0.000001
12	38	0.000003
12	71	0.000001
12	81	0.000004
13	17	0.000003
13	19	0.000001
13	21	0.000002
13	31	0.000122
13	34	0.000108
13	37	0.000003
13	49	0.000010
13	70	0.000001
13	73	0.000002
13	931	0.000002
14	35	0.000014
14	48	0.000011
14	69	0.000001
14	72	0.000002
15	21	0.000002
15	31	0.913534
15	34	0.000015
15	47	0.000011
15	71	0.000002
15	931	0.000043
16	20	0.000002
16	28	0.000021
16	29	0.077313
16	30	0.916610
16	32	0.000048
16	33	0.000007
16	46	0.000010
16	930	0.000048
17	26	0.000070
17	28	0.533652
17	29	0.462357
17	60	0.000002
17	929	0.000032
18	25	0.000143
18	27	0.988073
18	59	0.000002
18	68	0.000002
19	24	0.000105
19	26	0.987126
19	28	0.010473
19	58	0.000002
19	67	0.000002
19	927	0.000001
20	25	0.983612
20	27	0.010723
20	57	0.000002
21	26	0.008114
21	28	0.000001
21	29	0.000003
21	924	0.000001
22	26	0.000008
22	28	0.000017
22	923	0.000001
23	27	0.000017
23	48	0.000002
24	37	0.000004
24	47	0.000002
24	921	0.000002
25	36	0.000005
25	46	0.000002
25	52	0.000002
25	64	0.000005
25	920	0.000002
25	922	0.000011
26	35	0.000005
26	37	0.000006
26	45	0.000001
26	51	0.000002
26	63	0.000005
26	84	0.000004
26	919	0.000002
26	921	0.000012
27	36	0.000008
27	50	0.000002
27	62	0.000005
27	83	0.000020
27	920	0.000012
28	35	0.000008
28	49	0.000002
28	82	0.000020
28	919	0.000011
29	34	0.000005
29	48	0.000002
29	81	0.000021
29	85	0.000003
29	918	0.000009
30	35	0.000003
30	59	0.000006
30	80	0.000054
30	84	0.000006
31	58	0.000006
31	79	0.000055
32	57	0.000006
32	78	0.000055
32	81	0.000002
32	82	0.000008
32	89	0.000003
32	114	0.000001
33	56	0.000006
33	78	0.000004
33	80	0.000002
33	81	0.000006
33	88	0.000003
33	113	0.000001
33	911	0.000003
33	936	0.000007
33	937	0.000003
34	41	0.000002
34	55	0.000006
34	75	0.000002
34	76	0.000007
34	77	0.000014
34	79	0.000002
34	87	0.000004
34	112	0.000001
34	910	0.000003
35	40	0.000002
35	74	0.000002
35	75	0.000008
35	76	0.000013
35	79	0.000046
35	83	0.000007
35	86	0.000004
35	111	0.000001
35	908	0.000012
35	909	0.000002
35	935	0.000550
36	78	0.000060
36	82	0.000007
36	84	0.000005
36	907	0.000014
36	934	0.000552
37	41	0.000001
37	74	0.000546
37	75	0.000958
37	76	0.000033
37	77	0.000067
37	906	0.000011
37	923	0.000003
37	924	0.000005
37	927	0.000003
37	928	0.000004
37	929	0.000004
37	932	0.000001
37	933	0.000528
38	58	0.000282
38	60	0.000003
38	74	0.003196
38	75	0.000135
38	76	0.000085
38	77	0.000009
38	79	0.000003
38	112	0.000002
38	906	0.000001
38	922	0.000006
38	923	0.000008
38	924	0.000007
38	926	0.000006
38	927	0.000007
38	928	0.000008
38	929	0.000005
38	932	0.000369
38	933	0.000010
39	48	0.000963
39	56	0.000001
39	57	0.000426
39	59	0.000003
39	68	0.000009
39	69	0.005874
39	71	0.000158
39	72	0.726609
39	78	0.000003
39	80	0.000042
39	81	0.040165
39	82	0.013511
39	84	0.000573
39	113	0.000003
39	114	0.000372
39	907	0.000004
39	934	0.000021
40	48	0.010047
40	56	0.000435
40	57	0.000002
40	68	0.005922
40	69	0.000891
40	71	0.733479
40	72	0.000083
40	78	0.000003
40	80	0.040564
40	81	0.013616
40	82	0.001728
40	84	0.000312
40	113	0.000375
40	114	0.000018
40	894	0.000004
40	907	0.000003
40	934	0.000018
41	45	0.000032
41	47	0.009318
41	48	0.000122
41	49	0.018243
41	51	0.000013
41	54	0.000002
41	57	0.000009
41	68	0.000632
41	69	0.004694
41	70	0.729647
41	71	0.000055
41	72	0.000039
41	73	0.000793
41	78	0.000003
41	80	0.011798
41	81	0.001759
41	82	0.000058
41	84	0.000002
41	85	0.000018
41	113	0.000011
41	114	0.000019
41	115	0.000031
41	857	0.000001
41	893	0.000004
41	911	0.000003
41	912	0.000004
41	921	0.000001
41	925	0.000002
41	931	0.000005
41	934	0.000002
41	936	0.000090
41	937	0.000003
42	48	0.021827
42	56	0.000039
42	59	0.000005
42	68	0.020660
42	69	0.708580
42	71	0.000076
42	72	0.000990
42	78	0.055058
42	80	0.002420
42	81	0.000102
42	82	0.000409
42	84	0.000021
42	113	0.000038
42	114	0.000037
42	856	0.000001
42	892	0.000005
42	907	0.000032
42	934	0.002002
43	55	0.000034
43	58	0.000005
43	61	0.000006
43	67	0.032845
43	74	0.000001
43	75	0.000010
43	76	0.000069
43	77	0.055097
43	79	0.001797
43	112	0.000019
43	855	0.000001
43	891	0.000004
43	904	0.000002
43	906	0.000027
43	910	0.000099
43	913	0.000001
43	922	0.000003
43	923	0.000017
43	924	0.000082
43	926	0.000004
43	927	0.000020
43	928	0.000119
43	929	0.000100
43	932	0.000006
43	933	0.001986
44	58	0.000001
44	60	0.000003
44	61	0.000321
44	67	0.014381
44	74	0.000011
44	75	0.000111
44	76	0.054147
44	77	0.000829
44	79	0.000041
44	854	0.000001
44	890	0.000004
44	903	0.000002
44	904	0.000002
44	906	0.000002
44	910	0.000017
44	913	0.000003
44	922	0.000016
44	923	0.000091
44	924	0.000029
44	926	0.000019
44	927	0.000144
44	928	0.000119
44	929	0.000027
44	932	0.001597
44	933	0.000069
45	58	0.000015
45	60	0.000433
45	61	0.000010
45	67	0.002469
45	74	0.000109
45	75	0.049455
45	76	0.000912
45	77	0.000058
45	79	0.009305
45	903	0.000001
45	906	0.000001
45	910	0.000011
45	913	0.000001
45	922	0.000065
45	923	0.000024
45	924	0.000005
45	926	0.000120
45	927	0.000089
45	928	0.000025
45	929	0.000008
45	932	0.000060
45	933	0.000028
46	56	0.000433
46	57	0.000014
46	59	0.000443
46	68	0.107403
46	69	0.000007
46	71	0.000034
46	72	0.000262
46	78	0.011118
46	80	0.000006
46	84	0.000002
46	88	0.000006
46	113	0.000554
46	114	0.000003
46	760	0.000046
46	907	0.008438
46	934	0.001712
47	55	0.000427
47	58	0.000405
47	60	0.000087
47	61	0.000524
47	67	0.107651
47	74	0.037616
47	75	0.000263
47	76	0.000379
47	77	0.010908
47	79	0.000006
47	87	0.000007
47	105	0.000002
47	112	0.000561
47	759	0.000047
47	906	0.008552
47	910	0.000210
47	922	0.000004
47	923	0.000008
47	924	0.000135
47	926	0.000005
47	927	0.000010
47	928	0.000081
47	929	0.000243
47	932	0.000020
47	933	0.001559
48	52	0.000024
48	53	0.000153
48	55	0.000002
48	58	0.000001
48	60	0.000338
48	61	0.491032
48	62	0.116544
48	64	0.002074
48	65	0.000829
48	66	0.095472
48	67	0.000002
48	74	0.000413
48	75	0.000785
48	76	0.010475
48	77	0.000003
48	83	0.000026
48	86	0.000007
48	104	0.000002
48	110	0.000002
48	111	0.000554
48	758	0.000047
48	904	0.000002
48	905	0.008528
48	908	0.000024
48	909	0.000232
48	920	0.000033
48	922	0.000005
48	923	0.000155
48	924	0.000056
48	926	0.000006
48	927	0.000105
48	928	0.000277
48	929	0.000052
48	930	0.001975
48	932	0.000623
48	933	0.000023
48	935	0.000670
49	55	0.000008
49	58	0.000295
49	60	0.683246
49	61	0.058921
49	74	0.000997
49	75	0.009324
49	76	0.000005
49	77	0.000004
49	79	0.000044
49	756	0.000047
49	903	0.000014
49	904	0.007143
49	906	0.000001
49	922	0.000128
49	923	0.000050
49	924	0.000006
49	926	0.000088
49	927	0.000230
49	928	0.000052
49	929	0.001697
49	932	0.000025
49	933	0.000011
50	56	0.000352
50	57	0.000317
50	59	0.747121
50	68	0.000047
50	69	0.000013
50	71	0.063573
50	72	0.009598
50	78	0.000052
50	80	0.000030
50	82	0.000072
50	84	0.000014
50	113	0.000023
50	114	0.000005
50	755	0.000048
50	901	0.000002
50	907	0.000226
50	934	0.000993
51	55	0.000234
51	58	0.745096
51	60	0.000600
51	61	0.000009
51	67	0.000043
51	74	0.000064
51	75	0.000002
51	77	0.000051
51	79	0.000031
51	112	0.000006
51	753	0.000025
51	754	0.000024
51	903	0.000054
51	906	0.000171
51	922	0.000003
51	923	0.000003
51	924	0.000008
51	926	0.000008
51	927	0.000061
51	928	0.000018
51	929	0.000008
51	932	0.000006
51	933	0.000781
52	56	0.000479
52	57	0.737893
52	59	0.000620
52	68	0.000037
52	69	0.234130
52	71	0.000054
52	72	0.000326
52	78	0.000023
52	80	0.000002
52	81	0.000410
52	82	0.000002
52	114	0.001025
52	752	0.000049
52	901	0.000225
52	934	0.000003
53	57	0.000499
53	59	0.000126
53	68	0.238947
53	69	0.000178
53	71	0.000319
53	78	0.000036
53	80	0.000416
53	81	0.000001
53	88	0.000001
53	113	0.001036
53	114	0.000010
53	751	0.000049
53	900	0.000226
53	934	0.000003
54	58	0.000088
54	60	0.000027
54	61	0.000017
54	67	0.235271
54	76	0.000002
54	77	0.000044
54	79	0.000416
54	112	0.000990
54	750	0.000049
54	899	0.000215
54	922	0.000002
54	926	0.000009
54	932	0.000009
54	933	0.000002
55	59	0.000025
55	63	0.000134
55	68	0.000056
55	69	0.000068
55	70	0.000006
55	78	0.000405
55	749	0.000049
55	921	0.000002
55	925	0.000010
55	931	0.000011
55	934	0.000003
55	936	0.000002
56	62	0.000142
56	64	0.000041
56	65	0.235745
56	66	0.009241
56	67	0.000053
56	75	0.000107
56	77	0.000296
56	86	0.000001
56	87	0.000003
56	110	0.000008
56	111	0.001049
56	748	0.000049
56	898	0.000224
56	909	0.000006
56	920	0.000002
56	923	0.000048
56	924	0.000007
56	930	0.000011
56	933	0.000009
56	935	0.000003
57	61	0.000060
57	62	0.000029
57	64	0.236244
57	65	0.008992
57	66	0.000062
57	67	0.000007
57	74	0.000178
57	76	0.000278
57	86	0.000003
57	110	0.001049
57	747	0.000049
57	897	0.000224
57	908	0.000006
57	922	0.000069
57	923	0.000004
57	929	0.000006
57	932	0.000013
57	935	0.000008
58	63	0.206950
58	72	0.000016
58	73	0.000189
58	84	0.000028
58	85	0.000002
58	106	0.000001
58	108	0.000252
58	109	0.000754
58	746	0.000048
58	896	0.000225
58	907	0.000006
58	921	0.000075
58	931	0.000013
58	934	0.000008
58	936	0.000008
59	64	0.004416
59	65	0.000018
59	66	0.000007
59	74	0.000321
59	83	0.000333
59	86	0.000007
59	107	0.000498
59	739	0.000048
59	895	0.000224
59	906	0.000002
59	920	0.000076
59	930	0.000013
59	933	0.000005
59	935	0.000011
60	70	0.000073
60	71	0.000201
60	73	0.000332
60	82	0.000334
60	85	0.000005
60	106	0.000429
60	108	0.000001
60	738	0.000048
60	894	0.000224
60	919	0.000074
60	934	0.000011
61	68	0.000004
61	69	0.000196
61	70	0.000292
61	72	0.000337
61	73	0.000021
61	81	0.000334
61	84	0.000002
61	85	0.001226
61	106	0.000001
61	737	0.000048
61	893	0.000224
61	918	0.000060
61	931	0.000001
61	936	0.000001
62	68	0.003124
62	69	0.000459
62	71	0.000355
62	72	0.000038
62	78	0.000001
62	80	0.000347
62	84	0.001943
62	113	0.000002
62	736	0.000048
62	892	0.000224
62	934	0.000068
63	67	0.002064
63	74	0.000020
63	77	0.000001
63	79	0.000347
63	112	0.000001
63	735	0.000048
63	891	0.000183
63	926	0.000003
63	927	0.000005
63	928	0.000005
63	929	0.000007
63	932	0.000001
63	933	0.000068
64	68	0.000230
64	69	0.000070
64	71	0.000024
64	72	0.000738
64	78	0.000344
64	81	0.000006
64	82	0.002349
64	84	0.000022
64	113	0.000001
64	114	0.000140
64	120	0.000001
64	122	0.000005
64	734	0.000047
64	887	0.000044
64	934	0.000151
65	69	0.000042
65	71	0.000741
65	72	0.001868
65	80	0.000007
65	81	0.002352
65	82	0.000074
65	103	0.000003
65	113	0.000141
65	114	0.000765
65	120	0.000171
65	733	0.000046
65	734	0.000001
65	886	0.000044
65	934	0.000076
66	71	0.001866
66	72	0.000039
66	78	0.000003
66	80	0.002348
66	81	0.000076
66	102	0.000003
66	103	0.000015
66	113	0.000768
66	114	0.000084
66	119	0.000174
66	732	0.000045
66	733	0.000003
66	885	0.000044
66	934	0.000039
67	71	0.000032
67	72	0.000003
67	73	0.000005
67	78	0.000365
67	80	0.000077
67	102	0.000015
67	113	0.000078
67	114	0.000003
67	115	0.000002
67	118	0.000175
67	732	0.000004
67	866	0.000004
67	884	0.000039
67	911	0.000007
67	921	0.000048
67	925	0.002135
67	931	0.000882
67	934	0.000004
67	936	0.000207
68	74	0.000019
68	75	0.000006
68	76	0.000041
68	77	0.000616
68	79	0.000174
68	101	0.000019
68	111	0.000423
68	112	0.000028
68	117	0.000175
68	731	0.000048
68	771	0.000002
68	852	0.000001
68	853	0.000002
68	865	0.000007
68	906	0.000001
68	908	0.000009
68	909	0.000084
68	910	0.000008
68	920	0.000061
68	922	0.000013
68	923	0.000220
68	924	0.002679
68	926	0.000002
68	927	0.000002
68	928	0.000008
68	929	0.000006
68	930	0.001085
68	932	0.000021
68	933	0.000008
68	935	0.000254
69	74	0.000003
69	75	0.000047
69	76	0.000626
69	77	0.000755
69	100	0.000019
69	110	0.000425
69	111	0.000026
69	112	0.000008
69	116	0.000175
69	125	0.000001
69	730	0.000048
69	770	0.000002
69	801	0.000004
69	851	0.000001
69	852	0.000002
69	855	0.000004
69	864	0.000007
69	879	0.000001
69	905	0.000002
69	908	0.000084
69	909	0.000008
69	920	0.000013
69	922	0.000424
69	923	0.003009
69	924	0.000191
69	926	0.000003
69	927	0.000016
69	928	0.000013
69	929	0.001043
69	930	0.003639
69	932	0.000008
69	933	0.000012
69	935	0.000004
70	74	0.000038
70	75	0.000551
70	76	0.000750
70	77	0.000218
70	79	0.000011
70	112	0.086801
70	124	0.000001
70	729	0.000048
70	769	0.000002
70	772	0.000003
70	800	0.000004
70	851	0.000002
70	854	0.000005
70	863	0.000007
70	878	0.000002
70	879	0.000006
70	904	0.000001
70	906	0.000114
70	910	0.000350
70	922	0.003428
70	923	0.000311
70	924	0.000076
70	926	0.000025
70	927	0.000023
70	928	0.001012
70	929	0.003765
70	932	0.000021
70	933	0.000191
71	75	0.000350
71	76	0.000151
71	77	0.000016
71	79	0.000002
71	98	0.000019
71	110	0.000036
71	111	0.091634
71	112	0.000409
71	123	0.000001
71	728	0.000048
71	771	0.000004
71	799	0.000004
71	849	0.000003
71	853	0.000005
71	862	0.000007
71	877	0.000002
71	878	0.000007
71	905	0.000124
71	906	0.000011
71	909	0.000374
71	910	0.000002
71	920	0.054732
71	922	0.000259
71	923	0.000051
71	924	0.000409
71	926	0.000014
71	927	0.000574
71	928	0.003734
71	929	0.000014
71	930	0.000491
71	932	0.000137
71	935	0.000032
72	76	0.000009
72	77	0.000011
72	79	0.000001
72	97	0.000019
72	107	0.000004
72	110	0.091551
72	111	0.000549
72	112	0.000010
72	683	0.000001
72	727	0.000048
72	767	0.000002
72	770	0.000004
72	798	0.000002
72	799	0.000002
72	848	0.000003
72	849	0.000001
72	852	0.000005
72	861	0.000007
72	877	0.000007
72	879	0.000001
72	904	0.000123
72	905	0.000015
72	908	0.000371
72	909	0.000002
72	920	0.001426
72	922	0.000042
72	923	0.000645
72	924	0.000113
72	926	0.000340
72	927	0.003788
72	928	0.000028
72	929	0.000492
72	930	0.000449
72	933	0.000014
72	935	0.000008
73	77	0.000038
73	79	0.000123
73	112	0.006780
73	682	0.000002
73	726	0.000042
73	766	0.000002
73	769	0.000004
73	798	0.000002
73	851	0.000005
73	860	0.000007
73	903	0.000121
73	904	0.000013
73	906	0.000007
73	913	0.000192
73	922	0.001017
73	923	0.000201
73	924	0.000126
73	926	0.003854
73	927	0.000052
73	928	0.000496
73	929	0.000453
73	932	0.000037
73	933	0.000038
74	78	0.000115
74	80	0.000004
74	81	0.000005
74	82	0.000003
74	85	0.000003
74	96	0.000002
74	106	0.000002
74	108	0.000190
74	109	0.001973
74	113	0.000049
74	114	0.000024
74	115	0.000127
74	681	0.000001
74	765	0.000002
74	768	0.000003
74	797	0.000002
74	850	0.000004
74	902	0.000107
74	907	0.000004
74	911	0.000002
74	912	0.000203
74	914	0.000108
74	915	0.000436
74	916	0.031831
74	917	0.328223
74	918	0.007323
74	919	0.001093
74	921	0.000631
74	925	0.002499
74	931	0.000026
74	934	0.000004
74	936	0.000003
74	937	0.000005
75	80	0.000013
75	81	0.000004
75	82	0.000002
75	84	0.000004
75	85	0.000002
75	95	0.000001
75	96	0.000016
75	106	0.000006
75	108	0.000517
75	109	0.001490
75	113	0.000064
75	114	0.000154
75	115	0.000115
75	680	0.000001
75	796	0.000002
75	858	0.000006
75	901	0.000007
75	902	0.000002
75	911	0.000099
75	912	0.000041
75	914	0.000410
75	915	0.042340
75	916	0.421009
75	917	0.008735
75	918	0.001354
75	919	0.000114
75	921	0.000010
75	925	0.000009
75	931	0.000002
75	934	0.000002
75	936	0.000005
75	937	0.000005
76	80	0.000004
76	81	0.000003
76	82	0.000001
76	84	0.000002
76	85	0.000123
76	95	0.000019
76	106	0.000065
76	108	0.001028
76	109	0.277671
76	113	0.000082
76	114	0.000131
76	115	0.000095
76	797	0.000001
76	857	0.000006
76	911	0.000027
76	912	0.000116
76	914	0.043493
76	915	0.443439
76	916	0.008179
76	917	0.001192
76	918	0.000120
76	919	0.000013
76	921	0.000006
76	925	0.000017
76	934	0.000003
76	936	0.000005
76	937	0.000721
77	81	0.000001
77	82	0.000003
77	84	0.000147
77	85	0.000002
77	94	0.000020
77	106	0.000032
77	108	0.356036
77	109	0.000124
77	113	0.000118
77	114	0.000110
77	115	0.000227
77	681	0.000003
77	796	0.000001
77	856	0.000006
77	911	0.000086
77	912	0.000437
77	914	0.449523
77	915	0.006496
77	916	0.000764
77	917	0.000081
77	918	0.000010
77	921	0.001022
77	925	0.000007
77	931	0.000051
77	934	0.000001
77	936	0.001337
78	83	0.000165
78	86	0.000027
78	90	0.000002
78	93	0.000021
78	104	0.001439
78	105	0.000001
78	107	0.370622
78	110	0.000876
78	111	0.000035
78	112	0.000112
78	720	0.000001
78	724	0.000046
78	795	0.000001
78	855	0.000005
78	908	0.000008
78	910	0.000026
78	913	0.446885
78	920	0.001160
78	922	0.000031
78	923	0.000002
78	924	0.000008
78	926	0.000002
78	930	0.000061
78	932	0.000036
78	933	0.000001
78	935	0.001444
79	85	0.000029
79	89	0.000002
79	92	0.000021
79	103	0.001437
79	106	0.369607
79	108	0.000349
79	109	0.000763
79	113	0.000332
79	114	0.000002
79	679	0.000005
79	719	0.000001
79	723	0.000047
79	907	0.000008
79	911	0.293363
79	912	0.235872
79	914	0.000040
79	915	0.000007
79	916	0.000002
79	917	0.000001
79	918	0.000003
79	919	0.000872
79	921	0.000031
79	925	0.000001
79	931	0.000042
79	934	0.001241
79	936	0.000006
80	86	0.000005
80	87	0.000033
80	104	0.000069
80	105	0.362809
80	107	0.000468
80	110	0.000028
80	111	0.004435
80	112	0.001970
80	678	0.000041
80	718	0.000001
80	722	0.000047
80	853	0.000006
80	906	0.000007
80	909	0.000072
80	910	0.525185
80	913	0.000014
80	920	0.000027
80	930	0.000044
80	933	0.000105
80	935	0.000007
81	86	0.000039
81	87	0.000003
81	90	0.000019
81	101	0.001485
81	104	0.351859
81	105	0.007162
81	107	0.001094
81	110	0.004450
81	111	0.002181
81	112	0.000006
81	677	0.000041
81	717	0.000001
81	721	0.000047
81	852	0.000006
81	905	0.000007
81	908	0.000058
81	909	0.557776
81	910	0.000025
81	929	0.000009
81	930	0.000001
81	932	0.000016
82	86	0.000009
82	87	0.000001
82	90	0.000138
82	100	0.001492
82	104	0.013803
82	105	0.000402
82	107	0.002086
82	110	0.002206
82	111	0.000024
82	676	0.000041
82	720	0.000046
82	851	0.000006
82	904	0.000004
82	908	0.558139
82	909	0.000019
82	928	0.000005
82	930	0.000002
82	932	0.000001
82	935	0.003410
83	88	0.000018
83	89	0.000139
83	99	0.001492
83	102	0.051792
83	103	0.016010
83	113	0.000005
83	114	0.000008
83	675	0.000041
83	850	0.000006
83	907	0.557351
83	934	0.003421
84	97	0.000035
84	98	0.001440
84	101	0.009928
84	104	0.140380
84	105	0.006914
84	107	0.012131
84	110	0.000060
84	111	0.000060
84	112	0.000005
84	674	0.000007
84	718	0.000021
84	849	0.000006
84	903	0.000004
84	904	0.000128
84	905	0.019110
84	906	0.253598
84	908	0.000003
84	909	0.000001
84	929	0.000001
84	930	0.000031
84	933	0.002888
84	935	0.000002
85	105	0.016081
85	112	0.000046
85	903	0.000204
85	904	0.016633
85	906	0.000993
85	928	0.000001
85	929	0.000026
85	932	0.002340
85	933	0.000002
86	95	0.001483
86	99	0.000057
86	102	0.001123
86	103	0.897472
86	113	0.000003
86	114	0.000006
87	94	0.001492
87	99	0.000087
87	102	0.916696
87	103	0.000013
87	106	0.000403
87	108	0.000003
87	113	0.000005
87	902	0.000059
87	931	0.000042
88	93	0.001490
88	97	0.000005
88	98	0.000157
88	100	0.000040
88	101	0.987060
88	104	0.000554
88	105	0.000487
88	107	0.000002
88	111	0.000002
88	930	0.000038
89	97	0.000157
89	100	0.996971
89	104	0.000498
89	110	0.000002
89	929	0.000020
89	935	0.000002
90	95	0.000140
90	99	0.996996
90	102	0.000831
90	103	0.000250
90	934	0.000002
91	97	0.000081
91	98	0.996693
91	101	0.001097
91	909	0.000182
92	97	0.984416
92	98	0.000004
92	100	0.001099
92	908	0.000182
93	99	0.001098
93	907	0.000182
94	906	0.000182
95	905	0.000182
96	904	0.000156
97	114	0.000021
98	113	0.000022
99	112	0.000014
100	113	0.000002
100	114	0.000160
101	113	0.000164
102	107	0.000776
102	110	0.000209
102	111	0.019801
102	112	0.000219
102	117	0.000002
102	695	0.000001
102	909	0.000375
103	107	0.000048
103	110	0.019800
103	111	0.000245
103	112	0.000009
103	116	0.000004
103	129	0.000006
103	693	0.000013
103	908	0.000378
103	935	0.000001
104	113	0.009458
104	114	0.035971
104	128	0.000008
104	692	0.000015
104	907	0.000375
104	934	0.000001
105	109	0.000331
105	113	0.036182
105	114	0.000227
105	115	0.000218
105	127	0.000008
105	691	0.000015
105	710	0.000006
105	757	0.000001
105	902	0.000003
105	907	0.000004
105	911	0.000012
105	914	0.000013
106	112	0.032181
106	690	0.000015
106	709	0.000007
106	756	0.000001
106	906	0.000038
106	910	0.000013
106	913	0.000013
107	113	0.013843
107	114	0.002234
107	122	0.000003
107	689	0.000015
107	707	0.000005
107	755	0.000001
107	907	0.000299
107	934	0.000012
108	112	0.009366
108	121	0.000001
108	688	0.000013
108	706	0.000002
108	754	0.000001
108	904	0.000006
108	906	0.000351
108	910	0.000034
108	933	0.000012
109	121	0.000048
109	688	0.000001
109	706	0.000023
109	753	0.000001
109	903	0.000006
109	904	0.000004
109	906	0.000220
109	910	0.000033
109	932	0.000008
110	114	0.000314
110	120	0.000059
110	687	0.000003
110	705	0.000026
110	752	0.000001
110	901	0.000001
110	907	0.003747
110	934	0.000001
111	119	0.000059
111	704	0.000026
111	751	0.000001
111	900	0.000001
111	901	0.000001
111	907	0.011413
112	118	0.000059
112	684	0.000007
112	702	0.000028
112	749	0.000001
112	902	0.000056
112	907	0.006805
112	911	0.000011
112	931	0.000042
112	936	0.000008
113	117	0.000057
113	683	0.000008
113	701	0.000030
113	748	0.000001
113	903	0.000777
113	904	0.001826
113	905	0.707774
113	906	0.085479
113	908	0.000027
113	909	0.000278
113	910	0.000012
113	920	0.000001
113	930	0.000071
113	935	0.000014
114	682	0.000006
114	683	0.000005
114	700	0.000030
114	747	0.000001
114	903	0.002879
114	904	0.719969
114	905	0.107692
114	906	0.000011
114	908	0.000273
114	909	0.000012
114	929	0.000065
114	930	0.000013
114	935	0.000002
115	682	0.000005
115	699	0.000029
115	903	0.718046
115	904	0.095060
115	906	0.000127
115	928	0.000055
115	929	0.000011
115	933	0.000006
116	680	0.000013
116	900	0.000005
116	901	0.997042
116	907	0.000001
117	679	0.000013
117	900	0.999654
117	901	0.000020
118	696	0.000001
118	743	0.000001
118	899	0.999226
119	677	0.000011
119	678	0.000002
119	696	0.000025
119	697	0.000002
119	742	0.000001
119	898	0.999577
120	676	0.000011
120	677	0.000002
120	695	0.000030
120	741	0.000001
120	897	0.998394
120	898	0.000002
121	130	0.000132
121	675	0.000010
121	694	0.000030
121	896	0.999205
122	129	0.000186
122	626	0.000005
122	674	0.000007
122	676	0.000002
122	693	0.000030
122	739	0.000001
122	895	0.999708
123	128	0.000186
123	625	0.000007
123	673	0.000007
123	675	0.000002
123	692	0.000030
123	738	0.000001
123	894	0.999708
124	624	0.000008
124	672	0.000005
124	691	0.000027
124	737	0.000001
124	893	0.999423
125	623	0.000008
125	679	0.000002
125	689	0.000008
125	736	0.000001
125	892	0.999612
126	622	0.000006
126	626	0.000005
126	678	0.000004
126	688	0.000005
126	801	0.000002
126	889	0.000017
126	890	0.000007
126	891	0.996309
127	622	0.000004
127	627	0.000002
127	800	0.000002
127	890	0.994633
127	891	0.000051
128	622	0.000008
128	626	0.000003
128	676	0.000030
128	686	0.000002
128	688	0.000001
128	690	0.000004
128	799	0.000002
128	888	0.001515
128	889	0.970048
128	890	0.000040
129	623	0.577614
129	625	0.000004
129	675	0.000033
129	687	0.000001
129	689	0.000004
129	775	0.000001
129	850	0.000001
129	856	0.000012
129	882	0.000002
129	885	0.000004
129	886	0.000012
129	887	0.002882
130	622	0.574266
130	688	0.000003
130	855	0.000010
130	881	0.000002
130	890	0.000002
131	619	0.000005
131	620	0.997092
131	622	0.000001
132	618	0.000002
132	619	0.999940
132	620	0.000035
133	618	0.999971
133	619	0.000018
134	617	0.999938
135	615	0.000141
135	616	0.998339
136	614	0.000144
136	615	0.999831
137	613	0.000147
137	614	0.999841
138	611	0.000189
138	613	0.999787
139	609	0.000412
139	610	0.000255
139	612	0.998748
140	608	0.001937
140	611	0.995177
142	607	0.982147
142	608	0.014479
143	606	0.999947
143	609	0.000002
144	605	0.999509
145	604	0.999981
146	603	0.999991
147	602	0.999977
148	601	0.999511
149	600	0.999970
150	596	0.000003
150	598	0.000003
150	599	0.999028
151	595	0.000033
151	597	0.000003
151	598	0.998830
152	594	0.000038
152	596	0.000006
152	597	0.999911
153	593	0.000039
153	594	0.000008
153	596	0.997014
153	597	0.000012
154	592	0.000021
155	592	0.000016
156	592	0.000484
157	592	0.988913
158	591	0.999943
159	590	0.999976
160	589	0.999698
161	588	0.999933
162	583	0.000001
162	584	0.000069
162	585	0.000216
162	586	0.002081
162	587	0.997572
163	582	0.000002
163	583	0.000085
163	584	0.000272
163	585	0.004152
163	586	0.995446
163	587	0.000013
164	176	0.000008
164	214	0.000001
164	413	0.000001
164	521	0.000003
164	536	0.000007
164	581	0.000002
164	582	0.000101
164	583	0.000330
164	584	0.006213
164	585	0.992600
164	586	0.000025
165	175	0.000032
165	213	0.000003
165	412	0.000001
165	520	0.000003
165	527	0.000002
165	535	0.000009
165	536	0.000004
165	580	0.000002
165	581	0.000116
165	582	0.000389
165	583	0.008177
165	584	0.978619
165	585	0.000033
166	174	0.000036
166	212	0.000004
166	215	0.000007
166	216	0.872656
166	217	0.001833
166	234	0.000002
166	534	0.000004
167	173	0.000036
167	211	0.000004
167	212	0.000002
167	215	0.999187
167	233	0.000003
168	172	0.000024
168	214	0.999319
168	232	0.000002
168	579	0.000005
169	213	0.999756
169	232	0.000001
169	578	0.000005
170	210	0.004037
170	211	0.000528
170	212	0.995097
170	231	0.000003
170	576	0.000001
170	577	0.000004
171	175	0.000002
171	209	0.024227
171	230	0.000003
171	575	0.000003
172	206	0.000002
172	207	0.000021
172	208	0.024369
172	210	0.950396
172	211	0.000239
172	229	0.000003
172	574	0.000002
173	209	0.939869
173	228	0.000003
175	204	0.001148
175	206	0.644873
175	210	0.000002
175	211	0.000003
176	203	0.000866
176	204	0.997048
176	206	0.000540
176	210	0.000001
177	202	0.000579
177	203	0.998950
177	204	0.000165
178	201	0.000292
178	202	0.999299
178	203	0.000111
179	201	0.999627
179	202	0.000058
180	200	0.999466
181	198	0.000001
181	199	0.998121
182	198	0.998841
183	197	0.999964
184	196	0.999509
185	193	0.000002
185	195	0.999972
186	192	0.000006
186	194	0.999917
187	191	0.000024
187	193	0.991644
187	195	0.000007
188	192	0.980165
188	194	0.000008
189	193	0.000009
204	236	0.000004
205	235	0.000004
206	419	0.000021
207	418	0.000021
208	232	0.000007
208	417	0.000021
209	222	0.000002
209	231	0.000007
209	416	0.000021
209	537	0.000002
209	542	0.000005
210	221	0.000002
210	230	0.000007
210	415	0.000016
210	536	0.000002
210	583	0.000007
210	584	0.000004
211	220	0.000002
211	228	0.000008
211	413	0.000021
211	535	0.000002
211	536	0.000004
211	540	0.000010
211	582	0.000008
211	583	0.000005
212	227	0.000008
212	412	0.000021
212	535	0.000004
212	539	0.000010
212	581	0.000008
212	582	0.000005
213	411	0.000021
213	538	0.000010
214	225	0.000007
214	537	0.000010
215	221	0.000001
215	224	0.000008
215	239	0.000003
215	410	0.000005
215	536	0.000010
215	581	0.000005
216	220	0.000001
216	238	0.000198
216	409	0.000003
216	580	0.000009
217	226	0.000008
217	235	0.000005
217	238	0.000694
217	409	0.000001
217	540	0.000003
217	579	0.000008
217	580	0.000016
218	224	0.000046
218	227	0.001555
218	228	0.000005
218	230	0.000002
218	235	0.000009
218	236	0.991047
218	239	0.000028
218	434	0.000001
218	535	0.000001
218	536	0.000005
218	539	0.000003
218	578	0.000003
218	581	0.000012
218	582	0.000002
218	583	0.000002
219	226	0.001517
219	232	0.000005
219	235	0.992985
219	238	0.000036
219	422	0.000029
219	433	0.000001
219	580	0.000010
220	225	0.001233
220	229	0.000001
220	231	0.000002
220	233	0.000006
220	234	0.993096
220	237	0.000042
220	421	0.000031
220	429	0.000002
220	432	0.000001
220	534	0.000001
220	538	0.000003
220	577	0.000002
221	231	0.000373
221	233	0.990230
221	420	0.000031
221	428	0.000002
221	431	0.000001
221	533	0.000001
221	537	0.000079
221	576	0.000002
222	226	0.000004
222	227	0.000330
222	228	0.000470
222	230	0.000913
222	232	0.370262
222	235	0.000003
222	236	0.001790
222	418	0.000001
222	419	0.000033
222	425	0.000004
222	535	0.000070
222	536	0.000088
222	575	0.000002
222	581	0.000005
223	232	0.578718
223	235	0.001773
223	417	0.000004
223	418	0.000029
223	580	0.000004
224	231	0.883540
224	233	0.002342
224	416	0.000007
224	423	0.000015
224	533	0.000401
225	232	0.002793
225	235	0.000117
225	415	0.000007
225	417	0.000002
225	422	0.000015
225	532	0.000405
226	231	0.002645
226	234	0.000157
226	414	0.000005
226	421	0.000015
226	441	0.000028
226	531	0.000405
226	543	0.000002
227	231	0.000327
227	233	0.000160
227	414	0.000001
227	420	0.000015
227	440	0.000018
227	530	0.000406
227	542	0.000002
228	233	0.000030
228	416	0.000074
228	440	0.002563
228	529	0.000405
228	541	0.000002
229	415	0.000079
229	439	0.002592
229	540	0.000001
230	414	0.000080
230	438	0.002592
230	528	0.000388
230	537	0.000002
231	236	0.000034
231	412	0.000042
231	413	0.000047
231	436	0.001303
231	437	0.001301
231	527	0.000391
231	536	0.000002
232	411	0.000074
232	435	0.002592
232	525	0.000162
232	526	0.000237
233	410	0.000087
233	412	0.000011
233	434	0.002607
233	524	0.000309
233	581	0.000002
234	409	0.000073
234	433	0.002606
234	523	0.000301
234	580	0.000002
235	408	0.000022
235	411	0.000005
235	432	0.002604
235	522	0.000258
236	407	0.000008
236	411	0.000001
236	428	0.000001
236	431	0.002599
237	409	0.459241
237	580	0.000005
238	407	0.000005
238	408	0.908378
238	429	0.000003
239	406	0.000020
239	407	0.998175
239	428	0.000002
240	405	0.000021
240	406	0.999327
240	407	0.000309
241	404	0.000017
241	405	0.999637
241	406	0.000319
242	404	0.999599
242	405	0.000326
243	402	0.000014
243	403	0.991075
243	404	0.000315
245	402	0.898322
246	399	0.000014
246	401	0.898322
247	399	0.991400
248	398	0.999931
248	399	0.000020
249	397	0.999976
249	398	0.000014
250	396	0.999984
250	397	0.000007
251	395	0.999991
252	394	0.999977
253	393	0.999484
254	392	0.999545
255	385	0.000001
255	390	0.000016
255	391	0.139503
256	390	0.126732
256	391	0.860113
257	381	0.000002
257	390	0.870981
257	391	0.000005
258	380	0.000001
258	383	0.003693
258	384	0.115881
258	386	0.003915
258	387	0.015209
258	388	0.003286
258	389	0.840129
259	383	0.256803
259	384	0.001320
259	386	0.021439
259	387	0.005103
259	388	0.668693
259	389	0.000330
260	381	0.996116
261	380	0.999846
261	383	0.000003
261	384	0.000002
261	386	0.000065
262	379	0.999481
262	384	0.000002
263	378	0.999479
263	382	0.000003
264	377	0.999893
264	381	0.000003
265	376	0.987407
266	374	0.146818
266	376	0.000045
266	380	0.000007
267	376	0.000040
267	379	0.000006
268	371	0.925032
268	372	0.010413
268	373	0.005395
268	375	0.000051
268	378	0.000002
269	369	0.000109
269	370	0.999503
269	374	0.000014
270	368	0.000118
270	369	0.999800
270	370	0.000069
271	367	0.000125
271	368	0.999797
271	369	0.000064
272	367	0.999594
272	368	0.000058
273	363	0.000002
273	365	0.998903
274	362	0.000001
274	364	0.996494
275	364	0.000172
276	362	0.995677
276	364	0.000003
277	358	0.000002
277	360	0.000001
277	361	0.998089
277	363	0.000003
278	357	0.000003
278	360	0.998404
278	361	0.000234
278	363	0.000008
279	356	0.000003
279	359	0.976086
279	362	0.000007
280	288	0.000001
280	355	0.000002
281	287	0.000001
281	356	0.001401
281	359	0.011295
282	355	0.001129
283	355	0.000009
284	355	0.000012
284	356	0.997678
285	352	0.000168
285	355	0.998207
286	351	0.000153
286	353	0.000004
286	354	0.999081
287	350	0.000130
287	351	0.000010
287	353	0.998194
288	350	0.000010
288	351	0.000683
288	353	0.000013
289	350	0.000102
289	351	0.721085
289	354	0.000006
290	350	0.993170
290	351	0.000648
290	353	0.000007
291	349	0.970807
291	352	0.000007
292	349	0.004125
293	347	0.992218
293	348	0.004892
293	349	0.000674
294	346	0.996190
294	347	0.002477
294	348	0.000994
294	349	0.000003
295	345	0.997996
296	344	0.998184
296	346	0.000026
296	347	0.001300
296	348	0.000003
297	302	0.000001
297	304	0.000001
297	341	0.000020
297	344	0.000078
297	346	0.001508
297	347	0.000002
298	340	0.000020
298	342	0.989079
298	343	0.000073
298	345	0.001532
299	339	0.000020
299	341	0.997923
299	344	0.001533
299	346	0.000004
300	340	0.996338
300	343	0.001344
300	345	0.000003
301	339	0.973406
302	306	0.000001
302	342	0.000140
302	343	0.000213
303	342	0.000222
303	343	0.000176
304	342	0.000185
304	343	0.000065
305	342	0.000067
306	338	0.997937
306	339	0.000016
306	341	0.000040
307	337	0.999440
307	340	0.000022
308	336	0.999973
308	339	0.000002
309	335	0.999958
309	338	0.000002
310	334	0.983005
312	331	0.000001
312	332	0.994313
312	333	0.000931
313	331	0.999385
314	330	0.999490
315	329	0.999963
316	328	0.999575
317	326	0.000011
317	327	0.999915
318	326	0.998639
318	327	0.000036
318	329	0.000002
319	328	0.000005
320	326	0.000214
320	327	0.000008
321	325	0.000664
321	326	0.000010
381	386	0.000159
381	387	0.000006
381	388	0.000021
381	389	0.000068
382	387	0.000208
382	388	0.000133
383	390	0.000010
383	391	0.000001
384	390	0.000001
386	390	0.000005
386	391	0.000002
405	583	0.000002
406	536	0.000312
406	582	0.000003
407	535	0.000430
407	536	0.000613
407	581	0.000004
408	532	0.000001
408	580	0.000004
409	426	0.000019
409	427	0.000043
409	429	0.000069
409	432	0.000002
409	441	0.000002
409	531	0.000001
409	534	0.447988
409	537	0.000003
410	428	0.000126
410	431	0.000004
410	440	0.000005
410	528	0.000001
410	530	0.000003
410	531	0.000026
410	533	0.975376
410	537	0.000026
411	425	0.012745
411	439	0.000005
411	532	0.985397
411	535	0.000003
411	536	0.000020
411	578	0.000006
412	424	0.012773
412	438	0.000005
412	529	0.000103
412	530	0.000033
412	531	0.986847
412	577	0.000006
413	423	0.012772
413	528	0.000105
413	529	0.000052
413	530	0.986738
413	576	0.000006
414	419	0.000003
414	422	0.012709
414	436	0.000005
414	527	0.000100
414	575	0.000006
415	421	0.012645
415	435	0.000005
415	526	0.000088
415	528	0.977993
415	529	0.000018
415	574	0.000005
416	434	0.000005
416	527	0.986757
417	430	0.000003
417	525	0.000040
417	526	0.983467
418	429	0.000004
418	432	0.000004
418	525	0.957340
418	526	0.001065
419	428	0.000005
419	431	0.000004
420	523	0.000055
420	524	0.986115
421	523	0.986508
422	522	0.986351
423	520	0.000009
423	521	0.987085
424	520	0.985109
424	521	0.000006
425	431	0.007629
425	518	0.000596
426	433	0.000042
426	517	0.000263
427	433	0.000132
427	517	0.000006
427	523	0.000003
428	433	0.000016
428	434	0.000094
428	520	0.000085
428	521	0.000011
428	523	0.000002
428	524	0.007134
428	527	0.000032
428	581	0.000030
429	433	0.000085
429	523	0.006932
429	580	0.000030
430	523	0.000024
430	579	0.000027
431	520	0.001323
431	521	0.006830
431	523	0.000002
431	524	0.000423
431	536	0.000002
431	578	0.000021
431	581	0.000001
432	523	0.000420
432	532	0.000002
433	441	0.000003
433	518	0.000002
433	519	0.982414
433	522	0.000090
433	531	0.000002
433	534	0.000003
433	577	0.000004
434	440	0.000004
434	516	0.000001
434	518	0.996553
434	530	0.000002
434	533	0.000003
434	576	0.000004
435	439	0.000003
435	517	0.996631
435	532	0.000003
436	445	0.000002
436	515	0.000019
436	516	0.997299
436	529	0.000009
436	531	0.000003
436	542	0.000015
436	577	0.000012
437	444	0.000002
437	514	0.000034
437	515	0.996953
437	528	0.000009
437	530	0.000003
437	541	0.000015
437	576	0.000012
438	443	0.000002
438	527	0.000010
438	540	0.000013
438	575	0.000012
439	513	0.994385
439	514	0.000005
439	525	0.000003
439	526	0.000007
439	528	0.000003
439	574	0.000011
440	511	0.000069
440	512	0.997132
440	524	0.000006
440	527	0.000003
440	539	0.000019
440	573	0.000002
441	510	0.002206
441	511	0.963305
441	523	0.000006
441	540	0.000017
442	509	0.002215
442	537	0.000003
442	538	0.001159
443	509	0.984531
443	537	0.002428
444	507	0.000004
444	508	0.995458
444	521	0.000017
444	536	0.002638
445	453	0.000001
445	507	0.997310
445	520	0.000017
445	535	0.002638
446	452	0.000001
446	506	0.997267
446	518	0.000019
446	533	0.002640
447	505	0.977277
447	517	0.000019
447	532	0.002640
448	502	0.000018
448	516	0.000019
448	531	0.002641
449	502	0.000269
449	515	0.000019
449	530	0.002641
450	499	0.000013
450	502	0.994715
450	514	0.000019
450	529	0.002641
451	498	0.000013
451	501	0.996682
451	513	0.000019
451	528	0.002637
452	497	0.000014
452	500	0.997270
452	512	0.000019
452	527	0.002637
453	496	0.000014
453	498	0.001961
453	499	0.991673
453	501	0.000005
453	522	0.000002
453	525	0.000159
453	526	0.002185
454	497	0.003929
454	500	0.000006
454	521	0.000004
454	524	0.000315
455	497	0.913079
455	520	0.000004
455	523	0.000128
455	524	0.001835
456	523	0.001627
457	523	0.000004
458	495	0.987318
459	493	0.000014
459	494	0.999865
459	521	0.000014
460	492	0.000015
460	493	0.999944
460	494	0.000012
460	520	0.000014
460	521	0.000002
461	491	0.000013
461	492	0.999811
461	493	0.000012
461	520	0.000002
462	491	0.956905
463	487	0.000002
463	491	0.005332
463	517	0.000010
464	485	0.000001
464	516	0.000009
465	487	0.000003
465	491	0.000208
466	484	0.000008
466	487	0.000018
466	491	0.000067
467	483	0.000009
467	487	0.000051
467	488	0.995343
468	487	0.998874
469	478	0.000001
469	482	0.000004
469	485	0.000001
469	486	0.999415
469	519	0.000001
470	477	0.000002
470	481	0.000004
470	485	0.999848
470	518	0.000001
471	484	0.984541
471	487	0.000006
471	517	0.000001
472	477	0.000002
472	478	0.000226
472	479	0.000012
472	481	0.000059
472	482	0.871334
472	486	0.000012
472	516	0.000001
473	477	0.000224
473	479	0.000335
473	481	0.901309
473	482	0.090300
473	485	0.000013
474	480	0.887688
474	483	0.002138
474	484	0.000018
475	484	0.000002
476	481	0.001652
476	482	0.001617
477	483	0.000051
478	484	0.000004
478	508	0.000001
479	483	0.000008
479	507	0.000001
480	506	0.000001
481	504	0.000002
482	503	0.000002
483	502	0.000002
484	501	0.000002
485	500	0.000002
490	517	0.000002
491	516	0.000002
492	515	0.000009
492	516	0.000003
493	514	0.000009
493	515	0.000006
494	514	0.000006
495	511	0.000042
495	512	0.000014
495	524	0.000084
496	510	0.000185
496	511	0.000008
496	523	0.000094
497	509	0.000209
498	508	0.000209
498	511	0.000001
498	520	0.000005
498	521	0.002421
499	507	0.000210
499	510	0.000002
499	520	0.002425
500	506	0.000210
500	509	0.000002
500	518	0.002409
501	505	0.000138
501	508	0.000002
501	517	0.002402
502	507	0.000002
502	517	0.000039
503	515	0.002409
503	516	0.000040
504	514	0.002411
504	515	0.000039
505	513	0.002408
505	514	0.000037
506	512	0.002374
511	519	0.000002
512	518	0.000002
513	517	0.000002
514	521	0.000165
515	520	0.000165
515	521	0.000003
515	536	0.000001
516	520	0.000003
516	535	0.000002
517	534	0.000002
519	532	0.000014
520	528	0.000002
520	529	0.000415
520	530	0.000005
520	531	0.000018
520	542	0.000004
521	528	0.000427
521	529	0.000006
521	530	0.000018
521	533	0.000078
521	541	0.000004
522	532	0.000079
522	540	0.000003
523	531	0.000079
523	534	0.000002
524	530	0.000079
524	533	0.000003
524	541	0.000001
525	532	0.000002
525	540	0.000001
527	537	0.002220
527	538	0.000003
528	535	0.000001
528	536	0.002524
528	582	0.000012
528	583	0.003720
528	584	0.000894
528	585	0.000639
528	586	0.000003
529	535	0.002518
529	536	0.000448
529	581	0.000012
529	582	0.003734
529	583	0.001236
529	584	0.001181
529	585	0.000005
530	535	0.000456
530	536	0.000033
530	580	0.000011
530	581	0.003729
530	582	0.001240
530	583	0.001873
530	584	0.000012
531	535	0.000032
531	536	0.000004
531	579	0.000002
531	580	0.003615
531	581	0.001217
531	582	0.001880
531	583	0.000018
533	578	0.000011
533	579	0.000050
533	580	0.000170
533	581	0.004663
533	582	0.000122
533	583	0.000297
533	584	0.000001
534	579	0.000121
534	580	0.005701
535	541	0.000001
535	542	0.000375
535	577	0.000042
536	541	0.000379
536	542	0.000012
536	576	0.000042
537	573	0.000009
537	575	0.000036
537	578	0.000514
537	579	0.864610
537	580	0.001833
537	581	0.001574
537	582	0.001547
537	583	0.000785
537	584	0.000016
538	572	0.000009
538	578	0.995597
538	579	0.000051
538	580	0.000033
538	581	0.000753
538	582	0.000369
538	583	0.000019
539	571	0.000009
539	576	0.000020
539	577	0.998464
540	570	0.000009
540	574	0.000006
540	576	0.996357
540	577	0.000053
541	569	0.000009
541	573	0.000005
541	575	0.994365
541	578	0.000031
541	579	0.000008
541	581	0.000002
541	582	0.000678
541	583	0.000003
542	572	0.000004
542	573	0.000090
542	575	0.002359
542	578	0.000008
542	580	0.000002
542	581	0.000687
542	582	0.000002
543	579	0.000003
543	580	0.000687
544	566	0.000007
544	572	0.000120
544	573	0.997335
544	579	0.000649
545	565	0.000006
545	569	0.000004
545	572	0.999202
545	578	0.000649
546	564	0.000005
546	571	0.999317
546	577	0.000649
547	567	0.000181
547	568	0.000003
547	570	0.998644
547	576	0.000647
548	566	0.000363
548	569	0.998584
548	575	0.000646
549	567	0.045690
549	568	0.837245
549	574	0.000635
550	565	0.947990
550	566	0.045969
550	572	0.000006
550	573	0.000143
551	564	0.999323
551	571	0.000011
552	563	0.999460
552	565	0.000171
552	566	0.000010
553	562	0.999194
554	560	0.000010
554	561	0.998748
554	563	0.000471
555	559	0.000509
555	560	0.873516
555	562	0.000481
556	560	0.000117
556	561	0.000493
556	566	0.000004
557	561	0.000002
557	565	0.000004
564	572	0.000004
565	571	0.000004
566	571	0.000002
576	581	0.000005
576	582	0.000135
576	583	0.000299
576	584	0.000003
577	581	0.000132
577	582	0.000293
577	583	0.000004
621	769	0.000003
621	851	0.000012
621	881	0.000003
622	675	0.000006
622	679	0.000002
622	684	0.000002
622	768	0.000004
622	796	0.000003
622	802	0.000067
622	850	0.000013
622	880	0.000003
623	674	0.000022
623	676	0.003732
623	677	0.000524
623	678	0.000240
623	683	0.000002
623	767	0.000004
623	795	0.000004
623	799	0.000009
623	801	0.000089
623	849	0.000015
623	852	0.000006
623	864	0.000010
623	879	0.000003
623	889	0.000005
624	682	0.000002
624	766	0.000003
624	798	0.000008
624	800	0.000078
624	851	0.000005
624	863	0.000009
624	878	0.000003
625	674	0.997389
625	676	0.000017
625	799	0.000006
626	673	0.999872
626	675	0.000015
627	672	0.999406
627	675	0.000002
628	670	0.000002
628	671	0.999326
628	674	0.000047
629	669	0.000004
629	673	0.000047
630	668	0.000002
630	670	0.999774
630	671	0.000002
631	667	0.000002
631	669	0.999975
632	668	0.999582
633	667	0.999953
634	666	0.999508
635	664	0.000002
635	665	0.999963
636	664	0.996561
636	665	0.000003
638	661	0.000002
638	662	0.972159
638	664	0.000003
640	661	0.999345
640	662	0.000094
641	660	0.999956
642	659	0.999957
643	658	0.999990
644	657	0.999985
645	656	0.999500
646	655	0.999191
647	653	0.000037
647	654	0.999889
648	653	0.990948
648	654	0.000013
672	890	0.000001
673	889	0.000002
675	690	0.000012
675	772	0.000007
675	777	0.000014
675	795	0.000011
675	801	0.000001
675	848	0.000015
675	849	0.000001
675	851	0.000007
675	852	0.000002
675	859	0.000002
675	868	0.000001
675	888	0.973603
675	889	0.000094
676	689	0.000013
676	734	0.000001
676	775	0.000061
676	794	0.000010
676	847	0.000014
676	850	0.000009
676	886	0.000043
676	887	0.977589
677	689	0.000001
677	733	0.000001
677	775	0.000158
677	846	0.000011
677	850	0.000001
677	856	0.000002
677	885	0.000048
677	886	0.977617
677	887	0.000052
678	687	0.000031
678	732	0.000001
678	775	0.000041
678	845	0.000009
678	850	0.000027
678	856	0.000006
678	882	0.000021
678	885	0.973452
678	886	0.000076
679	683	0.000018
679	686	0.001021
679	731	0.000001
679	767	0.000008
679	769	0.000005
679	770	0.000040
679	771	0.989888
679	772	0.000132
679	799	0.000001
679	800	0.000049
679	801	0.000009
679	849	0.000088
679	852	0.000001
679	853	0.000053
679	859	0.000002
679	860	0.000020
679	864	0.000004
679	865	0.000009
679	873	0.000002
679	874	0.000019
679	877	0.000002
679	878	0.000008
679	881	0.000001
680	686	0.000074
680	766	0.000005
680	767	0.000574
680	769	0.000026
680	770	0.992551
680	771	0.000091
680	799	0.000063
680	801	0.000003
680	848	0.000086
680	852	0.000062
680	859	0.000023
680	863	0.000004
680	864	0.000009
680	872	0.000002
680	873	0.000019
680	877	0.000008
681	709	0.000002
681	766	0.000579
681	769	0.987942
681	798	0.000062
681	800	0.000002
681	851	0.000060
681	862	0.000003
681	863	0.000009
681	871	0.000002
681	872	0.000018
681	879	0.000002
681	881	0.000086
682	708	0.000002
682	765	0.000525
682	768	0.888965
682	797	0.000054
682	850	0.000051
682	857	0.000035
682	870	0.000001
682	880	0.000077
682	882	0.000003
682	883	0.002637
682	884	0.000002
683	707	0.000002
683	850	0.000004
683	856	0.000036
683	870	0.000018
683	882	0.002834
684	706	0.000002
684	764	0.001216
684	766	0.155643
684	855	0.000034
684	869	0.000016
684	872	0.000002
684	878	0.000009
684	879	0.000036
684	881	0.002296
685	764	0.013254
685	766	0.002012
685	851	0.000006
685	854	0.000019
685	871	0.000004
685	878	0.000034
685	879	0.000019
685	881	0.000005
686	704	0.000002
686	850	0.000007
686	870	0.000004
686	882	0.000001
687	703	0.000002
687	763	0.993419
687	764	0.000094
687	766	0.000006
687	767	0.000006
687	877	0.000001
688	702	0.000003
688	762	0.999042
688	765	0.000006
688	876	0.000001
689	701	0.000002
689	761	0.999866
689	763	0.000041
689	764	0.000002
690	760	0.999375
690	762	0.000041
691	699	0.000002
691	759	0.998649
692	698	0.000002
692	756	0.000205
692	758	0.995828
692	761	0.000053
693	707	0.000002
693	755	0.000655
693	760	0.000054
694	706	0.000002
694	753	0.000007
694	754	0.000567
694	756	0.893143
694	759	0.000051
695	705	0.000002
695	707	0.000002
695	752	0.000004
695	755	0.923412
696	704	0.000001
696	752	0.000002
696	755	0.000266
696	757	0.001124
697	705	0.000003
697	752	0.000294
697	755	0.051037
698	704	0.000003
698	751	0.000225
698	752	0.000995
698	755	0.001165
699	751	0.000175
699	752	0.000044
699	755	0.000005
699	757	0.000002
700	751	0.000097
700	752	0.997534
701	751	0.999398
701	752	0.000001
702	750	0.999103
703	719	0.000012
703	749	0.999145
704	718	0.000016
704	721	0.000002
704	748	0.999920
705	717	0.000030
705	720	0.000003
705	747	0.999827
705	748	0.000001
706	710	0.000001
706	712	0.000008
706	713	0.000028
706	714	0.000010
706	715	0.000006
706	716	0.000032
706	719	0.000003
706	744	0.000021
706	745	0.000524
706	746	0.990114
707	711	0.000017
707	717	0.000041
707	718	0.000005
707	727	0.000002
707	731	0.000027
707	739	0.000033
707	740	0.000117
707	741	0.000117
707	742	0.000170
707	743	0.000110
707	747	0.000013
708	726	0.000002
708	730	0.000026
708	743	0.001885
709	713	0.000013
709	714	0.000044
709	715	0.000012
709	716	0.000031
709	737	0.000015
709	738	0.000002
709	744	0.176974
709	745	0.005204
709	746	0.000114
710	729	0.000002
710	743	0.175575
711	715	0.000004
711	716	0.000022
711	737	0.000050
711	738	0.000007
711	744	0.008425
711	745	0.000577
711	746	0.000017
712	743	0.011645
713	726	0.000044
713	730	0.000005
713	743	0.000956
714	725	0.000052
714	729	0.000006
714	743	0.005609
715	721	0.000001
715	722	0.000004
715	724	0.000053
715	727	0.000002
715	728	0.000006
715	731	0.000001
715	739	0.687419
715	740	0.045593
715	741	0.001534
715	742	0.006293
715	743	0.000006
716	726	0.000002
716	730	0.000001
716	735	0.000084
716	743	0.000023
717	733	0.000002
717	734	0.000083
717	736	0.001373
717	738	0.197807
718	732	0.000002
718	733	0.000081
718	734	0.000002
718	736	0.995507
718	738	0.000016
719	735	0.999111
720	732	0.000024
720	733	0.000014
720	734	0.999683
720	738	0.000009
721	732	0.000020
721	733	0.999665
721	734	0.000015
721	738	0.000004
722	732	0.998084
722	733	0.000029
722	736	0.000025
723	729	0.001727
723	730	0.037394
723	735	0.000025
724	732	0.000094
724	733	0.000002
724	734	0.000025
724	738	0.000002
725	732	0.000008
725	733	0.000023
725	737	0.000002
726	732	0.000018
726	733	0.000001
726	736	0.000002
727	732	0.000016
727	733	0.000003
727	734	0.000002
728	732	0.000005
728	733	0.000003
728	746	0.000017
729	745	0.000022
730	744	0.000020
732	741	0.000040
732	742	0.000062
732	743	0.000002
733	740	0.000040
733	741	0.000062
733	742	0.000003
734	739	0.000040
734	740	0.000062
734	741	0.000003
736	741	0.000002
736	742	0.000002
737	743	0.000605
738	742	0.000623
738	743	0.000016
738	747	0.000052
739	746	0.000077
740	746	0.000013
741	746	0.000016
742	746	0.000004
761	934	0.000001
764	768	0.000003
764	773	0.000069
764	774	0.000002
764	858	0.000001
764	884	0.000003
765	769	0.000002
765	772	0.000072
765	861	0.000002
766	773	0.000004
766	774	0.000001
766	776	0.000145
766	857	0.000125
766	883	0.000241
767	775	0.000173
767	794	0.000002
767	856	0.000144
767	882	0.000276
768	772	0.000003
768	792	0.000018
768	855	0.000144
768	881	0.000266
768	903	0.000003
769	773	0.000004
769	774	0.000005
769	776	0.000133
769	791	0.000021
769	857	0.000236
769	858	0.000005
769	880	0.000212
769	883	0.000086
769	887	0.000001
769	902	0.000003
770	775	0.000159
770	790	0.000021
770	856	0.000269
770	882	0.000098
770	886	0.000004
770	901	0.000004
771	775	0.000011
771	789	0.000021
771	856	0.000465
771	882	0.000012
771	885	0.000004
771	900	0.000004
772	776	0.000070
772	796	0.000176
772	797	0.000233
772	802	0.005719
772	850	0.000004
772	856	0.002269
772	857	0.000182
772	858	0.000045
772	866	0.000031
772	867	0.000013
772	870	0.000008
772	876	0.001705
772	880	0.004216
772	882	0.000054
772	883	0.000026
772	884	0.000027
773	784	0.000001
773	787	0.000022
773	798	0.000410
773	800	0.000242
773	851	0.000003
773	853	0.000188
773	854	0.376197
773	855	0.004150
773	860	0.000001
773	861	0.000080
773	862	0.000005
773	863	0.000014
773	865	0.000023
773	869	0.000007
773	874	0.000004
773	875	0.001935
773	878	0.000005
773	879	0.004716
773	881	0.000045
774	783	0.000001
774	786	0.000025
774	798	0.001062
774	800	0.128582
774	851	0.000003
774	853	0.499559
774	854	0.002348
774	855	0.000084
774	860	0.000104
774	861	0.000005
774	862	0.000018
774	863	0.000005
774	865	0.000404
774	869	0.000043
774	874	0.001933
774	875	0.000010
774	878	0.004753
774	879	0.000012
774	881	0.000005
775	782	0.000001
775	785	0.000025
775	788	0.000003
775	793	0.000005
775	795	0.149694
775	798	0.000273
775	799	0.144264
775	800	0.000010
775	801	0.008877
775	848	0.000031
775	849	0.000063
775	851	0.000001
775	852	0.518784
775	853	0.000068
775	854	0.000050
775	855	0.000006
775	859	0.000105
775	860	0.000003
775	861	0.000018
775	862	0.000006
775	863	0.000002
775	864	0.000440
775	868	0.000044
775	872	0.000005
775	873	0.001830
775	874	0.000006
775	875	0.000012
775	877	0.004617
775	878	0.000008
775	879	0.000018
775	891	0.000002
776	784	0.000024
776	787	0.000003
776	792	0.000003
776	798	0.141877
776	800	0.008828
776	851	0.517935
776	853	0.000042
776	854	0.000006
776	855	0.000002
776	860	0.000015
776	861	0.000005
776	862	0.000003
776	863	0.000375
776	871	0.000059
776	872	0.001450
776	874	0.000015
776	875	0.000098
776	878	0.000016
776	879	0.000002
776	881	0.000002
776	890	0.000003
776	891	0.000001
777	789	0.000003
777	794	0.477451
777	850	0.513669
777	870	0.000106
777	882	0.000001
778	782	0.000005
778	785	0.000006
778	786	0.000002
778	788	0.000005
778	792	0.000001
778	793	0.540539
778	795	0.000055
778	799	0.000005
778	801	0.000002
778	848	0.000062
778	849	0.457718
778	869	0.000046
778	889	0.000479
779	784	0.000006
779	785	0.000014
779	787	0.000005
779	788	0.000042
779	792	0.569483
779	793	0.002287
779	795	0.000199
779	798	0.000004
779	799	0.000004
779	801	0.000005
779	848	0.423050
779	849	0.000003
779	868	0.000045
779	888	0.000520
780	789	0.000010
780	790	0.000102
780	791	0.853926
780	794	0.000145
780	796	0.000080
780	797	0.000009
780	802	0.000002
780	847	0.037368
780	867	0.000033
780	887	0.000520
781	789	0.000285
781	790	0.917126
781	794	0.000840
781	846	0.024296
781	847	0.000448
781	886	0.000520
782	789	0.916002
782	790	0.000777
782	794	0.000212
782	845	0.023034
782	846	0.000250
782	847	0.000004
782	885	0.000520
783	789	0.000745
783	790	0.000022
783	791	0.000512
783	794	0.000008
783	796	0.000011
783	797	0.000032
783	802	0.000005
783	828	0.000004
783	841	0.000006
783	844	0.019266
783	845	0.000043
783	884	0.000520
784	789	0.000032
784	790	0.000586
784	791	0.004838
784	794	0.000001
784	796	0.000039
784	797	0.000003
784	802	0.000012
784	826	0.000002
784	827	0.000017
784	840	0.000015
784	841	0.011487
784	844	0.000041
784	883	0.000519
785	789	0.000641
785	790	0.005386
785	794	0.000083
785	824	0.000001
785	825	0.000002
785	826	0.000019
785	839	0.000015
785	840	0.012267
785	845	0.000001
785	882	0.000516
786	790	0.000003
786	791	0.000005
786	794	0.000002
786	796	0.000055
786	797	0.000171
786	802	0.000120
786	824	0.000002
786	825	0.000018
786	839	0.011785
786	840	0.000003
786	841	0.002090
786	844	0.000003
786	858	0.000004
786	880	0.000006
787	791	0.000002
787	794	0.000005
787	796	0.000220
787	797	0.000019
787	802	0.002106
787	824	0.000016
787	839	0.000007
787	840	0.002139
787	841	0.000051
787	844	0.000013
787	857	0.000005
787	880	0.000027
788	794	0.000592
788	807	0.000003
788	813	0.000011
788	824	0.000001
788	837	0.012184
788	839	0.002134
788	840	0.000052
788	850	0.000037
788	856	0.000005
789	793	0.000553
789	795	0.000780
789	798	0.000015
789	799	0.000188
789	800	0.039332
789	801	0.005633
789	803	0.000134
789	804	0.000293
789	805	0.000520
789	806	0.000010
789	812	0.000016
789	817	0.000001
789	819	0.000008
789	820	0.000188
789	835	0.000023
789	836	0.012164
789	838	0.001865
789	842	0.000006
789	843	0.003034
789	849	0.000040
789	853	0.000012
789	855	0.000004
789	860	0.000004
789	864	0.000001
789	865	0.000001
789	877	0.000006
789	878	0.000034
790	795	0.000213
790	798	0.000103
790	799	0.051344
790	800	0.000223
790	801	0.002567
790	803	0.000294
790	804	0.000520
790	805	0.000013
790	811	0.000016
790	812	0.000002
790	816	0.000002
790	818	0.000011
790	819	0.000197
790	834	0.000039
790	835	0.011757
790	836	0.000204
790	838	0.000013
790	842	0.003030
790	843	0.000002
790	848	0.000040
790	852	0.000014
790	854	0.000004
790	859	0.000004
790	863	0.000001
790	864	0.000001
790	877	0.000035
790	879	0.000001
791	798	0.050473
791	800	0.002591
791	809	0.000044
791	817	0.000014
791	818	0.000193
791	851	0.000014
791	853	0.000004
791	862	0.000001
791	863	0.000001
791	875	0.000001
791	878	0.000001
792	796	0.000217
792	797	0.042426
792	802	0.000153
792	808	0.000045
792	813	0.000002
792	833	0.000839
792	840	0.002305
792	841	0.000083
792	850	0.000008
792	857	0.000007
793	807	0.000051
793	808	0.000009
793	810	0.000066
793	813	0.000023
793	815	0.000239
793	831	0.000002
793	837	0.000126
793	839	0.002980
793	840	0.000047
793	850	0.000009
793	856	0.000007
794	798	0.000158
794	799	0.004685
794	800	0.000313
794	801	0.007764
794	803	0.000281
794	804	0.000005
794	805	0.000006
794	806	0.000031
794	809	0.000071
794	811	0.009205
794	812	0.000104
794	814	0.000272
794	816	0.000012
794	830	0.000001
794	832	0.001891
794	834	0.000002
794	836	0.000126
794	838	0.003020
794	848	0.000104
794	849	0.000026
794	851	0.000007
794	852	0.000004
794	855	0.000008
794	859	0.000007
794	871	0.000005
794	877	0.000001
794	888	0.000002
795	807	0.000033
795	808	0.000070
795	810	0.009273
795	813	0.000271
795	815	0.000012
795	831	0.001895
795	837	0.002990
795	847	0.000058
795	850	0.000023
795	856	0.013634
795	870	0.000024
795	882	0.000221
795	887	0.000002
795	934	0.000001
796	800	0.000416
796	806	0.000035
796	809	0.005150
796	830	0.001763
796	851	0.000054
796	853	0.000163
796	854	0.001081
796	855	0.015560
796	860	0.000002
796	861	0.000076
796	862	0.000010
796	863	0.000005
796	869	0.000021
796	874	0.000002
796	875	0.000011
796	878	0.000002
796	879	0.000013
796	881	0.000180
796	933	0.000001
797	806	0.000034
797	809	0.004296
797	830	0.000009
797	851	0.000816
797	853	0.001195
797	854	0.015047
797	855	0.000235
797	860	0.000092
797	861	0.000012
797	862	0.000006
797	871	0.000001
797	874	0.000010
797	875	0.000003
797	878	0.000012
797	879	0.000005
797	881	0.000017
798	802	0.000259
798	807	0.000060
798	808	0.008271
798	810	0.000003
798	813	0.000001
798	826	0.000011
798	827	0.001029
798	828	0.000122
798	841	0.000004
798	850	0.000784
798	857	0.000083
798	858	0.000009
798	870	0.000001
798	880	0.000017
798	883	0.000491
798	884	0.000032
798	886	0.000004
799	807	0.008422
799	808	0.000394
799	810	0.000010
799	813	0.000002
799	825	0.000012
799	826	0.001105
799	840	0.000004
799	847	0.000004
799	850	0.001807
799	856	0.000095
799	870	0.000002
799	882	0.000559
799	885	0.000017
799	886	0.000002
799	887	0.000005
800	807	0.000278
800	808	0.000436
800	824	0.000011
800	825	0.001089
800	826	0.000009
800	827	0.000238
800	828	0.000038
800	839	0.000002
800	841	0.000016
800	847	0.000002
800	850	0.002673
800	857	0.001963
800	858	0.000003
800	876	0.000001
800	880	0.000007
800	882	0.000002
800	883	0.004446
800	884	0.000023
800	885	0.000001
800	886	0.000005
801	807	0.000605
801	808	0.000028
801	810	0.000506
801	824	0.001068
801	825	0.000017
801	826	0.000239
801	831	0.000002
801	839	0.000006
801	840	0.000020
801	847	0.000022
801	850	0.017403
801	856	0.002248
801	870	0.000022
801	882	0.005097
801	885	0.000006
802	806	0.000406
802	809	0.000519
802	821	0.000003
802	822	0.000058
802	830	0.000002
802	851	0.000190
802	853	0.000051
802	854	0.000025
802	855	0.002210
802	869	0.000019
802	874	0.000002
802	875	0.000003
802	878	0.000004
802	879	0.000018
802	881	0.003852
803	807	0.000005
803	808	0.000517
803	810	0.000001
803	824	0.000012
803	825	0.000258
803	826	0.000397
803	837	0.000043
803	839	0.000030
803	840	0.000684
803	846	0.000112
803	847	0.953157
803	850	0.000060
804	808	0.000001
804	824	0.000257
804	825	0.000405
804	826	0.000020
804	837	0.000031
804	839	0.000699
804	840	0.000174
804	845	0.000059
804	846	0.975188
804	847	0.000013
805	810	0.000003
805	824	0.000405
805	825	0.000021
805	837	0.001050
805	839	0.000176
805	840	0.000003
805	845	0.976805
805	846	0.000008
806	815	0.000001
806	824	0.000021
806	837	0.000118
806	839	0.000003
806	844	0.978363
806	845	0.000002
807	812	0.000005
807	814	0.000003
807	816	0.000002
807	817	0.000714
807	818	0.000004
807	819	0.000050
807	820	0.000962
807	821	0.000034
807	822	0.000001
807	823	0.000022
807	830	0.000001
807	835	0.005902
807	836	0.000185
807	838	0.000001
807	843	0.981378
808	814	0.000003
808	816	0.000746
808	817	0.000002
808	818	0.000037
808	819	0.000962
808	820	0.000035
808	822	0.000017
808	829	0.000002
808	834	0.006158
808	835	0.000135
808	836	0.000001
808	838	0.000004
808	842	0.981363
808	843	0.000005
809	813	0.000003
809	815	0.000744
809	827	0.000001
809	828	0.000002
809	833	0.006206
809	837	0.000005
809	839	0.000046
809	840	0.000005
809	841	0.974922
810	814	0.000676
810	816	0.001016
810	817	0.000019
810	819	0.000006
810	820	0.000003
810	832	0.006154
810	834	0.000077
810	835	0.000005
810	836	0.000006
810	838	0.000240
810	842	0.000010
811	815	0.001004
811	825	0.000005
811	826	0.000004
811	831	0.005898
811	837	0.000238
811	839	0.004944
811	840	0.974048
812	824	0.000005
812	825	0.000004
812	826	0.000010
812	831	0.000235
812	837	0.003895
812	839	0.976056
812	840	0.000004
813	823	0.000005
813	829	0.001849
813	830	0.000441
813	832	0.011536
813	834	0.000329
813	835	0.000025
813	836	0.003252
813	838	0.976065
814	824	0.000013
814	826	0.000008
814	831	0.011850
814	837	0.974220
814	839	0.000007
815	819	0.000042
815	820	0.000154
815	821	0.000008
815	822	0.000012
815	823	0.000079
815	829	0.007803
815	830	0.012750
815	832	0.476875
815	834	0.000406
815	835	0.001477
815	836	0.481101
815	838	0.000016
816	824	0.000029
816	825	0.000105
816	826	0.000303
816	831	0.568366
816	837	0.000017
817	824	0.000095
817	825	0.000276
817	826	0.000056
817	827	0.013871
817	828	0.716237
817	831	0.000892
817	833	0.002773
818	824	0.000200
818	825	0.000080
818	826	0.014522
818	827	0.920911
818	828	0.001319
818	831	0.000063
818	833	0.001134
818	841	0.000013
819	824	0.000115
819	825	0.014974
819	826	0.931567
819	831	0.000118
819	840	0.000020
820	824	0.014888
820	825	0.930071
820	826	0.000102
820	831	0.001409
820	839	0.000020
820	840	0.000010
821	825	0.000091
821	826	0.000003
821	827	0.000020
821	828	0.000041
821	831	0.000038
821	833	0.000181
821	839	0.000012
821	841	0.000004
822	826	0.000017
822	827	0.000037
822	828	0.000019
822	831	0.000045
822	833	0.000037
822	840	0.000004
823	831	0.002026
823	837	0.001313
823	839	0.000005
824	829	0.000722
824	830	0.002038
824	832	0.000021
824	834	0.000032
824	835	0.036073
824	836	0.007378
824	838	0.000005
824	843	0.000019
825	829	0.001956
825	830	0.000005
825	832	0.000114
825	834	0.036110
825	835	0.008745
825	836	0.000126
825	842	0.000019
825	843	0.000018
826	830	0.000007
826	832	0.001613
826	834	0.008711
826	835	0.000162
826	836	0.000001
826	842	0.000018
829	840	0.000147
830	839	0.000149
831	835	0.000432
831	836	0.000291
831	838	0.000180
832	837	0.000182
834	840	0.000009
835	839	0.000009
835	840	0.000001
846	889	0.000007
847	851	0.000001
847	852	0.000014
847	853	0.000002
847	854	0.000003
847	855	0.000001
847	859	0.000001
847	871	0.000032
847	879	0.000001
847	881	0.000002
847	888	0.000232
848	856	0.000164
848	870	0.000720
848	882	0.002406
848	885	0.000004
848	886	0.000612
848	887	0.000348
849	856	0.007016
849	870	0.000807
849	882	0.100108
849	885	0.000622
849	886	0.000347
849	887	0.000006
850	854	0.000094
850	855	0.006288
850	859	0.006712
850	860	0.000006
850	861	0.000012
850	862	0.000007
850	863	0.000006
850	864	0.000099
850	865	0.000003
850	868	0.003443
850	869	0.000579
850	871	0.000008
850	872	0.000003
850	873	0.000024
850	874	0.000022
850	875	0.000012
850	877	0.043310
850	878	0.000255
850	879	0.001901
850	881	0.100245
850	888	0.002996
851	856	0.000017
851	857	0.001463
851	858	0.005775
851	866	0.000005
851	867	0.003193
851	870	0.000023
851	876	0.040584
851	880	0.095367
851	882	0.000014
851	883	0.003358
851	884	0.000099
851	886	0.000143
851	887	0.002984
852	856	0.001999
852	870	0.000206
852	882	0.003861
852	885	0.000505
852	886	0.002991
852	887	0.000002
853	857	0.000030
853	858	0.000019
853	866	0.000285
853	867	0.001955
853	870	0.000015
853	876	0.068601
853	880	0.000274
853	882	0.000029
853	883	0.000041
853	884	0.001014
853	885	0.002944
853	886	0.000002
854	858	0.000012
854	866	0.002116
854	867	0.001661
854	870	0.000007
854	876	0.003028
854	880	0.000087
854	882	0.000039
854	883	0.001178
854	884	0.002906
854	885	0.000004
855	866	0.002710
855	867	0.000089
855	870	0.000011
855	876	0.001382
855	880	0.000146
855	882	0.001197
855	883	0.002789
855	884	0.000038
856	860	0.000017
856	861	0.000068
856	862	0.000240
856	863	0.000496
856	864	0.033905
856	865	0.001392
856	868	0.000139
856	869	0.000015
856	871	0.000004
856	872	0.000030
856	873	0.864567
856	874	0.000061
856	875	0.000283
856	877	0.000051
856	878	0.000005
856	879	0.000076
856	881	0.000014
856	888	0.000101
856	889	0.000010
856	905	0.000003
857	861	0.000207
857	862	0.000549
857	863	0.033181
857	865	0.000077
857	869	0.000037
857	871	0.000029
857	872	0.868848
857	874	0.000202
857	875	0.000019
857	878	0.000067
857	879	0.000011
857	881	0.000117
857	904	0.000003
858	862	0.019297
858	863	0.000105
858	865	0.000105
858	869	0.000083
858	871	0.871250
858	872	0.000007
858	874	0.000014
858	875	0.000003
858	878	0.000010
858	879	0.000002
858	881	0.000002
858	903	0.000003
859	870	0.871939
859	882	0.000049
859	885	0.000262
859	886	0.000552
859	887	0.003300
860	866	0.001269
860	867	0.012162
860	870	0.000125
860	876	0.000006
860	880	0.000005
860	882	0.000003
860	883	0.000037
860	884	0.000559
860	885	0.000543
860	886	0.003413
861	866	0.015120
861	867	0.012621
861	870	0.000187
861	876	0.000004
861	880	0.000013
861	882	0.000039
861	883	0.000598
861	884	0.001637
861	885	0.003599
862	866	0.009328
862	867	0.031662
862	870	0.000068
862	876	0.000005
862	880	0.000004
862	882	0.000580
862	883	0.001822
862	884	0.023422
862	887	0.000001
863	867	0.000573
863	870	0.000038
863	876	0.000001
863	880	0.000005
863	882	0.001641
863	883	0.028113
863	884	0.000030
863	886	0.000003
863	887	0.000001
863	902	0.000017
864	870	0.001843
864	882	0.028643
864	885	0.000007
864	886	0.000004
864	901	0.000019
865	870	0.000085
865	876	0.000618
865	880	0.012411
865	882	0.000267
865	883	0.000034
865	884	0.000015
865	885	0.000004
865	900	0.000019
866	871	0.000023
866	872	0.000029
866	874	0.000006
866	875	0.000688
866	878	0.000027
866	879	0.012914
866	881	0.000808
866	899	0.000019
867	871	0.000028
867	872	0.000011
867	874	0.000534
867	875	0.000008
867	878	0.010734
867	879	0.000449
867	881	0.000032
868	882	0.000171
868	885	0.000038
868	886	0.000120
868	887	0.005778
869	876	0.006670
869	880	0.000287
869	882	0.000259
869	883	0.000021
869	884	0.000077
869	885	0.000105
869	886	0.005935
869	896	0.000020
870	874	0.000019
870	875	0.006555
870	877	0.023313
870	878	0.000017
870	879	0.000334
870	881	0.000632
870	888	0.004424
870	895	0.000020
871	876	0.022221
871	880	0.000659
871	882	0.000007
871	883	0.000052
871	884	0.054619
871	887	0.004441
871	894	0.000020
872	876	0.000014
872	880	0.000005
872	882	0.000029
872	883	0.071791
872	884	0.000047
872	886	0.004482
872	887	0.000020
872	893	0.000020
873	882	0.074242
873	885	0.004645
873	886	0.000064
873	892	0.000020
874	880	0.002134
874	882	0.001393
874	883	0.042441
874	884	0.016379
874	885	0.000107
874	886	0.000002
874	887	0.000002
875	880	0.001662
875	882	0.046471
875	883	0.018372
875	884	0.004350
875	885	0.000003
875	886	0.000004
875	887	0.000003
876	881	0.034396
877	882	0.067529
877	885	0.001620
877	886	0.000950
877	887	0.000102
878	882	0.000433
878	883	0.000959
878	884	0.004217
878	885	0.000943
878	886	0.000104
878	887	0.000002
879	883	0.003347
879	884	0.002271
879	885	0.000094
879	886	0.000004
880	932	0.000004
881	886	0.000002
881	931	0.000004
882	888	0.000003
882	930	0.000004
883	929	0.000004
884	928	0.000004
885	910	0.000008
886	909	0.000009
887	908	0.000009
888	901	0.000001
888	907	0.000009
889	900	0.000001
892	898	0.000001
892	905	0.000007
893	899	0.000001
893	904	0.000007
894	898	0.000001
894	903	0.000007
894	935	0.000006
895	900	0.000001
895	901	0.000003
895	934	0.000006
896	933	0.000006
899	931	0.000005
900	909	0.000003
900	930	0.000005
901	905	0.000004
901	908	0.000004
901	929	0.000005
902	906	0.000049
902	910	0.000002
902	913	0.000031
902	928	0.000005
902	932	0.000001
902	933	0.000002
903	907	0.000003
903	911	0.000002
903	912	0.000033
903	915	0.000001
903	917	0.000001
903	918	0.000001
903	934	0.000004
903	936	0.000003
903	937	0.000008
904	911	0.000027
904	914	0.000002
904	916	0.000001
904	917	0.000002
904	934	0.000003
904	936	0.000007
904	937	0.000015
905	934	0.000022
906	911	0.000012
906	912	0.000035
906	914	0.000026
906	915	0.000055
906	916	0.000012
906	917	0.000010
906	918	0.000008
906	919	0.000004
906	921	0.000091
906	925	0.000003
906	931	0.002551
906	934	0.000007
906	936	0.051599
906	937	0.000030
907	913	0.000026
907	920	0.000117
907	924	0.000003
907	927	0.000002
907	928	0.000012
907	929	0.000021
907	930	0.003262
907	932	0.000025
907	933	0.000012
907	935	0.062906
908	934	0.061949
909	934	0.000629
910	914	0.000008
910	915	0.000028
910	916	0.000023
910	917	0.000053
910	918	0.000014
910	919	0.000019
910	921	0.000003
910	925	0.000490
910	931	0.000769
910	934	0.004945
910	936	0.000011
910	937	0.000002
911	922	0.000008
911	923	0.000509
911	924	0.000738
911	926	0.000092
911	927	0.166830
911	928	0.001432
911	929	0.000551
911	932	0.001346
911	933	0.023553
912	922	0.000684
912	923	0.000748
912	924	0.000089
912	926	0.220145
912	927	0.001096
912	928	0.000465
912	929	0.000180
912	932	0.029171
912	933	0.000299
913	917	0.000026
913	918	0.000095
913	919	0.000059
913	921	0.000674
913	925	0.228602
913	931	0.027461
913	934	0.000596
913	936	0.000011
913	937	0.000003
914	922	0.000032
914	923	0.000542
914	924	0.228593
914	926	0.000124
914	927	0.000537
914	928	0.003378
914	929	0.019698
914	932	0.000034
914	933	0.000781
915	922	0.000665
915	923	0.223340
915	924	0.003786
915	926	0.000550
915	927	0.003618
915	928	0.022080
915	929	0.017725
915	932	0.000673
915	933	0.000123
916	922	0.186661
916	923	0.004772
916	924	0.001921
916	926	0.003128
916	927	0.022416
916	928	0.019991
916	929	0.009167
916	932	0.000106
916	933	0.000104
917	922	0.003949
917	923	0.002355
917	924	0.002654
917	926	0.021242
917	927	0.019822
917	928	0.012281
917	929	0.001147
917	932	0.000096
917	933	0.000145
918	922	0.001543
918	923	0.002532
918	924	0.002689
918	926	0.017093
918	927	0.013718
918	928	0.001576
918	929	0.000955
918	932	0.000143
918	933	0.000199
919	923	0.001788
919	924	0.001382
919	926	0.010319
919	927	0.001427
919	928	0.001104
919	929	0.000082
919	932	0.000175
919	933	0.000044
920	934	0.015690
921	926	0.000239
921	927	0.000913
921	928	0.001142
921	929	0.000376
921	932	0.000930
921	933	0.015099
922	931	0.001200
922	934	0.000067
922	936	0.000109
922	937	0.000116
923	931	0.001014
923	934	0.000125
923	936	0.000182
923	937	0.000081
924	931	0.000461
924	934	0.001841
924	936	0.000132
924	937	0.000016
925	929	0.000165
925	932	0.000812
925	933	0.002199
926	931	0.000782
926	934	0.000200
926	936	0.000059
926	937	0.000297
927	931	0.000144
927	934	0.000582
927	936	0.000500
927	937	0.000163
928	934	0.000459
928	936	0.000290
928	937	0.000449
929	934	0.000138
929	936	0.000688
929	937	0.000036
930	934	0.000402
932	936	0.000095
932	937	0.000095
933	937	0.000036
