1	7	0.000219
1	8	0.000188
1	9	0.000048
1	12	0.000331
1	13	0.000165
1	15	0.001455
1	29	0.000025
1	33	0.000060
1	41	0.161168
1	55	0.000028
1	67	0.002417
1	112	0.000002
1	733	0.000003
1	734	0.000022
1	736	0.000095
1	740	0.000003
1	742	0.000006
1	743	0.000027
1	745	0.000060
1	748	0.000003
1	755	0.000005
1	764	0.000008
1	775	0.000006
1	826	0.000848
1	839	0.000004
1	842	0.000098
1	847	0.003837
1	848	0.000057
1	851	0.063466
1	859	0.000146
1	873	0.000012
1	885	0.000011
1	889	0.000001
2	7	0.000646
2	8	0.000142
2	9	0.000029
2	11	0.000443
2	12	0.000329
2	13	0.000006
2	14	0.001756
2	15	0.000570
2	28	0.000048
2	30	0.005426
2	32	0.000063
2	33	0.000015
2	39	0.000405
2	40	0.219266
2	41	0.001269
2	42	0.003708
2	46	0.001506
2	50	0.000107
2	52	0.000038
2	53	0.003869
2	55	0.000001
2	62	0.001564
2	64	0.000005
2	65	0.000170
2	66	0.002725
2	67	0.000008
2	111	0.000002
2	707	0.000001
2	724	0.000004
2	732	0.000004
2	733	0.000044
2	735	0.000106
2	736	0.000042
2	739	0.000003
2	740	0.000002
2	741	0.000007
2	742	0.000053
2	744	0.000067
2	745	0.000043
2	747	0.000004
2	751	0.000018
2	754	0.000007
2	761	0.000002
2	763	0.000011
2	764	0.000009
2	765	0.000004
2	770	0.000002
2	774	0.000006
2	775	0.000003
2	780	0.000015
2	821	0.000007
2	824	0.000002
2	825	0.001121
2	826	0.000015
2	827	0.000007
2	828	0.002457
2	829	0.000356
2	830	0.000352
2	831	0.000111
2	832	0.000292
2	837	0.000001
2	838	0.000005
2	841	0.000130
2	844	0.000142
2	845	0.000050
2	846	0.005078
2	847	0.000097
2	848	0.000001
2	849	0.000090
2	850	0.072110
2	851	0.000032
2	853	0.000030
2	855	0.000112
2	856	0.000138
2	857	0.001023
2	859	0.000006
2	861	0.000041
2	862	0.001010
2	863	0.000330
2	864	0.000031
2	865	0.000049
2	872	0.000024
2	884	0.000009
2	885	0.001175
2	893	0.000955
2	896	0.002761
3	7	0.000121
3	8	0.000087
3	9	0.000042
3	11	0.000352
3	12	0.000008
3	13	0.001729
3	14	0.000739
3	29	0.005482
3	30	0.000051
3	32	0.000016
3	39	0.219844
3	40	0.001577
3	41	0.002997
3	42	0.033757
3	46	0.000102
3	50	0.000032
3	52	0.003840
3	53	0.000024
3	61	0.001576
3	62	0.000010
3	64	0.000171
3	65	0.002703
3	66	0.000010
3	110	0.000002
3	706	0.000001
3	723	0.000004
3	731	0.000001
3	732	0.000047
3	734	0.000100
3	735	0.000046
3	739	0.000003
3	740	0.000004
3	741	0.000057
3	743	0.000060
3	744	0.000047
3	750	0.000018
3	753	0.000006
3	763	0.000011
3	764	0.000002
3	765	0.000004
3	770	0.000005
3	774	0.000003
3	779	0.000013
3	780	0.000007
3	820	0.000009
3	824	0.001112
3	825	0.000017
3	826	0.000004
3	827	0.002471
3	828	0.000351
3	829	0.000350
3	830	0.000112
3	831	0.000290
3	832	0.000001
3	836	0.000001
3	837	0.000005
3	840	0.000130
3	843	0.000143
3	844	0.000041
3	845	0.005049
3	846	0.000102
3	847	0.000001
3	848	0.000084
3	849	0.072079
3	850	0.000038
3	853	0.000042
3	855	0.000139
3	856	0.000813
3	857	0.000356
3	859	0.000008
3	861	0.001024
3	862	0.000329
3	863	0.000032
3	864	0.000049
3	871	0.000026
3	883	0.000003
3	884	0.001380
3	893	0.000739
3	896	0.002644
4	8	0.000055
4	9	0.000132
4	12	0.001644
4	13	0.000715
4	26	0.000076
4	28	0.005510
4	29	0.000030
4	41	0.032392
4	60	0.001608
4	61	0.000005
4	79	0.000002
4	690	0.000016
4	705	0.000001
4	722	0.000003
4	731	0.000039
4	733	0.000090
4	734	0.000039
4	740	0.000049
4	742	0.000051
4	743	0.000040
4	759	0.000004
4	761	0.000029
4	764	0.000003
4	769	0.000004
4	778	0.000011
4	779	0.000006
4	819	0.000009
4	826	0.002117
4	839	0.000111
4	842	0.000121
4	847	0.000198
4	848	0.061658
4	851	0.000014
4	859	0.001831
4	870	0.000025
4	883	0.001384
4	889	0.000013
5	10	0.001162
5	16	0.000013
5	25	0.000080
5	27	0.005529
5	48	0.000114
5	56	0.000091
5	59	0.001615
5	68	0.000002
5	78	0.000003
5	689	0.000017
5	704	0.000001
5	749	0.000016
5	758	0.000004
5	760	0.000035
5	818	0.000009
5	823	0.000034
5	852	0.000224
5	858	0.001913
5	869	0.000024
5	882	0.001382
5	888	0.000014
5	890	0.000475
5	891	0.000012
5	892	0.000040
5	894	0.001455
5	895	0.001494
6	12	0.000007
6	13	0.000006
6	15	0.000013
6	24	0.000079
6	26	0.005493
6	41	0.000303
6	55	0.000099
6	58	0.001483
6	67	0.000003
6	77	0.000002
6	688	0.000016
6	703	0.000001
6	727	0.000001
6	731	0.000045
6	740	0.000003
6	748	0.000013
6	757	0.000003
6	759	0.000029
6	769	0.000001
6	777	0.000002
6	817	0.000008
6	826	0.000003
6	847	0.000659
6	848	0.000007
6	851	0.000182
6	859	0.000030
6	867	0.000002
6	878	0.000007
6	889	0.000466
7	17	0.000001
7	21	0.000007
7	22	0.000015
7	25	0.005108
7	37	0.000069
7	38	0.005324
7	43	0.000080
7	44	0.000094
7	45	0.000055
7	47	0.000154
7	48	0.000109
7	49	0.000083
7	51	0.000011
7	54	0.000095
7	56	0.000001
7	57	0.001366
7	63	0.000003
7	687	0.000015
7	726	0.000001
7	730	0.000047
7	758	0.000024
7	768	0.000001
7	776	0.000002
7	816	0.000007
7	858	0.000029
7	860	0.000002
7	866	0.000001
7	877	0.000007
7	880	0.000044
7	881	0.000033
7	888	0.000437
7	892	0.000005
7	894	0.000015
7	895	0.000029
7	897	0.000020
8	16	0.000002
8	17	0.000013
8	19	0.000007
8	21	0.000041
8	22	0.002587
8	25	0.000009
8	34	0.000002
8	37	0.003116
8	38	0.741802
8	43	0.000060
8	44	0.000043
8	45	0.000010
8	47	0.000053
8	48	0.000064
8	49	0.000004
8	51	0.000002
8	56	0.000347
8	729	0.000033
8	767	0.000001
8	815	0.000002
8	876	0.000004
8	879	0.000023
8	880	0.000024
8	887	0.000219
8	894	0.000012
8	895	0.000015
8	897	0.000005
9	16	0.000013
9	17	0.000001
9	19	0.000267
9	21	0.003199
9	22	0.000070
9	31	0.000040
9	34	0.000012
9	37	0.949526
9	38	0.000307
9	43	0.000014
9	44	0.000003
9	47	0.000014
9	48	0.000002
9	54	0.000002
9	728	0.000014
9	879	0.000010
9	886	0.000042
9	894	0.000011
9	895	0.000001
9	897	0.000153
10	14	0.000006
10	15	0.000004
10	18	0.000312
10	20	0.003222
10	23	0.000188
10	24	0.000004
10	26	0.000007
10	30	0.000050
10	32	0.000018
10	33	0.000012
10	36	0.986961
10	42	0.000003
10	46	0.000003
10	53	0.000002
10	893	0.000011
10	896	0.000246
11	16	0.000597
11	25	0.000010
11	35	0.987049
11	892	0.000011
11	895	0.000246
12	16	0.000009
12	17	0.000021
12	19	0.000216
12	21	0.000044
12	22	0.000052
12	31	0.000013
12	34	0.979252
12	35	0.000003
12	891	0.000009
12	894	0.000221
13	17	0.000066
13	19	0.000029
13	21	0.000048
13	22	0.000006
13	31	0.000126
13	34	0.000114
13	49	0.000006
13	890	0.000001
13	892	0.000001
14	25	0.000001
14	35	0.000004
14	48	0.000007
14	891	0.000001
14	892	0.000160
15	19	0.000005
15	21	0.000027
15	22	0.000006
15	31	0.904646
15	34	0.000010
15	47	0.000007
15	891	0.000156
16	20	0.000029
16	23	0.000003
16	28	0.000022
16	29	0.079419
16	30	0.908503
16	32	0.000054
16	33	0.000005
16	46	0.000006
17	26	0.000082
17	28	0.532214
17	29	0.458269
17	889	0.000140
18	25	0.000158
18	27	0.982671
18	59	0.000001
18	888	0.000140
19	24	0.000116
19	26	0.981729
19	28	0.010382
19	58	0.000001
20	25	0.978234
20	27	0.010631
20	57	0.000001
20	886	0.000129
21	26	0.008044
21	28	0.000001
21	29	0.000003
21	885	0.000126
22	26	0.000007
22	28	0.000017
22	883	0.000134
23	27	0.000017
23	882	0.000137
23	895	0.000001
24	37	0.000002
24	881	0.000129
24	894	0.000001
24	897	0.000012
25	36	0.000003
25	52	0.000001
25	64	0.000002
25	896	0.000020
26	35	0.000003
26	37	0.000005
26	51	0.000001
26	63	0.000002
26	879	0.000107
26	894	0.000017
26	895	0.000010
27	36	0.000006
27	50	0.000001
27	62	0.000002
27	878	0.000134
27	893	0.000050
28	35	0.000006
28	49	0.000001
28	877	0.000135
28	892	0.000050
29	34	0.000003
29	48	0.000001
29	876	0.000135
29	891	0.000053
30	59	0.000003
30	875	0.000134
30	890	0.000081
31	58	0.000003
31	874	0.000123
31	889	0.000082
32	57	0.000003
32	888	0.000082
32	895	0.000002
33	56	0.000003
33	886	0.000012
33	887	0.000067
33	894	0.000002
33	897	0.000036
34	41	0.000003
34	55	0.000003
34	872	0.000085
34	873	0.000001
34	885	0.000031
35	40	0.000003
35	42	0.000001
35	60	0.000001
35	853	0.000001
35	870	0.000001
35	871	0.000085
35	872	0.000001
35	873	0.000001
35	883	0.000002
35	884	0.000032
35	893	0.000012
35	896	0.012499
36	59	0.000001
36	852	0.000001
36	869	0.000002
36	882	0.000008
36	886	0.000012
36	892	0.000012
36	894	0.000005
36	895	0.012550
37	41	0.000002
37	61	0.000006
37	851	0.000001
37	870	0.000003
37	883	0.000004
37	885	0.000012
38	55	0.000001
38	58	0.000731
38	60	0.000016
38	67	0.000001
38	761	0.000002
38	859	0.000021
38	870	0.000065
38	883	0.000044
38	889	0.000006
39	48	0.000574
39	56	0.000003
39	57	0.000948
39	59	0.000020
39	68	0.000002
39	69	0.000020
39	72	0.000581
39	81	0.000063
39	82	0.000030
39	84	0.000004
39	697	0.000001
39	698	0.000001
39	760	0.000003
39	858	0.000026
39	866	0.000001
39	869	0.000077
39	882	0.000049
39	888	0.000004
39	890	0.000235
39	891	0.006436
39	892	0.101611
39	894	0.276298
39	895	0.023996
40	48	0.006008
40	56	0.000966
40	57	0.000006
40	59	0.000002
40	68	0.000032
40	69	0.000003
40	71	0.000587
40	80	0.000064
40	81	0.000030
40	82	0.000012
40	84	0.000001
40	696	0.000001
40	697	0.000001
40	760	0.000001
40	858	0.000005
40	868	0.000077
40	882	0.000024
40	888	0.000472
40	890	0.006430
40	891	0.101743
40	892	0.425691
40	894	0.021162
40	895	0.000081
41	45	0.000051
41	47	0.005654
41	48	0.000095
41	49	0.011955
41	51	0.000008
41	54	0.000007
41	56	0.000002
41	57	0.000025
41	63	0.000004
41	68	0.000003
41	69	0.000006
41	70	0.000584
41	80	0.000024
41	81	0.000012
41	695	0.000001
41	696	0.000001
41	762	0.000002
41	767	0.000001
41	768	0.000001
41	771	0.000002
41	860	0.000002
41	876	0.001144
41	877	0.000003
41	879	0.000010
41	880	0.000023
41	881	0.000028
41	887	0.000505
41	888	0.000008
41	890	0.013964
41	891	0.441251
41	892	0.003252
41	894	0.000060
41	895	0.000054
41	897	0.000002
42	48	0.016173
42	56	0.000157
42	59	0.000019
42	68	0.000126
42	69	0.000567
42	78	0.000086
42	80	0.000016
42	82	0.000001
42	760	0.000005
42	852	0.000016
42	858	0.000008
42	866	0.000024
42	868	0.000003
42	875	0.001365
42	886	0.000480
42	888	0.006478
42	890	0.539380
42	891	0.003216
42	892	0.001874
42	894	0.000143
42	895	0.000031
43	55	0.000148
43	58	0.000017
43	61	0.000005
43	67	0.000198
43	77	0.000086
43	79	0.000014
43	694	0.000002
43	759	0.000002
43	761	0.000014
43	769	0.000002
43	779	0.000003
43	847	0.000001
43	848	0.000002
43	851	0.000014
43	859	0.000005
43	867	0.000003
43	874	0.001347
43	878	0.000109
43	885	0.000403
43	889	0.532651
44	55	0.000032
44	58	0.000002
44	60	0.000002
44	61	0.000529
44	67	0.000064
44	76	0.000081
44	77	0.000002
44	693	0.000002
44	759	0.000001
44	761	0.000004
44	764	0.000002
44	769	0.000001
44	778	0.000004
44	847	0.000003
44	848	0.000002
44	859	0.000009
44	873	0.001137
44	874	0.000012
44	878	0.000040
44	883	0.000003
44	885	0.000001
44	889	0.000282
45	55	0.000033
45	58	0.000012
45	60	0.000647
45	61	0.000009
45	67	0.000030
45	75	0.000060
45	76	0.000002
45	77	0.000002
45	79	0.000052
45	759	0.000537
45	761	0.000007
45	764	0.000002
45	777	0.000004
45	847	0.000002
45	859	0.000517
45	867	0.000014
45	872	0.000402
45	873	0.000018
45	874	0.000006
45	878	0.000021
45	883	0.000169
45	885	0.000003
45	889	0.000977
46	56	0.001937
46	57	0.000012
46	59	0.000662
46	68	0.000419
46	78	0.000057
46	113	0.000001
46	691	0.000005
46	749	0.000014
46	758	0.000585
46	760	0.000007
46	852	0.000708
46	858	0.000552
46	866	0.000014
46	868	0.000003
46	875	0.011653
46	882	0.000121
46	886	0.564484
46	888	0.000576
46	890	0.000001
46	894	0.000095
46	895	0.000093
47	55	0.002073
47	58	0.000605
47	60	0.000052
47	61	0.000114
47	67	0.000618
47	75	0.000030
47	77	0.000056
47	112	0.000001
47	690	0.000005
47	733	0.000002
47	736	0.000003
47	742	0.000003
47	745	0.000006
47	748	0.000014
47	757	0.000585
47	759	0.000006
47	761	0.000004
47	764	0.001577
47	775	0.000006
47	821	0.000008
47	826	0.000004
47	847	0.000025
47	851	0.000709
47	859	0.000015
47	867	0.000003
47	870	0.000005
47	872	0.000893
47	873	0.000003
47	874	0.011808
47	885	0.568425
47	889	0.000001
48	52	0.000223
48	53	0.004210
48	55	0.000027
48	58	0.000001
48	60	0.000082
48	61	0.060383
48	62	0.012499
48	64	0.000072
48	65	0.000037
48	66	0.000566
48	74	0.000037
48	76	0.000054
48	83	0.000001
48	111	0.000001
48	732	0.000002
48	735	0.000003
48	741	0.000003
48	744	0.000007
48	747	0.000013
48	756	0.000582
48	761	0.000003
48	763	0.001796
48	764	0.000001
48	765	0.000032
48	770	0.000003
48	774	0.000006
48	780	0.000002
48	820	0.000009
48	825	0.000004
48	845	0.000003
48	846	0.000027
48	849	0.000006
48	850	0.000671
48	853	0.000003
48	856	0.000004
48	857	0.000426
48	859	0.000026
48	861	0.000124
48	862	0.000162
48	863	0.000023
48	864	0.000008
48	865	0.000004
48	871	0.001177
48	872	0.000004
48	873	0.011835
48	874	0.000003
48	884	0.569047
48	893	0.000063
48	896	0.000634
49	55	0.000088
49	58	0.000140
49	60	0.076852
49	61	0.006274
49	75	0.000049
49	688	0.000006
49	690	0.000001
49	731	0.000001
49	734	0.000002
49	740	0.000002
49	743	0.000005
49	755	0.000519
49	757	0.000002
49	759	0.000008
49	761	0.003189
49	764	0.000020
49	769	0.000002
49	779	0.000001
49	819	0.000009
49	848	0.000006
49	859	0.002389
49	867	0.000001
49	870	0.000864
49	872	0.011688
49	873	0.000004
49	874	0.000002
49	883	0.568438
50	56	0.000783
50	57	0.000164
50	59	0.084698
50	68	0.000002
50	71	0.000084
50	72	0.000046
50	80	0.000017
50	82	0.000004
50	687	0.000006
50	689	0.000002
50	749	0.000002
50	758	0.000009
50	760	0.003329
50	818	0.000009
50	852	0.000004
50	858	0.002521
50	866	0.000001
50	868	0.000098
50	869	0.000417
50	875	0.000062
50	882	0.565580
50	890	0.000006
50	892	0.000008
50	894	0.000120
50	895	0.000162
51	55	0.000571
51	58	0.084496
51	60	0.000048
51	67	0.000003
51	79	0.000017
51	688	0.000001
51	748	0.000001
51	757	0.000008
51	759	0.003327
51	761	0.000006
51	817	0.000009
51	847	0.000001
51	851	0.000003
51	859	0.053221
51	867	0.000167
51	870	0.493681
51	872	0.000086
51	873	0.000052
51	874	0.000061
51	878	0.000069
51	883	0.000003
51	889	0.000006
52	56	0.000089
52	57	0.083685
52	59	0.000050
52	68	0.000002
52	69	0.000835
52	72	0.000002
52	78	0.000013
52	81	0.000025
52	687	0.000001
52	758	0.003253
52	760	0.000007
52	816	0.000009
52	858	0.058566
52	866	0.000169
52	868	0.000039
52	869	0.510227
52	875	0.000004
52	882	0.000007
52	888	0.000006
52	891	0.000031
52	892	0.000007
52	894	0.000046
52	895	0.005798
53	57	0.000056
53	59	0.000015
53	68	0.001187
53	71	0.000002
53	78	0.000011
53	80	0.000026
53	749	0.000003
53	758	0.000067
53	760	0.000002
53	852	0.000003
53	858	0.004875
53	866	0.000031
53	868	0.510474
53	875	0.000108
53	882	0.000005
53	886	0.000004
53	890	0.000031
53	891	0.000006
53	892	0.000002
53	894	0.005818
53	895	0.000033
54	58	0.000011
54	67	0.001413
54	77	0.000016
54	79	0.000026
54	748	0.000002
54	755	0.000017
54	757	0.000121
54	759	0.000002
54	777	0.000003
54	851	0.000003
54	859	0.041297
54	867	0.507308
54	874	0.000086
54	878	0.000853
54	885	0.000002
54	889	0.000029
55	63	0.000046
55	78	0.000025
55	737	0.000006
55	749	0.000025
55	752	0.000179
55	758	0.000002
55	766	0.000010
55	771	0.000003
55	776	0.000003
55	815	0.000007
55	858	0.044923
55	860	0.000184
55	866	0.495242
55	875	0.000005
55	876	0.000032
55	877	0.000872
55	879	0.000013
55	880	0.000009
55	881	0.000032
55	882	0.000003
55	888	0.000023
55	892	0.000004
55	894	0.000001
55	895	0.000002
55	897	0.000161
56	62	0.000061
56	64	0.000011
56	65	0.005299
56	66	0.000681
56	67	0.000037
56	75	0.000035
56	77	0.000012
56	736	0.000007
56	748	0.000055
56	751	0.000191
56	754	0.003510
56	764	0.000002
56	765	0.000013
56	770	0.000003
56	775	0.000004
56	814	0.000008
56	846	0.000026
56	850	0.000006
56	855	0.000018
56	856	0.694393
56	857	0.035563
56	859	0.000009
56	861	0.000017
56	862	0.000390
56	863	0.000155
56	864	0.000514
56	865	0.159096
56	896	0.000236
57	61	0.000026
57	62	0.000026
57	64	0.005376
57	65	0.000668
57	66	0.000047
57	74	0.000040
57	76	0.000010
57	735	0.000007
57	747	0.000057
57	750	0.000191
57	753	0.003514
57	763	0.000003
57	764	0.000010
57	765	0.000005
57	769	0.000003
57	774	0.000004
57	813	0.000008
57	845	0.000026
57	849	0.000006
57	853	0.000005
57	855	0.757337
57	856	0.018590
57	857	0.000016
57	859	0.000001
57	861	0.000411
57	862	0.000139
57	863	0.000831
57	864	0.123454
57	865	0.000001
57	896	0.000002
58	63	0.004733
58	73	0.000039
58	84	0.000003
58	746	0.000057
58	749	0.000179
58	752	0.003508
58	762	0.000003
58	768	0.000003
58	773	0.000003
58	812	0.000007
58	852	0.000009
58	854	0.865288
58	858	0.000128
58	860	0.000439
58	879	0.000171
58	894	0.000186
58	897	0.000002
59	64	0.000505
59	65	0.000130
59	66	0.000377
59	67	0.000010
59	74	0.000018
59	83	0.000011
59	731	0.000006
59	732	0.000003
59	739	0.000003
59	744	0.000004
59	745	0.000046
59	747	0.000131
59	748	0.000023
59	750	0.000095
59	751	0.003379
59	761	0.000002
59	763	0.000036
59	845	0.000007
59	846	0.000004
59	849	0.000011
59	850	0.000017
59	851	0.000004
59	853	0.867717
59	855	0.002285
59	856	0.000013
59	857	0.000097
59	859	0.000224
59	861	0.004345
59	862	0.005807
59	863	0.006522
59	878	0.000182
59	893	0.000190
59	896	0.000004
60	70	0.000004
60	71	0.000039
60	73	0.000018
60	82	0.000011
60	726	0.000001
60	729	0.000005
60	730	0.000016
60	738	0.000004
60	746	0.000133
60	749	0.000178
60	762	0.000032
60	852	0.852120
60	854	0.002242
60	858	0.000038
60	860	0.003954
60	877	0.000183
60	892	0.000189
60	895	0.000003
61	69	0.000006
61	70	0.000041
61	72	0.000018
61	81	0.000011
61	85	0.000031
61	728	0.000005
61	729	0.000015
61	730	0.000002
61	737	0.000003
61	746	0.000003
61	749	0.000075
61	852	0.000332
61	854	0.000057
61	858	0.000060
61	860	0.000399
61	876	0.000184
61	891	0.000188
61	895	0.000013
62	68	0.000111
62	69	0.000042
62	71	0.000018
62	80	0.000012
62	84	0.000039
62	701	0.000001
62	749	0.001820
62	760	0.000124
62	852	0.003124
62	858	0.001106
62	875	0.000184
62	890	0.000190
62	894	0.000080
62	895	0.000002
63	67	0.000127
63	79	0.000012
63	700	0.000001
63	727	0.000012
63	731	0.000001
63	742	0.000002
63	743	0.000006
63	745	0.000001
63	748	0.001760
63	759	0.000126
63	761	0.000014
63	847	0.000370
63	848	0.001194
63	851	0.003137
63	859	0.002223
63	870	0.000003
63	874	0.000143
63	889	0.000189
64	68	0.000009
64	69	0.000002
64	72	0.000001
64	78	0.000012
64	82	0.000043
64	698	0.000003
64	749	0.000082
64	758	0.000125
64	760	0.000015
64	852	0.000029
64	858	0.002336
64	869	0.000005
64	888	0.000187
64	892	0.000110
64	894	0.000002
64	895	0.000050
65	71	0.000001
65	72	0.000005
65	81	0.000043
65	697	0.000003
65	749	0.000006
65	758	0.000003
65	760	0.000008
65	852	0.000100
65	858	0.000052
65	868	0.000005
65	886	0.000028
65	891	0.000110
65	892	0.000002
65	894	0.000050
65	895	0.000042
66	71	0.000005
66	80	0.000043
66	696	0.000004
66	749	0.000002
66	758	0.000009
66	760	0.000004
66	834	0.000003
66	852	0.000482
66	858	0.000011
66	866	0.000001
66	882	0.000002
66	886	0.000070
66	890	0.000110
66	891	0.000002
66	894	0.000043
66	895	0.000001
67	78	0.000007
67	695	0.000003
67	725	0.003185
67	726	0.000005
67	737	0.000315
67	738	0.000001
67	746	0.001758
67	758	0.000031
67	833	0.000005
67	852	0.000035
67	854	0.002993
67	858	0.000003
67	866	0.000003
67	876	0.000001
67	881	0.000002
67	887	0.000001
67	888	0.000003
67	890	0.000002
67	894	0.000001
68	74	0.000007
68	75	0.000002
68	77	0.000011
68	79	0.000003
68	694	0.000003
68	724	0.003723
68	736	0.000368
68	742	0.000068
68	744	0.000017
68	745	0.001866
68	754	0.000004
68	757	0.000213
68	828	0.000254
68	832	0.000005
68	841	0.002101
68	843	0.000006
68	844	0.974828
68	845	0.002110
68	846	0.001836
68	847	0.000057
68	849	0.000412
68	850	0.001993
68	851	0.000002
68	853	0.003164
68	855	0.000002
68	856	0.000013
68	857	0.000006
68	865	0.000003
68	889	0.000002
69	74	0.000003
69	76	0.000011
69	77	0.000014
69	693	0.000003
69	723	0.003726
69	735	0.000377
69	741	0.000070
69	743	0.000017
69	744	0.001875
69	753	0.000004
69	756	0.000236
69	765	0.000002
69	827	0.000258
69	831	0.000005
69	840	0.002113
69	842	0.000001
69	843	0.980986
69	844	0.001069
69	845	0.001799
69	846	0.000062
69	848	0.000435
69	849	0.001996
69	850	0.000002
69	853	0.000010
69	855	0.000013
69	856	0.000005
69	864	0.000003
69	874	0.000005
70	75	0.000010
70	76	0.000013
70	77	0.000003
70	112	0.000052
70	722	0.003725
70	734	0.000377
70	740	0.000069
70	742	0.000017
70	743	0.001872
70	755	0.000240
70	764	0.000002
70	826	0.000259
70	839	0.002115
70	842	0.982086
70	847	0.000865
70	848	0.001635
70	851	0.003184
70	873	0.000041
71	75	0.000006
71	76	0.000002
71	111	0.000056
71	690	0.000003
71	720	0.000007
71	721	0.003719
71	724	0.000002
71	733	0.000377
71	736	0.000001
71	739	0.000067
71	741	0.000018
71	742	0.001869
71	751	0.000007
71	754	0.000242
71	763	0.000002
71	825	0.000259
71	828	0.000001
71	829	0.000002
71	830	0.000001
71	836	0.000002
71	837	0.000009
71	838	0.002108
71	840	0.000002
71	841	0.982410
71	843	0.000002
71	844	0.002208
71	845	0.000067
71	846	0.001221
71	847	0.001021
71	850	0.003205
71	862	0.000003
71	872	0.000056
71	885	0.000107
72	83	0.000001
72	110	0.000056
72	111	0.000001
72	719	0.000014
72	720	0.003700
72	723	0.000002
72	732	0.000380
72	735	0.000005
72	739	0.000001
72	740	0.000011
72	741	0.001871
72	750	0.000007
72	753	0.000240
72	824	0.000257
72	827	0.000002
72	828	0.000002
72	829	0.000001
72	835	0.000002
72	836	0.000017
72	837	0.002072
72	838	0.000002
72	839	0.000003
72	840	0.982297
72	841	0.000002
72	842	0.000001
72	843	0.002216
72	844	0.000070
72	845	0.001217
72	846	0.001008
72	849	0.003204
72	853	0.000001
72	861	0.000003
72	871	0.000058
72	884	0.000109
73	77	0.000011
73	79	0.000483
73	112	0.000018
73	688	0.000008
73	690	0.000003
73	722	0.000002
73	731	0.000369
73	734	0.000005
73	740	0.001673
73	759	0.000041
73	761	0.000006
73	826	0.000001
73	839	0.960385
73	842	0.002137
73	847	0.000017
73	848	0.003015
73	859	0.000003
73	870	0.000058
73	883	0.000110
74	78	0.000643
74	80	0.000088
74	81	0.000169
74	82	0.000043
74	84	0.000001
74	113	0.000119
74	114	0.000007
74	687	0.000009
74	689	0.000004
74	716	0.000011
74	717	0.000085
74	749	0.000006
74	758	0.000044
74	760	0.000008
74	823	0.000005
74	834	0.000660
74	852	0.000001
74	858	0.000003
74	869	0.000058
74	882	0.000110
75	80	0.000163
75	81	0.000042
75	109	0.000009
75	113	0.000010
75	715	0.000011
75	716	0.000080
75	717	0.000023
75	718	0.003043
75	729	0.000067
75	730	0.000243
75	737	0.000002
75	738	0.000317
75	768	0.000003
75	773	0.000002
75	833	0.000499
75	834	0.000148
75	868	0.000057
75	881	0.000110
76	80	0.000023
76	85	0.000034
76	108	0.000008
76	109	0.002077
76	685	0.000004
76	714	0.000004
76	715	0.000065
76	716	0.000022
76	717	0.003262
76	718	0.000015
76	726	0.000021
76	728	0.000068
76	729	0.000255
76	737	0.000240
76	738	0.000029
76	749	0.000011
76	767	0.000004
76	772	0.000003
76	833	0.000131
76	834	0.022915
76	880	0.000109
77	84	0.000041
77	108	0.003814
77	109	0.000001
77	113	0.000001
77	681	0.000015
77	684	0.000005
77	714	0.000030
77	715	0.000014
77	716	0.003338
77	717	0.000012
77	725	0.000024
77	728	0.000257
77	737	0.000031
77	738	0.000010
77	766	0.000004
77	771	0.000003
77	833	0.028431
77	834	0.000218
77	854	0.000004
77	866	0.000050
77	879	0.000108
78	83	0.000046
78	86	0.000008
78	104	0.000136
78	107	0.004119
78	110	0.000011
78	112	0.000001
78	683	0.000005
78	713	0.000016
78	723	0.000002
78	724	0.000024
78	727	0.000254
78	735	0.000197
78	736	0.000025
78	739	0.000052
78	747	0.000305
78	750	0.000003
78	753	0.000108
78	754	0.000019
78	756	0.000004
78	763	0.000008
78	765	0.000004
78	770	0.000003
78	827	0.000001
78	828	0.000011
78	829	0.000003
78	830	0.000159
78	831	0.000343
78	832	0.028954
78	835	0.005715
78	836	0.000103
78	837	0.000088
78	838	0.740536
78	839	0.002684
78	840	0.000694
78	841	0.000815
78	842	0.000010
78	843	0.000188
78	844	0.000064
78	845	0.000030
78	846	0.000147
78	847	0.000069
78	848	0.000003
78	853	0.000005
78	865	0.000051
78	878	0.000104
79	85	0.000008
79	103	0.000136
79	106	0.004109
79	108	0.000009
79	109	0.000010
79	113	0.000009
79	679	0.000161
79	714	0.003486
79	715	0.000005
79	725	0.000163
79	726	0.000174
79	737	0.000165
79	738	0.000032
79	746	0.000306
79	749	0.000003
79	752	0.000109
79	762	0.000009
79	766	0.000004
79	833	0.089057
79	834	0.002779
79	852	0.000005
79	866	0.000003
79	877	0.000095
80	86	0.000001
80	87	0.000008
80	105	0.004034
80	107	0.000012
80	111	0.000048
80	112	0.000026
80	678	0.000281
80	690	0.000002
80	711	0.000002
80	712	0.000001
80	713	0.003760
80	721	0.000030
80	722	0.000006
80	723	0.000003
80	724	0.000238
80	732	0.000005
80	733	0.000248
80	734	0.000010
80	735	0.000019
80	736	0.000201
80	745	0.000306
80	748	0.000003
80	751	0.000086
80	753	0.000014
80	754	0.000002
80	761	0.000008
80	763	0.000002
80	765	0.000005
80	826	0.000058
80	827	0.000006
80	828	0.000015
80	829	0.000687
80	830	0.013281
80	831	0.018239
80	832	0.091492
80	836	0.000074
80	837	0.855237
80	838	0.008445
80	839	0.000043
80	840	0.000012
80	841	0.000196
80	842	0.000071
80	843	0.000027
80	844	0.000035
80	845	0.000245
80	846	0.000162
80	847	0.000024
80	851	0.000004
80	863	0.000028
80	864	0.000025
80	865	0.000003
81	86	0.000009
81	101	0.000142
81	104	0.003913
81	105	0.000104
81	107	0.000022
81	110	0.000048
81	111	0.000029
81	677	0.000281
81	711	0.000001
81	712	0.003773
81	713	0.000003
81	720	0.000031
81	721	0.000007
81	722	0.000002
81	723	0.000237
81	724	0.000028
81	731	0.000003
81	732	0.000259
81	733	0.000013
81	734	0.000016
81	735	0.000204
81	736	0.000003
81	744	0.000306
81	747	0.000003
81	750	0.000062
81	751	0.000128
81	753	0.000001
81	764	0.000005
81	825	0.000074
81	827	0.000014
81	828	0.000700
81	829	0.013342
81	830	0.018578
81	831	0.091078
81	832	0.000277
81	835	0.000061
81	836	0.856867
81	837	0.007455
81	838	0.000079
81	839	0.000010
81	840	0.000191
81	841	0.000079
81	842	0.000025
81	843	0.000035
81	844	0.000246
81	845	0.000162
81	846	0.000025
81	850	0.000005
81	862	0.000029
81	863	0.000025
81	864	0.000003
82	100	0.000142
82	104	0.000261
82	105	0.000047
82	107	0.000070
82	110	0.000029
82	676	0.000281
82	688	0.000040
82	690	0.000008
82	702	0.000002
82	711	0.003808
82	719	0.000030
82	720	0.000007
82	721	0.000008
82	722	0.000121
82	723	0.000028
82	731	0.000138
82	732	0.000013
82	733	0.000012
82	734	0.000170
82	735	0.000004
82	743	0.000261
82	750	0.000181
82	759	0.000009
82	761	0.000002
82	763	0.000005
82	824	0.000082
82	825	0.000002
82	826	0.000009
82	827	0.000707
82	828	0.013333
82	829	0.018814
82	830	0.084519
82	831	0.000279
82	835	0.857749
82	836	0.006376
82	837	0.000079
82	838	0.000025
82	839	0.000122
82	840	0.000078
82	841	0.000028
82	842	0.000027
82	843	0.000244
82	844	0.000162
82	845	0.000025
82	849	0.000004
82	861	0.000028
82	862	0.000025
82	863	0.000003
82	896	0.000003
83	99	0.000142
83	102	0.000577
83	103	0.000267
83	113	0.000003
83	675	0.000281
83	687	0.000056
83	689	0.000011
83	691	0.000003
83	696	0.000001
83	701	0.000002
83	710	0.003774
83	714	0.000084
83	717	0.000014
83	749	0.000212
83	758	0.000011
83	760	0.000005
83	823	0.000085
83	834	0.856209
83	858	0.000006
83	895	0.000003
84	97	0.000003
84	98	0.000137
84	101	0.000111
84	104	0.375840
84	105	0.012539
84	107	0.004356
84	110	0.000010
84	111	0.000010
84	112	0.000002
84	117	0.000001
84	674	0.000016
84	686	0.000064
84	688	0.000003
84	690	0.000002
84	694	0.000005
84	709	0.000351
84	711	0.000049
84	712	0.000002
84	713	0.000629
84	719	0.000001
84	720	0.000027
84	721	0.000022
84	723	0.000002
84	732	0.000226
84	734	0.000002
84	735	0.000099
84	739	0.000009
84	741	0.000344
84	743	0.000002
84	744	0.000108
84	747	0.000027
84	748	0.000107
84	750	0.000004
84	751	0.000003
84	754	0.000002
84	756	0.000031
84	757	0.000005
84	759	0.000003
84	763	0.000008
84	765	0.000123
84	770	0.000104
84	774	0.000008
84	778	0.000002
84	779	0.000002
84	780	0.000142
84	822	0.000029
84	824	0.000113
84	825	0.000889
84	826	0.000179
84	827	0.032426
84	828	0.021745
84	829	0.019948
84	830	0.000262
84	831	0.004007
84	832	0.043764
84	835	0.000949
84	836	0.000048
84	837	0.000053
84	838	0.000075
84	840	0.000079
84	841	0.000164
84	842	0.000002
84	843	0.000149
84	844	0.000003
84	857	0.000006
84	861	0.000008
84	862	0.000001
85	105	0.013832
85	112	0.000003
85	116	0.000001
85	688	0.000014
85	690	0.000015
85	693	0.000006
85	694	0.000001
85	709	0.000002
85	712	0.000537
85	722	0.000001
85	727	0.000001
85	731	0.000188
85	733	0.000003
85	734	0.000085
85	736	0.000001
85	740	0.000295
85	742	0.000003
85	743	0.000093
85	745	0.000002
85	748	0.000001
85	755	0.000028
85	757	0.000004
85	759	0.000012
85	761	0.000003
85	764	0.000105
85	769	0.000087
85	775	0.000001
85	777	0.000002
85	778	0.000003
85	779	0.000120
85	821	0.000022
85	826	0.028019
85	839	0.000069
85	842	0.000128
85	859	0.000003
86	95	0.000141
86	102	0.000592
86	103	0.980529
86	113	0.000002
86	673	0.000003
86	687	0.000014
86	689	0.000014
86	710	0.000001
86	758	0.000013
86	760	0.000003
86	823	0.000002
86	834	0.000563
86	858	0.000003
87	94	0.000141
87	102	0.986851
87	103	0.000010
87	106	0.000135
87	672	0.000003
87	752	0.000034
87	833	0.000636
88	93	0.000141
88	98	0.000002
88	101	0.997746
88	104	0.000722
88	105	0.000225
88	671	0.000003
88	706	0.000011
88	707	0.000002
88	751	0.000043
88	754	0.000102
88	825	0.000101
88	828	0.000010
88	829	0.000010
88	830	0.000006
88	831	0.000005
88	832	0.000619
89	97	0.000002
89	100	0.997947
89	104	0.000244
89	670	0.000003
89	705	0.000012
89	706	0.000002
89	750	0.000043
89	753	0.000103
89	824	0.000101
89	827	0.000010
89	828	0.000010
89	829	0.000006
89	830	0.000004
89	831	0.000595
90	95	0.000002
90	99	0.997922
90	102	0.001476
90	103	0.000123
90	669	0.000003
90	704	0.000014
90	749	0.000043
90	823	0.000075
91	97	0.000081
91	98	0.997619
91	101	0.001669
91	668	0.000001
91	703	0.000019
91	748	0.000038
91	751	0.000139
91	822	0.000001
91	825	0.000008
91	828	0.000001
91	829	0.000007
91	830	0.000003
92	97	0.985330
92	98	0.000004
92	100	0.001670
92	668	0.000001
92	702	0.000020
92	747	0.000038
92	750	0.000139
92	759	0.000004
92	824	0.000008
92	828	0.000007
92	829	0.000002
92	853	0.000001
93	99	0.001668
93	667	0.000002
93	701	0.000020
93	749	0.000139
93	758	0.000007
93	823	0.000008
93	852	0.000001
94	105	0.000001
94	666	0.000002
94	700	0.000020
94	745	0.000035
94	748	0.000139
94	757	0.000008
94	821	0.000005
94	826	0.000006
94	851	0.000001
95	104	0.000002
95	665	0.000002
95	744	0.000037
95	747	0.000137
95	756	0.000008
95	820	0.000005
95	825	0.000006
95	850	0.000001
96	690	0.000002
96	743	0.000032
96	745	0.000003
96	755	0.000007
96	819	0.000005
97	102	0.000001
97	103	0.000029
97	114	0.000002
97	689	0.000002
97	697	0.000020
97	715	0.000012
97	717	0.000011
97	818	0.000003
98	102	0.000029
98	103	0.000003
98	113	0.000003
98	687	0.000002
98	689	0.000002
98	691	0.000004
98	696	0.000020
98	714	0.000012
98	716	0.000011
98	717	0.000003
98	818	0.000002
99	112	0.000002
99	686	0.000002
99	688	0.000002
99	690	0.000004
99	713	0.000011
99	753	0.000002
99	754	0.000002
99	817	0.000004
100	113	0.000008
100	114	0.000012
100	126	0.000003
100	687	0.000002
100	689	0.000004
100	697	0.000002
100	715	0.000039
100	816	0.000004
101	113	0.000023
101	125	0.000003
101	687	0.000004
101	696	0.000002
101	714	0.000039
102	107	0.000202
102	110	0.000021
102	111	0.001990
102	112	0.000026
102	117	0.000001
102	124	0.000003
102	677	0.000003
102	686	0.000004
102	693	0.000010
102	694	0.000033
102	703	0.000005
102	712	0.000068
102	713	0.000048
102	724	0.000002
102	740	0.000004
102	741	0.000002
102	751	0.001382
102	754	0.000005
102	763	0.000001
102	764	0.000003
102	765	0.000007
102	780	0.000001
102	814	0.000004
102	825	0.000680
102	828	0.000005
102	829	0.000005
102	830	0.000003
102	831	0.000006
102	832	0.000079
102	836	0.000068
103	107	0.000013
103	110	0.001991
103	111	0.000029
103	116	0.000001
103	123	0.000003
103	676	0.000003
103	688	0.000003
103	690	0.000102
103	693	0.000122
103	694	0.000005
103	702	0.000007
103	711	0.000136
103	712	0.000005
103	723	0.000002
103	739	0.000005
103	740	0.000001
103	750	0.001419
103	753	0.000004
103	761	0.000003
103	763	0.000004
103	764	0.000005
103	774	0.000001
103	813	0.000004
103	824	0.000685
103	827	0.000005
103	828	0.000005
103	829	0.000003
103	830	0.000005
103	831	0.000078
103	832	0.000001
103	835	0.000071
104	113	0.005413
104	114	0.000225
104	122	0.000003
104	675	0.000004
104	687	0.000010
104	689	0.000425
104	691	0.007617
104	696	0.001330
104	697	0.000002
104	701	0.000007
104	710	0.000140
104	714	0.000004
104	715	0.000006
104	749	0.001421
104	758	0.000002
104	760	0.000009
104	823	0.000643
104	834	0.000073
105	109	0.000040
105	113	0.000607
105	114	0.000002
105	115	0.000001
105	684	0.000003
105	687	0.000001
105	689	0.005983
105	691	0.253422
105	692	0.001066
105	695	0.001334
105	696	0.000002
105	714	0.000006
105	728	0.000003
105	729	0.000001
105	737	0.000005
105	738	0.000001
105	746	0.000007
105	749	0.000001
105	760	0.000121
105	762	0.000212
105	766	0.000001
105	767	0.000002
105	768	0.000001
105	771	0.000001
105	772	0.000002
105	773	0.000001
105	776	0.000004
105	781	0.000002
105	782	0.000001
105	833	0.000075
106	112	0.000593
106	688	0.007357
106	690	0.742578
106	693	0.000156
106	694	0.001068
106	727	0.000002
106	736	0.000004
106	745	0.000006
106	748	0.000005
106	759	0.000156
106	761	0.000241
106	775	0.000004
107	113	0.009841
107	114	0.000018
107	122	0.000005
107	687	0.007424
107	689	0.793237
107	691	0.006860
107	701	0.000039
107	714	0.000002
107	749	0.000024
107	758	0.000161
107	760	0.000243
108	112	0.006492
108	121	0.000004
108	688	0.624067
108	690	0.006576
108	693	0.000007
108	694	0.000003
108	700	0.000039
108	743	0.000002
108	745	0.000003
108	748	0.000021
108	757	0.000140
108	759	0.000191
108	779	0.000001
109	121	0.000848
109	688	0.240003
109	690	0.022778
109	693	0.000003
109	742	0.000001
109	755	0.000004
109	759	0.000013
109	761	0.000002
110	114	0.000002
110	120	0.000946
110	680	0.000003
110	687	0.402346
110	689	0.024446
110	691	0.000041
110	697	0.000052
110	698	0.000043
110	715	0.000034
110	716	0.000048
110	717	0.000012
110	758	0.000024
110	760	0.000003
111	119	0.000957
111	679	0.000003
111	680	0.000048
111	687	0.014172
111	689	0.000722
111	691	0.000011
111	696	0.000061
111	697	0.000043
111	714	0.000034
111	715	0.000052
111	716	0.000012
111	758	0.000003
111	834	0.000206
112	118	0.000965
112	679	0.000049
112	684	0.042928
112	685	0.058668
112	687	0.010608
112	689	0.000010
112	695	0.000059
112	696	0.000042
112	714	0.000050
112	715	0.000011
112	725	0.000076
112	737	0.000010
112	746	0.000007
112	752	0.000036
112	766	0.000027
112	771	0.000028
112	776	0.000002
112	781	0.000061
112	833	0.000569
113	117	0.000936
113	678	0.000052
113	682	0.000003
113	683	0.030562
113	686	0.011759
113	688	0.000023
113	690	0.000003
113	694	0.000048
113	711	0.000001
113	713	0.000044
113	724	0.000089
113	732	0.000002
113	733	0.000003
113	735	0.000003
113	736	0.000011
113	739	0.000005
113	741	0.000006
113	742	0.000002
113	744	0.000004
113	745	0.000008
113	747	0.000004
113	751	0.000040
113	753	0.000004
113	754	0.000046
113	755	0.000001
113	756	0.000011
113	757	0.000002
113	763	0.000003
113	765	0.000032
113	770	0.000032
113	774	0.000004
113	775	0.000002
113	780	0.000071
113	824	0.000003
113	825	0.000013
113	827	0.000002
113	828	0.000017
113	829	0.000004
113	830	0.000003
113	831	0.000010
113	832	0.000628
113	837	0.000003
113	838	0.000005
114	677	0.000026
114	678	0.000002
114	682	0.014483
114	683	0.964213
114	686	0.000009
114	693	0.000005
114	694	0.000050
114	712	0.000002
114	713	0.000004
114	723	0.000088
114	732	0.000004
114	735	0.000010
114	741	0.000002
114	744	0.000007
114	750	0.000025
114	753	0.000024
114	756	0.000001
114	770	0.000001
114	779	0.000005
114	824	0.000007
114	827	0.000015
114	828	0.000002
114	829	0.000002
114	830	0.000003
114	831	0.000381
114	836	0.000002
114	837	0.000004
115	682	0.981895
115	693	0.000076
115	712	0.000004
115	722	0.000080
115	731	0.000004
115	734	0.000008
115	740	0.000001
115	743	0.000006
115	755	0.000001
115	769	0.000001
115	778	0.000004
115	826	0.000013
116	679	0.000006
116	680	0.010534
116	681	0.986011
116	692	0.000081
116	730	0.000003
116	768	0.000001
117	679	0.016456
117	680	0.980447
117	691	0.000081
117	710	0.000001
117	749	0.000006
118	690	0.000068
118	748	0.000006
119	676	0.000002
119	677	0.986895
119	678	0.011097
119	720	0.000037
119	747	0.000004
120	676	0.993343
120	677	0.005644
120	719	0.000037
121	675	0.998141
121	718	0.000037
122	674	0.999872
123	673	0.999932
123	716	0.000037
124	672	0.999465
124	715	0.000037
125	670	0.000001
125	671	0.999923
126	670	0.996553
126	671	0.000002
126	713	0.000038
127	712	0.000039
128	664	0.000001
128	668	0.995955
128	711	0.000039
129	663	0.000001
129	667	0.999921
129	710	0.000039
130	666	0.997672
130	709	0.000038
131	662	0.000015
131	664	0.040015
131	665	0.947798
131	666	0.000009
131	708	0.000038
132	661	0.000010
132	662	0.501657
132	664	0.493294
132	665	0.000026
132	707	0.000012
133	661	0.956185
133	662	0.039573
133	664	0.000040
133	706	0.000002
134	660	0.999779
134	663	0.000051
135	659	0.999939
135	662	0.000017
136	658	0.999980
136	661	0.000009
137	657	0.999988
137	659	0.000001
138	656	0.999978
138	658	0.000001
139	655	0.999563
140	654	0.999604
140	656	0.000002
141	652	0.000014
141	653	0.253512
141	655	0.000002
142	652	0.240186
142	653	0.745928
143	652	0.754073
143	653	0.000028
145	650	0.996331
145	651	0.000611
146	648	0.000005
146	649	0.999624
147	647	0.000008
147	648	0.999932
148	647	0.992034
149	646	0.991502
150	644	0.000001
150	645	0.998305
151	644	0.999295
151	645	0.000002
152	643	0.999984
153	642	0.999977
154	641	0.999488
155	639	0.000019
155	640	0.999589
156	639	0.960405
157	639	0.001779
158	635	0.000010
158	636	0.995678
158	638	0.001069
159	635	0.999533
159	636	0.000311
160	634	0.999426
160	635	0.000076
161	633	0.999976
162	632	0.999990
163	631	0.999991
164	630	0.999960
165	629	0.999501
166	525	0.000005
166	628	0.937553
167	524	0.000021
167	626	0.000207
167	627	0.100862
167	629	0.000031
168	523	0.000021
168	627	0.876822
169	521	0.000025
169	626	0.996312
169	627	0.000006
169	629	0.000003
170	623	0.000016
170	625	0.993972
170	628	0.000004
171	520	0.993241
171	521	0.000026
171	622	0.000001
172	519	0.998547
172	621	0.000001
172	623	0.000001
172	624	0.000015
173	518	0.999857
173	620	0.000001
173	623	0.000004
174	517	0.996989
174	622	0.000002
175	516	0.754252
175	518	0.000034
176	515	0.511176
176	516	0.245610
177	514	0.267956
177	515	0.488754
178	514	0.731826
179	513	0.974086
180	510	0.000081
180	511	0.008407
180	512	0.972427
181	509	0.000012
181	513	0.000033
182	509	0.000621
183	509	0.997858
184	508	0.999411
185	507	0.999980
186	506	0.999938
187	504	0.000003
187	505	0.998459
188	503	0.000002
188	504	0.999896
189	503	0.989627
190	501	0.000036
190	502	0.740932
191	502	0.170821
192	500	0.000090
192	503	0.000034
193	499	0.000032
193	501	0.903826
193	502	0.000025
194	500	0.999783
195	498	0.000004
195	499	0.999944
196	498	0.998464
197	497	0.999858
198	496	0.999741
199	495	0.999967
200	494	0.999509
201	493	0.999950
202	491	0.000001
202	492	0.999938
202	493	0.000026
203	491	0.999803
203	492	0.000050
204	488	0.000364
204	491	0.000074
205	487	0.000363
206	487	0.000022
206	488	0.991107
207	487	0.971029
208	487	0.001190
209	485	0.991913
210	483	0.000001
210	484	0.998179
211	483	0.999978
212	482	0.999972
213	479	0.000002
213	481	0.999895
213	482	0.000019
214	477	0.000002
214	478	0.000006
214	479	0.000935
214	480	0.986581
214	481	0.000037
215	476	0.000003
216	476	0.000019
217	476	0.000328
218	473	0.000002
218	476	0.010383
219	472	0.000002
219	476	0.968588
220	471	0.000002
220	475	0.998499
221	474	0.999920
222	470	0.000003
222	473	0.999918
223	469	0.000003
223	472	0.998403
224	468	0.000002
224	471	0.970901
225	469	0.011934
225	472	0.000004
226	466	0.000001
226	467	0.000054
226	468	0.008719
226	471	0.000017
227	466	0.000047
227	467	0.004945
227	468	0.982336
228	467	0.986659
230	465	0.981479
230	466	0.000945
231	464	0.999850
232	462	0.000001
232	463	0.999012
233	462	0.998626
233	463	0.000001
234	461	0.999322
235	460	0.998642
236	459	0.999851
236	460	0.000002
237	458	0.999162
238	456	0.000001
238	457	0.998121
239	456	0.999263
239	457	0.000001
240	455	0.999984
241	454	0.999970
242	453	0.999129
243	452	0.997045
243	454	0.000005
244	451	0.974474
244	453	0.000211
245	452	0.000412
246	448	0.000005
246	449	0.000045
246	450	0.997878
246	451	0.000054
247	449	0.997790
247	451	0.000046
248	448	0.979796
248	449	0.001272
248	450	0.000064
249	446	0.002303
249	448	0.003339
249	449	0.000015
250	446	0.966326
250	448	0.000003
251	444	0.000313
251	445	0.999667
252	443	0.000315
252	444	0.999657
253	441	0.000007
253	443	0.997688
254	442	0.992730
255	439	0.000047
256	439	0.998096
257	438	0.999917
258	437	0.999957
259	436	0.999980
260	435	0.999583
261	434	0.999960
262	433	0.999366
263	403	0.000179
263	404	0.000002
263	405	0.000024
263	406	0.000016
263	429	0.000151
263	430	0.000002
263	431	0.000010
263	432	0.998610
264	269	0.000002
264	270	0.000001
264	402	0.000352
264	404	0.000160
264	405	0.000110
264	406	0.000006
264	428	0.000194
264	431	0.996178
265	288	0.000001
265	399	0.000626
265	409	0.000014
265	410	0.000002
266	272	0.000083
266	273	0.000381
266	278	0.000008
266	287	0.000001
266	290	0.000034
266	374	0.000001
266	393	0.000001
266	398	0.000169
266	399	0.001261
266	401	0.114325
266	407	0.001332
266	409	0.000004
266	410	0.000047
267	277	0.000008
267	286	0.000001
267	289	0.000034
267	295	0.000017
267	376	0.000046
267	399	0.026309
267	409	0.000102
268	274	0.000133
268	276	0.000008
268	285	0.000001
268	291	0.000289
268	292	0.000005
268	293	0.000007
268	294	0.000019
268	375	0.000051
268	400	0.014466
268	402	0.000197
268	403	0.000217
268	404	0.000107
268	405	0.000070
268	406	0.000058
268	408	0.000127
268	426	0.000017
268	427	0.002803
268	428	0.000286
268	429	0.001772
268	430	0.000485
269	273	0.000162
269	290	0.000355
269	374	0.000053
269	397	0.000017
269	398	0.985108
269	399	0.001163
269	401	0.000050
269	407	0.000046
270	289	0.000338
270	290	0.000135
270	295	0.000004
270	374	0.000002
270	393	0.000011
270	396	0.000010
270	397	0.990396
270	398	0.000793
271	288	0.000048
271	289	0.000107
271	290	0.000036
271	295	0.001409
271	392	0.000011
271	396	0.991396
271	397	0.000403
272	293	0.000003
272	294	0.001886
272	391	0.000011
272	394	0.000043
272	395	0.991898
272	428	0.000001
273	293	0.001889
273	294	0.000001
273	390	0.000010
273	394	0.984815
273	395	0.000051
274	288	0.003196
274	289	0.000010
274	392	0.000004
275	287	0.003439
275	290	0.000002
275	389	0.000001
275	392	0.000002
275	393	0.994896
276	286	0.003439
276	289	0.000002
276	295	0.000001
276	383	0.000001
276	388	0.000001
276	392	0.996066
277	285	0.003439
277	294	0.000001
277	382	0.000001
277	391	0.995172
278	284	0.003440
278	293	0.000002
278	381	0.000001
278	390	0.996270
278	391	0.000002
279	287	0.000002
279	289	0.000005
279	290	0.000003
279	380	0.000001
279	389	0.996466
280	286	0.000002
280	288	0.000006
280	289	0.000002
280	379	0.000001
280	383	0.000001
280	387	0.000021
280	388	0.995032
281	287	0.000006
281	288	0.000001
281	290	0.000004
281	383	0.000003
281	384	0.000030
281	386	0.000032
281	387	0.989779
281	388	0.000131
281	389	0.000004
282	286	0.000005
282	289	0.000004
282	383	0.000037
282	384	0.000025
282	386	0.960303
282	387	0.000424
282	388	0.000005
283	288	0.000003
283	383	0.000045
283	384	0.000534
283	386	0.000724
283	387	0.000011
284	380	0.000646
284	383	0.000304
284	384	0.934363
284	386	0.000005
285	379	0.000649
285	383	0.992292
285	384	0.000094
286	378	0.000644
286	381	0.000207
286	382	0.994205
287	293	0.000001
287	377	0.000641
287	381	0.992912
288	292	0.000001
288	373	0.000001
288	375	0.000004
288	377	0.000027
288	378	0.000904
288	381	0.000030
288	430	0.000003
289	372	0.000001
289	375	0.000041
289	377	0.000611
289	378	0.979285
289	429	0.000007
290	294	0.000002
290	377	0.989910
290	428	0.000007
291	376	0.953564
291	379	0.000006
292	376	0.003656
293	370	0.000049
293	374	0.553575
293	376	0.000037
293	380	0.000007
294	369	0.000050
294	374	0.042041
294	376	0.000018
294	379	0.000006
295	368	0.000049
295	371	0.922521
295	372	0.006499
295	373	0.021038
295	375	0.000014
295	378	0.000003
296	367	0.000043
296	370	0.999592
296	374	0.000003
297	367	0.000007
297	369	0.999920
297	370	0.000006
298	366	0.000013
298	368	0.999512
299	367	0.999540
300	365	0.479320
300	366	0.514312
301	364	0.963559
302	363	0.999933
302	365	0.000005
303	362	0.999986
303	363	0.000003
304	361	0.999988
304	362	0.000002
305	360	0.999956
305	361	0.000001
306	359	0.999917
307	358	0.999743
308	357	0.999939
309	356	0.999938
310	355	0.999499
311	354	0.999192
312	353	0.999964
313	352	0.999731
314	351	0.999948
315	329	0.000020
315	350	0.999712
316	328	0.000078
316	349	0.939191
316	352	0.000012
317	327	0.000106
317	343	0.026809
317	351	0.000029
318	326	0.000106
318	329	0.000047
318	342	0.026825
318	350	0.000035
319	328	0.000047
319	341	0.026720
319	349	0.000053
320	324	0.000002
320	325	0.000002
320	327	0.000046
320	337	0.000001
320	340	0.025608
320	343	0.000001
320	344	0.000292
320	345	0.835207
321	326	0.000028
321	335	0.000001
321	337	0.000136
321	340	0.000034
321	343	0.000169
321	344	0.954147
321	345	0.001984
322	330	0.000007
322	335	0.000001
322	337	0.000584
322	340	0.000005
322	342	0.000022
322	343	0.964528
322	344	0.002125
322	345	0.000001
323	329	0.000008
323	335	0.001532
323	342	0.968378
323	343	0.001805
323	350	0.000004
324	328	0.000005
324	334	0.000772
324	339	0.000006
324	341	0.942049
324	349	0.000011
325	334	0.023646
325	339	0.002514
325	341	0.000420
325	349	0.000890
326	332	0.000011
326	333	0.024751
326	334	0.000076
326	336	0.000001
326	338	0.002168
326	339	0.938833
326	341	0.000001
326	347	0.000289
326	348	0.001793
326	349	0.000004
327	331	0.000005
327	332	0.024617
327	333	0.000076
327	336	0.001646
327	338	0.970462
327	339	0.000007
327	346	0.000294
327	347	0.001788
327	348	0.000007
328	335	0.001594
328	337	0.970489
328	345	0.000273
329	333	0.000025
329	334	0.000619
329	336	0.965571
329	338	0.000003
329	346	0.001682
329	347	0.000002
329	348	0.000002
330	334	0.005337
331	335	0.006244
331	344	0.002174
331	345	0.000003
332	343	0.002254
333	342	0.002253
334	340	0.000018
335	339	0.000014
335	341	0.000001
336	342	0.000001
342	348	0.000011
343	347	0.000011
343	348	0.000003
344	349	0.000002
371	376	0.000001
372	376	0.000002
374	394	0.000017
374	395	0.000002
376	394	0.001494
377	393	0.003438
378	392	0.003444
379	391	0.003443
380	390	0.003449
380	394	0.000006
381	389	0.003450
381	393	0.000006
382	387	0.000009
382	388	0.003373
382	392	0.000006
383	391	0.000006
384	390	0.000005
394	407	0.000017
394	409	0.000013
395	407	0.007975
396	405	0.000002
396	406	0.008176
397	404	0.000003
397	405	0.008482
397	406	0.000275
398	402	0.000019
398	404	0.008784
398	405	0.001279
398	406	0.000259
398	428	0.000007
399	403	0.007600
399	404	0.002880
399	405	0.001969
399	406	0.001736
399	408	0.004022
399	416	0.000011
399	421	0.000007
399	424	0.000001
399	426	0.000002
399	427	0.000016
399	428	0.000051
399	429	0.000042
399	430	0.000062
400	409	0.000216
400	410	0.000011
400	415	0.000013
400	417	0.000075
401	405	0.006582
401	406	0.106261
401	411	0.000070
401	414	0.000014
401	416	0.000113
401	420	0.000305
401	423	0.000135
401	424	0.000001
401	428	0.000465
401	431	0.000023
402	407	0.030885
402	409	0.000106
402	410	0.001129
402	413	0.000008
402	415	0.000088
402	419	0.000319
402	422	0.000136
402	434	0.000003
403	409	0.001844
403	410	0.000666
403	415	0.000106
403	418	0.000317
403	433	0.000005
404	409	0.001173
404	410	0.000043
404	412	0.000005
404	413	0.000082
404	417	0.000308
404	419	0.000154
404	433	0.000001
405	409	0.000095
405	410	0.000048
405	412	0.000081
405	413	0.000215
405	418	0.000154
405	419	0.000002
406	410	0.000014
406	412	0.000218
406	415	0.000293
406	417	0.000158
406	418	0.000001
407	411	0.000216
407	414	0.000293
407	416	0.000160
407	428	0.183562
407	431	0.000082
408	415	0.000154
409	414	0.000135
409	426	0.000485
409	427	0.765138
409	428	0.000688
409	429	0.000500
409	430	0.000201
410	426	0.962222
410	427	0.000747
410	428	0.000207
410	429	0.000063
410	430	0.000008
411	425	0.999070
412	424	0.999229
413	420	0.000002
413	423	0.999194
414	419	0.000006
414	422	0.998957
414	425	0.000008
415	420	0.000568
415	421	0.989512
415	423	0.000001
415	424	0.000007
415	426	0.000019
416	422	0.000020
416	425	0.000033
417	421	0.000025
417	424	0.000032
417	430	0.000105
418	423	0.000018
418	429	0.000186
419	423	0.000001
419	424	0.000002
419	428	0.000195
420	425	0.000003
422	428	0.000034
517	525	0.000001
518	524	0.000002
519	523	0.000001
520	623	0.000007
520	625	0.000009
521	620	0.000002
521	623	0.993506
522	622	0.997432
523	620	0.000004
523	621	0.998005
523	624	0.000287
524	620	0.995704
524	623	0.000327
525	622	0.000307
526	616	0.000002
526	622	0.000001
527	617	0.984455
527	620	0.000098
528	615	0.000006
528	616	0.997474
528	618	0.000010
528	619	0.000088
529	614	0.000004
529	615	0.999922
529	618	0.000044
530	613	0.000002
530	614	0.999985
531	613	0.999977
532	612	0.999558
533	611	0.999478
535	609	0.000043
535	610	0.999598
536	606	0.000183
536	609	0.999754
537	605	0.000266
537	608	0.999682
538	600	0.000032
538	604	0.000285
538	607	0.999642
538	611	0.000003
539	596	0.000017
539	597	0.000208
539	599	0.000056
539	602	0.000031
539	603	0.000299
539	606	0.956939
539	610	0.000004
540	593	0.000002
540	594	0.000053
540	595	0.000515
540	596	0.000958
540	597	0.000076
540	598	0.000142
540	599	0.000039
540	601	0.000138
540	602	0.000319
540	603	0.000052
540	606	0.041468
540	609	0.000004
541	600	0.000128
541	604	0.003850
541	605	0.946694
541	608	0.000005
542	600	0.001073
542	604	0.947494
542	605	0.000094
542	607	0.000005
543	552	0.000006
543	593	0.107638
543	594	0.000260
543	596	0.000029
543	597	0.000028
543	599	0.001035
543	602	0.005133
543	603	0.883545
543	606	0.000005
544	551	0.000090
544	592	0.934516
544	600	0.001260
544	604	0.000114
544	605	0.000005
545	550	0.000089
545	590	0.000002
545	591	0.988775
545	594	0.000002
545	597	0.000490
545	599	0.000818
545	602	0.000351
545	603	0.000128
546	552	0.000002
546	554	0.000425
546	556	0.000052
546	590	0.990455
546	591	0.000003
546	593	0.000001
546	596	0.000540
546	597	0.000011
546	599	0.000010
546	602	0.000130
546	603	0.000031
547	553	0.000428
547	555	0.000098
547	557	0.000001
547	589	0.990201
547	595	0.000543
547	596	0.000003
547	598	0.000010
547	601	0.000083
547	602	0.000002
547	603	0.000162
548	552	0.000421
548	554	0.000104
548	556	0.000002
548	588	0.990472
548	594	0.000543
548	597	0.000006
548	599	0.000054
548	602	0.007997
549	553	0.000084
549	555	0.000002
549	587	0.989987
549	593	0.000537
549	596	0.000001
549	598	0.000051
549	601	0.008155
550	585	0.000002
550	586	0.989899
550	592	0.000536
550	600	0.008216
551	590	0.000003
551	591	0.000535
551	599	0.008196
552	581	0.000002
552	583	0.000026
552	584	0.000037
552	585	0.990539
552	586	0.000003
553	580	0.000002
553	584	0.990545
554	581	0.000008
554	582	0.001609
554	583	0.986530
554	585	0.000008
555	580	0.000007
555	584	0.000008
556	579	0.000002
556	580	0.000003
556	581	0.994883
556	582	0.001520
556	583	0.000004
557	579	0.000003
557	580	0.999093
558	579	0.998084
558	580	0.000002
559	577	0.000009
559	578	0.999450
560	576	0.000031
560	577	0.999949
561	576	0.999360
561	577	0.000002
562	570	0.000003
562	574	0.987553
562	576	0.000002
563	569	0.000003
563	572	0.000003
563	573	0.999919
563	575	0.000007
564	572	0.999957
564	573	0.000007
565	571	0.991573
566	571	0.005519
580	598	0.000002
581	597	0.000002
581	599	0.000003
582	597	0.008882
583	596	0.008947
584	595	0.008946
585	594	0.008949
586	590	0.000001
586	593	0.008948
587	592	0.008226
590	600	0.000001
591	600	0.000546
592	596	0.000015
592	597	0.000149
592	598	0.000245
592	599	0.000641
592	601	0.036648
592	602	0.000078
593	600	0.177690
593	604	0.000001
593	605	0.000177
594	600	0.018988
594	604	0.000199
594	605	0.000261
596	600	0.004405
596	604	0.000385
596	605	0.042081
597	604	0.041980
597	605	0.000232
599	604	0.000143
599	605	0.000054
599	607	0.000008
600	606	0.000012
602	607	0.000003
617	626	0.000004
618	623	0.000010
618	625	0.000004
619	623	0.000006
619	625	0.000001
663	668	0.000001
663	670	0.000027
664	669	0.000026
669	706	0.000004
671	704	0.000039
672	703	0.000043
673	702	0.000045
674	691	0.000002
674	701	0.000046
675	690	0.000170
675	700	0.000053
675	702	0.000006
676	689	0.000181
676	698	0.000441
676	701	0.000004
676	716	0.000003
677	689	0.000015
677	696	0.000001
677	697	0.000449
677	698	0.000002
677	715	0.000003
678	687	0.000598
678	689	0.000008
678	691	0.000006
678	696	0.000467
678	697	0.000002
678	714	0.000003
678	758	0.000001
679	686	0.000620
679	688	0.000007
679	690	0.000008
679	713	0.000003
679	720	0.000016
679	721	0.000051
679	724	0.000017
679	744	0.000001
679	745	0.000004
679	757	0.000001
679	780	0.000002
679	825	0.000001
679	828	0.000004
679	832	0.000004
679	838	0.000001
680	686	0.000004
680	694	0.000892
680	712	0.000001
680	719	0.000016
680	720	0.000051
680	723	0.000017
680	743	0.000001
680	744	0.000004
680	756	0.000001
680	779	0.000002
680	780	0.000003
680	824	0.000001
680	827	0.000004
680	831	0.000004
680	837	0.000001
681	688	0.000010
681	690	0.000003
681	693	0.001114
681	722	0.000016
681	742	0.000001
681	743	0.000004
681	755	0.000001
681	778	0.000002
681	779	0.000003
681	826	0.000003
682	687	0.000009
682	689	0.000003
682	692	0.001145
682	718	0.000075
683	689	0.000026
683	691	0.001159
683	717	0.000077
684	688	0.000049
684	690	0.001080
684	693	0.000011
684	694	0.000013
684	703	0.000001
684	734	0.000003
684	736	0.000001
684	740	0.000003
684	742	0.000007
684	743	0.000011
684	748	0.000001
684	775	0.000007
684	777	0.000031
684	778	0.000039
684	779	0.000034
685	690	0.000098
685	693	0.000017
685	694	0.000005
685	703	0.000002
685	733	0.000004
685	736	0.000006
685	740	0.000013
685	742	0.000012
685	743	0.000004
685	745	0.000001
685	748	0.000008
685	755	0.000006
685	759	0.000021
685	761	0.000006
685	775	0.000109
685	777	0.000044
685	778	0.000041
685	779	0.000003
685	859	0.000021
686	691	0.000204
686	696	0.000020
686	697	0.000008
686	701	0.000022
686	714	0.000300
686	715	0.000011
686	716	0.000011
686	717	0.000021
686	749	0.000052
686	758	0.000022
686	760	0.000006
686	784	0.000002
686	858	0.000023
687	693	0.000022
687	694	0.000014
687	700	0.000023
687	702	0.000060
687	711	0.000046
687	712	0.000001
687	713	0.000539
687	719	0.000012
687	727	0.000002
687	731	0.000006
687	732	0.000017
687	733	0.000002
687	734	0.000004
687	735	0.000193
687	736	0.000022
687	739	0.001354
687	740	0.000001
687	741	0.000129
687	743	0.000002
687	744	0.000031
687	745	0.000002
687	747	0.000756
687	748	0.000024
687	750	0.000057
687	751	0.000003
687	753	0.000184
687	754	0.000018
687	756	0.000005
687	757	0.000014
687	759	0.000003
687	763	0.000057
687	765	0.000040
687	769	0.000006
687	770	0.000003
687	774	0.007464
687	775	0.000003
687	777	0.000040
687	780	0.000005
687	783	0.000017
687	824	0.000003
687	825	0.000004
687	827	0.000002
687	828	0.000001
687	829	0.000001
687	830	0.000001
687	831	0.000007
687	832	0.000020
687	835	0.000002
687	836	0.000003
687	837	0.000002
687	855	0.000009
687	857	0.000022
688	692	0.000021
688	695	0.000035
688	699	0.000023
688	701	0.000060
688	710	0.000039
688	714	0.000019
688	715	0.000010
688	716	0.000084
688	718	0.000010
688	725	0.000003
688	726	0.000002
688	728	0.000014
688	730	0.000007
688	737	0.000039
688	738	0.001331
688	746	0.000753
688	749	0.000054
688	752	0.000185
688	762	0.000055
688	766	0.000007
688	768	0.000007
688	771	0.000008
688	772	0.000011
688	773	0.007004
688	776	0.000044
688	781	0.000037
688	782	0.000016
688	823	0.000001
688	833	0.000077
688	834	0.000002
688	854	0.000009
689	693	0.000004
689	694	0.000054
689	700	0.000060
689	702	0.000002
689	709	0.000002
689	711	0.000777
689	712	0.000004
689	713	0.000728
689	724	0.000004
689	727	0.000019
689	731	0.000030
689	732	0.000046
689	733	0.000102
689	734	0.000138
689	735	0.000438
689	736	0.000048
689	739	0.000293
689	741	0.000069
689	742	0.000011
689	743	0.000014
689	744	0.000088
689	745	0.000624
689	747	0.000191
689	748	0.000008
689	750	0.000027
689	751	0.000177
689	753	0.000066
689	754	0.000001
689	761	0.000041
689	763	0.000083
689	765	0.000011
689	769	0.000003
689	770	0.000012
689	774	0.000127
689	775	0.000037
689	777	0.000003
689	780	0.000054
689	783	0.000012
689	824	0.000006
689	825	0.000005
689	827	0.000002
689	828	0.000003
689	829	0.000002
689	830	0.000002
689	831	0.000016
689	832	0.000112
689	835	0.000007
689	853	0.000009
689	855	0.000022
690	695	0.000004
690	696	0.000002
690	697	0.000021
690	699	0.000061
690	701	0.000002
690	710	0.000652
690	714	0.003914
690	715	0.000003
690	716	0.000004
690	725	0.000012
690	726	0.000018
690	728	0.000004
690	729	0.000008
690	730	0.000035
690	737	0.000006
690	738	0.000283
690	746	0.000185
690	749	0.000032
690	752	0.000067
690	760	0.000002
690	762	0.000077
690	766	0.000050
690	768	0.000003
690	771	0.009002
690	772	0.000009
690	773	0.000087
690	776	0.000003
690	781	0.000231
690	782	0.000009
690	823	0.000002
690	833	0.000089
690	834	0.000007
690	852	0.000009
690	854	0.000022
691	706	0.000001
691	709	0.000029
691	711	0.001503
691	712	0.000070
691	713	0.631186
691	723	0.000006
691	724	0.000021
691	727	0.000005
691	731	0.000022
691	732	0.021806
691	733	0.000004
691	734	0.000008
691	735	0.000628
691	736	0.000001
691	739	0.000290
691	740	0.000023
691	741	0.002332
691	742	0.000004
691	743	0.000036
691	744	0.000492
691	745	0.000028
691	747	0.000003
691	748	0.000002
691	750	0.000014
691	751	0.000063
691	756	0.000002
691	761	0.000039
691	763	0.000004
691	765	0.000087
691	770	0.011291
691	774	0.000002
691	775	0.000001
691	778	0.000029
691	779	0.000048
691	780	0.000413
691	824	0.000002
691	825	0.000004
691	827	0.000013
691	828	0.000002
691	829	0.000001
691	830	0.000017
691	831	0.000023
691	832	0.000157
691	843	0.000003
691	851	0.000003
691	853	0.000022
692	700	0.000008
692	705	0.000001
692	709	0.000010
692	712	0.630883
692	722	0.000004
692	727	0.001172
692	731	0.022241
692	733	0.000014
692	734	0.000609
692	736	0.000009
692	740	0.002345
692	742	0.000042
692	743	0.000489
692	745	0.000006
692	748	0.000031
692	755	0.000002
692	759	0.000011
692	761	0.000006
692	764	0.000077
692	769	0.011282
692	777	0.000038
692	778	0.000097
692	779	0.000385
692	826	0.000012
692	842	0.000003
693	699	0.000008
693	710	0.001035
693	714	0.000003
693	725	0.000014
693	726	0.001236
693	728	0.000298
693	729	0.005814
693	730	0.020183
693	737	0.000013
693	738	0.005732
693	749	0.000003
693	758	0.000009
693	760	0.000006
693	766	0.000003
693	767	0.000029
693	768	0.011081
693	772	0.000002
693	773	0.000002
693	776	0.000023
693	782	0.000003
693	833	0.000047
694	698	0.000007
694	701	0.000003
694	704	0.000005
694	710	0.789685
694	725	0.001046
694	726	0.000154
694	728	0.008779
694	729	0.016272
694	730	0.000010
694	737	0.007197
694	738	0.000009
694	746	0.000106
694	749	0.000027
694	758	0.000082
694	760	0.000001
694	762	0.000007
694	766	0.000050
694	767	0.009279
694	768	0.000002
694	771	0.000002
694	772	0.000002
694	776	0.000707
694	781	0.000004
694	782	0.000001
694	833	0.000118
694	852	0.000003
695	700	0.000004
695	703	0.000101
695	709	0.884320
695	712	0.000003
695	722	0.000882
695	727	0.010427
695	731	0.000008
695	733	0.000068
695	734	0.000005
695	736	0.007348
695	740	0.000175
695	742	0.000046
695	743	0.000001
695	745	0.000121
695	748	0.000034
695	755	0.000021
695	757	0.000114
695	759	0.000002
695	761	0.000006
695	764	0.000886
695	775	0.000774
695	826	0.000059
695	839	0.000012
695	847	0.000014
695	851	0.000004
696	702	0.000111
696	703	0.000070
696	707	0.000005
696	708	0.893274
696	709	0.000013
696	721	0.001007
696	722	0.000515
696	723	0.000225
696	724	0.001367
696	727	0.000607
696	731	0.000001
696	732	0.000076
696	733	0.000007
696	734	0.000208
696	735	0.007300
696	736	0.000015
696	739	0.000177
696	741	0.000051
696	742	0.000002
696	743	0.000003
696	744	0.000121
696	745	0.000004
696	747	0.000035
696	751	0.000002
696	754	0.000024
696	755	0.000023
696	756	0.000117
696	763	0.000967
696	764	0.000020
696	765	0.006401
696	770	0.000008
696	774	0.000775
696	775	0.000006
696	780	0.000069
696	822	0.000008
696	824	0.000003
696	825	0.000071
696	826	0.000033
696	827	0.000014
696	828	0.000023
696	829	0.038232
696	830	0.000687
696	831	0.000466
696	832	0.000926
696	838	0.000017
696	845	0.000002
696	846	0.000014
696	850	0.000004
697	702	0.000087
697	703	0.000007
697	706	0.000006
697	707	0.893327
697	708	0.000014
697	720	0.001007
697	721	0.000668
697	722	0.000159
697	723	0.001310
697	724	0.049450
697	727	0.000009
697	731	0.000011
697	732	0.000007
697	733	0.003141
697	734	0.002968
697	735	0.000016
697	736	0.000027
697	740	0.000036
697	741	0.000002
697	742	0.000015
697	743	0.000020
697	744	0.000005
697	745	0.000011
697	750	0.000001
697	753	0.000023
697	754	0.000072
697	755	0.000068
697	757	0.000002
697	763	0.000027
697	764	0.004955
697	765	0.000030
697	774	0.000006
697	779	0.000061
697	780	0.000001
697	821	0.000008
697	824	0.000049
697	825	0.000040
697	826	0.000010
697	827	0.000021
697	828	0.038551
697	829	0.000639
697	830	0.000466
697	831	0.000922
697	832	0.000004
697	837	0.000017
697	844	0.000002
697	845	0.000014
697	849	0.000004
698	702	0.000008
698	705	0.000005
698	706	0.893286
698	707	0.000014
698	713	0.000015
698	719	0.000749
698	720	0.000672
698	721	0.000203
698	722	0.000993
698	723	0.049680
698	724	0.000177
698	727	0.000005
698	731	0.000005
698	732	0.006072
698	733	0.000095
698	734	0.000015
698	735	0.000030
698	739	0.000035
698	741	0.000026
698	742	0.000005
698	743	0.000004
698	744	0.000013
698	751	0.000001
698	753	0.000072
698	754	0.000068
698	756	0.000002
698	763	0.004918
698	764	0.000021
698	765	0.000011
698	770	0.000016
698	778	0.000061
698	779	0.000001
698	820	0.000008
698	824	0.000040
698	825	0.000011
698	826	0.000012
698	827	0.038604
698	828	0.000584
698	829	0.000462
698	830	0.000912
698	831	0.000004
698	836	0.000017
698	843	0.000003
698	844	0.000014
698	848	0.000004
699	703	0.000013
699	705	0.877754
699	712	0.000015
699	722	0.048245
699	727	0.000069
699	731	0.006097
699	733	0.000015
699	734	0.000029
699	736	0.000002
699	740	0.000025
699	742	0.000004
699	743	0.000013
699	755	0.000002
699	761	0.000678
699	764	0.000010
699	769	0.000017
699	777	0.000062
699	819	0.000008
699	826	0.037233
699	842	0.000003
699	847	0.000004
700	704	0.751835
700	717	0.000033
700	718	0.000006
700	725	0.000976
700	726	0.000073
700	728	0.000013
700	729	0.000018
700	730	0.005612
700	737	0.000009
700	738	0.000004
700	752	0.000046
700	760	0.000656
700	762	0.001993
700	766	0.000003
700	768	0.000015
700	771	0.000009
700	776	0.000061
700	781	0.000004
700	818	0.000008
701	705	0.000008
701	711	0.000038
701	719	0.000011
701	720	0.016004
701	721	0.016465
701	722	0.000158
701	723	0.000327
701	724	0.001256
701	727	0.000021
701	731	0.000001
701	732	0.000014
701	735	0.000002
701	736	0.000007
701	739	0.000007
701	741	0.000005
701	750	0.000142
701	751	0.000031
701	759	0.000640
701	761	0.002007
701	763	0.000003
701	765	0.000004
701	770	0.000009
701	774	0.000004
701	775	0.000047
701	780	0.000004
701	817	0.000008
701	824	0.033104
701	825	0.000569
701	826	0.000003
701	827	0.000027
701	828	0.000006
701	829	0.000002
701	835	0.000017
701	841	0.000009
701	845	0.000001
702	710	0.000038
702	715	0.000049
702	717	0.000002
702	749	0.000158
702	758	0.000639
702	760	0.001937
702	816	0.000008
702	823	0.031171
702	834	0.000018
703	714	0.000049
703	718	0.000014
703	725	0.000175
703	726	0.000122
703	728	0.000130
703	729	0.000022
703	730	0.000008
703	737	0.000003
703	738	0.000002
703	746	0.000002
703	749	0.000005
703	758	0.000006
703	766	0.000002
703	767	0.000001
703	768	0.000002
703	771	0.000001
703	772	0.000001
703	773	0.000005
703	781	0.000001
703	815	0.000008
703	823	0.000004
703	833	0.000017
704	708	0.000002
704	711	0.000002
704	713	0.000050
704	719	0.104212
704	720	0.000154
704	721	0.000038
704	723	0.000005
704	724	0.000088
704	727	0.000013
704	747	0.000005
704	756	0.000006
704	765	0.000001
704	814	0.000004
704	832	0.000010
704	838	0.000006
704	841	0.000001
705	710	0.000002
705	716	0.000007
705	717	0.000123
705	718	0.106140
705	726	0.000004
705	746	0.000003
706	715	0.000010
706	716	0.000182
706	717	0.106252
707	714	0.000010
707	715	0.000218
707	716	0.106217
707	717	0.000004
708	714	0.000250
708	715	0.106127
708	716	0.000007
708	834	0.000008
709	714	0.092877
709	715	0.000010
709	725	0.000003
709	728	0.000004
709	729	0.000003
709	730	0.000001
709	760	0.000002
709	762	0.000161
709	833	0.000761
710	724	0.000007
710	727	0.000010
710	732	0.000003
710	739	0.000010
710	741	0.000001
710	744	0.000001
710	747	0.000002
710	750	0.000152
710	759	0.000033
710	761	0.000553
710	763	0.000003
710	765	0.000001
710	824	0.000007
710	829	0.000001
710	830	0.000002
710	831	0.000105
710	832	0.002096
710	835	0.006472
710	836	0.000006
711	715	0.000007
711	717	0.000003
711	749	0.000156
711	758	0.000044
711	760	0.000661
711	823	0.000007
711	834	0.007164
712	716	0.000003
712	718	0.000002
712	725	0.000214
712	726	0.000324
712	728	0.000036
712	729	0.000008
712	730	0.000002
712	737	0.000038
712	738	0.000002
712	746	0.000012
712	758	0.000005
712	833	0.008972
712	834	0.000004
713	717	0.000002
713	749	0.000027
713	758	0.000723
713	760	0.000008
713	834	0.000005
714	719	0.000019
714	720	0.000091
714	721	0.001150
714	722	0.000506
714	723	0.001124
714	724	0.055540
714	727	0.000032
714	732	0.000020
714	733	0.000020
714	734	0.000010
714	735	0.003681
714	736	0.000064
714	739	0.000010
714	740	0.000011
714	741	0.000501
714	742	0.000195
714	743	0.000009
714	744	0.001673
714	745	0.000029
714	747	0.000021
714	748	0.000036
714	750	0.000009
714	751	0.000037
714	753	0.000004
714	754	0.000306
714	755	0.000072
714	756	0.000671
714	757	0.000714
714	759	0.000008
714	763	0.000004
714	764	0.000008
714	765	0.000043
714	770	0.000007
714	774	0.000004
714	775	0.000010
714	780	0.000010
714	824	0.000002
714	825	0.000370
714	826	0.000038
714	827	0.001210
714	828	0.001721
714	829	0.002469
714	830	0.565950
714	831	0.088610
714	832	0.144964
714	838	0.000163
714	846	0.000026
715	719	0.000089
715	720	0.001146
715	721	0.000643
715	722	0.001116
715	723	0.055675
715	724	0.005160
715	727	0.000007
715	731	0.000017
715	732	0.000024
715	733	0.000017
715	734	0.003718
715	735	0.000072
715	736	0.000093
715	739	0.000014
715	740	0.000505
715	741	0.000233
715	742	0.000014
715	743	0.001689
715	744	0.000033
715	745	0.000080
715	747	0.000037
715	748	0.000003
715	750	0.000037
715	751	0.000023
715	753	0.000306
715	754	0.000090
715	755	0.000675
715	756	0.000717
715	763	0.000010
715	764	0.000038
715	765	0.000016
715	769	0.000002
715	770	0.000002
715	774	0.000011
715	779	0.000005
715	780	0.000003
715	824	0.000367
715	825	0.000049
715	826	0.001239
715	827	0.001731
715	828	0.002477
715	829	0.571790
715	830	0.088137
715	831	0.145011
715	832	0.000745
715	837	0.000164
715	838	0.000002
715	845	0.000026
716	720	0.000625
716	721	0.001665
716	722	0.054404
716	723	0.005167
716	724	0.006033
716	731	0.000013
716	732	0.000018
716	733	0.003775
716	734	0.000043
716	735	0.000101
716	736	0.000062
716	739	0.000505
716	740	0.000227
716	741	0.000016
716	742	0.001716
716	743	0.000020
716	744	0.000085
716	745	0.000054
716	747	0.000004
716	748	0.000011
716	750	0.000023
716	751	0.000289
716	753	0.000089
716	754	0.000793
716	755	0.000593
716	757	0.000009
716	763	0.000034
716	764	0.000014
716	824	0.000041
716	825	0.001511
716	826	0.001313
716	827	0.002347
716	828	0.573037
716	829	0.087128
716	830	0.144514
716	831	0.000746
716	832	0.000004
716	836	0.000164
716	837	0.000002
716	844	0.000026
717	721	0.052171
717	722	0.003158
717	723	0.006277
717	724	0.000179
717	731	0.000008
717	732	0.003867
717	733	0.000018
717	734	0.000098
717	735	0.000124
717	739	0.000228
717	740	0.000011
717	741	0.001758
717	742	0.000008
717	743	0.000081
717	744	0.000089
717	747	0.000012
717	748	0.000008
717	750	0.000289
717	751	0.000012
717	753	0.000788
717	754	0.000589
717	756	0.000012
717	763	0.000014
717	765	0.000003
717	770	0.000001
717	780	0.000002
717	824	0.001509
717	825	0.001574
717	826	0.001330
717	827	0.573849
717	828	0.085682
717	829	0.143305
717	830	0.000742
717	831	0.000004
717	835	0.000163
717	836	0.000002
717	843	0.000026
718	722	0.004893
718	727	0.000557
718	731	0.003439
718	733	0.000121
718	734	0.000147
718	736	0.000050
718	740	0.001575
718	742	0.000087
718	743	0.000095
718	745	0.000023
718	748	0.000026
718	755	0.000013
718	757	0.000001
718	759	0.000055
718	761	0.000216
718	764	0.000004
718	769	0.000002
718	779	0.000002
718	826	0.493296
718	842	0.000022
719	749	0.000234
719	758	0.000064
719	760	0.000253
719	823	0.000455
719	834	0.000035
720	749	0.000099
720	758	0.000033
720	760	0.000036
720	823	0.000653
721	749	0.000991
721	758	0.000268
721	760	0.000076
721	786	0.000002
721	823	0.008320
721	834	0.000003
722	726	0.000433
722	728	0.000811
722	729	0.001844
722	730	0.000494
722	737	0.000330
722	738	0.000130
722	746	0.000044
722	749	0.000015
722	752	0.000008
722	758	0.000002
722	760	0.000010
722	762	0.000017
722	766	0.000004
722	767	0.000004
722	768	0.000002
722	771	0.000002
722	772	0.000002
722	773	0.000002
722	776	0.000002
722	781	0.000018
722	782	0.000005
722	785	0.000002
722	823	0.000029
722	833	0.000003
723	749	0.000094
723	758	0.000025
723	760	0.000062
723	784	0.000002
723	823	0.000208
724	749	0.004992
724	758	0.000399
724	760	0.000277
724	823	0.000127
725	731	0.000738
725	733	0.000652
725	734	0.006814
725	736	0.000507
725	740	0.000177
725	742	0.000124
725	743	0.000628
725	745	0.000133
725	748	0.004702
725	755	0.000006
725	757	0.000355
725	759	0.000231
725	761	0.000008
725	764	0.000007
725	769	0.000003
725	775	0.000003
725	777	0.000002
725	778	0.000717
725	779	0.000021
725	826	0.000007
726	731	0.000756
726	733	0.006788
726	734	0.002357
726	736	0.000703
726	740	0.000169
726	742	0.000658
726	743	0.000512
726	745	0.000231
726	748	0.000095
726	755	0.000010
726	757	0.000008
726	759	0.000301
726	761	0.000197
726	764	0.000006
726	769	0.000031
726	775	0.000003
726	777	0.000908
726	778	0.000020
726	779	0.000007
726	826	0.000005
727	737	0.007745
727	738	0.000388
727	746	0.003283
727	749	0.000221
727	752	0.000006
727	758	0.000340
727	760	0.000199
727	762	0.000063
727	766	0.000005
727	767	0.000005
727	768	0.000032
727	771	0.000006
727	772	0.000008
727	773	0.000003
727	776	0.000931
727	781	0.000077
727	782	0.000013
728	733	0.001162
728	734	0.002301
728	736	0.008263
728	740	0.000276
728	742	0.000186
728	743	0.000960
728	745	0.003316
728	748	0.000261
728	755	0.000008
728	757	0.000308
728	759	0.000173
728	761	0.000067
728	764	0.000005
728	769	0.000007
728	775	0.000878
728	777	0.000004
728	778	0.000027
728	779	0.002357
728	826	0.000005
729	733	0.001756
729	734	0.001576
729	736	0.003294
729	740	0.000444
729	742	0.001082
729	743	0.001248
729	745	0.000255
729	748	0.000130
729	755	0.000017
729	757	0.000013
729	759	0.000009
729	761	0.000035
729	764	0.000008
729	769	0.000009
729	775	0.000017
729	777	0.000032
729	778	0.003088
729	779	0.000099
729	826	0.000004
730	734	0.000599
730	736	0.001426
730	740	0.000332
730	742	0.001226
730	743	0.001382
730	745	0.000169
730	748	0.000096
730	755	0.000025
730	757	0.000016
730	759	0.000051
730	761	0.000070
730	764	0.000007
730	769	0.000080
730	775	0.000031
730	777	0.003201
730	778	0.000114
730	779	0.000027
730	826	0.000003
731	737	0.000650
731	738	0.001137
731	746	0.000058
731	749	0.000026
731	752	0.000009
731	758	0.000042
731	760	0.000056
731	762	0.000012
731	766	0.000020
731	767	0.000013
731	768	0.000081
731	771	0.000007
731	772	0.000027
731	773	0.000018
731	776	0.002879
731	781	0.000006
731	782	0.000003
732	749	0.001478
732	758	0.000185
732	760	0.000100
732	823	0.000004
733	737	0.000662
733	738	0.000919
733	746	0.000415
733	749	0.000197
733	752	0.000014
733	758	0.000019
733	760	0.000032
733	762	0.000034
733	766	0.000035
733	767	0.000105
733	768	0.000056
733	771	0.000027
733	772	0.000275
733	773	0.000178
733	776	0.000141
733	781	0.000008
733	782	0.000024
734	738	0.000413
734	746	0.000180
734	749	0.000045
734	752	0.000012
734	758	0.000004
734	760	0.000006
734	762	0.000036
734	766	0.000110
734	767	0.000063
734	768	0.000014
734	771	0.000277
734	772	0.000198
734	773	0.000155
734	776	0.000122
734	781	0.000028
734	782	0.000004
734	887	0.000001
735	749	0.002119
735	758	0.000252
735	760	0.000134
735	823	0.000003
735	886	0.000001
736	746	0.005489
736	749	0.000852
736	752	0.000042
736	758	0.000055
736	760	0.000074
736	762	0.000478
736	766	0.000023
736	767	0.000028
736	768	0.000035
736	771	0.000145
736	772	0.000087
736	773	0.000093
736	776	0.000573
736	781	0.000007
736	782	0.000005
737	742	0.001069
737	743	0.002140
737	745	0.006003
737	748	0.001000
737	755	0.000014
737	757	0.000062
737	759	0.000057
737	761	0.000411
737	764	0.000027
737	769	0.000059
737	775	0.000586
737	777	0.000009
737	778	0.000034
737	779	0.000017
737	826	0.000002
738	742	0.001641
738	743	0.000947
738	745	0.001750
738	748	0.000283
738	755	0.000032
738	757	0.000020
738	759	0.005036
738	761	0.007541
738	764	0.000025
738	769	0.000154
738	775	0.000050
738	777	0.000034
738	778	0.000017
738	779	0.000004
738	817	0.000017
738	819	0.000001
738	826	0.000002
738	883	0.000002
739	749	0.010420
739	758	0.005469
739	760	0.008134
739	816	0.000018
739	818	0.000001
739	823	0.000003
739	882	0.000002
740	746	0.000493
740	749	0.000341
740	752	0.000033
740	758	0.000012
740	760	0.000009
740	762	0.000043
740	766	0.000203
740	767	0.000326
740	768	0.000188
740	771	0.000437
740	772	0.000189
740	773	0.000045
740	776	0.000008
740	781	0.000007
740	782	0.000004
740	815	0.000017
740	881	0.000002
741	749	0.007474
741	758	0.005172
741	760	0.000208
741	816	0.000001
741	823	0.000002
742	746	0.000484
742	749	0.001730
742	752	0.000040
742	758	0.000045
742	760	0.000064
742	762	0.000392
742	766	0.000421
742	767	0.004353
742	768	0.006880
742	771	0.000102
742	772	0.000324
742	773	0.000089
742	776	0.000015
742	781	0.000015
742	782	0.000044
742	812	0.000036
742	877	0.000002
743	749	0.000248
743	752	0.000113
743	758	0.000009
743	760	0.000029
743	762	0.001766
743	766	0.004786
743	767	0.008145
743	768	0.000655
743	771	0.000337
743	772	0.000104
743	773	0.000009
743	776	0.000006
743	781	0.000052
743	782	0.000013
743	811	0.000052
743	876	0.000003
744	749	0.014538
744	758	0.000469
744	760	0.001459
744	810	0.000053
744	823	0.000002
744	875	0.000003
745	749	0.000181
745	752	0.000233
745	758	0.000246
745	760	0.041615
745	762	0.063426
745	766	0.001882
745	767	0.000644
745	768	0.000183
745	771	0.000027
745	772	0.000019
745	773	0.000010
745	776	0.000105
745	781	0.000015
745	782	0.000010
745	797	0.000002
745	809	0.000053
746	755	0.000103
746	757	0.000290
746	759	0.052691
746	761	0.072109
746	764	0.013387
746	769	0.000041
746	775	0.000107
746	777	0.000019
746	778	0.000015
746	779	0.000012
746	796	0.000003
746	808	0.000046
746	817	0.000001
746	826	0.000001
747	758	0.053938
747	760	0.071467
747	816	0.000001
747	823	0.000002
747	834	0.000008
747	895	0.000042
748	752	0.000054
748	758	0.000507
748	760	0.002285
748	762	0.290795
748	766	0.010195
748	767	0.000209
748	768	0.000063
748	771	0.000844
748	772	0.000053
748	773	0.000055
748	776	0.000114
748	781	0.001074
748	782	0.000043
748	815	0.000001
748	833	0.000022
748	894	0.000043
748	897	0.000458
749	753	0.000287
749	754	0.001766
749	755	0.000270
749	756	0.011779
749	757	0.000519
749	759	0.025118
749	761	0.354665
749	763	0.011036
749	764	0.000521
749	765	0.011877
749	769	0.000005
749	770	0.000970
749	774	0.000304
749	775	0.000110
749	777	0.000008
749	778	0.000007
749	779	0.000007
749	780	0.001241
749	783	0.000022
749	793	0.000033
749	805	0.000054
749	814	0.000001
749	824	0.000089
749	825	0.000018
749	827	0.000002
749	828	0.000002
749	829	0.000001
749	832	0.000024
749	870	0.000003
749	893	0.000043
749	896	0.000794
750	758	0.025301
750	760	0.289985
750	792	0.000037
750	804	0.000055
750	810	0.000001
750	823	0.000081
750	834	0.000001
750	869	0.000003
750	892	0.000042
750	895	0.000794
751	758	0.231738
751	760	0.439560
751	791	0.000037
751	803	0.000055
751	809	0.000001
751	868	0.000003
751	890	0.000002
751	891	0.000041
751	894	0.000787
752	757	0.169546
752	759	0.513164
752	761	0.007124
752	764	0.000015
752	769	0.000018
752	775	0.000028
752	777	0.000046
752	778	0.000024
752	779	0.000017
752	790	0.000036
752	802	0.000053
752	805	0.000001
752	867	0.000003
752	889	0.000003
753	758	0.507996
753	760	0.007696
753	804	0.000002
753	866	0.000003
753	888	0.000002
753	890	0.000015
753	891	0.000004
753	892	0.000086
753	895	0.000001
754	758	0.001727
754	760	0.003095
754	786	0.000015
754	803	0.000002
754	888	0.000039
754	890	0.000004
754	891	0.000086
754	894	0.000001
755	760	0.000032
755	762	0.000040
755	766	0.000046
755	767	0.000212
755	768	0.000712
755	771	0.000094
755	772	0.000204
755	773	0.000222
755	776	0.000066
755	781	0.000011
755	782	0.000020
755	785	0.000015
755	787	0.000027
755	887	0.000040
755	890	0.000066
756	760	0.000097
756	784	0.000015
756	786	0.000028
756	800	0.000056
756	834	0.000001
756	886	0.000040
756	888	0.000031
756	890	0.000003
756	895	0.000019
757	762	0.000046
757	766	0.021414
757	767	0.000306
757	768	0.000583
757	771	0.006947
757	772	0.000159
757	773	0.000178
757	776	0.000293
757	781	0.001995
757	782	0.000030
757	784	0.000006
757	785	0.000024
757	799	0.000057
757	833	0.000004
757	887	0.000030
757	888	0.000001
757	894	0.000020
758	763	0.000823
758	764	0.000027
758	765	0.025177
758	769	0.002300
758	770	0.008016
758	774	0.006851
758	775	0.000215
758	777	0.000356
758	778	0.000012
758	779	0.000040
758	780	0.002321
758	783	0.000493
758	798	0.000057
758	824	0.000002
758	825	0.000003
758	832	0.000004
758	862	0.000002
758	884	0.000012
758	893	0.000033
759	766	0.015272
759	767	0.000266
759	768	0.003871
759	771	0.004389
759	772	0.000093
759	773	0.006699
759	776	0.000404
759	781	0.001128
759	782	0.000468
759	784	0.000010
759	797	0.000056
759	881	0.000001
759	886	0.000002
759	892	0.000033
760	764	0.000041
760	765	0.020042
760	769	0.002045
760	770	0.005718
760	774	0.003420
760	775	0.000199
760	777	0.001648
760	778	0.000208
760	779	0.000027
760	780	0.001519
760	783	0.000285
760	788	0.000005
760	795	0.000008
760	796	0.000045
760	824	0.000004
760	825	0.000003
760	861	0.000003
760	884	0.000034
760	885	0.000002
760	896	0.000001
761	766	0.000577
761	767	0.001548
761	768	0.003099
761	771	0.000239
761	772	0.000188
761	773	0.003343
761	776	0.002297
761	781	0.000056
761	782	0.000337
761	787	0.000005
761	823	0.000002
761	860	0.000003
761	879	0.000009
761	890	0.000047
761	895	0.000001
762	769	0.000701
762	775	0.002229
762	777	0.000044
762	778	0.000078
762	779	0.000070
762	793	0.000032
762	794	0.000006
762	859	0.000003
762	878	0.000009
762	883	0.000056
762	889	0.000084
763	786	0.000020
763	792	0.000033
763	823	0.000003
763	858	0.000003
763	882	0.000058
763	888	0.000084
763	892	0.000001
764	768	0.000417
764	771	0.001393
764	772	0.000612
764	773	0.001373
764	776	0.000161
764	781	0.007632
764	782	0.000530
764	785	0.000022
764	791	0.000003
764	792	0.000015
764	876	0.000012
764	881	0.000054
764	887	0.000084
764	891	0.000001
765	784	0.000023
765	791	0.000048
765	823	0.000001
765	875	0.000013
765	886	0.000083
765	890	0.000001
766	775	0.001634
766	777	0.000215
766	778	0.001134
766	779	0.085019
766	790	0.000048
766	826	0.000001
766	874	0.000013
766	885	0.000074
766	889	0.000001
767	775	0.001055
767	777	0.001160
767	778	0.107849
767	779	0.005018
767	789	0.000043
767	794	0.000001
767	826	0.000001
767	873	0.000012
767	878	0.000017
768	775	0.002091
768	777	0.111850
768	778	0.005779
768	779	0.000899
768	793	0.000001
768	826	0.000002
768	872	0.000009
768	883	0.000017
769	773	0.000335
769	776	0.096780
769	781	0.000864
769	782	0.000340
769	785	0.000006
769	787	0.000043
769	792	0.000001
769	876	0.000058
769	882	0.000014
769	887	0.000007
770	784	0.000008
770	786	0.000044
770	791	0.000001
770	823	0.000001
770	875	0.000061
770	882	0.000003
770	886	0.000008
771	775	0.001276
771	777	0.000666
771	778	0.004751
771	779	0.010327
771	790	0.000001
771	826	0.000002
771	874	0.000061
771	885	0.000008
772	777	0.004213
772	778	0.012332
772	779	0.005254
772	789	0.000001
772	794	0.000019
772	826	0.000002
772	873	0.000056
773	777	0.007524
773	778	0.004231
773	779	0.000658
773	793	0.000023
773	826	0.000003
773	870	0.000003
773	872	0.000039
773	883	0.000024
774	784	0.000004
774	792	0.000024
774	823	0.000006
774	834	0.000004
774	869	0.000004
774	882	0.000026
775	781	0.001282
775	782	0.001776
775	791	0.000024
775	833	0.000008
775	868	0.000004
775	879	0.000009
775	881	0.000023
776	790	0.000023
776	826	0.000009
776	867	0.000004
776	878	0.000010
777	781	0.000419
777	782	0.000676
777	823	0.000001
777	866	0.000003
777	877	0.000007
777	879	0.000003
778	782	0.000357
778	823	0.000002
778	876	0.000004
778	877	0.000036
779	785	0.000001
779	787	0.000024
779	823	0.000005
779	875	0.000001
779	876	0.000042
780	784	0.000001
780	786	0.000024
780	823	0.000039
780	875	0.000046
781	826	0.000621
781	874	0.000043
782	826	0.000465
782	873	0.000032
783	823	0.921133
784	820	0.000107
784	822	0.999442
784	824	0.000002
784	825	0.000002
785	819	0.000107
785	821	0.999407
786	820	0.999707
787	817	0.000172
787	819	0.999365
788	816	0.000266
788	818	0.998355
789	800	0.000034
789	815	0.000183
789	816	0.851581
789	818	0.000007
790	799	0.000251
790	815	0.992935
790	816	0.000580
791	798	0.000287
791	814	0.999224
791	825	0.000028
792	798	0.000011
792	813	0.999260
792	824	0.000028
793	797	0.000009
793	811	0.000047
793	812	0.998219
793	823	0.000027
794	810	0.000093
794	811	0.997645
794	812	0.000007
795	803	0.000001
795	804	0.000013
795	809	0.000182
795	810	0.995269
796	803	0.000033
796	804	0.000007
796	809	0.797906
796	810	0.000158
796	811	0.000028
797	802	0.000064
797	805	0.059614
797	806	0.001000
797	808	0.632514
797	819	0.000050
798	803	0.014391
798	804	0.079341
798	809	0.189865
798	810	0.000003
798	818	0.000057
799	805	0.013009
799	806	0.274053
799	808	0.230763
799	817	0.000038
800	805	0.153813
800	806	0.003031
800	807	0.242428
800	808	0.000149
800	817	0.000556
801	809	0.000151
801	810	0.000005
801	816	0.000659
802	809	0.000013
802	815	0.000660
803	807	0.000896
803	808	0.000070
803	814	0.000661
804	808	0.000013
804	813	0.000661
805	811	0.000001
805	812	0.000643
806	810	0.000002
806	811	0.000487
816	824	0.000004
817	823	0.000004
818	822	0.000004
818	824	0.000002
819	823	0.000002
823	827	0.000053
823	828	0.000081
823	829	0.000019
823	830	0.000020
823	831	0.000007
823	832	0.000029
823	835	0.000013
823	896	0.000162
824	834	0.000014
824	895	0.000170
825	834	0.000045
825	894	0.000170
826	833	0.000109
827	834	0.000004
827	892	0.000072
827	895	0.000016
828	834	0.000003
828	891	0.000072
828	892	0.000002
828	894	0.000017
828	895	0.000040
829	834	0.000004
829	890	0.000072
829	891	0.000002
829	894	0.000041
829	895	0.000155
830	834	0.000001
830	888	0.000043
830	890	0.000002
830	892	0.000008
830	894	0.000157
830	895	0.000330
831	888	0.000028
831	891	0.000008
831	894	0.000327
831	895	0.003361
832	852	0.000027
832	886	0.000073
832	890	0.000008
832	894	0.003406
832	895	0.000073
833	839	0.000010
833	842	0.000012
833	847	0.000001
833	851	0.000028
833	885	0.000073
833	889	0.000008
834	838	0.000015
834	840	0.000001
834	841	0.000014
834	846	0.000001
834	850	0.000028
834	853	0.000027
834	884	0.000072
834	893	0.005504
834	896	0.001197
835	852	0.000027
835	882	0.000010
835	888	0.000001
835	891	0.000001
835	892	0.005514
835	895	0.001200
836	882	0.000012
836	886	0.000002
836	890	0.000001
836	891	0.005513
836	892	0.000002
836	894	0.001198
837	890	0.005511
837	891	0.000003
837	892	0.001035
838	882	0.000021
838	888	0.005418
838	890	0.000004
838	891	0.001035
838	892	0.000160
839	879	0.000001
839	881	0.000019
839	887	0.005417
839	890	0.000948
839	891	0.000160
840	882	0.000001
840	886	0.005377
840	888	0.000002
840	890	0.000204
840	895	0.000005
841	852	0.000003
841	882	0.001379
841	886	0.000016
841	888	0.001284
841	894	0.000005
842	876	0.000009
842	880	0.000003
842	881	0.001297
842	882	0.000102
842	887	0.001288
843	852	0.000003
843	869	0.000003
843	875	0.000009
843	882	0.000517
843	886	0.001278
843	892	0.000006
844	852	0.000002
844	868	0.000003
844	869	0.000002
844	882	0.000420
844	886	0.000004
844	891	0.000006
845	852	0.000117
845	858	0.000020
845	866	0.000002
845	868	0.000002
845	869	0.000003
845	875	0.000002
845	882	0.000145
845	890	0.000006
845	895	0.000019
846	852	0.000597
846	858	0.000037
846	866	0.000002
846	868	0.000004
846	875	0.000016
846	882	0.001038
846	888	0.000003
846	894	0.000019
846	895	0.000006
847	852	0.000045
847	854	0.000016
847	858	0.000002
847	860	0.000011
847	875	0.000004
847	876	0.000074
847	877	0.005010
847	879	0.000027
847	880	0.000035
847	881	0.000956
847	882	0.000007
847	887	0.000003
847	888	0.000003
847	894	0.000006
848	852	0.000007
848	854	0.000010
848	858	0.000002
848	860	0.000013
848	875	0.000074
848	876	0.006350
848	877	0.000039
848	879	0.000027
848	880	0.000611
848	881	0.000004
848	886	0.000003
848	887	0.000004
848	892	0.000002
848	897	0.000002
849	858	0.000094
849	869	0.000010
849	875	0.006444
849	882	0.000002
849	886	0.000004
849	891	0.000003
849	892	0.000016
849	895	0.000016
850	858	0.000123
850	868	0.000010
850	869	0.000010
850	875	0.000216
850	882	0.000007
850	890	0.000003
850	891	0.000016
850	894	0.000016
850	895	0.000057
851	858	0.000214
851	860	0.016779
851	868	0.000010
851	875	0.000015
851	876	0.000017
851	877	0.000098
851	879	0.000005
851	881	0.000007
851	890	0.000016
851	894	0.000059
851	897	0.001498
852	856	0.000051
852	857	0.000461
852	859	0.021786
852	861	0.000091
852	862	0.000009
852	863	0.000005
852	867	0.000015
852	870	0.000008
852	871	0.002157
852	872	0.000931
852	873	0.000058
852	874	0.000029
852	878	0.000005
852	883	0.000004
852	889	0.000016
852	893	0.000066
852	896	0.005928
853	858	0.022083
853	866	0.000015
853	868	0.000035
853	869	0.000009
853	875	0.000456
853	882	0.000004
853	888	0.000016
853	892	0.000048
853	894	0.000049
853	895	0.004145
854	859	0.000017
854	867	0.000037
854	870	0.008896
854	872	0.000001
854	873	0.000002
854	874	0.000265
855	866	0.000035
855	868	0.000014
855	869	0.009526
855	875	0.000003
855	891	0.000022
855	892	0.000954
855	894	0.000254
855	895	0.000916
856	866	0.000001
856	868	0.009533
856	869	0.000154
856	875	0.000011
856	890	0.000022
856	891	0.000958
856	892	0.000369
856	894	0.000674
856	895	0.074158
857	866	0.015758
857	868	0.000332
857	869	0.000320
857	875	0.005583
857	888	0.000006
857	890	0.000955
857	891	0.000354
857	892	0.000032
857	894	0.094144
857	895	0.000439
858	862	0.000475
858	863	0.001693
858	864	0.001145
858	865	0.017652
858	867	0.000270
858	870	0.000006
858	871	0.017145
858	872	0.000875
858	873	0.000186
858	874	0.005110
858	878	0.000041
858	889	0.000783
858	893	0.092528
858	896	0.077305
859	866	0.000060
859	868	0.001792
859	869	0.000006
859	875	0.000027
859	876	0.000009
859	877	0.000043
859	879	0.000007
859	880	0.000002
859	881	0.000002
859	886	0.000004
859	887	0.000010
859	888	0.000021
859	890	0.000303
859	892	0.013523
859	894	0.000823
859	895	0.072495
859	897	0.001616
860	867	0.002651
860	870	0.049137
860	872	0.000185
860	873	0.000022
860	874	0.000015
860	878	0.000005
860	885	0.000002
860	889	0.000401
861	866	0.002796
861	868	0.000534
861	869	0.054571
861	875	0.000016
861	886	0.000021
861	888	0.000412
861	890	0.000112
861	891	0.004322
861	892	0.120250
861	894	0.033615
861	895	0.175433
862	866	0.000092
862	868	0.054266
862	869	0.005838
862	875	0.000019
862	886	0.000069
862	888	0.000025
862	890	0.004275
862	891	0.126688
862	892	0.083283
862	894	0.177063
862	895	0.000089
863	868	0.005972
863	869	0.002445
863	875	0.000013
863	886	0.000175
863	888	0.000806
863	890	0.126216
863	891	0.087648
863	892	0.184396
863	894	0.000080
863	895	0.000022
864	868	0.002437
864	869	0.000035
864	875	0.000026
864	886	0.000091
864	888	0.003293
864	890	0.087918
864	891	0.184683
864	892	0.000186
864	894	0.000014
864	895	0.004075
865	869	0.000009
865	875	0.000346
865	882	0.000003
865	886	0.002205
865	888	0.200989
865	890	0.184410
865	891	0.000183
865	892	0.000010
865	894	0.004160
866	870	0.000001
866	871	0.000173
866	872	0.000003
866	873	0.000024
866	874	0.000311
866	878	0.000057
866	884	0.000003
866	885	0.001450
866	889	0.156212
866	893	0.004171
866	896	0.000457
867	875	0.000008
867	876	0.000077
867	877	0.000061
867	879	0.000070
867	880	0.000010
867	881	0.000008
867	886	0.232928
867	887	0.013860
867	888	0.012191
867	890	0.000025
867	891	0.000021
867	892	0.004121
867	895	0.000456
868	872	0.000007
868	873	0.000006
868	874	0.000015
868	878	0.000077
868	883	0.000006
868	884	0.003619
868	885	0.383745
868	889	0.000260
869	873	0.000009
869	874	0.000065
869	878	0.000162
869	883	0.003435
869	884	0.391917
869	885	0.001231
869	889	0.000142
869	893	0.000461
870	875	0.000039
870	876	0.002722
870	877	0.000200
870	879	0.000048
870	880	0.000021
870	881	0.000033
870	882	0.000027
870	886	0.000007
870	887	0.000767
870	888	0.000002
870	890	0.000009
870	891	0.000003
870	892	0.000459
871	875	0.005025
871	882	0.401250
871	886	0.000772
871	888	0.007493
871	890	0.000004
871	891	0.000445
872	876	0.000216
872	877	0.000352
872	879	0.002105
872	880	0.006137
872	881	0.414121
872	882	0.000624
872	886	0.000001
872	887	0.007510
872	888	0.000019
872	890	0.000416
873	877	0.000169
873	879	0.007499
873	880	0.398937
873	881	0.016415
873	882	0.000234
873	886	0.006143
873	887	0.000047
873	888	0.000053
874	879	0.314747
874	880	0.020469
874	881	0.005795
874	882	0.000008
874	886	0.000047
874	887	0.000077
874	888	0.000033
874	897	0.000003
875	883	0.000003
875	884	0.007934
875	885	0.000009
875	896	0.000005
876	883	0.007058
876	885	0.000079
877	883	0.000067
877	885	0.000020
877	889	0.000002
878	882	0.000098
878	886	0.000005
878	887	0.000003
878	888	0.000002
878	894	0.000003
878	895	0.000008
878	897	0.000041
879	883	0.000002
879	885	0.000007
880	885	0.000004
881	885	0.000001
882	893	0.009541
882	896	0.001320
883	891	0.000023
883	892	0.009525
883	895	0.000829
883	897	0.000005
884	890	0.000043
884	891	0.009518
884	892	0.000043
884	894	0.000802
884	895	0.000687
885	890	0.008331
885	891	0.000048
885	892	0.000096
885	894	0.000704
885	897	0.000002
886	893	0.000926
886	896	0.000007
888	893	0.000027
888	896	0.001036
889	894	0.000002
889	895	0.001027
889	897	0.000186
890	896	0.000301
891	896	0.000370
892	896	0.000035
