1	7	0.000037
1	8	0.000032
1	9	0.000008
1	12	0.000032
1	13	0.000016
1	15	0.000138
1	29	0.000002
1	33	0.000006
1	41	0.222616
1	61	0.000003
1	67	0.067983
1	253	0.004227
1	851	0.000152
1	855	0.050701
1	858	0.000108
1	867	0.000041
1	868	0.000079
1	869	0.000342
1	871	0.000045
1	872	0.000137
1	873	0.000385
1	874	0.001331
1	877	0.001083
1	878	0.003013
2	7	0.000113
2	8	0.000025
2	9	0.000005
2	11	0.000042
2	12	0.000031
2	14	0.000166
2	15	0.000054
2	28	0.000005
2	30	0.000507
2	32	0.000006
2	33	0.000001
2	39	0.000184
2	40	0.296336
2	41	0.001765
2	42	0.004443
2	46	0.001162
2	50	0.000018
2	52	0.000006
2	53	0.000097
2	60	0.000005
2	61	0.000002
2	62	0.046256
2	64	0.000137
2	65	0.005029
2	66	0.077077
2	67	0.000239
2	251	0.000005
2	252	0.005613
2	253	0.000063
2	254	0.000133
2	257	0.000002
2	850	0.000219
2	851	0.000061
2	853	0.000029
2	854	0.057134
2	855	0.021961
2	858	0.000058
2	865	0.002870
2	867	0.000080
2	868	0.000330
2	869	0.000980
2	871	0.000097
2	872	0.000364
2	873	0.002234
2	874	0.001996
2	875	0.152864
2	877	0.002681
2	878	0.000417
2	880	0.029006
3	7	0.000038
3	8	0.000034
3	9	0.000017
3	11	0.000034
3	13	0.000164
3	14	0.000070
3	29	0.000512
3	30	0.000005
3	32	0.000001
3	39	0.296540
3	40	0.002220
3	41	0.003614
3	42	0.055557
3	46	0.000113
3	50	0.000007
3	52	0.000098
3	60	0.000001
3	61	0.046663
3	62	0.000311
3	64	0.005070
3	65	0.076477
3	66	0.000286
3	67	0.000003
3	251	0.005596
3	252	0.000078
3	253	0.000043
3	254	0.000156
3	257	0.000002
3	849	0.000194
3	850	0.000099
3	853	0.036048
3	854	0.023563
3	855	0.000169
3	858	0.000029
3	865	0.000807
3	867	0.000129
3	868	0.001125
3	869	0.000521
3	871	0.000106
3	872	0.001962
3	873	0.002552
3	874	0.139489
3	875	0.063045
3	877	0.000216
3	878	0.001814
3	880	0.034146
4	8	0.000045
4	9	0.000035
4	12	0.000156
4	13	0.000068
4	26	0.000007
4	28	0.000515
4	29	0.000003
4	41	0.053438
4	58	0.000009
4	60	0.047431
4	61	0.000161
4	67	0.000004
4	253	0.000098
4	848	0.000157
4	849	0.000085
4	851	0.000027
4	855	0.000115
4	858	0.000047
4	867	0.000956
4	868	0.000467
4	869	0.000076
4	871	0.001460
4	872	0.001928
4	873	0.117408
4	874	0.054022
4	877	0.001654
4	878	0.013374
5	10	0.000112
5	16	0.000002
5	25	0.000007
5	27	0.000516
5	48	0.000018
5	56	0.000024
5	57	0.000009
5	59	0.047515
5	68	0.001036
5	248	0.000002
5	249	0.000018
5	250	0.002151
5	256	0.000008
5	261	0.000001
5	846	0.000001
5	852	0.007418
5	879	0.056186
6	15	0.000002
6	24	0.000007
6	26	0.000513
6	41	0.000828
6	55	0.000026
6	58	0.043646
6	60	0.000004
6	61	0.000014
6	67	0.000843
6	848	0.000015
6	849	0.000003
6	851	0.004352
6	855	0.000078
6	858	0.000431
6	867	0.000209
6	868	0.000042
6	869	0.000175
6	871	0.005966
6	872	0.001810
6	873	0.000765
6	874	0.000212
6	877	0.002736
6	878	0.045479
7	22	0.000001
7	25	0.000477
7	37	0.000082
7	38	0.006707
7	43	0.000232
7	44	0.000238
7	45	0.000110
7	47	0.000034
7	48	0.000008
7	49	0.000012
7	51	0.000003
7	54	0.000027
7	56	0.000043
7	57	0.040196
7	59	0.000003
7	63	0.000065
7	68	0.000002
7	250	0.000002
7	255	0.000017
7	847	0.000018
7	852	0.000001
7	856	0.000032
7	857	0.000452
7	859	0.000027
7	860	0.000081
7	861	0.000127
7	862	0.000139
7	863	0.000141
7	864	0.000193
7	866	0.000206
7	870	0.005287
7	876	0.002937
7	879	0.000099
7	881	0.000184
7	882	0.000208
8	17	0.000001
8	21	0.000004
8	22	0.000242
8	37	0.003787
8	38	0.763034
8	43	0.000159
8	44	0.000094
8	45	0.000014
8	47	0.000012
8	48	0.000012
8	49	0.000003
8	51	0.000003
8	54	0.000013
8	56	0.010222
8	57	0.000019
8	63	0.000003
8	68	0.000001
8	255	0.000007
8	847	0.000004
8	856	0.000235
8	857	0.000021
8	859	0.000052
8	860	0.000115
8	861	0.000134
8	862	0.000136
8	863	0.000177
8	864	0.000024
8	866	0.000016
8	870	0.000076
8	876	0.001480
8	879	0.000036
8	881	0.000190
8	882	0.000771
9	16	0.000001
9	19	0.000026
9	21	0.000299
9	22	0.000007
9	31	0.000004
9	34	0.000002
9	37	0.962032
9	38	0.000312
9	43	0.000030
9	44	0.000005
9	47	0.000003
9	48	0.000001
9	51	0.000003
9	54	0.000050
9	56	0.000005
9	255	0.000001
9	847	0.000002
9	856	0.000012
9	857	0.000004
9	859	0.000052
9	860	0.000077
9	861	0.000078
9	862	0.000100
9	863	0.000017
9	864	0.000004
9	866	0.000009
9	870	0.000009
9	876	0.000029
9	879	0.000009
9	881	0.001381
9	882	0.000007
10	18	0.000030
10	20	0.000301
10	23	0.000018
10	30	0.000005
10	32	0.000002
10	33	0.000001
10	36	0.997132
10	42	0.000007
10	50	0.000003
10	52	0.000013
10	53	0.000043
10	865	0.000003
10	875	0.000004
10	880	0.001456
11	16	0.000058
11	35	0.997207
11	879	0.001442
12	16	0.000001
12	17	0.000002
12	19	0.000020
12	21	0.000004
12	22	0.000005
12	31	0.000006
12	34	0.989208
12	35	0.000005
12	37	0.000003
12	38	0.000006
12	51	0.000010
13	17	0.000006
13	19	0.000003
13	21	0.000005
13	31	0.000123
13	34	0.000110
13	37	0.000007
13	49	0.000107
13	876	0.000005
14	35	0.000028
14	48	0.000118
15	21	0.000006
15	22	0.000001
15	31	0.912302
15	34	0.000028
15	43	0.000001
15	47	0.000118
15	63	0.000041
15	876	0.000320
15	881	0.000002
16	20	0.000007
16	23	0.000002
16	28	0.000021
16	29	0.077513
16	30	0.915452
16	32	0.000049
16	33	0.000011
16	42	0.000001
16	46	0.000112
16	61	0.000044
16	62	0.000052
16	873	0.000002
16	874	0.000005
16	875	0.000365
16	880	0.000002
17	26	0.000068
17	28	0.533382
17	29	0.461774
17	41	0.000001
17	60	0.000080
17	61	0.000026
17	872	0.000001
17	873	0.000004
17	874	0.000290
18	25	0.000142
18	27	0.987246
18	59	0.000109
18	68	0.000015
18	879	0.000002
19	24	0.000104
19	26	0.986300
19	28	0.010460
19	58	0.000109
19	60	0.000001
19	67	0.000014
19	872	0.000006
19	873	0.000003
19	878	0.000001
20	25	0.982788
20	27	0.010710
20	57	0.000108
20	59	0.000001
20	68	0.000127
21	26	0.008104
21	28	0.000001
21	29	0.000003
21	67	0.000115
22	26	0.000008
22	28	0.000017
22	55	0.000009
22	67	0.000010
23	27	0.000017
23	35	0.000001
23	48	0.000012
23	57	0.000001
23	68	0.000020
24	34	0.000001
24	37	0.000022
24	47	0.000013
24	54	0.000002
24	56	0.000001
24	866	0.000001
25	36	0.000024
25	39	0.000004
25	46	0.000013
25	52	0.000114
25	53	0.000001
25	64	0.000404
25	65	0.000001
25	865	0.000001
25	867	0.000007
26	35	0.000024
26	37	0.000048
26	38	0.000002
26	45	0.000012
26	51	0.000115
26	63	0.000409
26	866	0.000007
27	36	0.000055
27	39	0.000004
27	50	0.000116
27	62	0.000411
27	865	0.000007
28	35	0.000053
28	38	0.000004
28	49	0.000107
28	864	0.000007
29	34	0.000031
29	37	0.000004
29	48	0.000089
29	49	0.000008
29	863	0.000006
30	35	0.000008
30	48	0.000015
30	59	0.000469
30	68	0.000003
31	58	0.000470
31	67	0.000003
32	48	0.000005
32	57	0.000471
33	38	0.000001
33	43	0.000003
33	44	0.000003
33	45	0.000001
33	47	0.000005
33	56	0.000469
33	63	0.000002
33	68	0.000002
33	856	0.000004
33	881	0.000014
33	882	0.000007
34	41	0.000046
34	55	0.000455
34	61	0.000054
34	67	0.000003
34	855	0.000004
35	39	0.000003
35	40	0.000051
35	42	0.000022
35	46	0.000004
35	50	0.000002
35	52	0.000002
35	53	0.000021
35	60	0.000083
35	62	0.000002
35	66	0.000002
35	854	0.000004
35	880	0.001161
36	48	0.000002
36	59	0.000086
36	879	0.001166
37	41	0.000009
37	58	0.000044
37	60	0.000002
37	61	0.000023
37	855	0.000001
37	868	0.000001
37	869	0.000002
37	872	0.000002
37	873	0.000005
37	874	0.000008
37	877	0.000002
37	878	0.001115
38	55	0.000002
38	58	0.005015
38	60	0.000063
38	61	0.000001
38	67	0.000003
38	855	0.000008
38	858	0.000003
38	867	0.000003
38	868	0.000003
38	869	0.000003
38	871	0.000003
38	872	0.000007
38	873	0.000016
38	874	0.000011
38	877	0.000782
38	878	0.000022
39	48	0.001636
39	56	0.000028
39	57	0.007729
39	59	0.000078
39	68	0.000579
39	69	0.001428
39	71	0.000003
39	72	0.011583
39	256	0.000002
39	259	0.000013
39	879	0.000430
40	48	0.017085
40	56	0.007915
40	57	0.000041
40	59	0.000010
40	68	0.005335
40	69	0.000207
40	71	0.011705
40	72	0.000001
40	256	0.000009
40	258	0.000013
40	261	0.000096
40	879	0.000413
41	45	0.000192
41	47	0.016095
41	48	0.000205
41	49	0.023295
41	51	0.000017
41	54	0.000032
41	56	0.000018
41	57	0.000182
41	63	0.000015
41	68	0.000469
41	69	0.000342
41	70	0.011655
41	73	0.000009
41	255	0.000019
41	260	0.000096
41	262	0.000015
41	856	0.000027
41	857	0.000026
41	859	0.000015
41	860	0.000019
41	861	0.000018
41	862	0.000017
41	863	0.000016
41	864	0.000010
41	866	0.000010
41	870	0.000018
41	876	0.000110
41	879	0.000049
41	881	0.001999
41	882	0.000050
42	48	0.028891
42	56	0.000808
42	57	0.000006
42	59	0.000094
42	68	0.052586
42	69	0.011335
42	72	0.000011
42	256	0.000007
42	259	0.000088
42	261	0.000018
42	852	0.000006
42	879	0.044450
43	55	0.000700
43	58	0.000090
43	60	0.000002
43	61	0.000027
43	67	0.049374
43	849	0.000001
43	851	0.000004
43	855	0.000436
43	858	0.000040
43	867	0.000022
43	868	0.000128
43	869	0.000636
43	871	0.000032
43	872	0.000207
43	873	0.000980
43	874	0.001793
43	877	0.000156
43	878	0.043763
44	55	0.000015
44	58	0.000015
44	60	0.000013
44	61	0.002949
44	67	0.000472
44	848	0.000001
44	849	0.000001
44	855	0.000185
44	858	0.000073
44	867	0.000123
44	868	0.000708
44	869	0.000225
44	871	0.000169
44	872	0.001033
44	873	0.002056
44	874	0.000777
44	877	0.033789
44	878	0.001543
45	55	0.000013
45	58	0.000090
45	60	0.003621
45	61	0.000052
45	67	0.000152
45	855	0.000115
45	858	0.000043
45	867	0.000511
45	868	0.000188
45	869	0.000042
45	871	0.000663
45	872	0.001166
45	873	0.000716
45	874	0.000200
45	877	0.001278
45	878	0.000400
46	56	0.008360
46	57	0.000094
46	59	0.003706
46	68	0.192869
46	69	0.000001
46	256	0.000005
46	261	0.000002
46	845	0.000005
46	852	0.029429
46	879	0.029240
47	55	0.008223
47	58	0.003387
47	60	0.000309
47	61	0.000721
47	67	0.193327
47	253	0.000001
47	844	0.000005
47	851	0.029874
47	855	0.003169
47	858	0.000025
47	867	0.000021
47	868	0.000033
47	869	0.000264
47	871	0.000035
47	872	0.000077
47	873	0.000362
47	874	0.001452
47	877	0.000249
47	878	0.025917
48	52	0.000263
48	53	0.002613
48	55	0.000018
48	58	0.000007
48	60	0.000523
48	61	0.417511
48	62	0.080045
48	64	0.000526
48	65	0.000823
48	66	0.171303
48	67	0.000004
48	252	0.000001
48	254	0.000073
48	843	0.000005
48	849	0.000002
48	850	0.030036
48	853	0.000002
48	854	0.003451
48	855	0.000028
48	858	0.000005
48	865	0.000186
48	867	0.000010
48	868	0.000252
48	869	0.000093
48	871	0.000015
48	872	0.000265
48	873	0.001242
48	874	0.000374
48	875	0.014920
48	877	0.005654
48	878	0.000165
48	880	0.005229
49	55	0.000061
49	58	0.001114
49	60	0.673865
49	61	0.040811
49	67	0.000001
49	253	0.000029
49	842	0.000005
49	848	0.000012
49	849	0.029235
49	855	0.000016
49	858	0.000007
49	867	0.000197
49	868	0.000078
49	869	0.000010
49	871	0.000185
49	872	0.000811
49	873	0.000362
49	874	0.012402
49	877	0.000170
49	878	0.000070
50	56	0.004413
50	57	0.001293
50	59	0.725416
50	68	0.000900
50	69	0.000003
50	71	0.000121
50	72	0.000032
50	256	0.000002
50	269	0.000004
50	852	0.000003
50	879	0.007239
51	55	0.002922
51	58	0.723541
51	60	0.000399
51	61	0.000012
51	67	0.000829
51	268	0.000004
51	848	0.000434
51	851	0.000003
51	855	0.000010
51	858	0.000004
51	867	0.000004
51	868	0.000005
51	869	0.000016
51	871	0.000024
51	872	0.000338
51	873	0.000181
51	874	0.000076
51	877	0.000046
51	878	0.005688
52	56	0.000635
52	57	0.716579
52	59	0.000415
52	68	0.000784
52	69	0.041971
52	845	0.000002
52	846	0.029580
52	879	0.000351
53	57	0.000470
53	59	0.000159
53	68	0.156836
53	69	0.000020
53	266	0.000003
53	269	0.000002
53	845	0.029617
53	846	0.000022
53	879	0.000230
54	58	0.000109
54	60	0.000049
54	61	0.000032
54	67	0.155230
54	268	0.000001
54	844	0.028295
54	858	0.000004
54	867	0.000039
54	868	0.000004
54	869	0.000032
54	871	0.000502
54	872	0.000007
54	873	0.000003
54	874	0.000003
54	877	0.000540
54	878	0.000169
55	59	0.000045
55	63	0.000411
55	68	0.000055
55	265	0.000064
55	856	0.000010
55	857	0.000004
55	866	0.000045
55	870	0.000549
55	876	0.000645
55	879	0.000047
55	881	0.000035
55	882	0.000002
56	60	0.000001
56	61	0.000001
56	62	0.000471
56	64	0.000067
56	65	0.171539
56	66	0.007510
56	67	0.000127
56	264	0.000091
56	842	0.000004
56	843	0.029454
56	844	0.000002
56	854	0.000014
56	855	0.000013
56	865	0.000043
56	867	0.000004
56	868	0.002601
56	869	0.000366
56	872	0.000003
56	875	0.000631
56	878	0.000146
56	880	0.000039
57	61	0.000198
57	62	0.000101
57	64	0.172051
57	65	0.007320
57	66	0.000151
57	263	0.000092
57	842	0.029517
57	843	0.000003
57	853	0.000013
57	854	0.000013
57	865	0.000014
57	867	0.003717
57	868	0.000185
57	871	0.000004
57	874	0.000298
57	875	0.000012
57	877	0.000211
57	880	0.000057
58	63	0.150736
58	68	0.000001
58	262	0.000090
58	841	0.029554
58	852	0.000011
58	859	0.000005
58	863	0.000001
58	864	0.000014
58	866	0.004029
58	870	0.000004
58	876	0.000218
58	879	0.000054
58	881	0.000135
59	64	0.003656
59	65	0.000054
59	66	0.000066
59	67	0.000002
59	263	0.000002
59	840	0.029569
59	851	0.000003
59	854	0.000001
59	858	0.000007
59	865	0.004078
59	869	0.000003
59	871	0.000005
59	872	0.000009
59	873	0.000003
59	875	0.000217
59	877	0.000002
59	878	0.000018
59	880	0.000184
60	68	0.000012
60	70	0.000006
60	260	0.000081
60	261	0.000020
60	262	0.000005
60	839	0.029530
60	857	0.000007
60	860	0.000001
60	861	0.000005
60	862	0.000003
60	863	0.000010
60	864	0.003973
60	870	0.000005
60	876	0.000003
60	879	0.000163
60	881	0.000003
60	882	0.000004
61	68	0.000050
61	69	0.000044
61	70	0.000010
61	255	0.000003
61	259	0.000074
61	260	0.000060
61	261	0.000006
61	262	0.001552
61	838	0.029369
61	856	0.000006
61	859	0.000002
61	860	0.000006
61	861	0.000006
61	862	0.000016
61	863	0.003219
61	864	0.000002
61	870	0.000003
61	876	0.000006
61	879	0.000002
61	881	0.000024
61	882	0.000003
62	68	0.030227
62	69	0.000060
62	258	0.000087
62	259	0.000099
62	261	0.002858
62	837	0.029373
62	852	0.000001
62	879	0.001193
63	67	0.019968
63	835	0.000094
63	836	0.026823
63	855	0.000010
63	858	0.000006
63	867	0.000004
63	868	0.000006
63	869	0.000006
63	871	0.000005
63	872	0.000008
63	873	0.000017
63	874	0.000017
63	877	0.000022
63	878	0.001043
64	68	0.002128
64	69	0.000011
64	72	0.000012
64	256	0.000015
64	258	0.000525
64	259	0.019954
64	261	0.000146
64	831	0.000034
64	832	0.020419
64	879	0.001147
65	69	0.000006
65	71	0.000012
65	72	0.000027
65	256	0.000081
65	258	0.020344
65	259	0.000789
65	261	0.000068
65	830	0.000034
65	831	0.020445
65	832	0.000421
65	879	0.000202
66	71	0.000027
66	256	0.029082
66	258	0.000790
66	259	0.000423
66	266	0.000037
66	830	0.020315
66	831	0.000419
66	832	0.000004
66	879	0.000297
67	255	0.040475
67	256	0.000578
67	258	0.000456
67	265	0.000047
67	525	0.000002
67	771	0.000014
67	781	0.000001
67	825	0.000001
67	828	0.000017
67	829	0.016532
67	830	0.000308
67	831	0.000003
67	856	0.000145
67	857	0.000021
67	859	0.000042
67	860	0.000013
67	861	0.000012
67	862	0.000013
67	863	0.000012
67	864	0.000007
67	866	0.001256
67	870	0.000042
67	876	0.007448
67	879	0.000044
67	881	0.008156
67	882	0.000021
68	252	0.000001
68	253	0.000001
68	254	0.023882
68	257	0.000676
68	263	0.000001
68	264	0.000057
68	521	0.000002
68	524	0.000003
68	770	0.000025
68	774	0.000009
68	775	0.000001
68	780	0.000005
68	783	0.000004
68	823	0.000001
68	824	0.000004
68	826	0.000006
68	853	0.000001
68	854	0.000539
68	855	0.000162
68	858	0.000039
68	865	0.001634
68	867	0.000003
68	868	0.000006
68	869	0.000046
68	871	0.000004
68	872	0.000015
68	873	0.000038
68	874	0.000034
68	875	0.009346
68	877	0.000025
68	878	0.000074
68	880	0.009974
69	251	0.000001
69	252	0.000005
69	253	0.004505
69	254	0.917011
69	257	0.000002
69	263	0.000036
69	853	0.000001
69	854	0.000056
69	874	0.000128
69	875	0.000021
69	880	0.000007
70	253	0.977426
70	855	0.000003
70	873	0.000064
70	874	0.000013
70	878	0.000010
71	251	0.000037
71	252	0.987565
71	253	0.000075
71	254	0.000023
71	854	0.000003
71	872	0.000003
71	873	0.000003
71	875	0.000005
71	877	0.000002
72	251	0.951368
72	252	0.000104
72	253	0.000010
72	254	0.000023
72	853	0.000001
72	854	0.000001
72	872	0.000002
72	874	0.000004
72	875	0.000005
73	253	0.000024
73	871	0.000002
73	873	0.000004
73	874	0.000004
74	248	0.000595
74	249	0.979107
74	250	0.005242
75	247	0.000304
75	248	0.993379
75	249	0.002827
76	246	0.000010
76	247	0.997970
76	248	0.000459
77	246	0.999921
78	245	0.999915
79	244	0.999168
80	242	0.000039
80	243	0.998989
81	241	0.000039
81	242	0.999933
81	243	0.000002
82	240	0.000039
82	241	0.999945
82	242	0.000003
83	105	0.000009
83	239	0.000038
83	240	0.999932
83	241	0.000004
84	104	0.000118
84	105	0.000022
84	107	0.000012
84	236	0.000007
84	238	0.000014
84	239	0.999176
84	240	0.000005
85	105	0.000637
85	235	0.000017
85	238	0.958499
86	102	0.000077
86	103	0.082121
86	106	0.000148
86	108	0.000053
86	109	0.000010
86	115	0.000003
86	216	0.000012
86	217	0.000011
86	233	0.000002
86	234	0.000054
86	237	0.761780
87	99	0.000016
87	102	0.495019
87	103	0.000537
87	106	0.021183
87	108	0.000134
87	109	0.000003
87	113	0.000004
87	114	0.000005
87	115	0.000003
87	174	0.000002
87	215	0.000020
87	216	0.000026
87	217	0.000014
87	229	0.000003
87	231	0.000009
87	233	0.000071
87	234	0.000132
87	237	0.001303
88	93	0.000001
88	98	0.000031
88	100	0.000002
88	101	0.928972
88	104	0.039478
88	105	0.027687
88	107	0.000101
88	111	0.000010
88	213	0.000058
88	214	0.000002
88	230	0.000003
88	235	0.000005
88	236	0.000177
89	97	0.000031
89	100	0.930151
89	101	0.000008
89	104	0.028469
89	105	0.000003
89	107	0.000003
89	110	0.000010
89	172	0.000002
89	212	0.000057
89	213	0.000002
89	232	0.000040
89	235	0.000058
90	95	0.000027
90	99	0.930245
90	102	0.055198
90	103	0.014299
90	171	0.000002
90	211	0.000024
90	231	0.000040
90	233	0.000007
91	97	0.000076
91	98	0.929969
91	101	0.069507
91	105	0.000002
91	170	0.000003
91	230	0.000023
92	97	0.918514
92	98	0.000004
92	100	0.069620
92	101	0.000023
92	104	0.000002
92	107	0.000001
92	169	0.000003
92	232	0.000003
93	99	0.069545
93	103	0.000002
93	167	0.000001
93	231	0.000003
94	105	0.000002
94	168	0.000002
95	101	0.000001
95	104	0.000002
96	166	0.000003
97	103	0.000002
97	114	0.000003
97	165	0.000003
98	102	0.000002
98	113	0.000003
98	164	0.000003
99	112	0.000002
100	113	0.000001
100	114	0.000164
101	113	0.000293
101	114	0.000008
101	171	0.000016
101	215	0.000031
102	107	0.040873
102	110	0.001243
102	111	0.116364
102	112	0.000798
102	116	0.000025
102	117	0.000067
102	166	0.000007
102	168	0.000006
102	169	0.001681
102	170	0.000795
102	172	0.000001
102	175	0.000001
102	176	0.000001
102	212	0.000034
102	213	0.054910
102	214	0.000133
102	221	0.000014
102	228	0.000003
102	230	0.000003
102	236	0.000152
103	107	0.002424
103	110	0.116332
103	111	0.000953
103	112	0.000055
103	116	0.000130
103	166	0.000090
103	168	0.005690
103	169	0.000923
103	170	0.000018
103	172	0.000091
103	175	0.000004
103	212	0.055228
103	213	0.000159
103	214	0.000006
103	220	0.000014
103	227	0.000003
103	230	0.000005
103	232	0.000029
103	235	0.000143
103	236	0.000021
104	113	0.007669
104	114	0.038125
104	163	0.000004
104	164	0.000024
104	165	0.000094
104	167	0.006033
104	171	0.000097
104	173	0.000003
104	210	0.000007
104	211	0.048500
104	215	0.000196
104	218	0.000057
104	231	0.000031
104	233	0.000017
105	109	0.000725
105	113	0.038148
105	114	0.000204
105	115	0.000199
105	163	0.000024
105	164	0.000060
105	165	0.000001
105	167	0.000404
105	171	0.000002
105	173	0.000023
105	205	0.000001
105	207	0.000001
105	208	0.000002
105	210	0.013881
105	211	0.000009
105	215	0.000049
105	216	0.000060
105	217	0.000126
105	233	0.000275
105	234	0.000012
105	237	0.000003
106	112	0.033472
106	166	0.000691
106	168	0.237798
106	172	0.000045
106	214	0.000043
106	232	0.000310
106	235	0.000017
107	113	0.009803
107	114	0.002070
107	163	0.000016
107	164	0.000002
107	165	0.000641
107	167	0.278485
107	171	0.000046
107	173	0.000038
107	206	0.000241
107	210	0.000019
107	211	0.000002
107	215	0.001185
107	231	0.000312
107	233	0.000174
108	112	0.006483
108	166	0.142567
108	168	0.000613
108	172	0.000037
108	214	0.001012
108	232	0.000099
109	166	0.581357
109	168	0.000835
109	172	0.000009
109	232	0.000588
110	114	0.000229
110	162	0.000014
110	163	0.000105
110	164	0.017709
110	165	0.743072
110	167	0.000920
110	171	0.000010
110	173	0.000058
110	203	0.000002
110	204	0.000008
110	206	0.000005
110	211	0.000002
110	215	0.000012
110	231	0.000688
110	233	0.000013
111	161	0.000010
111	162	0.000058
111	163	0.017833
111	164	0.742986
111	165	0.001206
111	167	0.000173
111	171	0.000006
111	173	0.000053
111	202	0.000001
111	203	0.000008
111	204	0.000001
111	206	0.000015
111	210	0.000002
111	211	0.000002
111	215	0.000090
111	218	0.000002
111	231	0.000024
111	233	0.000009
112	161	0.000010
112	162	0.001076
112	163	0.722493
112	164	0.001120
112	165	0.000244
112	167	0.000039
112	171	0.000229
112	202	0.000002
112	205	0.000014
112	210	0.000002
112	215	0.000022
112	216	0.000009
112	217	0.000006
112	229	0.000865
112	231	0.000030
112	234	0.000001
112	237	0.000020
113	166	0.000185
113	168	0.000010
113	170	0.000524
113	209	0.000002
113	213	0.000316
113	214	0.000040
113	228	0.000920
113	230	0.000048
113	236	0.000042
114	160	0.000004
114	166	0.000013
114	169	0.000529
114	212	0.000314
114	213	0.000041
114	214	0.000003
114	221	0.000003
114	227	0.000918
114	230	0.000012
114	232	0.000001
114	235	0.000018
114	236	0.000075
115	166	0.000030
115	168	0.000526
115	220	0.000002
115	226	0.000762
115	232	0.000001
115	235	0.000063
116	161	0.000033
116	162	0.995696
116	163	0.000402
116	164	0.000005
116	165	0.000020
116	167	0.000145
117	161	0.999554
117	162	0.000217
117	163	0.000004
117	164	0.000015
117	165	0.000002
118	160	0.999471
119	159	0.999977
120	158	0.999979
121	156	0.000001
121	157	0.999033
122	156	0.999289
122	157	0.000001
123	155	0.999964
124	154	0.999511
125	153	0.999977
126	152	0.999984
127	150	0.000001
127	151	0.998859
128	150	0.998775
129	149	0.998652
130	148	0.911101
131	146	0.000002
131	147	0.649753
131	148	0.085284
132	146	0.387791
132	147	0.350045
133	139	0.000003
133	143	0.006217
133	146	0.611800
134	138	0.000003
134	140	0.000002
134	142	0.006271
134	145	0.866866
135	139	0.000002
135	143	0.007765
135	147	0.000026
136	143	0.976668
136	146	0.000034
137	142	0.986965
137	145	0.000042
138	143	0.000033
160	216	0.000005
161	214	0.000007
161	230	0.000003
162	170	0.000004
162	213	0.000022
162	214	0.000299
162	230	0.000078
163	168	0.000022
163	169	0.000015
163	170	0.000641
163	177	0.000018
163	178	0.000003
163	212	0.000039
163	213	0.007060
163	214	0.137584
163	221	0.000005
163	227	0.000001
163	228	0.028504
163	230	0.000015
163	232	0.000002
164	168	0.000009
164	169	0.000644
164	170	0.000081
164	176	0.000024
164	177	0.000004
164	212	0.007020
164	213	0.151830
164	214	0.027268
164	220	0.000004
164	221	0.000052
164	227	0.028580
164	228	0.000033
165	169	0.000080
165	170	0.000003
165	175	0.000032
165	176	0.000004
165	212	0.151054
165	213	0.030604
165	214	0.000442
165	220	0.000052
165	224	0.000001
165	226	0.028550
165	227	0.000033
165	230	0.000003
166	174	0.000032
166	210	0.000127
166	211	0.016550
166	215	0.000211
166	216	0.000126
166	217	0.000049
166	219	0.000052
166	223	0.000001
166	225	0.028607
166	229	0.000003
167	172	0.000001
167	175	0.003960
167	209	0.000151
167	212	0.153484
167	213	0.198243
167	214	0.000842
167	220	0.000001
167	224	0.028603
167	228	0.000003
167	235	0.000050
167	236	0.000005
168	173	0.000001
168	174	0.004009
168	207	0.000014
168	208	0.000133
168	210	0.000004
168	211	0.003872
168	215	0.000322
168	216	0.000259
168	217	0.000126
168	218	0.000001
168	219	0.000003
168	222	0.000063
168	223	0.028077
168	234	0.000063
169	173	0.003966
169	206	0.000025
169	210	0.002122
169	211	0.905731
169	215	0.000120
169	218	0.000001
169	222	0.011193
169	233	0.000067
170	206	0.000055
170	210	0.979876
170	211	0.000038
170	215	0.000004
170	218	0.000003
170	222	0.000010
170	231	0.000071
171	175	0.000014
171	209	0.990581
171	212	0.000064
171	213	0.000002
171	214	0.000002
171	220	0.000041
171	221	0.000017
171	230	0.000071
172	205	0.000023
172	206	0.000033
172	207	0.000519
172	208	0.980130
172	210	0.000025
172	211	0.000061
172	219	0.000043
172	229	0.000071
173	209	0.000080
173	212	0.000002
173	221	0.000010
173	228	0.000070
174	220	0.000009
174	226	0.000001
175	204	0.002911
175	206	0.240267
175	210	0.000003
175	211	0.000001
175	215	0.000002
175	218	0.000003
176	203	0.002194
176	204	0.994739
176	206	0.000006
177	202	0.001467
177	203	0.997746
177	204	0.000019
178	201	0.000739
178	202	0.998504
178	203	0.000013
179	199	0.000001
179	201	0.999230
179	202	0.000007
180	200	0.999463
181	198	0.000001
181	199	0.998119
182	198	0.998841
183	197	0.999964
184	196	0.999509
185	193	0.000002
185	195	0.999972
186	192	0.000006
186	194	0.999917
187	191	0.000024
187	193	0.991644
187	195	0.000007
188	192	0.980165
188	194	0.000008
189	193	0.000009
203	209	0.000002
203	213	0.000001
204	209	0.000002
204	212	0.000001
204	236	0.000002
205	214	0.000398
205	226	0.000001
205	235	0.000003
206	212	0.000010
206	213	0.000417
206	221	0.000123
206	224	0.000001
206	227	0.000008
206	236	0.000003
207	214	0.000003
207	220	0.000121
207	226	0.000008
207	235	0.000003
208	232	0.000009
209	215	0.000029
209	218	0.000137
209	222	0.000042
209	231	0.000010
210	214	0.000012
210	221	0.000096
210	228	0.000001
210	230	0.000010
211	220	0.000102
211	221	0.000057
211	227	0.000001
211	228	0.000004
211	232	0.000005
212	218	0.000268
212	222	0.000022
212	231	0.000015
212	233	0.000034
213	218	0.000457
213	222	0.000227
213	231	0.000012
213	233	0.000030
214	218	0.000012
214	219	0.000139
214	222	0.001241
214	223	0.000009
214	225	0.000063
214	229	0.000052
214	231	0.000114
214	237	0.000481
215	220	0.000007
215	221	0.004640
215	224	0.000102
215	227	0.000029
215	228	0.000060
215	230	0.000185
215	236	0.000892
215	238	0.000026
215	239	0.000522
216	220	0.003519
216	226	0.000029
216	235	0.000779
216	238	0.001169
217	226	0.000012
217	232	0.000002
217	235	0.000013
217	238	0.000295
218	224	0.000048
218	227	0.000495
218	228	0.000005
218	230	0.000003
218	232	0.000003
218	235	0.000009
218	236	0.962384
218	239	0.000004
219	226	0.000484
219	232	0.000245
219	235	0.964435
219	238	0.000007
220	225	0.000394
220	229	0.000002
220	231	0.000071
220	233	0.000008
220	234	0.964891
220	237	0.000010
221	231	0.000710
221	233	0.962114
222	226	0.000004
222	227	0.000298
222	228	0.000474
222	230	0.001238
222	232	0.359749
222	235	0.000003
222	236	0.002173
223	232	0.562417
223	235	0.002154
224	231	0.858591
224	233	0.002863
225	232	0.003285
225	235	0.000191
226	231	0.003065
226	234	0.000251
227	231	0.000324
227	233	0.000257
228	233	0.000047
229	235	0.000015
229	238	0.000002
231	235	0.000009
231	236	0.001991
231	238	0.000009
232	237	0.000014
248	254	0.000001
248	835	0.000002
248	855	0.000002
249	254	0.000003
249	264	0.000005
249	834	0.000004
249	854	0.000002
249	855	0.000001
250	254	0.000033
250	257	0.000133
250	263	0.000006
250	833	0.000004
250	853	0.000002
250	854	0.000009
250	858	0.000002
250	880	0.000110
251	256	0.000135
251	259	0.000007
251	831	0.000001
251	832	0.000004
251	852	0.000002
251	879	0.000109
252	258	0.000008
252	261	0.000044
252	830	0.000001
252	831	0.000004
253	260	0.000046
253	262	0.000002
253	828	0.000010
253	830	0.000002
253	856	0.000188
253	857	0.000013
253	859	0.000001
254	259	0.000048
254	261	0.000005
254	266	0.000002
254	269	0.000047
254	827	0.000019
254	852	0.000001
254	879	0.000044
255	268	0.000104
255	775	0.000031
255	778	0.000002
255	824	0.000001
255	826	0.000029
255	851	0.000002
255	855	0.032746
255	858	0.000128
255	867	0.000005
255	868	0.000005
255	869	0.000006
255	871	0.000004
255	872	0.000008
255	873	0.000016
255	874	0.000015
255	877	0.000011
255	878	0.000057
256	263	0.000129
256	264	0.000846
256	268	0.000020
256	523	0.000001
256	770	0.000002
256	774	0.000034
256	777	0.000002
256	780	0.000002
256	783	0.000548
256	824	0.000002
256	833	0.000002
256	850	0.000001
256	853	0.911166
256	854	0.018442
256	855	0.000021
256	880	0.000179
257	261	0.000045
257	266	0.001164
257	269	0.000249
257	394	0.000012
257	784	0.000003
257	809	0.000002
257	827	0.000009
257	832	0.000002
257	852	0.952739
257	879	0.000178
258	263	0.001809
258	264	0.010086
258	268	0.000204
258	393	0.000008
258	521	0.000021
258	524	0.000002
258	770	0.000008
258	774	0.000007
258	775	0.000013
258	778	0.000001
258	779	0.000002
258	780	0.000061
258	783	0.000023
258	796	0.000002
258	808	0.000002
258	823	0.000252
258	826	0.000003
258	834	0.000010
258	835	0.000003
258	850	0.000541
258	851	0.952338
258	853	0.000774
258	854	0.000913
258	855	0.000001
258	878	0.000033
259	263	0.009787
259	264	0.000401
259	268	0.000003
259	392	0.000006
259	520	0.000021
259	523	0.000001
259	524	0.000004
259	533	0.000002
259	765	0.000001
259	769	0.000003
259	770	0.000031
259	774	0.000014
259	777	0.000001
259	778	0.000003
259	779	0.000060
259	780	0.000743
259	783	0.000001
259	795	0.000002
259	807	0.000002
259	822	0.000287
259	824	0.000002
259	833	0.000010
259	834	0.000004
259	836	0.000025
259	849	0.000556
259	850	0.954468
259	851	0.000001
259	853	0.000916
259	854	0.000001
259	875	0.000003
259	877	0.000021
260	268	0.000044
260	523	0.000003
260	532	0.000002
260	764	0.000001
260	769	0.000027
260	775	0.000039
260	777	0.000004
260	778	0.000057
260	779	0.000739
260	794	0.000001
260	796	0.000001
260	806	0.000002
260	821	0.000288
260	823	0.000002
260	835	0.000483
260	836	0.000001
260	848	0.001156
260	849	0.946758
260	851	0.006831
260	874	0.000003
261	268	0.000004
261	273	0.000001
261	521	0.000002
261	524	0.000005
261	533	0.000003
261	763	0.000001
261	770	0.000047
261	774	0.000041
261	777	0.000035
261	778	0.000699
261	780	0.000030
261	783	0.000002
261	794	0.000001
261	795	0.000001
261	820	0.000288
261	822	0.000001
261	833	0.000083
261	834	0.000535
261	835	0.000001
261	848	0.714475
261	849	0.002310
261	850	0.007622
261	873	0.000002
261	875	0.000020
262	268	0.000012
262	523	0.000004
262	527	0.000001
262	532	0.000003
262	769	0.000040
262	775	0.000002
262	777	0.000600
262	778	0.000001
262	779	0.000026
262	793	0.000003
262	805	0.000002
262	819	0.000286
262	821	0.000001
262	848	0.006623
262	849	0.006722
262	851	0.000001
262	872	0.000002
262	874	0.000017
263	269	0.000171
263	270	0.000248
263	271	0.000003
263	391	0.000003
263	394	0.000005
263	395	0.000003
263	528	0.000004
263	529	0.000202
263	531	0.000003
263	792	0.000004
263	804	0.000003
263	818	0.000280
263	831	0.000282
263	832	0.000607
263	845	0.000011
263	846	0.968551
264	269	0.000828
264	270	0.000004
264	390	0.000003
264	394	0.000011
264	428	0.000001
264	528	0.000248
264	530	0.000003
264	791	0.000004
264	803	0.000003
264	816	0.000004
264	818	0.000003
264	827	0.000007
264	830	0.000283
264	831	0.000606
264	845	0.970287
264	846	0.000002
265	389	0.000003
265	527	0.000215
265	775	0.000157
265	779	0.000042
265	790	0.000003
265	802	0.000003
265	817	0.000002
265	826	0.000006
265	835	0.000005
265	844	0.969873
266	388	0.000003
266	524	0.010005
266	770	0.000682
266	774	0.000165
266	775	0.000002
266	778	0.000098
266	780	0.000015
266	783	0.000007
266	789	0.000002
266	795	0.000001
266	801	0.000003
266	834	0.000006
266	843	0.970351
267	387	0.000003
267	523	0.010027
267	527	0.000001
267	769	0.000675
267	777	0.000107
267	779	0.000013
267	826	0.000008
267	842	0.969759
268	385	0.000003
268	394	0.000081
268	395	0.000036
268	522	0.010020
268	525	0.000012
268	526	0.000001
268	767	0.000002
268	768	0.000627
268	771	0.000190
268	772	0.000009
268	773	0.000004
268	776	0.000108
268	781	0.000014
268	799	0.000003
268	825	0.000009
268	839	0.000001
268	841	0.968765
269	384	0.000003
269	393	0.000141
269	398	0.000001
269	520	0.000015
269	521	0.009948
269	524	0.000014
269	770	0.000212
269	774	0.000013
269	775	0.000093
269	780	0.000016
269	783	0.000002
269	798	0.000003
269	824	0.000007
269	834	0.000002
269	835	0.000028
269	840	0.963781
270	290	0.000001
270	383	0.000003
270	392	0.000074
270	393	0.995044
270	397	0.000002
270	520	0.002590
270	774	0.000023
270	834	0.000118
270	840	0.000004
271	289	0.000001
271	392	0.999718
271	393	0.000026
271	396	0.000002
271	833	0.000118
272	391	0.999842
272	395	0.000002
272	832	0.000118
273	390	0.999793
273	394	0.000002
273	831	0.000117
273	837	0.000001
274	288	0.000266
274	384	0.000008
274	387	0.000051
274	388	0.000157
274	389	0.993162
274	836	0.000001
275	287	0.000432
275	380	0.000021
275	383	0.000016
275	384	0.000004
275	386	0.000110
275	387	0.000259
275	388	0.960150
275	389	0.002217
275	392	0.000001
276	286	0.000435
276	379	0.000022
276	384	0.000011
276	387	0.826980
276	388	0.005724
276	389	0.000047
277	285	0.000438
277	378	0.000022
277	382	0.002065
277	385	0.006438
277	391	0.000001
278	284	0.000439
278	377	0.000022
278	381	0.002087
278	390	0.000002
279	287	0.000005
279	289	0.000015
279	290	0.000011
279	376	0.000005
279	380	0.001875
279	383	0.000940
279	384	0.007712
279	386	0.116725
279	387	0.000070
279	388	0.000471
279	389	0.000002
280	286	0.000005
280	288	0.000031
280	289	0.000009
280	379	0.001724
280	384	0.922446
280	387	0.000622
280	388	0.000001
281	287	0.000045
281	288	0.000006
281	290	0.000255
281	374	0.000002
281	380	0.000023
281	383	0.957043
281	384	0.000140
281	386	0.000707
282	286	0.000034
282	288	0.000001
282	289	0.000250
282	376	0.000002
282	379	0.000022
282	384	0.000075
283	288	0.000190
283	376	0.000297
283	384	0.000248
284	290	0.000023
284	374	0.000022
284	376	0.000023
284	379	0.000001
284	380	0.997093
284	383	0.000238
285	289	0.000017
285	376	0.000299
285	379	0.996899
286	372	0.000013
286	373	0.000020
286	375	0.000284
286	377	0.000020
286	378	0.996616
286	381	0.000006
286	382	0.000198
287	377	0.994707
287	381	0.000200
288	372	0.000205
288	373	0.004275
288	375	0.034436
288	377	0.000047
288	378	0.000005
289	372	0.003700
289	373	0.002858
289	375	0.058301
289	377	0.000004
289	378	0.001064
289	391	0.000005
290	377	0.001213
290	390	0.000008
291	371	0.001140
291	376	0.001377
291	389	0.000009
292	371	0.917968
292	376	0.000005
292	388	0.000009
293	368	0.000003
293	369	0.000009
293	370	0.987850
293	371	0.009938
293	374	0.000018
293	387	0.000009
294	367	0.000003
294	368	0.000007
294	369	0.987849
294	370	0.010642
294	371	0.000037
294	374	0.000027
294	386	0.000009
295	366	0.000003
295	372	0.000006
295	373	0.000025
295	385	0.000009
296	367	0.000063
296	368	0.997376
296	369	0.002075
296	370	0.000090
296	371	0.000005
296	384	0.000009
297	367	0.997607
297	368	0.002071
297	369	0.000090
297	370	0.000005
297	383	0.000009
298	365	0.000079
298	366	0.985665
298	382	0.000008
299	364	0.000017
299	367	0.001815
299	368	0.000004
299	380	0.000001
300	365	0.852524
300	366	0.000959
301	364	0.995133
302	362	0.000003
302	363	0.999950
303	361	0.000002
303	362	0.999987
304	361	0.999988
305	360	0.999956
306	359	0.999917
307	358	0.999743
308	357	0.999939
309	356	0.999938
310	355	0.999499
311	354	0.999192
312	353	0.999964
313	352	0.999668
314	350	0.000006
314	351	0.999765
315	329	0.001460
315	350	0.997678
315	351	0.000005
316	321	0.000145
316	322	0.000123
316	328	0.006726
316	331	0.000065
316	349	0.539395
316	352	0.000069
317	326	0.004759
317	327	0.012140
317	329	0.000176
317	342	0.000001
317	343	0.000196
317	344	0.000718
317	350	0.000033
317	351	0.000167
318	326	0.016171
318	327	0.000091
318	329	0.121882
318	342	0.000196
318	343	0.000715
318	344	0.000008
318	350	0.000203
319	328	0.122898
319	339	0.000002
319	349	0.000158
319	352	0.000002
320	326	0.018458
320	327	0.122932
320	329	0.000044
320	342	0.000127
320	343	0.000114
320	344	0.000764
320	350	0.000013
320	351	0.000004
321	325	0.015274
321	326	0.105287
321	327	0.000007
321	329	0.000001
321	330	0.000005
321	337	0.000005
321	340	0.000051
321	342	0.000105
321	343	0.000657
321	344	0.002163
321	345	0.001268
321	347	0.000001
321	350	0.000006
322	326	0.000184
322	327	0.000002
322	329	0.000005
322	330	0.000460
322	337	0.000014
322	340	0.000026
322	342	0.000417
322	343	0.002941
322	344	0.001349
322	345	0.000120
322	350	0.000004
322	351	0.000004
323	327	0.000004
323	329	0.000527
323	335	0.000043
323	342	0.003198
323	343	0.001349
323	344	0.000126
323	350	0.000069
323	351	0.000003
324	328	0.000346
324	334	0.000021
324	339	0.000002
324	349	0.000125
325	334	0.000685
325	339	0.000070
325	349	0.002166
326	333	0.000721
326	334	0.000002
326	338	0.000063
326	339	0.005719
326	341	0.000027
326	346	0.000002
326	348	0.002332
326	349	0.408732
327	332	0.000717
327	333	0.000002
327	336	0.000055
327	338	0.006132
327	341	0.000002
327	346	0.000045
327	348	0.853259
327	349	0.000009
328	335	0.000053
328	337	0.006144
328	340	0.000002
328	345	0.000020
328	347	0.858933
329	334	0.000020
329	336	0.006114
329	338	0.000001
329	339	0.000002
329	346	0.861840
329	348	0.000247
329	349	0.000011
330	334	0.000034
330	349	0.000077
331	335	0.000040
331	343	0.000001
331	344	0.001119
331	345	0.964203
331	347	0.000011
332	342	0.000001
332	343	0.001579
332	344	0.991166
333	342	0.001594
333	343	0.991252
333	344	0.000021
334	340	0.000052
334	342	0.988808
334	343	0.000022
334	344	0.000001
334	345	0.000001
334	347	0.000093
335	339	0.000065
335	341	0.973502
335	346	0.000127
336	342	0.000072
336	343	0.000003
336	344	0.000012
338	342	0.000003
338	343	0.000140
338	344	0.000001
339	343	0.000001
341	350	0.000017
342	348	0.000008
342	349	0.000028
343	348	0.000034
344	348	0.000002
345	349	0.000005
346	350	0.000013
370	377	0.000002
372	376	0.000006
374	381	0.000009
374	827	0.000001
375	826	0.000001
376	382	0.000001
376	385	0.000002
376	394	0.000003
376	525	0.000001
376	771	0.000006
376	825	0.000001
377	383	0.000004
377	384	0.000002
377	386	0.000005
377	388	0.000001
377	389	0.000001
377	393	0.000005
377	524	0.000002
377	770	0.000007
377	824	0.000001
378	387	0.000002
378	388	0.000002
378	523	0.000002
378	769	0.000007
379	391	0.000008
379	522	0.000001
379	768	0.000006
380	390	0.000012
380	394	0.000083
381	386	0.000022
381	388	0.000003
381	389	0.000013
381	392	0.000001
381	393	0.000084
382	387	0.000003
382	388	0.000012
383	390	0.000010
383	391	0.000076
384	390	0.000075
385	389	0.000052
386	839	0.000011
387	838	0.000011
388	772	0.000001
388	837	0.000010
389	771	0.000001
390	770	0.000001
390	834	0.000023
391	833	0.000023
392	832	0.000023
393	428	0.000002
393	431	0.000002
393	831	0.000023
394	401	0.000006
394	407	0.002697
394	409	0.002035
394	410	0.000031
394	520	0.000032
394	521	0.000077
394	523	0.000001
394	524	0.000119
394	527	0.000002
394	533	0.000002
394	765	0.000005
394	769	0.000001
394	770	0.000026
394	774	0.000016
394	780	0.000003
394	783	0.000003
394	833	0.000007
394	834	0.025482
394	835	0.000002
394	840	0.000003
395	407	0.968934
395	409	0.000001
395	520	0.000017
395	532	0.000004
395	833	0.025532
395	834	0.000001
396	405	0.000315
396	406	0.973878
396	531	0.000004
396	832	0.025529
397	404	0.000315
397	405	0.973872
397	406	0.000058
397	530	0.000004
397	831	0.025520
398	402	0.000029
398	404	0.973305
398	405	0.000101
398	406	0.000003
398	529	0.000004
398	830	0.025464
398	831	0.000001
398	839	0.000096
399	403	0.789932
399	404	0.000127
399	405	0.000010
399	406	0.000007
399	408	0.000019
399	440	0.000002
399	528	0.000004
399	825	0.000002
399	827	0.000018
399	828	0.000030
399	829	0.021385
399	830	0.000002
399	838	0.000098
399	839	0.000001
400	409	0.000005
400	439	0.000003
400	527	0.000004
400	823	0.000001
400	824	0.000006
400	826	0.000066
401	405	0.000121
401	406	0.001923
401	411	0.000002
401	416	0.000001
401	420	0.000007
401	423	0.000003
401	428	0.000002
401	431	0.000014
401	438	0.000003
401	528	0.000002
401	827	0.006693
401	837	0.000157
402	407	0.000684
402	409	0.000002
402	410	0.000025
402	419	0.000008
402	422	0.000003
402	434	0.000018
402	437	0.000003
402	521	0.000002
402	523	0.000010
402	524	0.001565
402	765	0.000004
402	770	0.000082
402	774	0.000006
402	777	0.000003
402	778	0.000010
402	779	0.000004
402	780	0.000287
402	783	0.000012
402	822	0.000018
402	823	0.000003
402	824	0.000515
402	826	0.003138
402	836	0.000159
403	409	0.000042
403	410	0.000016
403	415	0.000001
403	418	0.000008
403	433	0.000025
403	523	0.001473
403	764	0.000004
403	769	0.000071
403	775	0.000094
403	777	0.000011
403	778	0.000005
403	779	0.000283
403	821	0.000017
403	823	0.000707
403	824	0.000763
403	826	0.000045
403	835	0.000159
403	836	0.000015
404	409	0.000029
404	410	0.000001
404	417	0.000007
404	419	0.000003
404	433	0.000003
404	434	0.000001
404	520	0.000001
404	521	0.000997
404	523	0.000001
404	524	0.000007
404	763	0.000003
404	770	0.000025
404	774	0.000099
404	775	0.000088
404	777	0.000003
404	778	0.000230
404	780	0.000032
404	783	0.000005
404	820	0.000014
404	821	0.000026
404	822	0.000672
404	823	0.000675
404	824	0.000797
404	826	0.000007
404	834	0.000157
404	835	0.000019
405	409	0.000002
405	410	0.000001
405	413	0.000003
405	418	0.000003
405	433	0.000002
405	434	0.000004
405	520	0.000994
405	521	0.000920
405	523	0.000003
405	524	0.000005
405	769	0.000013
405	770	0.000023
405	774	0.000096
405	775	0.000074
405	777	0.000117
405	778	0.000002
405	779	0.000027
405	780	0.000021
405	783	0.000007
405	819	0.000006
405	820	0.000308
405	821	0.000356
405	822	0.000370
405	823	0.000605
405	824	0.000187
405	826	0.000002
405	833	0.000154
405	834	0.000022
406	412	0.000003
406	415	0.000007
406	417	0.000004
406	433	0.000004
406	520	0.000918
406	521	0.000001
406	523	0.000003
406	769	0.000013
406	770	0.000004
406	774	0.000082
406	775	0.000002
406	777	0.000001
406	778	0.000016
406	779	0.000013
406	780	0.000001
406	783	0.000003
406	819	0.000315
406	820	0.000320
406	821	0.000132
406	822	0.000082
406	823	0.000118
406	824	0.000011
406	833	0.000024
407	411	0.000003
407	414	0.000007
407	416	0.000004
407	428	0.001700
407	431	0.000107
407	518	0.000001
407	528	0.000010
407	818	0.000489
407	827	0.000012
407	831	0.000144
407	832	0.000026
408	415	0.000003
408	433	0.000008
408	523	0.000003
408	527	0.000019
408	769	0.000009
408	775	0.000003
408	777	0.000002
408	817	0.000163
408	819	0.000009
408	821	0.000002
408	823	0.000002
408	826	0.000011
409	414	0.000003
409	426	0.000355
409	427	0.725073
409	428	0.000205
409	429	0.000149
409	430	0.000059
409	431	0.000005
409	432	0.000011
409	522	0.000002
409	525	0.000003
409	526	0.000019
409	767	0.000004
409	768	0.000012
409	773	0.000002
409	776	0.000002
409	816	0.000041
409	818	0.000006
409	825	0.000006
409	839	0.000002
410	426	0.958645
410	427	0.000594
410	428	0.000062
410	429	0.000019
410	430	0.000003
410	431	0.000004
410	525	0.000009
410	767	0.000008
410	772	0.000001
410	815	0.000003
411	425	0.999872
412	424	0.999973
413	420	0.000001
413	423	0.999937
414	419	0.000006
414	422	0.999695
415	420	0.000569
415	421	0.990242
416	422	0.000017
416	840	0.000002
417	421	0.000023
417	839	0.000002
418	429	0.000001
418	838	0.000002
419	428	0.000001
419	837	0.000002
420	836	0.000002
421	835	0.000002
423	834	0.000002
424	833	0.000002
425	832	0.000002
426	523	0.000001
426	527	0.000009
426	836	0.000004
427	433	0.000016
427	523	0.000101
427	527	0.000088
427	775	0.000007
427	835	0.000008
428	433	0.000007
428	434	0.000023
428	520	0.000372
428	521	0.000883
428	523	0.000251
428	524	0.755193
428	527	0.000013
428	765	0.000016
428	770	0.000074
428	774	0.000008
428	778	0.000001
428	779	0.000002
428	780	0.000130
428	783	0.000001
428	833	0.000001
428	834	0.000009
429	433	0.000023
429	523	0.733761
429	527	0.000024
429	764	0.000012
429	769	0.000065
429	777	0.000001
429	778	0.000003
429	779	0.000128
429	836	0.000051
430	523	0.002502
430	527	0.000017
430	775	0.000010
430	777	0.000002
430	778	0.000107
430	835	0.000056
431	520	0.039202
431	521	0.703399
431	523	0.000185
431	524	0.040881
431	533	0.000001
431	765	0.000012
431	770	0.000042
431	774	0.000010
431	777	0.000025
431	778	0.000002
431	780	0.000007
431	834	0.000056
432	523	0.040565
432	527	0.000005
432	532	0.000002
432	764	0.000008
432	769	0.000039
432	775	0.000001
432	777	0.000002
432	779	0.000006
433	441	0.000001
433	518	0.000001
433	519	0.948145
433	522	0.008645
433	526	0.000001
433	531	0.000002
433	768	0.000021
434	440	0.000001
434	518	0.999699
434	530	0.000002
435	517	0.999541
436	515	0.000017
436	516	0.999950
436	529	0.000003
437	514	0.000032
437	515	0.999603
437	528	0.000003
438	527	0.000003
439	513	0.997027
439	514	0.000005
439	525	0.000003
439	526	0.000002
440	511	0.000070
440	512	0.999780
440	524	0.000004
441	510	0.002212
441	511	0.965864
441	523	0.000004
442	509	0.002221
443	509	0.987145
444	507	0.000004
444	508	0.998101
444	521	0.000011
445	453	0.000001
445	507	0.999959
445	520	0.000011
446	452	0.000001
446	506	0.999915
446	518	0.000012
447	505	0.979872
447	517	0.000012
448	502	0.000018
448	516	0.000012
449	502	0.000270
449	515	0.000012
450	499	0.000013
450	502	0.997356
450	514	0.000012
451	498	0.000013
451	501	0.999328
451	513	0.000012
452	497	0.000014
452	500	0.999918
452	512	0.000012
453	496	0.000014
453	498	0.001966
453	499	0.994306
453	501	0.000005
454	497	0.003925
454	500	0.000006
455	497	0.915478
458	495	0.987519
459	493	0.000014
459	494	0.999882
460	492	0.000015
460	493	0.999961
460	494	0.000012
461	491	0.000013
461	492	0.999828
461	493	0.000012
462	491	0.956921
463	487	0.000002
463	491	0.005332
464	485	0.000001
465	487	0.000003
465	491	0.000208
466	484	0.000008
466	487	0.000018
466	491	0.000067
467	483	0.000009
467	487	0.000051
467	488	0.995345
468	487	0.998876
469	478	0.000001
469	482	0.000004
469	485	0.000001
469	486	0.999416
470	477	0.000002
470	481	0.000004
470	485	0.999850
471	484	0.984543
471	487	0.000006
472	477	0.000002
472	478	0.000226
472	479	0.000012
472	481	0.000059
472	482	0.871335
472	486	0.000012
473	477	0.000224
473	479	0.000335
473	481	0.901310
473	482	0.090301
473	485	0.000013
474	480	0.887689
474	483	0.002138
474	484	0.000018
475	484	0.000002
476	481	0.001652
476	482	0.001617
477	483	0.000051
478	484	0.000004
479	483	0.000008
495	511	0.000002
496	510	0.000012
497	509	0.000014
498	508	0.000014
499	507	0.000014
500	506	0.000014
501	505	0.000009
517	525	0.000008
518	524	0.000028
518	533	0.000002
519	523	0.000026
519	527	0.000003
519	532	0.000026
520	528	0.000050
520	529	0.005358
520	530	0.000060
520	531	0.000044
520	831	0.000307
520	832	0.000087
520	839	0.000016
521	528	0.006742
521	529	0.000062
521	530	0.000044
521	827	0.000013
521	830	0.000308
521	831	0.000087
521	837	0.000009
521	839	0.000049
522	527	0.004709
522	532	0.000003
522	769	0.000291
522	826	0.000013
522	836	0.000007
523	528	0.000007
523	529	0.000006
523	530	0.000001
523	531	0.000003
523	766	0.000007
523	767	0.000154
523	768	0.000533
523	771	0.000017
523	772	0.000007
523	773	0.000001
523	825	0.000011
523	828	0.000303
523	832	0.000002
523	838	0.000550
523	839	0.000002
524	528	0.000081
524	529	0.000012
524	530	0.000004
524	827	0.000316
524	830	0.000002
524	831	0.000003
524	837	0.000625
524	839	0.000023
525	769	0.000343
525	775	0.000001
525	778	0.000033
525	779	0.000003
525	823	0.000001
525	824	0.000003
525	826	0.000255
525	836	0.000602
526	769	0.000808
526	775	0.000006
526	777	0.000045
526	778	0.000004
526	823	0.000003
526	824	0.000002
526	826	0.000004
526	835	0.000464
526	836	0.000001
527	766	0.759716
527	767	0.002876
527	768	0.000878
527	771	0.000070
527	776	0.000038
527	781	0.000002
527	825	0.000005
527	837	0.000001
527	839	0.000001
528	763	0.000002
528	764	0.000026
528	765	0.937445
528	769	0.000003
528	770	0.000085
528	774	0.000001
528	775	0.000034
528	780	0.000002
528	824	0.000003
528	833	0.000020
528	834	0.000049
528	835	0.000002
528	836	0.000005
529	763	0.000047
529	764	0.937628
529	765	0.053491
529	769	0.000016
529	774	0.000026
529	833	0.000038
529	834	0.000002
529	835	0.000008
530	763	0.939831
530	764	0.057947
530	765	0.000463
530	833	0.000002
530	834	0.000010
531	761	0.000270
531	763	0.059655
531	764	0.000029
531	833	0.000010
532	760	0.000002
532	762	0.058911
532	832	0.000009
533	760	0.999740
533	831	0.000006
534	759	0.999568
534	761	0.000001
535	758	0.999949
535	760	0.000001
536	755	0.000002
536	757	0.998916
536	759	0.000001
537	754	0.000003
537	755	0.012712
537	756	0.986686
538	753	0.000002
538	754	0.984658
538	755	0.015069
538	756	0.000001
539	753	0.992363
539	754	0.007583
539	755	0.000001
540	752	0.999459
541	751	0.999923
541	753	0.000018
541	754	0.000023
542	575	0.000001
542	750	0.999934
542	753	0.000028
543	749	0.999798
544	573	0.024071
544	575	0.000001
544	741	0.000003
544	742	0.000022
544	743	0.000009
544	744	0.000443
544	745	0.015884
544	747	0.002645
544	748	0.953362
544	751	0.000053
545	551	0.000005
545	572	0.024226
545	740	0.000003
545	741	0.000030
545	742	0.000020
545	743	0.000475
545	744	0.021612
545	745	0.000135
545	747	0.941015
545	748	0.000020
545	750	0.000055
546	550	0.000023
546	552	0.000399
546	554	0.000020
546	556	0.000005
546	557	0.000003
546	571	0.024263
546	749	0.000056
547	552	0.000007
547	553	0.000023
547	555	0.000005
547	556	0.000003
547	567	0.000005
547	570	0.024248
547	728	0.000006
547	746	0.038952
548	566	0.000009
548	569	0.024247
548	727	0.000007
548	739	0.001977
548	740	0.000920
548	741	0.471250
548	742	0.011290
548	743	0.004195
548	744	0.241026
548	745	0.024082
548	747	0.003476
548	748	0.000003
549	553	0.000001
549	567	0.001240
549	568	0.020423
549	725	0.000018
549	726	0.000007
549	728	0.000052
549	737	0.000034
549	738	0.001920
549	746	0.006134
550	559	0.000001
550	561	0.000005
550	565	0.020951
550	566	0.001477
550	724	0.000019
550	727	0.000054
550	735	0.000001
550	736	0.000018
550	739	0.741851
550	740	0.001090
550	741	0.069209
550	742	0.011441
550	743	0.002490
550	744	0.006326
550	745	0.005760
550	747	0.000216
551	558	0.000002
551	564	0.022053
551	567	0.000171
551	725	0.000072
551	726	0.000049
551	737	0.002514
551	738	0.666075
551	746	0.000373
552	560	0.000025
552	561	0.000006
552	562	0.000001
552	565	0.000893
552	566	0.000193
552	584	0.000001
552	723	0.000022
552	724	0.000080
552	732	0.000001
552	734	0.000065
552	735	0.000087
552	736	0.001283
552	739	0.033004
552	740	0.001512
552	741	0.020579
552	742	0.000259
552	743	0.020169
552	744	0.000549
552	745	0.000157
552	747	0.000007
553	559	0.000024
553	562	0.022249
553	722	0.000023
553	727	0.000001
553	731	0.000001
553	733	0.000088
553	734	0.000063
553	736	0.829514
553	740	0.016982
553	742	0.021565
553	743	0.000296
553	745	0.000917
554	560	0.000130
554	561	0.022111
554	562	0.000004
554	565	0.000042
554	582	0.000004
554	583	0.000006
554	584	0.000002
554	721	0.000022
554	723	0.000145
554	732	0.000108
554	733	0.000014
554	734	0.000024
554	735	0.940622
554	736	0.000007
554	739	0.011077
554	741	0.021887
554	742	0.000012
554	743	0.000008
554	744	0.001157
555	559	0.000184
555	562	0.001707
555	722	0.000151
555	727	0.000001
555	731	0.000103
555	733	0.000102
555	734	0.943321
555	736	0.002278
555	740	0.021833
555	742	0.000010
555	743	0.001157
556	560	0.000831
556	561	0.001738
556	562	0.000089
556	565	0.000006
556	566	0.000005
556	573	0.000034
556	575	0.000004
556	581	0.000544
556	582	0.000129
556	583	0.000003
556	702	0.000001
556	720	0.000011
556	721	0.000151
556	724	0.000352
556	732	0.000136
556	733	0.942868
556	734	0.000003
556	735	0.002620
556	736	0.003691
556	739	0.021280
556	740	0.000008
556	741	0.000012
556	742	0.001156
557	561	0.000153
557	562	0.000014
557	565	0.000005
557	572	0.000036
557	573	0.000017
557	575	0.000233
557	580	0.001127
557	581	0.000168
557	582	0.000003
557	683	0.000038
557	719	0.000011
557	720	0.000149
557	723	0.000375
557	724	0.000004
557	731	0.000058
557	732	0.945019
557	733	0.000004
557	734	0.002413
557	735	0.004485
557	736	0.000019
557	739	0.000028
557	740	0.000008
557	741	0.001158
558	562	0.000009
558	579	0.001810
558	580	0.000096
558	682	0.000038
558	700	0.000001
558	722	0.000328
558	727	0.000028
558	731	0.921679
558	733	0.002072
558	734	0.003912
558	736	0.000104
558	740	0.001013
559	574	0.000016
559	577	0.000005
559	578	0.002055
559	681	0.000038
559	699	0.000002
559	718	0.000014
559	725	0.000035
559	726	0.000103
559	728	0.000238
559	729	0.001741
559	730	0.805000
559	737	0.000065
559	738	0.000021
560	571	0.000017
560	576	0.002903
560	577	0.004205
560	578	0.000057
560	680	0.000038
560	698	0.000002
560	715	0.000002
560	717	0.000014
561	571	0.011093
561	576	0.005491
561	577	0.000059
561	679	0.000038
561	697	0.000002
561	714	0.000002
561	716	0.000014
562	568	0.000001
562	570	0.011372
562	574	0.754896
562	576	0.000031
562	715	0.000010
562	725	0.001139
562	726	0.000596
562	728	0.000557
562	729	0.000828
562	730	0.000077
562	738	0.000001
563	569	0.011414
563	572	0.000013
563	573	0.962653
563	575	0.000033
563	723	0.000003
563	724	0.001080
563	727	0.000008
563	732	0.000004
563	733	0.000007
563	735	0.000001
564	569	0.000009
564	572	0.963166
564	573	0.000015
564	575	0.000002
564	722	0.000001
564	723	0.001013
564	724	0.000002
564	731	0.000002
564	732	0.000007
565	571	0.955107
566	571	0.005341
567	722	0.000009
568	722	0.000006
570	722	0.000005
570	727	0.000001
571	575	0.000010
571	721	0.000001
571	722	0.000004
571	724	0.000003
573	691	0.000005
574	688	0.000001
574	690	0.000009
574	722	0.001936
574	727	0.000011
575	588	0.000059
575	687	0.000001
575	689	0.000011
576	583	0.000005
576	584	0.000075
576	585	0.000267
576	586	0.000006
576	587	0.000063
576	688	0.000011
576	720	0.000043
576	721	0.981408
576	722	0.005406
576	723	0.000518
576	724	0.000506
577	582	0.000005
577	583	0.000076
577	584	0.000269
577	585	0.000008
577	586	0.000063
577	703	0.000002
577	719	0.000038
577	720	0.987055
577	721	0.007538
577	722	0.000095
577	723	0.000459
577	724	0.000028
578	582	0.000074
578	583	0.000266
578	584	0.000009
578	585	0.000063
578	686	0.000014
578	700	0.000001
578	702	0.000008
578	719	0.988063
578	720	0.007806
578	721	0.000154
578	722	0.000343
578	723	0.000030
578	724	0.000001
578	727	0.000002
579	685	0.000014
579	701	0.000007
579	717	0.000004
579	718	0.830833
579	726	0.000002
580	684	0.000012
580	699	0.000017
580	716	0.000010
580	717	0.667808
580	718	0.164164
581	698	0.000021
581	715	0.000017
581	716	0.667124
581	717	0.320089
582	697	0.000021
582	698	0.000007
582	714	0.000023
582	715	0.665701
582	716	0.320876
582	717	0.009109
583	696	0.000021
583	697	0.000007
583	698	0.000007
583	714	0.659204
583	715	0.321590
583	716	0.010106
583	717	0.000099
584	588	0.000004
584	679	0.000002
584	680	0.000244
584	687	0.000044
584	689	0.000086
584	691	0.000008
584	696	0.000007
584	697	0.000008
584	698	0.000002
584	710	0.000198
584	714	0.319847
584	715	0.010809
584	716	0.000100
584	717	0.000842
585	679	0.000208
585	680	0.005141
585	687	0.000256
585	689	0.000127
585	691	0.000013
585	696	0.000008
585	697	0.000002
585	710	0.000942
585	714	0.011424
585	715	0.000098
585	716	0.000872
586	679	0.003136
586	680	0.982536
586	687	0.000002
586	696	0.000002
586	710	0.000057
586	714	0.000057
586	715	0.000880
587	679	0.994173
587	680	0.000420
587	710	0.000014
587	714	0.000888
588	677	0.000001
588	678	0.995569
588	683	0.000008
588	709	0.000001
588	711	0.000002
588	713	0.000908
589	682	0.000008
589	712	0.000854
590	676	0.000016
590	677	0.999363
590	678	0.000010
590	711	0.000340
591	676	0.999958
591	677	0.000006
592	675	0.999198
593	674	0.999928
594	673	0.999985
595	672	0.999698
596	670	0.000001
596	671	0.999965
597	670	0.996596
597	671	0.000002
599	668	0.996004
600	667	0.999975
601	666	0.999511
602	665	0.999977
603	664	0.999991
604	663	0.999991
605	662	0.999957
606	661	0.999963
607	660	0.999981
608	659	0.999511
609	657	0.000008
609	658	0.999967
610	656	0.000017
610	657	0.999966
610	658	0.000002
611	654	0.000005
611	656	0.998723
611	657	0.000003
612	616	0.000001
613	653	0.000636
614	652	0.000330
614	653	0.863851
615	652	0.865255
615	653	0.000004
616	651	0.864967
616	652	0.000003
616	655	0.131663
617	650	0.861832
617	654	0.134346
618	643	0.000001
618	648	0.004279
618	653	0.131230
619	642	0.000001
619	647	0.002164
619	648	0.858863
619	652	0.127264
619	653	0.003143
620	647	0.863075
620	652	0.006240
621	646	0.864516
622	639	0.000003
622	645	0.864182
622	651	0.116090
623	641	0.000001
623	644	0.864414
623	646	0.000002
623	650	0.134585
624	637	0.000247
624	640	0.000001
624	642	0.000013
624	643	0.748940
624	645	0.000004
624	648	0.000002
624	649	0.134694
625	636	0.000538
625	640	0.000045
625	642	0.262211
625	643	0.106717
625	647	0.000005
625	648	0.134725
626	635	0.000573
626	636	0.000003
626	638	0.001291
626	640	0.004033
626	642	0.088665
626	643	0.002778
626	647	0.134646
627	634	0.000572
627	635	0.000002
627	637	0.001305
627	638	0.000012
627	639	0.003953
627	640	0.000070
627	642	0.002969
627	643	0.000403
627	645	0.124748
628	633	0.000555
628	641	0.013289
628	644	0.130416
628	646	0.000003
629	635	0.001366
629	636	0.000936
629	638	0.002431
629	640	0.013149
629	642	0.577578
629	643	0.065416
630	641	0.979502
631	635	0.000141
631	636	0.001074
631	638	0.010738
631	640	0.980472
631	642	0.000001
632	636	0.000013
632	637	0.009247
632	638	0.000015
632	639	0.980353
633	638	0.977361
633	640	0.000001
675	690	0.000002
676	689	0.000002
677	689	0.000026
677	691	0.000002
678	687	0.000735
678	689	0.000014
678	691	0.000044
678	696	0.000004
679	683	0.000001
679	686	0.000790
679	688	0.000014
679	690	0.000048
679	694	0.000001
679	720	0.000001
679	721	0.000003
679	724	0.000003
680	686	0.000095
680	688	0.000002
680	690	0.000002
680	693	0.000006
680	694	0.005554
680	713	0.000004
680	719	0.000001
680	720	0.000003
680	723	0.000003
681	688	0.011316
681	690	0.014511
681	693	0.317824
681	694	0.000283
681	700	0.000001
681	712	0.000004
681	722	0.000003
682	687	0.010281
682	689	0.011978
682	691	0.000024
682	692	0.362540
682	699	0.000001
682	718	0.000011
683	687	0.000165
683	689	0.026064
683	691	0.371756
683	698	0.000001
683	710	0.000003
683	714	0.000001
683	717	0.000012
684	688	0.017477
684	690	0.325433
684	693	0.000067
684	694	0.000038
684	709	0.000002
684	712	0.000001
685	690	0.001437
685	693	0.000067
685	694	0.000013
685	712	0.000005
686	691	0.001216
686	696	0.000002
686	697	0.000004
686	701	0.000002
686	710	0.000007
686	714	0.000558
687	693	0.000133
687	694	0.000038
687	700	0.000002
687	702	0.000003
687	709	0.000002
687	711	0.000421
687	712	0.000013
687	713	0.002818
687	735	0.000004
687	739	0.000005
688	692	0.000125
688	695	0.000019
688	699	0.000002
688	701	0.000003
688	710	0.000354
688	714	0.000019
688	716	0.000004
688	738	0.000005
689	693	0.000010
689	694	0.000046
689	700	0.000003
689	709	0.000016
689	711	0.003766
689	712	0.000018
689	713	0.003002
689	733	0.000002
689	734	0.000002
689	735	0.000004
690	697	0.000002
690	699	0.000003
690	710	0.003158
690	714	0.003191
691	706	0.000003
691	709	0.000138
691	711	0.002769
691	712	0.000078
691	713	0.580074
691	732	0.000066
691	735	0.000002
692	705	0.000003
692	709	0.000007
692	712	0.573412
692	727	0.000002
692	731	0.000066
692	734	0.000002
693	704	0.000002
693	710	0.000816
693	726	0.000002
693	729	0.000016
693	730	0.000060
693	738	0.000004
694	704	0.000002
694	710	0.869765
694	725	0.000002
694	726	0.000001
694	728	0.000032
694	729	0.000048
694	737	0.000009
695	703	0.000004
695	709	0.989091
695	712	0.000005
695	722	0.000007
695	727	0.000038
695	736	0.000009
696	702	0.000005
696	703	0.000001
696	707	0.000006
696	708	0.999557
696	709	0.000016
696	711	0.000002
696	713	0.000001
696	721	0.000008
696	722	0.000004
696	724	0.000009
696	727	0.000002
696	735	0.000009
697	702	0.000001
697	706	0.000007
697	707	0.999615
697	708	0.000017
697	720	0.000008
697	721	0.000005
697	723	0.000009
697	724	0.000235
697	733	0.000004
697	734	0.000004
698	705	0.000005
698	706	0.999569
698	707	0.000017
698	713	0.000022
698	719	0.000006
698	720	0.000005
698	722	0.000007
698	723	0.000236
698	732	0.000008
699	703	0.000008
699	705	0.982190
699	712	0.000022
699	722	0.000229
699	731	0.000008
700	704	0.841288
700	725	0.000002
700	730	0.000007
701	705	0.000008
701	711	0.000029
701	720	0.000076
701	721	0.000077
701	724	0.000003
702	710	0.000030
704	708	0.000001
704	719	0.000301
705	718	0.000310
706	717	0.000310
707	716	0.000310
708	715	0.000310
709	714	0.000271
712	725	0.000002
712	726	0.000003
714	721	0.000007
714	722	0.000003
714	723	0.000007
714	724	0.000369
714	735	0.000010
715	720	0.000007
715	721	0.000004
715	722	0.000007
715	723	0.000370
715	724	0.000050
715	734	0.000010
716	720	0.000004
716	721	0.000011
716	722	0.000362
716	723	0.000050
716	724	0.000053
716	733	0.000010
717	721	0.000347
717	722	0.000031
717	723	0.000055
717	724	0.000001
717	732	0.000011
718	722	0.000042
718	727	0.000002
718	731	0.000010
722	726	0.000480
722	728	0.000917
722	729	0.002059
722	730	0.000107
722	737	0.000017
722	738	0.000006
722	746	0.000001
725	731	0.000060
725	733	0.000034
725	734	0.000337
725	736	0.000025
725	740	0.000005
725	742	0.000003
725	743	0.000016
725	745	0.000004
725	748	0.000006
726	731	0.000060
726	733	0.000342
726	734	0.000116
726	736	0.000035
726	740	0.000004
726	742	0.000017
726	743	0.000013
726	745	0.000007
726	748	0.000004
727	737	0.000381
727	738	0.000019
727	746	0.000039
728	733	0.000062
728	734	0.000114
728	736	0.000406
728	740	0.000007
728	742	0.000004
728	743	0.000025
728	745	0.000042
728	748	0.000003
729	733	0.000089
729	734	0.000078
729	736	0.000161
729	740	0.000011
729	742	0.000028
729	743	0.000029
729	745	0.000007
729	748	0.000006
730	734	0.000029
730	736	0.000069
730	740	0.000008
730	742	0.000029
730	743	0.000027
730	745	0.000005
730	748	0.000004
731	737	0.000031
731	738	0.000053
731	746	0.000002
733	737	0.000031
733	738	0.000043
733	746	0.000013
734	738	0.000019
734	746	0.000005
736	746	0.000164
737	742	0.000033
737	743	0.000066
737	745	0.000181
737	748	0.000010
738	742	0.000051
738	743	0.000029
738	745	0.000058
738	748	0.000013
739	749	0.000001
740	746	0.000027
742	746	0.000027
744	749	0.000002
760	765	0.000001
763	839	0.000158
764	768	0.000001
764	838	0.000192
765	837	0.000205
765	839	0.000022
766	775	0.000027
766	777	0.000003
766	778	0.000013
766	779	0.000438
766	836	0.000203
767	775	0.000072
767	777	0.000026
767	778	0.001473
767	779	0.000107
767	794	0.000025
767	835	0.000173
767	836	0.000037
768	775	0.000137
768	777	0.001764
768	778	0.000149
768	779	0.000020
768	793	0.000030
768	796	0.000003
768	823	0.000001
768	826	0.000001
768	835	0.000037
768	836	0.000041
769	773	0.000027
769	776	0.001560
769	781	0.000016
769	782	0.000006
769	785	0.000009
769	787	0.000003
769	792	0.000031
769	797	0.000018
769	825	0.000001
769	828	0.000093
769	831	0.000011
769	832	0.000039
769	837	0.000023
769	838	0.805720
769	839	0.000309
770	784	0.000013
770	786	0.000003
770	791	0.000031
770	827	0.000106
770	830	0.000017
770	831	0.000065
770	832	0.000028
770	837	0.921803
770	839	0.000056
771	775	0.000043
771	777	0.000039
771	778	0.000218
771	779	0.000227
771	790	0.000031
771	794	0.000002
771	796	0.000007
771	824	0.000002
771	826	0.000098
771	835	0.000844
771	836	0.910080
772	777	0.000205
772	778	0.000331
772	779	0.000115
772	789	0.000026
772	793	0.000001
772	794	0.000648
772	823	0.000003
772	824	0.000018
772	835	0.782152
772	836	0.001571
773	777	0.000213
773	778	0.000111
773	779	0.000015
773	793	0.000797
773	823	0.000018
773	824	0.000005
773	835	0.002277
773	836	0.000045
774	784	0.000004
774	786	0.000014
774	792	0.000817
774	827	0.000004
774	830	0.000667
774	831	0.021681
774	832	0.167161
774	837	0.000058
774	839	0.000045
775	781	0.000024
775	782	0.000032
775	785	0.000014
775	791	0.000816
775	825	0.000004
775	827	0.000055
775	828	0.000005
775	829	0.000521
775	830	0.017487
775	831	0.146316
775	832	0.023703
775	837	0.000017
775	838	0.000037
776	790	0.000807
776	823	0.000001
776	824	0.000004
776	826	0.000068
776	835	0.000010
776	836	0.000023
777	781	0.000008
777	782	0.000013
777	784	0.000001
777	785	0.000004
777	786	0.000003
777	787	0.000018
777	825	0.000067
777	827	0.000012
777	828	0.000951
777	829	0.005622
777	830	0.792460
777	831	0.001688
777	832	0.000057
778	782	0.000007
778	784	0.000005
778	785	0.000005
778	786	0.000021
778	787	0.000004
778	825	0.000010
778	827	0.000955
778	828	0.005106
778	829	0.927852
778	830	0.000944
778	831	0.000027
778	832	0.000006
778	839	0.000051
779	784	0.000005
779	785	0.000022
779	786	0.000003
779	787	0.000800
779	792	0.000002
779	825	0.000036
779	827	0.003892
779	828	0.967182
779	829	0.000510
779	830	0.000004
779	831	0.000007
779	838	0.000083
780	784	0.000020
780	786	0.000810
780	791	0.000005
780	827	0.971973
780	830	0.000007
780	831	0.000001
780	837	0.000087
781	790	0.000005
781	794	0.000008
781	823	0.000076
781	824	0.007940
781	826	0.895408
781	836	0.000082
782	789	0.000004
782	793	0.000010
782	821	0.000009
782	823	0.029622
782	824	0.194200
782	826	0.002425
782	835	0.000063
783	792	0.000010
783	827	0.000025
783	830	0.000002
783	831	0.000002
783	832	0.000004
783	837	0.000001
784	795	0.000002
784	798	0.000002
784	820	0.000430
784	821	0.000005
784	822	0.992240
784	823	0.000576
784	824	0.000057
784	826	0.000001
784	833	0.000002
784	834	0.000001
784	836	0.000001
785	790	0.000003
785	794	0.000002
785	796	0.000007
785	819	0.000432
785	821	0.997824
785	823	0.000041
785	835	0.000001
786	793	0.000002
786	795	0.000007
786	820	0.998468
786	822	0.000030
787	794	0.000006
787	817	0.000526
787	819	0.998136
787	821	0.000020
788	792	0.000001
788	816	0.000624
788	818	0.997138
788	830	0.000002
788	837	0.000004
788	839	0.000003
789	799	0.000001
789	800	0.000035
789	815	0.000361
789	816	0.850583
789	818	0.000007
789	829	0.000002
789	838	0.000003
790	799	0.000256
790	815	0.991992
790	816	0.000579
790	828	0.000002
790	837	0.000003
791	798	0.000293
791	814	0.998464
791	834	0.000014
792	798	0.000011
792	813	0.998500
792	826	0.000002
792	833	0.000014
793	797	0.000009
793	811	0.000047
793	812	0.997461
793	825	0.000002
793	832	0.000014
794	810	0.000093
794	811	0.996887
794	812	0.000007
794	831	0.000014
795	803	0.000001
795	804	0.000013
795	809	0.000182
795	810	0.994513
795	830	0.000014
796	803	0.000032
796	804	0.000007
796	809	0.797300
796	810	0.000157
796	811	0.000028
796	829	0.000013
797	802	0.000064
797	805	0.059569
797	806	0.000999
797	808	0.632033
797	819	0.000122
798	803	0.014380
798	804	0.079280
798	809	0.189721
798	810	0.000003
798	818	0.000145
798	827	0.000008
799	805	0.012999
799	806	0.273844
799	808	0.230588
799	817	0.000097
799	826	0.000008
800	805	0.153696
800	806	0.003029
800	807	0.242244
800	808	0.000149
800	817	0.001154
801	809	0.000151
801	810	0.000005
801	816	0.001464
802	809	0.000013
802	815	0.001471
803	807	0.000895
803	808	0.000070
803	814	0.001473
804	808	0.000013
804	813	0.001473
805	811	0.000002
805	812	0.001433
806	810	0.000004
806	811	0.001084
818	833	0.000009
818	834	0.000003
819	828	0.000004
819	832	0.000007
820	827	0.000005
820	831	0.000007
820	832	0.000012
821	828	0.000040
821	830	0.000004
821	831	0.000014
821	832	0.000003
821	838	0.000001
822	827	0.000051
822	830	0.000020
822	831	0.000008
822	837	0.000001
822	839	0.000018
823	827	0.000007
823	828	0.000017
823	829	0.000026
823	830	0.000015
823	831	0.000005
823	832	0.000005
823	838	0.000135
823	839	0.000002
824	828	0.000026
824	829	0.000015
824	830	0.000006
824	831	0.000007
824	837	0.000148
824	838	0.000002
824	839	0.000002
825	836	0.000138
826	831	0.000003
826	832	0.000002
826	837	0.000004
826	838	0.000198
826	839	0.000002
827	833	0.000014
827	834	0.000146
827	836	0.000015
828	835	0.000015
828	836	0.000351
829	835	0.000405
829	836	0.000018
830	834	0.000412
830	835	0.000021
830	836	0.000008
830	840	0.000002
830	855	0.000002
831	835	0.000008
831	836	0.000018
831	840	0.000013
831	854	0.000002
832	836	0.000006
832	840	0.000397
832	853	0.000002
833	837	0.000119
833	839	0.000663
833	852	0.000002
834	839	0.000166
835	839	0.000018
837	850	0.000001
838	849	0.000001
839	848	0.000001
847	851	0.000002
847	858	0.000004
848	857	0.000005
848	882	0.000001
849	856	0.000004
849	882	0.000002
850	879	0.000003
851	857	0.000001
851	860	0.000002
851	866	0.000002
851	876	0.000066
851	881	0.001300
852	865	0.000004
852	874	0.000002
852	875	0.000119
852	877	0.000002
852	880	0.002152
853	879	0.002158
854	879	0.001718
855	859	0.000109
855	860	0.000375
855	861	0.000299
855	862	0.000471
855	863	0.000172
855	864	0.000236
855	866	0.000040
855	870	0.005782
855	876	0.000524
855	879	0.036023
855	881	0.000078
855	882	0.000013
856	867	0.000026
856	868	0.001573
856	869	0.006502
856	871	0.000240
856	872	0.400197
856	873	0.002010
856	874	0.000618
856	877	0.000240
856	878	0.047966
857	867	0.002073
857	868	0.006245
857	869	0.000239
857	871	0.531601
857	872	0.001718
857	873	0.000569
857	874	0.000150
857	877	0.050553
857	878	0.000294
858	862	0.000075
858	863	0.000271
858	864	0.000171
858	866	0.002059
858	870	0.552136
858	876	0.047316
858	879	0.000815
858	881	0.000014
858	882	0.000004
859	867	0.000107
859	868	0.001360
859	869	0.552294
859	871	0.000178
859	872	0.000478
859	873	0.001308
859	874	0.025904
859	877	0.000053
859	878	0.001032
860	867	0.001669
860	868	0.539612
860	869	0.008911
860	871	0.000542
860	872	0.001679
860	873	0.029257
860	874	0.029823
860	877	0.000897
860	878	0.000160
861	867	0.450965
861	868	0.011023
861	869	0.003455
861	871	0.001499
861	872	0.029790
861	873	0.033566
861	874	0.014221
861	877	0.000140
861	878	0.000123
862	867	0.008998
862	868	0.003937
862	869	0.002570
862	871	0.028164
862	872	0.033059
862	873	0.017766
862	874	0.001327
862	877	0.000110
862	878	0.000122
863	867	0.002497
863	868	0.002341
863	869	0.001820
863	871	0.028352
863	872	0.018612
863	873	0.001574
863	874	0.000690
863	877	0.000112
863	878	0.000101
864	868	0.001231
864	869	0.001618
864	871	0.013824
864	872	0.001381
864	873	0.000775
864	874	0.000054
864	877	0.000089
864	878	0.000022
865	879	0.007753
866	871	0.000155
866	872	0.000504
866	873	0.000629
866	874	0.000211
866	877	0.000461
866	878	0.007455
867	876	0.000600
867	879	0.000031
867	881	0.000048
867	882	0.000051
868	876	0.000504
868	879	0.000057
868	881	0.000080
868	882	0.000036
869	876	0.000241
869	879	0.000850
869	881	0.000059
869	882	0.000007
870	874	0.000086
870	877	0.000421
870	878	0.001024
871	876	0.000415
871	879	0.000097
871	881	0.000028
871	882	0.000138
872	876	0.000096
872	879	0.000336
872	881	0.000246
872	882	0.000086
873	879	0.000354
873	881	0.000174
873	882	0.000301
874	879	0.000105
874	881	0.000464
874	882	0.000024
875	879	0.000304
877	881	0.000083
877	882	0.000083
878	882	0.000032
