1	7	0.000028
1	8	0.000024
1	9	0.000006
1	12	0.000018
1	13	0.000009
1	15	0.000080
1	29	0.000001
1	33	0.000003
1	41	0.106739
1	67	0.000382
1	562	0.000014
1	759	0.000034
1	764	0.001254
1	766	0.000003
1	769	0.000009
1	772	0.626543
1	783	0.000354
1	798	0.000009
1	800	0.001493
1	806	0.000030
1	853	0.000013
1	854	0.004808
1	855	0.000055
1	860	0.000056
1	861	0.000022
1	862	0.000001
1	863	0.000004
1	865	0.000640
1	874	0.000015
1	882	0.000001
1	883	0.000021
1	895	0.000001
2	7	0.000081
2	8	0.000018
2	9	0.000003
2	11	0.000024
2	12	0.000018
2	14	0.000097
2	15	0.000031
2	28	0.000003
2	30	0.000300
2	32	0.000003
2	39	0.000100
2	40	0.141765
2	41	0.000841
2	42	0.002535
2	46	0.000045
2	53	0.000015
2	62	0.000384
2	64	0.000001
2	65	0.000029
2	66	0.000434
2	67	0.000001
2	561	0.000021
2	566	0.000209
2	758	0.000039
2	759	0.000009
2	761	0.000171
2	763	0.001397
2	764	0.000440
2	766	0.000003
2	767	0.000310
2	769	0.000009
2	770	0.000141
2	771	0.703632
2	772	0.000813
2	777	0.000004
2	782	0.000470
2	793	0.000005
2	795	0.000365
2	798	0.000009
2	799	0.001946
2	800	0.010659
2	801	0.003443
2	803	0.001285
2	804	0.000130
2	805	0.000035
2	812	0.000002
2	843	0.000003
2	848	0.000004
2	849	0.000132
2	852	0.000012
2	853	0.009746
2	854	0.000037
2	859	0.000074
2	860	0.000043
2	861	0.000002
2	862	0.000008
2	863	0.000004
2	864	0.000716
2	865	0.000480
2	873	0.000020
2	881	0.000002
2	882	0.000043
2	894	0.000001
2	895	0.000104
2	903	0.000091
2	906	0.003678
3	7	0.000018
3	8	0.000014
3	9	0.000006
3	11	0.000019
3	13	0.000095
3	14	0.000041
3	29	0.000303
3	30	0.000003
3	39	0.141843
3	40	0.001048
3	41	0.002051
3	42	0.025493
3	46	0.000003
3	52	0.000015
3	61	0.000387
3	62	0.000003
3	64	0.000030
3	65	0.000431
3	66	0.000002
3	560	0.000021
3	565	0.000209
3	566	0.000001
3	758	0.000011
3	761	0.000278
3	763	0.000467
3	764	0.000007
3	766	0.000105
3	767	0.000794
3	769	0.000048
3	770	0.703198
3	771	0.000857
3	772	0.000006
3	777	0.000002
3	781	0.000470
3	793	0.000012
3	795	0.000186
3	798	0.000639
3	799	0.013240
3	800	0.001167
3	801	0.005589
3	803	0.000253
3	804	0.000036
3	811	0.000002
3	842	0.000003
3	848	0.000133
3	849	0.000002
3	851	0.000004
3	852	0.010417
3	859	0.000045
3	860	0.000002
3	861	0.000009
3	862	0.000007
3	863	0.000650
3	864	0.000516
3	872	0.000020
3	881	0.000046
3	894	0.000122
3	903	0.000060
3	906	0.001871
4	8	0.000024
4	9	0.000021
4	12	0.000091
4	13	0.000039
4	26	0.000004
4	28	0.000305
4	29	0.000002
4	41	0.024581
4	60	0.000393
4	61	0.000001
4	559	0.000017
4	756	0.000037
4	759	0.000003
4	764	0.000018
4	766	0.000703
4	769	0.588292
4	772	0.000004
4	780	0.000467
4	792	0.000006
4	798	0.011071
4	800	0.004905
4	851	0.010418
4	860	0.000008
4	861	0.000007
4	862	0.000549
4	863	0.000445
4	871	0.000020
4	880	0.000043
4	893	0.000122
4	899	0.000002
5	10	0.000067
5	16	0.000001
5	25	0.000004
5	27	0.000306
5	48	0.000003
5	56	0.000001
5	59	0.000395
5	68	0.000075
5	564	0.000090
5	755	0.000049
5	760	0.000384
5	775	0.000029
5	778	0.000001
5	779	0.000460
5	794	0.000026
5	846	0.000011
5	847	0.000003
5	850	0.010391
5	856	0.000052
5	870	0.000020
5	879	0.000033
5	892	0.000122
5	898	0.000002
5	900	0.000062
5	901	0.000002
5	902	0.000018
5	904	0.000112
5	905	0.000115
6	15	0.000001
6	24	0.000004
6	26	0.000304
6	41	0.001304
6	55	0.000001
6	58	0.000363
6	67	0.000061
6	754	0.000040
6	759	0.000288
6	764	0.000230
6	766	0.008886
6	769	0.000403
6	772	0.000003
6	798	0.001934
6	800	0.000011
6	855	0.000042
6	860	0.000031
6	861	0.000029
6	862	0.000005
6	869	0.000017
6	899	0.000061
7	25	0.000283
7	37	0.000055
7	38	0.004497
7	43	0.000370
7	44	0.000379
7	45	0.000174
7	47	0.000004
7	48	0.000001
7	49	0.000002
7	54	0.000001
7	57	0.000334
7	757	0.000002
7	762	0.000037
7	765	0.008187
7	768	0.001637
7	773	0.000002
7	774	0.000004
7	775	0.000002
7	776	0.000013
7	778	0.000003
7	796	0.000046
7	797	0.002033
7	802	0.000007
7	858	0.000004
7	890	0.000004
7	891	0.000003
7	898	0.000054
7	902	0.000002
7	904	0.000001
7	905	0.000002
7	907	0.000083
8	21	0.000002
8	22	0.000143
8	37	0.002733
8	38	0.727625
8	43	0.000250
8	44	0.000147
8	45	0.000019
8	47	0.000001
8	48	0.000001
8	56	0.000085
8	757	0.000002
8	762	0.000032
8	765	0.001643
8	768	0.000196
8	773	0.000003
8	774	0.000003
8	775	0.000011
8	776	0.000003
8	796	0.001090
8	797	0.000031
8	802	0.000003
8	857	0.000002
8	858	0.000002
8	889	0.000002
8	890	0.000002
8	897	0.000029
8	905	0.000001
8	907	0.000022
9	19	0.000015
9	21	0.000177
9	22	0.000004
9	31	0.000002
9	37	0.957533
9	38	0.000326
9	43	0.000046
9	44	0.000006
9	762	0.000030
9	765	0.000126
9	768	0.000023
9	773	0.000001
9	774	0.000005
9	775	0.000001
9	796	0.000024
9	797	0.000002
9	857	0.000001
9	896	0.000010
9	904	0.000001
9	907	0.000107
10	18	0.000017
10	20	0.000178
10	23	0.000010
10	30	0.000003
10	32	0.000001
10	36	0.998943
10	42	0.000011
10	761	0.000017
10	763	0.000006
10	764	0.000002
10	767	0.000003
10	795	0.000015
10	903	0.000001
10	906	0.000167
11	16	0.000033
11	35	0.999030
11	760	0.000012
11	794	0.000013
11	902	0.000001
11	905	0.000166
12	17	0.000001
12	19	0.000012
12	21	0.000002
12	22	0.000003
12	31	0.000005
12	34	0.990982
12	35	0.000003
12	38	0.000001
12	904	0.000159
13	17	0.000004
13	19	0.000002
13	21	0.000003
13	31	0.000122
13	34	0.000106
13	37	0.000002
13	49	0.000001
14	35	0.000004
14	48	0.000001
14	902	0.000158
15	21	0.000002
15	31	0.913579
15	34	0.000005
15	47	0.000001
15	901	0.000157
16	20	0.000002
16	28	0.000021
16	29	0.077196
16	30	0.916628
16	32	0.000048
16	33	0.000003
16	46	0.000001
17	26	0.000064
17	28	0.533501
17	29	0.462367
17	899	0.000156
18	25	0.000136
18	27	0.987918
18	898	0.000156
19	24	0.000100
19	26	0.986970
19	28	0.010472
20	25	0.983456
20	27	0.010723
20	896	0.000147
21	26	0.008114
21	28	0.000001
21	29	0.000003
21	895	0.000143
22	26	0.000008
22	28	0.000017
22	893	0.000152
23	27	0.000017
23	892	0.000156
24	891	0.000147
25	64	0.000002
26	63	0.000002
26	889	0.000124
27	36	0.000001
27	62	0.000002
27	888	0.000155
27	903	0.000001
28	35	0.000001
28	887	0.000156
28	902	0.000001
29	886	0.000156
29	901	0.000001
30	59	0.000003
30	885	0.000156
30	900	0.000002
31	58	0.000003
31	884	0.000129
31	899	0.000002
32	57	0.000003
32	775	0.000004
32	898	0.000002
33	56	0.000003
33	773	0.000034
33	774	0.000002
33	897	0.000002
33	907	0.000002
34	41	0.000006
34	55	0.000003
34	772	0.000038
34	882	0.000034
34	895	0.000001
35	40	0.000007
35	42	0.000002
35	60	0.000001
35	761	0.000003
35	771	0.000038
35	880	0.000001
35	881	0.000034
35	894	0.000001
35	903	0.000002
35	906	0.000684
36	59	0.000001
36	760	0.000003
36	879	0.000002
36	902	0.000002
36	905	0.000687
37	41	0.000012
37	61	0.000002
37	759	0.000002
37	766	0.000001
37	769	0.000007
37	861	0.000002
37	880	0.000002
38	58	0.000200
38	60	0.000004
38	764	0.000011
38	766	0.000031
38	769	0.000015
38	809	0.000001
38	860	0.000005
38	880	0.000009
38	899	0.000001
39	48	0.000248
39	57	0.000256
39	59	0.000005
39	68	0.000059
39	69	0.000106
39	72	0.000148
39	82	0.000002
39	84	0.000003
39	564	0.000001
39	760	0.000011
39	775	0.000002
39	794	0.000001
39	808	0.000002
39	846	0.000009
39	879	0.000010
39	900	0.000059
39	901	0.000366
39	902	0.005559
39	904	0.015050
39	905	0.002053
40	48	0.002590
40	56	0.000258
40	57	0.000002
40	68	0.000504
40	69	0.000015
40	71	0.000150
40	81	0.000002
40	82	0.000006
40	554	0.000001
40	564	0.000001
40	760	0.000021
40	775	0.000039
40	807	0.000002
40	845	0.000008
40	846	0.000002
40	878	0.000010
40	898	0.000120
40	900	0.000365
40	901	0.005565
40	902	0.023183
40	904	0.001903
40	905	0.000010
41	45	0.000311
41	47	0.002420
41	48	0.000030
41	49	0.002787
41	51	0.000002
41	54	0.000001
41	57	0.000007
41	68	0.000040
41	69	0.000020
41	70	0.000150
41	81	0.000006
41	553	0.000001
41	757	0.000002
41	760	0.000005
41	762	0.000133
41	765	0.001596
41	768	0.000066
41	773	0.000001
41	774	0.000036
41	776	0.000040
41	796	0.000004
41	797	0.000004
41	802	0.000004
41	844	0.000005
41	857	0.001200
41	858	0.000002
41	886	0.000173
41	897	0.000128
41	900	0.000775
41	901	0.024029
41	902	0.000191
41	904	0.000008
41	905	0.000014
41	907	0.000024
42	48	0.003592
42	56	0.000014
42	59	0.000005
42	68	0.003607
42	69	0.000147
42	80	0.000008
42	552	0.000001
42	755	0.000008
42	760	0.000221
42	775	0.000052
42	794	0.000003
42	846	0.000009
42	856	0.001458
42	885	0.000207
42	896	0.000128
42	898	0.000359
42	900	0.029372
42	901	0.000187
42	902	0.000439
42	904	0.000036
42	905	0.000008
43	55	0.000013
43	58	0.000005
43	61	0.000001
43	67	0.003374
43	79	0.000008
43	754	0.000008
43	759	0.000198
43	764	0.001167
43	766	0.000137
43	769	0.000004
43	772	0.000005
43	798	0.000007
43	800	0.000011
43	855	0.001437
43	861	0.000001
43	862	0.000003
43	863	0.000003
43	884	0.000205
43	895	0.000108
43	899	0.028992
44	61	0.000156
44	67	0.000019
44	753	0.000002
44	756	0.000004
44	759	0.000016
44	764	0.002582
44	766	0.000057
44	769	0.000004
44	772	0.000004
44	798	0.000009
44	800	0.000013
44	854	0.001215
44	855	0.000011
44	860	0.000001
44	861	0.000004
44	862	0.000004
44	872	0.000001
44	883	0.000191
44	899	0.000016
45	58	0.000003
45	60	0.000189
45	61	0.000003
45	67	0.000007
45	756	0.001886
45	759	0.000020
45	764	0.000853
45	766	0.000138
45	769	0.000018
45	772	0.000015
45	798	0.000007
45	800	0.000008
45	851	0.000003
45	853	0.000451
45	854	0.000016
45	855	0.000006
45	860	0.000003
45	861	0.000003
45	871	0.000001
45	882	0.000136
45	893	0.000012
45	899	0.000058
46	56	0.000095
46	57	0.000003
46	59	0.000193
46	68	0.011312
46	84	0.000003
46	88	0.000031
46	564	0.000002
46	755	0.002030
46	760	0.894186
46	775	0.000003
46	813	0.000002
46	850	0.000004
46	856	0.000005
46	870	0.000001
46	892	0.000011
46	896	0.030663
46	898	0.000036
46	904	0.000003
46	905	0.000002
47	55	0.000095
47	58	0.000176
47	60	0.000016
47	61	0.000038
47	67	0.011340
47	75	0.000007
47	87	0.000067
47	754	0.001988
47	756	0.000034
47	759	0.901976
47	764	0.000047
47	772	0.000051
47	800	0.000122
47	853	0.000783
47	855	0.000004
47	865	0.000004
47	869	0.000001
47	882	0.000005
47	895	0.030876
48	52	0.000021
48	53	0.000137
48	60	0.000027
48	61	0.020880
48	62	0.003816
48	64	0.000025
48	65	0.000047
48	66	0.010048
48	74	0.000007
48	83	0.000028
48	86	0.000070
48	563	0.000001
48	566	0.000001
48	581	0.000003
48	753	0.000283
48	754	0.000008
48	756	0.000031
48	758	0.899089
48	759	0.000004
48	761	0.000029
48	763	0.000051
48	767	0.000082
48	770	0.000051
48	771	0.000054
48	772	0.000001
48	795	0.000004
48	799	0.000139
48	801	0.000050
48	803	0.000002
48	811	0.000008
48	812	0.000011
48	849	0.000002
48	852	0.001042
48	854	0.000002
48	864	0.000004
48	868	0.000001
48	881	0.000007
48	894	0.030908
48	906	0.000048
49	55	0.000003
49	58	0.000050
49	60	0.035022
49	61	0.001953
49	580	0.000003
49	753	0.000007
49	754	0.000100
49	756	0.901495
49	766	0.000064
49	769	0.000050
49	798	0.000104
49	800	0.000037
49	851	0.001043
49	853	0.000002
49	863	0.000003
49	880	0.000006
49	893	0.030793
50	56	0.000119
50	57	0.000056
50	59	0.037532
50	68	0.000056
50	71	0.000006
50	72	0.000004
50	82	0.000084
50	84	0.000047
50	564	0.000001
50	707	0.000016
50	752	0.000003
50	755	0.907424
50	760	0.000009
50	810	0.000067
50	850	0.001040
50	879	0.000005
50	892	0.030565
50	900	0.000001
50	904	0.000001
50	905	0.000001
51	55	0.000080
51	58	0.037449
51	60	0.000028
51	67	0.000052
51	706	0.000016
51	753	0.461891
51	754	0.451464
51	756	0.000002
51	759	0.000006
51	764	0.000002
51	766	0.000001
51	769	0.000064
51	772	0.000003
51	798	0.000001
51	809	0.000165
51	851	0.000002
51	880	0.000009
51	884	0.000001
51	888	0.000006
51	893	0.000001
51	899	0.000001
52	56	0.000030
52	57	0.037091
52	59	0.000029
52	68	0.000153
52	69	0.006443
52	81	0.001903
52	82	0.000004
52	577	0.000008
52	705	0.000016
52	752	0.919167
52	775	0.000001
52	808	0.000189
52	839	0.000003
52	840	0.000212
52	846	0.000002
52	850	0.000002
52	879	0.000009
52	885	0.000001
52	892	0.000003
52	898	0.000001
52	901	0.000002
52	905	0.000007
53	57	0.000026
53	59	0.000013
53	68	0.028777
53	69	0.000003
53	80	0.001913
53	81	0.000002
53	576	0.000008
53	704	0.000016
53	751	0.919404
53	752	0.000010
53	775	0.000003
53	807	0.000190
53	839	0.000213
53	840	0.000001
53	845	0.000002
53	878	0.000008
53	885	0.000006
53	892	0.000001
53	900	0.000002
53	904	0.000007
54	58	0.000009
54	60	0.000003
54	61	0.000002
54	67	0.028491
54	79	0.001914
54	575	0.000008
54	703	0.000016
54	750	0.918700
54	766	0.005200
54	769	0.000113
54	806	0.000187
54	884	0.000004
54	888	0.000027
54	893	0.000002
54	899	0.000001
55	59	0.000003
55	63	0.000043
55	68	0.000010
55	78	0.001910
55	567	0.000100
55	574	0.000008
55	702	0.000016
55	744	0.000003
55	749	0.918686
55	765	0.006136
55	768	0.000138
55	837	0.000141
55	844	0.000003
55	887	0.000027
55	889	0.000001
55	890	0.000003
55	891	0.000035
55	892	0.000005
55	898	0.000001
55	907	0.000371
56	62	0.000051
56	64	0.000010
56	65	0.030250
56	66	0.001379
56	67	0.000024
56	75	0.000023
56	77	0.001888
56	87	0.000001
56	566	0.000124
56	573	0.000008
56	701	0.000015
56	741	0.000174
56	742	0.000208
56	743	0.000003
56	747	0.000004
56	748	0.919031
56	764	0.006392
56	767	0.000146
56	770	0.000012
56	771	0.000005
56	801	0.000001
56	804	0.000201
56	805	0.000001
56	835	0.000135
56	836	0.000099
56	843	0.000003
56	849	0.000001
56	906	0.000565
57	61	0.000021
57	62	0.000010
57	64	0.030329
57	65	0.001343
57	66	0.000027
57	74	0.000057
57	75	0.000001
57	76	0.001350
57	86	0.000002
57	565	0.000124
57	572	0.000008
57	695	0.000004
57	700	0.000012
57	711	0.000003
57	740	0.000229
57	741	0.000271
57	742	0.000011
57	743	0.000002
57	747	0.918873
57	763	0.006436
57	766	0.000140
57	769	0.000013
57	770	0.000005
57	795	0.000004
57	803	0.000204
57	834	0.000180
57	835	0.000054
57	842	0.000003
57	848	0.000001
57	861	0.000001
57	906	0.000005
58	63	0.026572
58	72	0.000002
58	73	0.000059
58	85	0.000001
58	564	0.000122
58	570	0.000004
58	571	0.000004
58	694	0.000014
58	710	0.000007
58	712	0.000015
58	744	0.000286
58	745	0.002251
58	746	0.907980
58	762	0.006431
58	765	0.000136
58	768	0.000016
58	794	0.000004
58	802	0.000204
58	833	0.000224
58	841	0.000003
58	889	0.000340
58	904	0.000567
58	905	0.000003
58	907	0.000002
59	64	0.000667
59	65	0.000009
59	66	0.000010
59	74	0.001850
59	83	0.000003
59	86	0.000003
59	563	0.000020
59	569	0.000006
59	693	0.000014
59	709	0.000019
59	711	0.000044
59	717	0.000002
59	739	0.912184
59	740	0.003745
59	741	0.000446
59	742	0.000309
59	743	0.000073
59	761	0.006402
59	763	0.000050
59	764	0.000075
59	767	0.000016
59	793	0.000004
59	801	0.000200
59	832	0.000225
59	834	0.000009
59	859	0.000027
59	888	0.000362
59	903	0.000579
59	906	0.000004
60	68	0.000002
60	70	0.000005
60	71	0.000060
60	73	0.001848
60	82	0.000003
60	85	0.000002
60	568	0.000006
60	692	0.000011
60	694	0.000001
60	708	0.000010
60	710	0.000042
60	716	0.000002
60	737	0.000002
60	738	0.916449
60	744	0.000141
60	745	0.000018
60	760	0.005700
60	762	0.000048
60	797	0.000001
60	831	0.000221
60	833	0.000009
60	858	0.000028
60	887	0.000364
60	902	0.000578
60	905	0.000002
61	68	0.000011
61	69	0.000012
61	70	0.000065
61	72	0.001837
61	73	0.000002
61	81	0.000003
61	85	0.000280
61	567	0.000006
61	691	0.000007
61	692	0.000005
61	708	0.000376
61	737	0.917886
61	738	0.000002
61	744	0.000006
61	757	0.000012
61	760	0.000012
61	762	0.000004
61	765	0.000001
61	791	0.000003
61	796	0.000001
61	857	0.000028
61	886	0.000366
61	901	0.000575
61	905	0.000011
62	68	0.003066
62	69	0.000070
62	71	0.001832
62	72	0.000004
62	80	0.000003
62	84	0.000406
62	689	0.000008
62	691	0.000008
62	707	0.000438
62	736	0.918958
62	760	0.000079
62	775	0.000001
62	790	0.000003
62	831	0.000010
62	856	0.000028
62	885	0.000366
62	900	0.000579
62	904	0.000065
62	905	0.000002
63	67	0.002026
63	79	0.000003
63	688	0.000008
63	690	0.000008
63	706	0.000438
63	735	0.918367
63	756	0.000002
63	759	0.000077
63	830	0.000010
63	855	0.000022
63	880	0.000001
63	884	0.000288
63	899	0.000577
64	68	0.000253
64	69	0.000147
64	71	0.000001
64	72	0.000003
64	78	0.000003
64	81	0.000001
64	82	0.000446
64	564	0.000010
64	687	0.000008
64	689	0.000008
64	705	0.000438
64	733	0.000001
64	734	0.895220
64	736	0.000002
64	755	0.000002
64	760	0.000002
64	789	0.000001
64	790	0.000002
64	826	0.000013
64	846	0.000002
64	847	0.000086
64	879	0.000002
64	898	0.000570
64	901	0.000001
64	902	0.000090
64	904	0.000001
64	905	0.000016
65	69	0.000007
65	71	0.000003
65	72	0.000003
65	80	0.000001
65	81	0.000447
65	564	0.000010
65	687	0.000002
65	704	0.000436
65	732	0.000002
65	733	0.871711
65	734	0.023744
65	789	0.000002
65	790	0.000004
65	825	0.000013
65	826	0.000318
65	846	0.000368
65	878	0.000002
65	896	0.000058
65	900	0.000001
65	901	0.000091
65	902	0.000003
65	904	0.000016
65	905	0.000011
66	71	0.000003
66	80	0.000446
66	564	0.000019
66	687	0.000003
66	732	0.847299
66	733	0.047256
66	738	0.000003
66	760	0.000002
66	775	0.000008
66	789	0.000004
66	824	0.000013
66	825	0.000320
66	845	0.000370
66	879	0.000002
66	892	0.000002
66	896	0.000204
66	898	0.000002
66	900	0.000090
66	901	0.000003
66	902	0.000003
66	904	0.000012
66	905	0.000009
67	78	0.000225
67	564	0.000036
67	567	0.001308
67	684	0.000008
67	702	0.000641
67	719	0.000014
67	723	0.000037
67	732	0.070662
67	737	0.000003
67	757	0.000002
67	762	0.000007
67	765	0.000003
67	768	0.000060
67	773	0.000001
67	774	0.000008
67	796	0.000020
67	802	0.000024
67	824	0.000320
67	844	0.000370
67	850	0.000001
67	866	0.000121
67	878	0.000002
67	891	0.000002
67	897	0.000002
67	900	0.000003
67	904	0.000009
67	907	0.000028
68	74	0.000001
68	77	0.000257
68	563	0.000094
68	565	0.000960
68	566	0.001480
68	581	0.000001
68	582	0.000005
68	583	0.000002
68	584	0.000010
68	585	0.000013
68	683	0.000009
68	686	0.000001
68	701	0.000696
68	718	0.000014
68	722	0.000038
68	727	0.000015
68	728	0.000762
68	729	0.000073
68	730	0.000480
68	731	0.904256
68	758	0.000007
68	759	0.000001
68	761	0.000009
68	763	0.000011
68	764	0.000003
68	767	0.000075
68	770	0.000001
68	771	0.000004
68	772	0.000001
68	785	0.000013
68	795	0.000024
68	799	0.000004
68	801	0.000033
68	803	0.000002
68	823	0.000332
68	843	0.000370
68	849	0.000002
68	865	0.000142
68	877	0.000003
68	881	0.000010
68	894	0.000112
68	895	0.000002
68	899	0.000001
68	903	0.000010
68	906	0.000054
69	76	0.000243
69	77	0.000183
69	562	0.000018
69	563	0.077479
69	565	0.001021
69	581	0.000004
69	583	0.000009
69	584	0.000012
69	700	0.000695
69	717	0.000003
69	721	0.000012
69	727	0.000595
69	728	0.000034
69	729	0.000068
69	730	0.907419
69	731	0.000249
69	770	0.000002
69	784	0.000013
69	822	0.000332
69	842	0.000354
69	864	0.000151
70	75	0.000209
70	76	0.000177
70	562	0.084041
70	580	0.000003
70	699	0.000694
70	725	0.000001
70	726	0.000511
70	729	0.908977
70	730	0.000158
70	769	0.000001
70	772	0.000424
70	783	0.000015
70	821	0.000332
70	861	0.000002
70	863	0.000155
70	865	0.000021
70	883	0.000001
71	75	0.000081
71	77	0.000003
71	561	0.084991
71	562	0.000004
71	563	0.000004
71	579	0.000002
71	582	0.000025
71	698	0.000693
71	722	0.000001
71	724	0.000001
71	725	0.000436
71	727	0.000056
71	728	0.909704
71	729	0.000059
71	771	0.000452
71	782	0.000016
71	820	0.000332
71	843	0.000063
71	860	0.000003
71	862	0.000155
71	864	0.000022
71	882	0.000002
71	895	0.000003
72	76	0.000001
72	77	0.000009
72	560	0.084999
72	561	0.000008
72	562	0.000001
72	563	0.000006
72	578	0.000002
72	581	0.000025
72	697	0.000691
72	721	0.000001
72	724	0.000345
72	726	0.000089
72	727	0.909534
72	728	0.000058
72	770	0.000452
72	781	0.000016
72	819	0.000332
72	842	0.000063
72	859	0.000003
72	861	0.000157
72	863	0.000022
72	864	0.000001
72	881	0.000002
72	894	0.000003
73	79	0.000004
73	559	0.083888
73	562	0.000007
73	580	0.000025
73	696	0.000595
73	725	0.003603
73	726	0.859767
73	769	0.000432
73	780	0.000016
73	817	0.000001
73	818	0.000312
73	860	0.000154
73	862	0.000021
73	880	0.000002
73	893	0.000003
74	78	0.000006
74	80	0.000006
74	81	0.000014
74	82	0.000001
74	557	0.000085
74	577	0.000002
74	691	0.000001
74	715	0.000007
74	779	0.000016
74	879	0.000001
74	892	0.000003
75	80	0.000013
75	81	0.000001
75	554	0.000001
75	556	0.000026
75	557	0.000081
75	558	0.084410
75	694	0.000005
75	714	0.000007
75	723	0.000814
75	768	0.000019
75	778	0.000015
75	841	0.000417
75	858	0.000175
75	891	0.000003
76	85	0.000028
76	553	0.000004
76	556	0.000004
76	557	0.086635
76	558	0.000040
76	577	0.000158
76	589	0.000014
76	692	0.000008
76	713	0.000005
76	723	0.001841
76	765	0.000002
76	768	0.000060
76	776	0.000014
76	840	0.000436
76	857	0.000195
76	890	0.000002
77	84	0.000036
77	552	0.000004
77	554	0.000009
77	556	0.087451
77	557	0.000023
77	576	0.000265
77	588	0.000015
77	687	0.000003
77	691	0.000009
77	704	0.000004
77	775	0.000015
77	815	0.000261
77	839	0.000442
77	856	0.000196
78	83	0.000034
78	86	0.000004
78	551	0.000004
78	555	0.087530
78	575	0.000275
78	584	0.000004
78	585	0.000031
78	587	0.000015
78	686	0.000003
78	690	0.000004
78	693	0.000003
78	695	0.000023
78	703	0.000008
78	720	0.030280
78	721	0.000263
78	722	0.000046
78	724	0.869622
78	725	0.000409
78	726	0.000001
78	761	0.000003
78	763	0.000017
78	766	0.000429
78	767	0.000007
78	803	0.000002
78	814	0.000265
78	816	0.000008
78	817	0.000005
78	838	0.000443
78	855	0.000191
79	85	0.000004
79	550	0.000004
79	552	0.000012
79	553	0.000016
79	554	0.086933
79	556	0.000002
79	574	0.000273
79	685	0.000003
79	691	0.000003
79	692	0.000003
79	694	0.000023
79	702	0.000009
79	719	0.030714
79	723	0.876311
79	760	0.000003
79	762	0.000017
79	765	0.000462
79	773	0.000009
79	802	0.000002
79	813	0.000264
79	815	0.000008
79	837	0.000442
80	87	0.000005
80	551	0.000039
80	555	0.000002
80	573	0.000238
80	582	0.000001
80	583	0.000011
80	584	0.000075
80	585	0.000063
80	586	0.000005
80	690	0.000006
80	693	0.000022
80	701	0.000009
80	718	0.030724
80	720	0.000010
80	721	0.000068
80	722	0.877114
80	759	0.000003
80	761	0.000017
80	763	0.000002
80	764	0.000467
80	771	0.000005
80	772	0.000011
80	801	0.000002
80	812	0.000253
80	814	0.000008
80	816	0.000019
80	817	0.000009
80	818	0.000002
80	836	0.000443
80	853	0.000194
81	86	0.000013
81	87	0.000002
81	551	0.000026
81	566	0.000006
81	572	0.000201
81	573	0.000239
81	579	0.000003
81	581	0.000001
81	582	0.000012
81	583	0.000079
81	584	0.000068
81	585	0.000008
81	700	0.000009
81	717	0.030446
81	718	0.000066
81	720	0.000089
81	721	0.876992
81	722	0.000003
81	758	0.000003
81	759	0.000002
81	763	0.000466
81	770	0.000005
81	771	0.000011
81	800	0.000002
81	811	0.000152
81	812	0.000017
81	816	0.000009
81	817	0.000025
81	835	0.000443
81	852	0.000197
82	86	0.000020
82	87	0.000006
82	90	0.000004
82	549	0.000211
82	551	0.113128
82	555	0.000068
82	565	0.000007
82	569	0.000002
82	572	0.000372
82	573	0.000002
82	578	0.000066
82	581	0.000011
82	582	0.000082
82	583	0.000071
82	584	0.000010
82	585	0.000002
82	688	0.000012
82	690	0.000005
82	699	0.000005
82	717	0.000087
82	718	0.000023
82	720	0.869878
82	721	0.000005
82	758	0.000002
82	759	0.000007
82	761	0.000712
82	769	0.000004
82	770	0.000011
82	795	0.000032
82	799	0.000002
82	809	0.000003
82	811	0.000026
82	812	0.000001
82	814	0.000034
82	816	0.000027
82	834	0.000435
82	851	0.000198
82	906	0.000001
83	88	0.000089
83	89	0.000005
83	548	0.000435
83	550	0.114070
83	552	0.018159
83	554	0.000065
83	556	0.000015
83	564	0.000007
83	571	0.000424
83	576	0.000006
83	577	0.000072
83	687	0.000019
83	689	0.000006
83	691	0.000001
83	707	0.000013
83	715	0.002994
83	760	0.000713
83	794	0.000032
83	808	0.000003
83	810	0.000034
83	813	0.000034
83	815	0.000027
83	850	0.000199
83	885	0.000001
84	546	0.000002
84	547	0.000412
84	549	0.041040
84	551	0.020053
84	555	0.000016
84	563	0.000007
84	566	0.000060
84	569	0.000127
84	572	0.000052
84	573	0.000098
84	575	0.000003
84	578	0.000010
84	579	0.000001
84	580	0.000006
84	581	0.000297
84	582	0.000055
84	583	0.000045
84	584	0.000044
84	585	0.000044
84	683	0.000010
84	686	0.000019
84	688	0.000003
84	697	0.000008
84	698	0.000002
84	700	0.000004
84	701	0.000002
84	706	0.000002
84	711	0.000003
84	717	0.012040
84	718	0.631724
84	720	0.000012
84	758	0.000015
84	759	0.000458
84	761	0.000001
84	767	0.000010
84	793	0.000030
84	799	0.000002
84	801	0.000002
84	809	0.000011
84	812	0.000033
84	814	0.000026
84	832	0.000011
84	849	0.000194
84	852	0.000003
84	881	0.000004
84	884	0.000001
85	547	0.000294
85	549	0.406818
85	562	0.000005
85	575	0.000021
85	579	0.000005
85	580	0.000233
85	682	0.000008
85	688	0.000006
85	690	0.000001
85	696	0.000007
85	699	0.000003
85	706	0.000003
85	709	0.000003
85	711	0.000024
85	759	0.000001
85	766	0.000007
85	792	0.000012
85	798	0.000001
85	800	0.000001
85	809	0.000012
85	851	0.000003
85	880	0.000004
85	883	0.000001
86	103	0.000004
86	548	0.457033
86	550	0.000191
86	554	0.000007
86	571	0.000303
86	576	0.000010
86	577	0.000034
86	687	0.000007
86	689	0.000002
86	705	0.000003
86	707	0.000006
86	715	0.081503
86	807	0.000002
86	808	0.000017
86	813	0.000004
86	831	0.000002
86	850	0.000003
86	879	0.000003
87	102	0.000004
87	548	0.000263
87	550	0.000002
87	553	0.000007
87	567	0.000003
87	568	0.000008
87	570	0.000286
87	574	0.000031
87	576	0.000029
87	681	0.000001
87	708	0.000002
87	710	0.000015
87	712	0.000056
87	713	0.000337
87	714	0.076967
87	715	0.001051
87	716	0.000869
87	719	0.000149
87	807	0.000015
87	878	0.000002
88	101	0.000004
88	545	0.000010
88	546	0.991155
88	547	0.000035
88	569	0.000129
88	572	0.000001
88	573	0.000036
88	711	0.000003
88	717	0.000025
88	718	0.000118
89	100	0.000004
89	545	0.999837
89	546	0.000022
89	572	0.000020
89	717	0.000051
90	99	0.000004
90	544	0.999917
90	571	0.000011
90	715	0.000007
91	98	0.000004
91	543	0.999956
92	542	0.999984
93	541	0.999969
94	540	0.999452
95	539	0.998841
95	540	0.000007
96	105	0.000004
96	166	0.000054
96	540	0.000001
97	104	0.000004
97	164	0.000008
97	165	0.000057
97	537	0.000257
97	538	0.998086
98	103	0.000004
98	163	0.000008
98	164	0.000057
98	533	0.000014
98	537	0.998088
98	538	0.000010
99	116	0.000175
99	166	0.000001
99	212	0.000016
99	230	0.000004
99	236	0.000001
99	532	0.000018
99	535	0.003802
99	536	0.916554
99	539	0.000599
100	113	0.000037
100	114	0.992151
100	164	0.000002
100	165	0.000002
100	211	0.000016
100	215	0.000001
100	531	0.000005
100	533	0.000091
100	538	0.000760
101	113	0.998663
101	114	0.000027
101	163	0.000002
101	164	0.000002
101	210	0.000016
101	215	0.000189
101	533	0.000018
101	537	0.000761
102	107	0.000002
102	111	0.001136
102	112	0.996302
102	170	0.000001
102	209	0.000015
102	214	0.000192
102	532	0.000003
102	535	0.000001
102	536	0.000754
103	110	0.001165
103	111	0.997777
103	112	0.000011
103	169	0.000001
103	170	0.000017
103	213	0.000193
103	535	0.000743
103	536	0.000020
104	110	0.996743
104	111	0.000014
104	169	0.000018
104	212	0.000191
104	535	0.000031
104	711	0.000002
105	109	0.808949
105	211	0.000074
105	533	0.000231
105	534	0.000038
105	710	0.000003
106	168	0.000203
106	532	0.000492
106	709	0.000002
107	113	0.000004
107	167	0.000236
107	531	0.000472
107	533	0.000037
108	112	0.000003
108	166	0.000121
108	532	0.000030
109	166	0.000748
109	168	0.000001
109	706	0.000003
110	164	0.000017
110	165	0.000902
110	167	0.000001
110	705	0.000003
111	163	0.000017
111	164	0.000902
111	165	0.000002
111	704	0.000003
112	162	0.000001
112	163	0.000877
112	164	0.000002
112	229	0.000001
112	537	0.000001
112	702	0.000003
113	228	0.000001
113	536	0.000002
113	701	0.000003
114	227	0.000001
114	236	0.000003
114	535	0.000003
114	700	0.000003
115	166	0.000098
115	168	0.000002
115	214	0.000004
115	232	0.000005
115	235	0.000003
115	409	0.000002
115	532	0.000020
115	699	0.000003
116	161	0.000015
116	162	0.992608
116	163	0.001150
116	164	0.000019
116	165	0.000063
116	231	0.000003
116	531	0.000001
117	161	0.999140
117	162	0.000609
117	163	0.000015
117	164	0.000048
118	160	0.999413
119	159	0.999977
120	158	0.999979
121	156	0.000001
121	157	0.999033
122	156	0.999289
122	157	0.000001
123	155	0.999964
124	154	0.999511
125	153	0.999977
126	152	0.999984
127	150	0.000001
127	151	0.998859
128	150	0.998775
129	149	0.998652
130	148	0.911101
131	146	0.000002
131	147	0.649753
131	148	0.085284
132	146	0.387791
132	147	0.350045
133	139	0.000003
133	143	0.006217
133	146	0.611800
134	138	0.000003
134	140	0.000002
134	142	0.006271
134	145	0.866866
135	139	0.000002
135	143	0.007765
135	147	0.000026
136	143	0.976668
136	146	0.000034
137	142	0.986965
137	145	0.000042
138	143	0.000033
160	180	0.000032
160	216	0.000002
161	179	0.000110
161	214	0.000003
161	230	0.000002
162	170	0.000002
162	178	0.000142
162	179	0.000308
162	213	0.000064
162	214	0.001150
162	228	0.000004
162	230	0.000310
162	535	0.000002
162	536	0.000020
162	698	0.000001
163	168	0.000083
163	169	0.000022
163	170	0.000290
163	177	0.000191
163	178	0.000494
163	179	0.000303
163	212	0.000132
163	213	0.029631
163	214	0.580189
163	221	0.000009
163	227	0.000004
163	228	0.121724
163	230	0.000063
163	232	0.000006
163	236	0.000002
163	410	0.000015
163	532	0.000003
163	535	0.000109
163	536	0.001192
163	583	0.000001
163	697	0.000003
164	168	0.000018
164	169	0.000302
164	170	0.000037
164	176	0.000197
164	177	0.000496
164	178	0.000303
164	212	0.029461
164	213	0.640030
164	214	0.114824
164	220	0.000007
164	221	0.000101
164	226	0.000002
164	227	0.122068
164	228	0.000142
164	236	0.000004
164	239	0.000001
164	409	0.000001
164	410	0.000008
164	413	0.000013
164	532	0.000001
164	535	0.001191
164	536	0.007954
164	582	0.000001
164	696	0.000003
165	169	0.000037
165	175	0.000200
165	176	0.000497
165	177	0.000302
165	212	0.636709
165	213	0.126961
165	214	0.001610
165	220	0.000102
165	224	0.000002
165	226	0.121923
165	227	0.000141
165	230	0.000012
165	235	0.000003
165	236	0.000002
165	238	0.000002
165	409	0.000004
165	410	0.000001
165	412	0.000014
165	532	0.000001
165	535	0.008168
165	536	0.000011
165	581	0.000001
165	695	0.000003
166	174	0.000199
166	210	0.000578
166	211	0.069790
166	215	0.000312
166	216	0.000187
166	217	0.000072
166	219	0.000101
166	223	0.000002
166	225	0.122153
166	229	0.000012
166	234	0.000003
166	237	0.000003
166	408	0.000004
166	411	0.000014
166	533	0.000035
166	534	0.007749
166	694	0.000003
167	175	0.000914
167	176	0.000002
167	209	0.000632
167	212	0.139733
167	213	0.032714
167	214	0.000201
167	220	0.000001
167	224	0.122127
167	228	0.000012
167	235	0.000010
167	236	0.000003
167	410	0.000012
167	530	0.000001
167	532	0.000036
167	535	0.000094
167	693	0.000003
168	174	0.000917
168	207	0.000049
168	208	0.000558
168	210	0.000016
168	211	0.003595
168	215	0.000052
168	216	0.000042
168	217	0.000089
168	218	0.000004
168	219	0.000008
168	222	0.000270
168	223	0.119881
168	234	0.000014
168	531	0.000001
168	533	0.000014
168	534	0.000093
168	692	0.000003
169	173	0.000904
169	206	0.000089
169	210	0.002129
169	211	0.874484
169	215	0.000019
169	218	0.000005
169	222	0.047796
169	233	0.000015
169	529	0.000004
169	531	0.000002
169	533	0.000072
169	577	0.000001
169	691	0.000002
170	206	0.000216
170	210	0.992735
170	211	0.000125
170	215	0.000012
170	218	0.000015
170	222	0.000044
170	231	0.000016
170	528	0.000004
170	531	0.000003
170	576	0.000001
171	175	0.000007
171	209	0.995936
171	212	0.000071
171	213	0.000001
171	214	0.000005
171	220	0.000175
171	221	0.000073
171	230	0.000016
171	527	0.000004
171	530	0.000003
171	535	0.000007
171	575	0.000001
172	204	0.000002
172	205	0.000081
172	206	0.000102
172	207	0.000771
172	208	0.985213
172	210	0.000042
172	211	0.000068
172	216	0.000002
172	217	0.000003
172	218	0.000002
172	219	0.000183
172	222	0.000002
172	229	0.000016
172	526	0.000003
172	529	0.000003
172	534	0.000007
172	574	0.000001
173	209	0.000054
173	212	0.000004
173	213	0.000002
173	221	0.000043
173	228	0.000016
173	573	0.000001
174	214	0.000002
174	220	0.000039
174	532	0.000007
175	203	0.000066
175	204	0.010190
175	206	0.239325
175	210	0.000004
175	211	0.000004
175	215	0.000008
175	218	0.000012
175	531	0.000007
176	202	0.000066
176	203	0.009496
176	204	0.986121
176	206	0.000027
176	210	0.000002
177	201	0.000065
177	202	0.008768
177	203	0.989093
177	204	0.000333
178	199	0.000003
178	201	0.008018
178	202	0.989845
178	203	0.000329
179	199	0.000690
179	201	0.990252
179	202	0.000324
181	198	0.000147
181	199	0.973430
182	197	0.000004
182	198	0.997939
182	199	0.000004
183	197	0.999954
184	196	0.999508
185	193	0.000002
185	195	0.999972
186	192	0.000006
186	194	0.999917
187	191	0.000024
187	193	0.991643
187	195	0.000007
188	192	0.980165
188	194	0.000008
189	193	0.000009
199	212	0.000019
199	232	0.000006
200	211	0.000020
200	215	0.000922
200	231	0.000008
201	213	0.000001
201	214	0.000939
201	230	0.000008
202	209	0.000019
202	212	0.000001
202	213	0.000944
202	214	0.000003
203	212	0.000943
203	213	0.000008
203	228	0.000010
204	209	0.000002
204	212	0.000008
204	213	0.000001
204	227	0.000010
204	236	0.000003
205	214	0.000436
205	220	0.000001
205	226	0.000010
205	235	0.000003
206	212	0.000011
206	213	0.000457
206	221	0.000486
206	227	0.000002
207	214	0.000003
207	220	0.000476
207	226	0.000002
208	214	0.000001
208	220	0.000002
208	232	0.000005
208	415	0.000010
209	215	0.000031
209	218	0.000544
209	222	0.000028
209	231	0.000005
209	414	0.000011
210	214	0.000013
210	220	0.000001
210	221	0.000253
210	230	0.000005
210	413	0.000011
210	536	0.000004
211	220	0.000298
211	221	0.000242
211	228	0.000002
211	412	0.000011
211	530	0.000001
211	535	0.000004
211	539	0.000001
212	218	0.000954
212	222	0.000080
212	231	0.000001
212	233	0.000002
212	411	0.000011
212	529	0.000001
212	533	0.000005
212	538	0.000004
213	218	0.001564
213	222	0.000801
213	233	0.000003
213	528	0.000001
213	531	0.000001
213	533	0.000020
213	537	0.000004
213	538	0.000003
214	218	0.000040
214	219	0.000498
214	222	0.003961
214	223	0.000012
214	225	0.000013
214	229	0.000009
214	231	0.000019
214	237	0.000076
214	533	0.000005
214	534	0.000010
214	537	0.000003
215	220	0.000025
215	221	0.015975
215	224	0.000028
215	227	0.000026
215	228	0.000017
215	230	0.000079
215	236	0.000499
215	238	0.000018
215	239	0.000508
215	410	0.000091
215	532	0.000014
215	535	0.000100
215	536	0.000044
216	220	0.012115
216	226	0.000025
216	235	0.000436
216	238	0.000951
216	409	0.000051
216	532	0.000029
217	226	0.000005
217	232	0.000001
217	235	0.000009
217	238	0.000204
217	409	0.000002
217	532	0.000021
218	224	0.000027
218	227	0.000342
218	228	0.000005
218	230	0.000002
218	232	0.000002
218	235	0.000008
218	236	0.871219
218	239	0.000004
218	535	0.000004
218	536	0.000001
219	226	0.000334
219	232	0.000139
219	235	0.872975
219	238	0.000006
220	225	0.000271
220	229	0.000001
220	231	0.000040
220	233	0.000006
220	234	0.873262
220	237	0.000008
220	534	0.000016
221	231	0.000522
221	233	0.870745
221	533	0.000018
222	226	0.000003
222	227	0.000266
222	228	0.000424
222	230	0.000999
222	232	0.325585
222	235	0.000003
222	236	0.001968
222	532	0.000005
223	232	0.508955
223	235	0.001950
224	231	0.777000
224	233	0.002524
224	533	0.000001
225	232	0.002907
225	235	0.000143
226	231	0.002717
226	234	0.000190
227	231	0.000292
227	233	0.000194
228	233	0.000052
228	416	0.000006
228	533	0.000060
228	689	0.000002
229	235	0.000063
229	238	0.000006
229	409	0.000001
229	415	0.000027
229	417	0.000001
229	532	0.000099
229	688	0.000002
230	411	0.000013
230	414	0.000031
230	416	0.000001
230	528	0.000003
230	531	0.000100
230	533	0.000081
230	537	0.000010
230	687	0.000002
231	235	0.000039
231	236	0.008175
231	238	0.000033
231	409	0.000003
231	410	0.000056
231	412	0.001666
231	413	0.000019
231	436	0.000001
231	527	0.000004
231	530	0.000019
231	532	0.000040
231	535	0.001167
231	536	0.000030
231	686	0.000002
232	237	0.000048
232	408	0.000001
232	411	0.001689
232	435	0.000002
232	525	0.000002
232	526	0.000002
232	529	0.000012
232	533	0.000004
232	534	0.001140
233	238	0.000001
233	239	0.000002
233	409	0.000008
233	410	0.002670
233	412	0.000006
233	413	0.000002
233	434	0.000002
233	524	0.000003
233	527	0.000001
233	532	0.000005
233	535	0.000171
233	536	0.000065
233	683	0.000002
234	238	0.000003
234	409	0.002254
234	433	0.000002
234	523	0.000003
234	532	0.000761
234	682	0.000002
235	408	0.000664
235	411	0.000007
235	432	0.000002
235	522	0.000003
235	531	0.000298
235	534	0.000818
235	681	0.000002
236	407	0.000232
236	411	0.000011
236	431	0.000002
236	531	0.000026
236	533	0.000944
236	680	0.000001
237	409	0.824327
237	532	0.000348
238	407	0.000002
238	408	0.967386
238	531	0.000035
239	406	0.000010
239	407	0.998967
240	405	0.000009
240	406	0.999648
240	407	0.000313
241	404	0.000007
241	405	0.999651
241	406	0.000321
242	404	0.999609
242	405	0.000327
243	402	0.000014
243	403	0.991083
243	404	0.000316
245	402	0.898322
246	399	0.000014
246	401	0.898322
247	399	0.991400
248	398	0.999931
248	399	0.000020
249	397	0.999975
249	398	0.000014
250	392	0.000013
250	396	0.999971
250	397	0.000007
251	391	0.000024
251	394	0.000005
251	395	0.999960
252	390	0.000037
252	391	0.001189
252	394	0.998739
253	390	0.004862
253	391	0.000084
253	393	0.992609
253	394	0.000001
254	387	0.000014
254	388	0.105312
254	389	0.016526
254	392	0.876084
255	384	0.000012
255	387	0.969639
255	388	0.011871
256	383	0.000013
256	386	0.998824
256	387	0.000294
256	388	0.000013
256	389	0.000320
257	382	0.000011
257	385	0.998931
257	390	0.000019
257	391	0.000001
258	383	0.000398
258	384	0.998433
258	386	0.000003
258	387	0.000065
258	389	0.000018
259	383	0.998922
259	384	0.000001
259	386	0.000067
259	388	0.000014
259	389	0.000001
260	381	0.999029
261	380	0.999934
262	379	0.999493
263	378	0.999486
264	377	0.999901
265	376	0.987414
266	374	0.146819
266	376	0.000045
267	376	0.000040
268	371	0.925034
268	372	0.010413
268	373	0.005395
268	375	0.000051
269	369	0.000109
269	370	0.999503
269	374	0.000014
270	368	0.000118
270	369	0.999800
270	370	0.000069
271	367	0.000125
271	368	0.999797
271	369	0.000064
272	367	0.999594
272	368	0.000058
273	363	0.000002
273	365	0.998903
274	362	0.000001
274	364	0.996494
275	364	0.000172
276	362	0.995677
276	364	0.000003
277	358	0.000002
277	360	0.000001
277	361	0.998089
277	363	0.000003
278	357	0.000003
278	360	0.998404
278	361	0.000234
278	363	0.000008
279	356	0.000003
279	359	0.976086
279	362	0.000007
280	288	0.000001
280	355	0.000002
281	287	0.000001
281	356	0.001401
281	359	0.011295
282	355	0.001129
283	355	0.000009
284	355	0.000012
284	356	0.997678
285	352	0.000168
285	355	0.998207
286	351	0.000153
286	353	0.000004
286	354	0.999081
287	350	0.000130
287	351	0.000010
287	353	0.998194
288	350	0.000010
288	351	0.000683
288	353	0.000013
289	350	0.000102
289	351	0.721085
289	354	0.000006
290	350	0.993170
290	351	0.000648
290	353	0.000007
291	349	0.970807
291	352	0.000007
292	349	0.004125
293	347	0.992218
293	348	0.004892
293	349	0.000674
294	346	0.996190
294	347	0.002477
294	348	0.000994
294	349	0.000003
295	345	0.997996
296	344	0.998184
296	346	0.000026
296	347	0.001300
296	348	0.000003
297	302	0.000001
297	304	0.000001
297	341	0.000020
297	344	0.000078
297	346	0.001508
297	347	0.000002
298	340	0.000020
298	342	0.989079
298	343	0.000073
298	345	0.001532
299	339	0.000020
299	341	0.997923
299	344	0.001533
299	346	0.000004
300	340	0.996338
300	343	0.001344
300	345	0.000003
301	339	0.973406
302	306	0.000001
302	342	0.000140
302	343	0.000213
303	342	0.000222
303	343	0.000176
304	342	0.000185
304	343	0.000065
305	342	0.000067
306	338	0.997937
306	339	0.000016
306	341	0.000040
307	337	0.999440
307	340	0.000022
308	336	0.999973
308	339	0.000002
309	335	0.999958
309	338	0.000002
310	334	0.983005
312	331	0.000001
312	332	0.994313
312	333	0.000931
313	331	0.999385
314	330	0.999490
315	329	0.999963
316	328	0.999575
317	326	0.000011
317	327	0.999915
318	326	0.998639
318	327	0.000036
318	329	0.000002
319	328	0.000005
320	326	0.000214
320	327	0.000008
321	325	0.000664
321	326	0.000010
386	391	0.000003
387	391	0.000002
406	535	0.000002
406	536	0.000004
407	535	0.000021
407	536	0.000003
408	532	0.002085
409	531	0.000131
409	533	0.000864
409	534	0.003065
410	428	0.000001
410	531	0.920116
410	533	0.006066
411	425	0.000089
411	530	0.992396
411	532	0.004710
411	535	0.000116
412	424	0.000089
412	529	0.992614
412	531	0.002827
412	533	0.000394
413	423	0.000089
413	528	0.992470
413	529	0.000198
413	531	0.004235
413	533	0.000041
414	422	0.000088
414	527	0.986944
414	530	0.006201
414	532	0.000037
415	421	0.000088
415	426	0.000015
415	525	0.000102
415	526	0.766625
415	528	0.001174
415	529	0.005976
415	531	0.000040
416	425	0.000074
416	524	0.000082
416	527	0.005586
416	530	0.000057
417	424	0.000073
417	428	0.000009
417	525	0.000999
417	526	0.005430
417	528	0.000002
417	529	0.000055
418	423	0.000061
418	427	0.000028
418	525	0.005996
418	526	0.212720
418	528	0.000017
419	426	0.000032
419	522	0.000007
419	525	0.975430
419	526	0.000053
420	425	0.000033
420	521	0.000006
420	523	0.000006
420	524	0.999173
421	523	0.999231
422	522	0.998976
423	520	0.000009
423	521	0.999714
424	520	0.997714
424	521	0.000006
425	431	0.007727
425	518	0.000604
426	433	0.000043
426	517	0.000267
427	433	0.000133
427	517	0.000006
428	433	0.000016
428	434	0.000091
428	520	0.000082
428	524	0.000119
429	433	0.000083
429	523	0.000116
431	520	0.000936
431	521	0.000146
431	524	0.000008
432	523	0.000008
433	518	0.000002
433	519	0.985471
433	522	0.000002
434	516	0.000001
434	518	0.999204
435	517	0.999283
436	445	0.000002
436	515	0.000019
436	516	0.999956
436	529	0.000002
437	444	0.000002
437	514	0.000034
437	515	0.999609
437	528	0.000003
438	443	0.000002
438	527	0.000003
439	513	0.997034
439	514	0.000005
439	526	0.000002
440	511	0.000070
440	512	0.999788
440	524	0.000002
441	510	0.002212
441	511	0.965871
441	523	0.000002
442	509	0.002221
443	509	0.987152
444	507	0.000004
444	508	0.998108
444	521	0.000003
445	453	0.000001
445	507	0.999966
445	520	0.000003
446	452	0.000001
446	506	0.999922
446	518	0.000005
447	505	0.979879
447	517	0.000005
448	502	0.000018
448	516	0.000005
449	502	0.000270
449	515	0.000005
450	499	0.000013
450	502	0.997363
450	514	0.000005
451	498	0.000013
451	501	0.999336
451	513	0.000005
452	497	0.000014
452	500	0.999925
452	512	0.000005
453	496	0.000014
453	498	0.001966
453	499	0.994313
453	501	0.000005
454	497	0.003925
454	500	0.000006
455	497	0.915485
458	495	0.987521
459	493	0.000014
459	494	0.999882
460	492	0.000015
460	493	0.999961
460	494	0.000012
461	491	0.000013
461	492	0.999828
461	493	0.000012
462	491	0.956921
463	487	0.000002
463	491	0.005332
464	485	0.000001
465	487	0.000003
465	491	0.000208
466	484	0.000008
466	487	0.000018
466	491	0.000067
467	483	0.000009
467	487	0.000051
467	488	0.995345
468	487	0.998876
469	478	0.000001
469	482	0.000004
469	485	0.000001
469	486	0.999416
470	477	0.000002
470	481	0.000004
470	485	0.999850
471	484	0.984543
471	487	0.000006
472	477	0.000002
472	478	0.000226
472	479	0.000012
472	481	0.000059
472	482	0.871335
472	486	0.000012
473	477	0.000224
473	479	0.000335
473	481	0.901310
473	482	0.090301
473	485	0.000013
474	480	0.887689
474	483	0.002138
474	484	0.000018
475	484	0.000002
476	481	0.001652
476	482	0.001617
477	483	0.000051
478	484	0.000004
479	483	0.000008
496	510	0.000006
497	509	0.000007
498	508	0.000007
499	507	0.000007
500	506	0.000007
501	505	0.000005
520	529	0.000015
521	528	0.000015
521	533	0.000002
522	532	0.000002
523	531	0.000002
523	534	0.000009
524	533	0.000011
525	532	0.000009
526	532	0.000002
527	531	0.000002
527	533	0.000001
527	537	0.000007
528	535	0.000009
528	536	0.000023
528	566	0.000002
529	535	0.000023
529	565	0.000002
530	564	0.000002
531	535	0.000276
531	536	0.000136
531	563	0.000002
532	538	0.000002
533	560	0.000002
534	559	0.000002
535	557	0.000001
536	556	0.000001
537	579	0.000001
538	555	0.000001
538	578	0.000002
539	554	0.000002
539	577	0.000002
540	553	0.000002
540	574	0.000003
541	573	0.000004
542	551	0.000002
542	572	0.000004
543	550	0.000002
543	571	0.000004
544	572	0.000007
544	573	0.000004
544	578	0.000012
545	571	0.000004
545	577	0.000012
546	557	0.000066
546	571	0.004088
546	576	0.000012
546	577	0.000002
546	715	0.000002
547	552	0.000001
547	553	0.000008
547	554	0.000001
547	556	0.000222
547	558	0.000007
547	567	0.335709
547	568	0.001528
547	570	0.061168
547	571	0.000022
547	574	0.000765
547	576	0.000013
547	694	0.000039
547	710	0.000012
547	712	0.000048
547	713	0.000004
547	714	0.000005
547	715	0.000001
547	716	0.000004
547	719	0.000011
547	762	0.000001
547	765	0.000003
548	555	0.000603
548	559	0.000027
548	560	0.000015
548	563	0.000041
548	565	0.000009
548	566	0.392747
548	569	0.084896
548	572	0.000307
548	573	0.000930
548	575	0.000081
548	578	0.000023
548	581	0.000002
548	582	0.000003
548	583	0.000005
548	584	0.000005
548	585	0.000005
548	686	0.000002
548	693	0.000050
548	695	0.000064
548	703	0.000004
548	709	0.000012
548	711	0.000052
548	717	0.000081
548	718	0.000013
548	761	0.000002
548	763	0.000197
548	816	0.000005
549	554	0.000585
549	556	0.000010
549	558	0.000032
549	564	0.000008
549	567	0.007028
549	568	0.071611
549	570	0.000102
549	571	0.000311
549	574	0.000089
549	577	0.000023
549	685	0.000002
549	691	0.000011
549	692	0.000043
549	694	0.000065
549	702	0.000006
549	708	0.000012
549	710	0.000049
549	712	0.000001
549	713	0.000001
549	714	0.000003
549	716	0.000078
549	719	0.000001
549	760	0.000001
549	762	0.000198
549	815	0.000005
550	555	0.000084
550	559	0.000001
550	561	0.000205
550	562	0.000008
550	563	0.000054
550	565	0.821948
550	566	0.007764
550	569	0.000368
550	572	0.001953
550	573	0.000054
550	578	0.000095
550	581	0.000004
550	582	0.000026
550	583	0.000010
550	584	0.000010
550	585	0.000089
550	586	0.000001
550	688	0.000003
550	690	0.000091
550	693	0.000065
550	701	0.000009
550	709	0.000002
550	717	0.000006
550	718	0.000002
550	761	0.000201
550	814	0.000005
551	556	0.000055
551	557	0.000081
551	564	0.833479
551	571	0.002003
551	577	0.000095
551	588	0.000002
551	687	0.000004
551	689	0.000098
551	691	0.000065
551	715	0.000015
551	760	0.000200
551	813	0.000005
552	560	0.000908
552	561	0.000090
552	563	0.865302
552	565	0.000002
552	566	0.008114
552	569	0.000660
552	572	0.000001
552	573	0.000005
552	580	0.000098
552	581	0.000054
552	582	0.000003
552	583	0.000039
552	584	0.000639
552	585	0.001210
552	586	0.000005
552	587	0.000002
552	686	0.000003
552	688	0.000095
552	690	0.000045
552	697	0.000005
552	700	0.000018
552	701	0.000002
552	717	0.000002
552	718	0.000003
552	758	0.000003
552	759	0.000096
552	767	0.000001
552	801	0.000006
552	812	0.000005
553	559	0.000903
553	562	0.864911
553	575	0.000052
553	579	0.000132
553	580	0.000046
553	696	0.000005
553	699	0.000019
553	759	0.000001
553	766	0.000001
553	800	0.000005
554	559	0.000018
554	560	0.000712
554	561	0.848969
554	562	0.000007
554	563	0.000128
554	565	0.026143
554	566	0.000087
554	569	0.000008
554	572	0.000027
554	578	0.000141
554	579	0.000019
554	581	0.000002
554	582	0.000101
554	583	0.003356
554	584	0.002681
554	585	0.000434
554	586	0.000005
554	587	0.000001
554	686	0.000136
554	688	0.000076
554	695	0.000005
554	698	0.000017
554	700	0.000016
554	701	0.000002
554	717	0.000003
554	718	0.000002
554	720	0.000023
554	761	0.000004
554	799	0.000005
555	564	0.026329
555	571	0.000027
555	577	0.000140
555	588	0.000011
555	687	0.000078
555	715	0.000007
555	760	0.000004
555	850	0.000002
556	560	0.106088
556	561	0.000542
556	562	0.000080
556	563	0.026530
556	565	0.000006
556	566	0.000119
556	569	0.000004
556	573	0.000022
556	579	0.000003
556	581	0.000376
556	582	0.011794
556	583	0.000536
556	584	0.000808
556	585	0.001321
556	586	0.000017
556	587	0.000011
556	686	0.000075
556	693	0.000002
556	695	0.000002
556	696	0.000004
556	697	0.000006
556	698	0.000045
556	701	0.000022
556	717	0.000002
556	718	0.000436
556	759	0.000004
556	771	0.000044
556	849	0.000002
557	561	0.000492
557	562	0.016174
557	563	0.000631
557	565	0.000119
557	566	0.000006
557	569	0.000002
557	572	0.000022
557	575	0.000054
557	578	0.000003
557	580	0.000380
557	581	0.011849
557	582	0.000515
557	583	0.000808
557	584	0.001321
557	585	0.000031
557	586	0.000011
557	683	0.000239
557	695	0.000004
557	696	0.000004
557	697	0.000046
557	700	0.000022
557	717	0.000436
557	718	0.000003
557	758	0.000004
557	767	0.000008
557	770	0.000044
557	848	0.000002
558	562	0.000519
558	575	0.000003
558	579	0.000456
558	580	0.011506
558	682	0.000240
558	696	0.000041
558	699	0.000020
558	766	0.000008
558	769	0.000044
559	564	0.000004
559	574	0.000004
559	577	0.000032
559	681	0.000238
559	692	0.000005
559	714	0.000002
559	716	0.000319
559	765	0.000008
559	768	0.000039
560	571	0.000001
560	576	0.000041
560	577	0.004398
560	680	0.000227
560	691	0.000005
560	715	0.000314
561	571	0.000050
561	576	0.004396
561	577	0.001180
561	679	0.000216
561	689	0.000003
561	715	0.000039
562	570	0.000048
562	574	0.001028
562	576	0.001125
562	577	0.000006
562	589	0.000001
562	692	0.000015
562	708	0.000004
562	713	0.000012
562	714	0.000041
562	716	0.000034
562	762	0.000007
562	765	0.000005
562	886	0.000002
562	905	0.000006
563	571	0.000014
563	576	0.000031
563	588	0.000001
563	687	0.000002
563	689	0.000001
563	691	0.000016
563	707	0.000004
563	715	0.000038
563	760	0.000016
563	815	0.000001
563	885	0.000004
563	904	0.000035
564	569	0.000032
564	572	0.005015
564	573	0.000325
564	575	0.000010
564	578	0.056629
564	579	0.000007
564	581	0.000001
564	582	0.000001
564	583	0.000001
564	584	0.000002
564	585	0.000004
564	690	0.000011
564	706	0.000004
564	756	0.000001
564	758	0.000456
564	759	0.000027
564	761	0.055966
564	763	0.000081
564	764	0.000004
564	767	0.000002
564	795	0.000008
564	814	0.000001
564	880	0.000004
564	903	0.000062
564	906	0.001085
565	571	0.005063
565	577	0.057811
565	689	0.000011
565	705	0.000004
565	707	0.000002
565	715	0.000003
565	760	0.054226
565	794	0.000008
565	813	0.000001
565	879	0.000004
565	902	0.000062
565	905	0.001086
566	571	0.001350
566	576	0.059205
566	577	0.000065
566	687	0.000005
566	691	0.000004
566	704	0.000004
566	707	0.000884
566	715	0.000407
566	755	0.000001
566	760	0.002804
566	878	0.000004
566	885	0.000013
566	901	0.000058
566	904	0.001081
567	575	0.052619
567	579	0.000085
567	580	0.000720
567	690	0.000003
567	703	0.000003
567	706	0.000304
567	709	0.001317
567	711	0.000634
567	754	0.000001
567	756	0.000197
567	759	0.004068
567	764	0.000001
567	884	0.000011
568	575	0.000433
568	579	0.000289
568	580	0.004320
568	688	0.000007
568	690	0.000008
568	706	0.000023
568	709	0.027439
568	711	0.000606
568	756	0.074618
568	759	0.000005
568	883	0.000002
569	576	0.028158
569	577	0.000316
569	687	0.000008
569	689	0.000009
569	691	0.000005
569	705	0.000014
569	707	0.031135
569	715	0.000198
569	755	0.080459
570	575	0.026863
570	579	0.414769
570	580	0.000911
570	688	0.000005
570	690	0.000004
570	696	0.000001
570	706	0.020522
570	709	0.000333
570	711	0.000086
570	754	0.080365
571	575	0.000047
571	578	0.486505
571	579	0.000067
571	580	0.000025
571	581	0.000040
571	582	0.000050
571	583	0.000100
571	584	0.000178
571	585	0.000295
571	586	0.000004
571	592	0.000001
571	688	0.000001
571	690	0.000002
571	693	0.000013
571	695	0.000002
571	706	0.144340
571	709	0.000011
571	711	0.000005
571	717	0.000042
571	718	0.000006
571	720	0.000004
571	753	0.080452
572	576	0.000440
572	577	0.483179
572	591	0.000002
572	680	0.000005
572	687	0.000002
572	689	0.000001
572	691	0.000024
572	704	0.000028
572	705	0.176913
572	707	0.000001
572	715	0.000033
572	752	0.080530
573	577	0.000339
573	588	0.000002
573	590	0.000002
573	679	0.000005
573	689	0.000056
573	691	0.000019
573	704	0.177110
573	707	0.000011
573	715	0.000095
573	751	0.080529
574	579	0.000028
574	580	0.000102
574	688	0.000057
574	690	0.000019
574	703	0.177002
574	706	0.000011
574	709	0.000004
574	711	0.000013
574	750	0.080467
575	588	0.000011
575	684	0.000003
575	687	0.000057
575	689	0.000016
575	692	0.000003
575	702	0.176991
575	705	0.000010
575	708	0.000004
575	710	0.000013
575	712	0.000004
575	713	0.000006
575	714	0.000004
575	716	0.000002
575	719	0.022774
575	749	0.080467
576	580	0.000008
576	581	0.000499
576	582	0.013021
576	583	0.028849
576	584	0.024163
576	585	0.039060
576	586	0.000082
576	587	0.000039
576	683	0.000003
576	686	0.000055
576	688	0.000010
576	698	0.000017
576	699	0.000003
576	700	0.000022
576	701	0.176966
576	711	0.000002
576	717	0.000048
576	718	0.030141
576	722	0.000001
576	748	0.080529
577	581	0.012825
577	582	0.028645
577	583	0.024270
577	584	0.039046
577	585	0.000307
577	586	0.000042
577	682	0.000003
577	683	0.000001
577	686	0.000006
577	688	0.000036
577	690	0.000072
577	695	0.000003
577	697	0.000022
577	698	0.000016
577	699	0.000024
577	700	0.172502
577	701	0.000003
577	706	0.000004
577	711	0.000001
577	717	0.030272
577	718	0.000005
577	721	0.000001
577	747	0.080530
578	588	0.000004
578	590	0.000002
578	591	0.000003
578	687	0.000211
578	689	0.000531
578	691	0.000095
578	705	0.000004
578	715	0.028606
578	746	0.080516
579	589	0.000005
579	590	0.000006
579	681	0.000012
579	684	0.000012
579	685	0.000135
579	687	0.000032
579	689	0.000018
579	691	0.000003
579	692	0.000011
579	694	0.000015
579	710	0.000002
579	712	0.000003
579	713	0.000067
579	714	0.027916
579	715	0.000180
579	716	0.000251
579	738	0.000005
579	744	0.000030
579	745	0.078063
579	746	0.000001
580	588	0.000005
580	589	0.000263
580	680	0.000001
580	681	0.000118
580	684	0.000152
580	685	0.000068
580	687	0.000032
580	689	0.000009
580	691	0.000010
580	692	0.000197
580	694	0.000015
580	708	0.000021
580	710	0.000009
580	712	0.000093
580	713	0.022657
580	714	0.000171
580	715	0.000225
580	716	0.001228
580	719	0.000001
580	737	0.000028
580	738	0.000001
580	744	0.059006
580	745	0.000041
581	588	0.000289
581	680	0.000132
581	687	0.000091
581	689	0.000037
581	691	0.000205
581	705	0.000001
581	707	0.000025
581	715	0.001426
581	734	0.000004
581	736	0.000031
581	738	0.000098
582	588	0.000017
582	679	0.000111
582	680	0.000075
582	687	0.000046
582	689	0.000082
582	691	0.000021
582	705	0.000012
582	707	0.000003
582	715	0.000175
582	733	0.000004
582	734	0.000018
582	736	0.000004
582	738	0.000040
583	588	0.000020
583	679	0.000063
583	680	0.000157
583	687	0.000057
583	689	0.000090
583	691	0.000043
583	704	0.000010
583	705	0.000012
583	707	0.000002
583	715	0.000176
583	732	0.000004
583	733	0.000018
583	734	0.000019
583	736	0.000002
583	738	0.000090
584	588	0.000005
584	679	0.000134
584	680	0.000343
584	687	0.000041
584	689	0.000041
584	691	0.000060
584	704	0.000009
584	705	0.000005
584	707	0.000001
584	715	0.000184
584	732	0.000018
584	733	0.000019
584	736	0.000002
584	738	0.000175
585	679	0.000290
585	680	0.005010
585	687	0.000102
585	689	0.000079
585	691	0.000164
585	704	0.000004
585	705	0.000001
585	707	0.000001
585	715	0.000190
585	732	0.000019
585	734	0.000003
585	738	0.000390
586	679	0.003044
586	680	0.987226
586	689	0.000001
586	691	0.000003
586	715	0.000001
586	733	0.000003
586	738	0.000005
587	679	0.994275
587	680	0.000429
587	689	0.000002
587	732	0.000003
588	677	0.000002
588	678	0.996257
588	683	0.000003
588	731	0.000003
589	682	0.000003
589	730	0.000003
590	676	0.000016
590	677	0.999694
590	678	0.000012
591	676	0.999959
591	677	0.000006
592	675	0.999198
593	674	0.999928
594	673	0.999985
595	672	0.999698
596	670	0.000001
596	671	0.999965
597	670	0.996596
597	671	0.000002
599	668	0.996004
600	667	0.999975
601	666	0.999511
602	665	0.999977
603	664	0.999991
604	663	0.999991
605	662	0.999957
606	661	0.999963
607	660	0.999981
608	659	0.999511
609	657	0.000008
609	658	0.999967
610	656	0.000017
610	657	0.999966
610	658	0.000002
611	654	0.000005
611	656	0.998723
611	657	0.000003
612	616	0.000001
613	653	0.000636
614	652	0.000330
614	653	0.863851
615	652	0.865255
615	653	0.000004
616	651	0.864967
616	652	0.000003
616	655	0.131663
617	650	0.861832
617	654	0.134346
618	643	0.000001
618	648	0.004279
618	653	0.131230
619	642	0.000001
619	647	0.002164
619	648	0.858863
619	652	0.127264
619	653	0.003143
620	647	0.863075
620	652	0.006240
621	646	0.864516
622	639	0.000003
622	645	0.864182
622	651	0.116090
623	641	0.000001
623	644	0.864414
623	646	0.000002
623	650	0.134585
624	637	0.000247
624	640	0.000001
624	642	0.000013
624	643	0.748940
624	645	0.000004
624	648	0.000002
624	649	0.134694
625	636	0.000538
625	640	0.000045
625	642	0.262211
625	643	0.106717
625	647	0.000005
625	648	0.134725
626	635	0.000573
626	636	0.000003
626	638	0.001291
626	640	0.004033
626	642	0.088665
626	643	0.002778
626	647	0.134646
627	634	0.000572
627	635	0.000002
627	637	0.001305
627	638	0.000012
627	639	0.003953
627	640	0.000070
627	642	0.002969
627	643	0.000403
627	645	0.124748
628	633	0.000555
628	641	0.013289
628	644	0.130416
628	646	0.000003
629	635	0.001366
629	636	0.000936
629	638	0.002431
629	640	0.013149
629	642	0.577578
629	643	0.065416
630	641	0.979502
631	635	0.000141
631	636	0.001074
631	638	0.010738
631	640	0.980472
631	642	0.000001
632	636	0.000013
632	637	0.009247
632	638	0.000015
632	639	0.980353
633	638	0.977361
633	640	0.000001
678	687	0.000045
678	691	0.000007
678	715	0.000005
679	686	0.000064
679	690	0.000007
679	695	0.000062
679	696	0.000002
679	697	0.000001
679	698	0.000885
679	701	0.000016
679	711	0.000007
679	718	0.000021
679	741	0.000001
679	742	0.000002
680	686	0.000027
680	693	0.000077
680	695	0.000006
680	696	0.000001
680	697	0.000928
680	700	0.000017
680	709	0.000013
680	711	0.000067
680	717	0.000024
680	718	0.000002
680	740	0.000001
680	741	0.000002
681	688	0.000503
681	690	0.000539
681	696	0.000959
681	699	0.000049
681	703	0.000002
681	706	0.000074
681	709	0.742330
681	711	0.000374
682	687	0.000457
682	689	0.000445
682	691	0.000012
682	692	0.025149
682	694	0.000008
682	702	0.000002
682	705	0.000076
682	707	0.000004
682	708	0.797805
682	710	0.000098
682	712	0.000003
682	713	0.000002
682	714	0.000002
682	715	0.000001
682	716	0.000865
683	687	0.000007
683	689	0.000973
683	691	0.029975
683	704	0.000066
683	705	0.000007
683	707	0.809040
683	715	0.001030
684	688	0.000655
684	690	0.026213
684	696	0.000090
684	699	0.000087
684	703	0.000048
684	706	0.589657
685	690	0.000079
685	696	0.001185
685	699	0.000225
685	703	0.000001
685	706	0.001744
685	711	0.000001
686	691	0.000626
686	704	0.797614
686	705	0.002096
686	707	0.000001
686	715	0.000108
687	693	0.002707
687	695	0.131801
687	696	0.000047
687	697	0.001917
687	698	0.000691
687	699	0.000038
687	700	0.000083
687	701	0.000034
687	703	0.810512
687	711	0.002709
687	717	0.000076
687	718	0.000001
687	720	0.000002
687	724	0.000019
687	763	0.000006
688	692	0.002204
688	694	0.131961
688	702	0.812457
688	704	0.000228
688	710	0.002901
688	712	0.000766
688	713	0.000003
688	714	0.000001
688	716	0.000073
688	719	0.000002
688	723	0.000019
688	762	0.000006
689	693	0.127927
689	695	0.003633
689	696	0.000053
689	697	0.000636
689	698	0.001645
689	699	0.000076
689	700	0.000919
689	701	0.811432
689	703	0.000590
689	709	0.002948
689	711	0.000900
689	717	0.000002
689	718	0.000001
689	722	0.000018
689	724	0.000012
689	739	0.000001
689	761	0.000006
689	763	0.000002
690	694	0.002967
690	702	0.000638
690	708	0.002922
690	710	0.000906
690	712	0.000006
690	713	0.000001
690	714	0.000054
690	716	0.000003
690	723	0.000012
690	738	0.000001
690	760	0.000006
690	762	0.000002
691	695	0.000247
691	696	0.000075
691	697	0.018000
691	698	0.023836
691	699	0.002680
691	700	0.756270
691	701	0.000613
691	709	0.000796
691	711	0.000007
691	720	0.000003
691	721	0.000001
691	722	0.000012
691	731	0.000001
691	759	0.000003
691	761	0.000002
692	696	0.013762
692	699	0.662084
692	706	0.002739
692	709	0.000017
692	711	0.000003
692	730	0.000001
693	704	0.000024
693	705	0.002702
693	707	0.001494
693	736	0.000001
693	760	0.000001
694	699	0.000105
694	703	0.000036
694	706	0.001494
694	709	0.000006
694	735	0.000001
694	756	0.000004
694	759	0.000001
695	704	0.002391
695	705	0.001434
695	707	0.000220
695	715	0.000001
695	734	0.000001
695	755	0.000004
696	702	0.000023
696	704	0.001149
696	705	0.000005
696	707	0.000004
696	708	0.000029
696	714	0.000001
696	716	0.000002
696	733	0.000001
697	704	0.000174
697	705	0.000645
697	707	0.000031
697	715	0.000002
697	732	0.000001
697	755	0.000002
698	704	0.000684
698	705	0.000028
698	707	0.000007
698	715	0.000017
699	704	0.000023
699	705	0.000004
699	708	0.000006
699	714	0.000017
699	716	0.000003
700	704	0.000006
700	705	0.000002
700	707	0.000007
700	715	0.000003
700	752	0.000009
701	707	0.000004
701	751	0.000009
702	706	0.000003
702	709	0.000002
702	711	0.000021
702	750	0.000009
703	708	0.000002
703	710	0.000022
703	712	0.000003
703	719	0.002547
703	723	0.000026
703	749	0.000009
704	709	0.000020
704	711	0.000003
704	718	0.004118
704	721	0.000666
704	722	0.000027
704	725	0.000012
704	748	0.000009
705	709	0.000002
705	711	0.000021
705	717	0.004640
705	718	0.000005
705	720	0.000923
705	721	0.000015
705	724	0.000063
705	747	0.000009
706	710	0.000023
706	712	0.000048
706	713	0.000170
706	714	0.000058
706	715	0.000072
706	716	0.004585
706	719	0.001077
706	723	0.000064
706	746	0.000009
707	711	0.000091
707	717	0.000377
707	718	0.001471
707	720	0.000002
707	722	0.000064
707	727	0.000002
707	731	0.000015
708	726	0.000002
708	730	0.000015
709	713	0.000229
709	714	0.000420
709	715	0.000155
709	716	0.000586
709	719	0.000011
709	744	0.000012
710	726	0.000003
710	729	0.000052
710	730	0.000006
710	743	0.000055
711	715	0.000184
711	716	0.001078
711	719	0.000090
711	723	0.000001
711	737	0.000002
711	744	0.000296
711	745	0.000001
712	725	0.000003
712	726	0.000013
712	729	0.000005
712	730	0.000030
712	743	0.000401
713	725	0.000012
713	726	0.002356
713	729	0.000034
713	730	0.000582
713	743	0.000141
714	725	0.003071
714	726	0.000007
714	729	0.000720
714	730	0.000003
714	743	0.002714
715	720	0.000163
715	721	0.000125
715	722	0.000444
715	724	0.003157
715	725	0.000006
715	726	0.000036
715	727	0.000226
715	728	0.000719
715	729	0.000003
715	730	0.000005
715	731	0.000155
715	739	0.026067
715	740	0.003597
715	741	0.000286
715	742	0.002868
715	743	0.000003
715	906	0.000008
716	725	0.000045
716	726	0.000215
716	729	0.000006
716	730	0.000136
716	735	0.000001
716	743	0.000006
717	734	0.000001
717	736	0.000046
717	738	0.018190
717	905	0.000016
718	733	0.000001
718	736	0.080390
718	738	0.000004
718	904	0.000016
719	725	0.000008
719	726	0.000012
719	729	0.000001
719	735	0.080644
720	734	0.080699
720	738	0.000010
720	902	0.000016
721	732	0.000001
721	733	0.080698
721	734	0.000001
721	738	0.000004
721	901	0.000016
722	732	0.080570
722	733	0.000002
722	736	0.000048
722	900	0.000016
723	729	0.000143
723	730	0.003023
723	735	0.000048
723	899	0.000016
724	732	0.000008
724	734	0.000048
724	738	0.000005
724	898	0.000016
725	733	0.000044
725	737	0.000005
725	897	0.000015
726	732	0.000032
726	733	0.000002
726	736	0.000005
726	896	0.000012
727	732	0.000006
727	733	0.000002
727	734	0.000006
727	896	0.000001
728	732	0.000003
728	733	0.000006
728	746	0.000002
728	775	0.000010
728	892	0.000002
729	745	0.000002
729	774	0.000010
729	891	0.000002
730	744	0.000003
730	773	0.000009
730	890	0.000001
732	740	0.000002
732	741	0.000081
732	742	0.000097
732	743	0.000004
732	771	0.000012
732	805	0.000002
733	739	0.000002
733	740	0.000082
733	741	0.000097
733	742	0.000004
733	770	0.000012
733	804	0.000002
734	739	0.000081
734	740	0.000096
734	741	0.000004
734	769	0.000012
734	803	0.000002
735	768	0.000012
735	802	0.000002
736	741	0.000004
736	742	0.000006
736	767	0.000012
736	801	0.000002
737	743	0.002051
737	766	0.000011
737	800	0.000002
738	742	0.002086
738	743	0.000056
738	747	0.000006
738	761	0.000004
738	799	0.000002
739	746	0.000008
739	760	0.000004
740	746	0.000034
741	746	0.000040
741	752	0.000001
742	746	0.000011
742	751	0.000001
742	775	0.000001
743	774	0.000001
745	754	0.000004
745	759	0.000001
745	772	0.000002
746	753	0.000004
746	758	0.000001
746	771	0.000002
747	752	0.000004
748	755	0.000002
749	754	0.000002
749	766	0.000004
749	769	0.000003
750	765	0.000006
750	768	0.000004
751	764	0.000006
751	767	0.000004
752	761	0.000004
752	763	0.000008
752	766	0.000004
753	760	0.000005
753	762	0.000005
753	765	0.000006
753	768	0.000001
753	774	0.000001
753	890	0.000001
754	760	0.000002
754	762	0.001667
754	765	0.000021
754	768	0.000183
754	773	0.000005
754	774	0.000001
754	796	0.000002
754	802	0.000005
754	815	0.000002
754	889	0.000004
754	907	0.000014
755	759	0.000002
755	761	0.002130
755	763	0.000368
755	764	0.000018
755	766	0.000157
755	767	0.000222
755	769	0.000003
755	770	0.000005
755	771	0.000005
755	772	0.000005
755	777	0.000014
755	795	0.000003
755	801	0.000007
755	814	0.000003
755	816	0.000009
755	888	0.000004
755	906	0.000023
756	760	0.001865
756	762	0.000349
756	765	0.000259
756	768	0.000003
756	773	0.000004
756	776	0.000015
756	794	0.000001
756	813	0.000003
756	815	0.000009
756	887	0.000004
756	905	0.000010
756	907	0.000006
757	764	0.000263
757	766	0.000021
757	769	0.000007
757	772	0.000006
757	798	0.000003
757	880	0.000003
757	893	0.000001
757	899	0.000004
758	775	0.000248
758	779	0.000002
758	813	0.000032
758	840	0.000002
758	879	0.000003
758	885	0.000002
758	892	0.000002
758	898	0.000004
758	901	0.000004
758	902	0.000007
758	904	0.000005
758	905	0.003379
759	765	0.000075
759	768	0.001498
759	773	0.000011
759	774	0.000250
759	775	0.000001
759	776	0.000002
759	778	0.000002
759	796	0.000129
759	802	0.000009
759	839	0.000002
759	878	0.000003
759	891	0.000002
759	897	0.000004
759	900	0.000003
759	901	0.000006
759	902	0.000018
759	904	0.003427
759	907	0.000053
760	764	0.000065
760	766	0.000013
760	767	0.001924
760	769	0.000007
760	770	0.000010
760	771	0.000022
760	772	0.000011
760	777	0.000003
760	795	0.000156
760	801	0.000012
760	811	0.000710
760	812	0.000004
760	838	0.000002
760	877	0.000003
760	894	0.000001
760	899	0.000003
760	903	0.003719
760	906	0.000131
761	775	0.000221
761	778	0.000002
761	794	0.000149
761	810	0.000826
761	837	0.000002
761	846	0.000002
761	847	0.000001
761	856	0.000010
761	885	0.000010
761	892	0.000001
761	896	0.000001
761	898	0.000004
761	900	0.000232
761	901	0.000003
761	902	0.003702
761	904	0.000012
761	905	0.000129
762	766	0.000318
762	769	0.000212
762	772	0.000032
762	780	0.000009
762	792	0.000001
762	798	0.000005
762	800	0.000002
762	809	0.000833
762	851	0.000003
762	855	0.000009
762	860	0.000001
762	861	0.000003
762	862	0.000001
762	863	0.000001
762	865	0.000002
762	884	0.000008
762	888	0.000002
762	893	0.000024
762	899	0.000243
763	775	0.002373
763	778	0.000006
763	779	0.000013
763	794	0.000007
763	808	0.000834
763	846	0.000001
763	850	0.000003
763	885	0.000004
763	892	0.000028
763	898	0.000244
763	900	0.000457
763	901	0.002157
763	902	0.000012
763	904	0.000027
763	905	0.000027
764	768	0.000388
764	773	0.002369
764	774	0.002183
764	775	0.000024
764	776	0.000014
764	778	0.000017
764	794	0.000004
764	796	0.000023
764	797	0.000010
764	802	0.000002
764	807	0.000819
764	810	0.000014
764	856	0.000001
764	858	0.000009
764	866	0.000003
764	885	0.000003
764	887	0.000007
764	889	0.000308
764	890	0.000005
764	891	0.000030
764	897	0.000204
764	900	0.002144
764	901	0.000005
764	904	0.000023
764	907	0.000020
765	769	0.000069
765	772	0.002457
765	780	0.000002
765	792	0.000005
765	798	0.000011
765	800	0.000001
765	806	0.000701
765	809	0.000031
765	855	0.000001
765	860	0.000004
765	861	0.000014
765	862	0.000009
765	863	0.000003
765	865	0.000003
765	884	0.000003
765	888	0.000333
765	895	0.000002
765	899	0.001917
766	773	0.000156
766	774	0.000047
766	775	0.000022
766	776	0.006425
766	779	0.000003
766	791	0.000003
766	794	0.000075
766	796	0.000022
766	797	0.000011
766	802	0.000007
766	808	0.000034
766	857	0.001094
766	858	0.000005
766	886	0.000790
766	887	0.000213
766	889	0.000017
766	890	0.000009
766	891	0.000001
766	897	0.001662
766	898	0.000878
766	901	0.000047
766	902	0.000003
766	905	0.000075
766	907	0.000018
767	775	0.007716
767	778	0.000060
767	790	0.000003
767	794	0.000201
767	807	0.000040
767	810	0.000001
767	846	0.000002
767	856	0.001261
767	885	0.001004
767	892	0.000003
767	896	0.002008
767	898	0.000060
767	900	0.000058
767	901	0.000003
767	902	0.000002
767	904	0.000139
767	905	0.000015
768	772	0.000063
768	792	0.002077
768	798	0.000020
768	800	0.000011
768	806	0.000038
768	809	0.000001
768	855	0.001238
768	860	0.000006
768	861	0.000004
768	862	0.000001
768	880	0.000002
768	883	0.000001
768	884	0.000891
768	888	0.000135
768	893	0.000003
768	895	0.001733
768	899	0.000056
769	773	0.000163
769	774	0.000199
769	775	0.000016
769	776	0.005646
769	791	0.002444
769	796	0.000010
769	797	0.000021
769	802	0.000082
769	808	0.000001
769	856	0.000002
769	857	0.002034
769	858	0.000043
769	879	0.000002
769	886	0.000776
769	887	0.000133
769	889	0.000002
769	892	0.000003
769	896	0.000002
769	897	0.000162
769	898	0.000041
769	901	0.000005
769	902	0.000130
769	905	0.000004
769	907	0.000022
770	775	0.006699
770	778	0.000005
770	779	0.000017
770	790	0.002515
770	807	0.000001
770	808	0.000002
770	846	0.000006
770	856	0.002288
770	878	0.000002
770	879	0.000009
770	885	0.000864
770	892	0.000026
770	896	0.000170
770	898	0.000004
770	900	0.000007
770	901	0.000147
770	902	0.000073
770	904	0.000007
770	905	0.000164
771	775	0.000304
771	778	0.000037
771	789	0.002510
771	807	0.000002
771	845	0.000005
771	846	0.000001
771	856	0.002184
771	878	0.000009
771	885	0.000729
771	892	0.000635
771	896	0.000013
771	898	0.000052
771	900	0.000146
771	901	0.000074
771	902	0.000002
771	904	0.000167
771	905	0.000006
772	776	0.000019
772	796	0.000132
772	797	0.000174
772	802	0.004173
772	844	0.000003
772	856	0.000073
772	857	0.000006
772	858	0.000002
772	866	0.000001
772	876	0.000009
772	885	0.000037
772	886	0.000002
772	887	0.000001
772	889	0.000006
772	890	0.000004
772	891	0.000590
772	896	0.000002
772	897	0.000052
772	898	0.000004
772	900	0.000072
772	902	0.000002
772	904	0.000005
772	907	0.000022
773	784	0.000006
773	787	0.002228
773	798	0.000867
773	800	0.000513
773	853	0.000007
773	854	0.007594
773	855	0.000072
773	861	0.000006
773	863	0.000001
773	875	0.000010
773	880	0.000001
773	882	0.000006
773	883	0.002090
773	884	0.000039
773	888	0.000007
773	893	0.000001
773	895	0.000002
773	899	0.000062
774	783	0.000007
774	786	0.002496
774	792	0.000001
774	798	0.002237
774	800	0.268805
774	853	0.009441
774	854	0.000039
774	860	0.000007
774	862	0.000002
774	865	0.000036
774	874	0.000009
774	882	0.002485
774	883	0.000029
774	884	0.000004
774	888	0.000001
774	895	0.000315
775	782	0.000007
775	785	0.002502
775	788	0.000011
775	793	0.000009
775	795	0.314086
775	798	0.000573
775	799	0.301548
775	800	0.000021
775	801	0.019455
775	803	0.000032
775	848	0.000002
775	849	0.000003
775	852	0.009649
775	853	0.000001
775	859	0.000007
775	861	0.000002
775	864	0.000039
775	873	0.000009
775	881	0.002513
775	882	0.000012
775	883	0.000005
775	888	0.000001
775	894	0.000342
775	903	0.000003
775	906	0.000655
776	783	0.000011
776	784	0.002320
776	787	0.000011
776	792	0.000006
776	798	0.296556
776	800	0.019347
776	851	0.009633
776	860	0.000001
776	863	0.000033
776	872	0.000007
776	880	0.002105
776	882	0.000004
776	893	0.000329
777	789	0.000005
777	794	0.970794
777	850	0.009553
777	879	0.000290
777	892	0.000270
777	904	0.000006
777	905	0.000113
778	782	0.000502
778	783	0.000032
778	785	0.000011
778	786	0.000002
778	788	0.000005
778	793	0.987645
778	795	0.000027
778	799	0.000004
778	848	0.000001
778	849	0.008513
778	903	0.000003
779	783	0.000004
779	784	0.000009
779	785	0.000002
779	787	0.000005
779	788	0.000001
779	792	0.987374
779	793	0.000082
779	795	0.000056
779	798	0.000002
779	848	0.007868
779	903	0.000129
779	906	0.000007
780	790	0.000002
780	791	0.993735
780	794	0.000034
780	796	0.000002
780	797	0.000001
780	847	0.000695
780	902	0.000126
780	905	0.000007
781	789	0.000008
781	790	0.995234
781	794	0.000020
781	846	0.000452
781	847	0.000008
781	901	0.000126
781	902	0.000007
781	904	0.000007
782	789	0.993150
782	790	0.000039
782	794	0.000004
782	845	0.000428
782	846	0.000005
782	900	0.000126
782	901	0.000007
782	902	0.000006
783	789	0.000059
783	791	0.000016
783	844	0.000358
783	900	0.000007
783	901	0.000006
783	902	0.000001
784	789	0.000003
784	790	0.000018
784	791	0.000131
784	841	0.000214
784	898	0.000001
784	900	0.000005
784	901	0.000001
785	789	0.000022
785	790	0.000146
785	794	0.000002
785	840	0.000228
785	898	0.000043
785	900	0.000002
786	796	0.000001
786	797	0.000004
786	802	0.000003
786	839	0.000219
786	841	0.000039
786	897	0.000022
786	898	0.000077
787	796	0.000005
787	802	0.000050
787	840	0.000040
787	897	0.000117
788	794	0.000014
788	837	0.000227
788	839	0.000040
788	896	0.000140
789	793	0.000013
789	795	0.000019
789	799	0.000004
789	800	0.000934
789	801	0.000134
789	803	0.000005
789	804	0.000006
789	805	0.000010
789	820	0.000004
789	836	0.000226
789	838	0.000035
789	843	0.000056
789	895	0.000140
789	906	0.000002
790	795	0.000005
790	798	0.000002
790	799	0.001214
790	800	0.000005
790	801	0.000061
790	803	0.000006
790	804	0.000010
790	819	0.000004
790	835	0.000219
790	836	0.000004
790	842	0.000056
790	894	0.000140
790	906	0.000024
791	798	0.001191
791	800	0.000061
791	818	0.000004
791	893	0.000137
792	796	0.000004
792	797	0.001000
792	802	0.000003
792	833	0.000016
792	840	0.000043
792	841	0.000002
792	892	0.000107
792	905	0.000113
793	810	0.000001
793	815	0.000004
793	837	0.000002
793	839	0.000055
793	885	0.000001
793	892	0.000013
793	904	0.000449
794	798	0.000005
794	799	0.000140
794	800	0.000009
794	801	0.000227
794	803	0.000057
794	809	0.000001
794	811	0.000172
794	812	0.000002
794	814	0.000005
794	832	0.000035
794	836	0.000002
794	838	0.000056
794	848	0.000002
794	903	0.000524
794	906	0.000054
795	807	0.000001
795	808	0.000001
795	810	0.000173
795	813	0.000005
795	831	0.000035
795	837	0.000056
795	847	0.000002
795	856	0.000521
795	885	0.000110
795	896	0.000001
795	900	0.000004
795	901	0.000001
795	902	0.000527
795	904	0.000002
795	905	0.000052
796	800	0.000070
796	806	0.000001
796	809	0.000096
796	830	0.000033
796	854	0.000006
796	855	0.000527
796	861	0.000003
796	883	0.000001
796	884	0.000106
796	888	0.000006
796	895	0.000001
796	899	0.000004
797	809	0.000092
797	851	0.000005
797	853	0.000007
797	854	0.000498
797	855	0.000001
797	860	0.000003
797	882	0.000001
797	883	0.000081
797	888	0.000037
797	899	0.000007
798	802	0.000065
798	807	0.000001
798	808	0.000167
798	827	0.000019
798	828	0.000002
798	850	0.000005
798	857	0.000003
798	886	0.000069
798	887	0.000037
798	889	0.000001
798	897	0.000001
798	900	0.000001
798	902	0.000002
798	905	0.000005
798	907	0.000012
799	807	0.000172
799	808	0.000008
799	826	0.000021
799	846	0.000004
799	850	0.000017
799	856	0.000003
799	885	0.000077
799	896	0.000001
799	898	0.000510
799	901	0.000002
799	902	0.000041
799	904	0.000010
799	905	0.000003
800	807	0.000006
800	808	0.000011
800	825	0.000020
800	827	0.000004
800	841	0.000001
800	850	0.000023
800	857	0.000071
800	886	0.000502
800	891	0.000001
800	897	0.000519
800	901	0.000042
800	904	0.000002
800	905	0.000005
800	907	0.000009
801	807	0.000018
801	810	0.000020
801	824	0.000020
801	826	0.000004
801	840	0.000002
801	846	0.000019
801	847	0.000006
801	850	0.000336
801	856	0.000080
801	885	0.000565
801	896	0.000520
801	900	0.000044
801	902	0.000005
801	904	0.000010
801	905	0.000002
802	806	0.000012
802	809	0.000021
802	822	0.000001
802	851	0.000001
802	855	0.000078
802	882	0.000002
802	883	0.000002
802	884	0.000443
802	895	0.000406
802	899	0.000042
803	808	0.000021
803	825	0.000005
803	826	0.000008
803	837	0.000001
803	839	0.000001
803	840	0.000038
803	845	0.000001
803	846	0.003630
803	847	0.258939
803	898	0.000033
803	902	0.000001
803	905	0.000001
804	824	0.000005
804	825	0.000008
804	839	0.000039
804	840	0.000010
804	845	0.001834
804	846	0.990355
804	847	0.000003
804	904	0.000001
805	824	0.000008
805	837	0.000043
805	839	0.000010
805	845	0.996354
805	846	0.000012
806	837	0.000005
806	844	0.997811
806	845	0.000003
806	907	0.000002
807	817	0.000013
807	820	0.000018
807	835	0.000145
807	836	0.000006
807	843	0.998373
807	906	0.000003
808	816	0.000014
808	819	0.000018
808	834	0.000151
808	835	0.000004
808	842	0.998351
808	843	0.000002
809	815	0.000014
809	833	0.000152
809	839	0.000047
809	840	0.000005
809	841	0.991799
809	904	0.000003
809	907	0.000073
810	814	0.000013
810	816	0.000064
810	832	0.000151
810	834	0.000003
810	835	0.000003
810	836	0.000001
810	838	0.000244
810	842	0.000011
810	903	0.000004
810	906	0.000221
811	815	0.000063
811	825	0.000002
811	826	0.000001
811	831	0.000145
811	837	0.000241
811	839	0.005029
811	840	0.990915
811	902	0.000004
811	905	0.000242
812	824	0.000002
812	825	0.000001
812	831	0.000006
812	837	0.003961
812	839	0.992957
812	840	0.000004
812	901	0.000003
812	904	0.000242
813	823	0.000002
813	829	0.000046
813	830	0.000011
813	832	0.002442
813	834	0.000207
813	835	0.000025
813	836	0.003308
813	838	0.992966
813	903	0.000215
814	824	0.000002
814	831	0.002731
814	837	0.991089
814	839	0.000007
814	900	0.000003
814	902	0.000202
815	819	0.000043
815	820	0.000156
815	821	0.000008
815	822	0.000012
815	823	0.000070
815	829	0.004824
815	830	0.004214
815	832	0.484977
815	834	0.000413
815	835	0.001502
815	836	0.489431
815	838	0.000016
815	899	0.000005
816	824	0.000022
816	825	0.000102
816	826	0.000219
816	831	0.578051
816	837	0.000017
816	898	0.000005
816	900	0.000044
816	901	0.000007
817	824	0.000092
817	825	0.000199
817	826	0.000056
817	827	0.013749
817	828	0.714302
817	831	0.000907
817	833	0.002821
817	897	0.000005
817	898	0.000006
817	900	0.000006
818	824	0.000145
818	825	0.000076
818	826	0.014404
818	827	0.921744
818	828	0.001341
818	831	0.000064
818	833	0.001154
818	841	0.000022
818	896	0.000002
818	897	0.000007
819	824	0.000108
819	825	0.014856
819	826	0.932540
819	831	0.000120
819	840	0.000032
819	896	0.000006
819	898	0.000002
819	901	0.000003
820	824	0.014771
820	825	0.931043
820	826	0.000104
820	831	0.001433
820	839	0.000032
820	840	0.000012
820	898	0.000006
820	900	0.000003
821	825	0.000093
821	826	0.000003
821	827	0.000020
821	828	0.000042
821	831	0.000039
821	833	0.000184
821	839	0.000012
821	897	0.000004
821	898	0.000006
822	826	0.000017
822	827	0.000038
822	828	0.000020
822	831	0.000046
822	833	0.000038
822	897	0.000010
823	831	0.002061
823	837	0.001235
823	896	0.000012
824	829	0.000734
824	830	0.002073
824	832	0.000021
824	834	0.000032
824	835	0.036697
824	836	0.007390
824	843	0.000001
824	895	0.000012
825	829	0.001990
825	830	0.000005
825	832	0.000116
825	834	0.036735
825	835	0.008780
825	836	0.000124
825	842	0.000001
825	843	0.000001
825	894	0.000011
826	830	0.000007
826	832	0.001641
826	834	0.008746
826	835	0.000161
826	842	0.000001
826	893	0.000007
829	840	0.000125
829	905	0.000056
830	839	0.000127
830	904	0.000056
830	907	0.000029
831	835	0.000440
831	836	0.000296
831	838	0.000156
831	903	0.000057
831	906	0.000050
832	837	0.000159
832	900	0.000002
832	902	0.000057
832	904	0.000002
832	905	0.000049
833	899	0.000002
834	840	0.000009
834	847	0.000001
834	898	0.000002
834	901	0.000144
834	902	0.000199
835	839	0.000009
835	840	0.000002
835	846	0.000002
835	900	0.000144
835	901	0.000254
836	845	0.000002
836	898	0.000142
836	900	0.000254
837	899	0.000239
838	896	0.000207
838	898	0.000208
839	895	0.000389
840	894	0.000420
841	893	0.000420
842	885	0.000062
842	892	0.000416
843	885	0.000497
843	896	0.000001
844	883	0.000398
844	884	0.000367
844	888	0.000001
844	895	0.000001
845	882	0.000651
845	883	0.000236
846	881	0.001331
846	882	0.000113
846	903	0.000006
846	906	0.000008
847	880	0.004188
847	881	0.000199
847	903	0.000646
847	906	0.732827
848	856	0.000004
848	878	0.000001
848	879	0.030489
848	896	0.000006
848	900	0.000001
848	901	0.003624
848	902	0.000759
848	904	0.000004
848	905	0.938136
849	856	0.000183
849	878	0.031051
849	879	0.000001
849	896	0.000004
849	900	0.003674
849	901	0.000740
849	902	0.000002
849	904	0.940054
849	905	0.000001
850	855	0.000142
850	859	0.000181
850	864	0.000002
850	868	0.000004
850	877	0.031028
850	881	0.000011
850	894	0.000077
850	895	0.000002
850	899	0.003432
850	903	0.940108
850	906	0.000005
851	857	0.000041
851	858	0.000156
851	867	0.000004
851	876	0.028955
851	879	0.000005
851	897	0.000029
851	898	0.000002
851	900	0.000031
851	901	0.001877
851	902	0.936798
851	905	0.000004
852	856	0.000056
852	870	0.000001
852	878	0.000010
852	879	0.000010
852	885	0.000001
852	892	0.000099
852	896	0.000033
852	898	0.021682
852	900	0.003619
852	901	0.916032
852	902	0.000516
852	904	0.000004
853	857	0.000001
853	866	0.000004
853	867	0.000042
853	876	0.000959
853	878	0.000009
853	887	0.000002
853	891	0.000111
853	892	0.000001
853	896	0.000070
853	897	0.028079
853	898	0.042507
853	900	0.813207
853	901	0.000488
854	858	0.000001
854	866	0.000115
854	867	0.000138
854	876	0.000139
854	886	0.000004
854	890	0.000123
854	891	0.000010
854	892	0.000011
854	896	0.031656
854	897	0.260183
854	898	0.108085
854	900	0.000620
854	901	0.000004
854	905	0.000001
855	866	0.000250
855	867	0.000007
855	876	0.000028
855	885	0.000004
855	889	0.000123
855	890	0.000011
855	891	0.000013
855	892	0.000002
855	896	0.281320
855	897	0.156538
855	898	0.057810
855	900	0.000025
855	901	0.000003
855	904	0.000003
855	907	0.000011
856	860	0.000001
856	861	0.000005
856	862	0.000014
856	863	0.000042
856	864	0.003255
856	865	0.000130
856	868	0.000001
856	872	0.000003
856	873	0.061015
856	874	0.000002
856	875	0.000007
856	881	0.000001
856	884	0.000004
856	888	0.000117
856	893	0.000050
856	894	0.250766
856	895	0.158445
856	899	0.000069
856	903	0.000004
856	906	0.000017
857	861	0.000013
857	862	0.000048
857	863	0.003184
857	865	0.000008
857	871	0.000002
857	872	0.061168
857	874	0.000005
857	883	0.000004
857	888	0.000004
857	893	0.135769
857	895	0.160270
857	899	0.000111
858	862	0.001852
858	863	0.000011
858	865	0.000012
858	869	0.000002
858	871	0.061184
858	882	0.000003
858	888	0.000017
858	893	0.742348
858	895	0.001997
858	899	0.008810
859	870	0.061176
859	885	0.000004
859	892	0.881327
859	896	0.000025
859	898	0.008959
859	900	0.000010
859	901	0.000021
860	866	0.000098
860	867	0.000856
860	870	0.000006
860	885	0.000002
860	886	0.000058
860	887	0.000930
860	889	0.001091
860	890	0.007764
860	891	0.870152
860	892	0.000209
860	896	0.000004
860	897	0.008718
860	898	0.000002
860	900	0.000026
861	866	0.001077
861	867	0.000887
861	870	0.000004
861	885	0.000079
861	886	0.002006
861	887	0.002792
861	889	0.010401
861	890	0.776643
861	891	0.000486
861	892	0.000098
861	896	0.008000
861	897	0.000024
861	898	0.000002
861	900	0.000001
862	866	0.000659
862	867	0.002222
862	870	0.000001
862	885	0.002459
862	886	0.004975
862	887	0.415831
862	889	0.388435
862	890	0.000463
862	891	0.000070
862	892	0.000015
862	896	0.000040
862	897	0.000003
862	898	0.000197
863	867	0.000041
863	879	0.000002
863	885	0.005572
863	886	0.803770
863	887	0.006251
863	889	0.000244
863	890	0.000039
863	891	0.000010
863	892	0.000002
863	896	0.000002
863	897	0.000472
863	907	0.000001
864	870	0.000018
864	878	0.000003
864	885	0.829153
864	892	0.001569
864	896	0.000573
864	898	0.000002
864	901	0.000001
864	905	0.000002
865	876	0.000027
865	885	0.013014
865	886	0.003987
865	887	0.000176
865	889	0.000165
865	890	0.000005
865	891	0.001528
865	892	0.000028
865	896	0.000005
865	897	0.000002
865	900	0.000001
865	904	0.000002
865	907	0.000011
866	872	0.000001
866	875	0.000030
866	880	0.000276
866	882	0.043154
866	883	0.064194
866	884	0.028907
866	888	0.000234
866	893	0.000012
866	895	0.000013
866	899	0.000001
867	874	0.000024
867	880	0.839689
867	882	0.019281
867	883	0.006585
867	884	0.000790
867	888	0.000003
867	893	0.001035
867	899	0.000054
868	878	0.000038
868	879	0.912554
868	885	0.000007
868	892	0.001066
868	898	0.000056
868	901	0.000002
868	904	0.000015
868	905	0.017826
869	876	0.000014
869	878	0.911868
869	879	0.000005
869	889	0.003616
869	890	0.000011
869	891	0.000749
869	897	0.000055
869	900	0.000002
869	904	0.018025
869	907	0.000029
870	875	0.000022
870	877	0.912190
870	880	0.000002
870	881	0.000324
870	882	0.000007
870	883	0.000001
870	888	0.005111
870	899	0.000002
870	903	0.018208
870	906	0.000050
871	876	0.865411
871	878	0.000012
871	879	0.000010
871	887	0.005219
871	889	0.000004
871	890	0.000002
871	898	0.000003
871	900	0.000002
871	902	0.018138
871	905	0.000050
872	876	0.000261
872	878	0.000008
872	879	0.000427
872	886	0.005250
872	889	0.000002
872	897	0.000004
872	900	0.000002
872	901	0.017966
872	902	0.000037
872	904	0.000043
873	878	0.000544
873	879	0.000093
873	885	0.005250
873	892	0.000002
873	896	0.000004
873	898	0.000115
873	900	0.017948
873	901	0.000074
873	902	0.000062
874	878	0.000076
874	879	0.000001
874	886	0.000015
874	887	0.000005
874	890	0.000002
874	891	0.000002
874	896	0.000001
874	897	0.000233
874	898	0.004035
874	900	0.000079
874	901	0.000078
875	885	0.000016
875	886	0.000006
875	887	0.000001
875	889	0.000002
875	890	0.000002
875	896	0.000155
875	897	0.005247
875	898	0.001999
875	900	0.000268
876	880	0.000002
876	882	0.000562
876	883	0.000043
876	884	0.000017
876	888	0.000002
876	893	0.000003
876	895	0.000116
876	899	0.000443
877	885	0.000016
877	892	0.000003
877	896	0.046716
877	898	0.000382
877	900	0.000104
877	901	0.000002
877	904	0.000006
877	905	0.000005
878	882	0.000003
878	883	0.000002
878	884	0.000017
878	894	0.000218
878	895	0.048211
878	899	0.000108
878	903	0.000006
879	883	0.000008
879	884	0.000004
879	888	0.000007
879	893	0.000207
879	894	0.048430
879	895	0.000002
879	899	0.000008
879	903	0.000008
880	885	0.000014
880	886	0.000993
880	887	0.000028
880	889	0.000018
880	890	0.000007
880	891	0.000011
880	892	0.000003
880	897	0.000132
880	901	0.000005
880	902	0.000008
881	885	0.001191
881	892	0.050535
881	896	0.000143
881	898	0.001258
881	900	0.000007
881	901	0.000008
882	886	0.000019
882	887	0.000031
882	889	0.000159
882	890	0.000447
882	891	0.051314
882	892	0.000152
882	896	0.000001
882	897	0.001305
882	898	0.000011
882	900	0.000007
883	887	0.000016
883	889	0.000566
883	890	0.049264
883	891	0.001257
883	892	0.000041
883	896	0.001073
883	897	0.000020
883	898	0.000005
884	889	0.038840
884	890	0.001593
884	891	0.000420
884	892	0.000002
884	896	0.000019
884	897	0.000008
884	907	0.000001
885	894	0.001757
885	895	0.000004
885	906	0.000002
886	893	0.001563
886	895	0.000010
887	893	0.000020
887	895	0.000001
887	899	0.000002
888	892	0.000027
888	896	0.000002
888	898	0.000002
889	895	0.000004
890	895	0.000004
891	895	0.000001
891	899	0.000002
892	903	0.000358
892	906	0.000032
893	897	0.000001
893	901	0.000003
893	902	0.000358
893	905	0.000020
894	898	0.000005
894	900	0.000053
894	901	0.000362
894	902	0.000002
894	904	0.000020
894	905	0.000021
895	900	0.000318
895	901	0.000002
895	902	0.000002
895	904	0.000022
896	903	0.000028
898	903	0.000002
898	906	0.000077
899	905	0.000076
899	907	0.000017
900	906	0.000027
901	906	0.000032
902	906	0.000004
