1	7	0.000034
1	8	0.000029
1	9	0.000007
1	12	0.000005
1	13	0.000003
1	15	0.000024
1	41	0.081942
1	67	0.014697
1	75	0.000208
1	76	0.000076
1	77	0.000007
1	79	0.000004
1	105	0.000012
1	112	0.008833
1	707	0.000007
1	789	0.000035
1	809	0.000030
1	819	0.000001
1	823	0.000014
1	824	0.000037
1	826	0.013956
1	830	0.565041
1	833	0.000035
1	842	0.000011
1	843	0.000022
1	844	0.000106
1	846	0.000011
1	847	0.000028
1	848	0.000063
1	849	0.000311
1	852	0.000158
1	853	0.000427
2	7	0.000099
2	8	0.000021
2	9	0.000004
2	11	0.000007
2	12	0.000005
2	14	0.000029
2	15	0.000009
2	30	0.000087
2	39	0.000068
2	40	0.108796
2	41	0.000646
2	42	0.001829
2	46	0.000343
2	50	0.000005
2	52	0.000001
2	53	0.000025
2	60	0.000001
2	62	0.014570
2	64	0.000044
2	65	0.001592
2	66	0.017612
2	67	0.000052
2	74	0.000361
2	75	0.000218
2	76	0.000009
2	77	0.000007
2	83	0.000004
2	104	0.000013
2	105	0.000016
2	107	0.000008
2	110	0.000031
2	111	0.011673
2	112	0.000212
2	113	0.000198
2	116	0.000002
2	117	0.000002
2	706	0.000008
2	771	0.000002
2	784	0.000001
2	788	0.000071
2	808	0.000040
2	818	0.000001
2	819	0.000002
2	823	0.000035
2	824	0.000051
2	825	0.020080
2	826	0.005630
2	828	0.000270
2	829	0.639621
2	830	0.004260
2	833	0.000006
2	840	0.000883
2	842	0.000026
2	843	0.000114
2	844	0.000389
2	846	0.000027
2	847	0.000083
2	848	0.000576
2	849	0.000395
2	850	0.023345
2	852	0.000394
2	853	0.000061
2	855	0.004274
3	7	0.000021
3	8	0.000017
3	9	0.000007
3	11	0.000006
3	13	0.000029
3	14	0.000012
3	29	0.000088
3	39	0.108836
3	40	0.000799
3	41	0.001480
3	42	0.017972
3	46	0.000026
3	50	0.000002
3	52	0.000025
3	61	0.014680
3	62	0.000093
3	64	0.001597
3	65	0.017478
3	66	0.000066
3	74	0.000256
3	75	0.000008
3	76	0.000013
3	77	0.000008
3	83	0.000002
3	104	0.000016
3	107	0.000003
3	110	0.011580
3	111	0.000258
3	112	0.000115
3	113	0.000507
3	116	0.000003
3	705	0.000008
3	770	0.000002
3	783	0.000001
3	787	0.000076
3	807	0.000041
3	818	0.000002
3	823	0.000028
3	824	0.017987
3	825	0.009108
3	826	0.000013
3	828	0.638528
3	829	0.004582
3	830	0.000013
3	833	0.000003
3	840	0.000323
3	842	0.000052
3	843	0.000458
3	844	0.000211
3	846	0.000036
3	847	0.000613
3	848	0.000542
3	849	0.021711
3	850	0.009412
3	852	0.000035
3	853	0.000296
3	855	0.005497
4	8	0.000035
4	9	0.000023
4	12	0.000027
4	13	0.000012
4	26	0.000003
4	28	0.000088
4	41	0.017402
4	58	0.000003
4	60	0.014895
4	61	0.000048
4	67	0.000001
4	75	0.000012
4	76	0.000008
4	77	0.000001
4	79	0.000404
4	112	0.000428
4	704	0.000006
4	786	0.000076
4	806	0.000041
4	817	0.000002
4	823	0.014600
4	824	0.007832
4	826	0.002448
4	830	0.000009
4	833	0.000005
4	842	0.000389
4	843	0.000190
4	844	0.000030
4	846	0.000497
4	847	0.000468
4	848	0.018439
4	849	0.008071
4	852	0.000269
4	853	0.002175
5	10	0.000021
5	25	0.000003
5	27	0.000089
5	48	0.000007
5	56	0.000008
5	57	0.000003
5	59	0.014921
5	68	0.000293
5	71	0.000162
5	72	0.000007
5	78	0.000491
5	80	0.000041
5	82	0.000002
5	84	0.000001
5	114	0.000126
5	785	0.000075
5	805	0.000041
5	820	0.000002
5	821	0.000090
5	827	0.487473
5	854	0.009128
6	24	0.000003
6	26	0.000088
6	41	0.000465
6	55	0.000009
6	58	0.013706
6	60	0.000001
6	61	0.000004
6	67	0.000239
6	75	0.000002
6	76	0.000002
6	77	0.000398
6	79	0.000041
6	112	0.000002
6	804	0.000034
6	819	0.000002
6	823	0.001428
6	824	0.000248
6	826	0.395439
6	830	0.000005
6	833	0.000041
6	842	0.000085
6	843	0.000017
6	844	0.000070
6	846	0.002204
6	847	0.000437
6	848	0.000112
6	849	0.000031
6	852	0.000418
6	853	0.007408
7	25	0.000082
7	37	0.000049
7	38	0.003933
7	43	0.000248
7	44	0.000254
7	45	0.000117
7	47	0.000032
7	48	0.000006
7	49	0.000011
7	51	0.000002
7	54	0.000009
7	56	0.000013
7	57	0.012623
7	63	0.000017
7	68	0.000001
7	70	0.000002
7	73	0.000005
7	78	0.000036
7	106	0.000003
7	108	0.000003
7	109	0.000010
7	114	0.000003
7	115	0.000016
7	821	0.000002
7	822	0.001663
7	827	0.000041
7	831	0.000002
7	832	0.000042
7	834	0.000003
7	835	0.000010
7	836	0.000019
7	837	0.000031
7	838	0.000045
7	839	0.000078
7	841	0.000084
7	845	0.001992
7	851	0.000444
7	854	0.000016
7	856	0.000040
7	857	0.000078
8	22	0.000043
8	37	0.002465
8	38	0.716872
8	43	0.000168
8	44	0.000099
8	45	0.000013
8	47	0.000010
8	48	0.000010
8	49	0.000002
8	51	0.000001
8	54	0.000004
8	56	0.003210
8	57	0.000006
8	63	0.000001
8	73	0.000002
8	85	0.000002
8	108	0.000004
8	109	0.000001
8	114	0.000013
8	115	0.000004
8	821	0.000039
8	822	0.000338
8	827	0.000007
8	831	0.000017
8	832	0.000002
8	834	0.000006
8	835	0.000014
8	836	0.000022
8	837	0.000040
8	838	0.000071
8	839	0.000010
8	841	0.000006
8	845	0.000029
8	851	0.000223
8	854	0.000006
8	856	0.000041
8	857	0.000137
9	19	0.000006
9	21	0.000053
9	22	0.000001
9	37	0.956500
9	38	0.000329
9	43	0.000031
9	44	0.000004
9	47	0.000003
9	51	0.000001
9	54	0.000016
9	56	0.000002
9	84	0.000002
9	114	0.000003
9	821	0.000004
9	822	0.000151
9	834	0.000006
9	835	0.000010
9	836	0.000016
9	837	0.000040
9	838	0.000007
9	839	0.000001
9	841	0.000004
9	845	0.000003
9	851	0.000004
9	854	0.000001
9	856	0.000228
9	857	0.000004
10	18	0.000007
10	20	0.000054
10	23	0.000003
10	30	0.000001
10	36	0.999359
10	42	0.000008
10	52	0.000004
10	53	0.000014
10	83	0.000002
10	129	0.000001
10	840	0.000001
10	855	0.000238
11	16	0.000012
11	35	0.999436
11	82	0.000002
11	128	0.000001
11	854	0.000236
12	19	0.000004
12	31	0.000004
12	34	0.991384
12	35	0.000003
12	38	0.000002
12	51	0.000003
12	81	0.000002
12	127	0.000001
13	17	0.000001
13	31	0.000122
13	34	0.000106
13	37	0.000002
13	49	0.000025
14	35	0.000007
14	48	0.000027
15	31	0.913923
15	34	0.000008
15	47	0.000027
15	63	0.000004
15	851	0.000029
16	28	0.000021
16	29	0.077171
16	30	0.916952
16	32	0.000048
16	33	0.000004
16	46	0.000025
16	61	0.000005
16	62	0.000006
16	850	0.000033
17	26	0.000067
17	28	0.533644
17	29	0.462530
17	60	0.000008
17	61	0.000003
17	849	0.000023
18	25	0.000140
18	27	0.988226
18	59	0.000011
18	68	0.000001
19	24	0.000102
19	26	0.987278
19	28	0.010476
19	58	0.000011
20	25	0.983763
20	27	0.010727
20	57	0.000011
20	68	0.000006
21	26	0.008117
21	28	0.000001
21	29	0.000003
21	67	0.000005
22	26	0.000008
22	28	0.000017
23	27	0.000017
24	37	0.000005
24	841	0.000001
25	36	0.000005
25	52	0.000012
25	64	0.000026
25	840	0.000001
25	842	0.000003
26	35	0.000005
26	37	0.000011
26	51	0.000012
26	63	0.000027
26	84	0.000002
26	839	0.000001
26	841	0.000004
27	36	0.000012
27	50	0.000012
27	62	0.000027
27	83	0.000010
27	840	0.000004
28	35	0.000012
28	49	0.000011
28	82	0.000010
28	839	0.000003
29	34	0.000007
29	48	0.000009
29	81	0.000011
29	85	0.000001
29	838	0.000003
30	35	0.000001
30	48	0.000002
30	59	0.000032
30	80	0.000033
30	84	0.000002
31	58	0.000033
31	79	0.000035
32	57	0.000033
32	78	0.000035
32	82	0.000003
32	126	0.000001
33	56	0.000032
33	81	0.000002
33	125	0.000001
33	831	0.000005
33	856	0.000002
33	857	0.000001
34	41	0.000005
34	55	0.000031
34	61	0.000005
34	75	0.000022
34	76	0.000002
34	77	0.000003
34	124	0.000002
34	830	0.000006
35	40	0.000005
35	42	0.000002
35	53	0.000001
35	60	0.000008
35	74	0.000024
35	75	0.000002
35	76	0.000003
35	79	0.000021
35	83	0.000001
35	123	0.000002
35	828	0.000025
35	829	0.000003
35	855	0.000185
36	59	0.000008
36	78	0.000028
36	82	0.000001
36	122	0.000002
36	827	0.000028
36	854	0.000186
37	41	0.000008
37	58	0.000005
37	60	0.000001
37	61	0.000022
37	75	0.000012
37	76	0.000016
37	77	0.000032
37	121	0.000001
37	824	0.000002
37	826	0.000024
37	849	0.000001
37	853	0.000178
38	55	0.000001
38	58	0.003393
38	60	0.000063
38	61	0.000001
38	67	0.000003
38	75	0.000071
38	76	0.000041
38	77	0.000005
38	79	0.000001
38	823	0.000003
38	824	0.000003
38	826	0.000002
38	842	0.000001
38	843	0.000001
38	844	0.000001
38	846	0.000001
38	847	0.000002
38	848	0.000002
38	849	0.000002
38	852	0.000124
38	853	0.000004
39	48	0.001722
39	56	0.000009
39	57	0.004622
39	59	0.000078
39	68	0.000554
39	69	0.001716
39	71	0.000194
39	72	0.222822
39	78	0.000001
39	80	0.000010
39	81	0.009508
39	82	0.004352
39	84	0.000443
39	114	0.000059
39	821	0.000006
39	827	0.000020
39	854	0.000030
40	48	0.017959
40	56	0.004683
40	57	0.000026
40	59	0.000010
40	68	0.005449
40	69	0.000300
40	71	0.231268
40	72	0.000025
40	80	0.009600
40	81	0.004384
40	82	0.001587
40	84	0.000125
40	114	0.000172
40	128	0.000027
40	625	0.000002
40	820	0.000005
40	821	0.000002
40	827	0.000021
40	854	0.000028
41	45	0.000209
41	47	0.016925
41	48	0.000209
41	49	0.023436
41	51	0.000016
41	54	0.000018
41	56	0.000011
41	57	0.000116
41	63	0.000015
41	68	0.000493
41	69	0.001498
41	70	0.230080
41	71	0.000017
41	72	0.000011
41	73	0.000188
41	80	0.003466
41	81	0.001620
41	82	0.000027
41	85	0.000010
41	114	0.000004
41	115	0.001122
41	127	0.000028
41	624	0.000003
41	792	0.000053
41	821	0.000001
41	822	0.000036
41	827	0.000002
41	831	0.000030
41	832	0.000036
41	834	0.000005
41	835	0.000002
41	836	0.000001
41	837	0.000001
41	838	0.000001
41	845	0.000001
41	851	0.000007
41	854	0.000003
41	856	0.000144
41	857	0.000011
42	48	0.028923
42	56	0.000336
42	57	0.000004
42	59	0.000079
42	68	0.042758
42	69	0.223430
42	71	0.000034
42	72	0.000234
42	78	0.013031
42	80	0.002283
42	81	0.000047
42	82	0.000174
42	84	0.000011
42	114	0.001368
42	126	0.000028
42	623	0.000003
42	791	0.000060
42	820	0.000002
42	821	0.000034
42	827	0.000283
42	854	0.003106
43	55	0.000292
43	58	0.000074
43	60	0.000002
43	61	0.000023
43	67	0.044226
43	76	0.000005
43	77	0.013028
43	79	0.001975
43	622	0.000002
43	790	0.000059
43	819	0.000002
43	823	0.000016
43	824	0.000080
43	826	0.000254
43	830	0.001043
43	833	0.000007
43	842	0.000001
43	843	0.000008
43	844	0.000049
43	846	0.000002
43	847	0.000013
43	848	0.000066
43	849	0.000110
43	852	0.000011
43	853	0.003056
44	55	0.000009
44	58	0.000009
44	60	0.000011
44	61	0.002416
44	67	0.004692
44	75	0.000006
44	76	0.012287
44	77	0.000215
44	79	0.000020
44	789	0.000050
44	807	0.000001
44	823	0.000077
44	824	0.000077
44	826	0.000018
44	830	0.000179
44	833	0.000008
44	842	0.000008
44	843	0.000055
44	844	0.000016
44	846	0.000011
44	847	0.000071
44	848	0.000127
44	849	0.000046
44	852	0.002350
44	853	0.000107
45	55	0.000007
45	58	0.000058
45	60	0.002951
45	61	0.000042
45	67	0.000847
45	75	0.009041
45	76	0.000235
45	77	0.000257
45	79	0.004450
45	788	0.000013
45	806	0.000002
45	823	0.000065
45	824	0.000019
45	826	0.000012
45	830	0.000112
45	833	0.000010
45	842	0.000043
45	843	0.000014
45	844	0.000003
45	846	0.000049
45	847	0.000075
45	848	0.000042
45	849	0.000012
45	852	0.000088
45	853	0.000025
46	56	0.002848
46	57	0.000058
46	59	0.003017
46	68	0.150233
46	69	0.000002
46	71	0.000020
46	72	0.000090
46	78	0.005317
46	80	0.000004
46	82	0.000002
46	84	0.000012
46	88	0.000020
46	114	0.000100
46	125	0.000051
46	805	0.000002
46	820	0.000035
46	821	0.000004
46	827	0.089151
46	854	0.001888
47	55	0.002818
47	58	0.002757
47	60	0.000255
47	61	0.000697
47	67	0.150580
47	75	0.005083
47	76	0.000011
47	77	0.005248
47	79	0.000004
47	87	0.000031
47	105	0.000002
47	112	0.000011
47	124	0.000051
47	788	0.000045
47	804	0.000002
47	819	0.000035
47	823	0.000011
47	824	0.000019
47	826	0.090426
47	830	0.000319
47	833	0.000001
47	842	0.000001
47	843	0.000002
47	844	0.000021
47	846	0.000002
47	847	0.000005
47	848	0.000022
47	849	0.000083
47	852	0.000015
47	853	0.001672
48	52	0.000183
48	53	0.001158
48	55	0.000011
48	58	0.000006
48	60	0.000487
48	61	0.449921
48	62	0.093362
48	64	0.001007
48	65	0.000794
48	66	0.133475
48	67	0.000003
48	74	0.006266
48	75	0.000012
48	76	0.005069
48	77	0.000001
48	83	0.000169
48	86	0.000032
48	104	0.000003
48	111	0.000012
48	113	0.000035
48	123	0.000051
48	746	0.000002
48	747	0.000004
48	787	0.000060
48	803	0.000001
48	818	0.000034
48	823	0.000005
48	824	0.000020
48	825	0.090424
48	826	0.000002
48	828	0.000036
48	829	0.000350
48	830	0.000001
48	840	0.000014
48	843	0.000021
48	844	0.000008
48	846	0.000001
48	847	0.000019
48	848	0.000074
48	849	0.000019
48	850	0.000777
48	852	0.000356
48	853	0.000010
48	855	0.000304
49	55	0.000041
49	58	0.000836
49	60	0.680303
49	61	0.047387
49	75	0.004564
49	76	0.000003
49	77	0.000002
49	79	0.000034
49	112	0.000022
49	786	0.000060
49	817	0.000018
49	823	0.000132
49	824	0.073263
49	826	0.000002
49	842	0.000017
49	843	0.000007
49	846	0.000014
49	847	0.000052
49	848	0.000019
49	849	0.000646
49	852	0.000011
49	853	0.000004
50	56	0.002364
50	57	0.000964
50	59	0.740608
50	68	0.000880
50	69	0.000005
50	71	0.021538
50	72	0.006568
50	78	0.000040
50	80	0.000586
50	81	0.000014
50	82	0.000639
50	84	0.000099
50	114	0.000053
50	122	0.000050
50	745	0.000016
50	785	0.000060
50	821	0.000020
50	827	0.000313
50	854	0.000407
51	55	0.001571
51	58	0.738685
51	60	0.000483
51	61	0.000011
51	67	0.000810
51	75	0.000001
51	77	0.000037
51	79	0.000601
51	121	0.000050
51	744	0.000016
51	823	0.000569
51	824	0.000007
51	826	0.000248
51	844	0.000001
51	846	0.000002
51	847	0.000019
51	848	0.000009
51	849	0.000004
51	852	0.000003
51	853	0.000320
52	56	0.000545
52	57	0.731564
52	59	0.000503
52	68	0.000736
52	69	0.084339
52	71	0.000026
52	72	0.000155
52	78	0.000440
52	80	0.000039
52	81	0.003684
52	82	0.000018
52	114	0.000020
52	120	0.000050
52	743	0.000016
52	820	0.000001
52	821	0.009289
52	827	0.000005
52	854	0.000020
53	57	0.000486
53	59	0.000160
53	68	0.191878
53	69	0.000090
53	71	0.000152
53	78	0.000743
53	80	0.003726
53	81	0.000014
53	114	0.000014
53	119	0.000050
53	742	0.000016
53	820	0.009237
53	821	0.000009
53	827	0.000005
53	854	0.000017
54	58	0.000109
54	60	0.000040
54	61	0.000026
54	67	0.189675
54	76	0.000031
54	77	0.000907
54	79	0.003717
54	701	0.000082
54	704	0.000001
54	741	0.000016
54	786	0.000002
54	817	0.000047
54	819	0.008701
54	823	0.000055
54	826	0.000005
54	830	0.000002
54	842	0.000006
54	844	0.000002
54	846	0.000029
54	852	0.000038
54	853	0.000012
55	59	0.000037
55	63	0.000432
55	68	0.000076
55	69	0.000032
55	70	0.000003
55	78	0.003511
55	118	0.000049
55	130	0.000003
55	700	0.000120
55	703	0.000002
55	785	0.000003
55	816	0.000163
55	822	0.000054
55	831	0.000005
55	841	0.000007
55	845	0.000032
55	851	0.000046
55	854	0.000003
55	856	0.000003
56	60	0.000001
56	61	0.000001
56	62	0.000501
56	64	0.000079
56	65	0.207670
56	66	0.009678
56	67	0.000137
56	74	0.000004
56	75	0.003077
56	76	0.000007
56	77	0.001665
56	86	0.000001
56	87	0.000005
56	111	0.000031
56	117	0.000050
56	129	0.000003
56	699	0.000131
56	702	0.000002
56	739	0.000016
56	770	0.000004
56	784	0.000006
56	815	0.000176
56	817	0.000004
56	818	0.008795
56	825	0.000001
56	829	0.000160
56	830	0.000004
56	840	0.000007
56	843	0.000150
56	844	0.000021
56	850	0.000045
56	853	0.000008
56	855	0.000003
57	61	0.000211
57	62	0.000099
57	64	0.208262
57	65	0.009428
57	66	0.000164
57	67	0.000004
57	74	0.003573
57	75	0.000005
57	76	0.001341
57	86	0.000007
57	110	0.000031
57	116	0.000050
57	129	0.000005
57	678	0.000002
57	698	0.000133
57	701	0.000002
57	738	0.000016
57	769	0.000004
57	783	0.000006
57	815	0.000003
57	817	0.008788
57	818	0.000002
57	823	0.000002
57	825	0.000001
57	828	0.000161
57	829	0.000004
57	840	0.000001
57	842	0.000214
57	843	0.000011
57	849	0.000019
57	852	0.000011
57	855	0.000004
58	63	0.182472
58	72	0.000025
58	73	0.003553
58	84	0.000026
58	85	0.000004
58	108	0.000004
58	109	0.000025
58	115	0.000032
58	127	0.000003
58	128	0.000005
58	130	0.000107
58	677	0.000002
58	697	0.000133
58	700	0.000001
58	737	0.000016
58	768	0.000004
58	813	0.000151
58	816	0.008772
58	822	0.000002
58	827	0.000154
58	839	0.000001
58	841	0.000232
58	851	0.000012
58	854	0.000004
58	856	0.000009
59	64	0.004693
59	65	0.000065
59	66	0.000092
59	67	0.000002
59	74	0.001978
59	83	0.000132
59	86	0.000002
59	107	0.000008
59	129	0.000183
59	676	0.000002
59	696	0.000132
59	736	0.000015
59	767	0.000004
59	794	0.000036
59	812	0.000151
59	815	0.008670
59	823	0.000003
59	825	0.000004
59	826	0.000055
59	828	0.000004
59	840	0.000235
59	850	0.000011
59	853	0.000001
59	855	0.000012
60	68	0.000013
60	70	0.000083
60	71	0.003483
60	73	0.001980
60	82	0.000132
60	85	0.000001
60	106	0.000007
60	114	0.000001
60	115	0.000002
60	125	0.000004
60	126	0.000001
60	127	0.000741
60	128	0.000186
60	625	0.000001
60	675	0.000002
60	695	0.000103
60	766	0.000004
60	793	0.000048
60	811	0.000118
60	813	0.000002
60	814	0.006661
60	822	0.000003
60	827	0.000004
60	839	0.000229
60	854	0.000011
61	68	0.000043
61	69	0.000129
61	70	0.003591
61	72	0.001970
61	73	0.000008
61	81	0.000134
61	85	0.000287
61	114	0.000003
61	115	0.000085
61	125	0.000003
61	126	0.001115
61	127	0.000212
61	624	0.000014
61	692	0.000052
61	711	0.000001
61	792	0.000055
61	811	0.000003
61	813	0.004264
61	814	0.000005
61	821	0.000001
61	822	0.000004
61	838	0.000185
61	856	0.000002
62	68	0.023941
62	69	0.003622
62	71	0.001985
62	72	0.000015
62	80	0.000151
62	84	0.000544
62	114	0.000160
62	122	0.001730
62	125	0.001598
62	126	0.000194
62	623	0.000017
62	691	0.000055
62	710	0.000002
62	791	0.000056
62	814	0.000002
62	820	0.000001
62	821	0.000004
62	827	0.000049
62	854	0.000074
63	67	0.015822
63	79	0.000152
63	121	0.001904
63	124	0.001606
63	622	0.000013
63	690	0.000023
63	786	0.000002
63	790	0.000044
63	809	0.000008
63	810	0.000009
63	819	0.000001
63	823	0.000003
63	824	0.000004
63	826	0.000040
63	848	0.000001
63	849	0.000001
63	852	0.000001
63	853	0.000063
64	68	0.001831
64	69	0.000170
64	71	0.000019
64	72	0.000216
64	78	0.000151
64	81	0.000003
64	82	0.000728
64	84	0.000008
64	114	0.000173
64	120	0.001330
64	122	0.001703
64	125	0.000013
64	689	0.000017
64	691	0.000003
64	785	0.000002
64	821	0.000001
64	827	0.000012
64	854	0.000059
65	69	0.000019
65	71	0.000222
65	72	0.000508
65	80	0.000003
65	81	0.000730
65	82	0.000031
65	114	0.000637
65	119	0.000714
65	120	0.007948
65	761	0.000004
65	821	0.000003
65	827	0.000007
65	854	0.000013
66	71	0.000515
66	72	0.000011
66	78	0.000002
66	80	0.000728
66	81	0.000031
66	114	0.001315
66	119	0.008776
66	760	0.000004
66	820	0.000002
66	821	0.000001
66	827	0.000016
66	854	0.000019
67	71	0.000009
67	73	0.000001
67	78	0.000114
67	80	0.000031
67	114	0.001088
67	115	0.139268
67	118	0.009410
67	759	0.000004
67	801	0.000002
67	822	0.000006
67	827	0.000004
67	831	0.000007
67	834	0.000002
67	841	0.000050
67	845	0.000046
67	851	0.000349
67	854	0.000002
67	856	0.000360
67	857	0.000005
68	74	0.000104
68	75	0.000039
68	76	0.000003
68	77	0.000187
68	79	0.000060
68	111	0.000017
68	112	0.000001
68	113	0.001149
68	116	0.000007
68	117	0.009431
68	758	0.000004
68	800	0.000003
68	823	0.000002
68	824	0.000003
68	825	0.000128
68	826	0.000016
68	828	0.000016
68	829	0.000100
68	830	0.000008
68	833	0.000002
68	840	0.000065
68	843	0.000003
68	844	0.000058
68	848	0.000001
68	849	0.000001
68	850	0.000438
68	852	0.000002
68	853	0.000004
68	855	0.000438
69	74	0.000044
69	75	0.000003
69	76	0.000190
69	77	0.000232
69	110	0.000017
69	111	0.000001
69	112	0.000219
69	113	0.662098
69	116	0.009268
69	757	0.000004
69	799	0.000003
69	824	0.000004
69	825	0.000019
69	828	0.000082
69	829	0.000004
69	840	0.000001
69	842	0.000005
69	843	0.000063
69	844	0.000011
69	849	0.000126
69	850	0.000075
70	75	0.000170
70	76	0.000232
70	77	0.000077
70	79	0.000005
70	112	0.690184
70	756	0.000004
70	798	0.000003
70	823	0.000003
70	824	0.000017
70	826	0.000110
70	830	0.000214
70	842	0.000072
70	843	0.000018
70	844	0.000004
70	847	0.000002
70	848	0.000123
70	849	0.000077
70	852	0.000001
70	853	0.000014
71	75	0.000109
71	76	0.000054
71	77	0.000005
71	83	0.000004
71	98	0.000001
71	110	0.000014
71	111	0.693881
71	112	0.000410
71	113	0.000386
71	755	0.000004
71	797	0.000003
71	823	0.000009
71	825	0.000119
71	826	0.000038
71	829	0.000229
71	830	0.000001
71	840	0.000590
71	842	0.000019
71	843	0.000004
71	844	0.000004
71	846	0.000002
71	847	0.000100
71	848	0.000075
71	850	0.000026
71	852	0.000011
71	855	0.000005
72	76	0.000003
72	77	0.000005
72	83	0.000008
72	97	0.000001
72	110	0.692868
72	111	0.000564
72	112	0.000264
72	113	0.039487
72	754	0.000004
72	796	0.000003
72	824	0.000077
72	825	0.000051
72	828	0.000223
72	829	0.000001
72	840	0.000085
72	842	0.000004
72	843	0.000007
72	844	0.000003
72	846	0.000064
72	847	0.000070
72	848	0.000001
72	849	0.000024
72	850	0.000022
72	855	0.000006
73	77	0.000021
73	79	0.000441
73	112	0.040521
73	753	0.000004
73	795	0.000003
73	823	0.000063
73	824	0.000044
73	826	0.000004
73	833	0.000002
73	842	0.000010
73	843	0.000004
73	844	0.000004
73	846	0.000065
73	847	0.000002
73	848	0.000022
73	849	0.000021
73	853	0.000003
74	78	0.000484
74	80	0.000168
74	81	0.000373
74	82	0.000091
74	84	0.000002
74	114	0.000203
74	827	0.000071
74	854	0.000084
75	80	0.000359
75	81	0.000089
75	82	0.000001
75	106	0.000018
75	108	0.000092
75	109	0.005638
75	114	0.000052
75	115	0.000163
75	793	0.000002
75	822	0.000004
75	831	0.000002
75	832	0.000020
75	834	0.000050
75	835	0.005176
75	836	0.044481
75	837	0.000999
75	838	0.000193
75	839	0.000045
75	841	0.000003
75	845	0.000004
75	856	0.000001
75	857	0.000002
76	80	0.000049
76	81	0.000002
76	85	0.000056
76	95	0.000001
76	106	0.000227
76	108	0.003839
76	109	0.759342
76	114	0.000122
76	115	0.020119
76	792	0.000003
76	831	0.000013
76	832	0.000052
76	834	0.006239
76	835	0.055433
76	836	0.001097
76	837	0.000197
76	838	0.000050
76	839	0.000004
76	841	0.000002
76	845	0.000003
76	854	0.000001
76	856	0.000002
76	857	0.000359
77	82	0.000002
77	84	0.000067
77	94	0.000001
77	106	0.000041
77	108	0.834654
77	109	0.000223
77	114	0.024154
77	115	0.000074
77	750	0.000001
77	791	0.000003
77	831	0.000039
77	832	0.000137
77	834	0.058175
77	835	0.000901
77	836	0.000130
77	837	0.000034
77	838	0.000003
77	841	0.000296
77	845	0.000003
77	851	0.000092
77	856	0.000665
78	83	0.000076
78	86	0.000013
78	93	0.000001
78	104	0.006110
78	105	0.000002
78	107	0.848479
78	110	0.000441
78	111	0.000017
78	112	0.000022
78	113	0.027114
78	116	0.000003
78	749	0.000002
78	751	0.000003
78	790	0.000002
78	828	0.000009
78	830	0.000012
78	833	0.058140
78	840	0.000346
78	842	0.000007
78	844	0.000003
78	850	0.000097
78	852	0.000017
78	855	0.000718
79	85	0.000014
79	92	0.000001
79	103	0.006098
79	106	0.846086
79	108	0.000198
79	109	0.000388
79	114	0.000201
79	115	0.000005
79	748	0.000002
79	750	0.000003
79	827	0.000009
79	831	0.049335
79	832	0.030702
79	834	0.000009
79	835	0.000003
79	839	0.000260
79	841	0.000007
79	851	0.000020
79	854	0.000616
79	856	0.000003
80	86	0.000003
80	87	0.000017
80	104	0.000156
80	105	0.830503
80	107	0.000257
80	110	0.000027
80	111	0.028487
80	112	0.001493
80	113	0.000474
80	117	0.000001
80	747	0.000001
80	749	0.000003
80	788	0.000003
80	825	0.000001
80	826	0.000009
80	829	0.000035
80	830	0.085780
80	833	0.000003
80	840	0.000006
80	850	0.000021
80	853	0.000050
80	855	0.000003
81	86	0.000022
81	87	0.000001
81	90	0.000001
81	101	0.006186
81	104	0.805433
81	105	0.015883
81	107	0.000665
81	110	0.028534
81	111	0.001899
81	112	0.000324
81	113	0.000003
81	116	0.000002
81	117	0.000001
81	746	0.000001
81	747	0.000003
81	787	0.000003
81	825	0.000010
81	828	0.000031
81	829	0.091199
81	830	0.000004
81	849	0.000004
81	852	0.000006
82	86	0.000007
82	90	0.000020
82	100	0.006201
82	104	0.030248
82	105	0.000277
82	107	0.001039
82	110	0.001907
82	111	0.000327
82	112	0.000002
82	113	0.000005
82	116	0.000007
82	746	0.000003
82	786	0.000003
82	824	0.000005
82	828	0.091303
82	829	0.000003
82	848	0.000002
82	855	0.000886
83	88	0.000001
83	89	0.000021
83	99	0.006200
83	102	0.118554
83	103	0.035558
83	114	0.003225
83	745	0.000004
83	785	0.000003
83	827	0.091191
83	854	0.000889
84	97	0.000143
84	98	0.005981
84	101	0.022725
84	104	0.037200
84	105	0.002231
84	107	0.016969
84	110	0.000044
84	111	0.000013
84	113	0.003746
84	784	0.000003
84	823	0.000002
84	824	0.000068
84	825	0.010170
84	826	0.041043
84	850	0.000009
84	853	0.000745
85	105	0.009779
85	112	0.003689
85	823	0.000108
85	824	0.008817
85	826	0.000159
85	849	0.000007
85	852	0.000602
86	95	0.006146
86	99	0.000131
86	102	0.001706
86	103	0.829004
86	114	0.000001
87	94	0.006182
87	99	0.000197
87	102	0.862157
87	103	0.000013
87	106	0.000124
87	108	0.000001
87	822	0.000057
87	851	0.000006
88	93	0.006176
88	97	0.000014
88	98	0.000358
88	100	0.000091
88	101	0.970377
88	104	0.000200
88	105	0.000148
88	850	0.000005
89	93	0.000002
89	97	0.000359
89	100	0.992874
89	104	0.000152
89	849	0.000002
89	855	0.000002
90	95	0.000322
90	99	0.992962
90	102	0.000295
90	103	0.000076
90	854	0.000002
91	97	0.000081
91	98	0.992661
91	101	0.000384
91	829	0.000028
92	97	0.980434
92	98	0.000004
92	100	0.000385
92	828	0.000028
93	99	0.000384
93	827	0.000028
94	826	0.000028
95	825	0.000028
96	824	0.000024
98	114	0.000013
99	113	0.000013
101	114	0.000012
102	107	0.000158
102	110	0.000043
102	111	0.004034
102	112	0.000015
102	113	0.000070
102	829	0.000083
103	107	0.000010
103	110	0.004034
103	111	0.000023
103	112	0.000060
103	113	0.000006
103	828	0.000083
104	114	0.000565
104	126	0.000001
104	827	0.000083
105	109	0.000064
105	114	0.000135
105	115	0.000096
105	125	0.000001
105	822	0.000003
105	831	0.000001
106	112	0.000090
106	124	0.000001
106	826	0.000004
106	830	0.000002
107	114	0.003102
107	827	0.000036
107	854	0.000003
108	112	0.000046
108	823	0.000002
108	824	0.000007
108	826	0.000038
108	830	0.000002
108	853	0.000002
109	121	0.000004
109	823	0.000008
109	824	0.000004
109	826	0.000021
109	830	0.000002
109	852	0.000002
110	114	0.000545
110	120	0.000004
110	821	0.000002
110	827	0.000454
111	119	0.000004
111	820	0.000002
111	821	0.000002
111	827	0.001172
112	118	0.000004
112	822	0.000151
112	827	0.000166
113	821	0.000061
113	827	0.000333
113	854	0.000010
114	702	0.000001
114	787	0.000002
114	823	0.004821
114	824	0.057124
114	825	0.191705
114	826	0.000112
114	828	0.000012
114	829	0.000009
114	848	0.000001
114	849	0.000002
114	850	0.000131
114	853	0.000012
114	855	0.000018
115	701	0.000001
115	744	0.000004
115	786	0.000002
115	823	0.071474
115	824	0.169382
115	826	0.000120
115	830	0.000002
115	847	0.000001
115	848	0.000003
115	849	0.000113
115	852	0.000010
116	126	0.000011
116	743	0.000004
116	785	0.000002
116	820	0.000018
116	821	0.981993
117	125	0.000012
117	742	0.000004
117	820	0.990217
117	821	0.000020
118	124	0.000012
118	707	0.000013
118	741	0.000004
118	819	0.989873
119	123	0.000011
119	699	0.000010
119	705	0.000015
119	706	0.000015
119	740	0.000004
119	818	0.990252
120	129	0.000002
120	631	0.000006
120	676	0.000001
120	678	0.000043
120	698	0.000044
120	704	0.000036
120	705	0.000016
120	739	0.000003
120	812	0.000006
120	817	0.989117
120	818	0.000003
121	127	0.000001
121	128	0.000002
121	130	0.002529
121	630	0.000011
121	675	0.000002
121	677	0.000053
121	697	0.000064
121	700	0.000003
121	703	0.000234
121	731	0.000002
121	737	0.000001
121	811	0.000008
121	813	0.000089
121	816	0.990009
121	856	0.000002
122	129	0.003162
122	626	0.000013
122	629	0.001130
122	631	0.000003
122	674	0.000002
122	676	0.000056
122	696	0.000071
122	698	0.000004
122	699	0.000003
122	702	0.000298
122	730	0.000002
122	736	0.000001
122	738	0.000001
122	786	0.000003
122	787	0.000004
122	803	0.000001
122	810	0.000007
122	812	0.000156
122	815	0.990554
122	855	0.000002
123	128	0.003150
123	131	0.000005
123	625	0.000014
123	628	0.001124
123	630	0.000003
123	673	0.000003
123	675	0.000056
123	680	0.000001
123	695	0.000071
123	710	0.000006
123	725	0.000001
123	729	0.000002
123	785	0.000004
123	814	0.990535
123	821	0.000008
123	854	0.000002
124	130	0.000028
124	621	0.000001
124	624	0.000014
124	628	0.000086
124	630	0.000002
124	672	0.000003
124	679	0.000001
124	697	0.000064
124	700	0.000597
124	703	0.000005
124	708	0.000005
124	709	0.000005
124	724	0.000001
124	737	0.000005
124	785	0.000033
124	801	0.000044
124	811	0.000394
124	813	0.986763
124	814	0.000001
124	820	0.000008
124	851	0.000001
125	129	0.000034
125	620	0.000002
125	626	0.000010
125	627	0.001334
125	629	0.000745
125	671	0.000002
125	678	0.000007
125	693	0.000031
125	694	0.000012
125	696	0.000096
125	698	0.000023
125	699	0.000746
125	702	0.000008
125	706	0.000429
125	707	0.000004
125	723	0.000001
125	735	0.000007
125	736	0.000007
125	784	0.000097
125	787	0.000001
125	788	0.000009
125	790	0.000012
125	797	0.000002
125	799	0.000002
125	800	0.000053
125	808	0.000020
125	809	0.121947
125	810	0.000750
125	812	0.863100
125	819	0.000008
125	830	0.000001
125	850	0.000001
126	619	0.000002
126	620	0.000001
126	622	0.000010
126	626	0.005206
126	627	0.000003
126	629	0.001114
126	631	0.000002
126	676	0.000015
126	678	0.000689
126	683	0.000002
126	693	0.000018
126	696	0.000048
126	698	0.002363
126	699	0.000029
126	701	0.000008
126	702	0.000955
126	705	0.000614
126	706	0.000020
126	707	0.000005
126	722	0.000001
126	730	0.000010
126	734	0.000125
126	735	0.000003
126	736	0.006716
126	783	0.000110
126	784	0.000089
126	786	0.000004
126	787	0.000253
126	788	0.000009
126	789	0.000636
126	790	0.000044
126	794	0.000001
126	796	0.000021
126	798	0.000003
126	799	0.000069
126	803	0.000001
126	807	0.000031
126	808	0.726616
126	809	0.000363
126	810	0.013699
126	812	0.000231
126	818	0.000009
126	829	0.000001
126	849	0.000001
127	622	0.000127
127	627	0.004362
127	682	0.000002
127	694	0.000241
127	699	0.000094
127	701	0.000928
127	704	0.000567
127	707	0.000063
127	721	0.000001
127	733	0.000110
127	735	0.006699
127	786	0.000214
127	788	0.000712
127	789	0.000043
127	790	0.000013
127	795	0.000022
127	797	0.000003
127	798	0.000066
127	804	0.000005
127	806	0.000024
127	807	0.727589
127	809	0.015664
127	810	0.011221
127	817	0.000008
127	848	0.000001
128	618	0.000003
128	620	0.000004
128	622	0.000044
128	626	0.004533
128	629	0.001574
128	676	0.003290
128	678	0.000036
128	690	0.000011
128	693	0.000247
128	696	0.020564
128	698	0.000082
128	699	0.000001
128	702	0.000022
128	705	0.000004
128	706	0.000062
128	707	0.000003
128	720	0.000001
128	730	0.000133
128	733	0.000001
128	734	0.006451
128	736	0.000008
128	783	0.000081
128	784	0.000028
128	786	0.000242
128	787	0.000704
128	788	0.000020
128	789	0.000007
128	790	0.000001
128	794	0.000022
128	796	0.000002
128	797	0.000039
128	799	0.000001
128	803	0.000007
128	806	0.730523
128	807	0.000024
128	808	0.007642
128	809	0.021175
128	810	0.000805
128	812	0.000007
128	815	0.000008
128	828	0.000002
128	855	0.000006
129	617	0.000003
129	623	0.074650
129	625	0.004369
129	628	0.001577
129	675	0.003283
129	689	0.000010
129	691	0.000090
129	695	0.020608
129	710	0.000010
129	729	0.000126
129	782	0.000059
129	785	0.000746
129	791	0.000015
129	805	0.732319
129	814	0.000008
129	827	0.000002
129	854	0.000006
130	616	0.000003
130	622	0.075426
130	627	0.001552
130	688	0.000005
130	690	0.000019
130	694	0.018354
130	699	0.000003
130	701	0.000004
130	704	0.000002
130	707	0.000005
130	733	0.000319
130	735	0.000001
130	786	0.000014
130	788	0.000001
130	789	0.000001
130	790	0.000016
130	795	0.000005
130	796	0.000003
130	797	0.000003
130	798	0.000004
130	800	0.000023
130	804	0.652071
130	806	0.000262
130	807	0.000323
130	809	0.000199
130	810	0.000014
130	826	0.000002
130	853	0.000006
131	615	0.000003
131	619	0.000008
131	620	0.814636
131	622	0.000003
131	626	0.000381
131	693	0.005076
131	706	0.000001
131	784	0.000002
131	794	0.000002
131	799	0.000009
131	800	0.000002
131	803	0.177995
131	804	0.000002
131	806	0.000001
131	808	0.000002
132	614	0.000002
132	618	0.000008
132	619	0.997179
132	620	0.001459
132	783	0.000001
132	799	0.000005
132	800	0.000001
132	803	0.000004
133	613	0.000002
133	618	0.999240
133	619	0.000733
134	617	0.999926
135	614	0.000002
135	615	0.004696
135	616	0.993781
136	613	0.000003
136	614	0.004833
136	615	0.995137
137	613	0.004955
137	614	0.995004
138	611	0.006469
138	613	0.993472
139	609	0.000005
139	610	0.008907
139	612	0.989143
140	608	0.000014
140	611	0.974751
141	608	0.858976
142	607	0.999368
142	608	0.000132
143	606	0.999976
144	605	0.999511
145	604	0.999980
146	603	0.999991
147	602	0.999977
148	601	0.999512
149	600	0.999970
150	598	0.000001
150	599	0.999033
151	598	0.998869
152	597	0.999980
153	594	0.000003
153	596	0.999404
154	593	0.000008
155	592	0.000001
155	593	0.000706
156	592	0.000355
156	593	0.993424
157	592	0.998384
157	593	0.000026
158	591	0.999978
159	590	0.999977
160	589	0.999698
161	588	0.999936
162	586	0.000025
162	587	0.999523
163	527	0.000021
163	585	0.000050
163	586	0.998905
163	587	0.000401
164	170	0.000001
164	524	0.000064
164	527	0.015636
164	584	0.000037
164	585	0.958282
164	586	0.000799
164	587	0.000001
165	170	0.000007
165	175	0.000001
165	523	0.000087
165	524	0.000389
165	527	0.405550
165	583	0.000014
165	584	0.195070
165	585	0.001040
165	586	0.000001
166	174	0.000001
166	522	0.000089
166	525	0.658795
166	526	0.217105
166	528	0.000047
167	173	0.000001
167	523	0.000016
167	524	0.959469
167	527	0.000137
167	581	0.000029
167	582	0.000004
167	583	0.000023
168	172	0.000001
168	523	0.805062
168	580	0.000030
169	523	0.003207
169	524	0.000321
169	527	0.000016
169	579	0.000028
170	521	0.980606
170	578	0.000027
171	520	0.999847
172	519	0.999737
173	518	0.999948
174	517	0.997050
175	516	0.751857
175	518	0.000005
176	515	0.506326
176	516	0.248004
177	514	0.260668
177	515	0.493605
178	514	0.739132
179	513	0.983946
180	510	0.000022
180	511	0.002283
180	512	0.983967
181	509	0.000003
181	513	0.000009
182	509	0.000010
182	513	0.000002
183	509	0.999569
184	508	0.999486
185	507	0.999980
186	506	0.999938
187	504	0.000003
187	505	0.998459
188	503	0.000002
188	504	0.999896
189	503	0.989627
190	501	0.000036
190	502	0.740932
191	502	0.170821
192	500	0.000090
192	503	0.000034
193	499	0.000032
193	501	0.903826
193	502	0.000025
194	500	0.999783
195	498	0.000004
195	499	0.999944
196	498	0.998464
197	497	0.999858
198	496	0.999741
199	495	0.999985
200	494	0.999957
201	493	0.999932
202	491	0.000001
202	492	0.999940
202	493	0.000024
203	491	0.999805
203	492	0.000048
204	488	0.000364
204	491	0.000072
205	487	0.000363
206	487	0.000022
206	488	0.991107
207	487	0.971029
208	487	0.001190
209	485	0.991913
210	483	0.000001
210	484	0.998179
211	483	0.999978
212	482	0.999991
213	479	0.000001
213	481	0.999975
214	478	0.000006
214	479	0.000002
214	480	0.999566
215	477	0.000008
215	479	0.997920
218	476	0.928328
220	474	0.000006
220	475	0.991153
220	477	0.000001
220	478	0.000005
221	474	0.999815
221	477	0.000004
222	473	0.999935
222	476	0.000001
223	472	0.999432
224	471	0.997579
225	469	0.000639
225	470	0.948951
226	466	0.000001
226	467	0.000019
226	468	0.000890
227	466	0.000019
227	467	0.000522
227	468	0.951221
228	467	0.989703
229	469	0.000002
230	465	0.981588
230	466	0.000952
231	464	0.999852
232	462	0.000001
232	463	0.999012
233	462	0.998626
233	463	0.000001
234	461	0.999322
235	460	0.998642
236	459	0.999851
236	460	0.000002
237	458	0.999162
238	456	0.000001
238	457	0.998121
239	456	0.999263
239	457	0.000001
240	455	0.999984
241	454	0.999970
242	453	0.999129
243	452	0.997045
243	454	0.000005
244	451	0.974474
244	453	0.000211
245	452	0.000412
246	448	0.000005
246	449	0.000045
246	450	0.997878
246	451	0.000054
247	449	0.997790
247	451	0.000046
248	448	0.979791
248	449	0.001272
248	450	0.000064
249	446	0.002001
249	448	0.003340
249	449	0.000015
250	446	0.966623
250	448	0.000003
251	444	0.000002
251	445	0.999979
252	444	0.999975
253	443	0.999510
254	442	0.999954
255	440	0.000022
255	441	0.999702
256	440	0.999600
257	438	0.998894
257	440	0.000001
258	437	0.999953
259	436	0.999980
260	435	0.999583
261	434	0.999964
262	433	0.999418
263	429	0.000184
263	430	0.000002
263	431	0.000009
263	432	0.998850
264	269	0.000180
264	394	0.000004
264	428	0.000237
264	431	0.996678
265	409	0.000003
265	410	0.000001
266	393	0.000010
266	396	0.000025
266	397	0.000001
266	407	0.000002
266	409	0.000002
266	410	0.000026
267	409	0.000054
267	410	0.000001
268	394	0.005232
268	395	0.002610
268	408	0.000064
268	426	0.000031
268	427	0.003972
268	428	0.000409
268	429	0.002064
268	430	0.000565
268	431	0.000001
269	393	0.007017
269	398	0.000002
269	407	0.000021
269	409	0.000002
269	425	0.000009
270	392	0.003518
270	393	0.991180
270	397	0.000002
271	392	0.996451
271	393	0.000010
271	396	0.000002
271	425	0.000001
272	390	0.000005
272	391	0.999976
272	395	0.000002
272	424	0.000001
273	390	0.999932
273	394	0.000002
273	423	0.000001
274	288	0.000155
274	384	0.000008
274	387	0.000052
274	388	0.000157
274	389	0.993301
275	287	0.000304
275	380	0.000019
275	383	0.000016
275	384	0.000004
275	386	0.000110
275	387	0.000259
275	388	0.960285
275	389	0.002218
276	286	0.000307
276	379	0.000019
276	384	0.000011
276	387	0.827097
276	388	0.005725
276	389	0.000047
277	285	0.000310
277	378	0.000020
277	382	0.002066
277	385	0.006439
278	284	0.000311
278	377	0.000020
278	381	0.002088
279	287	0.000005
279	289	0.000014
279	290	0.000010
279	376	0.000005
279	380	0.001876
279	383	0.000941
279	384	0.007713
279	386	0.116740
279	387	0.000070
279	388	0.000470
279	389	0.000001
280	286	0.000005
280	288	0.000030
280	289	0.000009
280	379	0.001725
280	384	0.922569
280	387	0.000621
280	388	0.000001
281	287	0.000044
281	288	0.000006
281	290	0.000255
281	374	0.000002
281	380	0.000023
281	383	0.957170
281	384	0.000140
281	386	0.000706
282	286	0.000033
282	288	0.000001
282	289	0.000250
282	376	0.000002
282	379	0.000022
282	384	0.000075
283	288	0.000189
283	376	0.000298
283	384	0.000248
284	290	0.000023
284	374	0.000022
284	376	0.000023
284	379	0.000001
284	380	0.997224
284	383	0.000237
285	289	0.000017
285	376	0.000300
285	379	0.997030
286	372	0.000013
286	373	0.000020
286	375	0.000284
286	377	0.000020
286	378	0.996749
286	381	0.000006
286	382	0.000197
287	377	0.994840
287	381	0.000199
288	372	0.000205
288	373	0.004282
288	375	0.034502
288	377	0.000047
288	378	0.000005
289	372	0.003706
289	373	0.002862
289	375	0.058289
289	377	0.000004
289	378	0.001025
290	377	0.001168
290	390	0.000001
291	371	0.001142
291	376	0.001333
291	389	0.000003
292	371	0.919898
292	376	0.000005
292	388	0.000003
293	369	0.000007
293	370	0.989933
293	371	0.008199
293	374	0.000005
293	387	0.000004
294	368	0.000004
294	369	0.989953
294	370	0.008775
294	371	0.000007
294	374	0.000013
294	386	0.000004
295	373	0.000013
295	385	0.000004
296	367	0.000011
296	368	0.999640
296	369	0.000061
296	384	0.000004
297	367	0.999924
297	368	0.000038
297	383	0.000004
298	365	0.000002
298	366	0.999353
298	382	0.000004
299	365	0.972444
299	381	0.000004
300	365	0.026725
301	364	0.963351
302	362	0.000070
302	363	0.999863
303	361	0.000069
303	362	0.999918
304	360	0.000068
304	361	0.999906
305	360	0.998409
306	359	0.999858
307	358	0.999741
308	357	0.999939
309	356	0.999938
310	355	0.999499
311	354	0.999192
312	353	0.999964
313	352	0.999668
314	350	0.000006
314	351	0.999765
315	329	0.001460
315	350	0.997678
315	351	0.000005
316	321	0.000145
316	322	0.000123
316	328	0.006726
316	331	0.000065
316	349	0.539395
316	352	0.000069
317	326	0.004759
317	327	0.012140
317	329	0.000176
317	342	0.000001
317	343	0.000196
317	344	0.000718
317	350	0.000033
317	351	0.000167
318	326	0.016171
318	327	0.000091
318	329	0.121882
318	342	0.000196
318	343	0.000715
318	344	0.000008
318	350	0.000203
319	328	0.122898
319	339	0.000002
319	349	0.000158
319	352	0.000002
320	326	0.018458
320	327	0.122932
320	329	0.000044
320	342	0.000127
320	343	0.000114
320	344	0.000764
320	350	0.000013
320	351	0.000004
321	325	0.015274
321	326	0.105287
321	327	0.000007
321	329	0.000001
321	330	0.000005
321	337	0.000005
321	340	0.000051
321	342	0.000105
321	343	0.000657
321	344	0.002163
321	345	0.001268
321	347	0.000001
321	350	0.000006
322	326	0.000184
322	327	0.000002
322	329	0.000005
322	330	0.000460
322	337	0.000014
322	340	0.000026
322	342	0.000417
322	343	0.002941
322	344	0.001349
322	345	0.000120
322	350	0.000004
322	351	0.000004
323	327	0.000004
323	329	0.000527
323	335	0.000043
323	342	0.003198
323	343	0.001349
323	344	0.000126
323	350	0.000069
323	351	0.000003
324	328	0.000346
324	334	0.000021
324	339	0.000002
324	349	0.000125
325	334	0.000685
325	339	0.000070
325	349	0.002166
326	333	0.000721
326	334	0.000002
326	338	0.000063
326	339	0.005719
326	341	0.000027
326	346	0.000002
326	348	0.002332
326	349	0.408732
327	332	0.000717
327	333	0.000002
327	336	0.000055
327	338	0.006132
327	341	0.000002
327	346	0.000045
327	348	0.853259
327	349	0.000009
328	335	0.000053
328	337	0.006144
328	340	0.000002
328	345	0.000020
328	347	0.858933
329	334	0.000020
329	336	0.006114
329	338	0.000001
329	339	0.000002
329	346	0.861840
329	348	0.000247
329	349	0.000011
330	334	0.000034
330	349	0.000077
331	335	0.000040
331	343	0.000001
331	344	0.001119
331	345	0.964203
331	347	0.000011
332	342	0.000001
332	343	0.001579
332	344	0.991166
333	342	0.001594
333	343	0.991252
333	344	0.000021
334	340	0.000052
334	342	0.988808
334	343	0.000022
334	344	0.000001
334	345	0.000001
334	347	0.000093
335	339	0.000065
335	341	0.973502
335	346	0.000127
336	342	0.000072
336	343	0.000003
336	344	0.000012
338	342	0.000003
338	343	0.000140
338	344	0.000001
339	343	0.000001
341	350	0.000017
342	348	0.000008
342	349	0.000028
343	348	0.000034
344	348	0.000002
345	349	0.000005
346	350	0.000013
370	377	0.000001
372	376	0.000006
374	381	0.000008
376	382	0.000001
376	385	0.000002
377	383	0.000003
377	384	0.000002
377	386	0.000005
377	388	0.000001
377	389	0.000001
378	387	0.000002
378	388	0.000001
381	386	0.000022
381	388	0.000003
381	389	0.000002
382	387	0.000002
382	388	0.000002
390	413	0.000001
391	412	0.000001
392	411	0.000001
393	428	0.000001
394	407	0.002747
394	409	0.002091
394	410	0.000031
395	407	0.991518
395	409	0.000001
395	425	0.000001
396	405	0.000329
396	406	0.999497
396	424	0.000001
397	404	0.000329
397	405	0.999525
397	406	0.000090
397	423	0.000001
398	402	0.000029
398	404	0.998940
398	405	0.000123
399	403	0.810735
399	404	0.000141
402	419	0.000001
403	418	0.000001
407	428	0.001102
409	426	0.000357
409	427	0.721279
409	428	0.000845
409	429	0.000612
409	430	0.000246
410	426	0.957706
410	427	0.000908
410	428	0.000254
410	429	0.000078
410	430	0.000010
411	425	0.999879
412	424	0.999988
413	420	0.000001
413	423	0.999953
414	419	0.000006
414	422	0.999710
415	420	0.000569
415	421	0.990257
416	422	0.000017
417	421	0.000023
521	527	0.000008
522	532	0.000002
523	528	0.000002
523	531	0.000002
524	528	0.000002
524	530	0.000002
526	532	0.000002
527	531	0.000002
527	537	0.001013
527	538	0.000236
528	536	0.001034
528	582	0.000127
528	583	0.054598
528	584	0.747623
528	585	0.034635
528	586	0.000021
529	535	0.001031
529	536	0.000266
529	581	0.000128
529	582	0.054480
529	583	0.886302
529	584	0.052674
529	585	0.000037
530	535	0.000268
530	580	0.000054
530	581	0.053915
530	582	0.887274
530	583	0.056639
530	584	0.000046
531	579	0.000010
531	580	0.020268
531	581	0.886344
531	582	0.056603
531	583	0.000047
533	579	0.004995
533	580	0.842064
533	581	0.003924
534	579	0.979543
534	580	0.002030
535	576	0.000009
535	577	0.007756
535	578	0.990681
536	576	0.007919
536	577	0.989285
536	578	0.000054
537	575	0.003316
537	583	0.000001
538	573	0.000004
538	575	0.113994
538	582	0.000001
539	572	0.000004
539	573	0.000002
539	575	0.880123
540	571	0.000003
540	574	0.990905
541	573	0.999942
542	572	0.999979
543	571	0.992492
544	569	0.000550
545	569	0.981578
546	567	0.000003
546	568	0.997960
546	571	0.000001
547	567	0.998669
547	568	0.000007
547	570	0.000018
548	566	0.999273
548	569	0.000018
549	567	0.000009
549	568	0.000015
550	565	0.999772
550	566	0.000006
551	564	0.999959
552	563	0.999918
553	560	0.000001
553	562	0.999651
554	560	0.000010
554	561	0.999205
554	563	0.000020
555	559	0.000509
555	560	0.873915
555	562	0.000029
556	560	0.000117
556	561	0.000045
557	561	0.000001
576	581	0.000004
576	582	0.000096
576	583	0.000751
576	584	0.000217
576	585	0.000004
577	581	0.000093
577	582	0.000749
577	583	0.000297
577	584	0.000007
578	582	0.000288
578	583	0.000008
619	623	0.000003
619	680	0.000460
620	625	0.000094
620	628	0.000095
620	675	0.000021
620	679	0.001412
620	680	0.000158
620	691	0.000027
620	695	0.000034
620	710	0.000024
620	785	0.000012
620	791	0.000253
621	627	0.000090
621	682	0.000002
621	690	0.000006
621	694	0.000030
621	699	0.000007
621	701	0.000105
621	704	0.014979
621	707	0.000024
621	733	0.000012
621	735	0.000005
621	786	0.000404
621	788	0.000005
621	789	0.000012
621	790	0.000220
621	795	0.000005
621	796	0.000007
621	797	0.000006
621	798	0.000020
621	800	0.000027
621	804	0.000001
621	809	0.000002
621	810	0.000005
622	628	0.000006
622	630	0.000001
622	675	0.000073
622	677	0.385605
622	679	0.000023
622	681	0.000002
622	684	0.000021
622	689	0.000001
622	692	0.000004
622	695	0.000003
622	697	0.000264
622	700	0.000120
622	703	0.018190
622	708	0.000016
622	709	0.000003
622	711	0.000001
622	731	0.000072
622	732	0.000011
622	737	0.008682
622	785	0.000445
622	791	0.000003
622	792	0.000010
622	793	0.000004
622	801	0.000047
622	802	0.000008
622	811	0.000028
623	627	0.000004
623	629	0.000237
623	674	0.000024
623	676	0.512735
623	678	0.002529
623	683	0.000026
623	693	0.000040
623	694	0.000004
623	696	0.000345
623	698	0.000044
623	699	0.000088
623	701	0.000004
623	702	0.019229
623	705	0.000255
623	706	0.000047
623	707	0.000016
623	723	0.000001
623	728	0.000002
623	730	0.000088
623	734	0.000264
623	736	0.011479
623	783	0.000014
623	784	0.000486
623	787	0.000251
623	788	0.000005
623	789	0.000050
623	790	0.000024
623	794	0.000047
623	795	0.000003
623	796	0.000156
623	797	0.000026
623	798	0.000027
623	799	0.001076
623	800	0.000032
623	803	0.000048
623	808	0.000059
623	810	0.000035
623	818	0.000004
624	682	0.000026
624	694	0.000125
624	699	0.000723
624	701	0.017433
624	704	0.000226
624	707	0.000025
624	727	0.000001
624	733	0.000241
624	735	0.011263
624	786	0.000220
624	788	0.000059
624	789	0.000022
624	790	0.000014
624	795	0.000181
624	796	0.000027
624	797	0.000031
624	798	0.000988
624	800	0.000025
624	804	0.000009
624	807	0.000059
624	809	0.000033
624	810	0.000003
624	817	0.000004
625	629	0.000049
625	631	0.000010
625	671	0.000001
625	674	0.938318
625	676	0.000167
625	678	0.000006
625	693	0.000116
625	694	0.000001
625	696	0.000140
625	698	0.001033
625	699	0.000178
625	701	0.000002
625	702	0.000006
625	705	0.000003
625	706	0.000018
625	730	0.000009
625	733	0.000009
625	734	0.009633
625	783	0.000011
625	784	0.000002
625	786	0.000019
625	787	0.000048
625	788	0.000001
625	794	0.000158
625	795	0.000003
625	796	0.000004
625	797	0.000117
625	799	0.000017
625	803	0.000010
625	806	0.000055
625	808	0.000005
625	815	0.000011
626	630	0.000010
626	673	0.964099
626	675	0.000155
626	695	0.000124
626	710	0.000004
626	729	0.000008
626	782	0.000004
626	785	0.000045
626	805	0.000054
626	814	0.000011
627	672	0.964254
627	673	0.000005
627	675	0.000017
627	677	0.000021
627	697	0.006881
627	700	0.000008
627	703	0.000009
627	709	0.000004
627	731	0.006491
627	732	0.000364
627	737	0.000001
627	785	0.000008
627	792	0.000002
627	793	0.000002
627	801	0.000001
627	813	0.000011
628	670	0.000007
628	671	0.964536
628	674	0.000166
628	676	0.000027
628	693	0.000004
628	696	0.007367
628	698	0.000080
628	699	0.000007
628	702	0.000011
628	706	0.000001
628	730	0.007157
628	733	0.000002
628	736	0.000002
628	783	0.000031
628	784	0.000009
628	786	0.000018
628	787	0.000001
628	794	0.000014
628	800	0.000001
628	803	0.000016
628	806	0.000004
628	812	0.000011
629	669	0.000009
629	673	0.000166
629	675	0.000027
629	695	0.006782
629	729	0.006877
629	782	0.000026
629	785	0.000021
629	791	0.000002
629	805	0.000004
630	668	0.000005
630	670	0.999436
630	671	0.000034
630	674	0.000015
630	694	0.000010
630	696	0.000001
630	728	0.000085
630	784	0.000001
631	667	0.000004
631	669	0.999878
631	673	0.000012
632	668	0.999958
633	667	0.999976
634	666	0.999508
635	664	0.000002
635	665	0.999963
636	664	0.996561
636	665	0.000003
638	661	0.000002
638	662	0.972159
638	664	0.000003
640	661	0.999345
640	662	0.000094
641	660	0.999956
642	659	0.999957
643	658	0.999990
644	657	0.999985
645	656	0.999500
646	655	0.999191
647	653	0.000037
647	654	0.999889
648	653	0.990948
648	654	0.000013
669	696	0.000046
670	695	0.000026
671	695	0.027074
672	694	0.032568
672	699	0.000001
673	693	0.033275
673	694	0.000001
673	696	0.000032
673	698	0.000001
674	691	0.058026
674	695	0.000032
674	710	0.000005
675	683	0.000003
675	686	0.000003
675	688	0.000005
675	690	0.328138
675	693	0.000263
675	694	0.000008
675	696	0.000342
675	698	0.000041
675	702	0.000004
675	705	0.000003
675	706	0.000007
675	707	0.000047
675	712	0.000012
675	730	0.000112
675	734	0.000004
675	736	0.000006
675	783	0.000037
675	784	0.000009
675	786	0.000128
675	787	0.001093
675	788	0.000054
675	789	0.000003
675	790	0.000005
675	794	0.000021
675	799	0.000010
675	800	0.000001
675	803	0.000021
675	806	0.000022
675	808	0.000003
675	828	0.000002
676	680	0.000002
676	687	0.000005
676	689	0.355446
676	691	0.000459
676	695	0.000327
676	710	0.000285
676	729	0.000105
676	782	0.000028
676	785	0.000149
676	791	0.000095
676	805	0.000024
676	827	0.000002
677	688	0.362165
677	690	0.000465
677	694	0.000232
677	704	0.000001
677	707	0.002487
677	786	0.003755
677	789	0.000001
677	790	0.000080
677	796	0.000001
677	797	0.000004
677	798	0.000001
677	800	0.000002
677	804	0.000019
677	806	0.000010
677	826	0.000002
678	687	0.364290
678	689	0.000467
678	691	0.000073
678	695	0.000632
678	710	0.000421
678	729	0.000002
678	785	0.004746
678	791	0.000073
678	805	0.000013
679	683	0.000018
679	686	0.364037
679	688	0.000441
679	690	0.000075
679	693	0.000069
679	694	0.000673
679	696	0.000007
679	702	0.000008
679	704	0.000004
679	705	0.000032
679	706	0.621604
679	707	0.000086
679	717	0.000002
679	735	0.000029
679	736	0.000005
679	784	0.004505
679	788	0.000061
679	790	0.000005
679	794	0.000010
679	795	0.000090
679	797	0.000001
679	799	0.000027
679	800	0.000056
679	803	0.000002
679	804	0.000006
679	809	0.000002
679	825	0.000002
680	686	0.000164
680	693	0.000704
680	701	0.000005
680	702	0.000645
680	704	0.000021
680	705	0.624145
680	706	0.000062
680	716	0.000002
680	728	0.000002
680	734	0.000038
680	736	0.000002
680	783	0.004433
680	787	0.000070
680	789	0.000004
680	794	0.000106
680	796	0.000002
680	797	0.000001
680	798	0.000025
680	799	0.000063
680	803	0.000006
680	808	0.000002
680	824	0.000002
681	688	0.000086
681	690	0.000013
681	694	0.000007
681	699	0.000002
681	701	0.000652
681	704	0.621271
681	715	0.000002
681	727	0.000002
681	733	0.000037
681	735	0.000002
681	786	0.000068
681	788	0.000004
681	795	0.000002
681	796	0.000001
681	797	0.000023
681	798	0.000058
681	807	0.000002
681	823	0.000002
682	687	0.000076
682	689	0.000011
682	692	0.000774
682	700	0.000583
682	703	0.558965
682	711	0.000021
682	714	0.000002
682	726	0.000002
682	732	0.000033
682	782	0.000001
682	785	0.000057
682	792	0.000176
682	822	0.000002
683	689	0.000042
683	691	0.000790
683	695	0.000005
683	710	0.000025
683	713	0.000001
683	725	0.000002
683	785	0.000005
683	791	0.000184
683	805	0.000002
683	821	0.000002
684	688	0.000028
684	690	0.000690
684	694	0.000005
684	699	0.000801
684	701	0.096832
684	704	0.000002
684	790	0.000173
684	795	0.000003
684	796	0.000002
684	804	0.000002
685	690	0.000001
685	699	0.008272
685	701	0.001381
685	704	0.000001
685	707	0.000004
685	786	0.000019
685	789	0.000095
685	795	0.000002
686	691	0.000001
686	695	0.000006
686	710	0.000002
686	785	0.000023
687	693	0.000005
687	694	0.000004
687	696	0.000135
687	698	0.614967
687	699	0.000569
687	701	0.000846
687	702	0.000211
687	704	0.000012
687	705	0.000022
687	706	0.000173
687	738	0.000011
687	784	0.000015
687	787	0.000002
687	794	0.000003
687	803	0.000001
688	692	0.000004
688	695	0.000130
688	697	0.618500
688	700	0.000949
688	703	0.000019
688	708	0.000002
688	731	0.000003
688	737	0.000023
688	793	0.000003
688	802	0.000001
689	693	0.000004
689	694	0.000041
689	696	0.618744
689	698	0.020848
689	699	0.000051
689	701	0.000009
689	702	0.000023
689	704	0.001754
689	705	0.000049
689	706	0.000017
689	707	0.000003
689	730	0.000005
689	736	0.000034
689	738	0.000002
689	789	0.000001
689	794	0.000002
689	803	0.000004
690	695	0.568878
690	697	0.022170
690	700	0.000046
690	703	0.010690
690	708	0.000007
690	709	0.000002
690	729	0.000005
690	731	0.000001
690	737	0.000065
690	785	0.000001
690	793	0.000002
690	801	0.000001
690	802	0.000005
690	811	0.000001
691	696	0.028574
691	698	0.004021
691	699	0.000171
691	701	0.000014
691	702	0.057296
691	704	0.000016
691	705	0.012089
691	706	0.002071
691	707	0.000028
691	712	0.000035
691	716	0.000205
691	720	0.000002
691	728	0.000007
691	730	0.000007
691	734	0.003471
691	736	0.000395
691	783	0.000005
691	784	0.000022
691	787	0.032412
691	788	0.000002
691	789	0.000004
691	790	0.000023
691	794	0.000017
691	796	0.000015
691	797	0.000009
691	798	0.000014
691	799	0.000377
691	800	0.000004
691	803	0.000077
691	804	0.000001
691	807	0.000200
691	808	0.000032
691	810	0.000006
691	818	0.000001
692	699	0.000411
692	701	0.055324
692	704	0.011843
692	707	0.000044
692	715	0.000210
692	719	0.000002
692	727	0.000006
692	733	0.003391
692	735	0.000379
692	786	0.032539
692	788	0.000004
692	789	0.000023
692	790	0.000007
692	795	0.000017
692	796	0.000009
692	797	0.000017
692	798	0.000351
692	800	0.000011
692	804	0.000005
692	806	0.000247
692	807	0.000022
692	809	0.000006
692	817	0.000001
693	710	0.001948
693	714	0.000212
693	725	0.000003
693	785	0.032424
693	791	0.000006
693	805	0.000260
693	814	0.000004
694	700	0.002894
694	703	0.022429
694	708	0.000114
694	709	0.001974
694	710	0.000012
694	711	0.000019
694	713	0.000211
694	724	0.000003
694	729	0.000001
694	731	0.004476
694	732	0.000006
694	737	0.000058
694	785	0.000033
694	791	0.000001
694	792	0.000010
694	793	0.000013
694	801	0.000150
694	802	0.000116
694	811	0.000002
694	813	0.000004
694	816	0.000002
695	699	0.002152
695	701	0.000215
695	702	0.024742
695	704	0.000085
695	705	0.000165
695	706	0.000305
695	707	0.000118
695	712	0.000221
695	716	0.000001
695	717	0.000002
695	723	0.000003
695	728	0.000002
695	730	0.004698
695	734	0.000006
695	736	0.000073
695	746	0.000004
695	783	0.017105
695	784	0.000487
695	786	0.000103
695	787	0.000044
695	788	0.000002
695	790	0.000004
695	794	0.000057
695	795	0.000014
695	796	0.000014
695	797	0.000016
695	798	0.000020
695	799	0.000234
695	800	0.000146
695	803	0.000182
695	804	0.000001
695	806	0.000041
695	808	0.000001
695	810	0.000002
695	812	0.000005
695	815	0.000003
695	828	0.000004
696	710	0.000271
696	729	0.004442
696	745	0.000004
696	782	0.013461
696	785	0.000121
696	791	0.000243
696	805	0.000046
696	814	0.000003
696	827	0.000004
697	701	0.000575
697	704	0.000283
697	707	0.000054
697	715	0.000021
697	727	0.000035
697	733	0.000002
697	735	0.000002
697	744	0.000004
697	786	0.000115
697	789	0.000001
697	790	0.000240
697	795	0.000031
697	796	0.000057
697	797	0.000045
697	798	0.000053
697	800	0.000066
697	804	0.000040
697	806	0.000005
697	826	0.000004
698	710	0.002399
698	713	0.000003
698	714	0.000033
698	729	0.000004
698	743	0.000004
698	781	0.000016
698	785	0.000126
698	791	0.000009
698	805	0.000006
699	703	0.000120
699	708	0.002606
699	709	0.002203
699	710	0.000026
699	711	0.000015
699	713	0.000034
699	726	0.000001
699	729	0.000002
699	731	0.000008
699	732	0.000004
699	742	0.000004
699	780	0.000002
699	791	0.000020
699	792	0.000010
699	793	0.000165
699	801	0.000092
699	802	0.000005
699	811	0.000006
700	704	0.000065
700	707	0.002775
700	715	0.000004
700	727	0.000095
700	733	0.000004
700	741	0.000004
700	786	0.000003
700	789	0.000002
700	790	0.000030
700	795	0.000081
700	796	0.000282
700	797	0.000230
700	798	0.000076
700	800	0.000092
700	810	0.000006
700	823	0.000003
701	708	0.000166
701	709	0.000044
701	710	0.000023
701	711	0.006802
701	714	0.000007
701	726	0.000068
701	729	0.000032
701	731	0.000007
701	732	0.000004
701	737	0.000002
701	785	0.000003
701	792	0.017633
701	793	0.000083
701	801	0.000002
701	802	0.000002
701	822	0.000003
702	710	0.008129
702	713	0.000029
702	725	0.000060
702	729	0.000085
702	785	0.000010
702	791	0.020150
702	805	0.000004
702	821	0.000003
703	707	0.000104
703	727	0.003965
703	733	0.000008
703	735	0.000004
703	786	0.000004
703	789	0.000011
703	790	0.019834
703	795	0.000139
703	796	0.000087
703	797	0.000041
703	798	0.000015
703	800	0.000006
703	804	0.000004
703	823	0.000010
704	708	0.000184
704	709	0.000214
704	710	0.000020
704	711	0.006922
704	724	0.000001
704	726	0.004582
704	731	0.000004
704	732	0.000008
704	737	0.000028
704	785	0.000004
704	791	0.000034
704	792	0.040870
704	793	0.000928
704	801	0.000002
704	802	0.000001
704	822	0.000012
705	710	0.008285
705	713	0.000003
705	714	0.000049
705	725	0.004677
705	785	0.000006
705	791	0.046594
705	821	0.000012
706	710	0.000409
706	713	0.000057
706	714	0.000001
706	724	0.004671
706	725	0.000001
706	785	0.000019
706	791	0.052039
706	820	0.000012
707	711	0.000073
707	713	0.000001
707	724	0.000001
707	731	0.000139
707	732	0.000184
707	737	0.004267
707	785	0.000004
707	791	0.008465
707	792	0.000710
707	793	0.000182
707	801	0.000209
707	802	0.000089
707	811	0.000480
708	719	0.000040
708	722	0.004156
708	733	0.000324
708	735	0.000182
708	786	0.000003
708	788	0.000279
708	789	0.409140
708	790	0.007865
708	795	0.000006
708	796	0.000347
708	797	0.000026
708	798	0.000087
708	800	0.000154
708	804	0.000002
708	809	0.000001
708	810	0.000546
709	718	0.000048
709	721	0.004654
709	733	0.000844
709	735	0.097203
709	786	0.000003
709	788	0.536526
709	789	0.004188
709	790	0.000070
709	795	0.000453
709	796	0.000028
709	797	0.000109
709	798	0.000030
709	800	0.002693
709	804	0.000036
709	809	0.000546
709	810	0.000003
709	819	0.000003
710	716	0.000001
710	717	0.000048
710	720	0.004666
710	722	0.000002
710	723	0.000019
710	728	0.000008
710	730	0.119536
710	733	0.000216
710	734	0.109262
710	735	0.000008
710	736	0.006686
710	783	0.000025
710	784	0.000064
710	786	0.000001
710	787	0.555520
710	788	0.000118
710	789	0.000042
710	790	0.000005
710	794	0.000457
710	795	0.000018
710	796	0.000108
710	797	0.000036
710	798	0.000015
710	799	0.002931
710	800	0.000003
710	803	0.000050
710	807	0.000002
710	808	0.000517
710	809	0.000002
710	810	0.000003
710	818	0.000003
711	715	0.000001
711	718	0.000020
711	719	0.004326
711	721	0.000002
711	722	0.000019
711	727	0.000006
711	733	0.107459
711	735	0.006650
711	786	0.554616
711	788	0.000036
711	789	0.000005
711	790	0.000002
711	795	0.000092
711	796	0.000032
711	797	0.000019
711	798	0.002503
711	800	0.000002
711	806	0.000017
711	807	0.000410
711	809	0.000003
711	817	0.000003
712	724	0.000005
712	729	0.428436
712	785	0.550046
712	805	0.000031
713	717	0.000937
713	718	0.000060
713	719	0.000002
713	720	0.000022
713	721	0.000005
713	723	0.000007
713	727	0.000002
713	728	0.503477
713	730	0.000056
713	734	0.000005
713	736	0.000002
713	783	0.000066
713	784	0.490133
713	795	0.000002
713	804	0.000013
714	718	0.000007
714	719	0.000020
714	720	0.000018
714	722	0.000007
714	723	0.000045
714	727	0.534658
714	728	0.002453
714	730	0.000205
714	733	0.000004
714	734	0.000004
714	736	0.000005
714	783	0.453009
714	784	0.000004
714	794	0.000002
714	803	0.000013
715	724	0.000011
715	725	0.000109
715	726	0.839225
715	729	0.000151
715	731	0.000086
715	732	0.000010
715	737	0.000003
715	782	0.040015
715	793	0.000002
715	802	0.000009
716	724	0.000305
716	725	0.906895
716	729	0.000899
716	781	0.026016
716	782	0.000479
717	724	0.905853
717	725	0.000833
717	729	0.000227
717	780	0.024665
717	781	0.000268
717	782	0.000004
717	791	0.000003
718	724	0.000797
718	725	0.000023
718	726	0.000550
718	729	0.000008
718	731	0.000012
718	732	0.000034
718	737	0.000006
718	763	0.000005
718	776	0.000007
718	779	0.020630
718	780	0.000046
718	793	0.000006
719	724	0.000034
719	725	0.000629
719	726	0.005194
719	729	0.000001
719	731	0.000042
719	732	0.000003
719	737	0.000013
719	761	0.000002
719	762	0.000018
719	775	0.000016
719	776	0.012300
719	779	0.000044
719	792	0.000008
720	724	0.000688
720	725	0.005782
720	729	0.000089
720	759	0.000001
720	760	0.000002
720	761	0.000020
720	774	0.000016
720	775	0.013135
720	780	0.000001
720	791	0.000008
721	725	0.000003
721	726	0.000005
721	729	0.000003
721	731	0.000059
721	732	0.000182
721	737	0.000127
721	759	0.000002
721	760	0.000019
721	774	0.012620
721	775	0.000003
721	776	0.002238
721	779	0.000003
721	793	0.000009
722	726	0.000003
722	729	0.000005
722	731	0.000235
722	732	0.000020
722	737	0.002244
722	759	0.000017
722	774	0.000008
722	775	0.002290
722	776	0.000055
722	779	0.000014
722	792	0.000012
722	801	0.000001
723	729	0.000631
723	742	0.000003
723	748	0.000012
723	759	0.000001
723	772	0.013047
723	774	0.002285
723	775	0.000056
723	785	0.000019
723	791	0.000012
724	728	0.000589
724	730	0.000830
724	733	0.000016
724	734	0.000200
724	735	0.041897
724	736	0.006001
724	738	0.000143
724	739	0.000313
724	740	0.000557
724	741	0.000010
724	747	0.000017
724	752	0.000001
724	754	0.000009
724	755	0.000201
724	770	0.000025
724	771	0.013025
724	773	0.001998
724	777	0.000006
724	778	0.003249
724	784	0.000020
724	788	0.000008
724	790	0.000009
724	795	0.000004
724	799	0.000007
724	800	0.000006
725	730	0.000227
725	733	0.000110
725	734	0.054698
725	735	0.000237
725	736	0.002737
725	738	0.000314
725	739	0.000557
725	740	0.000014
725	746	0.000018
725	747	0.000002
725	751	0.000002
725	753	0.000011
725	754	0.000211
725	769	0.000042
725	770	0.012589
725	771	0.000218
725	773	0.000013
725	777	0.003245
725	778	0.000002
725	783	0.000020
725	787	0.000010
725	789	0.000008
725	794	0.000004
725	798	0.000007
725	799	0.000006
726	733	0.053773
726	735	0.002763
726	744	0.000047
726	752	0.000014
726	753	0.000207
726	786	0.000010
726	788	0.000008
726	795	0.000001
726	797	0.000007
726	798	0.000006
727	731	0.000232
727	732	0.045201
727	737	0.000163
727	743	0.000048
727	748	0.000002
727	768	0.000898
727	775	0.002468
727	776	0.000089
727	785	0.000006
727	792	0.000013
728	742	0.000055
728	743	0.000010
728	745	0.000071
728	748	0.000024
728	750	0.000256
728	766	0.000003
728	772	0.000135
728	774	0.003191
728	775	0.000051
728	785	0.000011
728	791	0.000017
729	733	0.000168
729	734	0.005007
729	735	0.000335
729	736	0.008298
729	738	0.000307
729	739	0.000005
729	740	0.000006
729	741	0.000033
729	744	0.000076
729	746	0.009857
729	747	0.000111
729	749	0.000291
729	751	0.000013
729	765	0.000001
729	767	0.002025
729	769	0.000002
729	771	0.000135
729	773	0.003234
729	783	0.000108
729	784	0.000030
729	786	0.000007
729	787	0.000004
729	790	0.000016
729	794	0.000030
729	795	0.000001
729	799	0.000005
729	803	0.000001
729	806	0.000001
730	742	0.000035
730	743	0.000074
730	745	0.009930
730	748	0.000290
730	750	0.000013
730	766	0.002029
730	772	0.003201
730	782	0.000060
730	785	0.000021
730	791	0.052231
730	805	0.000003
730	854	0.000001
731	735	0.000417
731	741	0.000037
731	744	0.005515
731	765	0.001888
731	786	0.000047
731	788	0.000145
731	789	0.000981
731	790	0.053552
731	795	0.000009
731	796	0.000334
731	797	0.000056
731	798	0.000031
731	800	0.000002
731	804	0.000003
731	810	0.000003
731	853	0.000001
732	741	0.000036
732	744	0.004600
732	765	0.000010
732	786	0.000727
732	788	0.001130
732	789	0.050813
732	790	0.000204
732	795	0.000407
732	796	0.000064
732	797	0.000036
732	798	0.000003
732	800	0.000002
732	809	0.000003
732	823	0.000001
733	737	0.000250
733	742	0.000064
733	743	0.008856
733	745	0.000003
733	748	0.000001
733	761	0.000011
733	762	0.001102
733	763	0.000131
733	776	0.000005
733	785	0.000705
733	791	0.000001
733	792	0.000331
733	793	0.000039
733	822	0.000001
734	742	0.009019
734	743	0.000422
734	745	0.000010
734	748	0.000002
734	760	0.000012
734	761	0.001183
734	775	0.000005
734	782	0.000004
734	785	0.002059
734	791	0.000377
734	821	0.000001
735	742	0.000297
735	743	0.000467
735	759	0.000011
735	760	0.001166
735	761	0.000010
735	762	0.000255
735	763	0.000041
735	774	0.000002
735	775	0.000001
735	776	0.000017
735	782	0.000002
735	785	0.002848
735	791	0.000002
735	792	0.007975
735	793	0.000015
735	801	0.000001
735	802	0.000001
736	742	0.000648
736	743	0.000030
736	745	0.000542
736	759	0.001143
736	760	0.000019
736	761	0.000256
736	766	0.000002
736	774	0.000007
736	775	0.000022
736	781	0.000001
736	782	0.000020
736	785	0.036285
736	791	0.009069
736	805	0.000002
737	741	0.000435
737	744	0.000556
737	756	0.000003
737	757	0.000062
737	765	0.000002
737	786	0.000203
737	788	0.000106
737	789	0.000048
737	790	0.008868
737	795	0.000002
737	796	0.000002
737	797	0.000002
737	798	0.000001
737	800	0.000003
737	804	0.000002
738	742	0.000006
738	743	0.000554
738	745	0.000001
738	759	0.000013
738	760	0.000276
738	761	0.000426
738	772	0.000046
738	774	0.000032
738	775	0.000732
738	781	0.000180
738	782	0.937557
738	785	0.000065
739	743	0.000001
739	759	0.000275
739	760	0.000434
739	761	0.000021
739	772	0.000033
739	774	0.000748
739	775	0.000186
739	780	0.000094
739	781	0.973288
739	782	0.000014
740	745	0.000004
740	759	0.000433
740	760	0.000022
740	772	0.001124
740	774	0.000188
740	775	0.000004
740	780	0.975114
740	781	0.000008
741	750	0.000002
741	759	0.000022
741	772	0.000126
741	774	0.000004
741	779	0.976841
741	780	0.000002
742	747	0.000005
742	749	0.000003
742	751	0.000003
742	752	0.000765
742	753	0.000004
742	754	0.000053
742	755	0.001030
742	756	0.000036
742	757	0.000002
742	758	0.000023
742	765	0.000001
742	770	0.006320
742	771	0.000198
742	773	0.000001
742	778	0.980036
743	749	0.000003
743	751	0.000799
743	752	0.000002
743	753	0.000040
743	754	0.001030
743	755	0.000037
743	757	0.000018
743	764	0.000003
743	769	0.006594
743	770	0.000145
743	771	0.000001
743	773	0.000005
743	777	0.980022
743	778	0.000005
744	748	0.000003
744	750	0.000797
744	762	0.000001
744	763	0.000002
744	768	0.006646
744	772	0.000005
744	774	0.000046
744	775	0.000005
744	776	0.973590
745	749	0.000724
745	751	0.001084
745	752	0.000020
745	754	0.000006
745	755	0.000004
745	767	0.006590
745	769	0.000083
745	770	0.000005
745	771	0.000006
745	773	0.000240
745	777	0.000010
746	750	0.001072
746	760	0.000006
746	761	0.000004
746	766	0.006315
746	772	0.000237
746	774	0.004937
746	775	0.972720
747	759	0.000006
747	760	0.000004
747	761	0.000011
747	766	0.000251
747	772	0.003889
747	774	0.974725
747	775	0.000004
748	758	0.000005
748	764	0.001980
748	765	0.000472
748	767	0.012248
748	769	0.000337
748	770	0.000025
748	771	0.003248
748	773	0.974734
748	783	0.000001
749	759	0.000014
749	761	0.000008
749	766	0.012564
749	772	0.972892
749	774	0.000007
749	782	0.000001
750	754	0.000042
750	755	0.000154
750	756	0.000008
750	757	0.000012
750	758	0.000080
750	764	0.008020
750	765	0.013419
750	767	0.476248
750	769	0.000405
750	770	0.001475
750	771	0.480445
750	773	0.000016
751	759	0.000029
751	760	0.000106
751	761	0.000309
751	766	0.567613
751	772	0.000017
751	780	0.000001
752	759	0.000096
752	760	0.000281
752	761	0.000056
752	762	0.013879
752	763	0.716366
752	766	0.000891
752	768	0.002769
752	779	0.000001
753	759	0.000204
753	760	0.000081
753	761	0.014530
753	762	0.920824
753	763	0.001318
753	766	0.000063
753	768	0.001133
753	776	0.000015
754	759	0.000116
754	760	0.014981
754	761	0.931469
754	766	0.000118
754	775	0.000022
755	759	0.014895
755	760	0.929974
755	761	0.000102
755	766	0.001407
755	774	0.000022
755	775	0.000010
756	760	0.000091
756	761	0.000003
756	762	0.000020
756	763	0.000041
756	766	0.000038
756	768	0.000181
756	774	0.000012
756	776	0.000004
757	761	0.000017
757	762	0.000037
757	763	0.000019
757	766	0.000045
757	768	0.000037
757	775	0.000005
758	766	0.002024
758	772	0.001324
758	774	0.000005
759	764	0.000721
759	765	0.002035
759	767	0.000021
759	769	0.000032
759	770	0.036024
759	771	0.007381
759	773	0.000005
759	778	0.000021
760	764	0.001953
760	765	0.000005
760	767	0.000114
760	769	0.036061
760	770	0.008746
760	771	0.000127
760	777	0.000021
760	778	0.000019
761	765	0.000007
761	767	0.001610
761	769	0.008712
761	770	0.000163
761	771	0.000001
761	777	0.000019
764	775	0.000152
765	774	0.000155
766	770	0.000432
766	771	0.000291
766	773	0.000185
767	772	0.000187
769	775	0.000009
769	782	0.000002
770	774	0.000009
770	775	0.000001
770	781	0.000002
771	780	0.000002
772	828	0.000019
773	827	0.000020
774	826	0.000019
775	825	0.000019
776	824	0.000017
777	821	0.000022
778	820	0.000022
779	819	0.000022
780	818	0.000022
781	794	0.000002
781	817	0.000018
782	786	0.000001
782	787	0.000013
782	788	0.000002
782	789	0.000003
782	790	0.000001
782	794	0.000006
782	797	0.000001
782	799	0.000002
782	803	0.000001
782	806	0.000008
782	815	0.000024
783	791	0.000652
783	805	0.000079
783	814	0.000029
784	791	0.027844
784	805	0.000084
784	814	0.000004
785	789	0.000109
785	790	0.021961
785	794	0.030510
785	795	0.000028
785	796	0.000054
785	797	0.000044
785	798	0.000037
785	799	0.000679
785	800	0.000021
785	803	0.015231
785	804	0.000077
785	806	0.000002
785	807	0.000001
785	808	0.000009
785	809	0.000008
785	810	0.000004
785	812	0.000658
785	815	0.000009
786	791	0.000066
786	792	0.006247
786	793	0.026245
786	801	0.000027
786	802	0.014112
786	805	0.000003
786	811	0.000669
786	813	0.000008
786	814	0.000007
787	791	0.008605
787	805	0.000024
787	814	0.000006
788	792	0.000137
788	793	0.000092
788	801	0.001541
788	802	0.013910
788	805	0.000002
788	811	0.010298
788	813	0.000007
789	793	0.000056
789	801	0.014727
789	802	0.011374
789	811	0.000633
790	801	0.018615
790	802	0.000556
790	805	0.000001
790	811	0.000231
790	813	0.000002
790	851	0.000003
791	795	0.000078
791	796	0.000315
791	797	0.001279
791	798	0.003072
791	799	0.226280
791	800	0.009565
791	803	0.000785
791	804	0.000010
791	807	0.000015
791	808	0.249596
791	809	0.000012
791	810	0.000049
791	812	0.000001
791	825	0.000026
791	850	0.000003
792	796	0.001105
792	797	0.003480
792	798	0.221607
792	800	0.000608
792	804	0.000040
792	806	0.000012
792	807	0.252648
792	809	0.000036
792	810	0.000005
792	824	0.000026
792	849	0.000003
793	797	0.128911
793	798	0.000806
793	800	0.000950
793	804	0.000096
793	806	0.253582
793	807	0.000004
793	809	0.000004
793	823	0.000025
793	848	0.000002
794	805	0.253667
794	821	0.000006
794	827	0.000001
795	801	0.002238
795	802	0.009961
795	805	0.000031
795	811	0.000001
795	820	0.000006
795	822	0.000007
796	801	0.012404
796	802	0.004862
796	805	0.000034
796	811	0.000001
796	821	0.000007
797	801	0.003851
797	802	0.009643
797	805	0.000012
797	811	0.000001
797	820	0.000007
797	822	0.000007
798	802	0.000359
798	805	0.000006
798	821	0.000008
798	822	0.000070
799	805	0.000276
799	820	0.000008
799	821	0.000078
800	805	0.000011
800	811	0.000221
800	820	0.000078
801	806	0.000007
801	807	0.000017
801	809	0.000002
801	810	0.000252
801	819	0.000071
802	806	0.000013
802	807	0.000007
802	809	0.000196
802	810	0.000003
802	817	0.000004
803	814	0.002052
804	811	0.000076
804	813	0.002294
804	816	0.000042
805	809	0.000001
805	810	0.000086
805	812	0.002430
805	815	0.000043
806	811	0.002315
806	814	0.000043
807	811	0.000003
807	813	0.000034
809	813	0.000002
812	820	0.000021
812	827	0.000003
813	819	0.000022
813	826	0.000003
814	818	0.000021
814	825	0.000003
814	828	0.000003
814	855	0.000066
815	820	0.000001
815	827	0.000003
815	854	0.000066
816	823	0.000002
816	826	0.000002
816	833	0.000002
816	853	0.000064
817	822	0.000002
817	832	0.000003
819	831	0.000002
819	851	0.000058
819	856	0.000001
820	825	0.000003
820	826	0.000001
820	829	0.000040
820	830	0.000002
820	848	0.000001
820	850	0.000060
820	855	0.000001
821	825	0.000018
821	826	0.000003
821	828	0.000046
821	829	0.000005
821	847	0.000002
821	849	0.000060
821	850	0.000004
821	855	0.000004
822	826	0.000192
822	830	0.000021
822	833	0.000357
822	842	0.000004
822	843	0.000002
822	844	0.000003
822	846	0.000009
822	847	0.000002
822	848	0.000060
822	849	0.000005
822	852	0.000014
822	853	0.000023
823	827	0.000040
823	831	0.000018
823	832	0.000383
823	834	0.000005
823	835	0.000016
823	836	0.000008
823	837	0.000014
823	838	0.000017
823	839	0.000006
823	841	0.000004
823	845	0.000009
823	851	0.000012
823	854	0.000044
823	856	0.000030
823	857	0.000098
824	831	0.000316
824	832	0.000004
824	834	0.000018
824	835	0.000010
824	836	0.000016
824	837	0.000020
824	838	0.000007
824	839	0.000001
824	841	0.000001
824	851	0.000007
824	854	0.000031
824	856	0.000079
824	857	0.000176
825	854	0.000254
826	831	0.000026
826	832	0.000087
826	834	0.000063
826	835	0.000134
826	836	0.000029
826	837	0.000022
826	838	0.000018
826	839	0.000010
826	841	0.000195
826	845	0.000006
826	851	0.005196
826	854	0.000017
826	856	0.103188
826	857	0.000060
827	833	0.000063
827	840	0.000246
827	844	0.000006
827	846	0.000001
827	847	0.000005
827	848	0.000025
827	849	0.000044
827	850	0.006674
827	852	0.000063
827	853	0.000028
827	855	0.129505
828	854	0.127618
829	854	0.001480
830	834	0.000018
830	835	0.000063
830	836	0.000052
830	837	0.000119
830	838	0.000032
830	839	0.000044
830	841	0.000007
830	845	0.001134
830	851	0.001609
830	854	0.013433
830	856	0.000031
830	857	0.000005
831	842	0.000016
831	843	0.000988
831	844	0.001612
831	846	0.000180
831	847	0.328087
831	848	0.002879
831	849	0.001115
831	852	0.002773
831	853	0.051482
832	842	0.001290
832	843	0.001607
832	844	0.000153
832	846	0.421260
832	847	0.002154
832	848	0.000926
832	849	0.000355
832	852	0.062734
832	853	0.000580
833	837	0.000044
833	838	0.000162
833	839	0.000102
833	841	0.001267
833	845	0.436164
833	851	0.058975
833	854	0.001131
833	856	0.000020
833	857	0.000006
834	842	0.000057
834	843	0.000976
834	844	0.435907
834	846	0.000237
834	847	0.001056
834	848	0.006861
834	849	0.040619
834	852	0.000065
834	853	0.001484
835	842	0.001201
835	843	0.425822
835	844	0.006514
835	846	0.001070
835	847	0.007305
835	848	0.045121
835	849	0.037034
835	852	0.001275
835	853	0.000228
836	842	0.355858
836	843	0.008212
836	844	0.002927
836	846	0.006296
836	847	0.045577
836	848	0.041433
836	849	0.015942
836	852	0.000194
836	853	0.000177
837	842	0.006790
837	843	0.003459
837	844	0.003566
837	846	0.043032
837	847	0.040733
837	848	0.019798
837	849	0.001536
837	852	0.000157
837	853	0.000190
838	842	0.002201
838	843	0.003197
838	844	0.003612
838	846	0.034925
838	847	0.020634
838	848	0.001785
838	849	0.000824
838	852	0.000170
838	853	0.000156
839	843	0.002399
839	844	0.002238
839	846	0.015322
839	847	0.001552
839	848	0.000904
839	849	0.000062
839	852	0.000135
839	853	0.000034
840	854	0.012149
841	846	0.000157
841	847	0.000473
841	848	0.000638
841	849	0.000239
841	852	0.000605
841	853	0.011680
842	851	0.000799
842	854	0.000047
842	856	0.000080
842	857	0.000085
843	851	0.000772
843	854	0.000088
843	856	0.000133
843	857	0.000060
844	851	0.000312
844	854	0.001304
844	856	0.000096
844	857	0.000012
845	849	0.000118
845	852	0.000526
845	853	0.001556
846	851	0.000505
846	854	0.000145
846	856	0.000044
846	857	0.000222
847	851	0.000102
847	854	0.000468
847	856	0.000393
847	857	0.000136
848	854	0.000453
848	856	0.000272
848	857	0.000466
849	854	0.000135
849	856	0.000715
849	857	0.000037
850	854	0.000402
852	856	0.000090
852	857	0.000090
853	857	0.000034
