1	7	0.000221
1	8	0.000190
1	9	0.000049
1	12	0.000335
1	13	0.000167
1	15	0.001469
1	29	0.000025
1	33	0.000060
1	41	0.161193
1	55	0.000028
1	67	0.002323
1	809	0.000002
1	832	0.000005
1	837	0.003860
1	838	0.000057
1	841	0.063538
1	849	0.000146
1	863	0.000012
1	875	0.000011
1	879	0.000001
2	7	0.000651
2	8	0.000143
2	9	0.000029
2	11	0.000447
2	12	0.000332
2	13	0.000006
2	14	0.001773
2	15	0.000576
2	28	0.000049
2	30	0.005478
2	32	0.000064
2	33	0.000015
2	39	0.000408
2	40	0.219340
2	41	0.001269
2	42	0.003707
2	46	0.001506
2	50	0.000107
2	52	0.000038
2	53	0.003886
2	55	0.000001
2	62	0.001411
2	64	0.000004
2	65	0.000154
2	66	0.002603
2	67	0.000008
2	77	0.000002
2	788	0.000001
2	808	0.000002
2	828	0.000001
2	831	0.000007
2	834	0.000154
2	835	0.000052
2	836	0.005109
2	837	0.000097
2	838	0.000001
2	839	0.000090
2	840	0.072193
2	841	0.000032
2	843	0.000029
2	845	0.000110
2	846	0.000137
2	847	0.001022
2	849	0.000006
2	851	0.000041
2	852	0.001015
2	853	0.000331
2	854	0.000031
2	855	0.000050
2	862	0.000024
2	874	0.000009
2	875	0.001180
2	883	0.000963
2	886	0.002758
3	7	0.000122
3	8	0.000088
3	9	0.000042
3	11	0.000355
3	12	0.000009
3	13	0.001746
3	14	0.000746
3	29	0.005535
3	30	0.000052
3	32	0.000016
3	39	0.219923
3	40	0.001577
3	41	0.002997
3	42	0.033731
3	46	0.000102
3	50	0.000032
3	52	0.003858
3	53	0.000024
3	61	0.001422
3	62	0.000009
3	64	0.000155
3	65	0.002583
3	66	0.000009
3	76	0.000002
3	77	0.000002
3	787	0.000002
3	807	0.000002
3	827	0.000001
3	830	0.000007
3	833	0.000155
3	834	0.000043
3	835	0.005079
3	836	0.000103
3	837	0.000001
3	838	0.000084
3	839	0.072162
3	840	0.000038
3	843	0.000041
3	845	0.000138
3	846	0.000811
3	847	0.000358
3	849	0.000008
3	851	0.001029
3	852	0.000330
3	853	0.000033
3	854	0.000049
3	861	0.000026
3	873	0.000003
3	874	0.001387
3	883	0.000746
3	886	0.002652
4	8	0.000055
4	9	0.000132
4	12	0.001660
4	13	0.000722
4	26	0.000077
4	28	0.005564
4	29	0.000030
4	41	0.032364
4	60	0.001452
4	61	0.000005
4	75	0.000001
4	76	0.000001
4	786	0.000002
4	806	0.000002
4	829	0.000006
4	832	0.000131
4	837	0.000199
4	838	0.061732
4	841	0.000014
4	849	0.001840
4	860	0.000025
4	873	0.001391
4	879	0.000013
5	10	0.001173
5	16	0.000013
5	25	0.000081
5	27	0.005583
5	48	0.000114
5	56	0.000091
5	59	0.001458
5	68	0.000002
5	785	0.000002
5	805	0.000002
5	842	0.000221
5	848	0.001922
5	859	0.000024
5	872	0.001389
5	878	0.000014
5	880	0.000479
5	881	0.000012
5	882	0.000041
5	884	0.001465
5	885	0.001506
6	12	0.000007
6	13	0.000006
6	15	0.000013
6	24	0.000080
6	26	0.005546
6	41	0.000296
6	55	0.000099
6	58	0.001339
6	67	0.000003
6	804	0.000002
6	837	0.000660
6	838	0.000007
6	841	0.000180
6	849	0.000030
6	857	0.000002
6	868	0.000007
6	879	0.000470
7	17	0.000001
7	21	0.000007
7	22	0.000015
7	25	0.005157
7	37	0.000069
7	38	0.005324
7	43	0.000078
7	44	0.000092
7	45	0.000055
7	47	0.000154
7	48	0.000109
7	49	0.000083
7	51	0.000011
7	54	0.000095
7	56	0.000001
7	57	0.001233
7	63	0.000003
7	848	0.000029
7	850	0.000002
7	856	0.000001
7	867	0.000007
7	869	0.000001
7	870	0.000044
7	871	0.000033
7	878	0.000441
7	882	0.000005
7	884	0.000015
7	885	0.000030
7	887	0.000020
8	16	0.000002
8	17	0.000013
8	19	0.000007
8	21	0.000042
8	22	0.002612
8	25	0.000009
8	34	0.000002
8	37	0.003116
8	38	0.741792
8	43	0.000059
8	44	0.000043
8	45	0.000010
8	47	0.000054
8	48	0.000064
8	49	0.000004
8	51	0.000002
8	56	0.000314
8	866	0.000004
8	869	0.000023
8	870	0.000024
8	877	0.000221
8	884	0.000012
8	885	0.000015
8	887	0.000005
9	16	0.000013
9	17	0.000001
9	19	0.000270
9	21	0.003230
9	22	0.000071
9	31	0.000040
9	34	0.000013
9	37	0.949429
9	38	0.000307
9	43	0.000013
9	44	0.000003
9	47	0.000014
9	48	0.000002
9	54	0.000002
9	869	0.000010
9	876	0.000042
9	884	0.000011
9	885	0.000001
9	887	0.000154
10	14	0.000006
10	15	0.000004
10	18	0.000315
10	20	0.003254
10	23	0.000189
10	24	0.000004
10	26	0.000007
10	30	0.000051
10	32	0.000019
10	33	0.000012
10	36	0.986838
10	42	0.000003
10	46	0.000003
10	53	0.000002
10	883	0.000011
10	886	0.000248
11	16	0.000603
11	25	0.000010
11	35	0.986927
11	882	0.000011
11	885	0.000247
12	16	0.000010
12	17	0.000021
12	19	0.000219
12	21	0.000045
12	22	0.000053
12	31	0.000013
12	34	0.979132
12	35	0.000003
12	881	0.000009
12	884	0.000222
13	17	0.000067
13	19	0.000029
13	21	0.000048
13	22	0.000006
13	31	0.000126
13	34	0.000114
13	49	0.000006
13	880	0.000001
13	882	0.000001
14	25	0.000001
14	35	0.000004
14	48	0.000006
14	881	0.000001
14	882	0.000161
15	19	0.000005
15	21	0.000028
15	22	0.000006
15	31	0.904555
15	34	0.000010
15	47	0.000006
15	881	0.000157
16	20	0.000029
16	23	0.000003
16	28	0.000022
16	29	0.079442
16	30	0.908420
16	32	0.000054
16	33	0.000005
16	46	0.000006
17	26	0.000082
17	28	0.532201
17	29	0.458227
17	879	0.000141
18	25	0.000158
18	27	0.982617
18	59	0.000001
18	878	0.000140
19	24	0.000116
19	26	0.981675
19	28	0.010381
19	58	0.000001
20	25	0.978180
20	27	0.010630
20	57	0.000001
20	876	0.000130
21	26	0.008043
21	28	0.000001
21	29	0.000003
21	875	0.000127
22	26	0.000007
22	28	0.000017
22	873	0.000135
23	27	0.000017
23	872	0.000138
23	885	0.000001
24	37	0.000002
24	871	0.000130
24	884	0.000001
24	887	0.000012
25	36	0.000003
25	52	0.000001
25	64	0.000002
25	886	0.000020
26	35	0.000003
26	37	0.000005
26	51	0.000001
26	63	0.000002
26	869	0.000108
26	884	0.000017
26	885	0.000010
27	36	0.000006
27	50	0.000001
27	62	0.000002
27	868	0.000135
27	883	0.000050
28	35	0.000006
28	49	0.000001
28	867	0.000136
28	882	0.000051
29	34	0.000003
29	48	0.000001
29	866	0.000136
29	881	0.000053
30	59	0.000002
30	865	0.000135
30	880	0.000082
31	58	0.000002
31	864	0.000124
31	879	0.000082
32	57	0.000002
32	878	0.000082
32	885	0.000002
33	56	0.000002
33	876	0.000012
33	877	0.000068
33	884	0.000002
33	887	0.000036
34	41	0.000003
34	55	0.000002
34	862	0.000085
34	863	0.000001
34	875	0.000031
35	40	0.000003
35	42	0.000001
35	60	0.000001
35	843	0.000001
35	860	0.000001
35	861	0.000086
35	862	0.000001
35	863	0.000001
35	873	0.000002
35	874	0.000032
35	883	0.000012
35	886	0.012621
36	59	0.000001
36	842	0.000001
36	859	0.000002
36	872	0.000008
36	876	0.000012
36	882	0.000012
36	884	0.000005
36	885	0.012672
37	41	0.000002
37	61	0.000005
37	841	0.000001
37	860	0.000003
37	873	0.000004
37	875	0.000012
38	55	0.000001
38	58	0.000700
38	60	0.000015
38	67	0.000001
38	849	0.000021
38	860	0.000066
38	873	0.000044
38	879	0.000006
39	48	0.000553
39	56	0.000003
39	57	0.000904
39	59	0.000019
39	68	0.000002
39	69	0.000009
39	72	0.000150
39	83	0.000010
39	848	0.000026
39	856	0.000001
39	859	0.000077
39	872	0.000050
39	878	0.000004
39	880	0.000236
39	881	0.006498
39	882	0.102597
39	884	0.278980
39	885	0.024181
40	48	0.005791
40	56	0.000922
40	57	0.000005
40	59	0.000002
40	68	0.000020
40	69	0.000001
40	71	0.000152
40	82	0.000010
40	848	0.000005
40	858	0.000077
40	872	0.000024
40	878	0.000475
40	880	0.006493
40	881	0.102730
40	882	0.429823
40	884	0.021319
40	885	0.000081
41	45	0.000049
41	47	0.005451
41	48	0.000092
41	49	0.011910
41	51	0.000008
41	54	0.000007
41	56	0.000002
41	57	0.000024
41	63	0.000004
41	68	0.000002
41	69	0.000002
41	70	0.000151
41	81	0.000010
41	792	0.000001
41	850	0.000002
41	866	0.001149
41	867	0.000003
41	869	0.000010
41	870	0.000023
41	871	0.000029
41	877	0.000509
41	878	0.000008
41	880	0.014100
41	881	0.445534
41	882	0.003283
41	884	0.000060
41	885	0.000053
41	887	0.000002
42	48	0.016071
42	56	0.000154
42	59	0.000018
42	68	0.000110
42	69	0.000147
42	80	0.000011
42	791	0.000001
42	842	0.000015
42	848	0.000008
42	856	0.000024
42	858	0.000003
42	865	0.001371
42	876	0.000483
42	878	0.006541
42	880	0.544616
42	881	0.003247
42	882	0.001892
42	884	0.000141
42	885	0.000031
43	55	0.000146
43	58	0.000017
43	61	0.000005
43	67	0.000175
43	79	0.000010
43	790	0.000001
43	837	0.000001
43	838	0.000002
43	841	0.000014
43	849	0.000005
43	857	0.000003
43	864	0.001353
43	868	0.000110
43	875	0.000406
43	879	0.537821
44	55	0.000032
44	58	0.000002
44	60	0.000002
44	61	0.000517
44	67	0.000056
44	789	0.000001
44	837	0.000003
44	838	0.000002
44	849	0.000009
44	863	0.001142
44	864	0.000012
44	868	0.000041
44	873	0.000003
44	875	0.000001
44	879	0.000285
45	55	0.000033
45	58	0.000011
45	60	0.000632
45	61	0.000009
45	67	0.000029
45	837	0.000002
45	849	0.000520
45	857	0.000014
45	862	0.000404
45	863	0.000018
45	864	0.000006
45	868	0.000021
45	873	0.000171
45	875	0.000003
45	879	0.000986
46	56	0.001915
46	57	0.000011
46	59	0.000646
46	68	0.000348
46	125	0.000002
46	842	0.000702
46	848	0.000554
46	856	0.000015
46	858	0.000003
46	865	0.011712
46	872	0.000122
46	876	0.569964
46	878	0.000581
46	880	0.000002
46	884	0.000094
46	885	0.000092
47	55	0.002051
47	58	0.000590
47	60	0.000050
47	61	0.000111
47	67	0.000548
47	75	0.000010
47	124	0.000002
47	788	0.000001
47	837	0.000025
47	841	0.000702
47	849	0.000015
47	857	0.000003
47	860	0.000005
47	862	0.000896
47	863	0.000003
47	864	0.011868
47	875	0.573943
47	879	0.000001
48	52	0.000223
48	53	0.004218
48	55	0.000027
48	58	0.000001
48	60	0.000080
48	61	0.058636
48	62	0.012154
48	64	0.000069
48	65	0.000035
48	66	0.000503
48	74	0.000011
48	123	0.000002
48	787	0.000002
48	835	0.000003
48	836	0.000027
48	839	0.000006
48	840	0.000664
48	843	0.000003
48	846	0.000004
48	847	0.000428
48	849	0.000026
48	851	0.000125
48	852	0.000163
48	853	0.000023
48	854	0.000008
48	855	0.000005
48	861	0.001181
48	862	0.000004
48	863	0.011895
48	864	0.000003
48	874	0.574571
48	883	0.000064
48	886	0.000634
49	55	0.000088
49	58	0.000135
49	60	0.074582
49	61	0.006100
49	786	0.000002
49	838	0.000006
49	849	0.002400
49	857	0.000001
49	860	0.000867
49	862	0.011747
49	863	0.000004
49	864	0.000002
49	873	0.573957
50	56	0.000767
50	57	0.000158
50	59	0.082187
50	68	0.000002
50	71	0.000008
50	72	0.000006
50	82	0.000002
50	122	0.000002
50	785	0.000002
50	842	0.000004
50	848	0.002533
50	856	0.000001
50	858	0.000098
50	859	0.000418
50	865	0.000062
50	872	0.571077
50	880	0.000006
50	882	0.000008
50	884	0.000121
50	885	0.000163
51	55	0.000560
51	58	0.081991
51	60	0.000047
51	67	0.000003
51	121	0.000002
51	837	0.000001
51	841	0.000003
51	849	0.053482
51	857	0.000166
51	860	0.496174
51	862	0.000086
51	863	0.000052
51	864	0.000061
51	868	0.000070
51	873	0.000003
51	879	0.000006
52	56	0.000087
52	57	0.081204
52	59	0.000049
52	68	0.000003
52	69	0.002860
52	81	0.000029
52	120	0.000002
52	848	0.058852
52	856	0.000169
52	858	0.000039
52	859	0.512804
52	865	0.000004
52	872	0.000008
52	878	0.000006
52	881	0.000031
52	882	0.000007
52	884	0.000046
52	885	0.005823
53	57	0.000054
53	59	0.000015
53	68	0.003368
53	69	0.000001
53	80	0.000036
53	119	0.000002
53	842	0.000003
53	848	0.004899
53	856	0.000031
53	858	0.513052
53	865	0.000108
53	872	0.000005
53	876	0.000004
53	880	0.000031
53	881	0.000006
53	882	0.000002
53	884	0.005842
53	885	0.000033
54	58	0.000010
54	67	0.003561
54	79	0.000037
54	841	0.000003
54	849	0.041438
54	857	0.509872
54	864	0.000087
54	868	0.000858
54	875	0.000002
54	879	0.000029
55	63	0.000046
55	78	0.000037
55	118	0.000002
55	848	0.045075
55	850	0.000185
55	856	0.497754
55	865	0.000005
55	866	0.000032
55	867	0.000878
55	869	0.000013
55	870	0.000009
55	871	0.000034
55	872	0.000003
55	878	0.000023
55	882	0.000004
55	884	0.000001
55	885	0.000002
55	887	0.000154
56	62	0.000061
56	64	0.000011
56	65	0.007351
56	66	0.000756
56	67	0.000037
56	75	0.000002
56	77	0.000037
56	117	0.000002
56	836	0.000026
56	840	0.000006
56	845	0.000018
56	846	0.697793
56	847	0.035657
56	849	0.000009
56	851	0.000017
56	852	0.000262
56	853	0.000150
56	854	0.000504
56	855	0.160108
56	886	0.000225
57	61	0.000026
57	62	0.000026
57	64	0.007431
57	65	0.000740
57	66	0.000047
57	74	0.000003
57	76	0.000026
57	116	0.000002
57	835	0.000026
57	839	0.000006
57	843	0.000006
57	845	0.761045
57	846	0.018601
57	847	0.000016
57	849	0.000001
57	851	0.000270
57	852	0.000134
57	853	0.000810
57	854	0.124320
57	855	0.000001
57	886	0.000002
58	63	0.006534
58	73	0.000003
58	115	0.000002
58	842	0.000009
58	844	0.869525
58	848	0.000110
58	850	0.000264
58	869	0.000186
58	884	0.000175
59	64	0.000536
59	65	0.000127
59	66	0.000368
59	67	0.000010
59	74	0.000039
59	86	0.000002
59	835	0.000007
59	836	0.000004
59	839	0.000012
59	840	0.000018
59	841	0.000004
59	843	0.871967
59	845	0.002147
59	846	0.000012
59	847	0.000079
59	849	0.000075
59	851	0.003992
59	852	0.006060
59	853	0.006767
59	868	0.000197
59	883	0.000179
59	886	0.000001
60	70	0.000001
60	71	0.000003
60	73	0.000039
60	85	0.000002
60	842	0.856343
60	844	0.002107
60	848	0.000012
60	850	0.003603
60	867	0.000199
60	882	0.000178
61	69	0.000002
61	70	0.000004
61	72	0.000039
61	84	0.000003
61	842	0.000330
61	844	0.000054
61	848	0.000035
61	850	0.000460
61	866	0.000200
61	881	0.000178
61	885	0.000003
62	68	0.000101
62	69	0.000004
62	71	0.000038
62	83	0.000003
62	842	0.002934
62	848	0.001011
62	865	0.000200
62	880	0.000179
62	884	0.000017
63	67	0.000119
63	837	0.000376
63	838	0.001202
63	841	0.002944
63	849	0.002654
63	860	0.000008
63	864	0.000152
63	879	0.000178
64	68	0.000008
64	69	0.000003
64	82	0.000004
64	842	0.000018
64	848	0.002787
64	859	0.000013
64	878	0.000176
64	882	0.000022
64	885	0.000041
65	81	0.000004
65	842	0.000016
65	848	0.000066
65	858	0.000012
65	859	0.000002
65	876	0.000026
65	881	0.000022
65	884	0.000040
65	885	0.000034
66	80	0.000004
66	842	0.000038
66	848	0.000013
66	856	0.000002
66	858	0.000002
66	872	0.000003
66	876	0.000068
66	880	0.000022
66	884	0.000035
66	885	0.000001
67	78	0.000002
67	842	0.000023
67	844	0.005034
67	848	0.000005
67	856	0.000010
67	866	0.000062
67	871	0.000002
67	884	0.000001
68	77	0.000003
68	828	0.000002
68	831	0.002969
68	833	0.000006
68	834	0.980723
68	835	0.002122
68	836	0.000142
68	837	0.000003
68	839	0.000005
68	840	0.000058
68	843	0.005375
68	845	0.000002
68	846	0.000018
68	847	0.000010
68	854	0.000001
68	855	0.000011
68	874	0.000001
68	875	0.000001
69	76	0.000003
69	77	0.000003
69	827	0.000002
69	830	0.002987
69	832	0.000001
69	833	0.986918
69	834	0.001075
69	835	0.000101
69	836	0.000002
69	838	0.000004
69	839	0.000056
69	843	0.000016
69	845	0.000018
69	846	0.000010
69	853	0.000001
69	854	0.000011
69	864	0.000234
69	874	0.000001
70	75	0.000002
70	76	0.000003
70	829	0.002989
70	832	0.988025
70	837	0.000008
70	838	0.000050
70	841	0.005435
70	862	0.000004
70	863	0.002009
70	864	0.000017
71	75	0.000001
71	826	0.000005
71	827	0.000016
71	828	0.002975
71	830	0.000001
71	831	0.988350
71	834	0.000022
71	836	0.000012
71	837	0.000040
71	840	0.005473
71	845	0.000002
71	852	0.000012
71	853	0.000001
71	861	0.000003
71	862	0.002722
71	863	0.000010
71	875	0.000001
72	77	0.000001
72	825	0.000006
72	826	0.000031
72	827	0.002951
72	828	0.000001
72	829	0.000002
72	830	0.988210
72	833	0.000022
72	835	0.000012
72	836	0.000040
72	839	0.005472
72	843	0.000004
72	851	0.000012
72	852	0.000001
72	860	0.000001
72	861	0.002828
72	874	0.000001
73	79	0.000027
73	829	0.945266
73	832	0.000022
73	837	0.000006
73	838	0.005308
73	849	0.000010
73	860	0.002830
73	873	0.000001
74	78	0.000037
74	80	0.000020
74	81	0.000002
74	824	0.002811
74	842	0.000004
74	848	0.000010
74	859	0.002823
74	872	0.000001
75	80	0.000002
75	115	0.000001
75	823	0.002278
75	824	0.000813
75	858	0.002581
75	871	0.000001
76	114	0.000002
76	823	0.000955
76	824	0.000745
76	858	0.000002
76	859	0.000008
77	113	0.000002
77	114	0.000001
77	824	0.045103
77	856	0.002106
77	858	0.000105
78	107	0.000002
78	110	0.000003
78	112	0.000002
78	820	0.000014
78	821	0.000025
78	822	0.012943
78	825	0.063949
78	826	0.001005
78	827	0.000170
78	828	0.000197
78	829	0.000003
78	830	0.000023
78	831	0.000116
78	832	0.000015
78	833	0.000876
78	834	0.000051
78	835	0.000376
78	836	0.000189
78	837	0.000031
78	838	0.000002
78	839	0.000006
78	845	0.000023
78	855	0.002036
78	857	0.000154
79	106	0.000002
79	109	0.000003
79	823	0.885118
79	824	0.034630
79	844	0.000023
79	856	0.000612
80	105	0.000002
80	111	0.000004
80	112	0.000001
80	818	0.000010
80	819	0.000029
80	820	0.000104
80	821	0.084305
80	822	0.903449
80	826	0.000001
80	827	0.000044
80	828	0.000974
80	829	0.000502
80	830	0.000211
80	831	0.001736
80	832	0.000017
80	833	0.000006
80	834	0.000666
80	835	0.000117
80	836	0.000047
80	837	0.002463
80	843	0.000023
80	853	0.000034
80	854	0.001989
80	855	0.000789
81	104	0.000002
81	107	0.000002
81	110	0.000004
81	111	0.000001
81	817	0.000010
81	818	0.000030
81	819	0.000105
81	820	0.095595
81	821	0.892665
81	822	0.001269
81	826	0.000044
81	827	0.000973
81	828	0.001033
81	829	0.000197
81	830	0.001731
81	831	0.000019
81	832	0.000005
81	833	0.000667
81	834	0.000117
81	835	0.000047
81	836	0.002517
81	837	0.000002
81	852	0.000034
81	853	0.001988
81	854	0.000806
81	855	0.000001
82	107	0.000002
82	110	0.000001
82	816	0.000010
82	817	0.000030
82	818	0.000106
82	819	0.106572
82	820	0.881670
82	821	0.001300
82	822	0.000002
82	825	0.000043
82	826	0.000971
82	827	0.001040
82	828	0.000595
82	829	0.001334
82	830	0.000019
82	831	0.000005
82	832	0.000666
82	833	0.000116
82	834	0.000047
82	835	0.002525
82	836	0.000003
82	841	0.000023
82	847	0.000001
82	851	0.000034
82	852	0.001986
82	853	0.000808
82	854	0.000001
83	105	0.000328
83	107	0.000009
83	110	0.000001
83	111	0.000002
83	706	0.000002
83	815	0.000018
83	816	0.000027
83	817	0.000105
83	818	0.117543
83	819	0.870433
83	820	0.001317
83	821	0.000003
83	825	0.000914
83	826	0.001042
83	827	0.000598
83	828	0.001337
83	829	0.000014
83	830	0.000005
83	831	0.000739
83	832	0.000043
83	833	0.000046
83	834	0.002525
83	835	0.000003
83	840	0.000026
83	846	0.000002
83	847	0.000002
83	851	0.001950
83	852	0.000809
83	853	0.000001
84	104	0.002820
84	105	0.000354
84	107	0.000265
84	110	0.000003
84	702	0.000003
84	705	0.000004
84	734	0.000002
84	736	0.000005
84	787	0.000021
84	814	0.000021
84	815	0.000050
84	816	0.000061
84	817	0.128406
84	818	0.849921
84	819	0.001326
84	820	0.000003
84	825	0.001028
84	826	0.000596
84	827	0.001324
84	828	0.000015
84	829	0.000003
84	830	0.000739
84	831	0.000045
84	832	0.000025
84	833	0.002523
84	834	0.000003
84	835	0.000001
84	839	0.000028
84	845	0.000002
84	846	0.000002
84	847	0.000001
84	849	0.000001
84	851	0.000803
84	852	0.000001
85	105	0.010157
85	112	0.000009
85	622	0.000002
85	699	0.000003
85	701	0.000004
85	704	0.000004
85	707	0.000008
85	733	0.000004
85	735	0.000007
85	786	0.000046
85	789	0.000002
85	790	0.000021
85	806	0.000001
85	809	0.000004
85	810	0.000005
85	816	0.117189
85	829	0.000624
85	832	0.002150
85	838	0.000024
85	849	0.000546
86	95	0.000033
86	102	0.003955
86	103	0.662845
86	113	0.000003
86	114	0.000009
86	119	0.000002
86	126	0.000002
86	128	0.000006
86	623	0.000006
86	625	0.000002
86	675	0.000004
86	691	0.000002
86	695	0.000002
86	710	0.000025
86	785	0.000048
86	805	0.000001
86	813	0.000225
86	824	0.000324
86	848	0.000736
87	94	0.000033
87	99	0.000008
87	102	0.724510
87	103	0.000011
87	106	0.000340
87	108	0.000002
87	113	0.000008
87	118	0.000003
87	125	0.000002
87	127	0.000006
87	130	0.000001
87	624	0.000002
87	700	0.000015
87	703	0.000003
87	709	0.000022
87	737	0.000002
87	785	0.000004
87	811	0.000002
87	813	0.000016
87	823	0.000323
87	848	0.000081
88	93	0.000033
88	98	0.000016
88	101	0.838801
88	104	0.000452
88	105	0.000412
88	107	0.000002
88	117	0.000003
88	699	0.000018
88	702	0.000003
88	706	0.000001
88	736	0.000002
88	784	0.000015
88	787	0.000290
88	812	0.000009
88	814	0.000015
88	815	0.157807
88	816	0.000039
88	817	0.000049
88	818	0.000039
88	822	0.000316
88	826	0.000004
88	828	0.000001
88	846	0.000083
88	847	0.000274
89	97	0.000016
89	100	0.839182
89	101	0.000001
89	104	0.000421
89	116	0.000003
89	129	0.000002
89	629	0.000033
89	696	0.000003
89	698	0.000018
89	701	0.000002
89	705	0.000001
89	783	0.000015
89	786	0.000295
89	787	0.000001
89	812	0.000005
89	814	0.158356
89	815	0.000027
89	816	0.000043
89	817	0.000069
89	820	0.000002
89	821	0.000310
89	825	0.000004
89	827	0.000001
89	845	0.000083
89	846	0.000274
90	95	0.000014
90	99	0.839312
90	102	0.001461
90	103	0.000212
90	128	0.000002
90	628	0.000033
90	695	0.000003
90	782	0.000003
90	785	0.000298
90	813	0.157828
90	824	0.000004
91	97	0.000090
91	98	0.839858
91	101	0.004469
91	105	0.000002
91	124	0.000001
91	619	0.000001
91	627	0.000034
91	678	0.000002
91	694	0.000003
91	696	0.000005
91	698	0.000714
91	699	0.000002
91	702	0.000003
91	706	0.000007
91	784	0.000320
91	787	0.000027
91	790	0.000006
91	807	0.000103
91	808	0.000010
91	809	0.000003
91	810	0.000003
91	812	0.151029
91	815	0.000135
91	818	0.000007
91	819	0.000172
91	820	0.000033
91	826	0.000001
91	843	0.000001
91	845	0.000019
92	97	0.829635
92	98	0.000108
92	100	0.005102
92	101	0.000003
92	104	0.000013
92	107	0.000007
92	123	0.000009
92	129	0.000309
92	618	0.000001
92	626	0.000038
92	629	0.016749
92	676	0.000223
92	678	0.000002
92	686	0.000018
92	688	0.000001
92	693	0.000004
92	696	0.085476
92	698	0.000003
92	705	0.000007
92	730	0.000019
92	736	0.000021
92	783	0.000315
92	786	0.000046
92	787	0.000001
92	788	0.000001
92	789	0.000138
92	790	0.000413
92	806	0.002358
92	807	0.000014
92	808	0.000006
92	809	0.000010
92	810	0.000086
92	812	0.000020
92	814	0.000136
92	817	0.000007
92	818	0.000171
92	819	0.000031
92	825	0.000001
92	843	0.000313
93	99	0.005264
93	102	0.000004
93	103	0.000013
93	122	0.000009
93	125	0.000217
93	128	0.000299
93	617	0.000001
93	623	0.000005
93	625	0.000038
93	628	0.016780
93	675	0.000223
93	687	0.000001
93	691	0.000003
93	695	0.085695
93	729	0.000018
93	782	0.000244
93	785	0.000048
93	791	0.000005
93	805	0.002394
93	813	0.000135
93	824	0.000001
93	842	0.000314
94	105	0.000016
94	121	0.000007
94	124	0.000223
94	616	0.000001
94	622	0.000004
94	627	0.016747
94	694	0.085496
94	699	0.000004
94	707	0.000008
94	735	0.000048
94	788	0.007047
94	789	0.000015
94	790	0.000006
94	800	0.000004
94	804	0.002385
94	807	0.000001
94	809	0.028959
94	810	0.000244
94	816	0.000162
94	841	0.000314
95	100	0.000006
95	101	0.000010
95	104	0.000017
95	123	0.000220
95	129	0.000596
95	615	0.000001
95	626	0.016684
95	676	0.000001
95	678	0.000002
95	683	0.000120
95	693	0.084536
95	698	0.000005
95	702	0.000015
95	705	0.000005
95	706	0.000008
95	716	0.000020
95	728	0.000011
95	734	0.000052
95	736	0.000011
95	783	0.000011
95	784	0.000005
95	787	0.008171
95	789	0.000004
95	799	0.000005
95	803	0.002350
95	807	0.000388
95	808	0.029011
95	809	0.000205
95	810	0.000062
95	812	0.000004
95	815	0.000168
95	817	0.000010
95	839	0.000006
95	840	0.000306
96	105	0.000001
96	121	0.000076
96	124	0.000011
96	622	0.000002
96	682	0.000120
96	690	0.000015
96	701	0.000013
96	704	0.000004
96	715	0.000020
96	727	0.000011
96	733	0.000044
96	735	0.000009
96	786	0.008169
96	788	0.000003
96	798	0.000005
96	800	0.000002
96	806	0.002549
96	807	0.024412
96	809	0.000060
96	810	0.000001
96	816	0.000009
96	838	0.000010
97	102	0.000017
97	103	0.000070
97	114	0.000014
97	120	0.000081
97	122	0.000015
97	125	0.000004
97	126	0.000042
97	128	0.001230
97	131	0.000005
97	136	0.000002
97	623	0.000033
97	625	0.003200
97	675	0.000002
97	680	0.000173
97	689	0.000013
97	691	0.010691
97	714	0.000021
97	725	0.000012
97	785	0.007894
97	805	0.004630
97	813	0.000012
98	102	0.000073
98	103	0.000006
98	113	0.000014
98	119	0.000080
98	122	0.000250
98	125	0.000040
98	126	0.000009
98	128	0.035905
98	131	0.000001
98	135	0.000002
98	623	0.008264
98	625	0.000057
98	630	0.000001
98	675	0.000002
98	679	0.000174
98	687	0.000005
98	689	0.000017
98	691	0.002173
98	695	0.000002
98	710	0.000002
98	713	0.000021
98	724	0.000012
98	785	0.000255
98	791	0.000003
98	805	0.013891
98	813	0.000027
99	104	0.000001
99	112	0.000009
99	116	0.000064
99	117	0.000008
99	121	0.000308
99	123	0.000006
99	124	0.000009
99	129	0.001826
99	134	0.000002
99	622	0.004044
99	626	0.000001
99	629	0.000030
99	676	0.000006
99	678	0.000172
99	686	0.000005
99	688	0.000004
99	690	0.000139
99	693	0.000004
99	694	0.000001
99	696	0.000009
99	698	0.000005
99	702	0.000001
99	706	0.000001
99	712	0.000020
99	723	0.000011
99	730	0.000005
99	736	0.000001
99	783	0.001946
99	784	0.000456
99	786	0.000001
99	787	0.000010
99	790	0.000002
99	794	0.000002
99	798	0.000001
99	799	0.000020
99	800	0.000003
99	803	0.001982
99	804	0.007329
99	806	0.000061
99	812	0.000027
99	814	0.000001
99	835	0.000003
99	836	0.000006
99	839	0.000006
100	113	0.000002
100	114	0.000254
100	120	0.000316
100	122	0.000006
100	125	0.000003
100	126	0.151511
100	128	0.001129
100	133	0.000002
100	623	0.000002
100	625	0.000001
100	628	0.000015
100	675	0.000005
100	680	0.000007
100	687	0.000002
100	689	0.000012
100	695	0.000006
100	782	0.000139
100	805	0.000051
101	113	0.000260
101	119	0.000316
101	125	0.153661
101	126	0.000106
101	128	0.000007
101	131	0.000002
101	132	0.000002
101	623	0.000003
101	628	0.000033
101	679	0.000007
101	687	0.000006
101	781	0.000082
101	785	0.000060
101	805	0.000007
102	107	0.000714
102	110	0.000059
102	111	0.005239
102	112	0.000214
102	116	0.000134
102	117	0.054369
102	123	0.000001
102	124	0.154933
102	129	0.000317
102	622	0.000001
102	627	0.000091
102	676	0.000002
102	678	0.000032
102	686	0.000006
102	693	0.000005
102	694	0.000001
102	696	0.000002
102	698	0.000006
102	699	0.000002
102	702	0.000004
102	705	0.000003
102	706	0.000035
102	707	0.000002
102	730	0.000005
102	734	0.000010
102	736	0.000017
102	739	0.000001
102	783	0.000008
102	784	0.000258
102	787	0.000065
102	799	0.000002
102	800	0.000002
102	803	0.000024
102	804	0.000009
102	812	0.000010
102	814	0.000007
102	815	0.015094
102	816	0.000003
102	817	0.000012
102	826	0.000057
102	831	0.000009
102	832	0.000001
102	833	0.000003
102	834	0.000017
102	835	0.000004
102	836	0.000020
102	840	0.000002
102	845	0.000025
102	846	0.000015
102	847	0.000024
103	107	0.000042
103	110	0.005241
103	111	0.000218
103	112	0.000002
103	116	0.054694
103	117	0.000056
103	123	0.155666
103	124	0.000009
103	129	0.089083
103	626	0.000106
103	629	0.000011
103	676	0.000035
103	678	0.000002
103	693	0.000001
103	696	0.000025
103	698	0.000002
103	701	0.000001
103	705	0.000032
103	706	0.000001
103	730	0.000008
103	733	0.000001
103	734	0.000001
103	735	0.000002
103	738	0.000001
103	783	0.000249
103	786	0.000064
103	799	0.000002
103	803	0.000008
103	812	0.000002
103	814	0.015190
103	815	0.000003
103	816	0.000002
103	817	0.000001
103	825	0.000058
103	830	0.000009
103	831	0.000001
103	832	0.000002
103	833	0.000017
103	834	0.000003
103	835	0.000020
103	839	0.000002
103	843	0.000317
103	845	0.000015
103	846	0.000023
104	113	0.011113
104	114	0.104816
104	119	0.000008
104	120	0.000001
104	122	0.155228
104	125	0.006731
104	126	0.224345
104	128	0.104431
104	623	0.000008
104	625	0.000117
104	628	0.000012
104	673	0.000002
104	675	0.000039
104	691	0.000003
104	695	0.000026
104	710	0.000165
104	725	0.000003
104	729	0.000008
104	782	0.000128
104	785	0.000071
104	813	0.015075
104	824	0.000056
104	842	0.000323
105	109	0.000095
105	113	0.104395
105	114	0.000527
105	115	0.000483
105	118	0.000012
105	119	0.000001
105	120	0.000001
105	122	0.000130
105	125	0.225921
105	126	0.000476
105	127	0.071877
105	128	0.000021
105	130	0.000003
105	621	0.000001
105	623	0.000002
105	624	0.000116
105	672	0.000002
105	691	0.000002
105	697	0.000002
105	700	0.000012
105	703	0.000003
105	708	0.000034
105	709	0.000154
105	710	0.000002
105	711	0.000004
105	724	0.000003
105	731	0.000002
105	732	0.000002
105	737	0.000002
105	781	0.000009
105	801	0.000002
105	811	0.001022
105	813	0.000002
105	823	0.000044
105	842	0.000007
105	844	0.000008
105	850	0.000005
106	112	0.091535
106	121	0.000815
106	124	0.207202
106	622	0.000003
106	690	0.000002
106	699	0.000012
106	707	0.000036
106	786	0.000058
106	790	0.000001
106	800	0.000002
106	806	0.000033
106	809	0.000016
106	810	0.000905
106	816	0.000002
106	829	0.000002
106	841	0.000016
106	849	0.000005
107	113	0.014476
107	114	0.002837
107	119	0.000015
107	120	0.000271
107	122	0.063576
107	125	0.081637
107	126	0.000446
107	128	0.000005
107	623	0.000122
107	625	0.000001
107	628	0.000004
107	675	0.000005
107	689	0.000002
107	691	0.000005
107	695	0.000024
107	710	0.000040
107	724	0.000003
107	729	0.000001
107	785	0.000067
107	791	0.000012
107	805	0.000038
107	813	0.000029
107	842	0.000039
107	848	0.000005
108	112	0.009586
108	121	0.032554
108	124	0.074014
108	622	0.000100
108	627	0.000003
108	688	0.000001
108	690	0.000001
108	694	0.000020
108	699	0.000002
108	701	0.000001
108	704	0.000001
108	707	0.000008
108	722	0.000009
108	733	0.000001
108	735	0.000002
108	789	0.000002
108	790	0.000017
108	804	0.000033
108	807	0.000014
108	809	0.000042
108	810	0.000022
108	816	0.000003
108	837	0.000002
108	838	0.000039
108	841	0.000037
109	121	0.679183
109	124	0.000018
109	707	0.000011
109	721	0.000010
109	786	0.000007
109	788	0.000002
109	789	0.000012
109	790	0.000003
109	806	0.000016
109	809	0.000011
109	810	0.000001
109	837	0.000039
109	838	0.000015
109	849	0.000003
110	114	0.000266
110	119	0.000016
110	120	0.752067
110	122	0.000050
110	126	0.000187
110	128	0.000010
110	131	0.000006
110	132	0.003369
110	710	0.000099
110	725	0.000001
110	750	0.000001
110	761	0.000002
110	781	0.000072
110	785	0.000008
110	791	0.000001
110	805	0.000017
110	813	0.000003
110	824	0.000018
110	848	0.000004
111	119	0.753376
111	120	0.000066
111	125	0.000188
111	126	0.000060
111	128	0.000025
111	131	0.005570
111	623	0.000001
111	710	0.000879
111	724	0.000001
111	760	0.000002
111	780	0.000093
111	785	0.000002
111	791	0.000002
111	813	0.000002
111	824	0.003552
111	848	0.000003
112	118	0.752014
112	119	0.000065
112	125	0.000060
112	127	0.000025
112	128	0.000001
112	130	0.012672
112	684	0.000002
112	700	0.000006
112	703	0.000023
112	708	0.000400
112	709	0.000743
112	710	0.000003
112	711	0.000001
112	731	0.000003
112	737	0.000021
112	748	0.000004
112	759	0.000002
112	779	0.000094
112	785	0.000048
112	801	0.000020
112	811	0.000001
112	823	0.003664
112	848	0.000002
113	117	0.728783
113	123	0.000184
113	124	0.000066
113	129	0.013870
113	683	0.000002
113	699	0.000007
113	702	0.000026
113	704	0.000001
113	705	0.000015
113	706	0.013459
113	707	0.000189
113	712	0.000003
113	717	0.000358
113	730	0.000003
113	735	0.000014
113	736	0.000026
113	746	0.000001
113	747	0.000009
113	758	0.000002
113	778	0.000095
113	784	0.000151
113	788	0.000351
113	800	0.000022
113	808	0.000013
113	809	0.000018
113	812	0.000002
113	815	0.000128
113	816	0.000005
113	817	0.000318
113	818	0.001955
113	819	0.000077
113	820	0.000013
113	821	0.000051
113	822	0.003666
113	831	0.001194
113	832	0.000002
113	834	0.002388
113	835	0.000023
113	836	0.000009
113	840	0.000007
113	846	0.000012
113	847	0.000005
113	862	0.000002
114	123	0.000068
114	129	0.000024
114	682	0.000001
114	683	0.000002
114	698	0.000008
114	701	0.000020
114	702	0.000185
114	704	0.000013
114	705	0.013525
114	706	0.000186
114	716	0.000359
114	734	0.000027
114	735	0.000009
114	736	0.000007
114	746	0.000009
114	757	0.000002
114	777	0.000094
114	783	0.000151
114	784	0.000001
114	787	0.000435
114	799	0.000022
114	807	0.000014
114	808	0.000020
114	814	0.000128
114	815	0.000006
114	816	0.000090
114	817	0.004074
114	818	0.000097
114	819	0.000013
114	820	0.000074
114	821	0.003631
114	830	0.001199
114	831	0.000005
114	833	0.002412
114	834	0.000018
114	835	0.000009
114	839	0.000007
114	845	0.000012
114	846	0.000005
114	861	0.000002
115	121	0.000210
115	682	0.000002
115	701	0.000186
115	704	0.013034
115	707	0.000006
115	715	0.000359
115	733	0.000023
115	735	0.000006
115	744	0.000032
115	756	0.000002
115	786	0.000435
115	798	0.000020
115	806	0.000014
115	807	0.000020
115	816	0.002515
115	829	0.001045
115	832	0.002375
115	838	0.000007
115	849	0.000007
115	860	0.000002
116	120	0.000207
116	122	0.000007
116	126	0.015802
116	680	0.000004
116	710	0.000016
116	714	0.000360
116	743	0.000034
116	774	0.000002
116	775	0.000068
116	785	0.000429
116	805	0.000010
116	813	0.000016
116	848	0.000007
116	859	0.000002
117	125	0.015835
117	679	0.000004
117	695	0.000007
117	710	0.000022
117	713	0.000359
117	742	0.000034
117	772	0.000002
117	774	0.000068
117	785	0.000002
117	805	0.000024
117	813	0.000001
117	842	0.000017
117	848	0.000007
117	858	0.000002
118	124	0.015757
118	694	0.000008
118	699	0.000027
118	701	0.001016
118	704	0.000002
118	707	0.002965
118	735	0.000003
118	741	0.000034
118	753	0.000002
118	795	0.000003
118	796	0.000003
118	804	0.000027
118	816	0.174211
118	829	0.002676
118	832	0.000001
118	837	0.000002
118	841	0.000017
118	857	0.000002
119	123	0.015074
119	129	0.000001
119	678	0.000002
119	693	0.000007
119	698	0.000016
119	699	0.012831
119	701	0.000002
119	702	0.000800
119	705	0.001988
119	706	0.003208
119	707	0.000002
119	712	0.000002
119	734	0.000003
119	739	0.000005
119	740	0.000031
119	752	0.000002
119	770	0.000063
119	771	0.000003
119	784	0.000025
119	794	0.000003
119	795	0.000003
119	803	0.000025
119	804	0.000001
119	814	0.000002
119	815	0.205288
119	816	0.000042
119	817	0.000021
119	818	0.000002
119	826	0.000002
119	827	0.000903
119	828	0.003003
119	831	0.000001
119	836	0.000003
119	840	0.000017
119	846	0.000066
119	852	0.000002
120	129	0.000010
120	629	0.000003
120	631	0.000013
120	633	0.000026
120	676	0.000012
120	678	0.000294
120	698	0.013994
120	699	0.000002
120	701	0.000792
120	704	0.002175
120	705	0.003166
120	706	0.000002
120	712	0.000002
120	733	0.000003
120	738	0.000009
120	739	0.000027
120	751	0.000002
120	769	0.000064
120	770	0.000002
120	783	0.000024
120	794	0.000003
120	803	0.000002
120	812	0.000030
120	814	0.205741
120	815	0.000060
120	816	0.000017
120	817	0.000005
120	825	0.000001
120	826	0.000912
120	827	0.002990
120	830	0.000001
120	835	0.000003
120	839	0.000017
120	845	0.000067
120	851	0.000002
121	126	0.000003
121	127	0.000006
121	128	0.000012
121	130	0.012977
121	628	0.000003
121	630	0.000035
121	632	0.000035
121	675	0.000014
121	677	0.000347
121	697	0.014111
121	700	0.000799
121	703	0.006026
121	708	0.000001
121	709	0.000001
121	710	0.000002
121	711	0.000002
121	731	0.000017
121	732	0.000002
121	737	0.000013
121	750	0.000002
121	768	0.000065
121	782	0.000005
121	793	0.000003
121	802	0.000002
121	811	0.000035
121	813	0.205554
121	824	0.000001
121	844	0.000067
121	850	0.000002
122	129	0.062948
122	626	0.001002
122	629	0.082861
122	631	0.000142
122	674	0.000068
122	676	0.000634
122	678	0.000005
122	696	0.014642
122	698	0.000333
122	699	0.000773
122	701	0.000063
122	702	0.010851
122	704	0.000008
122	705	0.000032
122	706	0.000015
122	707	0.000005
122	712	0.000006
122	723	0.000001
122	730	0.000081
122	734	0.000002
122	736	0.000022
122	738	0.000011
122	749	0.000002
122	767	0.000065
122	773	0.000001
122	783	0.000008
122	784	0.000002
122	786	0.000089
122	787	0.000133
122	803	0.000036
122	806	0.000003
122	810	0.000049
122	812	0.203616
122	814	0.034610
122	815	0.000207
122	816	0.000001
122	817	0.000040
122	818	0.000002
122	821	0.000002
122	822	0.000001
122	825	0.005969
122	826	0.000011
122	834	0.000002
122	837	0.000001
122	843	0.000068
122	849	0.000003
123	128	0.062726
123	131	0.000120
123	623	0.000002
123	625	0.001017
123	628	0.081933
123	630	0.000143
123	673	0.000071
123	675	0.000633
123	680	0.000025
123	695	0.014473
123	710	0.000243
123	725	0.000042
123	729	0.000077
123	748	0.000002
123	766	0.000064
123	772	0.000001
123	780	0.000010
123	782	0.000005
123	785	0.000106
123	805	0.000004
123	813	0.034953
123	824	0.006019
123	842	0.000068
123	848	0.000003
124	128	0.000011
124	130	0.000653
124	621	0.000017
124	624	0.001009
124	628	0.002534
124	630	0.000040
124	672	0.000070
124	677	0.000008
124	679	0.000026
124	691	0.000002
124	692	0.000010
124	695	0.000037
124	697	0.002233
124	700	0.016444
124	703	0.000126
124	708	0.000148
124	709	0.000205
124	710	0.000001
124	724	0.000043
124	731	0.000015
124	737	0.000167
124	779	0.000010
124	785	0.000390
124	791	0.000001
124	801	0.000139
124	811	0.012141
124	813	0.000048
124	823	0.006013
125	129	0.000723
125	620	0.000021
125	626	0.000671
125	627	0.075539
125	629	0.007697
125	671	0.000066
125	676	0.000009
125	678	0.000083
125	693	0.006274
125	694	0.002336
125	696	0.002557
125	698	0.000247
125	699	0.018347
125	701	0.000001
125	702	0.000148
125	705	0.000003
125	706	0.004461
125	707	0.000095
125	717	0.000001
125	720	0.000003
125	723	0.000046
125	730	0.000017
125	734	0.000010
125	735	0.000131
125	736	0.000198
125	738	0.000006
125	739	0.000003
125	754	0.000001
125	764	0.000022
125	765	0.000011
125	770	0.000001
125	778	0.000010
125	783	0.000005
125	784	0.001097
125	787	0.000006
125	788	0.000040
125	790	0.000051
125	797	0.000006
125	799	0.000005
125	800	0.000157
125	808	0.000022
125	809	0.236594
125	810	0.006237
125	812	0.000154
125	814	0.000004
125	815	0.000950
125	816	0.000580
125	817	0.000312
125	818	0.003280
125	819	0.000003
125	820	0.000001
125	821	0.000013
125	822	0.005868
125	828	0.000001
125	831	0.000010
125	834	0.000017
125	839	0.000001
125	840	0.000065
125	846	0.000003
126	619	0.000020
126	622	0.000330
126	626	0.086173
126	627	0.000002
126	629	0.000176
126	670	0.000017
126	676	0.000003
126	678	0.000095
126	690	0.000002
126	693	0.002631
126	694	0.000011
126	696	0.000009
126	698	0.018565
126	699	0.000005
126	701	0.000103
126	702	0.000144
126	704	0.000001
126	705	0.004488
126	706	0.000094
126	707	0.000001
126	716	0.000001
126	719	0.000003
126	722	0.000046
126	730	0.000003
126	733	0.000006
126	734	0.000255
126	735	0.000061
126	736	0.002073
126	738	0.000003
126	753	0.000002
126	764	0.000013
126	769	0.000001
126	777	0.000010
126	783	0.001093
126	784	0.000014
126	786	0.000005
126	787	0.000053
126	789	0.000084
126	790	0.000002
126	794	0.000001
126	796	0.000011
126	798	0.000005
126	799	0.000160
126	807	0.000010
126	808	0.250981
126	809	0.000145
126	810	0.000019
126	812	0.000006
126	814	0.000943
126	815	0.000805
126	816	0.000260
126	817	0.007828
126	818	0.000003
126	819	0.000002
126	820	0.000025
126	821	0.005785
126	827	0.000001
126	830	0.000010
126	833	0.000017
126	838	0.000001
126	839	0.000065
126	845	0.000003
127	622	0.000278
127	627	0.012471
127	690	0.000005
127	694	0.003111
127	699	0.000191
127	701	0.000145
127	704	0.004138
127	707	0.000092
127	715	0.000001
127	718	0.000004
127	721	0.000046
127	733	0.000226
127	735	0.002137
127	752	0.000005
127	765	0.000001
127	786	0.000045
127	788	0.000126
127	789	0.000004
127	790	0.000007
127	795	0.000033
127	796	0.000001
127	797	0.000006
127	798	0.000154
127	800	0.000019
127	804	0.000042
127	806	0.000008
127	807	0.250965
127	809	0.000024
127	810	0.000011
127	816	0.008136
127	829	0.000010
127	832	0.000017
127	837	0.000003
127	838	0.000061
128	618	0.000021
128	620	0.000011
128	622	0.000092
128	626	0.012796
128	629	0.002484
128	676	0.003685
128	678	0.000049
128	690	0.002149
128	693	0.003126
128	694	0.000002
128	696	0.046935
128	698	0.000164
128	699	0.000002
128	701	0.000003
128	702	0.000132
128	704	0.000002
128	705	0.000010
128	706	0.000089
128	707	0.000004
128	712	0.000001
128	717	0.000003
128	720	0.000045
128	730	0.000353
128	733	0.000002
128	734	0.002068
128	735	0.000001
128	736	0.000025
128	749	0.000001
128	751	0.000006
128	764	0.000001
128	783	0.000108
128	784	0.000022
128	786	0.000113
128	787	0.000128
128	788	0.000002
128	789	0.000003
128	794	0.000036
128	796	0.000004
128	797	0.000091
128	799	0.000019
128	803	0.000045
128	806	0.251114
128	808	0.000012
128	809	0.000010
128	810	0.000002
128	812	0.000267
128	814	0.007239
128	815	0.006053
128	816	0.000002
128	817	0.000033
128	818	0.000032
128	819	0.000660
128	820	0.000477
128	825	0.000003
128	828	0.000010
128	831	0.000017
128	836	0.000005
128	837	0.000034
128	843	0.000003
129	617	0.000021
129	623	0.239929
129	625	0.012337
129	628	0.002489
129	675	0.003677
129	689	0.002004
129	691	0.001238
129	695	0.047030
129	710	0.000024
129	729	0.000330
129	748	0.000001
129	750	0.000006
129	782	0.000079
129	785	0.000211
129	791	0.000027
129	805	0.251294
129	813	0.009222
129	824	0.000003
129	842	0.000003
130	616	0.000021
130	622	0.240780
130	627	0.002449
130	688	0.001036
130	690	0.000257
130	694	0.041884
130	699	0.000005
130	701	0.000024
130	704	0.000003
130	707	0.000008
130	718	0.000003
130	719	0.000002
130	733	0.000104
130	735	0.000005
130	786	0.000003
130	788	0.000001
130	789	0.000001
130	790	0.000026
130	795	0.000007
130	796	0.000003
130	797	0.000003
130	798	0.000002
130	800	0.000008
130	804	0.223749
130	809	0.000007
130	810	0.000021
130	816	0.000022
130	829	0.000009
130	841	0.000003
131	615	0.000021
131	619	0.000007
131	620	0.918604
131	622	0.000007
131	626	0.000602
131	693	0.011583
131	698	0.000001
131	706	0.000001
131	734	0.000001
131	794	0.000002
131	799	0.000003
131	803	0.061076
131	812	0.000005
131	815	0.000009
131	816	0.000001
131	827	0.000009
131	828	0.000007
131	840	0.000002
132	614	0.000021
132	618	0.000004
132	619	0.995400
132	620	0.000620
132	686	0.000013
132	705	0.000001
132	799	0.000002
132	803	0.000001
132	814	0.000004
132	815	0.000002
132	826	0.000012
132	827	0.000005
132	839	0.000001
133	613	0.000020
133	618	0.999606
133	619	0.000316
133	814	0.000002
133	825	0.000014
133	826	0.000003
134	617	0.999893
134	813	0.000002
134	824	0.000016
135	611	0.000002
135	615	0.000141
135	616	0.998295
135	812	0.000001
135	821	0.000002
135	822	0.000015
135	836	0.000001
136	614	0.000144
136	615	0.999789
136	820	0.000002
136	821	0.000015
136	835	0.000001
137	611	0.000017
137	613	0.000147
137	614	0.999800
137	815	0.000001
137	819	0.000002
137	820	0.000015
137	834	0.000001
138	611	0.000190
138	613	0.999746
138	814	0.000001
138	818	0.000002
138	819	0.000015
138	833	0.000001
139	609	0.000430
139	610	0.000256
139	612	0.998707
139	813	0.000001
140	608	0.001957
140	611	0.995136
140	817	0.000013
140	818	0.000001
141	816	0.000012
142	607	0.982146
142	608	0.014479
142	815	0.000002
143	606	0.999947
143	609	0.000002
144	605	0.999509
145	604	0.999981
146	603	0.999991
147	602	0.999977
148	601	0.999511
149	600	0.999970
150	596	0.000003
150	598	0.000003
150	599	0.999028
151	595	0.000033
151	597	0.000003
151	598	0.998830
152	594	0.000038
152	596	0.000006
152	597	0.999911
153	593	0.000039
153	594	0.000008
153	596	0.997014
153	597	0.000012
154	592	0.000021
155	592	0.000016
156	592	0.000484
157	592	0.988913
158	591	0.999943
159	590	0.999976
160	589	0.999698
161	588	0.999939
162	586	0.000326
162	587	0.999619
163	214	0.000001
163	585	0.000651
163	586	0.999313
163	587	0.000011
164	213	0.000043
164	214	0.000055
164	221	0.000014
164	227	0.000004
164	443	0.000017
164	584	0.000975
164	585	0.998776
164	586	0.000023
165	175	0.000001
165	212	0.000087
165	213	0.001802
165	214	0.000160
165	220	0.000040
165	221	0.000008
165	224	0.000098
165	226	0.002379
165	442	0.000023
165	443	0.000006
165	583	0.001176
165	584	0.983693
165	585	0.000034
166	174	0.000002
166	210	0.000001
166	211	0.000011
166	215	0.002279
166	216	0.001358
166	217	0.000519
166	218	0.000194
166	219	0.000257
166	222	0.000197
166	223	0.000124
166	225	0.021824
166	441	0.000020
167	175	0.001105
167	209	0.000002
167	212	0.257313
167	213	0.384501
167	214	0.001573
167	220	0.000247
167	221	0.000299
167	224	0.028049
167	226	0.000068
167	230	0.000003
167	437	0.000002
167	442	0.000106
167	443	0.000092
167	582	0.000098
167	583	0.019397
167	584	0.000019
168	174	0.001116
168	208	0.000002
168	211	0.006449
168	215	0.000310
168	216	0.000249
168	217	0.000268
168	218	0.000044
168	219	0.000326
168	222	0.000080
168	223	0.027552
168	225	0.000074
168	229	0.000002
168	441	0.000072
169	173	0.001100
169	210	0.003276
169	211	0.971727
169	215	0.000101
169	218	0.000116
169	222	0.010985
169	440	0.000025
170	206	0.000001
170	210	0.994471
170	211	0.000035
170	215	0.000003
170	218	0.000004
170	222	0.000011
170	438	0.000009
171	175	0.000002
171	209	0.997849
171	212	0.000026
171	214	0.000002
171	220	0.000040
171	221	0.000017
171	224	0.000003
171	226	0.000003
171	230	0.000001
171	436	0.000004
171	437	0.000006
172	205	0.000003
172	206	0.000015
172	207	0.000503
172	208	0.987296
172	210	0.000010
172	211	0.000025
172	219	0.000042
172	223	0.000002
172	225	0.000003
172	229	0.000001
172	435	0.000007
173	209	0.000016
173	212	0.000001
173	221	0.000011
173	224	0.000003
173	228	0.000001
173	434	0.000007
174	220	0.000010
174	433	0.000006
175	204	0.002909
175	206	0.241228
175	210	0.000001
175	211	0.000001
175	215	0.000002
175	218	0.000003
175	431	0.000001
176	203	0.002192
176	204	0.994790
176	206	0.000006
177	202	0.001466
177	203	0.997770
177	204	0.000019
178	201	0.000739
178	202	0.998511
178	203	0.000013
179	199	0.000001
179	201	0.999231
179	202	0.000007
180	200	0.999463
181	198	0.000001
181	199	0.998119
182	198	0.998841
183	197	0.999964
184	196	0.999509
185	193	0.000002
185	195	0.999972
186	192	0.000006
186	194	0.999917
187	191	0.000024
187	193	0.991644
187	195	0.000007
188	192	0.980165
188	194	0.000008
189	193	0.000009
205	214	0.000211
205	226	0.000010
206	212	0.000007
206	213	0.000224
206	221	0.000332
206	224	0.000029
206	227	0.000001
206	228	0.000002
206	236	0.000001
207	214	0.000002
207	220	0.000326
207	226	0.000003
207	227	0.000002
208	226	0.000003
208	439	0.000007
209	215	0.000013
209	218	0.000357
209	222	0.000694
209	438	0.000008
209	444	0.000007
210	214	0.000005
210	221	0.000785
210	224	0.000020
210	226	0.000001
210	437	0.000008
210	443	0.000046
211	220	0.000717
211	221	0.000078
211	224	0.000229
211	226	0.000004
211	230	0.000003
211	232	0.000002
211	436	0.000007
211	442	0.000047
211	443	0.000002
212	218	0.003046
212	222	0.001379
212	231	0.000013
212	440	0.000002
212	445	0.000002
212	446	0.000015
213	218	0.008468
213	222	0.024259
213	231	0.000007
213	428	0.000001
213	438	0.000002
213	440	0.000004
213	444	0.000004
213	445	0.000016
214	218	0.000338
214	219	0.004564
214	222	0.200661
214	223	0.005056
214	225	0.078904
214	229	0.007539
214	435	0.000006
214	438	0.000002
214	441	0.000002
214	444	0.000017
215	220	0.000337
215	221	0.315765
215	224	0.097040
215	226	0.000048
215	227	0.000343
215	228	0.012870
215	230	0.000006
215	434	0.000008
215	437	0.000004
215	442	0.000148
215	443	0.000153
215	583	0.000016
215	584	0.000001
216	220	0.239256
216	226	0.000692
216	227	0.014570
216	238	0.000001
216	433	0.000007
217	226	0.017093
217	227	0.000084
218	224	0.014480
218	226	0.000179
218	227	0.003424
218	228	0.000543
218	230	0.000002
218	236	0.000551
218	434	0.000007
218	442	0.000339
218	443	0.000185
218	583	0.000021
218	584	0.000002
219	226	0.006140
219	227	0.000705
219	235	0.000553
219	433	0.000007
220	225	0.005338
220	234	0.000553
220	432	0.000007
220	441	0.000026
220	445	0.000006
220	447	0.000001
221	233	0.000551
221	431	0.000007
221	438	0.000003
221	440	0.000024
221	444	0.000590
221	445	0.000001
221	446	0.000002
222	226	0.000210
222	227	0.000111
222	228	0.000150
222	230	0.000005
222	232	0.000206
222	236	0.000005
222	437	0.000003
222	439	0.000011
222	442	0.002914
222	443	0.003630
222	583	0.000030
222	584	0.000003
223	227	0.000163
223	232	0.000323
223	235	0.000005
223	439	0.000004
224	231	0.000493
224	233	0.000006
224	428	0.000001
224	438	0.000005
224	440	0.000084
224	444	0.000920
224	445	0.000003
225	232	0.000006
225	439	0.000081
226	231	0.000005
226	438	0.000070
226	440	0.000002
226	441	0.001617
226	444	0.000007
227	438	0.000003
227	440	0.000064
227	441	0.837556
228	438	0.000007
228	440	0.984527
229	439	0.988530
230	438	0.989552
230	440	0.000048
231	436	0.501396
231	437	0.496839
231	439	0.000003
232	435	0.993850
233	434	0.999342
233	436	0.000016
234	433	0.998830
235	429	0.000186
235	430	0.000002
235	431	0.000009
235	432	0.998293
236	428	0.000239
236	431	0.996280
237	409	0.573052
237	410	0.000251
238	407	0.000004
238	408	0.925846
238	427	0.000018
238	428	0.000065
238	429	0.002965
238	430	0.000542
239	406	0.000008
239	407	0.997590
239	428	0.001802
240	405	0.000007
240	406	0.998978
240	407	0.000982
241	404	0.000006
241	405	0.998982
241	406	0.000991
241	407	0.000003
242	404	0.998942
242	405	0.000995
242	406	0.000003
243	402	0.000014
243	403	0.990423
243	404	0.000948
243	405	0.000003
245	402	0.898375
246	399	0.000014
246	401	0.898376
247	399	0.991400
248	398	0.999931
248	399	0.000020
249	397	0.999975
249	398	0.000014
250	392	0.000013
250	396	0.999971
250	397	0.000007
251	391	0.000024
251	394	0.000005
251	395	0.999960
252	390	0.000037
252	391	0.001189
252	394	0.998739
253	390	0.004862
253	391	0.000084
253	393	0.992609
253	394	0.000001
254	387	0.000014
254	388	0.105312
254	389	0.016526
254	392	0.876084
255	384	0.000012
255	387	0.969639
255	388	0.011871
256	383	0.000013
256	386	0.998824
256	387	0.000294
256	388	0.000013
256	389	0.000320
257	382	0.000011
257	385	0.998931
257	390	0.000019
257	391	0.000001
258	383	0.000398
258	384	0.998433
258	386	0.000003
258	387	0.000065
258	389	0.000018
259	383	0.998922
259	384	0.000001
259	386	0.000067
259	388	0.000014
259	389	0.000001
260	381	0.999029
261	380	0.999934
262	379	0.999493
263	378	0.999486
264	377	0.999901
265	376	0.987414
266	374	0.146819
266	376	0.000045
267	376	0.000040
268	371	0.925034
268	372	0.010413
268	373	0.005395
268	375	0.000051
269	369	0.000109
269	370	0.999503
269	374	0.000014
270	368	0.000118
270	369	0.999800
270	370	0.000069
271	367	0.000125
271	368	0.999797
271	369	0.000064
272	367	0.999594
272	368	0.000058
273	363	0.000002
273	365	0.998903
274	362	0.000001
274	364	0.996494
275	364	0.000172
276	362	0.995677
276	364	0.000003
277	358	0.000002
277	360	0.000001
277	361	0.998089
277	363	0.000003
278	357	0.000003
278	360	0.998404
278	361	0.000234
278	363	0.000008
279	356	0.000003
279	359	0.976086
279	362	0.000007
280	288	0.000001
280	355	0.000002
281	287	0.000001
281	356	0.001401
281	359	0.011295
282	355	0.001129
283	355	0.000009
284	355	0.000012
284	356	0.997678
285	352	0.000168
285	355	0.998207
286	351	0.000153
286	353	0.000004
286	354	0.999081
287	350	0.000130
287	351	0.000010
287	353	0.998194
288	350	0.000010
288	351	0.000683
288	353	0.000013
289	350	0.000102
289	351	0.721085
289	354	0.000006
290	350	0.993170
290	351	0.000648
290	353	0.000007
291	349	0.970807
291	352	0.000007
292	349	0.004125
293	347	0.992218
293	348	0.004892
293	349	0.000674
294	346	0.996190
294	347	0.002477
294	348	0.000994
294	349	0.000003
295	345	0.997996
296	344	0.998184
296	346	0.000026
296	347	0.001300
296	348	0.000003
297	302	0.000001
297	304	0.000001
297	341	0.000020
297	344	0.000078
297	346	0.001508
297	347	0.000002
298	340	0.000020
298	342	0.989079
298	343	0.000073
298	345	0.001532
299	339	0.000020
299	341	0.997923
299	344	0.001533
299	346	0.000004
300	340	0.996338
300	343	0.001344
300	345	0.000003
301	339	0.973406
302	306	0.000001
302	342	0.000140
302	343	0.000213
303	342	0.000222
303	343	0.000176
304	342	0.000185
304	343	0.000065
305	342	0.000067
306	338	0.997937
306	339	0.000016
306	341	0.000040
307	337	0.999440
307	340	0.000022
308	336	0.999973
308	339	0.000002
309	335	0.999958
309	338	0.000002
310	334	0.983005
312	331	0.000001
312	332	0.994313
312	333	0.000931
313	331	0.999385
314	330	0.999490
315	329	0.999963
316	328	0.999575
317	326	0.000011
317	327	0.999915
318	326	0.998639
318	327	0.000036
318	329	0.000002
319	328	0.000005
320	326	0.000214
320	327	0.000008
321	325	0.000664
321	326	0.000010
386	391	0.000003
387	391	0.000002
409	426	0.000151
409	427	0.309550
409	428	0.000362
409	429	0.000262
409	430	0.000105
410	426	0.898486
410	427	0.001419
410	428	0.000186
410	429	0.000073
410	430	0.000025
411	425	0.999765
412	424	0.999988
413	420	0.000001
413	423	0.999954
414	419	0.000006
414	422	0.999711
415	420	0.000569
415	421	0.990258
416	422	0.000017
417	421	0.000023
428	434	0.000038
428	436	0.000001
428	437	0.000010
428	442	0.000001
428	443	0.000003
429	433	0.000029
430	439	0.000002
431	436	0.000002
431	437	0.000008
431	442	0.000039
431	443	0.000144
432	439	0.000004
433	438	0.000003
433	441	0.000296
434	440	0.000324
435	439	0.000213
436	440	0.000001
436	445	0.000005
437	444	0.000062
438	442	0.000034
438	443	0.000295
438	583	0.000002
440	583	0.000007
444	581	0.000005
444	582	0.156485
444	583	0.837152
444	584	0.000129
445	580	0.000003
445	581	0.157684
445	582	0.842053
445	583	0.000138
446	579	0.000001
446	580	0.157747
446	581	0.841812
446	582	0.000100
447	579	0.189749
447	580	0.784895
448	577	0.000001
448	578	0.216130
449	576	0.000001
449	577	0.210390
449	578	0.781964
450	576	0.204423
450	577	0.789578
451	574	0.000047
451	576	0.794145
452	572	0.000018
452	573	0.000045
452	575	0.999363
453	570	0.000005
453	571	0.000019
453	574	0.999487
454	569	0.000006
454	572	0.000056
454	573	0.999870
455	569	0.000035
455	572	0.999050
455	573	0.000001
458	567	0.934803
458	568	0.001432
458	570	0.002964
458	571	0.000030
459	566	0.996045
459	569	0.002448
460	565	0.996392
460	566	0.000106
460	569	0.000011
461	563	0.000083
461	564	0.987613
462	562	0.000131
463	561	0.000034
463	562	0.000237
464	563	0.971781
464	564	0.000009
465	561	0.000019
465	562	0.993697
466	561	0.998506
466	562	0.000002
467	560	0.999952
468	559	0.999412
469	556	0.000033
469	557	0.004507
469	558	0.994020
470	554	0.000409
470	556	0.016215
470	557	0.975349
472	552	0.000050
472	553	0.943563
472	554	0.002837
472	556	0.000397
472	557	0.000010
473	550	0.000093
473	552	0.996333
473	554	0.000267
473	556	0.000183
474	549	0.000036
474	551	0.988214
474	555	0.000189
475	549	0.993086
476	548	0.999542
476	550	0.000123
476	552	0.000001
477	547	0.998059
477	549	0.000041
478	546	0.999378
478	547	0.000004
479	545	0.999980
480	544	0.999962
481	539	0.000368
481	543	0.999587
482	538	0.000438
482	541	0.000543
482	542	0.998780
483	537	0.000518
483	538	0.130823
483	541	0.866457
483	542	0.000022
484	489	0.000003
484	533	0.000001
484	534	0.000004
484	537	0.535426
484	538	0.008342
484	541	0.000038
485	535	0.007814
485	536	0.565374
485	539	0.195678
485	540	0.000529
486	532	0.000002
486	540	0.000195
487	533	0.000031
487	534	0.694855
487	537	0.012089
487	538	0.011827
488	533	0.725146
488	537	0.011019
488	538	0.000113
489	532	0.363845
489	540	0.000002
490	532	0.624414
491	529	0.000010
491	530	0.013106
491	531	0.986521
491	533	0.000029
492	528	0.000010
492	529	0.013164
492	530	0.986692
492	531	0.000089
493	528	0.013169
493	529	0.986666
493	530	0.000093
494	528	0.985468
494	529	0.000096
495	523	0.000011
495	524	0.684751
495	527	0.313298
496	523	0.983755
497	522	0.997187
497	525	0.000725
497	526	0.000066
498	508	0.000001
498	520	0.000011
498	521	0.999454
498	524	0.000494
499	507	0.000001
499	520	0.999333
499	521	0.000004
499	523	0.000392
500	506	0.000001
500	518	0.983558
501	517	0.980814
502	517	0.015899
503	515	0.983316
503	516	0.016271
504	514	0.984066
504	515	0.015901
505	513	0.983207
505	514	0.015348
506	510	0.000026
506	511	0.000263
506	512	0.969274
507	514	0.000062
508	513	0.000068
508	514	0.000001
514	521	0.000001
515	520	0.000001
527	537	0.000017
527	538	0.000002
528	536	0.000017
529	535	0.000017
529	536	0.000003
530	535	0.000003
531	539	0.000003
532	538	0.000004
533	539	0.000043
533	540	0.000004
534	540	0.000005
536	541	0.000003
550	555	0.000003
551	556	0.000005
609	619	0.000020
610	618	0.000020
611	617	0.000020
612	616	0.000013
619	623	0.000007
619	680	0.000971
620	625	0.000055
620	628	0.000034
620	675	0.000008
620	679	0.001317
620	680	0.000057
620	691	0.000017
620	695	0.000012
620	710	0.000009
620	785	0.000004
620	791	0.000087
621	627	0.000034
621	682	0.000001
621	690	0.000004
621	694	0.000012
621	699	0.000004
621	701	0.000062
621	704	0.009553
621	707	0.000018
621	733	0.000014
621	735	0.000006
621	786	0.000200
621	788	0.000002
621	789	0.000006
621	790	0.000077
621	795	0.000002
621	796	0.000002
621	797	0.000002
621	798	0.000007
621	800	0.000010
621	809	0.000002
621	810	0.000005
621	816	0.000004
622	628	0.000004
622	675	0.000055
622	677	0.289708
622	679	0.000014
622	681	0.000001
622	684	0.000014
622	692	0.000004
622	695	0.000002
622	697	0.000152
622	700	0.000070
622	703	0.011454
622	708	0.000014
622	709	0.000003
622	711	0.000001
622	731	0.000082
622	732	0.000013
622	737	0.010674
622	785	0.000220
622	791	0.000001
622	792	0.000004
622	793	0.000002
622	801	0.000018
622	802	0.000003
622	811	0.000029
622	813	0.000013
623	627	0.000003
623	629	0.000138
623	674	0.000020
623	676	0.385060
623	678	0.001899
623	683	0.000017
623	693	0.000028
623	694	0.000002
623	696	0.000199
623	698	0.000025
623	699	0.000052
623	701	0.000002
623	702	0.012072
623	705	0.000166
623	706	0.000035
623	707	0.000014
623	723	0.000001
623	728	0.000001
623	730	0.000101
623	734	0.000311
623	736	0.014128
623	783	0.000016
623	784	0.000257
623	787	0.000120
623	788	0.000002
623	789	0.000023
623	790	0.000011
623	794	0.000018
623	795	0.000001
623	796	0.000058
623	797	0.000010
623	798	0.000010
623	799	0.000398
623	800	0.000012
623	803	0.000018
623	808	0.000052
623	810	0.000036
623	812	0.000026
623	814	0.000012
623	815	0.000062
623	816	0.000002
623	817	0.001159
623	827	0.000001
623	830	0.000002
624	682	0.000017
624	694	0.000081
624	699	0.000483
624	701	0.010944
624	704	0.000148
624	707	0.000022
624	722	0.000001
624	733	0.000284
624	735	0.013865
624	786	0.000105
624	788	0.000028
624	789	0.000011
624	790	0.000006
624	795	0.000068
624	796	0.000010
624	797	0.000011
624	798	0.000366
624	800	0.000010
624	804	0.000006
624	807	0.000052
624	809	0.000034
624	810	0.000003
624	816	0.001156
624	829	0.000002
625	629	0.000034
625	631	0.000004
625	671	0.000001
625	674	0.825139
625	676	0.000141
625	678	0.000005
625	693	0.000076
625	696	0.000091
625	698	0.000679
625	699	0.000112
625	701	0.000001
625	702	0.000004
625	705	0.000003
625	706	0.000016
625	730	0.000012
625	733	0.000011
625	734	0.011856
625	736	0.000001
625	783	0.000007
625	784	0.000002
625	786	0.000009
625	787	0.000023
625	794	0.000059
625	795	0.000001
625	796	0.000001
625	797	0.000043
625	799	0.000007
625	803	0.000006
625	806	0.000048
625	808	0.000005
625	812	0.000001
625	814	0.000155
625	815	0.000905
625	817	0.000008
625	825	0.000008
625	828	0.000001
626	630	0.000004
626	673	0.856878
626	675	0.000131
626	695	0.000081
626	710	0.000004
626	729	0.000011
626	782	0.000003
626	785	0.000021
626	805	0.000048
626	813	0.000221
626	824	0.000008
627	672	0.857106
627	673	0.000005
627	675	0.000013
627	677	0.000014
627	697	0.004355
627	700	0.000005
627	703	0.000007
627	709	0.000004
627	731	0.007984
627	732	0.000448
627	737	0.000002
627	785	0.000004
627	811	0.000010
627	813	0.000085
627	823	0.000008
628	670	0.000006
628	671	0.857593
628	674	0.000158
628	676	0.000020
628	693	0.000002
628	696	0.004685
628	698	0.000051
628	699	0.000005
628	702	0.000008
628	706	0.000001
628	730	0.008816
628	733	0.000002
628	736	0.000003
628	783	0.000019
628	784	0.000005
628	786	0.000009
628	794	0.000005
628	803	0.000014
628	806	0.000004
628	810	0.000008
628	812	0.000099
628	814	0.000581
628	815	0.000002
628	822	0.000008
628	825	0.000001
629	669	0.000007
629	673	0.000159
629	675	0.000020
629	695	0.004313
629	710	0.000002
629	729	0.008471
629	782	0.000016
629	785	0.000010
629	805	0.000004
629	813	0.000584
629	824	0.000001
630	668	0.000004
630	670	0.998737
630	671	0.000039
630	674	0.000010
630	694	0.000006
630	728	0.000095
630	812	0.000054
630	814	0.000001
631	667	0.000003
631	669	0.999736
631	673	0.000008
631	813	0.000001
632	666	0.000001
632	668	0.999452
633	667	0.999864
634	666	0.999496
634	707	0.000002
635	664	0.000002
635	665	0.999960
635	706	0.000002
636	664	0.996558
636	665	0.000003
636	705	0.000002
637	704	0.000002
638	661	0.000002
638	662	0.972156
638	664	0.000003
640	661	0.999345
640	662	0.000094
641	660	0.999956
642	659	0.999957
643	658	0.999990
644	657	0.999985
645	656	0.999500
646	655	0.999191
647	653	0.000037
647	654	0.999889
648	653	0.990948
648	654	0.000013
667	698	0.000087
668	697	0.000115
669	696	0.000203
669	698	0.000001
670	695	0.000112
671	691	0.000001
671	695	0.132801
671	805	0.000002
672	694	0.139018
672	699	0.000004
672	804	0.000002
672	816	0.000002
673	693	0.139791
673	694	0.000001
673	696	0.000061
673	698	0.000005
673	803	0.000002
673	814	0.000018
673	815	0.000002
674	691	0.171347
674	695	0.000059
674	710	0.000006
674	813	0.000019
675	683	0.000002
675	686	0.000002
675	688	0.000004
675	690	0.471071
675	693	0.000225
675	694	0.000011
675	696	0.000235
675	698	0.000028
675	702	0.000003
675	705	0.000002
675	706	0.000006
675	707	0.000041
675	712	0.000014
675	730	0.000157
675	734	0.000006
675	736	0.000010
675	751	0.000037
675	783	0.000056
675	784	0.000009
675	786	0.000065
675	787	0.000544
675	788	0.000027
675	789	0.000002
675	790	0.000003
675	794	0.000008
675	799	0.000004
675	803	0.000009
675	806	0.000027
675	808	0.000002
675	812	0.000027
675	814	0.002100
675	815	0.000019
675	817	0.000005
676	680	0.000002
676	687	0.000004
676	689	0.497949
676	691	0.000519
676	695	0.000225
676	710	0.000324
676	729	0.000148
676	750	0.000037
676	782	0.000043
676	785	0.000075
676	791	0.000038
676	805	0.000030
676	813	0.002105
677	688	0.503110
677	690	0.000523
677	694	0.000159
677	704	0.000001
677	707	0.002062
677	735	0.000001
677	786	0.001901
677	790	0.000033
677	797	0.000001
677	804	0.000023
677	806	0.000012
677	810	0.000002
677	816	0.000001
678	687	0.505663
678	689	0.000523
678	691	0.000052
678	695	0.000382
678	710	0.000399
678	729	0.000002
678	748	0.000037
678	782	0.000001
678	785	0.002396
678	791	0.000028
678	805	0.000015
678	813	0.000046
679	683	0.000013
679	686	0.504582
679	688	0.000493
679	690	0.000054
679	693	0.000047
679	694	0.000410
679	696	0.000004
679	702	0.000005
679	704	0.000003
679	705	0.000022
679	706	0.484861
679	707	0.000068
679	717	0.000002
679	735	0.000037
679	736	0.000007
679	747	0.000037
679	784	0.002290
679	788	0.000028
679	790	0.000002
679	794	0.000004
679	795	0.000034
679	799	0.000010
679	800	0.000022
679	803	0.000001
679	804	0.000006
679	809	0.000003
679	812	0.000011
679	815	0.000040
679	816	0.000001
679	818	0.000008
680	686	0.000151
680	693	0.000432
680	701	0.000003
680	702	0.000375
680	704	0.000014
680	705	0.486456
680	706	0.000048
680	716	0.000002
680	728	0.000002
680	734	0.000048
680	736	0.000002
680	746	0.000037
680	783	0.002254
680	787	0.000032
680	789	0.000002
680	794	0.000040
680	798	0.000009
680	799	0.000024
680	803	0.000006
680	808	0.000004
680	814	0.000039
680	815	0.000001
680	817	0.000009
681	688	0.000061
681	690	0.000009
681	694	0.000004
681	699	0.000001
681	701	0.000380
681	704	0.484211
681	715	0.000002
681	727	0.000002
681	733	0.000047
681	735	0.000002
681	744	0.000036
681	786	0.000031
681	788	0.000001
681	797	0.000009
681	798	0.000022
681	807	0.000003
681	816	0.000009
682	687	0.000054
682	689	0.000007
682	692	0.000486
682	700	0.000342
682	703	0.435649
682	711	0.000014
682	714	0.000002
682	726	0.000002
682	732	0.000041
682	743	0.000036
682	785	0.000027
682	792	0.000067
683	689	0.000029
683	691	0.000497
683	695	0.000004
683	710	0.000017
683	713	0.000002
683	725	0.000002
683	742	0.000036
683	785	0.000002
683	791	0.000070
683	805	0.000003
684	688	0.000020
684	690	0.000435
684	694	0.000003
684	699	0.000613
684	701	0.075466
684	704	0.000002
684	741	0.000035
684	790	0.000066
684	795	0.000001
684	804	0.000003
684	807	0.000001
685	699	0.006413
685	701	0.001075
685	707	0.000003
685	786	0.000009
685	789	0.000036
685	806	0.000002
685	816	0.000002
686	691	0.000001
686	695	0.000004
686	710	0.000002
686	785	0.000010
686	805	0.000002
686	813	0.000009
687	693	0.000003
687	694	0.000003
687	696	0.000101
687	698	0.477953
687	699	0.000442
687	701	0.000653
687	702	0.000162
687	704	0.000008
687	705	0.000015
687	706	0.000123
687	738	0.000049
687	751	0.000002
687	784	0.000007
687	794	0.000001
687	812	0.000009
687	814	0.000074
688	692	0.000003
688	695	0.000098
688	697	0.480688
688	700	0.000729
688	703	0.000013
688	708	0.000002
688	731	0.000003
688	737	0.000062
688	750	0.000002
688	793	0.000001
688	811	0.000008
688	813	0.000076
689	693	0.000003
689	694	0.000031
689	696	0.480859
689	698	0.015212
689	699	0.000039
689	701	0.000006
689	702	0.000016
689	704	0.001223
689	705	0.000034
689	706	0.000014
689	707	0.000002
689	730	0.000005
689	736	0.000075
689	738	0.000007
689	749	0.000002
689	751	0.000003
689	803	0.000002
689	810	0.000004
689	812	0.000082
689	814	0.000002
690	695	0.442105
690	697	0.016124
690	700	0.000031
690	703	0.007536
690	708	0.000008
690	709	0.000002
690	729	0.000005
690	731	0.000002
690	737	0.000105
690	748	0.000002
690	750	0.000003
690	802	0.000002
690	811	0.000082
690	813	0.000002
691	696	0.020516
691	698	0.002749
691	699	0.000117
691	701	0.000010
691	702	0.040539
691	704	0.000012
691	705	0.009211
691	706	0.001801
691	707	0.000026
691	712	0.000042
691	716	0.000298
691	717	0.000001
691	720	0.000003
691	728	0.000008
691	730	0.000010
691	734	0.005147
691	736	0.000617
691	747	0.000002
691	749	0.000014
691	751	0.000001
691	783	0.000008
691	784	0.000021
691	787	0.016138
691	789	0.000002
691	790	0.000011
691	794	0.000007
691	796	0.000006
691	797	0.000003
691	798	0.000006
691	799	0.000152
691	800	0.000002
691	803	0.000031
691	807	0.000092
691	808	0.000021
691	810	0.000083
691	812	0.000008
691	814	0.000008
691	815	0.000032
691	816	0.000002
691	817	0.000337
692	699	0.000284
692	701	0.039145
692	704	0.009028
692	707	0.000039
692	715	0.000305
692	719	0.000003
692	727	0.000007
692	733	0.005028
692	735	0.000592
692	786	0.016203
692	788	0.000002
692	789	0.000011
692	790	0.000004
692	795	0.000007
692	796	0.000004
692	797	0.000007
692	798	0.000141
692	800	0.000004
692	804	0.000003
692	806	0.000147
692	807	0.000015
692	809	0.000072
692	816	0.000320
693	710	0.002248
693	714	0.000307
693	725	0.000004
693	748	0.000024
693	785	0.016146
693	791	0.000002
693	805	0.000159
693	813	0.000012
693	824	0.000001
694	700	0.002035
694	703	0.016625
694	708	0.000116
694	709	0.002273
694	710	0.000012
694	711	0.000020
694	713	0.000307
694	724	0.000004
694	729	0.000001
694	731	0.006431
694	732	0.000008
694	737	0.000073
694	785	0.000017
694	792	0.000004
694	793	0.000005
694	801	0.000061
694	802	0.000047
694	811	0.000002
694	813	0.000009
694	823	0.000001
695	699	0.001513
695	701	0.000160
695	702	0.018286
695	704	0.000066
695	705	0.000128
695	706	0.000264
695	707	0.000117
695	712	0.000316
695	716	0.000002
695	717	0.000003
695	723	0.000004
695	728	0.000003
695	730	0.006725
695	734	0.000008
695	736	0.000093
695	746	0.000056
695	783	0.008536
695	784	0.000246
695	786	0.000053
695	787	0.000023
695	788	0.000001
695	790	0.000002
695	794	0.000023
695	795	0.000006
695	796	0.000006
695	797	0.000007
695	798	0.000008
695	799	0.000095
695	800	0.000059
695	803	0.000087
695	806	0.000080
695	808	0.000001
695	810	0.000002
695	812	0.000016
695	814	0.001259
695	815	0.000011
695	817	0.000002
695	822	0.000001
696	710	0.000475
696	729	0.006358
696	745	0.000058
696	782	0.006718
696	785	0.000068
696	791	0.000108
696	805	0.000088
696	813	0.001277
697	701	0.000494
697	704	0.000400
697	707	0.000104
697	715	0.000031
697	727	0.000050
697	733	0.000005
697	735	0.000003
697	744	0.000058
697	786	0.000156
697	789	0.000002
697	790	0.000114
697	795	0.000014
697	796	0.000027
697	797	0.000020
697	798	0.000024
697	800	0.000032
697	804	0.000077
697	806	0.000013
697	809	0.000002
697	810	0.000003
697	816	0.000001
698	710	0.004802
698	713	0.000004
698	714	0.000050
698	729	0.000007
698	743	0.000058
698	781	0.000008
698	785	0.000175
698	791	0.000005
698	805	0.000014
698	813	0.000019
699	703	0.000185
699	708	0.005452
699	709	0.004415
699	710	0.000050
699	711	0.000029
699	713	0.000050
699	726	0.000002
699	729	0.000004
699	731	0.000018
699	732	0.000009
699	737	0.000002
699	742	0.000057
699	791	0.000010
699	792	0.000005
699	793	0.000078
699	801	0.000049
699	802	0.000007
699	811	0.000030
700	704	0.000111
700	707	0.005764
700	715	0.000007
700	727	0.000137
700	733	0.000009
700	741	0.000049
700	744	0.000001
700	786	0.000005
700	789	0.000003
700	790	0.000027
700	795	0.000038
700	796	0.000134
700	797	0.000111
700	798	0.000038
700	800	0.000049
700	804	0.000001
700	809	0.000007
700	810	0.000030
700	816	0.000001
701	708	0.000351
701	709	0.000095
701	710	0.000046
701	711	0.013405
701	714	0.000010
701	726	0.000098
701	729	0.000064
701	731	0.000017
701	732	0.000009
701	737	0.000006
701	743	0.000001
701	785	0.000004
701	792	0.008551
701	793	0.000039
701	802	0.000001
701	811	0.000001
702	710	0.016022
702	713	0.000042
702	725	0.000086
702	729	0.000171
702	742	0.000001
702	785	0.000013
702	791	0.009823
702	805	0.000012
702	813	0.000008
703	707	0.000194
703	715	0.000001
703	727	0.005824
703	733	0.000018
703	735	0.000009
703	741	0.000001
703	786	0.000006
703	788	0.000001
703	789	0.000011
703	790	0.009727
703	795	0.000065
703	796	0.000041
703	797	0.000020
703	798	0.000008
703	800	0.000003
703	804	0.000012
703	809	0.000002
703	810	0.000002
703	816	0.000003
704	708	0.000363
704	709	0.000424
704	710	0.000037
704	711	0.012715
704	714	0.000001
704	724	0.000001
704	726	0.006716
704	731	0.000008
704	732	0.000018
704	737	0.000067
704	785	0.000005
704	791	0.000016
704	792	0.018848
704	793	0.000424
704	811	0.000001
705	710	0.015158
705	713	0.000004
705	714	0.000070
705	725	0.006854
705	785	0.000007
705	791	0.021516
705	813	0.000044
706	710	0.000725
706	713	0.000082
706	714	0.000002
706	724	0.006846
706	725	0.000002
706	785	0.000020
706	791	0.024010
706	813	0.000036
707	711	0.000089
707	713	0.000002
707	724	0.000002
707	731	0.000213
707	732	0.000283
707	737	0.007025
707	785	0.000002
707	791	0.003339
707	792	0.000278
707	793	0.000071
707	801	0.000081
707	802	0.000035
707	805	0.000001
707	811	0.000799
707	813	0.000002
708	719	0.000058
708	721	0.000001
708	722	0.006090
708	733	0.000501
708	735	0.000297
708	786	0.000002
708	788	0.000166
708	789	0.263156
708	790	0.003778
708	795	0.000003
708	796	0.000136
708	797	0.000010
708	798	0.000034
708	800	0.000060
708	804	0.000002
708	809	0.000002
708	810	0.000901
708	816	0.000005
709	718	0.000069
709	721	0.006820
709	727	0.000001
709	733	0.001309
709	735	0.158738
709	786	0.000002
709	788	0.346008
709	789	0.002060
709	790	0.000049
709	795	0.000177
709	796	0.000011
709	797	0.000043
709	798	0.000012
709	800	0.001046
709	804	0.000021
709	809	0.000899
709	810	0.000004
709	816	0.000277
710	716	0.000002
710	717	0.000069
710	719	0.000001
710	720	0.006836
710	722	0.000002
710	723	0.000028
710	728	0.000010
710	730	0.182877
710	733	0.000336
710	734	0.177884
710	735	0.000012
710	736	0.011082
710	783	0.000039
710	784	0.000067
710	787	0.358354
710	788	0.000059
710	789	0.000030
710	790	0.000004
710	794	0.000179
710	795	0.000007
710	796	0.000042
710	797	0.000014
710	798	0.000006
710	799	0.001138
710	800	0.000001
710	803	0.000026
710	807	0.000002
710	808	0.000850
710	809	0.000003
710	810	0.000005
710	812	0.000007
710	814	0.000020
710	815	0.000311
710	816	0.000002
710	817	0.000229
711	715	0.000002
711	718	0.000030
711	719	0.006339
711	721	0.000002
711	722	0.000027
711	727	0.000007
711	733	0.174944
711	735	0.011022
711	786	0.357767
711	788	0.000025
711	789	0.000003
711	790	0.000001
711	795	0.000036
711	796	0.000012
711	797	0.000008
711	798	0.000972
711	806	0.000027
711	807	0.000674
711	809	0.000005
711	816	0.000197
712	724	0.000007
712	729	0.615695
712	785	0.354820
712	805	0.000049
712	813	0.000003
713	717	0.001373
713	718	0.000087
713	719	0.000002
713	720	0.000029
713	721	0.000006
713	723	0.000009
713	727	0.000001
713	728	0.674860
713	730	0.000046
713	734	0.000005
713	736	0.000001
713	783	0.000043
713	784	0.316172
713	804	0.000021
713	812	0.000001
713	815	0.000001
714	718	0.000011
714	719	0.000026
714	720	0.000015
714	722	0.000008
714	723	0.000030
714	727	0.694753
714	728	0.001603
714	730	0.000151
714	733	0.000003
714	734	0.000003
714	736	0.000003
714	783	0.292225
714	784	0.000002
714	803	0.000021
714	814	0.000001
715	724	0.000007
715	725	0.000070
715	726	0.891655
715	729	0.000109
715	731	0.000055
715	732	0.000007
715	737	0.000002
715	782	0.025812
715	802	0.000015
716	724	0.000198
716	725	0.935449
716	729	0.000581
716	781	0.016782
716	782	0.000309
717	724	0.934040
717	725	0.000548
717	729	0.000147
717	780	0.015911
717	781	0.000173
717	782	0.000003
717	791	0.000001
718	724	0.000532
718	725	0.000015
718	726	0.000360
718	729	0.000005
718	731	0.000008
718	732	0.000022
718	737	0.000004
718	763	0.000003
718	776	0.000004
718	779	0.013308
718	780	0.000030
718	793	0.000003
719	724	0.000023
719	725	0.000412
719	726	0.003385
719	731	0.000027
719	732	0.000002
719	737	0.000008
719	761	0.000001
719	762	0.000012
719	775	0.000010
719	776	0.007935
719	779	0.000028
719	792	0.000004
720	724	0.000451
720	725	0.003769
720	729	0.000058
720	760	0.000001
720	761	0.000013
720	774	0.000010
720	775	0.008473
720	791	0.000004
721	725	0.000002
721	726	0.000004
721	729	0.000002
721	731	0.000038
721	732	0.000119
721	737	0.000083
721	759	0.000001
721	760	0.000013
721	774	0.008141
721	775	0.000002
721	776	0.001444
721	779	0.000002
721	793	0.000005
722	726	0.000002
722	729	0.000004
722	731	0.000153
722	732	0.000013
722	737	0.001463
722	759	0.000011
722	774	0.000005
722	775	0.001477
722	776	0.000035
722	779	0.000009
722	792	0.000007
723	729	0.000411
723	742	0.000002
723	748	0.000008
723	772	0.008416
723	774	0.001474
723	775	0.000036
723	785	0.000016
723	791	0.000007
724	728	0.000384
724	730	0.000542
724	733	0.000010
724	734	0.000131
724	735	0.027332
724	736	0.003915
724	738	0.000093
724	739	0.000202
724	740	0.000359
724	741	0.000007
724	747	0.000011
724	754	0.000006
724	755	0.000130
724	770	0.000016
724	771	0.008402
724	773	0.001289
724	777	0.000004
724	778	0.002096
724	784	0.000019
724	788	0.000006
724	790	0.000005
724	795	0.000003
724	799	0.000003
724	800	0.000003
724	815	0.000002
725	730	0.000148
725	733	0.000072
725	734	0.035677
725	735	0.000155
725	736	0.001783
725	738	0.000203
725	739	0.000359
725	740	0.000009
725	746	0.000011
725	747	0.000001
725	751	0.000001
725	753	0.000007
725	754	0.000136
725	769	0.000027
725	770	0.008121
725	771	0.000141
725	773	0.000009
725	777	0.002093
725	778	0.000001
725	783	0.000019
725	787	0.000008
725	789	0.000005
725	794	0.000003
725	798	0.000003
725	799	0.000003
725	814	0.000002
725	817	0.000001
726	733	0.035071
726	735	0.001799
726	744	0.000030
726	752	0.000009
726	753	0.000133
726	786	0.000007
726	788	0.000004
726	797	0.000003
726	798	0.000003
726	816	0.000001
727	731	0.000150
727	732	0.029479
727	737	0.000105
727	743	0.000031
727	748	0.000001
727	768	0.000579
727	775	0.001592
727	776	0.000057
727	785	0.000004
727	792	0.000008
728	742	0.000035
728	743	0.000006
728	745	0.000046
728	748	0.000016
728	750	0.000165
728	766	0.000002
728	772	0.000087
728	774	0.002059
728	775	0.000033
728	785	0.000008
728	791	0.000010
728	813	0.000001
729	733	0.000111
729	734	0.003298
729	735	0.000220
729	736	0.005464
729	738	0.000201
729	739	0.000003
729	740	0.000004
729	741	0.000021
729	744	0.000049
729	746	0.006358
729	747	0.000072
729	749	0.000188
729	751	0.000008
729	767	0.001306
729	769	0.000001
729	771	0.000087
729	773	0.002086
729	783	0.000077
729	784	0.000021
729	786	0.000006
729	787	0.000003
729	790	0.000010
729	794	0.000012
729	799	0.000002
729	806	0.000002
729	812	0.000002
729	814	0.000116
729	815	0.000001
730	742	0.000023
730	743	0.000048
730	745	0.006406
730	748	0.000187
730	750	0.000008
730	766	0.001309
730	772	0.002065
730	782	0.000043
730	785	0.000016
730	791	0.021138
730	805	0.000005
730	813	0.000126
731	735	0.000357
731	741	0.000024
731	744	0.003557
731	765	0.001218
731	786	0.000035
731	788	0.000105
731	789	0.000701
731	790	0.022252
731	795	0.000003
731	796	0.000131
731	797	0.000022
731	798	0.000012
731	804	0.000005
731	810	0.000006
731	816	0.000003
732	741	0.000023
732	744	0.002968
732	765	0.000006
732	786	0.000532
732	788	0.000789
732	789	0.021218
732	790	0.000149
732	795	0.000160
732	796	0.000025
732	797	0.000014
732	798	0.000001
732	809	0.000005
732	810	0.000001
732	816	0.000003
733	737	0.000247
733	742	0.000042
733	743	0.005713
733	745	0.000002
733	761	0.000007
733	762	0.000711
733	763	0.000085
733	776	0.000003
733	785	0.000513
733	792	0.000131
733	793	0.000015
734	742	0.005818
734	743	0.000272
734	745	0.000007
734	748	0.000001
734	760	0.000008
734	761	0.000763
734	775	0.000003
734	782	0.000004
734	785	0.001310
734	791	0.000150
734	813	0.000006
735	742	0.000192
735	743	0.000301
735	759	0.000007
735	760	0.000752
735	761	0.000006
735	762	0.000165
735	763	0.000027
735	774	0.000002
735	776	0.000011
735	782	0.000002
735	785	0.001877
735	792	0.003159
735	793	0.000006
736	742	0.000418
736	743	0.000019
736	745	0.000350
736	759	0.000738
736	760	0.000012
736	761	0.000165
736	766	0.000001
736	774	0.000005
736	775	0.000015
736	781	0.000001
736	782	0.000021
736	785	0.017559
736	791	0.003595
736	805	0.000004
736	813	0.000010
737	741	0.000281
737	744	0.000359
737	756	0.000002
737	757	0.000040
737	765	0.000001
737	786	0.000131
737	788	0.000051
737	789	0.000023
737	790	0.003520
737	800	0.000001
737	804	0.000003
737	810	0.000001
737	816	0.000003
738	742	0.000004
738	743	0.000358
738	759	0.000009
738	760	0.000178
738	761	0.000275
738	772	0.000030
738	774	0.000021
738	775	0.000488
738	781	0.000150
738	782	0.949149
738	785	0.000042
739	759	0.000177
739	760	0.000280
739	761	0.000014
739	772	0.000022
739	774	0.000498
739	775	0.000124
739	780	0.000085
739	781	0.978833
739	782	0.000013
740	745	0.000002
740	759	0.000280
740	760	0.000014
740	772	0.000740
740	774	0.000125
740	775	0.000002
740	780	0.983532
740	781	0.000008
741	750	0.000001
741	759	0.000014
741	772	0.000083
741	774	0.000002
741	779	0.984711
741	780	0.000002
742	747	0.000003
742	749	0.000002
742	751	0.000002
742	752	0.000493
742	753	0.000002
742	754	0.000034
742	755	0.000665
742	756	0.000024
742	758	0.000015
742	770	0.004100
742	771	0.000129
742	778	0.986971
743	749	0.000002
743	751	0.000516
743	752	0.000002
743	753	0.000026
743	754	0.000665
743	755	0.000024
743	757	0.000012
743	764	0.000002
743	769	0.004277
743	770	0.000094
743	773	0.000003
743	777	0.986954
743	778	0.000004
744	748	0.000002
744	750	0.000514
744	763	0.000001
744	768	0.004311
744	772	0.000003
744	774	0.000046
744	775	0.000005
744	776	0.980477
745	749	0.000467
745	751	0.000717
745	752	0.000013
745	754	0.000004
745	755	0.000002
745	767	0.004274
745	769	0.000054
745	770	0.000004
745	771	0.000005
745	773	0.000242
745	777	0.000010
746	750	0.000708
746	760	0.000004
746	761	0.000003
746	766	0.004096
746	772	0.000239
746	774	0.004972
746	775	0.979613
747	759	0.000004
747	760	0.000003
747	761	0.000007
747	766	0.000163
747	772	0.003917
747	774	0.981633
747	775	0.000004
748	758	0.000004
748	764	0.001284
748	765	0.000306
748	767	0.008505
748	769	0.000290
748	770	0.000025
748	771	0.003271
748	773	0.981641
748	783	0.000003
749	759	0.000010
749	761	0.000005
749	766	0.008809
749	772	0.979786
749	774	0.000007
749	782	0.000003
750	754	0.000042
750	755	0.000155
750	756	0.000008
750	757	0.000012
750	758	0.000077
750	764	0.006868
750	765	0.009907
750	767	0.479505
750	769	0.000408
750	770	0.001485
750	771	0.483849
750	773	0.000016
751	759	0.000027
751	760	0.000104
751	761	0.000276
751	766	0.571518
751	772	0.000017
751	780	0.000003
752	759	0.000094
752	760	0.000252
752	761	0.000056
752	762	0.013837
752	763	0.715661
752	766	0.000897
752	768	0.002789
752	779	0.000003
753	759	0.000183
753	760	0.000079
753	761	0.014490
753	762	0.921254
753	763	0.001326
753	766	0.000063
753	768	0.001141
753	776	0.000022
754	759	0.000113
754	760	0.014942
754	761	0.931959
754	766	0.000118
754	775	0.000030
755	759	0.014856
755	760	0.930462
755	761	0.000103
755	766	0.001417
755	774	0.000030
755	775	0.000010
756	760	0.000092
756	761	0.000003
756	762	0.000020
756	763	0.000041
756	766	0.000038
756	768	0.000182
756	774	0.000011
756	776	0.000003
757	761	0.000017
757	762	0.000037
757	763	0.000019
757	766	0.000046
757	768	0.000037
757	775	0.000003
758	766	0.002038
758	772	0.001291
758	774	0.000004
759	764	0.000726
759	765	0.002050
759	767	0.000021
759	769	0.000032
759	770	0.036279
759	771	0.007385
759	773	0.000004
759	778	0.000014
760	764	0.001967
760	765	0.000005
760	767	0.000114
760	769	0.036316
760	770	0.008760
760	771	0.000126
760	777	0.000014
760	778	0.000013
761	765	0.000007
761	767	0.001622
761	769	0.008726
761	770	0.000162
761	777	0.000013
764	775	0.000142
765	774	0.000144
766	770	0.000435
766	771	0.000293
766	773	0.000174
767	772	0.000176
769	775	0.000009
769	782	0.000003
770	774	0.000009
770	775	0.000002
770	781	0.000004
771	780	0.000004
780	815	0.000001
780	816	0.000218
780	817	0.000029
780	819	0.000003
781	814	0.000001
781	815	0.003630
781	816	0.000064
781	817	0.000004
781	818	0.000006
782	787	0.000009
782	788	0.000001
782	789	0.000002
782	794	0.000002
782	806	0.000013
782	814	0.007045
782	815	0.001432
782	816	0.000009
782	817	0.000163
782	818	0.000001
783	791	0.000259
783	805	0.000121
783	813	0.004694
784	791	0.011063
784	805	0.000127
784	813	0.211337
785	789	0.000067
785	790	0.008989
785	794	0.011938
785	795	0.000011
785	796	0.000021
785	797	0.000017
785	798	0.000014
785	799	0.000265
785	800	0.000008
785	803	0.006173
785	804	0.000099
785	806	0.000003
785	807	0.000001
785	808	0.000011
785	809	0.000012
785	810	0.000006
785	812	0.233299
785	814	0.131090
785	815	0.004164
785	816	0.000020
785	817	0.000267
786	791	0.000026
786	792	0.002457
786	793	0.010269
786	801	0.000011
786	802	0.005719
786	805	0.000004
786	811	0.217800
786	813	0.126394
787	791	0.003384
787	805	0.000044
787	813	0.005675
788	792	0.000054
788	793	0.000036
788	801	0.000615
788	802	0.005471
788	805	0.000003
788	811	0.096173
788	813	0.000073
789	793	0.000022
789	801	0.005792
789	802	0.004467
789	805	0.000002
789	811	0.001544
789	813	0.000014
790	801	0.007290
790	802	0.000218
790	805	0.000002
790	811	0.000404
790	813	0.000058
791	795	0.000031
791	796	0.000124
791	797	0.000507
791	798	0.001207
791	799	0.088518
791	800	0.003745
791	803	0.000314
791	804	0.000007
791	806	0.000005
791	807	0.000027
791	808	0.694322
791	809	0.000027
791	810	0.000090
791	812	0.000030
791	814	0.000003
791	815	0.000003
791	817	0.000014
792	796	0.000439
792	797	0.001370
792	798	0.086701
792	800	0.000242
792	804	0.000027
792	806	0.000024
792	807	0.697593
792	809	0.000065
792	810	0.000011
792	816	0.000013
793	797	0.050438
793	798	0.000322
793	800	0.000385
793	804	0.000074
793	806	0.699312
793	807	0.000005
793	809	0.000009
793	810	0.000003
794	805	0.699414
794	813	0.000008
795	801	0.001626
795	802	0.011852
795	805	0.000078
795	811	0.000003
796	801	0.014742
796	802	0.010513
796	805	0.000075
796	811	0.000003
797	801	0.007854
797	802	0.025538
797	805	0.000023
797	811	0.000003
798	802	0.000522
798	805	0.000012
798	813	0.000007
799	805	0.000516
799	813	0.000020
800	805	0.000020
800	811	0.000426
800	813	0.000001
801	806	0.000012
801	807	0.000018
801	809	0.000004
801	810	0.000482
801	816	0.000023
802	806	0.000017
802	807	0.000008
802	809	0.000374
802	810	0.000006
802	816	0.000011
803	813	0.000208
804	811	0.000154
804	813	0.003696
805	809	0.000002
805	810	0.000172
805	812	0.007541
805	814	0.000632
805	815	0.000023
805	817	0.000015
806	811	0.007173
806	813	0.000593
807	811	0.000007
807	813	0.000005
808	813	0.000066
809	813	0.000073
811	816	0.000105
813	817	0.000714
813	818	0.000029
813	819	0.000014
813	820	0.000021
813	825	0.000022
813	826	0.000001
813	886	0.000003
814	824	0.000020
814	885	0.000003
815	824	0.000008
815	884	0.000003
816	823	0.000008
817	882	0.000001
818	881	0.000001
819	880	0.000001
821	885	0.000002
822	876	0.000001
822	884	0.000003
823	829	0.000008
823	832	0.000005
823	875	0.000001
824	828	0.000017
824	831	0.000006
824	874	0.000001
824	883	0.000029
824	886	0.000036
825	882	0.000029
825	885	0.000036
826	881	0.000029
826	884	0.000036
827	880	0.000029
827	882	0.000031
828	878	0.000028
828	881	0.000031
828	882	0.000005
829	877	0.000028
829	880	0.000028
829	881	0.000005
830	876	0.000028
830	880	0.000006
831	872	0.000007
831	878	0.000036
832	871	0.000007
832	877	0.000036
833	842	0.000002
833	872	0.000003
833	876	0.000036
834	842	0.000002
834	872	0.000003
835	842	0.000120
835	848	0.000022
835	859	0.000002
835	865	0.000001
835	872	0.000003
835	885	0.000019
836	842	0.000610
836	848	0.000040
836	858	0.000002
836	865	0.000012
836	872	0.000026
836	884	0.000019
836	885	0.000006
837	842	0.000046
837	844	0.000017
837	848	0.000002
837	850	0.000012
837	865	0.000002
837	866	0.000025
837	867	0.001172
837	869	0.000002
837	870	0.000002
837	871	0.000025
837	884	0.000006
838	842	0.000007
838	844	0.000011
838	848	0.000002
838	850	0.000013
838	865	0.000025
838	866	0.001555
838	867	0.000002
838	869	0.000002
838	870	0.000016
838	877	0.000001
838	882	0.000002
838	887	0.000002
839	848	0.000100
839	859	0.000002
839	865	0.001585
839	876	0.000001
839	881	0.000003
839	882	0.000016
839	885	0.000016
840	848	0.000131
840	858	0.000002
840	859	0.000005
840	865	0.000056
840	880	0.000003
840	881	0.000016
840	884	0.000016
840	885	0.000056
841	848	0.000223
841	850	0.017646
841	858	0.000005
841	865	0.000002
841	866	0.000001
841	867	0.000003
841	880	0.000016
841	884	0.000058
841	887	0.001488
842	846	0.000053
842	847	0.000479
842	849	0.022849
842	851	0.000090
842	852	0.000009
842	853	0.000005
842	857	0.000006
842	860	0.000003
842	861	0.000674
842	862	0.000226
842	863	0.000012
842	864	0.000004
842	873	0.000001
842	879	0.000016
842	883	0.000066
842	886	0.005914
843	848	0.023157
843	856	0.000006
843	858	0.000014
843	859	0.000003
843	865	0.000020
843	872	0.000001
843	878	0.000016
843	882	0.000048
843	884	0.000049
843	885	0.004135
844	849	0.000017
844	857	0.000015
844	860	0.002562
844	864	0.000012
845	856	0.000014
845	858	0.000005
845	859	0.002740
845	881	0.000022
845	882	0.000952
845	884	0.000254
845	885	0.000916
846	858	0.002749
846	859	0.000120
846	865	0.000010
846	880	0.000021
846	881	0.000956
846	882	0.000368
846	884	0.000674
846	885	0.074137
847	856	0.009051
847	858	0.000297
847	859	0.000321
847	865	0.005608
847	878	0.000006
847	880	0.000953
847	881	0.000353
847	882	0.000032
847	884	0.094198
847	885	0.000441
848	852	0.000476
848	853	0.001695
848	854	0.001136
848	855	0.011208
848	857	0.000241
848	860	0.000006
848	861	0.017163
848	862	0.000868
848	863	0.000186
848	864	0.005133
848	868	0.000041
848	879	0.000781
848	883	0.092583
848	886	0.077651
849	856	0.000054
849	858	0.001777
849	859	0.000006
849	865	0.000027
849	866	0.000009
849	867	0.000043
849	869	0.000007
849	870	0.000002
849	871	0.000002
849	876	0.000004
849	877	0.000010
849	878	0.000021
849	880	0.000302
849	882	0.013531
849	884	0.000826
849	885	0.072818
849	887	0.001623
850	857	0.002612
850	860	0.049243
850	862	0.000185
850	863	0.000022
850	864	0.000015
850	868	0.000005
850	875	0.000002
850	879	0.000400
851	856	0.002756
851	858	0.000535
851	859	0.054694
851	865	0.000016
851	876	0.000021
851	878	0.000412
851	880	0.000112
851	881	0.004325
851	882	0.120581
851	884	0.033762
851	885	0.176193
852	856	0.000092
852	858	0.054388
852	859	0.005858
852	865	0.000019
852	876	0.000069
852	878	0.000025
852	880	0.004278
852	881	0.127023
852	882	0.083539
852	884	0.177830
852	885	0.000089
853	858	0.005993
853	859	0.002454
853	865	0.000013
853	876	0.000175
853	878	0.000806
853	880	0.126550
853	881	0.087910
853	882	0.185189
853	884	0.000080
853	885	0.000022
854	858	0.002447
854	859	0.000035
854	865	0.000027
854	876	0.000091
854	878	0.003300
854	880	0.088181
854	881	0.185476
854	882	0.000187
854	884	0.000014
854	885	0.004093
855	859	0.000009
855	865	0.000348
855	872	0.000003
855	876	0.002208
855	878	0.201542
855	880	0.185202
855	881	0.000183
855	882	0.000010
855	884	0.004179
856	860	0.000001
856	861	0.000174
856	862	0.000003
856	863	0.000024
856	864	0.000313
856	868	0.000057
856	874	0.000002
856	875	0.001452
856	879	0.156884
856	883	0.004189
856	886	0.000459
857	865	0.000008
857	866	0.000077
857	867	0.000062
857	869	0.000070
857	870	0.000010
857	871	0.000008
857	876	0.233660
857	877	0.013917
857	878	0.012243
857	880	0.000025
857	881	0.000021
857	882	0.004139
857	885	0.000459
858	862	0.000007
858	863	0.000006
858	864	0.000015
858	868	0.000077
858	873	0.000006
858	874	0.003625
858	875	0.385017
858	879	0.000261
859	863	0.000009
859	864	0.000065
859	868	0.000162
859	873	0.003441
859	874	0.393205
859	875	0.001236
859	879	0.000142
859	883	0.000463
860	865	0.000039
860	866	0.002733
860	867	0.000201
860	869	0.000048
860	870	0.000021
860	871	0.000033
860	872	0.000027
860	876	0.000007
860	877	0.000770
860	878	0.000002
860	880	0.000009
860	881	0.000003
860	882	0.000462
861	865	0.005046
861	872	0.402398
861	876	0.000776
861	878	0.007523
861	880	0.000004
861	881	0.000447
862	866	0.000217
862	867	0.000354
862	869	0.002114
862	870	0.006165
862	871	0.415330
862	872	0.000614
862	876	0.000001
862	877	0.007539
862	878	0.000019
862	880	0.000417
863	867	0.000170
863	869	0.007535
863	870	0.400114
863	871	0.016507
863	872	0.000232
863	876	0.006167
863	877	0.000047
863	878	0.000054
864	869	0.315680
864	870	0.020601
864	871	0.005859
864	872	0.000008
864	876	0.000047
864	877	0.000077
864	878	0.000033
864	887	0.000003
865	873	0.000003
865	874	0.007909
865	875	0.000009
865	886	0.000005
866	873	0.007036
866	875	0.000079
867	873	0.000065
867	875	0.000020
867	879	0.000002
868	872	0.000097
868	876	0.000005
868	877	0.000003
868	878	0.000002
868	884	0.000003
868	885	0.000008
868	887	0.000041
869	873	0.000002
869	875	0.000006
870	875	0.000003
872	883	0.009589
872	886	0.001326
873	881	0.000024
873	882	0.009573
873	885	0.000833
873	887	0.000005
874	880	0.000043
874	881	0.009565
874	882	0.000044
874	884	0.000806
874	885	0.000690
875	880	0.008373
875	881	0.000048
875	882	0.000096
875	884	0.000708
875	887	0.000002
876	883	0.000930
876	886	0.000007
878	883	0.000027
878	886	0.001044
879	884	0.000002
879	885	0.001035
879	887	0.000187
880	886	0.000304
881	886	0.000374
882	886	0.000035
