1	7	0.000047
1	8	0.000040
1	9	0.000009
1	12	0.000008
1	13	0.000004
1	15	0.000033
1	33	0.000001
1	41	0.294051
1	67	0.000111
1	75	0.000004
1	76	0.000002
1	79	0.000007
1	214	0.000005
1	688	0.000008
1	690	0.000003
1	693	0.000004
1	694	0.000002
1	703	0.000026
1	709	0.000306
1	857	0.000002
1	859	0.000873
1	863	0.000008
1	864	0.000129
1	866	0.003370
1	870	0.243202
1	873	0.000027
1	882	0.000014
1	883	0.000028
1	884	0.000132
1	886	0.000015
1	887	0.000039
1	888	0.000092
1	889	0.000420
1	892	0.000237
1	893	0.000641
2	7	0.000140
2	8	0.000030
2	9	0.000006
2	11	0.000010
2	12	0.000008
2	14	0.000040
2	15	0.000013
2	28	0.000001
2	30	0.000123
2	32	0.000001
2	39	0.000235
2	40	0.389390
2	41	0.002317
2	42	0.006941
2	46	0.000116
2	50	0.000002
2	53	0.000037
2	62	0.000365
2	65	0.000026
2	66	0.000144
2	74	0.000005
2	75	0.000005
2	77	0.000013
2	213	0.000009
2	221	0.000043
2	224	0.000043
2	227	0.000006
2	228	0.000278
2	413	0.000001
2	419	0.000001
2	521	0.000010
2	683	0.000002
2	686	0.000035
2	690	0.000105
2	693	0.000003
2	694	0.000002
2	702	0.000028
2	703	0.000053
2	706	0.000001
2	707	0.029532
2	708	0.000338
2	857	0.000002
2	858	0.000974
2	859	0.002102
2	863	0.000248
2	864	0.000019
2	865	0.004851
2	866	0.001236
2	868	0.000214
2	869	0.275283
2	870	0.002375
2	873	0.000012
2	880	0.001038
2	882	0.000031
2	883	0.000138
2	884	0.000443
2	886	0.000036
2	887	0.000116
2	888	0.000767
2	889	0.000563
2	890	0.034634
2	892	0.000592
2	893	0.000091
2	895	0.006316
3	7	0.000029
3	8	0.000022
3	9	0.000010
3	11	0.000008
3	13	0.000039
3	14	0.000017
3	29	0.000125
3	30	0.000001
3	39	0.389482
3	40	0.002856
3	41	0.005610
3	42	0.063860
3	46	0.000009
3	52	0.000037
3	61	0.000369
3	62	0.000002
3	64	0.000026
3	65	0.000143
3	74	0.000005
3	76	0.000012
3	77	0.000017
3	212	0.000007
3	220	0.000018
3	221	0.000226
3	224	0.000021
3	226	0.000003
3	227	0.000301
3	236	0.000002
3	412	0.000001
3	418	0.000002
3	520	0.000010
3	683	0.000005
3	686	0.000027
3	688	0.000002
3	690	0.000008
3	693	0.000001
3	694	0.000004
3	702	0.000062
3	706	0.030123
3	707	0.000180
3	857	0.000393
3	858	0.002491
3	859	0.000004
3	863	0.000017
3	864	0.004506
3	865	0.002002
3	866	0.000002
3	868	0.273488
3	869	0.002541
3	870	0.000021
3	873	0.000007
3	880	0.000352
3	882	0.000060
3	883	0.000516
3	884	0.000246
3	886	0.000046
3	887	0.000793
3	888	0.000764
3	889	0.031954
3	890	0.014171
3	892	0.000051
3	893	0.000430
3	895	0.008027
4	8	0.000042
4	9	0.000028
4	12	0.000037
4	13	0.000016
4	26	0.000002
4	28	0.000125
4	41	0.061437
4	60	0.000372
4	61	0.000001
4	75	0.000010
4	76	0.000015
4	79	0.000012
4	220	0.000190
4	226	0.000255
4	235	0.000001
4	417	0.000002
4	532	0.000001
4	682	0.000004
4	688	0.000238
4	690	0.003719
4	693	0.000003
4	700	0.000003
4	703	0.000001
4	705	0.030279
4	857	0.002087
4	859	0.000006
4	863	0.003765
4	864	0.001769
4	866	0.000385
4	870	0.000014
4	873	0.000011
4	882	0.000435
4	883	0.000221
4	884	0.000035
4	886	0.000629
4	887	0.000647
4	888	0.027027
4	889	0.012077
4	892	0.000392
4	893	0.003174
5	10	0.000028
5	25	0.000002
5	27	0.000126
5	48	0.000003
5	56	0.000001
5	59	0.000373
5	68	0.000001
5	71	0.000007
5	78	0.000013
5	80	0.000015
5	210	0.000006
5	215	0.000001
5	218	0.000005
5	222	0.000053
5	233	0.000002
5	416	0.000002
5	423	0.000020
5	528	0.000001
5	531	0.000002
5	533	0.000001
5	687	0.000248
5	689	0.003953
5	691	0.000335
5	696	0.000001
5	701	0.000072
5	704	0.030269
5	860	0.001402
5	861	0.001327
5	867	0.073724
5	894	0.013324
6	24	0.000002
6	26	0.000125
6	41	0.000610
6	55	0.000001
6	58	0.000342
6	79	0.000015
6	209	0.000006
6	220	0.000010
6	226	0.000002
6	232	0.000002
6	415	0.000002
6	422	0.000019
6	532	0.000001
6	688	0.003793
6	690	0.000307
6	693	0.000001
6	700	0.000070
6	703	0.024342
6	857	0.000015
6	859	0.001156
6	863	0.000725
6	864	0.000050
6	866	0.058571
6	870	0.000009
6	873	0.000075
6	882	0.000095
6	883	0.000020
6	884	0.000082
6	886	0.002734
6	887	0.000605
6	888	0.000167
6	889	0.000047
6	892	0.000639
6	893	0.010807
7	25	0.000116
7	37	0.000100
7	38	0.007757
7	43	0.000179
7	44	0.000184
7	45	0.000084
7	47	0.000004
7	48	0.000002
7	49	0.000003
7	54	0.000001
7	57	0.000315
7	73	0.000002
7	78	0.000013
7	208	0.000006
7	217	0.000001
7	219	0.000011
7	222	0.000001
7	223	0.000024
7	225	0.000002
7	231	0.000001
7	414	0.000002
7	421	0.000017
7	685	0.000007
7	687	0.003405
7	689	0.000225
7	692	0.000002
7	699	0.000068
7	701	0.000050
7	856	0.000020
7	860	0.000068
7	861	0.000047
7	862	0.000927
7	867	0.000007
7	871	0.000004
7	872	0.000076
7	874	0.000011
7	875	0.000035
7	876	0.000054
7	877	0.000059
7	878	0.000061
7	879	0.000083
7	881	0.000094
7	885	0.002459
7	891	0.000684
7	894	0.000023
7	896	0.000044
7	897	0.000055
8	22	0.000059
8	37	0.004286
8	38	0.796205
8	43	0.000121
8	44	0.000071
8	45	0.000009
8	47	0.000001
8	48	0.000003
8	56	0.000080
8	207	0.000004
8	216	0.000001
8	222	0.000017
8	223	0.000002
8	420	0.000002
8	684	0.000002
8	685	0.000008
8	687	0.000003
8	691	0.000001
8	698	0.000037
8	699	0.000002
8	701	0.000035
8	856	0.000003
8	860	0.000016
8	861	0.000709
8	862	0.000108
8	867	0.000001
8	871	0.000030
8	872	0.000004
8	874	0.000022
8	875	0.000049
8	876	0.000058
8	877	0.000059
8	878	0.000076
8	879	0.000010
8	881	0.000007
8	885	0.000035
8	891	0.000343
8	894	0.000008
8	896	0.000045
8	897	0.000140
9	19	0.000006
9	21	0.000073
9	22	0.000002
9	31	0.000001
9	37	0.967807
9	38	0.000289
9	43	0.000022
9	44	0.000003
9	206	0.000002
9	222	0.000001
9	684	0.000001
9	685	0.000016
9	687	0.000001
9	697	0.000007
9	856	0.000004
9	860	0.000154
9	861	0.000064
9	862	0.000021
9	871	0.000002
9	874	0.000022
9	875	0.000033
9	876	0.000034
9	877	0.000043
9	878	0.000007
9	879	0.000002
9	881	0.000004
9	885	0.000004
9	891	0.000007
9	894	0.000002
9	896	0.000246
9	897	0.000002
10	18	0.000007
10	20	0.000073
10	23	0.000004
10	30	0.000002
10	32	0.000001
10	36	0.999316
10	42	0.000006
10	702	0.000004
10	865	0.000001
10	880	0.000001
10	895	0.000258
11	16	0.000014
11	35	0.999365
11	701	0.000004
11	894	0.000255
12	19	0.000005
12	21	0.000001
12	22	0.000001
12	31	0.000005
12	34	0.991315
12	35	0.000003
12	38	0.000002
13	17	0.000002
13	21	0.000001
13	31	0.000122
13	34	0.000107
13	37	0.000002
13	49	0.000005
13	697	0.000001
13	699	0.000002
13	862	0.000001
14	35	0.000008
14	48	0.000006
14	696	0.000002
14	698	0.000002
14	861	0.000002
15	31	0.913894
15	34	0.000009
15	47	0.000006
15	695	0.000002
15	697	0.000001
15	860	0.000001
15	891	0.000017
16	28	0.000021
16	29	0.077204
16	30	0.916934
16	32	0.000048
16	33	0.000005
16	46	0.000006
16	694	0.000002
16	890	0.000019
17	26	0.000064
17	28	0.533667
17	29	0.462521
17	60	0.000001
17	693	0.000001
17	889	0.000012
18	25	0.000136
18	27	0.988240
18	59	0.000001
18	689	0.000001
18	691	0.000002
19	24	0.000100
19	26	0.987292
19	28	0.010476
19	58	0.000001
19	688	0.000001
19	690	0.000002
20	25	0.983777
20	27	0.010727
20	57	0.000001
20	687	0.000001
20	689	0.000002
21	26	0.008116
21	28	0.000001
21	29	0.000003
21	688	0.000001
22	26	0.000008
22	28	0.000017
23	27	0.000017
23	48	0.000002
24	37	0.000003
24	47	0.000002
25	36	0.000003
25	46	0.000002
25	52	0.000002
25	64	0.000003
25	882	0.000003
26	35	0.000003
26	37	0.000004
26	45	0.000002
26	51	0.000002
26	63	0.000003
26	881	0.000003
27	36	0.000005
27	50	0.000002
27	62	0.000003
27	880	0.000003
28	35	0.000005
28	49	0.000002
28	879	0.000003
29	34	0.000003
29	48	0.000002
29	692	0.000001
29	878	0.000003
30	35	0.000001
30	59	0.000005
30	80	0.000014
30	691	0.000005
31	58	0.000005
31	79	0.000015
31	690	0.000005
31	705	0.000002
32	57	0.000005
32	78	0.000015
32	689	0.000005
32	704	0.000003
32	861	0.000003
33	56	0.000005
33	704	0.000026
33	860	0.000003
33	871	0.000003
33	896	0.000003
33	897	0.000002
34	41	0.000004
34	55	0.000005
34	75	0.000011
34	76	0.000001
34	703	0.000067
34	859	0.000003
34	870	0.000004
35	40	0.000005
35	42	0.000002
35	60	0.000002
35	74	0.000012
35	75	0.000001
35	686	0.000002
35	702	0.000072
35	858	0.000003
35	868	0.000012
35	869	0.000002
35	895	0.000259
36	59	0.000002
36	701	0.000072
36	867	0.000013
36	894	0.000260
37	41	0.000005
37	76	0.000002
37	700	0.000070
37	864	0.000003
37	866	0.000012
37	888	0.000001
37	889	0.000002
37	893	0.000249
38	58	0.000233
38	60	0.000002
38	75	0.000004
38	76	0.000001
38	688	0.000002
38	690	0.000003
38	700	0.000002
38	863	0.000007
38	864	0.000003
38	866	0.000003
38	870	0.000002
38	873	0.000005
38	882	0.000001
38	883	0.000001
38	884	0.000001
38	886	0.000001
38	887	0.000002
38	888	0.000003
38	889	0.000002
38	892	0.000174
38	893	0.000005
39	48	0.000295
39	57	0.000306
39	59	0.000003
39	68	0.000002
39	69	0.000825
39	71	0.000204
39	72	0.130727
39	218	0.000001
39	222	0.000005
39	423	0.000050
39	424	0.000018
39	529	0.000002
39	687	0.000002
39	689	0.000004
39	691	0.000002
39	697	0.000146
39	698	0.000168
39	860	0.000005
39	861	0.000613
39	867	0.000197
39	894	0.000048
40	48	0.003075
40	56	0.000308
40	57	0.000001
40	68	0.000834
40	69	0.000174
40	71	0.139619
40	72	0.000015
40	218	0.000003
40	222	0.000009
40	423	0.000038
40	528	0.000002
40	554	0.000001
40	687	0.000002
40	689	0.000002
40	691	0.000012
40	696	0.000147
40	697	0.000169
40	698	0.000042
40	860	0.000605
40	861	0.000090
40	867	0.000159
40	894	0.000043
41	45	0.000124
41	47	0.002857
41	48	0.000037
41	49	0.005182
41	51	0.000003
41	54	0.000001
41	57	0.000006
41	68	0.000123
41	69	0.000911
41	70	0.138936
41	71	0.000010
41	72	0.000006
41	73	0.000095
41	89	0.000001
41	216	0.000016
41	217	0.000002
41	219	0.000003
41	223	0.000051
41	234	0.000001
41	421	0.000173
41	534	0.000003
41	553	0.000001
41	692	0.000128
41	695	0.000133
41	696	0.000149
41	697	0.000042
41	699	0.000001
41	860	0.000026
41	861	0.000142
41	862	0.001405
41	867	0.000007
41	871	0.000231
41	872	0.000279
41	874	0.000035
41	875	0.000011
41	876	0.000004
41	877	0.000002
41	878	0.000002
41	879	0.000001
41	881	0.000001
41	885	0.000003
41	891	0.000013
41	894	0.000005
41	896	0.000222
41	897	0.000006
42	48	0.006195
42	56	0.000014
42	59	0.000003
42	68	0.003889
42	69	0.134917
42	71	0.000026
42	72	0.000112
42	80	0.000018
42	88	0.000003
42	215	0.000019
42	218	0.000004
42	222	0.000061
42	233	0.000001
42	420	0.000204
42	423	0.000219
42	533	0.000004
42	552	0.000001
42	687	0.000002
42	689	0.000013
42	691	0.000307
42	696	0.000051
42	698	0.000001
42	701	0.000002
42	860	0.000258
42	861	0.001749
42	867	0.000248
42	894	0.004939
43	55	0.000012
43	58	0.000003
43	61	0.000001
43	67	0.006212
43	79	0.000018
43	87	0.000003
43	214	0.000016
43	232	0.000001
43	419	0.000203
43	422	0.000199
43	532	0.000003
43	688	0.000009
43	690	0.000263
43	693	0.000004
43	694	0.000151
43	700	0.000001
43	857	0.000014
43	859	0.000219
43	863	0.005767
43	864	0.001605
43	866	0.000228
43	870	0.008180
43	873	0.000041
43	882	0.000002
43	883	0.000015
43	884	0.000139
43	886	0.000004
43	887	0.000024
43	888	0.000160
43	889	0.000230
43	892	0.000017
43	893	0.004861
44	61	0.000091
44	67	0.002738
44	86	0.000002
44	418	0.000201
44	422	0.000045
44	690	0.000001
44	693	0.000151
44	694	0.000026
44	857	0.000003
44	859	0.000004
44	863	0.001751
44	864	0.000250
44	866	0.000004
44	870	0.001364
44	873	0.000025
44	882	0.000015
44	883	0.000161
44	884	0.000044
44	886	0.000020
44	887	0.000181
44	888	0.000269
44	889	0.000090
44	892	0.003756
44	893	0.000182
45	58	0.000006
45	60	0.000129
45	61	0.000002
45	67	0.000470
45	79	0.000016
45	417	0.000199
45	422	0.000020
45	688	0.000215
45	690	0.000187
45	693	0.000028
45	694	0.000002
45	705	0.000162
45	857	0.000006
45	859	0.000001
45	863	0.000225
45	864	0.000028
45	866	0.000007
45	870	0.000854
45	873	0.000061
45	882	0.000144
45	883	0.000043
45	884	0.000009
45	886	0.000143
45	887	0.000177
45	888	0.000086
45	889	0.000024
45	892	0.000154
45	893	0.000045
46	56	0.000117
46	57	0.000006
46	59	0.000133
46	68	0.020141
46	71	0.000016
46	72	0.000009
46	78	0.000017
46	80	0.000002
46	84	0.000001
46	88	0.000002
46	215	0.000058
46	222	0.000006
46	416	0.000180
46	420	0.000887
46	423	0.000026
46	531	0.000001
46	533	0.000003
46	550	0.000001
46	687	0.000230
46	689	0.000204
46	691	0.000992
46	701	0.000007
46	704	0.000248
46	860	0.089222
46	861	0.000109
46	867	0.701969
46	894	0.001554
47	55	0.000118
47	58	0.000122
47	60	0.000024
47	61	0.000105
47	67	0.020189
47	75	0.000079
47	76	0.000001
47	79	0.000002
47	87	0.000002
47	214	0.000059
47	415	0.000128
47	419	0.000894
47	422	0.000026
47	532	0.000002
47	549	0.000001
47	688	0.000147
47	690	0.000976
47	693	0.000001
47	694	0.000002
47	700	0.000006
47	703	0.000254
47	859	0.089736
47	863	0.000026
47	864	0.000010
47	866	0.712706
47	870	0.000060
47	882	0.000002
47	883	0.000005
47	884	0.000069
47	886	0.000004
47	887	0.000007
47	888	0.000050
47	889	0.000169
47	892	0.000016
47	893	0.001411
48	52	0.000015
48	53	0.000196
48	60	0.000071
48	61	0.097085
48	62	0.022625
48	64	0.000396
48	65	0.000157
48	66	0.017905
48	74	0.000094
48	76	0.000002
48	77	0.000009
48	83	0.000003
48	86	0.000002
48	213	0.000058
48	221	0.000009
48	224	0.000006
48	227	0.000004
48	236	0.000017
48	413	0.000021
48	418	0.000899
48	530	0.000003
48	543	0.000005
48	548	0.000001
48	683	0.000001
48	686	0.000028
48	690	0.000002
48	693	0.000002
48	694	0.000009
48	702	0.000251
48	706	0.000051
48	858	0.089725
48	863	0.000013
48	864	0.000038
48	865	0.716785
48	868	0.000008
48	869	0.000065
48	880	0.000048
48	882	0.000003
48	883	0.000077
48	884	0.000029
48	886	0.000004
48	887	0.000063
48	888	0.000190
48	889	0.000037
48	890	0.001493
48	892	0.000550
48	893	0.000019
48	895	0.000507
49	55	0.000003
49	58	0.000091
49	60	0.135657
49	61	0.011437
49	75	0.000002
49	76	0.000009
49	79	0.000001
49	220	0.000007
49	226	0.000003
49	235	0.000017
49	417	0.000901
49	532	0.000526
49	547	0.000001
49	688	0.000940
49	690	0.001078
49	693	0.000011
49	700	0.000007
49	705	0.000052
49	857	0.074425
49	863	0.000304
49	864	0.703003
49	866	0.000001
49	882	0.000062
49	883	0.000025
49	884	0.000003
49	886	0.000050
49	887	0.000153
49	888	0.000037
49	889	0.001247
49	892	0.000020
49	893	0.000009
50	56	0.000120
50	57	0.000101
50	59	0.148776
50	68	0.000016
50	69	0.000006
50	71	0.035558
50	72	0.001454
50	78	0.000001
50	80	0.000191
50	82	0.000006
50	215	0.000002
50	222	0.000028
50	233	0.000022
50	411	0.000002
50	414	0.000002
50	416	0.000878
50	420	0.000010
50	528	0.000037
50	529	0.000021
50	531	0.000706
50	533	0.000028
50	541	0.000055
50	687	0.000940
50	689	0.001177
50	691	0.001056
50	697	0.000003
50	698	0.000001
50	701	0.000068
50	704	0.000053
50	860	0.000477
50	861	0.000172
50	867	0.000079
50	894	0.000698
51	55	0.000081
51	58	0.148389
51	60	0.000121
51	61	0.000002
51	67	0.000015
51	79	0.000198
51	214	0.000002
51	232	0.000022
51	415	0.000846
51	417	0.000004
51	418	0.000004
51	419	0.000009
51	532	0.000029
51	540	0.000055
51	688	0.001136
51	690	0.001055
51	700	0.000062
51	703	0.000042
51	857	0.000005
51	859	0.000378
51	863	0.010387
51	864	0.000010
51	866	0.000073
51	882	0.000001
51	883	0.000001
51	884	0.000004
51	886	0.000004
51	887	0.000037
51	888	0.000012
51	889	0.000005
51	892	0.000004
51	893	0.000550
52	56	0.000099
52	57	0.146956
52	59	0.000126
52	68	0.000014
52	69	0.116289
52	71	0.000027
52	72	0.000012
52	78	0.000195
52	80	0.000003
52	81	0.001532
52	231	0.000021
52	414	0.000799
52	416	0.000003
52	528	0.000596
52	529	0.002046
52	531	0.000027
52	539	0.000055
52	687	0.001090
52	689	0.000845
52	691	0.000040
52	697	0.000025
52	698	0.000059
52	860	0.000078
52	861	0.707387
52	894	0.000023
53	57	0.000101
53	59	0.000031
53	68	0.118209
53	69	0.000067
53	71	0.000012
53	78	0.000005
53	80	0.003342
53	233	0.000002
53	414	0.000003
53	416	0.000165
53	528	0.002213
53	529	0.000027
53	533	0.000002
53	538	0.000055
53	687	0.000025
53	689	0.000316
53	691	0.000056
53	696	0.000025
53	697	0.000058
53	701	0.000003
53	860	0.708211
53	861	0.000433
53	894	0.000065
54	58	0.000022
54	60	0.000006
54	61	0.000004
54	67	0.116432
54	76	0.000021
54	79	0.003527
54	232	0.000002
54	238	0.000006
54	415	0.000222
54	523	0.000357
54	532	0.000003
54	688	0.000503
54	690	0.000046
54	693	0.000001
54	700	0.000003
54	705	0.000006
54	857	0.000037
54	859	0.655812
54	863	0.000001
54	882	0.000010
54	884	0.000002
54	886	0.000018
54	892	0.000051
54	893	0.000051
55	59	0.000006
55	63	0.000128
55	68	0.000015
55	69	0.000003
55	70	0.000001
55	78	0.003586
55	222	0.000022
55	229	0.000012
55	231	0.000002
55	237	0.000020
55	411	0.000006
55	414	0.000293
55	522	0.000962
55	525	0.118857
55	526	0.000151
55	528	0.000004
55	531	0.000002
55	537	0.000041
55	684	0.000145
55	685	0.000002
55	687	0.000502
55	689	0.000035
55	692	0.000001
55	695	0.000003
55	699	0.000003
55	704	0.000008
55	856	0.000080
55	860	0.000003
55	862	0.000001
55	881	0.000011
55	885	0.000019
55	891	0.000060
55	894	0.000001
55	896	0.000003
56	62	0.000156
56	64	0.000035
56	65	0.120658
56	66	0.005418
56	67	0.000053
56	74	0.000004
56	75	0.000927
56	76	0.000002
56	77	0.003615
56	221	0.000059
56	227	0.000126
56	228	0.000014
56	230	0.000001
56	236	0.000046
56	239	0.000103
56	410	0.000007
56	413	0.001039
56	521	0.001869
56	524	0.146665
56	527	0.000004
56	530	0.000002
56	536	0.000053
56	546	0.000632
56	683	0.000152
56	686	0.000495
56	688	0.000004
56	694	0.000003
56	703	0.000026
56	707	0.000011
56	708	0.000006
56	855	0.000010
56	857	0.000147
56	858	0.561687
56	859	0.000043
56	866	0.000004
56	869	0.000015
56	870	0.000001
56	880	0.000011
56	883	0.000079
56	884	0.000012
56	890	0.000059
56	893	0.000004
56	895	0.000003
57	61	0.000066
57	62	0.000040
57	64	0.120978
57	65	0.005275
57	66	0.000064
57	74	0.001254
57	75	0.000004
57	76	0.002585
57	77	0.000004
57	220	0.000059
57	224	0.000003
57	226	0.000137
57	227	0.000014
57	235	0.000044
57	236	0.000018
57	238	0.000790
57	409	0.000003
57	412	0.001041
57	520	0.001867
57	521	0.000089
57	523	0.147109
57	524	0.000026
57	535	0.000053
57	545	0.000638
57	682	0.000142
57	686	0.000022
57	693	0.000002
57	702	0.000030
57	706	0.000011
57	707	0.000006
57	857	0.561939
57	858	0.000088
57	865	0.000005
57	868	0.000015
57	869	0.000001
57	880	0.000002
57	882	0.000112
57	883	0.000006
57	889	0.000022
57	892	0.000006
57	895	0.000003
58	63	0.105992
58	71	0.000001
58	72	0.000066
58	73	0.001278
58	219	0.000059
58	223	0.000002
58	225	0.000154
58	234	0.000014
58	237	0.001232
58	408	0.000002
58	411	0.001028
58	519	0.000778
58	522	0.147418
58	528	0.000003
58	534	0.000050
58	544	0.000637
58	681	0.000136
58	684	0.000004
58	685	0.000024
58	687	0.000001
58	692	0.000002
58	695	0.000002
58	701	0.000030
58	856	0.561958
58	867	0.000014
58	879	0.000002
58	881	0.000122
58	891	0.000006
58	894	0.000003
58	896	0.000004
59	64	0.002612
59	65	0.000024
59	66	0.000035
59	74	0.003880
59	224	0.000177
59	235	0.000031
59	236	0.003475
59	410	0.000894
59	520	0.000697
59	521	0.147555
59	523	0.000001
59	524	0.000001
59	527	0.000003
59	543	0.000638
59	683	0.000004
59	686	0.000005
59	693	0.000001
59	694	0.000006
59	700	0.000029
59	702	0.000012
59	706	0.000003
59	855	0.556834
59	857	0.000002
59	858	0.000002
59	863	0.000016
59	866	0.000003
59	868	0.000001
59	880	0.000123
59	890	0.000006
59	895	0.000005
60	68	0.000002
60	69	0.000002
60	70	0.001079
60	71	0.001863
60	73	0.003918
60	217	0.000056
60	223	0.000164
60	234	0.000022
60	237	0.000001
60	519	0.000521
60	522	0.000002
60	526	0.000003
60	542	0.000323
60	685	0.000004
60	692	0.000001
60	699	0.000028
60	701	0.000011
60	704	0.000001
60	853	0.000002
60	854	0.552657
60	856	0.000003
60	862	0.000019
60	867	0.000001
60	879	0.000117
60	894	0.000005
61	68	0.000003
61	69	0.001289
61	70	0.002339
61	71	0.000002
61	72	0.003906
61	73	0.000034
61	216	0.000057
61	222	0.000139
61	223	0.000012
61	234	0.007222
61	518	0.000015
61	519	0.146297
61	534	0.000001
61	541	0.000012
61	542	0.000315
61	692	0.000064
61	698	0.000003
61	699	0.000001
61	701	0.000002
61	852	0.000002
61	853	0.551971
61	861	0.000020
61	862	0.000001
61	878	0.000072
62	68	0.002023
62	69	0.002401
62	71	0.003963
62	72	0.000045
62	80	0.000016
62	215	0.000056
62	222	0.000020
62	233	0.008812
62	518	0.152752
62	533	0.000002
62	541	0.000644
62	689	0.000006
62	691	0.000093
62	697	0.000002
62	698	0.000001
62	701	0.001035
62	704	0.000002
62	852	0.552397
62	860	0.000023
62	861	0.000002
62	867	0.000002
62	894	0.000021
63	67	0.001340
63	79	0.000017
63	214	0.000021
63	220	0.000002
63	226	0.000001
63	232	0.008812
63	517	0.152722
63	532	0.000002
63	540	0.000655
63	688	0.000006
63	690	0.000092
63	700	0.001062
63	703	0.000002
63	727	0.000010
63	731	0.000001
63	850	0.002038
63	851	0.525864
63	859	0.000018
63	863	0.000006
63	864	0.000005
63	866	0.000002
63	893	0.000020
64	68	0.000263
64	69	0.000338
64	71	0.000070
64	72	0.000418
64	78	0.000017
64	81	0.000004
64	82	0.000003
64	231	0.008451
64	233	0.000018
64	516	0.152785
64	531	0.000002
64	539	0.000644
64	687	0.000006
64	689	0.000086
64	697	0.000002
64	698	0.003017
64	715	0.000027
64	716	0.000204
64	717	0.005726
64	832	0.000001
64	834	0.000001
64	846	0.000389
64	847	0.494640
64	861	0.000054
64	894	0.000036
65	69	0.000048
65	71	0.000444
65	72	0.000954
65	80	0.000007
65	81	0.000006
65	222	0.000002
65	231	0.000355
65	233	0.000016
65	515	0.152786
65	538	0.000632
65	539	0.000014
65	687	0.000014
65	696	0.000002
65	697	0.003038
65	698	0.000005
65	714	0.000027
65	715	0.000247
65	716	0.005813
65	717	0.005621
65	831	0.000001
65	833	0.000001
65	845	0.000382
65	846	0.495285
65	847	0.010575
65	860	0.000054
65	861	0.000307
65	894	0.000005
66	71	0.001009
66	72	0.000035
66	78	0.000002
66	80	0.000009
66	222	0.000006
66	231	0.000046
66	233	0.000002
66	514	0.152783
66	537	0.000619
66	538	0.000026
66	687	0.000017
66	696	0.003039
66	697	0.000005
66	714	0.000247
66	715	0.005830
66	716	0.005675
66	830	0.000001
66	832	0.000001
66	842	0.000009
66	845	0.492533
66	846	0.010491
66	847	0.000097
66	854	0.000010
66	860	0.000307
66	861	0.000652
66	894	0.000004
67	71	0.000030
67	72	0.000002
67	73	0.000002
67	78	0.000049
67	222	0.000011
67	223	0.000205
67	225	0.005846
67	229	0.008562
67	231	0.000003
67	513	0.152508
67	537	0.000038
67	687	0.000001
67	695	0.002940
67	696	0.000004
67	714	0.005447
67	715	0.005662
67	725	0.162189
67	726	0.000240
67	728	0.000013
67	729	0.000007
67	730	0.000002
67	737	0.001412
67	738	0.000002
67	746	0.000102
67	752	0.000001
67	758	0.000069
67	799	0.000002
67	815	0.000003
67	840	0.000008
67	842	0.000028
67	843	0.000840
67	844	0.341166
67	845	0.001927
67	846	0.000039
67	847	0.000002
67	853	0.000014
67	860	0.000652
67	867	0.000002
67	871	0.000002
67	881	0.000004
67	885	0.000002
67	891	0.000273
67	896	0.000049
68	74	0.000024
68	75	0.000009
68	77	0.000123
68	221	0.000017
68	224	0.012220
68	226	0.000006
68	227	0.000028
68	228	0.009347
68	230	0.000012
68	437	0.000002
68	511	0.000002
68	512	0.151783
68	535	0.000035
68	536	0.000455
68	686	0.000002
68	693	0.000001
68	694	0.002305
68	711	0.000005
68	712	0.000033
68	713	0.004084
68	721	0.000006
68	723	0.000002
68	724	0.524893
68	727	0.000001
68	733	0.000005
68	735	0.000392
68	736	0.004218
68	739	0.000008
68	740	0.000001
68	741	0.000003
68	742	0.000400
68	744	0.000044
68	745	0.000485
68	751	0.000006
68	754	0.000006
68	757	0.001986
68	798	0.000005
68	814	0.000030
68	841	0.000002
68	849	0.000067
68	850	0.000118
68	851	0.000002
68	858	0.000044
68	859	0.000826
68	865	0.000002
68	866	0.000009
68	868	0.000006
68	869	0.000068
68	870	0.000002
68	880	0.000005
68	884	0.000002
68	890	0.000344
68	895	0.000060
69	74	0.000012
69	76	0.000118
69	77	0.000101
69	79	0.000001
69	220	0.000013
69	221	0.001495
69	224	0.009802
69	226	0.000035
69	227	0.009678
69	230	0.000021
69	436	0.000002
69	437	0.000002
69	442	0.000001
69	510	0.000030
69	511	0.134805
69	512	0.000535
69	535	0.000451
69	693	0.000331
69	694	0.000011
69	708	0.000002
69	711	0.000217
69	712	0.001572
69	713	0.007756
69	720	0.000006
69	723	0.525675
69	724	0.000003
69	732	0.000006
69	734	0.000397
69	735	0.004513
69	739	0.000001
69	741	0.000598
69	743	0.000045
69	744	0.000529
69	750	0.000006
69	753	0.000006
69	756	0.002223
69	765	0.000011
69	790	0.000002
69	798	0.000001
69	813	0.000029
69	841	0.000004
69	848	0.000067
69	849	0.000120
69	850	0.000004
69	851	0.000374
69	857	0.000013
69	858	0.000859
69	864	0.000002
69	865	0.000013
69	868	0.000068
69	869	0.000002
69	883	0.000002
69	888	0.000002
69	889	0.000332
69	890	0.000096
69	893	0.000002
69	895	0.000002
70	75	0.000103
70	76	0.000099
70	79	0.000055
70	220	0.001490
70	226	0.008888
70	510	0.114923
70	511	0.000985
70	693	0.000015
70	694	0.000004
70	703	0.000011
70	709	0.000013
70	712	0.009080
70	722	0.525515
70	731	0.000005
70	733	0.000402
70	734	0.004504
70	736	0.000006
70	740	0.000599
70	742	0.000046
70	743	0.000528
70	745	0.000001
70	748	0.000005
70	755	0.002225
70	764	0.000011
70	789	0.000002
70	796	0.000007
70	839	0.000004
70	841	0.000030
70	850	0.000965
70	857	0.000752
70	859	0.000082
70	863	0.000002
70	864	0.000012
70	866	0.000076
70	870	0.000078
70	882	0.000002
70	883	0.000001
70	884	0.000002
70	887	0.000003
70	888	0.000319
70	889	0.000097
70	892	0.000003
70	893	0.000047
71	75	0.000046
71	76	0.000001
71	77	0.000058
71	220	0.000255
71	221	0.035890
71	224	0.005931
71	226	0.000020
71	227	0.000088
71	228	0.002237
71	434	0.000001
71	442	0.000044
71	443	0.000035
71	508	0.000004
71	510	0.000674
71	511	0.000009
71	512	0.000002
71	532	0.000026
71	536	0.000008
71	690	0.000154
71	693	0.000002
71	694	0.000002
71	702	0.000011
71	707	0.000041
71	708	0.000013
71	711	0.009318
71	712	0.000007
71	720	0.000234
71	721	0.525286
71	722	0.000001
71	724	0.000011
71	732	0.000404
71	733	0.004480
71	735	0.000006
71	736	0.000007
71	739	0.000595
71	741	0.000046
71	742	0.000527
71	744	0.000002
71	747	0.000005
71	751	0.000004
71	754	0.002225
71	763	0.000011
71	788	0.000002
71	789	0.000001
71	795	0.000009
71	814	0.000005
71	838	0.000002
71	839	0.000002
71	841	0.000011
71	848	0.000117
71	849	0.000976
71	855	0.000003
71	858	0.000086
71	859	0.000018
71	863	0.000006
71	865	0.000083
71	866	0.000043
71	869	0.000083
71	880	0.000012
71	883	0.000002
71	884	0.000001
71	886	0.000002
71	887	0.000209
71	888	0.000080
71	889	0.000001
71	890	0.000055
71	892	0.000029
71	895	0.000022
72	76	0.000025
72	77	0.000125
72	79	0.000001
72	220	0.028221
72	221	0.264387
72	224	0.000478
72	226	0.000022
72	227	0.002800
72	236	0.000002
72	434	0.000007
72	442	0.000035
72	508	0.000205
72	510	0.000005
72	511	0.000005
72	532	0.000016
72	535	0.000008
72	690	0.000002
72	702	0.000001
72	706	0.000042
72	707	0.000012
72	711	0.000012
72	719	0.000389
72	720	0.507137
72	721	0.000006
72	723	0.000011
72	731	0.000036
72	732	0.004451
72	734	0.000004
72	735	0.000010
72	739	0.000002
72	740	0.000014
72	741	0.000526
72	743	0.000001
72	750	0.000003
72	753	0.002107
72	788	0.000001
72	794	0.000009
72	813	0.000005
72	839	0.000006
72	848	0.000972
72	857	0.000007
72	858	0.000024
72	864	0.000053
72	865	0.000058
72	868	0.000079
72	880	0.000001
72	883	0.000001
72	886	0.000015
72	887	0.000040
72	888	0.000001
72	889	0.000034
72	890	0.000038
72	895	0.000003
73	79	0.000725
73	220	0.272528
73	226	0.002774
73	235	0.000002
73	433	0.000008
73	508	0.000001
73	510	0.000006
73	532	0.000013
73	688	0.000168
73	690	0.000206
73	694	0.000002
73	703	0.000011
73	705	0.000042
73	709	0.000030
73	722	0.000009
73	731	0.003715
73	733	0.000003
73	734	0.000008
73	740	0.000454
73	793	0.000009
73	838	0.000005
73	857	0.000020
73	859	0.000001
73	863	0.000044
73	864	0.000055
73	866	0.000002
73	882	0.000001
73	883	0.000002
73	884	0.000002
73	886	0.000032
73	887	0.000002
73	888	0.000029
73	889	0.000033
73	892	0.000002
73	893	0.000005
74	78	0.000769
74	80	0.000178
74	81	0.000005
74	215	0.000019
74	218	0.929188
74	222	0.000940
74	431	0.000054
74	509	0.000003
74	531	0.000014
74	533	0.000002
74	687	0.000167
74	689	0.000217
74	691	0.000007
74	696	0.000001
74	697	0.000002
74	701	0.000003
74	704	0.000038
74	715	0.000002
74	716	0.000066
74	717	0.007794
74	749	0.000004
74	760	0.000001
74	786	0.000002
74	792	0.000009
74	845	0.001140
74	846	0.000013
74	847	0.000003
74	860	0.000002
74	861	0.000006
74	867	0.000003
74	894	0.000004
75	80	0.000010
75	215	0.000006
75	216	0.000131
75	217	0.942337
75	218	0.000131
75	219	0.000524
75	222	0.000023
75	223	0.000023
75	225	0.000014
75	233	0.000001
75	430	0.000055
75	685	0.000001
75	689	0.000013
75	696	0.000002
75	699	0.000003
75	714	0.000001
75	715	0.000052
75	716	0.007807
75	717	0.000192
75	718	0.000326
75	729	0.000044
75	730	0.000018
75	738	0.000031
75	786	0.000004
75	791	0.000007
75	844	0.001149
75	845	0.000007
75	846	0.000002
75	860	0.000005
75	862	0.000060
76	215	0.000135
76	216	0.945322
76	217	0.000140
76	218	0.000508
76	219	0.012778
76	222	0.000012
76	223	0.004563
76	429	0.000055
76	529	0.000001
76	534	0.000007
76	685	0.000001
76	689	0.000001
76	692	0.000005
76	698	0.000004
76	699	0.000002
76	714	0.000017
76	715	0.007772
76	716	0.000223
76	717	0.000348
76	718	0.000264
76	728	0.000033
76	729	0.000014
76	737	0.000026
76	749	0.000003
76	785	0.000010
76	843	0.001165
76	844	0.000004
76	861	0.000064
76	862	0.000008
76	896	0.000001
77	215	0.936260
77	218	0.014460
77	222	0.005021
77	231	0.000007
77	428	0.000055
77	528	0.000003
77	533	0.000008
77	687	0.000324
77	689	0.000001
77	691	0.000007
77	697	0.000004
77	698	0.000003
77	701	0.000006
77	714	0.007784
77	715	0.000231
77	716	0.000350
77	717	0.000268
77	749	0.000006
77	784	0.000011
77	842	0.001170
77	860	0.000066
77	861	0.000009
77	894	0.000003
78	213	0.000012
78	214	0.215777
78	220	0.000044
78	221	0.004989
78	224	0.000030
78	226	0.000001
78	230	0.000007
78	527	0.000003
78	532	0.000004
78	686	0.000349
78	690	0.000004
78	700	0.000005
78	702	0.000004
78	711	0.000008
78	712	0.000001
78	713	0.006150
78	719	0.000006
78	727	0.000012
78	739	0.000015
78	747	0.000030
78	748	0.000003
78	750	0.000003
78	783	0.000011
78	788	0.000002
78	841	0.001102
78	858	0.000001
78	859	0.000037
78	880	0.000010
78	882	0.000005
78	890	0.000001
78	892	0.000009
78	893	0.000002
78	895	0.000033
79	215	0.022881
79	216	0.000716
79	217	0.000114
79	218	0.000054
79	219	0.000415
79	222	0.000002
79	223	0.000028
79	225	0.000002
79	229	0.000007
79	526	0.000003
79	685	0.000317
79	695	0.000002
79	699	0.000004
79	701	0.000003
79	710	0.000008
79	714	0.000174
79	715	0.000064
79	718	0.000005
79	725	0.000009
79	726	0.000012
79	738	0.000014
79	746	0.000029
79	749	0.000003
79	782	0.000010
79	787	0.000002
79	840	0.001037
79	879	0.000009
79	881	0.000005
79	891	0.000010
79	894	0.000031
79	896	0.000002
80	212	0.000002
80	213	0.019191
80	214	0.669779
80	220	0.000002
80	221	0.000002
80	224	0.000002
80	228	0.000007
80	711	0.001340
80	712	0.000011
80	713	0.000117
80	724	0.000008
80	745	0.000015
80	839	0.000203
80	858	0.000002
80	880	0.000005
80	890	0.000010
80	893	0.000004
80	895	0.000003
81	212	0.012831
81	213	0.977513
81	214	0.000013
81	227	0.000003
81	711	0.000005
81	712	0.000009
81	723	0.000004
81	744	0.000006
82	90	0.000003
82	212	0.987087
82	213	0.000011
82	224	0.000002
82	711	0.000008
82	895	0.000014
83	89	0.000004
83	210	0.006418
83	211	0.993214
83	222	0.000007
83	710	0.000007
83	894	0.000014
84	209	0.002934
84	221	0.000008
84	893	0.000013
85	209	0.982308
85	220	0.000008
85	892	0.000012
86	205	0.000001
86	206	0.000008
86	207	0.001254
86	208	0.991781
86	219	0.000008
86	891	0.000008
87	205	0.000012
87	206	0.001669
87	207	0.970176
87	208	0.000039
87	218	0.000008
87	891	0.000004
88	213	0.000006
88	890	0.000008
89	212	0.000006
89	889	0.000004
90	204	0.997048
90	206	0.000003
90	211	0.000005
91	203	0.999956
92	202	0.999991
93	201	0.999977
94	200	0.999511
95	199	0.999967
96	198	0.999743
97	197	0.999954
98	196	0.999510
99	195	0.999981
100	194	0.999978
101	193	0.997092
102	191	0.000041
102	193	0.000005
103	190	0.000023
103	191	0.999063
104	190	0.998282
105	187	0.000013
105	188	0.000075
105	189	0.919950
106	190	0.000023
107	187	0.100550
107	188	0.274931
110	185	0.000004
110	186	0.981651
110	187	0.000024
110	188	0.000006
111	185	0.999832
111	187	0.000003
112	184	0.999499
112	186	0.000001
113	183	0.999974
114	182	0.999823
115	160	0.000003
115	181	0.965569
116	161	0.000002
116	162	0.000256
116	180	0.794352
117	161	0.277823
117	162	0.000003
118	160	0.890623
118	181	0.000003
119	158	0.000001
119	159	0.999451
119	160	0.000008
120	158	0.999968
120	159	0.000005
121	156	0.000001
121	157	0.999031
122	156	0.999289
122	157	0.000001
123	155	0.999964
124	154	0.999511
125	153	0.999977
126	152	0.999984
127	150	0.000001
127	151	0.998859
128	150	0.998775
129	149	0.998652
130	148	0.911101
131	146	0.000002
131	147	0.649753
131	148	0.085284
132	146	0.387791
132	147	0.350045
133	139	0.000003
133	143	0.006217
133	146	0.611800
134	138	0.000003
134	140	0.000002
134	142	0.006271
134	145	0.866866
135	139	0.000002
135	143	0.007765
135	147	0.000026
136	143	0.976668
136	146	0.000034
137	142	0.986965
137	145	0.000042
138	143	0.000033
160	180	0.045703
161	178	0.000009
161	179	0.720715
162	177	0.000016
162	178	0.993994
162	179	0.004415
163	176	0.000011
163	177	0.996640
163	178	0.003326
164	175	0.000006
164	176	0.997754
164	177	0.002224
165	175	0.998851
165	176	0.001122
166	173	0.000004
166	174	0.999686
167	171	0.000006
167	173	0.999403
168	172	0.656416
205	214	0.000002
205	866	0.000001
206	213	0.000002
206	865	0.000001
207	864	0.000001
208	863	0.000001
210	869	0.000010
211	868	0.000010
211	895	0.000003
212	861	0.000001
212	867	0.000010
212	894	0.000003
213	218	0.000009
213	222	0.000025
213	860	0.000002
213	861	0.000002
213	894	0.000002
214	218	0.000001
214	219	0.000017
214	222	0.000713
214	223	0.000018
214	225	0.000054
214	237	0.000001
214	684	0.000002
214	695	0.000001
214	737	0.000006
214	860	0.000002
214	885	0.000001
214	891	0.000638
214	896	0.000002
215	220	0.000003
215	221	0.002341
215	224	0.000215
215	227	0.000040
215	230	0.000001
215	236	0.000005
215	239	0.000004
215	410	0.000002
215	683	0.000003
215	686	0.000003
215	694	0.000002
215	702	0.000023
215	703	0.000002
215	713	0.000003
215	735	0.001489
215	744	0.000045
215	858	0.000005
215	865	0.000067
215	868	0.000002
215	869	0.000001
215	884	0.000003
215	890	0.001099
215	895	0.000003
216	220	0.001777
216	226	0.000038
216	235	0.000004
216	238	0.000009
216	682	0.000002
216	693	0.000001
216	694	0.000001
216	703	0.000118
216	712	0.000003
216	734	0.001496
216	743	0.000046
216	857	0.000005
216	864	0.000063
216	866	0.000008
216	883	0.000003
216	888	0.000001
216	889	0.001098
217	226	0.000005
217	238	0.000003
217	694	0.000002
217	700	0.000013
217	703	0.002389
217	712	0.000006
217	733	0.001497
217	736	0.000001
217	742	0.000046
217	859	0.000120
217	863	0.000045
217	864	0.000001
217	866	0.000159
217	882	0.000002
217	884	0.000001
217	887	0.000001
217	888	0.001073
218	224	0.000242
218	227	0.000961
218	236	0.016978
218	693	0.000001
218	694	0.000785
218	700	0.000006
218	702	0.002676
218	703	0.000003
218	706	0.000117
218	707	0.000001
218	711	0.000007
218	713	0.000002
218	732	0.001498
218	735	0.000001
218	741	0.000046
218	858	0.000136
218	863	0.000001
218	864	0.000451
218	865	0.000206
218	883	0.000002
218	887	0.000986
218	890	0.000005
218	893	0.000002
219	226	0.001100
219	232	0.000004
219	235	0.017987
219	238	0.000001
219	422	0.000460
219	690	0.000001
219	693	0.002223
219	694	0.000048
219	700	0.067259
219	703	0.000373
219	705	0.000256
219	712	0.000002
219	731	0.001462
219	734	0.000001
219	740	0.000040
219	857	0.000134
219	859	0.000001
219	863	0.002554
219	864	0.000122
219	866	0.000002
219	873	0.000002
219	882	0.000003
219	886	0.000954
219	887	0.000001
219	889	0.000005
219	892	0.000009
219	893	0.000004
220	225	0.000923
220	231	0.000001
220	234	0.018132
220	237	0.000002
220	421	0.000578
220	429	0.000003
220	441	0.000002
220	692	0.002464
220	695	0.000013
220	696	0.000006
220	697	0.001413
220	698	0.001951
220	699	0.071250
220	701	0.000004
220	704	0.000268
220	715	0.000341
220	716	0.000003
220	717	0.000002
220	718	0.000033
220	729	0.000003
220	730	0.001284
220	856	0.000109
220	860	0.000007
220	861	0.000088
220	862	0.002950
220	867	0.000006
220	872	0.000001
220	881	0.000003
220	885	0.000829
220	891	0.000010
220	896	0.000003
221	231	0.000033
221	233	0.018109
221	420	0.000599
221	423	0.000005
221	428	0.000004
221	440	0.000002
221	444	0.000035
221	544	0.000002
221	691	0.002577
221	696	0.003170
221	697	0.004894
221	698	0.071596
221	701	0.000043
221	704	0.002785
221	714	0.000697
221	715	0.000005
221	716	0.000003
221	717	0.000039
221	860	0.000191
221	861	0.003002
221	867	0.000024
221	894	0.000034
222	226	0.000057
222	227	0.004932
222	228	0.000090
222	230	0.000052
222	232	0.006771
222	235	0.000002
222	236	0.001247
222	418	0.000062
222	419	0.000536
222	422	0.000009
222	425	0.000006
222	439	0.000001
222	442	0.000117
222	443	0.000051
222	511	0.000009
222	543	0.000005
222	690	0.002338
222	693	0.000046
222	694	0.001416
222	700	0.000031
222	702	0.205892
222	703	0.011521
222	705	0.000001
222	706	0.000144
222	711	0.000005
222	713	0.000717
222	719	0.000002
222	720	0.000004
222	723	0.000002
222	727	0.000001
222	732	0.000005
222	735	0.000008
222	741	0.000002
222	855	0.000001
222	858	0.000372
222	859	0.000110
222	864	0.000008
222	865	0.001815
222	866	0.000015
222	868	0.000002
222	869	0.000003
222	880	0.000014
222	883	0.000252
222	884	0.000070
222	887	0.000003
222	888	0.000003
222	889	0.000004
222	890	0.000201
222	893	0.000034
222	895	0.000052
223	232	0.010716
223	235	0.001235
223	417	0.000113
223	418	0.000447
223	419	0.000001
223	422	0.000013
223	439	0.000002
223	510	0.000013
223	688	0.000004
223	690	0.000191
223	693	0.000998
223	694	0.003434
223	700	0.000005
223	703	0.009037
223	705	0.000147
223	712	0.000624
223	722	0.000002
223	727	0.000086
223	731	0.000004
223	734	0.000007
223	740	0.000002
223	857	0.000312
223	859	0.001440
223	863	0.000007
223	864	0.001760
223	866	0.000002
223	882	0.000225
223	883	0.000060
223	884	0.000002
223	886	0.000003
223	887	0.000003
223	888	0.000005
223	889	0.000170
223	892	0.000028
223	893	0.000001
224	231	0.016299
224	233	0.001400
224	416	0.000155
224	420	0.001336
224	423	0.000107
224	438	0.000002
224	440	0.000117
224	444	0.000028
224	509	0.000015
224	541	0.000005
224	687	0.000004
224	689	0.000213
224	691	0.002996
224	696	0.003571
224	697	0.000217
224	698	0.000035
224	701	0.470544
224	704	0.000129
224	710	0.000077
224	714	0.000028
224	715	0.000003
224	716	0.000002
224	717	0.000002
224	860	0.000110
224	861	0.000023
224	867	0.000013
224	894	0.000068
225	232	0.001366
225	235	0.000089
225	415	0.000147
225	417	0.000031
225	418	0.000007
225	419	0.001351
225	422	0.000128
225	439	0.000113
225	508	0.000004
225	540	0.000006
225	688	0.000143
225	690	0.002660
225	693	0.253477
225	694	0.000986
225	700	0.472565
225	703	0.000098
225	709	0.000006
225	727	0.000001
225	857	0.000027
225	859	0.000050
225	863	0.002034
225	864	0.000001
225	866	0.000007
225	882	0.000004
225	886	0.000002
225	887	0.000003
225	892	0.000002
225	893	0.000045
226	231	0.001191
226	234	0.000119
226	414	0.000104
226	416	0.000005
226	421	0.000138
226	438	0.000080
226	440	0.000001
226	441	0.003171
226	456	0.000005
226	539	0.000005
226	687	0.000077
226	689	0.000350
226	691	0.000301
226	692	0.298575
226	695	0.000003
226	697	0.000001
226	698	0.000035
226	699	0.472983
226	701	0.000002
226	716	0.000003
226	717	0.000002
226	718	0.000017
226	726	0.000001
226	856	0.000016
226	861	0.000001
226	862	0.002198
226	879	0.000004
226	881	0.000004
226	885	0.000001
226	891	0.000002
227	231	0.000019
227	233	0.000122
227	414	0.000031
227	416	0.000012
227	420	0.000140
227	438	0.000027
227	440	0.002001
227	444	0.000003
227	455	0.000005
227	538	0.000005
227	542	0.000103
227	687	0.000004
227	689	0.000113
227	691	0.312158
227	696	0.000002
227	697	0.000118
227	698	0.472615
227	701	0.000019
227	714	0.000001
227	715	0.000005
227	716	0.000005
227	717	0.000021
227	860	0.000002
227	861	0.002219
228	233	0.000016
228	414	0.000003
228	416	0.002263
228	438	0.000050
228	440	0.147236
228	454	0.000005
228	533	0.000003
228	537	0.000005
228	541	0.000105
228	687	0.000001
228	689	0.338637
228	691	0.000346
228	696	0.000187
228	697	0.464730
228	698	0.000520
228	701	0.000005
228	714	0.000004
228	715	0.000005
228	716	0.000018
228	860	0.002161
228	894	0.000003
229	415	0.002338
229	417	0.000005
229	439	0.150996
229	453	0.000005
229	532	0.000003
229	540	0.000105
229	688	0.343881
229	690	0.000415
229	693	0.000001
229	694	0.000003
229	700	0.000004
229	859	0.001622
229	893	0.000003
230	411	0.000005
230	414	0.002358
230	416	0.000005
230	438	0.151139
230	440	0.000006
230	452	0.000005
230	528	0.000008
230	531	0.000003
230	539	0.000105
230	687	0.344391
230	689	0.000411
230	691	0.000002
230	696	0.359905
230	697	0.006166
230	714	0.000004
230	715	0.000002
230	842	0.000005
230	894	0.000014
231	236	0.000153
231	410	0.000006
231	412	0.001244
231	413	0.001395
231	415	0.000004
231	436	0.076704
231	437	0.075884
231	527	0.000008
231	535	0.000003
231	686	0.343881
231	688	0.000328
231	690	0.000001
231	693	0.000241
231	694	0.000172
231	713	0.000003
231	841	0.000005
231	857	0.000425
231	858	0.000109
231	859	0.000001
231	882	0.000002
231	886	0.000002
231	892	0.000074
231	893	0.000007
231	895	0.000064
232	237	0.000002
232	411	0.002207
232	414	0.000004
232	435	0.151918
232	525	0.000004
232	526	0.000005
232	534	0.000003
232	537	0.000104
232	684	0.115815
232	685	0.220560
232	687	0.000245
232	691	0.000003
232	692	0.000282
232	695	0.403331
232	696	0.000018
232	840	0.000005
232	856	0.000423
232	881	0.000002
232	885	0.000002
232	891	0.000088
232	894	0.000063
232	896	0.000001
233	238	0.000001
233	239	0.000002
233	409	0.000008
233	410	0.003243
233	412	0.000326
233	413	0.000006
233	434	0.152756
233	436	0.000002
233	524	0.000007
233	536	0.000104
233	682	0.000002
233	683	0.232475
233	686	0.000266
233	690	0.000002
233	693	0.000122
233	694	0.461800
233	711	0.000002
233	839	0.000005
233	855	0.000225
233	858	0.000201
233	864	0.000003
233	880	0.000002
233	884	0.000002
233	890	0.000091
233	893	0.000060
233	895	0.000001
234	238	0.000003
234	409	0.002733
234	433	0.152678
234	523	0.000007
234	532	0.000003
234	682	0.231358
234	688	0.000003
234	690	0.000284
234	693	0.466324
234	694	0.000008
234	838	0.000005
234	857	0.000194
234	863	0.000005
234	883	0.000002
234	889	0.000079
234	892	0.000059
235	408	0.000805
235	411	0.000166
235	429	0.000029
235	431	0.000001
235	432	0.152597
235	522	0.000006
235	531	0.000001
235	534	0.000167
235	680	0.000006
235	681	0.223729
235	684	0.000024
235	685	0.000008
235	687	0.000003
235	689	0.000222
235	691	0.000004
235	692	0.467152
235	837	0.000004
235	853	0.000001
235	856	0.000157
235	862	0.000005
235	891	0.000051
236	407	0.000282
236	411	0.000044
236	428	0.000037
236	431	0.152289
236	531	0.000002
236	533	0.000241
236	679	0.000014
236	680	0.170114
236	687	0.000070
236	689	0.000228
236	691	0.466814
236	852	0.000002
236	861	0.000005
237	409	0.611268
237	532	0.000089
237	682	0.000002
237	688	0.000177
237	690	0.256948
237	836	0.000002
237	886	0.000001
238	407	0.000003
238	408	0.808622
238	427	0.000004
238	428	0.000004
238	429	0.000180
238	430	0.000036
238	531	0.000009
238	681	0.000001
238	684	0.000001
238	685	0.000012
238	687	0.000151
238	689	0.149142
238	835	0.000002
239	406	0.000022
239	407	0.997705
239	428	0.000109
239	687	0.000190
239	689	0.000035
239	834	0.000002
240	405	0.000019
240	406	0.999129
240	407	0.000809
240	687	0.000006
240	833	0.000002
241	404	0.000016
241	405	0.999137
241	406	0.000820
241	407	0.000004
241	832	0.000002
242	404	0.999098
242	405	0.000825
242	406	0.000004
242	831	0.000002
243	402	0.000014
243	403	0.990580
243	404	0.000787
243	405	0.000003
243	830	0.000002
244	829	0.000002
245	402	0.898361
246	399	0.000014
246	401	0.898362
247	399	0.991400
248	398	0.999931
248	399	0.000020
249	397	0.999975
249	398	0.000014
250	392	0.000013
250	396	0.999971
250	397	0.000007
251	391	0.000024
251	394	0.000005
251	395	0.999960
252	390	0.000037
252	391	0.001189
252	394	0.998739
253	390	0.004862
253	391	0.000084
253	393	0.992609
253	394	0.000001
254	387	0.000014
254	388	0.105312
254	389	0.016526
254	392	0.876084
255	384	0.000012
255	387	0.969639
255	388	0.011871
256	383	0.000013
256	386	0.998824
256	387	0.000294
256	388	0.000013
256	389	0.000320
257	382	0.000011
257	385	0.998931
257	390	0.000019
257	391	0.000001
258	383	0.000398
258	384	0.998433
258	386	0.000003
258	387	0.000065
258	389	0.000018
259	383	0.998922
259	384	0.000001
259	386	0.000067
259	388	0.000014
259	389	0.000001
260	381	0.999029
261	380	0.999934
262	379	0.999493
263	378	0.999486
264	377	0.999901
265	376	0.987414
266	374	0.146819
266	376	0.000045
267	376	0.000040
268	371	0.925034
268	372	0.010413
268	373	0.005395
268	375	0.000051
269	369	0.000109
269	370	0.999503
269	374	0.000014
270	368	0.000118
270	369	0.999800
270	370	0.000069
271	367	0.000125
271	368	0.999797
271	369	0.000064
272	367	0.999594
272	368	0.000058
273	363	0.000002
273	365	0.998903
274	362	0.000001
274	364	0.996494
275	364	0.000172
276	362	0.995678
276	364	0.000003
277	358	0.000002
277	360	0.000001
277	361	0.998089
277	363	0.000003
278	357	0.000003
278	360	0.998404
278	361	0.000234
278	363	0.000008
279	356	0.000002
279	359	0.976085
279	362	0.000007
280	355	0.000002
281	356	0.001274
281	359	0.011297
282	355	0.001003
283	355	0.000009
284	355	0.000012
284	356	0.997809
285	352	0.000045
285	355	0.998338
286	351	0.000032
286	353	0.000004
286	354	0.999216
287	350	0.000009
287	351	0.000003
287	353	0.998334
288	351	0.000597
288	353	0.000011
289	350	0.000024
289	351	0.725312
290	350	0.999294
290	351	0.000082
291	348	0.000001
291	349	0.998791
292	348	0.998873
292	349	0.000001
293	347	0.999974
294	346	0.999978
295	345	0.999571
296	344	0.999736
296	347	0.000002
297	302	0.000001
297	341	0.000020
297	344	0.000063
297	346	0.000002
298	340	0.000020
298	342	0.990608
298	343	0.000065
298	345	0.000003
299	339	0.000020
299	341	0.999459
299	344	0.000005
300	340	0.997871
300	343	0.000005
301	339	0.974904
302	306	0.000001
302	342	0.000002
302	343	0.000132
303	342	0.000131
303	343	0.000111
304	342	0.000111
304	343	0.000046
305	342	0.000046
306	338	0.997957
306	339	0.000016
306	341	0.000027
307	337	0.999448
307	340	0.000015
308	336	0.999974
308	339	0.000002
309	335	0.999958
309	338	0.000001
310	334	0.983005
312	331	0.000001
312	332	0.994313
312	333	0.000931
313	331	0.999385
314	330	0.999490
315	329	0.999963
316	328	0.999575
317	326	0.000011
317	327	0.999915
318	326	0.998639
318	327	0.000036
318	329	0.000002
319	328	0.000005
320	326	0.000214
320	327	0.000008
321	325	0.000664
321	326	0.000010
386	391	0.000003
387	391	0.000002
405	536	0.000001
406	535	0.000001
407	535	0.000001
407	694	0.000006
408	415	0.000001
408	433	0.000002
408	532	0.003008
408	682	0.000001
408	688	0.000035
408	690	0.000001
408	693	0.000013
409	414	0.000001
409	426	0.000254
409	427	0.000573
409	428	0.000013
409	429	0.001961
409	430	0.000007
409	432	0.000005
409	531	0.000202
409	533	0.000246
409	534	0.000878
409	681	0.000001
409	685	0.000002
409	687	0.000033
409	689	0.000002
409	692	0.000016
409	718	0.000002
410	416	0.000003
410	428	0.003553
410	431	0.000007
410	528	0.000009
410	531	0.746918
410	533	0.001627
410	687	0.000012
410	689	0.000015
410	691	0.000020
410	717	0.000005
411	415	0.000001
411	417	0.000005
411	425	0.161088
411	527	0.000007
411	530	0.830759
411	532	0.001267
411	535	0.000020
411	686	0.000001
411	688	0.000008
411	690	0.000016
412	416	0.000005
412	424	0.161450
412	529	0.832373
412	531	0.000761
412	533	0.000089
412	687	0.000008
412	689	0.000016
412	715	0.000005
413	420	0.000002
413	423	0.161442
413	428	0.000010
413	528	0.832472
413	529	0.000056
413	531	0.000960
413	533	0.000002
413	687	0.000006
413	714	0.000005
413	784	0.000003
414	419	0.000004
414	422	0.160654
414	425	0.000002
414	527	0.827842
414	530	0.001487
414	532	0.000002
414	686	0.000006
414	713	0.000004
414	783	0.000003
414	882	0.000002
415	420	0.000003
415	421	0.159851
415	424	0.000002
415	426	0.000033
415	525	0.000086
415	526	0.643039
415	528	0.000488
415	529	0.001434
415	531	0.000003
415	685	0.000005
415	776	0.000001
415	782	0.000003
415	881	0.000002
416	422	0.000006
416	425	0.000085
416	524	0.000069
416	527	0.004134
416	530	0.000007
416	711	0.000003
416	769	0.000001
416	774	0.000025
416	880	0.000002
417	421	0.000008
417	424	0.000084
417	428	0.000009
417	525	0.000838
417	526	0.004187
417	528	0.000001
417	529	0.000007
417	710	0.000002
417	768	0.000004
417	773	0.000026
417	879	0.000002
418	423	0.000070
418	427	0.000026
418	525	0.004848
418	526	0.175075
418	528	0.000002
418	767	0.000004
418	772	0.000026
418	878	0.000002
419	426	0.000030
419	522	0.000006
419	525	0.814652
419	526	0.000044
419	766	0.000005
419	771	0.000027
419	877	0.000001
420	425	0.000031
420	521	0.000005
420	523	0.000005
420	524	0.834395
420	753	0.000009
420	754	0.000018
420	756	0.000009
420	765	0.000005
420	770	0.000027
421	439	0.000002
421	523	0.834446
421	755	0.000008
421	764	0.000005
421	769	0.000026
421	870	0.000002
422	438	0.000002
422	522	0.834234
422	752	0.001290
422	768	0.000015
422	871	0.000001
422	896	0.000013
422	897	0.000007
423	437	0.000002
423	520	0.000007
423	521	0.834850
423	751	0.002186
423	869	0.000141
423	895	0.000009
424	436	0.000002
424	520	0.833180
424	521	0.000005
424	702	0.000001
424	750	0.002199
424	868	0.000143
424	895	0.001091
425	431	0.006453
425	518	0.000504
425	701	0.000001
425	749	0.002199
425	867	0.000142
425	894	0.001108
426	433	0.000036
426	517	0.000223
426	700	0.000001
426	748	0.001983
426	866	0.000076
426	892	0.000001
426	893	0.001103
427	433	0.000112
427	517	0.000005
427	523	0.000003
427	736	0.000165
427	745	0.001933
427	748	0.000002
427	859	0.000004
427	866	0.000068
427	892	0.001068
428	433	0.000014
428	434	0.000078
428	520	0.000072
428	521	0.000011
428	523	0.000002
428	524	0.005927
428	527	0.000017
428	735	0.000175
428	744	0.002147
428	747	0.000003
428	858	0.000005
428	864	0.000003
428	865	0.000134
428	889	0.000001
428	890	0.001065
429	433	0.000071
429	523	0.005759
429	734	0.000174
429	743	0.002146
429	857	0.000004
429	863	0.000003
429	864	0.000131
429	888	0.000002
429	889	0.001064
430	523	0.000021
430	733	0.000174
430	742	0.002144
430	745	0.000003
430	859	0.000015
430	863	0.000092
430	887	0.000002
430	888	0.001025
430	889	0.000013
431	520	0.001187
431	521	0.006020
431	523	0.000002
431	524	0.000359
431	732	0.000174
431	741	0.002142
431	744	0.000003
431	858	0.000018
431	887	0.000881
431	888	0.000012
431	890	0.000002
432	523	0.000356
432	731	0.000160
432	740	0.001874
432	743	0.000002
432	857	0.000016
432	886	0.000757
432	887	0.000010
432	889	0.000001
433	441	0.000003
433	518	0.000001
433	519	0.833660
433	522	0.000076
433	730	0.000086
433	738	0.000003
433	856	0.000007
433	885	0.000336
434	440	0.000003
434	516	0.000001
434	518	0.846542
435	439	0.000002
435	517	0.846611
436	515	0.000016
436	516	0.847179
437	444	0.000006
437	449	0.000005
437	514	0.000029
437	515	0.846885
438	442	0.000004
438	443	0.000006
438	448	0.000005
439	447	0.000005
439	513	0.844779
439	514	0.000004
440	446	0.000005
440	511	0.000119
440	512	0.847247
441	510	0.003301
441	511	0.819074
442	509	0.002979
443	509	0.982402
444	504	0.000002
444	507	0.000008
444	508	0.997372
445	503	0.000002
445	507	0.999954
446	502	0.000002
446	506	0.999933
447	505	0.987578
448	502	0.000004
449	500	0.000012
449	503	0.997252
449	504	0.000931
450	499	0.000012
450	502	0.999958
451	498	0.000012
451	501	0.999492
452	497	0.000012
452	500	0.999937
453	496	0.000012
453	498	0.001965
453	499	0.994325
454	497	0.003924
454	500	0.000001
455	497	0.915495
458	495	0.987522
459	493	0.000014
459	494	0.999882
460	492	0.000015
460	493	0.999961
460	494	0.000012
461	491	0.000013
461	492	0.999828
461	493	0.000012
462	491	0.956921
463	487	0.000002
463	491	0.005332
464	485	0.000001
465	487	0.000003
465	491	0.000208
466	484	0.000008
466	487	0.000018
466	491	0.000067
467	483	0.000009
467	487	0.000051
467	488	0.995345
468	487	0.998876
469	478	0.000001
469	482	0.000004
469	485	0.000001
469	486	0.999417
470	477	0.000001
470	481	0.000004
470	485	0.999850
471	484	0.984543
471	487	0.000006
472	477	0.000002
472	478	0.000226
472	479	0.000012
472	481	0.000059
472	482	0.871336
472	486	0.000012
473	477	0.000224
473	479	0.000335
473	481	0.901311
473	482	0.090301
473	485	0.000013
474	480	0.887690
474	483	0.002138
474	484	0.000018
475	484	0.000002
476	481	0.001652
476	482	0.001617
477	483	0.000051
478	484	0.000004
479	483	0.000008
496	510	0.000004
497	509	0.000006
498	508	0.000006
499	507	0.000006
500	506	0.000006
501	505	0.000004
519	690	0.000002
519	694	0.000002
520	528	0.000012
520	529	0.000398
520	542	0.000008
520	689	0.000002
520	696	0.000040
520	697	0.000128
520	698	0.000023
520	715	0.000010
520	861	0.000028
521	528	0.000456
521	541	0.000008
521	689	0.000001
521	691	0.000129
521	696	0.000152
521	697	0.000023
521	701	0.000002
521	714	0.000010
521	860	0.000028
522	540	0.000008
522	690	0.000128
522	693	0.005386
522	694	0.000024
522	700	0.000002
522	859	0.000013
523	534	0.000003
523	539	0.000008
523	689	0.000109
523	692	0.006896
523	699	0.000002
524	528	0.000001
524	533	0.000003
524	538	0.000007
524	689	0.000028
524	691	0.007651
524	698	0.000002
525	532	0.000003
525	688	0.000014
525	690	0.004864
525	693	0.000114
525	694	0.000322
526	532	0.000005
526	547	0.000001
526	688	0.002667
526	690	0.092111
526	693	0.000593
526	694	0.000067
526	705	0.000008
527	531	0.000006
527	533	0.000002
527	537	0.000012
527	679	0.000001
527	687	0.002834
527	689	0.099568
527	691	0.012905
527	704	0.000009
527	860	0.000001
527	894	0.000004
528	535	0.000002
528	536	0.000014
528	546	0.001245
528	686	0.002791
528	688	0.051468
528	690	0.007145
528	693	0.000014
528	694	0.000011
528	703	0.000009
528	858	0.000021
528	859	0.000002
528	869	0.000010
528	880	0.000002
528	890	0.000003
528	893	0.000003
528	895	0.000003
529	535	0.000015
529	545	0.001251
529	686	0.000054
529	688	0.102299
529	690	0.000090
529	693	0.000001
529	702	0.000009
529	857	0.000002
529	858	0.000001
529	868	0.000010
529	895	0.000025
530	544	0.001251
530	687	0.157007
530	689	0.000099
530	691	0.000002
530	701	0.000009
530	867	0.000010
530	894	0.000026
531	535	0.000047
531	536	0.000007
531	543	0.001259
531	545	0.000060
531	682	0.000018
531	683	0.000113
531	686	0.184187
531	688	0.000109
531	690	0.000005
531	700	0.000008
531	763	0.000003
531	866	0.000007
531	892	0.000009
531	893	0.000011
532	542	0.001253
532	544	0.000065
532	681	0.000040
532	684	0.543675
532	685	0.094146
532	687	0.000045
532	689	0.000004
532	699	0.000007
532	762	0.000003
532	891	0.000018
533	543	0.000080
533	682	0.000182
533	683	0.741793
533	686	0.000045
533	761	0.000002
533	858	0.000002
533	864	0.000002
533	865	0.000004
533	890	0.000019
534	540	0.001241
534	682	0.737714
534	688	0.000002
534	759	0.000016
534	761	0.000002
534	857	0.000001
534	863	0.000002
534	864	0.000003
534	889	0.000016
535	539	0.001220
535	542	0.000098
535	679	0.000413
535	680	0.826920
535	715	0.000001
535	758	0.000016
535	760	0.000002
535	861	0.000005
536	541	0.000098
536	544	0.000001
536	679	0.993784
536	680	0.000017
536	714	0.000001
536	758	0.000002
536	860	0.000005
537	543	0.000002
537	546	0.000013
537	547	0.000004
537	678	0.997620
537	708	0.000007
537	713	0.000001
537	755	0.000036
537	756	0.000010
537	859	0.000005
538	545	0.000013
538	546	0.000010
538	677	0.997588
538	678	0.000003
538	707	0.000007
538	712	0.000001
538	754	0.000051
538	858	0.000005
539	545	0.000011
539	676	0.997445
539	677	0.000002
539	678	0.000025
539	706	0.000007
539	711	0.000001
539	753	0.000051
539	857	0.000004
540	544	0.000010
540	675	0.989992
540	704	0.000006
540	752	0.000051
540	856	0.000004
541	592	0.000004
541	671	0.000001
541	673	0.000011
541	674	0.890891
541	676	0.000001
541	677	0.000117
541	703	0.000008
541	751	0.000051
541	855	0.000001
542	592	0.000014
542	670	0.000001
542	672	0.000003
542	673	0.183953
542	674	0.000463
542	676	0.000190
542	702	0.000012
542	750	0.000051
542	895	0.000003
543	591	0.000006
543	593	0.885830
543	594	0.000376
543	669	0.000001
543	675	0.000250
543	701	0.000012
543	749	0.000051
543	894	0.000003
544	592	0.990166
544	700	0.000001
544	748	0.000006
545	591	0.997920
546	590	0.998022
547	589	0.999508
548	588	0.999962
549	587	0.999472
550	585	0.000002
550	586	0.999383
552	583	0.000026
552	584	0.000038
552	585	0.999488
553	584	0.999491
554	582	0.001604
554	583	0.995438
554	585	0.000006
555	584	0.000006
556	580	0.000002
556	581	0.994967
556	582	0.001534
556	583	0.000003
557	579	0.000002
557	580	0.999129
558	579	0.998092
558	580	0.000002
559	577	0.000009
559	578	0.999451
560	576	0.000031
560	577	0.999949
561	576	0.999360
561	577	0.000002
562	570	0.000003
562	574	0.987553
562	576	0.000002
563	569	0.000003
563	572	0.000003
563	573	0.999919
563	575	0.000007
564	572	0.999957
564	573	0.000007
565	571	0.991573
566	571	0.005519
584	862	0.000001
585	861	0.000001
586	860	0.000001
587	859	0.000001
588	678	0.000001
588	858	0.000001
589	857	0.000001
590	677	0.001929
590	678	0.000015
591	676	0.001989
591	677	0.000008
592	675	0.002357
593	672	0.000001
593	673	0.000024
593	674	0.097458
594	670	0.000001
594	671	0.000009
594	672	0.000357
594	673	0.811466
594	674	0.000062
595	672	0.978683
596	670	0.000019
596	671	0.999559
596	672	0.000115
596	674	0.000002
597	670	0.996289
597	671	0.000128
597	673	0.000002
598	672	0.000002
599	668	0.996004
600	667	0.999975
601	666	0.999511
602	665	0.999977
603	664	0.999991
604	663	0.999991
605	662	0.999957
606	661	0.999964
607	660	0.999991
608	659	0.999957
609	657	0.000008
609	658	0.999947
610	656	0.000016
610	657	0.999966
610	658	0.000002
611	654	0.000005
611	656	0.998723
611	657	0.000003
612	616	0.000001
613	653	0.000636
614	652	0.000330
614	653	0.863852
615	652	0.865255
615	653	0.000004
616	651	0.864967
616	652	0.000003
616	655	0.131663
617	650	0.861832
617	654	0.134346
618	643	0.000001
618	648	0.004279
618	653	0.131230
619	642	0.000001
619	647	0.002164
619	648	0.858863
619	652	0.127264
619	653	0.003143
620	647	0.863075
620	652	0.006240
621	646	0.864516
622	639	0.000003
622	645	0.864182
622	651	0.116090
623	641	0.000001
623	644	0.864414
623	646	0.000002
623	650	0.134585
624	637	0.000247
624	640	0.000001
624	642	0.000013
624	643	0.748940
624	645	0.000004
624	648	0.000002
624	649	0.134693
625	636	0.000538
625	640	0.000045
625	642	0.262211
625	643	0.106717
625	647	0.000005
625	648	0.134725
626	635	0.000573
626	636	0.000003
626	638	0.001291
626	640	0.004033
626	642	0.088665
626	643	0.002778
626	647	0.134646
627	634	0.000572
627	635	0.000002
627	637	0.001305
627	638	0.000012
627	639	0.003953
627	640	0.000070
627	642	0.002969
627	643	0.000403
627	645	0.124748
628	633	0.000555
628	641	0.013289
628	644	0.130416
628	646	0.000003
629	635	0.001366
629	636	0.000936
629	638	0.002431
629	640	0.013149
629	642	0.577578
629	643	0.065416
630	641	0.979502
631	635	0.000141
631	636	0.001074
631	638	0.010738
631	640	0.980472
631	642	0.000001
632	636	0.000013
632	637	0.009247
632	638	0.000015
632	639	0.980353
633	638	0.977361
633	640	0.000001
674	691	0.000011
674	701	0.000006
675	690	0.000016
675	700	0.000011
675	702	0.000003
676	689	0.000017
676	698	0.000229
676	701	0.000002
677	697	0.000232
677	698	0.000001
677	861	0.000006
678	687	0.000102
678	689	0.000002
678	691	0.000018
678	696	0.000235
678	697	0.000001
678	860	0.000006
679	686	0.000108
679	688	0.000002
679	690	0.000018
679	694	0.000002
679	707	0.000003
679	859	0.000006
680	686	0.000004
680	693	0.000001
680	694	0.001484
680	706	0.000003
680	858	0.000006
681	688	0.000257
681	690	0.000139
681	693	0.003358
681	694	0.000006
681	700	0.000004
681	705	0.000003
681	857	0.000005
681	886	0.000002
682	687	0.000233
682	689	0.000117
682	692	0.003636
682	699	0.000004
682	718	0.000062
682	856	0.000003
682	885	0.000003
683	687	0.000003
683	689	0.000376
683	691	0.003713
683	698	0.000005
683	704	0.000003
683	717	0.000074
684	688	0.000294
684	690	0.003291
684	693	0.000003
684	694	0.000006
684	700	0.000001
684	703	0.000006
684	883	0.000030
684	884	0.000013
684	887	0.000004
685	690	0.000314
685	693	0.000012
685	694	0.000010
685	703	0.000026
685	705	0.000002
685	882	0.000058
685	883	0.000021
685	884	0.000101
685	886	0.000008
685	887	0.000001
686	691	0.000321
686	696	0.000039
686	697	0.000090
686	698	0.000005
686	701	0.000342
686	704	0.000003
686	714	0.000173
686	715	0.000010
686	716	0.000144
686	717	0.000268
686	860	0.000002
686	894	0.000006
687	693	0.000029
687	694	0.000031
687	700	0.000351
687	702	0.001004
687	711	0.000014
687	713	0.000177
687	719	0.000177
687	735	0.000002
687	739	0.000014
687	747	0.000001
687	859	0.000001
687	863	0.000001
687	868	0.000002
687	880	0.001865
687	882	0.001284
687	883	0.000003
687	884	0.000009
687	886	0.000007
687	892	0.000015
687	893	0.000004
687	895	0.000018
688	692	0.000029
688	695	0.000160
688	696	0.000004
688	699	0.000352
688	701	0.001002
688	710	0.000012
688	714	0.000125
688	715	0.000078
688	716	0.001000
688	717	0.000008
688	718	0.000155
688	738	0.000014
688	746	0.000001
688	862	0.000001
688	867	0.000002
688	874	0.000007
688	875	0.000005
688	876	0.000033
688	877	0.000110
688	878	0.000048
688	879	0.001827
688	881	0.001448
688	885	0.000007
688	891	0.000018
688	894	0.000016
688	896	0.000066
689	693	0.000015
689	694	0.000331
689	700	0.000999
689	702	0.000016
689	707	0.000004
689	708	0.000006
689	711	0.000204
689	713	0.000126
689	719	0.000004
689	727	0.000001
689	732	0.000001
689	733	0.000002
689	734	0.000003
689	735	0.000011
689	739	0.000005
689	745	0.000001
689	857	0.000007
689	858	0.000005
689	859	0.000002
689	866	0.000001
689	873	0.000007
689	880	0.001532
689	882	0.000147
689	884	0.000006
689	886	0.000011
689	890	0.000020
689	892	0.000131
689	893	0.000008
689	895	0.000120
690	695	0.000028
690	696	0.000009
690	697	0.000322
690	698	0.000001
690	699	0.001006
690	701	0.000015
690	710	0.000171
690	714	0.003665
690	715	0.000007
690	716	0.000054
690	718	0.000003
690	725	0.000001
690	726	0.000001
690	730	0.000001
690	738	0.000005
690	771	0.000001
690	856	0.000008
690	860	0.000001
690	872	0.000005
690	874	0.000249
690	875	0.000450
690	876	0.000170
690	877	0.000059
690	878	0.000012
690	879	0.001327
690	881	0.000191
690	885	0.000014
690	891	0.000174
690	894	0.000118
690	896	0.000006
691	700	0.000007
691	702	0.000007
691	706	0.000038
691	709	0.000011
691	711	0.000122
691	712	0.000003
691	713	0.009372
691	724	0.000002
691	732	0.000433
691	735	0.000008
691	739	0.000004
691	741	0.000013
691	770	0.000001
691	855	0.000005
691	858	0.001438
691	864	0.000016
691	865	0.000012
691	873	0.000176
691	880	0.000214
691	883	0.000002
691	884	0.000015
691	887	0.000002
691	888	0.000004
691	890	0.000201
691	893	0.000106
691	895	0.000010
692	700	0.000029
692	703	0.000001
692	705	0.000038
692	709	0.000016
692	712	0.009312
692	727	0.000017
692	731	0.000436
692	734	0.000007
692	740	0.000013
692	769	0.000001
692	857	0.001391
692	863	0.000022
692	864	0.000010
692	873	0.032323
692	882	0.000002
692	883	0.000009
692	886	0.000002
692	887	0.000003
692	889	0.000145
692	892	0.000091
693	697	0.000001
693	698	0.000001
693	699	0.000033
693	701	0.000002
693	704	0.000022
693	710	0.000029
693	726	0.000020
693	728	0.000011
693	729	0.000179
693	730	0.000396
693	738	0.000066
693	768	0.000001
693	856	0.001125
693	861	0.000001
693	862	0.000025
693	871	0.000006
693	872	0.038079
693	874	0.000007
693	875	0.000050
693	876	0.000028
693	877	0.000004
693	878	0.000002
693	881	0.000001
693	885	0.000001
693	891	0.000069
694	698	0.000031
694	699	0.000011
694	701	0.000126
694	704	0.000235
694	710	0.034332
694	725	0.000022
694	726	0.000022
694	728	0.000423
694	729	0.000323
694	737	0.000166
694	767	0.000001
694	856	0.000006
694	860	0.000007
694	861	0.000025
694	862	0.000003
694	867	0.000019
694	871	0.051787
694	872	0.000041
694	874	0.000066
694	875	0.000014
694	876	0.000003
694	877	0.000001
695	700	0.000147
695	703	0.003740
695	705	0.000001
695	709	0.252611
695	722	0.000103
695	727	0.000465
695	733	0.000002
695	736	0.000175
695	859	0.000007
695	866	0.000026
695	870	0.054300
695	873	0.000058
695	886	0.000002
695	889	0.000002
696	700	0.000002
696	702	0.004104
696	703	0.002528
696	707	0.000064
696	708	0.366142
696	709	0.000029
696	721	0.000120
696	722	0.000067
696	723	0.000014
696	724	0.000153
696	727	0.000014
696	732	0.000003
696	734	0.000010
696	735	0.000174
696	858	0.000003
696	865	0.000027
696	866	0.000036
696	868	0.000002
696	869	0.054524
696	870	0.002307
696	873	0.000001
696	895	0.000004
697	702	0.003098
697	703	0.000216
697	706	0.000063
697	707	0.366736
697	708	0.000053
697	720	0.000121
697	721	0.000082
697	722	0.000010
697	723	0.000146
697	724	0.003747
697	733	0.000082
697	734	0.000071
697	864	0.000026
697	865	0.000057
697	866	0.000140
697	868	0.054366
697	869	0.002592
697	870	0.000024
697	884	0.000003
698	702	0.000244
698	703	0.000019
698	705	0.000041
698	706	0.366730
698	707	0.000050
698	719	0.000090
698	720	0.000083
698	721	0.000015
698	722	0.000111
698	723	0.003780
698	724	0.000011
698	732	0.000155
698	733	0.000002
698	735	0.000001
698	863	0.000005
698	864	0.000063
698	865	0.000584
698	866	0.000018
698	868	0.002658
698	869	0.000026
698	883	0.000004
698	893	0.000004
699	703	0.000017
699	705	0.360357
699	722	0.003672
699	727	0.000002
699	731	0.000156
699	734	0.000001
699	863	0.000053
699	864	0.000585
699	866	0.038667
699	870	0.000039
699	873	0.000002
699	882	0.000004
699	892	0.000004
700	704	0.308662
700	717	0.000004
700	725	0.000020
700	726	0.000002
700	730	0.000143
700	862	0.000044
700	867	0.000262
700	872	0.000002
700	881	0.000004
700	891	0.000004
700	896	0.000030
701	705	0.000003
701	711	0.000004
701	719	0.000007
701	720	0.001221
701	721	0.001232
701	722	0.000006
701	723	0.000009
701	724	0.000028
701	863	0.000019
701	864	0.001380
701	865	0.023473
701	866	0.000150
701	868	0.000969
701	869	0.000005
701	880	0.000003
701	890	0.000003
701	895	0.000038
702	710	0.000004
702	715	0.000007
702	860	0.000034
702	861	0.000060
702	867	0.001129
702	894	0.000038
703	714	0.000007
703	718	0.000008
703	725	0.000005
703	726	0.000003
703	728	0.000003
703	860	0.000058
703	862	0.000006
703	867	0.000008
704	708	0.000001
704	713	0.000007
704	719	0.509152
704	720	0.000044
704	721	0.000001
704	724	0.000002
704	858	0.000012
704	859	0.000028
704	863	0.078329
704	864	0.000068
704	865	0.000122
704	866	0.000002
705	716	0.000005
705	717	0.000364
705	718	0.515362
705	860	0.000004
705	861	0.000012
705	862	0.083369
706	715	0.000006
706	716	0.000720
706	717	0.516625
706	860	0.000015
706	861	0.084245
707	714	0.000006
707	715	0.000882
707	716	0.516463
707	717	0.000041
707	860	0.084104
707	861	0.000777
708	714	0.001040
708	715	0.516026
708	716	0.000056
708	860	0.001124
708	861	0.000295
708	894	0.000010
709	714	0.451597
709	715	0.000069
709	856	0.198845
709	860	0.000148
709	896	0.000001
710	719	0.000010
710	724	0.000001
710	727	0.000002
710	855	0.440429
710	858	0.000003
711	715	0.000010
711	716	0.000028
711	717	0.000109
711	786	0.000010
711	854	0.446686
712	716	0.000089
712	717	0.000002
712	718	0.000055
712	725	0.000036
712	726	0.000055
712	728	0.000006
712	729	0.000001
712	737	0.000003
712	785	0.000010
712	843	0.000004
712	853	0.447145
713	717	0.000063
713	784	0.000010
713	842	0.000004
713	852	0.447358
714	719	0.000306
714	720	0.000064
714	721	0.000093
714	722	0.000040
714	723	0.000092
714	724	0.004481
714	727	0.000003
714	735	0.000132
714	736	0.000002
714	741	0.000007
714	742	0.000001
714	744	0.000003
714	783	0.000009
714	814	0.000006
714	841	0.000001
714	849	0.000003
714	850	0.000038
714	851	0.445173
715	719	0.000072
715	720	0.000095
715	721	0.000052
715	722	0.000091
715	723	0.004494
715	724	0.000483
715	734	0.000134
715	735	0.000003
715	736	0.000004
715	740	0.000007
715	741	0.000002
715	743	0.000003
715	813	0.000006
715	848	0.000003
715	849	0.000051
715	850	0.449305
715	851	0.000011
716	720	0.000051
716	721	0.000136
716	722	0.004391
716	723	0.000483
716	724	0.000504
716	733	0.000136
716	734	0.000002
716	735	0.000004
716	736	0.000002
716	739	0.000007
716	740	0.000002
716	742	0.000003
716	848	0.000046
716	849	0.450661
716	850	0.000026
717	721	0.004212
717	722	0.000295
717	723	0.000506
717	724	0.000002
717	732	0.000137
717	734	0.000004
717	735	0.000002
717	739	0.000002
717	741	0.000003
717	780	0.000001
717	848	0.450658
717	849	0.000102
718	722	0.000384
718	731	0.000120
718	733	0.000003
718	734	0.000002
718	740	0.000003
718	779	0.000001
718	850	0.000013
718	851	0.000003
719	834	0.000001
719	846	0.000134
719	847	0.461891
720	833	0.000001
720	834	0.000086
720	845	0.000132
720	846	0.462091
720	847	0.000043
721	832	0.000001
721	833	0.000086
721	845	0.462031
721	846	0.000046
721	847	0.000003
722	726	0.000002
722	728	0.000003
722	729	0.000008
722	730	0.000002
722	811	0.000006
722	832	0.000086
722	842	0.000004
722	843	0.010902
722	844	0.428531
722	845	0.000044
722	846	0.000002
722	847	0.000002
723	810	0.000011
723	831	0.000088
723	834	0.000001
723	842	0.020675
723	845	0.000004
723	846	0.000004
724	749	0.000004
724	809	0.000011
724	830	0.000088
724	833	0.000001
724	842	0.321943
724	845	0.000004
725	731	0.000280
725	733	0.000237
725	734	0.002457
725	736	0.000192
725	740	0.000066
725	742	0.000016
725	743	0.000021
725	745	0.000003
725	748	0.000007
725	778	0.000001
725	808	0.000010
725	829	0.000075
725	838	0.000006
725	839	0.002752
725	841	0.210077
725	851	0.000002
726	731	0.000424
726	733	0.002713
726	734	0.001284
726	736	0.000392
726	740	0.000088
726	742	0.000043
726	743	0.000025
726	745	0.000008
726	748	0.000004
726	759	0.000011
726	761	0.000003
726	777	0.000002
726	836	0.000003
726	838	0.005000
726	839	0.000992
726	841	0.225135
726	850	0.000013
726	851	0.000023
727	737	0.004335
727	738	0.000212
727	746	0.000046
727	749	0.000007
727	758	0.000012
727	760	0.000003
727	762	0.000001
727	776	0.000002
727	797	0.000001
727	812	0.000002
727	825	0.000001
727	827	0.000003
727	835	0.000001
727	837	0.005037
727	840	0.332264
727	842	0.000030
727	843	0.000020
727	844	0.000004
727	847	0.000002
728	733	0.000620
728	734	0.001271
728	736	0.004625
728	740	0.000112
728	742	0.000028
728	743	0.000045
728	745	0.000050
728	748	0.000009
728	757	0.000011
728	759	0.000003
728	761	0.000001
728	775	0.000002
728	779	0.000005
728	790	0.000006
728	796	0.000002
728	824	0.000001
728	836	0.002805
728	838	0.021831
728	839	0.331424
728	841	0.000038
728	850	0.000011
728	851	0.000006
729	733	0.000972
729	734	0.000874
729	736	0.001844
729	740	0.000201
729	742	0.000082
729	743	0.000056
729	745	0.000009
729	748	0.000006
729	778	0.000007
729	789	0.000008
729	790	0.000003
729	794	0.000002
729	806	0.000001
729	836	0.000186
729	838	0.307490
729	839	0.000712
729	841	0.000018
729	850	0.000010
729	851	0.000004
730	734	0.000334
730	736	0.000799
730	740	0.000159
730	742	0.000082
730	743	0.000047
730	745	0.000007
730	748	0.000005
730	759	0.000002
730	761	0.000001
730	777	0.000008
730	789	0.000004
730	793	0.000003
730	805	0.000001
730	817	0.000001
730	836	0.400868
730	838	0.000595
730	839	0.000010
730	841	0.000046
730	850	0.000006
731	737	0.000358
731	738	0.000602
731	746	0.000002
731	758	0.000002
731	776	0.000007
731	785	0.000002
731	787	0.000066
731	792	0.000003
731	804	0.000001
731	811	0.000084
731	812	0.000005
731	815	0.000002
731	833	0.000007
731	834	0.000121
731	835	0.428862
731	837	0.000444
731	840	0.000045
731	842	0.000002
731	843	0.001407
731	844	0.000004
731	846	0.001515
731	847	0.000016
732	749	0.000051
732	758	0.000006
732	760	0.000002
732	784	0.000002
732	786	0.000077
732	791	0.000003
732	800	0.000003
732	803	0.000001
732	809	0.000001
732	810	0.000096
732	816	0.000011
732	818	0.000001
732	832	0.000007
732	833	0.000157
732	834	0.430369
732	842	0.001582
732	845	0.010244
732	846	0.000024
732	847	0.000002
733	737	0.000361
733	738	0.000483
733	746	0.000016
733	749	0.000007
733	772	0.000001
733	785	0.000071
733	786	0.000007
733	799	0.000003
733	809	0.000091
733	811	0.000046
733	812	0.000872
733	815	0.000012
733	831	0.000004
733	832	0.000167
733	833	0.428700
733	834	0.000013
733	835	0.000341
733	837	0.000003
733	840	0.000024
733	842	0.000008
733	843	0.000100
733	844	0.012876
733	845	0.000018
733	846	0.000002
733	847	0.000007
734	738	0.000216
734	746	0.000007
734	749	0.000002
734	766	0.000001
734	771	0.000001
734	784	0.000057
734	785	0.000014
734	787	0.000017
734	809	0.000001
734	810	0.000051
734	811	0.001196
734	812	0.000008
734	815	0.000003
734	830	0.000002
734	831	0.000159
734	832	0.425750
734	833	0.000216
734	834	0.000357
734	835	0.000135
734	837	0.000002
734	840	0.000066
734	842	0.000094
734	843	0.014904
734	844	0.000017
734	846	0.000012
734	847	0.000004
734	853	0.000004
735	749	0.000074
735	758	0.000008
735	760	0.000002
735	784	0.000020
735	786	0.000020
735	792	0.000047
735	800	0.000005
735	804	0.000001
735	809	0.000053
735	810	0.001230
735	816	0.000130
735	818	0.000010
735	830	0.000175
735	831	0.425927
735	832	0.000417
735	833	0.000380
735	834	0.000138
735	842	0.015061
735	845	0.000028
735	846	0.000007
735	847	0.000002
735	852	0.000005
736	746	0.000268
736	749	0.000038
736	752	0.000003
736	758	0.000002
736	760	0.000002
736	762	0.000012
736	771	0.000002
736	772	0.000001
736	773	0.000001
736	776	0.000007
736	782	0.000006
736	785	0.000018
736	791	0.000049
736	797	0.000003
736	799	0.000005
736	803	0.000001
736	809	0.001198
736	812	0.000014
736	815	0.000149
736	816	0.000004
736	818	0.000028
736	825	0.000014
736	826	0.000003
736	827	0.000006
736	830	0.418314
736	831	0.000234
736	832	0.000354
736	833	0.000114
736	835	0.000001
736	837	0.000055
736	840	0.002754
736	842	0.000053
736	843	0.000015
736	844	0.000030
736	845	0.000006
736	846	0.000002
736	852	0.000001
737	742	0.000258
737	743	0.000244
737	745	0.000334
737	748	0.000059
737	755	0.000001
737	757	0.000003
737	759	0.000002
737	761	0.000013
737	764	0.000001
737	769	0.000003
737	775	0.000010
737	778	0.000002
737	779	0.000001
737	790	0.000062
737	794	0.000004
737	796	0.000003
737	802	0.000002
737	806	0.000196
737	808	0.000924
737	817	0.000061
737	819	0.000002
737	824	0.000033
737	829	0.366073
737	836	0.000052
737	838	0.000048
737	839	0.002685
737	841	0.000225
737	850	0.000033
737	851	0.000043
738	742	0.000385
738	743	0.000431
738	745	0.000819
738	748	0.000133
738	755	0.000010
738	757	0.000006
738	759	0.002273
738	761	0.003394
738	764	0.000010
738	769	0.000054
738	775	0.000022
738	777	0.000005
738	778	0.000003
738	779	0.000002
738	789	0.000063
738	793	0.000005
738	805	0.000372
738	806	0.000029
738	808	0.000002
738	817	0.012612
738	819	0.000090
738	824	0.000120
738	829	0.000569
738	836	0.000024
738	838	0.001761
738	839	0.000073
738	841	0.000017
738	850	0.000060
738	851	0.000006
739	749	0.004886
739	758	0.002461
739	760	0.003626
739	786	0.000287
739	792	0.000005
739	800	0.000121
739	803	0.000005
739	804	0.000387
739	809	0.000003
739	810	0.000006
739	816	0.016008
739	818	0.000103
739	830	0.000063
739	831	0.000011
739	832	0.000100
739	833	0.000030
739	834	0.000053
739	842	0.000086
739	845	0.000019
739	846	0.000080
739	847	0.025554
740	746	0.000231
740	749	0.000160
740	752	0.000016
740	758	0.000005
740	760	0.000004
740	762	0.000019
740	766	0.000088
740	767	0.000137
740	768	0.000081
740	771	0.000196
740	772	0.000077
740	773	0.000020
740	776	0.000003
740	781	0.000003
740	782	0.000002
740	785	0.000291
740	787	0.000213
740	791	0.000004
740	799	0.000116
740	800	0.000002
740	803	0.000284
740	804	0.000022
740	809	0.000004
740	810	0.000010
740	811	0.001296
740	812	0.000194
740	815	0.015369
740	816	0.000028
740	825	0.000273
740	826	0.003868
740	827	0.000663
740	830	0.000010
740	831	0.000100
740	832	0.000034
740	833	0.000052
740	834	0.000020
740	835	0.002635
740	837	0.000008
740	840	0.000006
740	842	0.000005
740	843	0.001598
740	844	0.000017
740	845	0.000003
740	846	0.025855
740	847	0.000003
741	749	0.003524
741	758	0.002307
741	760	0.000086
741	784	0.000291
741	786	0.000242
741	800	0.000431
741	803	0.000099
741	804	0.000065
741	809	0.000016
741	810	0.001423
741	816	0.000291
741	830	0.000111
741	831	0.000035
741	832	0.000055
741	833	0.000030
741	834	0.002787
741	842	0.001756
741	845	0.027007
741	846	0.000004
742	746	0.000231
742	749	0.000820
742	752	0.000020
742	758	0.000021
742	760	0.000029
742	762	0.000175
742	766	0.000188
742	767	0.001978
742	768	0.003141
742	771	0.000046
742	772	0.000147
742	773	0.000040
742	776	0.000007
742	781	0.000007
742	782	0.000051
742	785	0.000226
742	786	0.000013
742	797	0.000029
742	799	0.000431
742	800	0.000144
742	803	0.000063
742	809	0.001353
742	810	0.000004
742	811	0.003100
742	812	0.348257
742	815	0.000251
742	816	0.000002
742	825	0.000263
742	826	0.000575
742	827	0.000314
742	830	0.000029
742	831	0.000031
742	832	0.000029
742	833	0.002777
742	834	0.000001
742	835	0.000019
742	840	0.000012
742	842	0.000002
742	843	0.000014
742	844	0.027271
742	845	0.000003
743	749	0.000117
743	752	0.000057
743	758	0.000004
743	760	0.000011
743	762	0.000797
743	766	0.002174
743	767	0.003722
743	768	0.000295
743	771	0.000153
743	772	0.000046
743	773	0.000004
743	776	0.000003
743	781	0.000051
743	782	0.000026
743	784	0.000190
743	785	0.000031
743	787	0.000084
743	797	0.000015
743	799	0.000318
743	800	0.000010
743	804	0.000018
743	809	0.000007
743	810	0.003162
743	811	0.477640
743	812	0.000207
743	815	0.000001
743	825	0.000501
743	826	0.000304
743	827	0.000028
743	830	0.000017
743	831	0.000029
743	832	0.002770
743	833	0.000003
743	834	0.000020
743	835	0.000024
743	840	0.000010
743	842	0.000012
743	843	0.027449
743	844	0.000002
744	749	0.006845
744	758	0.000216
744	760	0.000619
744	784	0.000046
744	786	0.000100
744	800	0.000348
744	803	0.000021
744	804	0.000034
744	809	0.003324
744	810	0.491707
744	816	0.000008
744	818	0.000004
744	830	0.000034
744	831	0.002786
744	832	0.000005
744	833	0.000020
744	834	0.000024
744	842	0.027387
744	845	0.000002
745	749	0.000088
745	752	0.000119
745	758	0.000118
745	760	0.019158
745	762	0.028478
745	766	0.000862
745	767	0.000295
745	768	0.000084
745	771	0.000012
745	772	0.000009
745	773	0.000005
745	776	0.000049
745	781	0.000008
745	782	0.000022
745	785	0.000096
745	797	0.002265
745	799	0.000341
745	800	0.000002
745	803	0.000034
745	809	0.487568
745	810	0.000020
745	811	0.000022
745	812	0.000013
745	815	0.000010
745	818	0.000147
745	825	0.000116
745	826	0.000008
745	827	0.000008
745	830	0.002711
745	831	0.000004
745	832	0.000017
745	833	0.000015
745	835	0.000006
745	837	0.000125
745	840	0.004104
745	842	0.000012
745	843	0.000001
745	844	0.000002
746	755	0.000051
746	757	0.000139
746	759	0.024558
746	761	0.032430
746	764	0.006096
746	769	0.000019
746	775	0.000050
746	777	0.000010
746	778	0.000011
746	779	0.000008
746	793	0.000010
746	794	0.000028
746	796	0.002381
746	802	0.000036
746	805	0.000020
746	806	0.000051
746	808	0.427304
746	817	0.000404
746	819	0.000005
746	824	0.000109
746	829	0.002208
746	836	0.000126
746	838	0.000048
746	839	0.003985
746	841	0.000239
747	758	0.025167
747	760	0.032150
747	784	0.000016
747	786	0.000012
747	792	0.000010
747	800	0.001579
747	804	0.000018
747	809	0.000127
747	810	0.000382
747	816	0.000519
747	818	0.000006
747	830	0.000007
747	831	0.000009
747	832	0.000001
747	833	0.000003
747	834	0.000298
747	842	0.000008
747	845	0.000001
748	752	0.000028
748	758	0.000230
748	760	0.001060
748	762	0.135501
748	766	0.004666
748	767	0.000096
748	768	0.000029
748	771	0.000391
748	772	0.000024
748	773	0.000025
748	776	0.000055
748	781	0.000501
748	782	0.000023
748	784	0.000006
748	785	0.000011
748	791	0.000010
748	797	0.000030
748	799	0.001630
748	800	0.000001
748	803	0.000016
748	809	0.000376
748	810	0.000003
748	811	0.000057
748	812	0.000029
748	815	0.000531
748	825	0.000026
748	826	0.000010
748	827	0.000122
748	830	0.000008
748	832	0.000003
748	833	0.000298
748	834	0.000002
748	835	0.000149
748	837	0.002630
748	840	0.000120
748	844	0.000001
749	753	0.000153
749	754	0.000872
749	755	0.000128
749	756	0.005502
749	757	0.000237
749	759	0.011519
749	761	0.165314
749	763	0.005009
749	764	0.000237
749	765	0.005434
749	769	0.000002
749	770	0.000449
749	774	0.000142
749	775	0.000053
749	777	0.000005
749	778	0.000005
749	779	0.000003
749	780	0.000577
749	783	0.000128
749	788	0.000007
749	790	0.000005
749	793	0.015685
749	794	0.000028
749	795	0.000028
749	796	0.000013
749	798	0.001413
749	801	0.000025
749	802	0.000002
749	805	0.489509
749	806	0.000217
749	807	0.000405
749	808	0.000134
749	813	0.000008
749	814	0.000533
749	823	0.000020
749	824	0.000021
749	828	0.000087
749	829	0.000004
749	836	0.002676
749	838	0.000132
749	839	0.000105
749	841	0.000002
749	848	0.000149
749	849	0.000001
750	758	0.011599
750	760	0.135132
750	784	0.000002
750	792	0.017671
750	800	0.000024
750	804	0.496882
750	809	0.000038
750	810	0.001823
750	830	0.000001
750	831	0.000315
750	832	0.000004
750	833	0.000209
750	834	0.002721
750	842	0.000002
750	846	0.000001
750	847	0.000150
751	758	0.107911
751	760	0.201373
751	784	0.000001
751	786	0.000001
751	791	0.017687
751	803	0.496847
751	804	0.000008
751	809	0.001831
751	810	0.000005
751	818	0.000002
751	830	0.000315
751	831	0.000004
751	832	0.000209
751	833	0.002678
751	834	0.001184
751	842	0.000021
751	845	0.000001
751	846	0.000146
751	847	0.000001
752	757	0.078943
752	759	0.235735
752	761	0.003215
752	764	0.000006
752	769	0.000008
752	775	0.000013
752	777	0.000021
752	778	0.000011
752	779	0.000008
752	789	0.000017
752	790	0.017291
752	793	0.000623
752	794	0.000004
752	796	0.000004
752	802	0.485151
752	805	0.003366
752	806	0.000007
752	808	0.000847
752	817	0.000002
752	829	0.000245
752	836	0.000034
752	841	0.000016
753	758	0.233376
753	760	0.003476
753	786	0.000010
753	792	0.000686
753	800	0.000481
753	803	0.000033
753	804	0.004377
753	816	0.000002
753	830	0.000001
753	831	0.000453
753	832	0.002415
753	833	0.007768
753	834	0.002451
753	842	0.000001
753	845	0.000070
753	846	0.000011
753	847	0.000002
754	758	0.000792
754	760	0.001406
754	784	0.000004
754	786	0.008387
754	791	0.000685
754	792	0.000009
754	800	0.004833
754	803	0.004380
754	804	0.000026
754	830	0.000454
754	831	0.002414
754	832	0.007810
754	833	0.002459
754	834	0.000006
754	842	0.000004
754	845	0.000015
754	846	0.000002
754	847	0.000002
755	760	0.000015
755	762	0.000018
755	766	0.000021
755	767	0.000096
755	768	0.000324
755	771	0.000043
755	772	0.000093
755	773	0.000101
755	776	0.000030
755	781	0.000005
755	782	0.000008
755	785	0.008428
755	786	0.000003
755	787	0.013289
755	791	0.000008
755	792	0.000008
755	799	0.002919
755	800	0.000035
755	803	0.000023
755	826	0.000008
755	827	0.000001
755	830	0.001834
755	831	0.007752
755	832	0.002449
755	833	0.000006
755	843	0.000080
755	844	0.000013
755	845	0.000001
755	846	0.000002
756	760	0.000046
756	784	0.008237
756	786	0.013534
756	791	0.000012
756	792	0.000437
756	800	0.496661
756	804	0.000003
756	816	0.000003
756	830	0.007939
756	831	0.002473
756	832	0.000010
756	842	0.000086
756	845	0.000004
757	762	0.000023
757	766	0.010499
757	767	0.000151
757	768	0.000293
757	771	0.003450
757	772	0.000077
757	773	0.000088
757	776	0.000145
757	781	0.001318
757	782	0.000138
757	784	0.001787
757	785	0.011822
757	786	0.000002
757	787	0.000001
757	791	0.000432
757	797	0.000476
757	799	0.499753
757	800	0.000003
757	803	0.000002
757	815	0.000004
757	825	0.000006
757	826	0.000011
757	827	0.000030
757	830	0.002208
757	831	0.000008
757	840	0.000005
757	842	0.000003
757	844	0.000004
758	763	0.000417
758	764	0.000014
758	765	0.012421
758	769	0.001211
758	770	0.004001
758	774	0.003497
758	775	0.000107
758	777	0.000185
758	778	0.000006
758	779	0.000024
758	780	0.001553
758	783	0.014384
758	788	0.000208
758	789	0.000055
758	790	0.000241
758	795	0.000033
758	796	0.000435
758	798	0.501727
758	801	0.000095
758	814	0.000004
758	823	0.000013
758	824	0.000005
758	828	0.007599
758	829	0.000625
758	838	0.000015
758	839	0.000004
758	841	0.000011
759	766	0.008219
759	767	0.000143
759	768	0.002010
759	771	0.002401
759	772	0.000049
759	773	0.003420
759	776	0.000210
759	781	0.003542
759	782	0.013142
759	784	0.004372
759	785	0.000002
759	786	0.000001
759	787	0.000205
759	797	0.495276
759	799	0.000808
759	800	0.000039
759	825	0.000025
759	826	0.000032
759	827	0.007136
759	837	0.000016
759	840	0.000011
759	842	0.000002
760	764	0.000026
760	765	0.011951
760	769	0.001302
760	770	0.003449
760	774	0.002149
760	775	0.000105
760	777	0.001342
760	778	0.000150
760	779	0.000037
760	780	0.004947
760	783	0.007634
760	788	0.006169
760	789	0.000007
760	790	0.000002
760	793	0.000008
760	794	0.000311
760	795	0.069566
760	796	0.392025
760	798	0.001123
760	801	0.000007
760	813	0.000005
760	823	0.000040
760	824	0.000022
760	828	0.000665
760	836	0.000016
760	838	0.000008
760	839	0.000006
760	841	0.000006
761	766	0.000351
761	767	0.000846
761	768	0.001934
761	771	0.000139
761	772	0.000097
761	773	0.002085
761	776	0.001686
761	781	0.000088
761	782	0.007208
761	784	0.000004
761	785	0.000071
761	787	0.006304
761	791	0.000054
761	792	0.000011
761	797	0.001151
761	800	0.000006
761	812	0.000005
761	825	0.000753
761	826	0.000028
761	827	0.000616
761	835	0.000014
761	837	0.000009
761	840	0.000006
762	769	0.000416
762	775	0.001609
762	777	0.000058
762	778	0.000180
762	779	0.000215
762	789	0.000008
762	790	0.000054
762	793	0.282236
762	794	0.053895
762	796	0.001105
762	824	0.000756
762	836	0.000008
762	839	0.000006
763	784	0.000028
763	786	0.017861
763	791	0.000323
763	792	0.292904
763	800	0.000029
763	810	0.000007
763	830	0.000001
763	832	0.000032
763	833	0.000007
763	834	0.000016
763	842	0.000005
763	845	0.000002
763	847	0.000003
764	768	0.000228
764	771	0.000771
764	772	0.000302
764	773	0.000795
764	776	0.000130
764	781	0.004033
764	782	0.000234
764	784	0.000001
764	785	0.018072
764	787	0.000167
764	791	0.024784
764	792	0.129933
764	797	0.000029
764	799	0.000028
764	809	0.000006
764	810	0.000003
764	825	0.000004
764	826	0.000004
764	827	0.000001
764	831	0.000033
764	832	0.000007
764	833	0.000016
764	835	0.000002
764	843	0.000295
764	844	0.000001
764	846	0.000003
765	784	0.018084
765	786	0.000232
765	791	0.417078
765	792	0.000214
765	800	0.000006
765	809	0.000006
765	830	0.000038
765	831	0.000007
765	832	0.000015
765	834	0.000002
765	842	0.000327
765	845	0.000003
766	775	0.001126
766	777	0.000146
766	778	0.000652
766	779	0.045930
766	789	0.001741
766	790	0.421540
766	793	0.000004
766	794	0.000082
766	796	0.000050
766	808	0.000006
766	824	0.000003
766	829	0.000032
766	838	0.000004
766	839	0.000007
766	841	0.000277
767	775	0.000569
767	777	0.000653
767	778	0.057161
767	779	0.002448
767	789	0.378643
767	790	0.000774
767	793	0.000043
767	794	0.004656
767	796	0.000024
767	806	0.000013
767	824	0.000003
767	838	0.000010
767	839	0.000045
768	775	0.001110
768	777	0.059110
768	778	0.002828
768	779	0.000468
768	789	0.001089
768	790	0.000037
768	793	0.005740
768	794	0.000014
768	796	0.000177
768	805	0.000014
768	824	0.000003
768	836	0.000179
768	838	0.000042
768	839	0.000012
768	841	0.000001
769	773	0.000184
769	776	0.051121
769	781	0.000484
769	782	0.000225
769	784	0.000006
769	785	0.039288
769	786	0.000073
769	787	0.372654
769	792	0.005835
769	797	0.000300
769	799	0.000004
769	804	0.000014
769	825	0.000003
769	826	0.000003
769	827	0.000002
769	831	0.000001
769	835	0.000200
769	837	0.000034
769	840	0.000002
769	843	0.000302
770	784	0.039760
770	786	0.381750
770	791	0.005944
770	792	0.000002
770	803	0.000014
770	830	0.000009
770	833	0.000001
770	834	0.000203
770	842	0.000345
771	775	0.000677
771	777	0.000433
771	778	0.003758
771	779	0.008010
771	789	0.000022
771	790	0.005833
771	793	0.000002
771	794	0.000225
771	796	0.000417
771	802	0.000014
771	824	0.000003
771	829	0.000009
771	836	0.000004
771	839	0.000001
771	841	0.000305
772	777	0.003144
772	778	0.008957
772	779	0.002886
772	789	0.004973
772	790	0.000053
772	793	0.000136
772	794	0.047428
772	796	0.000022
772	824	0.000004
772	838	0.000001
772	839	0.000016
773	777	0.005395
773	778	0.002307
773	779	0.000407
773	789	0.000074
773	790	0.000004
773	793	0.057817
773	794	0.000021
773	817	0.000002
773	824	0.000005
773	829	0.000005
773	838	0.000015
773	839	0.000052
774	784	0.017995
774	786	0.002472
774	791	0.000014
774	792	0.058783
774	800	0.000005
774	816	0.000003
774	830	0.000176
774	831	0.000431
774	832	0.000073
774	833	0.000015
774	834	0.000001
775	781	0.003568
775	782	0.005421
775	784	0.000399
775	785	0.002573
775	786	0.000066
775	787	0.000056
775	791	0.058727
775	797	0.000001
775	799	0.000005
775	815	0.000003
775	825	0.000071
775	826	0.000007
775	827	0.000017
775	830	0.000461
775	831	0.000072
775	832	0.000015
775	833	0.000001
775	837	0.000180
775	840	0.000001
776	789	0.000037
776	790	0.058180
776	793	0.000004
776	794	0.000001
776	796	0.000001
776	824	0.000068
776	829	0.000465
776	836	0.000192
776	838	0.000002
776	839	0.000001
776	841	0.000001
777	781	0.000467
777	782	0.000585
777	784	0.000197
777	785	0.001532
777	786	0.000360
777	787	0.001699
777	792	0.000003
777	812	0.000032
777	825	0.000049
777	826	0.000724
777	827	0.003367
777	830	0.000005
777	833	0.000004
777	835	0.000191
777	837	0.000002
777	840	0.000001
777	845	0.000003
778	782	0.000272
778	784	0.001445
778	785	0.001206
778	786	0.001913
778	787	0.000277
778	791	0.000002
778	797	0.000005
778	811	0.000046
778	812	0.000004
778	825	0.000902
778	826	0.004719
778	827	0.001942
778	830	0.000004
778	832	0.000010
778	834	0.000188
778	835	0.000008
778	844	0.000068
779	784	0.001043
779	785	0.002374
779	786	0.000253
779	787	0.057640
779	792	0.000190
779	810	0.000048
779	811	0.000005
779	825	0.004396
779	826	0.002344
779	827	0.000892
779	831	0.000019
779	833	0.000181
779	834	0.000011
779	835	0.000005
779	843	0.000123
780	784	0.002049
780	786	0.058218
780	791	0.000350
780	809	0.000048
780	810	0.000005
780	830	0.000101
780	831	0.000001
780	832	0.000178
780	833	0.000013
780	834	0.000005
780	842	0.000130
781	789	0.000004
781	790	0.000369
781	794	0.000361
781	806	0.000023
781	808	0.000035
781	824	0.001311
781	829	0.000100
781	841	0.000105
782	789	0.000288
782	790	0.000002
782	793	0.000454
782	805	0.000058
782	821	0.000010
782	824	0.022896
782	829	0.000003
783	791	0.000046
783	792	0.000463
783	804	0.000061
783	809	0.000002
783	810	0.000024
783	818	0.000001
783	830	0.000039
783	831	0.000006
783	842	0.000001
784	788	0.000045
784	789	0.000006
784	790	0.000054
784	795	0.000116
784	798	0.000021
784	807	0.000003
784	808	0.000001
784	820	0.001094
784	821	0.000004
784	822	0.438130
784	823	0.001421
784	824	0.000005
784	828	0.000005
784	829	0.000002
785	789	0.000041
785	790	0.000132
785	794	0.000113
785	796	0.000131
785	802	0.000064
785	806	0.000003
785	808	0.000027
785	819	0.001099
785	821	0.441745
786	793	0.000076
786	794	0.000019
786	795	0.000154
786	801	0.000064
786	805	0.000001
786	806	0.000003
786	807	0.000027
786	820	0.442200
786	828	0.000001
787	793	0.000049
787	794	0.000131
787	802	0.000001
787	805	0.000007
787	806	0.000024
787	817	0.002590
787	819	0.442080
788	792	0.000063
788	800	0.000075
788	804	0.000011
788	816	0.002978
788	818	0.441648
788	842	0.000003
788	845	0.000001
789	799	0.000040
789	800	0.000169
789	803	0.000007
789	804	0.000019
789	815	0.001529
789	816	0.379313
789	818	0.000003
789	826	0.000011
789	843	0.000001
789	844	0.000002
790	797	0.000003
790	799	0.000549
790	803	0.000023
790	815	0.455625
790	816	0.000257
790	825	0.000014
790	843	0.000002
791	795	0.000004
791	796	0.000003
791	798	0.000645
791	801	0.000002
791	802	0.000050
791	814	0.467566
791	823	0.000014
791	824	0.000013
791	849	0.000169
792	798	0.000027
792	801	0.000062
792	813	0.467613
792	822	0.000015
792	823	0.000013
792	848	0.000170
793	797	0.000023
793	799	0.000002
793	800	0.000062
793	811	0.000022
793	812	0.467129
793	844	0.000004
793	847	0.000170
794	799	0.000057
794	800	0.000004
794	810	0.000044
794	811	0.466868
794	812	0.000003
794	843	0.000041
794	846	0.000169
795	800	0.000038
795	803	0.000001
795	804	0.000008
795	809	0.000085
795	810	0.465758
795	818	0.000006
795	842	0.000046
795	845	0.000172
796	800	0.000003
796	803	0.000017
796	804	0.000003
796	809	0.373397
796	810	0.000074
796	811	0.000014
796	818	0.000004
796	825	0.000001
796	840	0.000007
796	842	0.000001
796	843	0.000001
796	844	0.000165
797	802	0.000032
797	805	0.027898
797	806	0.000468
797	808	0.295998
797	817	0.000003
797	819	0.000895
797	821	0.000001
797	839	0.000006
797	841	0.000002
798	803	0.006735
798	804	0.037130
798	809	0.088882
798	810	0.000001
798	816	0.000002
798	818	0.001435
798	842	0.000157
799	805	0.006088
799	806	0.128249
799	808	0.108021
799	817	0.000969
799	819	0.000003
799	841	0.000128
800	805	0.071980
800	806	0.001418
800	807	0.113479
800	808	0.000070
800	817	0.016032
801	809	0.000071
801	810	0.000004
801	816	0.028096
802	809	0.000007
802	815	0.029380
803	807	0.000419
803	808	0.000033
803	814	0.030199
803	849	0.000088
804	808	0.000006
804	813	0.030202
804	828	0.000002
804	848	0.000089
805	811	0.000049
805	812	0.029386
805	827	0.000002
805	847	0.000088
806	810	0.000081
806	811	0.022235
806	812	0.000010
806	826	0.000002
806	843	0.000007
806	846	0.000088
807	816	0.000379
807	842	0.000008
807	845	0.000090
807	846	0.000001
808	815	0.000463
808	840	0.000001
808	843	0.000001
808	844	0.000089
808	845	0.000001
809	813	0.000002
809	814	0.000512
809	823	0.000006
809	839	0.000001
809	849	0.000013
809	850	0.000003
810	814	0.000008
810	822	0.000006
810	841	0.000001
810	848	0.000013
810	849	0.000004
811	821	0.000006
811	839	0.000006
811	841	0.000060
812	817	0.000001
812	819	0.000007
812	838	0.000004
812	839	0.000054
812	841	0.000435
813	818	0.000010
813	831	0.003264
813	832	0.000005
813	842	0.009251
813	845	0.000015
813	846	0.000317
813	847	0.000070
814	818	0.000001
814	830	0.003583
814	831	0.000002
814	842	0.064156
814	845	0.000325
814	846	0.000071
815	821	0.000001
815	824	0.000008
815	829	0.003600
815	838	0.000147
815	839	0.317735
815	841	0.050481
816	820	0.000001
816	822	0.000001
816	823	0.000008
816	828	0.003613
816	836	0.000010
816	838	0.480636
816	839	0.000724
816	841	0.000042
817	825	0.000002
817	826	0.000032
817	827	0.003540
817	835	0.000010
817	837	0.511909
817	840	0.000048
817	842	0.000002
818	822	0.000004
818	823	0.000022
818	824	0.000006
818	828	0.000042
818	836	0.546391
818	838	0.000023
818	839	0.000021
818	841	0.000001
819	825	0.000047
819	826	0.000021
819	827	0.000039
819	833	0.000002
819	834	0.000314
819	835	0.549844
819	837	0.000010
820	832	0.000006
820	833	0.001212
820	834	0.550671
821	825	0.000005
821	826	0.000005
821	827	0.000002
821	831	0.000001
821	832	0.001599
821	833	0.549052
821	834	0.000022
821	835	0.000022
822	830	0.000002
822	831	0.002114
822	832	0.549520
822	833	0.000647
822	834	0.000027
823	830	0.003868
823	831	0.549415
823	832	0.000707
823	833	0.000032
823	834	0.000006
824	830	0.538607
824	831	0.000675
824	832	0.000031
824	833	0.000006
825	829	0.373305
828	833	0.000001
830	839	0.000001
831	838	0.000001
832	839	0.000002
832	850	0.000001
833	838	0.000002
833	849	0.000001
834	839	0.000002
834	848	0.000001
835	839	0.000002
835	841	0.000016
836	840	0.000014
836	842	0.000007
836	843	0.000011
836	844	0.000001
837	841	0.000024
838	842	0.000011
838	843	0.000053
838	844	0.000045
838	845	0.000002
839	843	0.000127
839	844	0.000108
839	845	0.000002
841	846	0.000001
841	847	0.000001
842	848	0.000005
842	849	0.000021
842	851	0.000002
843	850	0.000003
843	851	0.000028
844	850	0.000041
844	851	0.000001
845	849	0.000041
845	850	0.000001
854	868	0.000002
854	895	0.000002
855	860	0.000022
855	861	0.000013
855	867	0.000005
855	894	0.000003
856	863	0.000213
856	864	0.000069
856	866	0.000009
856	870	0.000006
856	873	0.001218
856	884	0.000004
856	892	0.000001
856	893	0.000004
857	861	0.000013
857	862	0.000224
857	867	0.000004
857	871	0.000058
857	872	0.001530
857	874	0.000008
857	875	0.000003
857	891	0.000001
857	894	0.000002
857	896	0.000001
857	897	0.000004
858	867	0.000500
858	894	0.000009
859	867	0.000204
859	871	0.001260
859	872	0.000010
859	874	0.000006
859	875	0.000003
859	876	0.000010
859	877	0.000002
859	878	0.000001
859	881	0.000111
859	885	0.000046
859	891	0.000859
859	896	0.001095
859	897	0.000003
860	864	0.000015
860	865	0.001973
860	866	0.000823
860	868	0.000102
860	869	0.019521
860	870	0.001377
860	873	0.000004
860	880	0.000138
860	884	0.000055
860	888	0.000011
860	889	0.000003
860	890	0.001078
860	893	0.000002
860	895	0.001298
861	865	0.001063
861	866	0.000051
861	868	0.019563
861	869	0.001439
861	870	0.000016
861	873	0.000001
861	880	0.000012
861	883	0.000065
861	884	0.000012
861	887	0.000033
861	888	0.000009
861	889	0.001068
861	890	0.000172
861	892	0.000002
861	893	0.000095
861	895	0.000349
862	866	0.000161
862	870	0.000005
862	873	0.000126
862	882	0.000065
862	883	0.000012
862	884	0.000001
862	886	0.000036
862	887	0.000010
862	888	0.001040
862	889	0.000165
862	892	0.000107
862	893	0.000999
863	867	0.000154
863	871	0.000006
863	872	0.000135
863	874	0.000002
863	875	0.000006
863	876	0.000004
863	877	0.000056
863	878	0.000015
863	879	0.000004
863	881	0.000055
863	885	0.000036
863	891	0.000078
863	894	0.000073
863	896	0.000027
863	897	0.000090
864	871	0.000111
864	872	0.000002
864	874	0.000007
864	875	0.000005
864	876	0.000052
864	877	0.000016
864	878	0.000005
864	879	0.000002
864	881	0.000001
864	885	0.000002
864	891	0.000054
864	894	0.000029
864	896	0.000073
864	897	0.000168
865	894	0.000220
866	871	0.000007
866	872	0.000028
866	874	0.000042
866	875	0.000061
866	876	0.000011
866	877	0.000009
866	878	0.000018
866	879	0.000006
866	881	0.000087
866	885	0.000008
866	891	0.003120
866	894	0.000011
866	896	0.071003
866	897	0.000041
867	873	0.000041
867	880	0.000109
867	882	0.000001
867	883	0.000004
867	884	0.000009
867	886	0.000001
867	887	0.000005
867	888	0.000038
867	889	0.000035
867	890	0.003892
867	892	0.000039
867	893	0.000018
867	895	0.088416
868	894	0.087840
869	894	0.002576
870	874	0.000047
870	875	0.000166
870	876	0.000135
870	877	0.000233
870	878	0.000082
870	879	0.000117
870	881	0.000020
870	885	0.003025
870	891	0.001402
870	894	0.040740
870	896	0.000097
870	897	0.000016
871	882	0.000018
871	883	0.001069
871	884	0.003512
871	886	0.000180
871	887	0.323764
871	888	0.002532
871	889	0.000961
871	892	0.002003
871	893	0.072417
872	882	0.001409
872	883	0.003397
872	884	0.000167
872	886	0.421918
872	887	0.001948
872	888	0.000812
872	889	0.000293
872	892	0.080985
872	893	0.000528
873	877	0.000051
873	878	0.000187
873	879	0.000118
873	881	0.001396
873	885	0.437876
873	891	0.075820
873	894	0.001156
873	896	0.000021
873	897	0.000007
874	882	0.000079
874	883	0.001134
874	884	0.438232
874	886	0.000230
874	887	0.000922
874	888	0.005307
874	889	0.044570
874	892	0.000068
874	893	0.001506
875	882	0.001370
875	883	0.428206
875	884	0.007649
875	886	0.000954
875	887	0.005773
875	888	0.049173
875	889	0.045973
875	892	0.001298
875	893	0.000235
876	882	0.357867
876	883	0.009392
876	884	0.003239
876	886	0.004994
876	887	0.049622
876	888	0.051286
876	889	0.017395
876	892	0.000200
876	893	0.000178
877	882	0.007610
877	883	0.003724
877	884	0.003253
877	886	0.046816
877	887	0.050312
877	888	0.021296
877	889	0.001571
877	892	0.000156
877	893	0.000176
878	882	0.002354
878	883	0.002951
878	884	0.003291
878	886	0.043111
878	887	0.022163
878	888	0.001815
878	889	0.000809
878	892	0.000158
878	893	0.000144
879	883	0.002201
879	884	0.002482
879	886	0.016469
879	887	0.001578
879	888	0.000886
879	889	0.000060
879	892	0.000125
879	893	0.000032
880	894	0.011296
881	886	0.000160
881	887	0.000469
881	888	0.000622
881	889	0.000228
881	892	0.000569
881	893	0.010860
882	891	0.000751
882	894	0.000044
882	896	0.000074
882	897	0.000079
883	891	0.000719
883	894	0.000082
883	896	0.000124
883	897	0.000055
884	891	0.000295
884	894	0.001215
884	896	0.000089
884	897	0.000011
885	889	0.000111
885	892	0.000500
885	893	0.001451
886	891	0.000482
886	894	0.000136
886	896	0.000042
886	897	0.000208
887	891	0.000098
887	894	0.000447
887	896	0.000371
887	897	0.000129
888	894	0.000444
888	896	0.000262
888	897	0.000455
889	894	0.000132
889	896	0.000698
889	897	0.000036
890	894	0.000395
892	896	0.000090
892	897	0.000090
893	897	0.000034
